                                                                                                              
                                                                                                              
                                                                                                              
                                                                                                              
                                                                                                              
                                                                                                              
                                                                                                              
                                                                                                              
                                                                                                              
                                                                                                              
                                                                                                              
                                                                                                              
                                                                                                              
                                                   [48;2;180;180;181m[38;2;180;180;181m=[0m[48;2;128;127;129m[38;2;128;127;129m#[0m[48;2;95;94;97m[38;2;95;94;97m%[0m[48;2;70;69;73m[38;2;70;69;73m░[0m[48;2;54;53;58m[38;2;54;53;58m▒[0m[48;2;45;43;49m[38;2;45;43;49m▒[0m[48;2;45;43;50m[38;2;45;43;50m▒[0m[48;2;53;52;57m[38;2;53;52;57m▒[0m[48;2;67;66;71m[38;2;67;66;71m░[0m[48;2;96;96;100m[38;2;96;96;100m%[0m[48;2;145;144;148m[38;2;145;144;148m*[0m[48;2;203;202;205m[38;2;203;202;205m:[0m                                               
                                                 [48;2;161;160;161m[38;2;161;160;161m+[0m[48;2;33;32;39m[38;2;33;32;39m▓[0m[48;2;29;27;39m[38;2;29;27;39m▓[0m[48;2;39;37;52m[38;2;39;37;52m▒[0m[48;2;43;42;58m[38;2;43;42;58m▒[0m[48;2;43;43;59m[38;2;43;43;59m▒[0m[48;2;43;43;59m[38;2;43;43;59m▒[0m[48;2;43;43;59m[38;2;43;43;59m▒[0m[48;2;42;42;59m[38;2;42;42;59m▒[0m[48;2;42;42;59m[38;2;42;42;59m▒[0m[48;2;42;42;59m[38;2;42;42;59m▒[0m[48;2;41;40;58m[38;2;41;40;58m▒[0m[48;2;36;35;52m[38;2;36;35;52m▒[0m[48;2;25;23;39m[38;2;25;23;39m▓[0m[48;2;44;42;53m[38;2;44;42;53m▒[0m[48;2;131;130;135m[38;2;131;130;135m*[0m[48;2;237;236;238m[38;2;237;236;238m.[0m                                            
                                                [48;2;97;96;99m[38;2;97;96;99m%[0m[48;2;24;23;33m[38;2;24;23;33m▓[0m[48;2;42;41;57m[38;2;42;41;57m▒[0m[48;2;41;43;59m[38;2;41;43;59m▒[0m[48;2;40;44;59m[38;2;40;44;59m▒[0m[48;2;40;44;59m[38;2;40;44;59m▒[0m[48;2;40;44;59m[38;2;40;44;59m▒[0m[48;2;40;44;59m[38;2;40;44;59m▒[0m[48;2;40;44;59m[38;2;40;44;59m▒[0m[48;2;40;44;59m[38;2;40;44;59m▒[0m[48;2;40;44;59m[38;2;40;44;59m▒[0m[48;2;40;44;59m[38;2;40;44;59m▒[0m[48;2;40;44;59m[38;2;40;44;59m▒[0m[48;2;40;44;59m[38;2;40;44;59m▒[0m[48;2;41;43;59m[38;2;41;43;59m▒[0m[48;2;43;42;59m[38;2;43;42;59m▒[0m[48;2;33;31;46m[38;2;33;31;46m▓[0m[48;2;26;23;34m[38;2;26;23;34m▓[0m[48;2;89;87;93m[38;2;89;87;93m@[0m[48;2;189;187;190m[38;2;189;187;190m-[0m                                          
                                              [48;2;188;188;189m[38;2;188;188;189m-[0m[48;2;83;83;85m[38;2;83;83;85m@[0m[48;2;26;25;35m[38;2;26;25;35m▓[0m[48;2;42;42;58m[38;2;42;42;58m▒[0m[48;2;41;43;59m[38;2;41;43;59m▒[0m[48;2;40;44;59m[38;2;40;44;59m▒[0m[48;2;40;44;59m[38;2;40;44;59m▒[0m[48;2;40;44;59m[38;2;40;44;59m▒[0m[48;2;40;44;59m[38;2;40;44;59m▒[0m[48;2;40;44;59m[38;2;40;44;59m▒[0m[48;2;40;44;59m[38;2;40;44;59m▒[0m[48;2;40;44;59m[38;2;40;44;59m▒[0m[48;2;40;44;59m[38;2;40;44;59m▒[0m[48;2;40;44;59m[38;2;40;44;59m▒[0m[48;2;40;44;59m[38;2;40;44;59m▒[0m[48;2;40;44;59m[38;2;40;44;59m▒[0m[48;2;40;44;59m[38;2;40;44;59m▒[0m[48;2;41;44;59m[38;2;41;44;59m▒[0m[48;2;44;43;59m[38;2;44;43;59m▒[0m[48;2;77;76;87m[38;2;77;76;87m@[0m[48;2;10;8;16m[38;2;10;8;16m█[0m[48;2;57;51;57m[38;2;57;51;57m▒[0m[48;2;104;101;105m[38;2;104;101;105m%[0m                                         
                                             [48;2;145;144;145m[38;2;145;144;145m*[0m[48;2;3;3;4m[38;2;3;3;4m█[0m[48;2;22;20;29m[38;2;22;20;29m▓[0m[48;2;44;43;58m[38;2;44;43;58m▒[0m[48;2;42;43;60m[38;2;42;43;60m▒[0m[48;2;40;44;59m[38;2;40;44;59m▒[0m[48;2;40;44;59m[38;2;40;44;59m▒[0m[48;2;40;44;59m[38;2;40;44;59m▒[0m[48;2;40;44;59m[38;2;40;44;59m▒[0m[48;2;40;44;59m[38;2;40;44;59m▒[0m[48;2;40;44;59m[38;2;40;44;59m▒[0m[48;2;40;44;59m[38;2;40;44;59m▒[0m[48;2;40;44;59m[38;2;40;44;59m▒[0m[48;2;40;44;59m[38;2;40;44;59m▒[0m[48;2;40;44;59m[38;2;40;44;59m▒[0m[48;2;40;44;59m[38;2;40;44;59m▒[0m[48;2;40;44;59m[38;2;40;44;59m▒[0m[48;2;40;44;59m[38;2;40;44;59m▒[0m[48;2;40;44;59m[38;2;40;44;59m▒[0m[48;2;57;57;71m[38;2;57;57;71m░[0m[48;2;67;66;77m[38;2;67;66;77m░[0m[48;2;17;15;23m[38;2;17;15;23m█[0m[48;2;106;98;106m[38;2;106;98;106m%[0m[48;2;95;84;95m[38;2;95;84;95m@[0m[48;2;96;91;96m[38;2;96;91;96m%[0m                                        
                                             [48;2;41;41;43m[38;2;41;41;43m▒[0m[48;2;7;6;11m[38;2;7;6;11m█[0m[48;2;43;41;55m[38;2;43;41;55m▒[0m[48;2;42;42;59m[38;2;42;42;59m▒[0m[48;2;40;44;59m[38;2;40;44;59m▒[0m[48;2;40;44;59m[38;2;40;44;59m▒[0m[48;2;40;44;59m[38;2;40;44;59m▒[0m[48;2;40;44;59m[38;2;40;44;59m▒[0m[48;2;40;44;59m[38;2;40;44;59m▒[0m[48;2;40;44;59m[38;2;40;44;59m▒[0m[48;2;40;44;59m[38;2;40;44;59m▒[0m[48;2;40;44;59m[38;2;40;44;59m▒[0m[48;2;40;44;59m[38;2;40;44;59m▒[0m[48;2;40;44;59m[38;2;40;44;59m▒[0m[48;2;40;44;59m[38;2;40;44;59m▒[0m[48;2;40;44;59m[38;2;40;44;59m▒[0m[48;2;40;44;59m[38;2;40;44;59m▒[0m[48;2;40;44;59m[38;2;40;44;59m▒[0m[48;2;42;46;61m[38;2;42;46;61m▒[0m[48;2;57;58;73m[38;2;57;58;73m░[0m[48;2;42;39;53m[38;2;42;39;53m▒[0m[48;2;19;13;22m[38;2;19;13;22m█[0m[48;2;108;97;107m[38;2;108;97;107m%[0m[48;2;99;87;97m[38;2;99;87;97m%[0m[48;2;64;53;61m[38;2;64;53;61m░[0m[48;2;169;167;169m[38;2;169;167;169m=[0m                                       
                                           [48;2;229;229;229m[38;2;229;229;229m.[0m[48;2;54;53;56m[38;2;54;53;56m▒[0m[48;2;35;33;37m[38;2;35;33;37m▓[0m[48;2;21;20;27m[38;2;21;20;27m▓[0m[48;2;42;42;59m[38;2;42;42;59m▒[0m[48;2;41;43;59m[38;2;41;43;59m▒[0m[48;2;40;44;59m[38;2;40;44;59m▒[0m[48;2;40;44;59m[38;2;40;44;59m▒[0m[48;2;40;44;59m[38;2;40;44;59m▒[0m[48;2;40;44;59m[38;2;40;44;59m▒[0m[48;2;40;44;59m[38;2;40;44;59m▒[0m[48;2;40;44;59m[38;2;40;44;59m▒[0m[48;2;40;44;59m[38;2;40;44;59m▒[0m[48;2;40;44;59m[38;2;40;44;59m▒[0m[48;2;40;44;59m[38;2;40;44;59m▒[0m[48;2;40;44;59m[38;2;40;44;59m▒[0m[48;2;40;44;59m[38;2;40;44;59m▒[0m[48;2;40;44;59m[38;2;40;44;59m▒[0m[48;2;40;44;59m[38;2;40;44;59m▒[0m[48;2;41;43;58m[38;2;41;43;58m▒[0m[48;2;73;73;89m[38;2;73;73;89m@[0m[48;2;49;49;64m[38;2;49;49;64m▒[0m[48;2;21;17;30m[38;2;21;17;30m▓[0m[48;2;100;89;100m[38;2;100;89;100m%[0m[48;2;122;109;120m[38;2;122;109;120m#[0m[48;2;15;7;14m[38;2;15;7;14m█[0m[48;2;109;100;107m[38;2;109;100;107m%[0m[48;2;71;66;70m[38;2;71;66;70m░[0m                                       
                                          [48;2;238;238;238m[38;2;238;238;238m [0m[48;2;47;46;48m[38;2;47;46;48m▒[0m[48;2;95;87;94m[38;2;95;87;94m@[0m[48;2;88;78;87m[38;2;88;78;87m@[0m[48;2;25;23;32m[38;2;25;23;32m▓[0m[48;2;42;43;59m[38;2;42;43;59m▒[0m[48;2;40;44;59m[38;2;40;44;59m▒[0m[48;2;40;44;59m[38;2;40;44;59m▒[0m[48;2;40;44;59m[38;2;40;44;59m▒[0m[48;2;40;44;59m[38;2;40;44;59m▒[0m[48;2;40;44;59m[38;2;40;44;59m▒[0m[48;2;40;44;59m[38;2;40;44;59m▒[0m[48;2;40;44;59m[38;2;40;44;59m▒[0m[48;2;40;44;59m[38;2;40;44;59m▒[0m[48;2;40;44;59m[38;2;40;44;59m▒[0m[48;2;40;44;59m[38;2;40;44;59m▒[0m[48;2;40;44;59m[38;2;40;44;59m▒[0m[48;2;40;44;59m[38;2;40;44;59m▒[0m[48;2;40;44;59m[38;2;40;44;59m▒[0m[48;2;51;52;67m[38;2;51;52;67m▒[0m[48;2;75;74;86m[38;2;75;74;86m@[0m[48;2;42;40;52m[38;2;42;40;52m▒[0m[48;2;29;24;35m[38;2;29;24;35m▓[0m[48;2;111;100;113m[38;2;111;100;113m%[0m[48;2;157;140;153m[38;2;157;140;153m+[0m[48;2;157;139;153m[38;2;157;139;153m*[0m[48;2;79;67;76m[38;2;79;67;76m░[0m[48;2;86;77;84m[38;2;86;77;84m@[0m[48;2;29;26;30m[38;2;29;26;30m▓[0m                                       
                                          [48;2;95;94;95m[38;2;95;94;95m%[0m[48;2;80;73;78m[38;2;80;73;78m@[0m[48;2;158;144;154m[38;2;158;144;154m+[0m[48;2;111;99;108m[38;2;111;99;108m%[0m[48;2;21;17;26m[38;2;21;17;26m▓[0m[48;2;42;43;57m[38;2;42;43;57m▒[0m[48;2;40;44;59m[38;2;40;44;59m▒[0m[48;2;40;44;59m[38;2;40;44;59m▒[0m[48;2;40;44;59m[38;2;40;44;59m▒[0m[48;2;40;44;59m[38;2;40;44;59m▒[0m[48;2;40;44;59m[38;2;40;44;59m▒[0m[48;2;40;44;59m[38;2;40;44;59m▒[0m[48;2;40;44;59m[38;2;40;44;59m▒[0m[48;2;40;44;59m[38;2;40;44;59m▒[0m[48;2;40;44;59m[38;2;40;44;59m▒[0m[48;2;40;44;59m[38;2;40;44;59m▒[0m[48;2;41;43;58m[38;2;41;43;58m▒[0m[48;2;52;52;67m[38;2;52;52;67m▒[0m[48;2;69;69;84m[38;2;69;69;84m░[0m[48;2;55;53;65m[38;2;55;53;65m░[0m[48;2;23;18;29m[38;2;23;18;29m▓[0m[48;2;79;69;80m[38;2;79;69;80m@[0m[48;2;149;136;148m[38;2;149;136;148m*[0m[48;2;160;141;155m[38;2;160;141;155m+[0m[48;2;160;141;155m[38;2;160;141;155m+[0m[48;2;161;140;155m[38;2;161;140;155m+[0m[48;2;123;105;118m[38;2;123;105;118m#[0m[48;2;35;30;36m[38;2;35;30;36m▓[0m[48;2;29;26;31m[38;2;29;26;31m▓[0m                                       
                                         [48;2;202;202;202m[38;2;202;202;202m:[0m[48;2;38;33;37m[38;2;38;33;37m▓[0m[48;2;154;139;148m[38;2;154;139;148m*[0m[48;2;160;142;153m[38;2;160;142;153m+[0m[48;2;115;102;112m[38;2;115;102;112m%[0m[48;2;17;8;18m[38;2;17;8;18m█[0m[48;2;33;28;40m[38;2;33;28;40m▓[0m[48;2;42;43;58m[38;2;42;43;58m▒[0m[48;2;40;44;59m[38;2;40;44;59m▒[0m[48;2;40;44;59m[38;2;40;44;59m▒[0m[48;2;40;44;59m[38;2;40;44;59m▒[0m[48;2;40;44;59m[38;2;40;44;59m▒[0m[48;2;40;44;59m[38;2;40;44;59m▒[0m[48;2;41;43;59m[38;2;41;43;59m▒[0m[48;2;49;50;67m[38;2;49;50;67m▒[0m[48;2;44;46;62m[38;2;44;46;62m▒[0m[48;2;66;65;81m[38;2;66;65;81m░[0m[48;2;65;63;77m[38;2;65;63;77m░[0m[48;2;47;43;55m[38;2;47;43;55m▒[0m[48;2;32;26;37m[38;2;32;26;37m▓[0m[48;2;83;73;85m[38;2;83;73;85m@[0m[48;2;147;130;144m[38;2;147;130;144m*[0m[48;2;161;141;156m[38;2;161;141;156m+[0m[48;2;161;140;155m[38;2;161;140;155m+[0m[48;2;161;140;155m[38;2;161;140;155m+[0m[48;2;161;140;155m[38;2;161;140;155m+[0m[48;2;161;140;155m[38;2;161;140;155m+[0m[48;2;128;110;123m[38;2;128;110;123m#[0m[48;2;7;3;7m[38;2;7;3;7m█[0m[48;2;59;57;59m[38;2;59;57;59m░[0m                                       
                                         [48;2;75;74;74m[38;2;75;74;74m@[0m[48;2;121;109;116m[38;2;121;109;116m#[0m[48;2;160;142;153m[38;2;160;142;153m+[0m[48;2;161;141;154m[38;2;161;141;154m+[0m[48;2;103;88;99m[38;2;103;88;99m%[0m[48;2;67;58;66m[38;2;67;58;66m░[0m[48;2;44;36;45m[38;2;44;36;45m▒[0m[48;2;33;28;41m[38;2;33;28;41m▓[0m[48;2;42;42;58m[38;2;42;42;58m▒[0m[48;2;42;43;58m[38;2;42;43;58m▒[0m[48;2;42;43;59m[38;2;42;43;59m▒[0m[48;2;42;43;59m[38;2;42;43;59m▒[0m[48;2;57;57;72m[38;2;57;57;72m░[0m[48;2;71;70;82m[38;2;71;70;82m░[0m[48;2;53;52;64m[38;2;53;52;64m▒[0m[48;2;27;25;38m[38;2;27;25;38m▓[0m[48;2;30;24;36m[38;2;30;24;36m▓[0m[48;2;65;57;68m[38;2;65;57;68m░[0m[48;2;117;105;117m[38;2;117;105;117m#[0m[48;2;157;140;153m[38;2;157;140;153m+[0m[48;2;160;141;155m[38;2;160;141;155m+[0m[48;2;161;140;155m[38;2;161;140;155m+[0m[48;2;161;140;155m[38;2;161;140;155m+[0m[48;2;161;140;155m[38;2;161;140;155m+[0m[48;2;161;140;155m[38;2;161;140;155m+[0m[48;2;161;140;155m[38;2;161;140;155m+[0m[48;2;161;140;155m[38;2;161;140;155m+[0m[48;2;120;103;115m[38;2;120;103;115m%[0m[48;2;71;68;72m[38;2;71;68;72m░[0m[48;2;222;221;224m[38;2;222;221;224m.[0m                                       
                                        [48;2;219;219;219m[38;2;219;219;219m:[0m[48;2;37;33;35m[38;2;37;33;35m▓[0m[48;2;158;142;152m[38;2;158;142;152m+[0m[48;2;160;142;155m[38;2;160;142;155m+[0m[48;2;161;140;155m[38;2;161;140;155m+[0m[48;2;154;136;149m[38;2;154;136;149m*[0m[48;2;37;28;36m[38;2;37;28;36m▓[0m[48;2;133;122;131m[38;2;133;122;131m#[0m[48;2;86;74;85m[38;2;86;74;85m@[0m[48;2;37;29;39m[38;2;37;29;39m▓[0m[48;2;26;20;31m[38;2;26;20;31m▓[0m[48;2;33;27;39m[38;2;33;27;39m▓[0m[48;2;48;43;54m[38;2;48;43;54m▒[0m[48;2;40;35;46m[38;2;40;35;46m▒[0m[48;2;46;39;49m[38;2;46;39;49m▒[0m[48;2;75;65;77m[38;2;75;65;77m░[0m[48;2;121;106;119m[38;2;121;106;119m#[0m[48;2;156;139;152m[38;2;156;139;152m*[0m[48;2;159;140;154m[38;2;159;140;154m+[0m[48;2;155;136;150m[38;2;155;136;150m*[0m[48;2;124;106;119m[38;2;124;106;119m#[0m[48;2;85;69;81m[38;2;85;69;81m@[0m[48;2;136;116;131m[38;2;136;116;131m#[0m[48;2;161;140;155m[38;2;161;140;155m+[0m[48;2;161;140;155m[38;2;161;140;155m+[0m[48;2;161;140;155m[38;2;161;140;155m+[0m[48;2;161;140;155m[38;2;161;140;155m+[0m[48;2;161;140;155m[38;2;161;140;155m+[0m[48;2;63;49;60m[38;2;63;49;60m▒[0m[48;2;38;35;39m[38;2;38;35;39m▓[0m[48;2;88;87;89m[38;2;88;87;89m@[0m[48;2;63;62;64m[38;2;63;62;64m░[0m[48;2;64;62;63m[38;2;64;62;63m░[0m[48;2;92;91;92m[38;2;92;91;92m@[0m[48;2;239;239;239m[38;2;239;239;239m [0m                                   
                                        [48;2;163;163;163m[38;2;163;163;163m+[0m[48;2;72;66;69m[38;2;72;66;69m░[0m[48;2;161;142;153m[38;2;161;142;153m+[0m[48;2;161;140;155m[38;2;161;140;155m+[0m[48;2;161;140;155m[38;2;161;140;155m+[0m[48;2;161;140;155m[38;2;161;140;155m+[0m[48;2;124;108;120m[38;2;124;108;120m#[0m[48;2;42;31;41m[38;2;42;31;41m▓[0m[48;2;33;23;32m[38;2;33;23;32m▓[0m[48;2;131;119;131m[38;2;131;119;131m#[0m[48;2;140;127;139m[38;2;140;127;139m*[0m[48;2;75;64;73m[38;2;75;64;73m░[0m[48;2;61;50;59m[38;2;61;50;59m▒[0m[48;2;153;141;153m[38;2;153;141;153m*[0m[48;2;155;139;153m[38;2;155;139;153m*[0m[48;2;138;121;134m[38;2;138;121;134m#[0m[48;2;110;94;107m[38;2;110;94;107m%[0m[48;2;83;68;81m[38;2;83;68;81m@[0m[48;2;67;55;66m[38;2;67;55;66m░[0m[48;2;70;58;69m[38;2;70;58;69m░[0m[48;2;99;85;97m[38;2;99;85;97m@[0m[48;2;139;123;136m[38;2;139;123;136m*[0m[48;2;160;141;155m[38;2;160;141;155m+[0m[48;2;160;141;155m[38;2;160;141;155m+[0m[48;2;161;140;155m[38;2;161;140;155m+[0m[48;2;161;140;155m[38;2;161;140;155m+[0m[48;2;161;140;155m[38;2;161;140;155m+[0m[48;2;131;111;126m[38;2;131;111;126m#[0m[48;2;17;7;16m[38;2;17;7;16m█[0m[48;2;19;12;20m[38;2;19;12;20m█[0m[48;2;126;123;128m[38;2;126;123;128m#[0m[48;2;234;232;235m[38;2;234;232;235m.[0m[48;2;61;58;61m[38;2;61;58;61m░[0m[48;2;62;60;63m[38;2;62;60;63m░[0m                                    
                                        [48;2;148;147;148m[38;2;148;147;148m+[0m[48;2;83;76;80m[38;2;83;76;80m@[0m[48;2;161;142;153m[38;2;161;142;153m+[0m[48;2;161;140;155m[38;2;161;140;155m+[0m[48;2;161;140;155m[38;2;161;140;155m+[0m[48;2;161;140;155m[38;2;161;140;155m+[0m[48;2;160;142;155m[38;2;160;142;155m+[0m[48;2;124;110;120m[38;2;124;110;120m#[0m[48;2;37;26;35m[38;2;37;26;35m▓[0m[48;2;41;32;41m[38;2;41;32;41m▓[0m[48;2;28;21;28m[38;2;28;21;28m▓[0m[48;2;10;4;11m[38;2;10;4;11m█[0m[48;2;50;42;51m[38;2;50;42;51m▒[0m[48;2;69;58;67m[38;2;69;58;67m░[0m[48;2;72;60;70m[38;2;72;60;70m░[0m[48;2;87;74;86m[38;2;87;74;86m@[0m[48;2;114;99;112m[38;2;114;99;112m%[0m[48;2;143;127;140m[38;2;143;127;140m*[0m[48;2;158;140;154m[38;2;158;140;154m+[0m[48;2;161;140;155m[38;2;161;140;155m+[0m[48;2;161;140;155m[38;2;161;140;155m+[0m[48;2;161;140;155m[38;2;161;140;155m+[0m[48;2;161;140;155m[38;2;161;140;155m+[0m[48;2;161;140;155m[38;2;161;140;155m+[0m[48;2;161;140;155m[38;2;161;140;155m+[0m[48;2;161;140;155m[38;2;161;140;155m+[0m[48;2;159;139;153m[38;2;159;139;153m+[0m[48;2;47;34;44m[38;2;47;34;44m▒[0m[48;2;22;14;23m[38;2;22;14;23m█[0m[48;2;35;30;41m[38;2;35;30;41m▓[0m[48;2;42;38;47m[38;2;42;38;47m▒[0m[48;2;243;240;247m[38;2;243;240;247m [0m[48;2;188;186;190m[38;2;188;186;190m-[0m[48;2;79;77;79m[38;2;79;77;79m@[0m                                    
                                        [48;2;162;162;162m[38;2;162;162;162m+[0m[48;2;69;63;67m[38;2;69;63;67m░[0m[48;2;160;142;153m[38;2;160;142;153m+[0m[48;2;161;140;155m[38;2;161;140;155m+[0m[48;2;161;140;155m[38;2;161;140;155m+[0m[48;2;161;140;155m[38;2;161;140;155m+[0m[48;2;161;140;155m[38;2;161;140;155m+[0m[48;2;161;140;155m[38;2;161;140;155m+[0m[48;2;135;116;130m[38;2;135;116;130m#[0m[48;2;15;5;15m[38;2;15;5;15m█[0m[48;2;6;2;10m[38;2;6;2;10m█[0m[48;2;15;12;18m[38;2;15;12;18m█[0m[48;2;27;23;29m[38;2;27;23;29m▓[0m[48;2;55;46;55m[38;2;55;46;55m▒[0m[48;2;97;83;94m[38;2;97;83;94m@[0m[48;2;159;140;154m[38;2;159;140;154m+[0m[48;2;161;140;155m[38;2;161;140;155m+[0m[48;2;161;140;155m[38;2;161;140;155m+[0m[48;2;161;140;155m[38;2;161;140;155m+[0m[48;2;161;140;155m[38;2;161;140;155m+[0m[48;2;161;140;155m[38;2;161;140;155m+[0m[48;2;161;140;155m[38;2;161;140;155m+[0m[48;2;161;140;155m[38;2;161;140;155m+[0m[48;2;161;140;155m[38;2;161;140;155m+[0m[48;2;161;140;155m[38;2;161;140;155m+[0m[48;2;161;140;155m[38;2;161;140;155m+[0m[48;2;158;138;153m[38;2;158;138;153m*[0m[48;2;96;80;92m[38;2;96;80;92m@[0m[48;2;16;8;17m[38;2;16;8;17m█[0m[48;2;38;32;43m[38;2;38;32;43m▓[0m[48;2;15;11;19m[38;2;15;11;19m█[0m[48;2;196;193;198m[38;2;196;193;198m-[0m[48;2;109;105;108m[38;2;109;105;108m%[0m[48;2;15;11;15m[38;2;15;11;15m█[0m[48;2;77;74;77m[38;2;77;74;77m@[0m[48;2;84;81;84m[38;2;84;81;84m@[0m[48;2;104;102;103m[38;2;104;102;103m%[0m[48;2;135;134;135m[38;2;135;134;135m*[0m[48;2;181;179;180m[38;2;181;179;180m=[0m[48;2;233;233;233m[38;2;233;233;233m.[0m                              
                                        [48;2;112;111;112m[38;2;112;111;112m#[0m[48;2;26;22;24m[38;2;26;22;24m▓[0m[48;2;151;135;145m[38;2;151;135;145m*[0m[48;2;160;141;155m[38;2;160;141;155m+[0m[48;2;161;140;155m[38;2;161;140;155m+[0m[48;2;161;140;155m[38;2;161;140;155m+[0m[48;2;161;140;155m[38;2;161;140;155m+[0m[48;2;161;140;155m[38;2;161;140;155m+[0m[48;2;122;103;117m[38;2;122;103;117m#[0m[48;2;21;14;23m[38;2;21;14;23m█[0m[48;2;24;21;29m[38;2;24;21;29m▓[0m[48;2;2;0;6m[38;2;2;0;6m█[0m[48;2;14;12;17m[38;2;14;12;17m█[0m[48;2;13;8;17m[38;2;13;8;17m█[0m[48;2;52;43;53m[38;2;52;43;53m▒[0m[48;2;146;130;144m[38;2;146;130;144m*[0m[48;2;161;140;155m[38;2;161;140;155m+[0m[48;2;161;140;155m[38;2;161;140;155m+[0m[48;2;161;140;155m[38;2;161;140;155m+[0m[48;2;161;140;155m[38;2;161;140;155m+[0m[48;2;161;140;155m[38;2;161;140;155m+[0m[48;2;161;140;155m[38;2;161;140;155m+[0m[48;2;161;140;155m[38;2;161;140;155m+[0m[48;2;161;140;155m[38;2;161;140;155m+[0m[48;2;161;140;155m[38;2;161;140;155m+[0m[48;2;161;140;155m[38;2;161;140;155m+[0m[48;2;161;140;155m[38;2;161;140;155m+[0m[48;2;159;139;153m[38;2;159;139;153m+[0m[48;2;73;62;71m[38;2;73;62;71m░[0m[48;2;21;15;24m[38;2;21;15;24m█[0m[48;2;12;8;15m[38;2;12;8;15m█[0m[48;2;211;206;211m[38;2;211;206;211m:[0m[48;2;134;128;133m[38;2;134;128;133m*[0m[48;2;33;27;32m[38;2;33;27;32m▓[0m[48;2;152;147;152m[38;2;152;147;152m+[0m[48;2;129;124;128m[38;2;129;124;128m#[0m[48;2;85;79;83m[38;2;85;79;83m@[0m[48;2;51;48;50m[38;2;51;48;50m▒[0m[48;2;68;64;67m[38;2;68;64;67m░[0m[48;2;70;65;70m[38;2;70;65;70m░[0m[48;2;83;79;83m[38;2;83;79;83m@[0m[48;2;197;196;197m[38;2;197;196;197m-[0m                            
                                         [48;2;170;168;169m[38;2;170;168;169m=[0m[48;2;56;49;54m[38;2;56;49;54m▒[0m[48;2;154;137;149m[38;2;154;137;149m*[0m[48;2;161;140;155m[38;2;161;140;155m+[0m[48;2;161;140;155m[38;2;161;140;155m+[0m[48;2;161;140;155m[38;2;161;140;155m+[0m[48;2;161;140;155m[38;2;161;140;155m+[0m[48;2;150;131;145m[38;2;150;131;145m*[0m[48;2;44;35;45m[38;2;44;35;45m▒[0m[48;2;21;17;25m[38;2;21;17;25m▓[0m[48;2;15;12;19m[38;2;15;12;19m█[0m[48;2;8;5;11m[38;2;8;5;11m█[0m[48;2;24;20;28m[38;2;24;20;28m▓[0m[48;2;11;7;14m[38;2;11;7;14m█[0m[48;2;61;50;60m[38;2;61;50;60m▒[0m[48;2;159;141;154m[38;2;159;141;154m+[0m[48;2;161;140;155m[38;2;161;140;155m+[0m[48;2;161;140;155m[38;2;161;140;155m+[0m[48;2;161;140;155m[38;2;161;140;155m+[0m[48;2;161;140;155m[38;2;161;140;155m+[0m[48;2;161;140;155m[38;2;161;140;155m+[0m[48;2;161;140;155m[38;2;161;140;155m+[0m[48;2;161;140;155m[38;2;161;140;155m+[0m[48;2;161;140;155m[38;2;161;140;155m+[0m[48;2;161;140;155m[38;2;161;140;155m+[0m[48;2;161;140;155m[38;2;161;140;155m+[0m[48;2;161;140;155m[38;2;161;140;155m+[0m[48;2;157;139;153m[38;2;157;139;153m*[0m[48;2;97;83;95m[38;2;97;83;95m@[0m[48;2;31;23;31m[38;2;31;23;31m▓[0m[48;2;52;46;52m[38;2;52;46;52m▒[0m[48;2;52;46;51m[38;2;52;46;51m▒[0m[48;2;173;168;173m[38;2;173;168;173m=[0m[48;2;195;190;195m[38;2;195;190;195m-[0m[48;2;177;172;176m[38;2;177;172;176m=[0m[48;2;170;168;170m[38;2;170;168;170m=[0m[48;2;94;91;94m[38;2;94;91;94m%[0m[48;2;70;63;68m[38;2;70;63;68m░[0m[48;2;156;142;152m[38;2;156;142;152m+[0m[48;2;143;130;140m[38;2;143;130;140m*[0m[48;2;38;31;37m[38;2;38;31;37m▓[0m[48;2;228;227;228m[38;2;228;227;228m.[0m                           
                                          [48;2;113;111;112m[38;2;113;111;112m#[0m[48;2;32;25;30m[38;2;32;25;30m▓[0m[48;2;112;100;109m[38;2;112;100;109m%[0m[48;2;158;141;153m[38;2;158;141;153m+[0m[48;2;161;140;155m[38;2;161;140;155m+[0m[48;2;161;140;155m[38;2;161;140;155m+[0m[48;2;161;140;155m[38;2;161;140;155m+[0m[48;2;161;140;155m[38;2;161;140;155m+[0m[48;2;120;107;119m[38;2;120;107;119m#[0m[48;2;27;20;28m[38;2;27;20;28m▓[0m[48;2;27;21;28m[38;2;27;21;28m▓[0m[48;2;13;8;14m[38;2;13;8;14m█[0m[48;2;82;75;83m[38;2;82;75;83m@[0m[48;2;62;52;61m[38;2;62;52;61m░[0m[48;2;71;59;69m[38;2;71;59;69m░[0m[48;2;114;98;111m[38;2;114;98;111m%[0m[48;2;148;130;144m[38;2;148;130;144m*[0m[48;2;160;140;155m[38;2;160;140;155m+[0m[48;2;161;140;155m[38;2;161;140;155m+[0m[48;2;161;140;155m[38;2;161;140;155m+[0m[48;2;161;140;155m[38;2;161;140;155m+[0m[48;2;161;140;155m[38;2;161;140;155m+[0m[48;2;161;140;155m[38;2;161;140;155m+[0m[48;2;161;140;155m[38;2;161;140;155m+[0m[48;2;161;140;155m[38;2;161;140;155m+[0m[48;2;161;140;155m[38;2;161;140;155m+[0m[48;2;161;140;155m[38;2;161;140;155m+[0m[48;2;160;140;155m[38;2;160;140;155m+[0m[48;2;157;139;152m[38;2;157;139;152m*[0m[48;2;137;121;133m[38;2;137;121;133m#[0m[48;2;123;109;120m[38;2;123;109;120m#[0m[48;2;111;97;108m[38;2;111;97;108m%[0m[48;2;104;92;102m[38;2;104;92;102m%[0m[48;2;107;97;105m[38;2;107;97;105m%[0m[48;2;109;97;106m[38;2;109;97;106m%[0m[48;2;131;119;128m[38;2;131;119;128m#[0m[48;2;156;143;154m[38;2;156;143;154m+[0m[48;2;151;136;149m[38;2;151;136;149m*[0m[48;2;122;107;119m[38;2;122;107;119m#[0m[48;2;23;14;21m[38;2;23;14;21m█[0m[48;2;114;110;114m[38;2;114;110;114m#[0m                           
                                          [48;2;228;227;228m[38;2;228;227;228m.[0m[48;2;46;41;45m[38;2;46;41;45m▒[0m[48;2;84;78;83m[38;2;84;78;83m@[0m[48;2;59;49;58m[38;2;59;49;58m▒[0m[48;2;151;135;147m[38;2;151;135;147m*[0m[48;2;161;140;155m[38;2;161;140;155m+[0m[48;2;161;140;155m[38;2;161;140;155m+[0m[48;2;161;140;155m[38;2;161;140;155m+[0m[48;2;161;140;155m[38;2;161;140;155m+[0m[48;2;158;138;152m[38;2;158;138;152m*[0m[48;2;158;138;153m[38;2;158;138;153m*[0m[48;2;126;111;123m[38;2;126;111;123m#[0m[48;2;57;45;56m[38;2;57;45;56m▒[0m[48;2;90;79;89m[38;2;90;79;89m@[0m[48;2;87;78;86m[38;2;87;78;86m@[0m[48;2;18;11;20m[38;2;18;11;20m█[0m[48;2;11;3;12m[38;2;11;3;12m█[0m[48;2;50;38;49m[38;2;50;38;49m▒[0m[48;2;158;139;153m[38;2;158;139;153m*[0m[48;2;157;137;151m[38;2;157;137;151m*[0m[48;2;146;126;140m[38;2;146;126;140m*[0m[48;2;161;140;155m[38;2;161;140;155m+[0m[48;2;161;140;155m[38;2;161;140;155m+[0m[48;2;161;140;155m[38;2;161;140;155m+[0m[48;2;161;140;155m[38;2;161;140;155m+[0m[48;2;161;140;155m[38;2;161;140;155m+[0m[48;2;161;140;155m[38;2;161;140;155m+[0m[48;2;161;140;155m[38;2;161;140;155m+[0m[48;2;161;140;155m[38;2;161;140;155m+[0m[48;2;160;141;155m[38;2;160;141;155m+[0m[48;2;160;141;155m[38;2;160;141;155m+[0m[48;2;104;87;100m[38;2;104;87;100m%[0m[48;2;73;58;70m[38;2;73;58;70m░[0m[48;2;73;59;70m[38;2;73;59;70m░[0m[48;2;73;59;71m[38;2;73;59;71m░[0m[48;2;72;59;71m[38;2;72;59;71m░[0m[48;2;72;59;71m[38;2;72;59;71m░[0m[48;2;76;65;76m[38;2;76;65;76m░[0m[48;2;97;85;97m[38;2;97;85;97m@[0m[48;2;130;117;129m[38;2;130;117;129m#[0m[48;2;43;35;42m[38;2;43;35;42m▒[0m[48;2;198;196;198m[38;2;198;196;198m-[0m                          
                                           [48;2;214;213;214m[38;2;214;213;214m:[0m[48;2;94;93;95m[38;2;94;93;95m%[0m[48;2;62;58;63m[38;2;62;58;63m░[0m[48;2;62;56;63m[38;2;62;56;63m░[0m[48;2;109;96;106m[38;2;109;96;106m%[0m[48;2;157;139;152m[38;2;157;139;152m*[0m[48;2;161;140;155m[38;2;161;140;155m+[0m[48;2;161;140;155m[38;2;161;140;155m+[0m[48;2;161;140;155m[38;2;161;140;155m+[0m[48;2;161;140;155m[38;2;161;140;155m+[0m[48;2;161;140;155m[38;2;161;140;155m+[0m[48;2;160;139;154m[38;2;160;139;154m+[0m[48;2;130;111;125m[38;2;130;111;125m#[0m[48;2;93;78;91m[38;2;93;78;91m@[0m[48;2;79;67;78m[38;2;79;67;78m░[0m[48;2;118;104;117m[38;2;118;104;117m%[0m[48;2;149;132;145m[38;2;149;132;145m*[0m[48;2;159;140;154m[38;2;159;140;154m+[0m[48;2;150;131;145m[38;2;150;131;145m*[0m[48;2;70;54;66m[38;2;70;54;66m░[0m[48;2;68;53;65m[38;2;68;53;65m░[0m[48;2;98;83;95m[38;2;98;83;95m@[0m[48;2;116;101;113m[38;2;116;101;113m%[0m[48;2;79;67;79m[38;2;79;67;79m░[0m[48;2;45;34;45m[38;2;45;34;45m▒[0m[48;2;67;56;67m[38;2;67;56;67m░[0m[48;2;82;68;79m[38;2;82;68;79m@[0m[48;2;89;77;86m[38;2;89;77;86m@[0m[48;2;98;85;95m[38;2;98;85;95m@[0m[48;2;103;89;99m[38;2;103;89;99m%[0m[48;2;105;89;101m[38;2;105;89;101m%[0m[48;2;111;94;106m[38;2;111;94;106m%[0m[48;2;113;97;108m[38;2;113;97;108m%[0m[48;2;110;97;106m[38;2;110;97;106m%[0m[48;2;102;91;102m[38;2;102;91;102m%[0m[48;2;97;86;97m[38;2;97;86;97m@[0m[48;2;91;80;91m[38;2;91;80;91m@[0m[48;2;79;69;78m[38;2;79;69;78m░[0m[48;2;49;42;49m[38;2;49;42;49m▒[0m[48;2;108;103;108m[38;2;108;103;108m%[0m                           
                                              [48;2;82;80;83m[38;2;82;80;83m@[0m[48;2;10;5;12m[38;2;10;5;12m█[0m[48;2;36;29;39m[38;2;36;29;39m▓[0m[48;2;98;84;96m[38;2;98;84;96m@[0m[48;2;152;133;148m[38;2;152;133;148m*[0m[48;2;161;140;155m[38;2;161;140;155m+[0m[48;2;161;140;155m[38;2;161;140;155m+[0m[48;2;161;140;155m[38;2;161;140;155m+[0m[48;2;161;140;155m[38;2;161;140;155m+[0m[48;2;161;140;155m[38;2;161;140;155m+[0m[48;2;161;140;155m[38;2;161;140;155m+[0m[48;2;121;100;115m[38;2;121;100;115m%[0m[48;2;100;80;94m[38;2;100;80;94m@[0m[48;2;152;132;147m[38;2;152;132;147m*[0m[48;2;161;140;155m[38;2;161;140;155m+[0m[48;2;161;141;155m[38;2;161;141;155m+[0m[48;2;161;141;155m[38;2;161;141;155m+[0m[48;2;156;136;151m[38;2;156;136;151m*[0m[48;2;130;113;127m[38;2;130;113;127m#[0m[48;2;113;97;109m[38;2;113;97;109m%[0m[48;2;103;87;100m[38;2;103;87;100m%[0m[48;2;100;84;97m[38;2;100;84;97m@[0m[48;2;100;84;96m[38;2;100;84;96m@[0m[48;2;101;85;97m[38;2;101;85;97m@[0m[48;2;104;89;101m[38;2;104;89;101m%[0m[48;2;112;96;109m[38;2;112;96;109m%[0m[48;2;120;104;116m[38;2;120;104;116m#[0m[48;2;121;105;118m[38;2;121;105;118m#[0m[48;2;121;104;117m[38;2;121;104;117m#[0m[48;2;118;104;114m[38;2;118;104;114m%[0m[48;2;104;91;100m[38;2;104;91;100m%[0m[48;2;50;42;49m[38;2;50;42;49m▒[0m[48;2;60;54;59m[38;2;60;54;59m░[0m[48;2;199;196;200m[38;2;199;196;200m-[0m[48;2;231;229;232m[38;2;231;229;232m.[0m                             
                                             [48;2;118;117;119m[38;2;118;117;119m#[0m[48;2;18;14;23m[38;2;18;14;23m█[0m[48;2;15;11;23m[38;2;15;11;23m█[0m[48;2;11;7;18m[38;2;11;7;18m█[0m[48;2;33;21;61m[38;2;33;21;61m▓[0m[48;2;52;39;77m[38;2;52;39;77m▒[0m[48;2;62;51;67m[38;2;62;51;67m░[0m[48;2;88;75;88m[38;2;88;75;88m@[0m[48;2;120;105;116m[38;2;120;105;116m#[0m[48;2;147;130;144m[38;2;147;130;144m*[0m[48;2;158;141;154m[38;2;158;141;154m+[0m[48;2;159;141;155m[38;2;159;141;155m+[0m[48;2;159;140;154m[38;2;159;140;154m+[0m[48;2;119;101;114m[38;2;119;101;114m%[0m[48;2;67;53;65m[38;2;67;53;65m░[0m[48;2;51;39;49m[38;2;51;39;49m▒[0m[48;2;65;53;63m[38;2;65;53;63m░[0m[48;2;84;74;82m[38;2;84;74;82m@[0m[48;2;105;91;101m[38;2;105;91;101m%[0m[48;2;123;108;119m[38;2;123;108;119m#[0m[48;2;138;122;133m[38;2;138;122;133m*[0m[48;2;148;131;145m[38;2;148;131;145m*[0m[48;2;151;134;147m[38;2;151;134;147m*[0m[48;2;153;136;148m[38;2;153;136;148m*[0m[48;2;153;136;148m[38;2;153;136;148m*[0m[48;2;150;132;146m[38;2;150;132;146m*[0m[48;2;138;120;134m[38;2;138;120;134m#[0m[48;2;123;107;119m[38;2;123;107;119m#[0m[48;2;100;87;98m[38;2;100;87;98m%[0m[48;2;77;65;75m[38;2;77;65;75m░[0m[48;2;73;64;73m[38;2;73;64;73m░[0m[48;2;113;107;113m[38;2;113;107;113m%[0m[48;2;189;186;189m[38;2;189;186;189m-[0m                                
                                            [48;2;179;178;179m[38;2;179;178;179m=[0m[48;2;14;12;18m[38;2;14;12;18m█[0m[48;2;35;30;47m[38;2;35;30;47m▓[0m[48;2;37;32;50m[38;2;37;32;50m▓[0m[48;2;17;13;26m[38;2;17;13;26m█[0m[48;2;45;33;93m[38;2;45;33;93m▒[0m[48;2;94;80;154m[38;2;94;80;154m%[0m[48;2;101;93;132m[38;2;101;93;132m%[0m[48;2;36;20;114m[38;2;36;20;114m▓[0m[48;2;8;4;16m[38;2;8;4;16m█[0m[48;2;39;28;85m[38;2;39;28;85m▒[0m[48;2;40;31;76m[38;2;40;31;76m▒[0m[48;2;54;45;81m[38;2;54;45;81m▒[0m[48;2;66;55;75m[38;2;66;55;75m░[0m[48;2;81;70;85m[38;2;81;70;85m@[0m[48;2;99;86;97m[38;2;99;86;97m@[0m[48;2;102;91;101m[38;2;102;91;101m%[0m[48;2;77;67;75m[38;2;77;67;75m░[0m[48;2;49;41;47m[38;2;49;41;47m▒[0m[48;2;27;21;26m[38;2;27;21;26m▓[0m[48;2;6;2;5m[38;2;6;2;5m█[0m[48;2;5;0;4m[38;2;5;0;4m█[0m[48;2;5;0;6m[38;2;5;0;6m█[0m[48;2;6;1;7m[38;2;6;1;7m█[0m[48;2;7;2;6m[38;2;7;2;6m█[0m[48;2;8;2;8m[38;2;8;2;8m█[0m[48;2;7;3;10m[38;2;7;3;10m█[0m[48;2;8;2;10m[38;2;8;2;10m█[0m[48;2;9;2;12m[38;2;9;2;12m█[0m[48;2;22;18;27m[38;2;22;18;27m▓[0m[48;2;103;99;106m[38;2;103;99;106m%[0m[48;2;180;177;181m[38;2;180;177;181m=[0m[48;2;239;238;240m[38;2;239;238;240m [0m                                 
                                           [48;2;240;240;240m[38;2;240;240;240m [0m[48;2;34;33;36m[38;2;34;33;36m▓[0m[48;2;31;28;40m[38;2;31;28;40m▓[0m[48;2;36;31;50m[38;2;36;31;50m▓[0m[48;2;37;32;51m[38;2;37;32;51m▓[0m[48;2;21;17;32m[38;2;21;17;32m▓[0m[48;2;39;30;85m[38;2;39;30;85m▒[0m[48;2;91;79;150m[38;2;91;79;150m@[0m[48;2;103;94;144m[38;2;103;94;144m%[0m[48;2;59;42;148m[38;2;59;42;148m░[0m[48;2;5;2;21m[38;2;5;2;21m█[0m[48;2;29;20;66m[38;2;29;20;66m▓[0m[48;2;80;65;155m[38;2;80;65;155m@[0m[48;2;72;55;157m[38;2;72;55;157m░[0m[48;2;82;67;157m[38;2;82;67;157m@[0m[48;2;59;40;161m[38;2;59;40;161m░[0m[48;2;68;53;147m[38;2;68;53;147m░[0m[48;2;48;39;102m[38;2;48;39;102m▒[0m[48;2;11;5;41m[38;2;11;5;41m█[0m[48;2;7;3;10m[38;2;7;3;10m█[0m[48;2;21;17;28m[38;2;21;17;28m▓[0m[48;2;24;20;33m[38;2;24;20;33m▓[0m[48;2;23;19;32m[38;2;23;19;32m▓[0m[48;2;23;19;33m[38;2;23;19;33m▓[0m[48;2;23;19;33m[38;2;23;19;33m▓[0m[48;2;25;20;35m[38;2;25;20;35m▓[0m[48;2;25;21;35m[38;2;25;21;35m▓[0m[48;2;28;23;38m[38;2;28;23;38m▓[0m[48;2;33;28;45m[38;2;33;28;45m▓[0m[48;2;36;31;49m[38;2;36;31;49m▓[0m[48;2;37;31;50m[38;2;37;31;50m▓[0m[48;2;34;29;47m[38;2;34;29;47m▓[0m[48;2;24;19;36m[38;2;24;19;36m▓[0m[48;2;25;21;33m[38;2;25;21;33m▓[0m[48;2;86;84;90m[38;2;86;84;90m@[0m[48;2;175;174;177m[38;2;175;174;177m=[0m                               
                                           [48;2;142;142;142m[38;2;142;142;142m*[0m[48;2;17;16;23m[38;2;17;16;23m█[0m[48;2;35;31;48m[38;2;35;31;48m▓[0m[48;2;37;31;52m[38;2;37;31;52m▓[0m[48;2;37;31;51m[38;2;37;31;51m▓[0m[48;2;29;24;41m[38;2;29;24;41m▓[0m[48;2;20;13;45m[38;2;20;13;45m▓[0m[48;2;85;73;143m[38;2;85;73;143m@[0m[48;2;93;82;156m[38;2;93;82;156m%[0m[48;2;80;67;152m[38;2;80;67;152m@[0m[48;2;18;10;63m[38;2;18;10;63m▓[0m[48;2;124;123;128m[38;2;124;123;128m#[0m[48;2;30;25;50m[38;2;30;25;50m▓[0m[48;2;68;54;139m[38;2;68;54;139m░[0m[48;2;79;65;157m[38;2;79;65;157m@[0m[48;2;81;66;167m[38;2;81;66;167m@[0m[48;2;73;60;153m[38;2;73;60;153m@[0m[48;2;45;35;100m[38;2;45;35;100m▒[0m[48;2;16;14;23m[38;2;16;14;23m█[0m[48;2;50;48;54m[38;2;50;48;54m▒[0m[48;2;48;44;55m[38;2;48;44;55m▒[0m[48;2;38;33;50m[38;2;38;33;50m▓[0m[48;2;37;31;52m[38;2;37;31;52m▓[0m[48;2;37;31;52m[38;2;37;31;52m▓[0m[48;2;37;31;52m[38;2;37;31;52m▓[0m[48;2;37;31;52m[38;2;37;31;52m▓[0m[48;2;37;31;52m[38;2;37;31;52m▓[0m[48;2;37;31;52m[38;2;37;31;52m▓[0m[48;2;37;31;52m[38;2;37;31;52m▓[0m[48;2;37;31;52m[38;2;37;31;52m▓[0m[48;2;37;31;52m[38;2;37;31;52m▓[0m[48;2;37;31;52m[38;2;37;31;52m▓[0m[48;2;37;31;52m[38;2;37;31;52m▓[0m[48;2;37;31;52m[38;2;37;31;52m▓[0m[48;2;35;29;49m[38;2;35;29;49m▓[0m[48;2;23;19;34m[38;2;23;19;34m▓[0m[48;2;45;41;51m[38;2;45;41;51m▒[0m[48;2;153;151;155m[38;2;153;151;155m+[0m                             
                                           [48;2;43;43;45m[38;2;43;43;45m▒[0m[48;2;31;29;41m[38;2;31;29;41m▓[0m[48;2;37;31;51m[38;2;37;31;51m▓[0m[48;2;37;31;52m[38;2;37;31;52m▓[0m[48;2;37;31;52m[38;2;37;31;52m▓[0m[48;2;37;31;51m[38;2;37;31;51m▓[0m[48;2;24;19;38m[38;2;24;19;38m▓[0m[48;2;22;17;33m[38;2;22;17;33m▓[0m[48;2;25;20;39m[38;2;25;20;39m▓[0m[48;2;38;33;55m[38;2;38;33;55m▒[0m[48;2;13;8;35m[38;2;13;8;35m█[0m[48;2;93;91;98m[38;2;93;91;98m%[0m[48;2;202;201;205m[38;2;202;201;205m:[0m[48;2;71;69;77m[38;2;71;69;77m░[0m[48;2;38;29;81m[38;2;38;29;81m▒[0m[48;2;60;51;104m[38;2;60;51;104m░[0m[48;2;47;44;61m[38;2;47;44;61m▒[0m[48;2;162;161;164m[38;2;162;161;164m+[0m[48;2;135;133;137m[38;2;135;133;137m*[0m[48;2;39;37;41m[38;2;39;37;41m▒[0m[48;2;45;41;49m[38;2;45;41;49m▒[0m[48;2;64;60;71m[38;2;64;60;71m░[0m[48;2;60;55;70m[38;2;60;55;70m░[0m[48;2;38;33;51m[38;2;38;33;51m▓[0m[48;2;37;31;50m[38;2;37;31;50m▓[0m[48;2;37;31;52m[38;2;37;31;52m▓[0m[48;2;37;31;52m[38;2;37;31;52m▓[0m[48;2;37;31;52m[38;2;37;31;52m▓[0m[48;2;37;31;52m[38;2;37;31;52m▓[0m[48;2;37;31;52m[38;2;37;31;52m▓[0m[48;2;37;31;52m[38;2;37;31;52m▓[0m[48;2;37;31;52m[38;2;37;31;52m▓[0m[48;2;37;31;52m[38;2;37;31;52m▓[0m[48;2;37;31;52m[38;2;37;31;52m▓[0m[48;2;37;31;52m[38;2;37;31;52m▓[0m[48;2;37;31;52m[38;2;37;31;52m▓[0m[48;2;37;31;51m[38;2;37;31;51m▓[0m[48;2;26;21;37m[38;2;26;21;37m▓[0m[48;2;51;48;57m[38;2;51;48;57m▒[0m[48;2;200;200;203m[38;2;200;200;203m-[0m                           
                                          [48;2;225;224;224m[38;2;225;224;224m.[0m[48;2;9;9;11m[38;2;9;9;11m█[0m[48;2;37;31;50m[38;2;37;31;50m▓[0m[48;2;37;31;52m[38;2;37;31;52m▓[0m[48;2;37;31;52m[38;2;37;31;52m▓[0m[48;2;37;31;52m[38;2;37;31;52m▓[0m[48;2;37;31;52m[38;2;37;31;52m▓[0m[48;2;37;31;52m[38;2;37;31;52m▓[0m[48;2;37;31;52m[38;2;37;31;52m▓[0m[48;2;36;31;50m[38;2;36;31;50m▓[0m[48;2;76;71;88m[38;2;76;71;88m@[0m[48;2;16;13;25m[38;2;16;13;25m█[0m[48;2;4;2;10m[38;2;4;2;10m█[0m[48;2;93;92;97m[38;2;93;92;97m%[0m[48;2;213;211;214m[38;2;213;211;214m:[0m[48;2;189;187;191m[38;2;189;187;191m-[0m[48;2;62;61;66m[38;2;62;61;66m░[0m[48;2;49;48;53m[38;2;49;48;53m▒[0m[48;2;164;163;166m[38;2;164;163;166m+[0m[48;2;238;237;240m[38;2;238;237;240m.[0m[48;2;237;235;238m[38;2;237;235;238m.[0m[48;2;77;76;78m[38;2;77;76;78m@[0m[48;2;41;39;43m[38;2;41;39;43m▒[0m[48;2;29;23;32m[38;2;29;23;32m▓[0m[48;2;58;51;64m[38;2;58;51;64m▒[0m[48;2;66;60;73m[38;2;66;60;73m░[0m[48;2;53;49;64m[38;2;53;49;64m▒[0m[48;2;37;32;51m[38;2;37;32;51m▓[0m[48;2;37;31;52m[38;2;37;31;52m▓[0m[48;2;37;31;52m[38;2;37;31;52m▓[0m[48;2;37;31;52m[38;2;37;31;52m▓[0m[48;2;37;31;52m[38;2;37;31;52m▓[0m[48;2;37;31;52m[38;2;37;31;52m▓[0m[48;2;37;31;52m[38;2;37;31;52m▓[0m[48;2;37;31;52m[38;2;37;31;52m▓[0m[48;2;37;31;52m[38;2;37;31;52m▓[0m[48;2;37;31;52m[38;2;37;31;52m▓[0m[48;2;37;31;52m[38;2;37;31;52m▓[0m[48;2;37;31;51m[38;2;37;31;51m▓[0m[48;2;34;29;46m[38;2;34;29;46m▓[0m[48;2;18;15;25m[38;2;18;15;25m█[0m[48;2;167;166;168m[38;2;167;166;168m=[0m                          