                                                                                                    
                                                                                                    
                                                                                                    
                                                                                                    
                                                                                                    
                                                                                                    
                                                                                                    
                                                                                                    
                                                                                                    
                                                                                                    
                                                                                                    
                                                 [48;2;229;229;229m[38;2;229;229;229m.[0m[48;2;217;217;217m[38;2;217;217;217m:[0m[48;2;213;213;213m[38;2;213;213;213m:[0m[48;2;221;221;221m[38;2;221;221;221m.[0m                                               
                                             [48;2;192;191;192m[38;2;192;191;192m-[0m[48;2;116;116;117m[38;2;116;116;117m#[0m[48;2;64;63;67m[38;2;64;63;67m░[0m[48;2;32;30;38m[38;2;32;30;38m▓[0m[48;2;26;24;33m[38;2;26;24;33m▓[0m[48;2;29;27;37m[38;2;29;27;37m▓[0m[48;2;30;28;39m[38;2;30;28;39m▓[0m[48;2;28;25;37m[38;2;28;25;37m▓[0m[48;2;23;22;32m[38;2;23;22;32m▓[0m[48;2;44;43;53m[38;2;44;43;53m▒[0m[48;2;85;84;93m[38;2;85;84;93m@[0m[48;2;142;141;145m[38;2;142;141;145m*[0m[48;2;220;219;220m[38;2;220;219;220m:[0m                                          
                                           [48;2;189;189;190m[38;2;189;189;190m-[0m[48;2;52;51;56m[38;2;52;51;56m▒[0m[48;2;29;27;38m[38;2;29;27;38m▓[0m[48;2;42;39;55m[38;2;42;39;55m▒[0m[48;2;45;42;58m[38;2;45;42;58m▒[0m[48;2;44;41;58m[38;2;44;41;58m▒[0m[48;2;44;41;58m[38;2;44;41;58m▒[0m[48;2;56;54;68m[38;2;56;54;68m░[0m[48;2;58;56;70m[38;2;58;56;70m░[0m[48;2;44;42;55m[38;2;44;42;55m▒[0m[48;2;63;61;75m[38;2;63;61;75m░[0m[48;2;48;46;61m[38;2;48;46;61m▒[0m[48;2;44;42;59m[38;2;44;42;59m▒[0m[48;2;38;36;54m[38;2;38;36;54m▒[0m[48;2;26;23;36m[38;2;26;23;36m▓[0m[48;2;71;69;77m[38;2;71;69;77m░[0m[48;2;179;178;181m[38;2;179;178;181m=[0m                                        
                                         [48;2;225;225;226m[38;2;225;225;226m.[0m[48;2;81;80;84m[38;2;81;80;84m@[0m[48;2;29;27;37m[38;2;29;27;37m▓[0m[48;2;44;41;55m[38;2;44;41;55m▒[0m[48;2;36;33;48m[38;2;36;33;48m▓[0m[48;2;28;24;37m[38;2;28;24;37m▓[0m[48;2;51;44;55m[38;2;51;44;55m▒[0m[48;2;74;66;75m[38;2;74;66;75m░[0m[48;2;89;79;89m[38;2;89;79;89m@[0m[48;2;94;84;94m[38;2;94;84;94m@[0m[48;2;94;83;93m[38;2;94;83;93m@[0m[48;2;79;69;78m[38;2;79;69;78m░[0m[48;2;59;50;58m[38;2;59;50;58m▒[0m[48;2;52;45;52m[38;2;52;45;52m▒[0m[48;2;49;43;51m[38;2;49;43;51m▒[0m[48;2;30;25;34m[38;2;30;25;34m▓[0m[48;2;32;28;38m[38;2;32;28;38m▓[0m[48;2;27;23;33m[38;2;27;23;33m▓[0m[48;2;14;12;16m[38;2;14;12;16m█[0m[48;2;74;74;74m[38;2;74;74;74m@[0m[48;2;228;228;228m[38;2;228;228;228m.[0m                                      
                                        [48;2;205;205;206m[38;2;205;205;206m:[0m[48;2;35;34;38m[38;2;35;34;38m▓[0m[48;2;41;39;49m[38;2;41;39;49m▒[0m[48;2;42;40;52m[38;2;42;40;52m▒[0m[48;2;20;18;29m[38;2;20;18;29m▓[0m[48;2;70;61;73m[38;2;70;61;73m░[0m[48;2;147;132;145m[38;2;147;132;145m*[0m[48;2;159;141;155m[38;2;159;141;155m+[0m[48;2;160;141;155m[38;2;160;141;155m+[0m[48;2;126;109;122m[38;2;126;109;122m#[0m[48;2;80;66;77m[38;2;80;66;77m░[0m[48;2;78;65;75m[38;2;78;65;75m░[0m[48;2;79;66;75m[38;2;79;66;75m░[0m[48;2;108;93;104m[38;2;108;93;104m%[0m[48;2;146;130;141m[38;2;146;130;141m*[0m[48;2;127;112;122m[38;2;127;112;122m#[0m[48;2;156;140;151m[38;2;156;140;151m*[0m[48;2;158;141;152m[38;2;158;141;152m+[0m[48;2;96;83;93m[38;2;96;83;93m@[0m[48;2;83;74;81m[38;2;83;74;81m@[0m[48;2;62;59;62m[38;2;62;59;62m░[0m[48;2;41;39;41m[38;2;41;39;41m▒[0m[48;2;223;222;223m[38;2;223;222;223m.[0m                                     
                                       [48;2;223;223;223m[38;2;223;223;223m.[0m[48;2;31;30;34m[38;2;31;30;34m▓[0m[48;2;41;39;49m[38;2;41;39;49m▒[0m[48;2;25;23;34m[38;2;25;23;34m▓[0m[48;2;37;31;40m[38;2;37;31;40m▓[0m[48;2;127;113;124m[38;2;127;113;124m#[0m[48;2;160;141;155m[38;2;160;141;155m+[0m[48;2;161;140;155m[38;2;161;140;155m+[0m[48;2;161;140;155m[38;2;161;140;155m+[0m[48;2;161;140;155m[38;2;161;140;155m+[0m[48;2;158;138;152m[38;2;158;138;152m*[0m[48;2;159;140;154m[38;2;159;140;154m+[0m[48;2;160;140;154m[38;2;160;140;154m+[0m[48;2;160;140;154m[38;2;160;140;154m+[0m[48;2;160;139;154m[38;2;160;139;154m+[0m[48;2;160;139;154m[38;2;160;139;154m+[0m[48;2;161;140;155m[38;2;161;140;155m+[0m[48;2;161;140;155m[38;2;161;140;155m+[0m[48;2;161;140;155m[38;2;161;140;155m+[0m[48;2;147;127;141m[38;2;147;127;141m*[0m[48;2;114;98;109m[38;2;114;98;109m%[0m[48;2;100;88;96m[38;2;100;88;96m%[0m[48;2;86;77;84m[38;2;86;77;84m@[0m[48;2;27;23;28m[38;2;27;23;28m▓[0m[48;2;115;114;117m[38;2;115;114;117m#[0m[48;2;169;168;171m[38;2;169;168;171m=[0m                                   
                                       [48;2;75;75;76m[38;2;75;75;76m@[0m[48;2;30;29;36m[38;2;30;29;36m▓[0m[48;2;12;9;19m[38;2;12;9;19m█[0m[48;2;44;37;46m[38;2;44;37;46m▒[0m[48;2;149;134;147m[38;2;149;134;147m*[0m[48;2;160;140;155m[38;2;160;140;155m+[0m[48;2;161;140;155m[38;2;161;140;155m+[0m[48;2;161;140;155m[38;2;161;140;155m+[0m[48;2;160;139;154m[38;2;160;139;154m+[0m[48;2;159;139;153m[38;2;159;139;153m+[0m[48;2;159;138;153m[38;2;159;138;153m*[0m[48;2;160;139;154m[38;2;160;139;154m+[0m[48;2;161;140;155m[38;2;161;140;155m+[0m[48;2;161;140;155m[38;2;161;140;155m+[0m[48;2;161;140;155m[38;2;161;140;155m+[0m[48;2;161;140;155m[38;2;161;140;155m+[0m[48;2;161;140;155m[38;2;161;140;155m+[0m[48;2;161;140;155m[38;2;161;140;155m+[0m[48;2;161;140;155m[38;2;161;140;155m+[0m[48;2;154;134;149m[38;2;154;134;149m*[0m[48;2;136;119;132m[38;2;136;119;132m#[0m[48;2;161;142;156m[38;2;161;142;156m+[0m[48;2;157;141;153m[38;2;157;141;153m+[0m[48;2;84;75;84m[38;2;84;75;84m@[0m[48;2;21;15;29m[38;2;21;15;29m▓[0m[48;2;32;24;49m[38;2;32;24;49m▓[0m[48;2;216;215;217m[38;2;216;215;217m:[0m                                  
                                      [48;2;201;201;201m[38;2;201;201;201m-[0m[48;2;11;9;11m[38;2;11;9;11m█[0m[48;2;28;25;31m[38;2;28;25;31m▓[0m[48;2;26;20;28m[38;2;26;20;28m▓[0m[48;2;149;133;146m[38;2;149;133;146m*[0m[48;2;161;142;156m[38;2;161;142;156m+[0m[48;2;161;140;155m[38;2;161;140;155m+[0m[48;2;161;140;155m[38;2;161;140;155m+[0m[48;2;148;131;144m[38;2;148;131;144m*[0m[48;2;58;43;53m[38;2;58;43;53m▒[0m[48;2;107;93;103m[38;2;107;93;103m%[0m[48;2;54;41;50m[38;2;54;41;50m▒[0m[48;2;156;139;151m[38;2;156;139;151m*[0m[48;2;86;69;81m[38;2;86;69;81m@[0m[48;2;154;135;149m[38;2;154;135;149m*[0m[48;2;161;140;155m[38;2;161;140;155m+[0m[48;2;161;140;155m[38;2;161;140;155m+[0m[48;2;161;140;155m[38;2;161;140;155m+[0m[48;2;159;139;153m[38;2;159;139;153m+[0m[48;2;117;100;113m[38;2;117;100;113m%[0m[48;2;144;128;140m[38;2;144;128;140m*[0m[48;2;49;35;46m[38;2;49;35;46m▒[0m[48;2;157;140;153m[38;2;157;140;153m+[0m[48;2;160;140;155m[38;2;160;140;155m+[0m[48;2;159;140;154m[38;2;159;140;154m+[0m[48;2;52;41;50m[38;2;52;41;50m▒[0m[48;2;37;27;52m[38;2;37;27;52m▓[0m[48;2;90;87;93m[38;2;90;87;93m@[0m                                  
                                      [48;2;123;123;123m[38;2;123;123;123m#[0m[48;2;20;16;19m[38;2;20;16;19m█[0m[48;2;84;76;83m[38;2;84;76;83m@[0m[48;2;88;76;86m[38;2;88;76;86m@[0m[48;2;160;142;156m[38;2;160;142;156m+[0m[48;2;161;141;155m[38;2;161;141;155m+[0m[48;2;161;140;155m[38;2;161;140;155m+[0m[48;2;158;141;154m[38;2;158;141;154m+[0m[48;2;56;44;56m[38;2;56;44;56m▒[0m[48;2;44;38;45m[38;2;44;38;45m▒[0m[48;2;24;19;25m[38;2;24;19;25m▓[0m[48;2;104;95;103m[38;2;104;95;103m%[0m[48;2;84;72;81m[38;2;84;72;81m@[0m[48;2;53;42;51m[38;2;53;42;51m▒[0m[48;2;117;101;112m[38;2;117;101;112m%[0m[48;2;160;140;154m[38;2;160;140;154m+[0m[48;2;161;140;155m[38;2;161;140;155m+[0m[48;2;161;140;155m[38;2;161;140;155m+[0m[48;2;154;135;149m[38;2;154;135;149m*[0m[48;2;34;21;32m[38;2;34;21;32m▓[0m[48;2;151;137;147m[38;2;151;137;147m*[0m[48;2;77;63;73m[38;2;77;63;73m░[0m[48;2;107;92;104m[38;2;107;92;104m%[0m[48;2;159;141;155m[38;2;159;141;155m+[0m[48;2;160;141;155m[38;2;160;141;155m+[0m[48;2;135;119;131m[38;2;135;119;131m#[0m[48;2;24;13;27m[38;2;24;13;27m█[0m[48;2;93;89;95m[38;2;93;89;95m@[0m                                  
                                      [48;2;80;79;79m[38;2;80;79;79m@[0m[48;2;105;97;103m[38;2;105;97;103m%[0m[48;2;66;56;64m[38;2;66;56;64m░[0m[48;2;125;111;122m[38;2;125;111;122m#[0m[48;2;161;140;155m[38;2;161;140;155m+[0m[48;2;161;140;155m[38;2;161;140;155m+[0m[48;2;161;140;155m[38;2;161;140;155m+[0m[48;2;125;109;121m[38;2;125;109;121m#[0m[48;2;8;0;7m[38;2;8;0;7m█[0m[48;2;70;63;68m[38;2;70;63;68m░[0m[48;2;47;42;46m[38;2;47;42;46m▒[0m[48;2;56;47;65m[38;2;56;47;65m▒[0m[48;2;24;14;36m[38;2;24;14;36m▓[0m[48;2;16;9;21m[38;2;16;9;21m█[0m[48;2;13;6;10m[38;2;13;6;10m█[0m[48;2;69;57;65m[38;2;69;57;65m░[0m[48;2;121;105;117m[38;2;121;105;117m#[0m[48;2;126;109;121m[38;2;126;109;121m#[0m[48;2;124;108;120m[38;2;124;108;120m#[0m[48;2;23;18;24m[38;2;23;18;24m▓[0m[48;2;38;32;38m[38;2;38;32;38m▓[0m[48;2;113;103;112m[38;2;113;103;112m%[0m[48;2;24;16;24m[38;2;24;16;24m▓[0m[48;2;68;59;69m[38;2;68;59;69m░[0m[48;2;122;109;120m[38;2;122;109;120m#[0m[48;2;91;79;87m[38;2;91;79;87m@[0m[48;2;101;91;98m[38;2;101;91;98m%[0m[48;2;70;65;69m[38;2;70;65;69m░[0m[48;2;123;121;123m[38;2;123;121;123m#[0m[48;2;201;201;202m[38;2;201;201;202m-[0m                                
                                      [48;2;42;39;41m[38;2;42;39;41m▒[0m[48;2;155;141;150m[38;2;155;141;150m*[0m[48;2;66;54;63m[38;2;66;54;63m░[0m[48;2;126;113;123m[38;2;126;113;123m#[0m[48;2;161;140;155m[38;2;161;140;155m+[0m[48;2;161;140;155m[38;2;161;140;155m+[0m[48;2;161;140;155m[38;2;161;140;155m+[0m[48;2;92;76;87m[38;2;92;76;87m@[0m[48;2;115;105;110m[38;2;115;105;110m%[0m[48;2;222;211;213m[38;2;222;211;213m:[0m[48;2;102;93;96m[38;2;102;93;96m%[0m[48;2;90;62;131m[38;2;90;62;131m@[0m[48;2;82;42;155m[38;2;82;42;155m░[0m[48;2;36;15;69m[38;2;36;15;69m▓[0m[48;2;195;183;185m[38;2;195;183;185m-[0m[48;2;214;201;200m[38;2;214;201;200m:[0m[48;2;187;174;172m[38;2;187;174;172m=[0m[48;2;181;168;166m[38;2;181;168;166m=[0m[48;2;179;168;167m[38;2;179;168;167m=[0m[48;2;27;20;27m[38;2;27;20;27m▓[0m[48;2;57;27;119m[38;2;57;27;119m▒[0m[48;2;56;24;114m[38;2;56;24;114m▒[0m[48;2;23;14;32m[38;2;23;14;32m▓[0m[48;2;106;100;103m[38;2;106;100;103m%[0m[48;2;25;19;23m[38;2;25;19;23m▓[0m[48;2;39;33;36m[38;2;39;33;36m▓[0m[48;2;36;30;34m[38;2;36;30;34m▓[0m[48;2;34;29;33m[38;2;34;29;33m▓[0m[48;2;100;95;100m[38;2;100;95;100m%[0m[48;2;142;140;144m[38;2;142;140;144m*[0m                                
                                     [48;2;224;224;224m[38;2;224;224;224m.[0m[48;2;48;43;48m[38;2;48;43;48m▒[0m[48;2;160;142;153m[38;2;160;142;153m+[0m[48;2;112;98;109m[38;2;112;98;109m%[0m[48;2;73;62;71m[38;2;73;62;71m░[0m[48;2;159;141;154m[38;2;159;141;154m+[0m[48;2;161;140;155m[38;2;161;140;155m+[0m[48;2;161;140;155m[38;2;161;140;155m+[0m[48;2;89;74;84m[38;2;89;74;84m@[0m[48;2;160;150;153m[38;2;160;150;153m+[0m[48;2;250;237;236m[38;2;250;237;236m [0m[48;2;96;84;85m[38;2;96;84;85m@[0m[48;2;181;149;183m[38;2;181;149;183m+[0m[48;2;203;148;208m[38;2;203;148;208m=[0m[48;2;58;37;57m[38;2;58;37;57m▒[0m[48;2;236;222;219m[38;2;236;222;219m.[0m[48;2;251;235;228m[38;2;251;235;228m [0m[48;2;250;235;227m[38;2;250;235;227m [0m[48;2;250;235;227m[38;2;250;235;227m [0m[48;2;248;233;228m[38;2;248;233;228m.[0m[48;2;38;28;37m[38;2;38;28;37m▓[0m[48;2;175;140;199m[38;2;175;140;199m+[0m[48;2;106;65;146m[38;2;106;65;146m@[0m[48;2;85;74;82m[38;2;85;74;82m@[0m[48;2;211;200;198m[38;2;211;200;198m:[0m[48;2;181;170;169m[38;2;181;170;169m=[0m[48;2;91;82;83m[38;2;91;82;83m@[0m[48;2;47;39;43m[38;2;47;39;43m▒[0m[48;2;27;20;25m[38;2;27;20;25m▓[0m[48;2;244;240;244m[38;2;244;240;244m [0m                                 
                                      [48;2;43;39;43m[38;2;43;39;43m▒[0m[48;2;151;137;146m[38;2;151;137;146m*[0m[48;2;125;112;121m[38;2;125;112;121m#[0m[48;2;10;2;8m[38;2;10;2;8m█[0m[48;2;72;61;70m[38;2;72;61;70m░[0m[48;2;149;131;144m[38;2;149;131;144m*[0m[48;2;160;140;155m[38;2;160;140;155m+[0m[48;2;132;115;127m[38;2;132;115;127m#[0m[48;2;75;63;66m[38;2;75;63;66m░[0m[48;2;238;213;214m[38;2;238;213;214m.[0m[48;2;205;191;189m[38;2;205;191;189m-[0m[48;2;97;84;89m[38;2;97;84;89m@[0m[48;2;99;84;91m[38;2;99;84;91m@[0m[48;2;187;175;175m[38;2;187;175;175m=[0m[48;2;249;234;229m[38;2;249;234;229m [0m[48;2;248;232;225m[38;2;248;232;225m.[0m[48;2;247;232;223m[38;2;247;232;223m.[0m[48;2;250;235;226m[38;2;250;235;226m [0m[48;2;250;235;227m[38;2;250;235;227m [0m[48;2;117;103;103m[38;2;117;103;103m%[0m[48;2;117;90;113m[38;2;117;90;113m%[0m[48;2;79;55;73m[38;2;79;55;73m░[0m[48;2;207;192;191m[38;2;207;192;191m-[0m[48;2;247;227;221m[38;2;247;227;221m.[0m[48;2;247;230;224m[38;2;247;230;224m.[0m[48;2;96;88;87m[38;2;96;88;87m@[0m[48;2;122;112;118m[38;2;122;112;118m#[0m[48;2;61;51;58m[38;2;61;51;58m▒[0m[48;2;183;180;183m[38;2;183;180;183m=[0m                                 
                                      [48;2;114;113;113m[38;2;114;113;113m#[0m[48;2;19;14;16m[38;2;19;14;16m█[0m[48;2;100;93;96m[38;2;100;93;96m%[0m[48;2;154;146;148m[38;2;154;146;148m+[0m[48;2;76;69;71m[38;2;76;69;71m░[0m[48;2;11;4;8m[38;2;11;4;8m█[0m[48;2;36;31;35m[38;2;36;31;35m▓[0m[48;2;76;69;75m[38;2;76;69;75m░[0m[48;2;41;33;37m[38;2;41;33;37m▓[0m[48;2;70;62;62m[38;2;70;62;62m░[0m[48;2;173;161;160m[38;2;173;161;160m+[0m[48;2;248;235;230m[38;2;248;235;230m [0m[48;2;249;235;229m[38;2;249;235;229m [0m[48;2;250;234;227m[38;2;250;234;227m [0m[48;2;250;235;226m[38;2;250;235;226m [0m[48;2;212;197;188m[38;2;212;197;188m-[0m[48;2;147;131;125m[38;2;147;131;125m*[0m[48;2;249;234;225m[38;2;249;234;225m.[0m[48;2;250;235;226m[38;2;250;235;226m [0m[48;2;249;233;225m[38;2;249;233;225m.[0m[48;2;216;200;192m[38;2;216;200;192m:[0m[48;2;237;222;214m[38;2;237;222;214m.[0m[48;2;244;222;212m[38;2;244;222;212m.[0m[48;2;238;202;189m[38;2;238;202;189m:[0m[48;2;247;221;217m[38;2;247;221;217m.[0m[48;2;74;65;66m[38;2;74;65;66m░[0m[48;2;82;75;78m[38;2;82;75;78m@[0m[48;2;70;62;67m[38;2;70;62;67m░[0m[48;2;231;228;230m[38;2;231;228;230m.[0m                                 
                                     [48;2;225;225;225m[38;2;225;225;225m.[0m[48;2;55;55;55m[38;2;55;55;55m░[0m[48;2;176;175;175m[38;2;176;175;175m=[0m[48;2;71;67;68m[38;2;71;67;68m░[0m[48;2;170;163;163m[38;2;170;163;163m=[0m[48;2;233;224;224m[38;2;233;224;224m.[0m[48;2;42;36;37m[38;2;42;36;37m▒[0m[48;2;48;46;47m[38;2;48;46;47m▒[0m[48;2;50;46;47m[38;2;50;46;47m▒[0m[48;2;199;192;194m[38;2;199;192;194m-[0m[48;2;242;232;230m[38;2;242;232;230m.[0m[48;2;244;231;227m[38;2;244;231;227m.[0m[48;2;250;235;229m[38;2;250;235;229m [0m[48;2;251;235;229m[38;2;251;235;229m [0m[48;2;251;235;228m[38;2;251;235;228m [0m[48;2;250;235;227m[38;2;250;235;227m [0m[48;2;250;235;226m[38;2;250;235;226m [0m[48;2;250;235;226m[38;2;250;235;226m [0m[48;2;250;235;226m[38;2;250;235;226m [0m[48;2;250;235;226m[38;2;250;235;226m [0m[48;2;250;235;226m[38;2;250;235;226m [0m[48;2;250;235;226m[38;2;250;235;226m [0m[48;2;250;235;227m[38;2;250;235;227m [0m[48;2;251;236;230m[38;2;251;236;230m [0m[48;2;250;235;231m[38;2;250;235;231m [0m[48;2;173;160;159m[38;2;173;160;159m+[0m[48;2;52;45;48m[38;2;52;45;48m▒[0m[48;2;46;41;45m[38;2;46;41;45m▒[0m[48;2;168;163;167m[38;2;168;163;167m=[0m                                  
                                     [48;2;175;175;175m[38;2;175;175;175m=[0m[48;2;87;87;88m[38;2;87;87;88m@[0m[48;2;201;200;203m[38;2;201;200;203m-[0m[48;2;135;133;136m[38;2;135;133;136m*[0m[48;2;3;1;4m[38;2;3;1;4m█[0m[48;2;38;35;38m[38;2;38;35;38m▓[0m[48;2;24;21;24m[38;2;24;21;24m▓[0m[48;2;190;187;190m[38;2;190;187;190m-[0m[48;2;40;37;39m[38;2;40;37;39m▒[0m[48;2;60;56;58m[38;2;60;56;58m░[0m[48;2;47;43;45m[38;2;47;43;45m▒[0m[48;2;65;60;62m[38;2;65;60;62m░[0m[48;2;92;84;86m[38;2;92;84;86m@[0m[48;2;115;106;109m[38;2;115;106;109m%[0m[48;2;134;124;126m[38;2;134;124;126m#[0m[48;2;151;141;141m[38;2;151;141;141m*[0m[48;2;166;157;154m[38;2;166;157;154m+[0m[48;2;177;168;165m[38;2;177;168;165m=[0m[48;2;186;177;173m[38;2;186;177;173m=[0m[48;2;190;180;177m[38;2;190;180;177m=[0m[48;2;188;178;174m[38;2;188;178;174m=[0m[48;2;177;168;164m[38;2;177;168;164m=[0m[48;2;158;149;146m[38;2;158;149;146m+[0m[48;2;125;117;116m[38;2;125;117;116m#[0m[48;2;68;60;65m[38;2;68;60;65m░[0m[48;2;18;11;18m[38;2;18;11;18m█[0m[48;2;34;28;34m[38;2;34;28;34m▓[0m[48;2;89;85;88m[38;2;89;85;88m@[0m                                   
                                   [48;2;200;199;200m[38;2;200;199;200m-[0m[48;2;93;90;91m[38;2;93;90;91m@[0m[48;2;65;61;64m[38;2;65;61;64m░[0m[48;2;74;71;74m[38;2;74;71;74m░[0m[48;2;202;201;204m[38;2;202;201;204m:[0m[48;2;127;126;129m[38;2;127;126;129m#[0m[48;2;4;3;6m[38;2;4;3;6m█[0m[48;2;10;9;13m[38;2;10;9;13m█[0m[48;2;6;5;9m[38;2;6;5;9m█[0m[48;2;222;221;226m[38;2;222;221;226m.[0m[48;2;150;148;152m[38;2;150;148;152m+[0m[48;2;4;3;6m[38;2;4;3;6m█[0m[48;2;16;15;19m[38;2;16;15;19m█[0m[48;2;5;4;10m[38;2;5;4;10m█[0m[48;2;7;6;11m[38;2;7;6;11m█[0m[48;2;20;18;25m[38;2;20;18;25m▓[0m[48;2;30;27;37m[38;2;30;27;37m▓[0m[48;2;23;19;30m[38;2;23;19;30m▓[0m[48;2;50;45;52m[38;2;50;45;52m▒[0m[48;2;95;90;94m[38;2;95;90;94m%[0m[48;2;46;40;43m[38;2;46;40;43m▒[0m[48;2;45;40;42m[38;2;45;40;42m▒[0m[48;2;77;74;75m[38;2;77;74;75m@[0m[48;2;13;10;11m[38;2;13;10;11m█[0m[48;2;7;5;7m[38;2;7;5;7m█[0m[48;2;6;5;9m[38;2;6;5;9m█[0m[48;2;33;31;44m[38;2;33;31;44m▓[0m[48;2;20;17;30m[38;2;20;17;30m▓[0m[48;2;12;9;15m[38;2;12;9;15m█[0m[48;2;165;164;164m[38;2;165;164;164m+[0m                                   
                                  [48;2;126;123;125m[38;2;126;123;125m#[0m[48;2;76;70;75m[38;2;76;70;75m░[0m[48;2;149;133;145m[38;2;149;133;145m*[0m[48;2;155;137;149m[38;2;155;137;149m*[0m[48;2;51;43;50m[38;2;51;43;50m▒[0m[48;2;170;169;172m[38;2;170;169;172m=[0m[48;2;188;187;190m[38;2;188;187;190m-[0m[48;2;24;23;26m[38;2;24;23;26m▓[0m[48;2;8;7;10m[38;2;8;7;10m█[0m[48;2;86;85;90m[38;2;86;85;90m@[0m [48;2;88;87;91m[38;2;88;87;91m@[0m[48;2;17;15;20m[38;2;17;15;20m█[0m[48;2;14;12;20m[38;2;14;12;20m█[0m[48;2;32;28;44m[38;2;32;28;44m▓[0m[48;2;27;24;35m[38;2;27;24;35m▓[0m[48;2;24;21;29m[38;2;24;21;29m▓[0m[48;2;13;12;19m[38;2;13;12;19m█[0m[48;2;36;33;41m[38;2;36;33;41m▓[0m[48;2;10;7;14m[38;2;10;7;14m█[0m[48;2;8;5;10m[38;2;8;5;10m█[0m[48;2;105;102;106m[38;2;105;102;106m%[0m[48;2;117;114;117m[38;2;117;114;117m#[0m[48;2;51;48;51m[38;2;51;48;51m▒[0m[48;2;17;14;16m[38;2;17;14;16m█[0m[48;2;93;89;83m[38;2;93;89;83m@[0m[48;2;10;7;12m[38;2;10;7;12m█[0m[48;2;28;23;36m[38;2;28;23;36m▓[0m[48;2;76;72;82m[38;2;76;72;82m@[0m[48;2;225;222;226m[38;2;225;222;226m.[0m                                    
                                 [48;2;135;135;135m[38;2;135;135;135m*[0m[48;2;89;79;85m[38;2;89;79;85m@[0m[48;2;158;142;152m[38;2;158;142;152m+[0m[48;2;159;141;153m[38;2;159;141;153m+[0m[48;2;128;113;122m[38;2;128;113;122m#[0m[48;2;68;61;67m[38;2;68;61;67m░[0m[48;2;70;67;71m[38;2;70;67;71m░[0m[48;2;106;105;108m[38;2;106;105;108m%[0m[48;2;63;61;64m[38;2;63;61;64m░[0m[48;2;32;31;34m[38;2;32;31;34m▓[0m[48;2;124;122;126m[38;2;124;122;126m#[0m[48;2;51;49;53m[38;2;51;49;53m▒[0m[48;2;19;16;24m[38;2;19;16;24m█[0m[48;2;19;16;26m[38;2;19;16;26m█[0m[48;2;16;13;23m[38;2;16;13;23m█[0m[48;2;36;30;50m[38;2;36;30;50m▓[0m[48;2;37;31;52m[38;2;37;31;52m▓[0m[48;2;37;31;51m[38;2;37;31;51m▓[0m[48;2;30;25;42m[38;2;30;25;42m▓[0m[48;2;12;8;18m[38;2;12;8;18m█[0m[48;2;127;120;101m[38;2;127;120;101m#[0m[48;2;92;82;67m[38;2;92;82;67m@[0m[48;2;17;8;6m[38;2;17;8;6m█[0m[48;2;14;8;7m[38;2;14;8;7m█[0m[48;2;104;95;81m[38;2;104;95;81m%[0m[48;2;47;38;33m[38;2;47;38;33m▒[0m[48;2;116;111;99m[38;2;116;111;99m#[0m[48;2;8;4;9m[38;2;8;4;9m█[0m[48;2;75;72;79m[38;2;75;72;79m@[0m[48;2;238;236;240m[38;2;238;236;240m.[0m                                     
                                 [48;2;51;49;50m[38;2;51;49;50m▒[0m[48;2;149;136;144m[38;2;149;136;144m*[0m[48;2;160;141;154m[38;2;160;141;154m+[0m[48;2;114;98;108m[38;2;114;98;108m%[0m[48;2;98;89;95m[38;2;98;89;95m%[0m[48;2;186;181;185m[38;2;186;181;185m-[0m[48;2;88;83;87m[38;2;88;83;87m@[0m[48;2;75;67;73m[38;2;75;67;73m░[0m[48;2;115;106;112m[38;2;115;106;112m%[0m[48;2;95;85;92m[38;2;95;85;92m@[0m[48;2;71;65;72m[38;2;71;65;72m░[0m[48;2;10;7;15m[38;2;10;7;15m█[0m[48;2;26;21;37m[38;2;26;21;37m▓[0m[48;2;31;26;45m[38;2;31;26;45m▓[0m[48;2;37;31;51m[38;2;37;31;51m▓[0m[48;2;37;31;52m[38;2;37;31;52m▓[0m[48;2;37;31;52m[38;2;37;31;52m▓[0m[48;2;37;31;52m[38;2;37;31;52m▓[0m[48;2;36;30;51m[38;2;36;30;51m▓[0m[48;2;17;12;27m[38;2;17;12;27m█[0m[48;2;107;97;83m[38;2;107;97;83m%[0m[48;2;219;204;160m[38;2;219;204;160m:[0m[48;2;216;199;151m[38;2;216;199;151m-[0m[48;2;208;189;144m[38;2;208;189;144m-[0m[48;2;214;195;152m[38;2;214;195;152m-[0m[48;2;70;60;49m[38;2;70;60;49m░[0m[48;2;12;8;14m[38;2;12;8;14m█[0m[48;2;21;18;27m[38;2;21;18;27m▓[0m[48;2;99;96;103m[38;2;99;96;103m%[0m                                      
                                 [48;2;103;101;102m[38;2;103;101;102m%[0m[48;2;114;100;108m[38;2;114;100;108m%[0m[48;2;160;141;154m[38;2;160;141;154m+[0m[48;2;73;57;67m[38;2;73;57;67m░[0m[48;2;69;61;69m[38;2;69;61;69m░[0m[48;2;40;33;40m[38;2;40;33;40m▓[0m[48;2;133;123;130m[38;2;133;123;130m#[0m[48;2;154;141;150m[38;2;154;141;150m*[0m[48;2;153;138;148m[38;2;153;138;148m*[0m[48;2;125;111;120m[38;2;125;111;120m#[0m[48;2;71;63;71m[38;2;71;63;71m░[0m[48;2;18;14;23m[38;2;18;14;23m█[0m[48;2;37;31;49m[38;2;37;31;49m▓[0m[48;2;37;31;52m[38;2;37;31;52m▓[0m[48;2;37;31;52m[38;2;37;31;52m▓[0m[48;2;37;31;52m[38;2;37;31;52m▓[0m[48;2;31;25;44m[38;2;31;25;44m▓[0m[48;2;24;20;34m[38;2;24;20;34m▓[0m[48;2;10;7;17m[38;2;10;7;17m█[0m[48;2;19;16;23m[38;2;19;16;23m█[0m[48;2;52;47;50m[38;2;52;47;50m▒[0m[48;2;51;44;45m[38;2;51;44;45m▒[0m[48;2;78;71;64m[38;2;78;71;64m░[0m[48;2;103;95;81m[38;2;103;95;81m%[0m[48;2;25;17;21m[38;2;25;17;21m▓[0m[48;2;12;6;12m[38;2;12;6;12m█[0m[48;2;3;1;5m[38;2;3;1;5m█[0m[48;2;39;36;41m[38;2;39;36;41m▒[0m[48;2;41;38;43m[38;2;41;38;43m▒[0m[48;2;66;65;68m[38;2;66;65;68m░[0m[48;2;79;78;80m[38;2;79;78;80m@[0m[48;2;190;190;192m[38;2;190;190;192m-[0m                                   
                                  [48;2;119;116;117m[38;2;119;116;117m#[0m[48;2;73;66;71m[38;2;73;66;71m░[0m[48;2;117;105;115m[38;2;117;105;115m#[0m[48;2;101;90;98m[38;2;101;90;98m%[0m[48;2;86;75;84m[38;2;86;75;84m@[0m[48;2;77;67;75m[38;2;77;67;75m░[0m[48;2;84;75;83m[38;2;84;75;83m@[0m[48;2;36;28;35m[38;2;36;28;35m▓[0m[48;2;21;15;21m[38;2;21;15;21m█[0m[48;2;65;61;66m[38;2;65;61;66m░[0m[48;2;8;6;12m[38;2;8;6;12m█[0m[48;2;30;26;40m[38;2;30;26;40m▓[0m[48;2;36;31;49m[38;2;36;31;49m▓[0m[48;2;36;31;51m[38;2;36;31;51m▓[0m[48;2;23;18;35m[38;2;23;18;35m▓[0m[48;2;5;2;10m[38;2;5;2;10m█[0m[48;2;30;28;33m[38;2;30;28;33m▓[0m[48;2;65;62;66m[38;2;65;62;66m░[0m[48;2;20;17;21m[38;2;20;17;21m▓[0m[48;2;19;18;21m[38;2;19;18;21m▓[0m[48;2;83;79;83m[38;2;83;79;83m@[0m[48;2;59;54;58m[38;2;59;54;58m░[0m[48;2;71;69;71m[38;2;71;69;71m░[0m[48;2;74;71;76m[38;2;74;71;76m░[0m[48;2;55;52;57m[38;2;55;52;57m▒[0m[48;2;12;7;28m[38;2;12;7;28m█[0m[48;2;3;1;6m[38;2;3;1;6m█[0m[48;2;19;17;26m[38;2;19;17;26m▓[0m[48;2;21;18;30m[38;2;21;18;30m▓[0m[48;2;18;15;26m[38;2;18;15;26m█[0m[48;2;55;53;59m[38;2;55;53;59m▒[0m[48;2;205;204;207m[38;2;205;204;207m:[0m                                  
                                   [48;2;137;134;136m[38;2;137;134;136m*[0m[48;2;43;35;41m[38;2;43;35;41m▒[0m[48;2;82;72;79m[38;2;82;72;79m@[0m[48;2;78;67;76m[38;2;78;67;76m░[0m[48;2;79;68;77m[38;2;79;68;77m░[0m[48;2;81;70;79m[38;2;81;70;79m@[0m[48;2;86;75;83m[38;2;86;75;83m@[0m[48;2;83;72;80m[38;2;83;72;80m@[0m[48;2;74;65;73m[38;2;74;65;73m░[0m[48;2;69;60;68m[38;2;69;60;68m░[0m[48;2;66;57;68m[38;2;66;57;68m░[0m[48;2;66;57;68m[38;2;66;57;68m░[0m[48;2;66;57;67m[38;2;66;57;67m░[0m[48;2;62;56;63m[38;2;62;56;63m░[0m[48;2;56;52;57m[38;2;56;52;57m▒[0m[48;2;26;22;27m[38;2;26;22;27m▓[0m[48;2;6;3;8m[38;2;6;3;8m█[0m[48;2;26;22;31m[38;2;26;22;31m▓[0m[48;2;20;17;26m[38;2;20;17;26m▓[0m[48;2;146;142;151m[38;2;146;142;151m*[0m[48;2;222;219;223m[38;2;222;219;223m.[0m[48;2;150;148;149m[38;2;150;148;149m+[0m[48;2;23;19;30m[38;2;23;19;30m▓[0m[48;2;37;27;69m[38;2;37;27;69m▓[0m[48;2;24;18;41m[38;2;24;18;41m▓[0m[48;2;11;8;20m[38;2;11;8;20m█[0m[48;2;15;13;22m[38;2;15;13;22m█[0m[48;2;36;32;49m[38;2;36;32;49m▓[0m[48;2;37;31;51m[38;2;37;31;51m▓[0m[48;2;34;29;48m[38;2;34;29;48m▓[0m[48;2;22;18;32m[38;2;22;18;32m▓[0m[48;2;83;80;87m[38;2;83;80;87m@[0m[48;2;206;206;207m[38;2;206;206;207m:[0m                                
                                    [48;2;176;176;176m[38;2;176;176;176m=[0m[48;2;107;105;106m[38;2;107;105;106m%[0m[48;2;88;83;88m[38;2;88;83;88m@[0m[48;2;84;77;84m[38;2;84;77;84m@[0m[48;2;91;83;90m[38;2;91;83;90m@[0m[48;2;91;82;90m[38;2;91;82;90m@[0m[48;2;95;85;93m[38;2;95;85;93m@[0m[48;2;98;88;96m[38;2;98;88;96m%[0m[48;2;97;86;95m[38;2;97;86;95m@[0m[48;2;91;81;89m[38;2;91;81;89m@[0m[48;2;81;70;80m[38;2;81;70;80m@[0m[48;2;60;51;61m[38;2;60;51;61m▒[0m[48;2;44;36;48m[38;2;44;36;48m▒[0m[48;2;24;18;32m[38;2;24;18;32m▓[0m[48;2;27;22;38m[38;2;27;22;38m▓[0m[48;2;36;30;50m[38;2;36;30;50m▓[0m[48;2;37;31;51m[38;2;37;31;51m▓[0m[48;2;36;31;50m[38;2;36;31;50m▓[0m[48;2;21;17;31m[38;2;21;17;31m▓[0m[48;2;180;177;183m[38;2;180;177;183m=[0m [48;2;223;222;223m[38;2;223;222;223m.[0m[48;2;143;142;143m[38;2;143;142;143m*[0m[48;2;42;37;50m[38;2;42;37;50m▒[0m[48;2;45;40;55m[38;2;45;40;55m▒[0m[48;2;8;6;11m[38;2;8;6;11m█[0m[48;2;17;15;27m[38;2;17;15;27m█[0m[48;2;36;31;51m[38;2;36;31;51m▓[0m[48;2;37;31;52m[38;2;37;31;52m▓[0m[48;2;37;31;52m[38;2;37;31;52m▓[0m[48;2;34;29;48m[38;2;34;29;48m▓[0m[48;2;22;18;31m[38;2;22;18;31m▓[0m[48;2;108;107;112m[38;2;108;107;112m%[0m[48;2;239;239;240m[38;2;239;239;240m [0m                              
                                         [48;2;230;229;231m[38;2;230;229;231m.[0m[48;2;218;218;219m[38;2;218;218;219m:[0m[48;2;216;215;216m[38;2;216;215;216m:[0m[48;2;27;24;28m[38;2;27;24;28m▓[0m[48;2;32;28;41m[38;2;32;28;41m▓[0m[48;2;36;31;48m[38;2;36;31;48m▓[0m[48;2;36;31;50m[38;2;36;31;50m▓[0m[48;2;37;31;52m[38;2;37;31;52m▓[0m[48;2;36;30;52m[38;2;36;30;52m▓[0m[48;2;36;30;51m[38;2;36;30;51m▓[0m[48;2;37;31;52m[38;2;37;31;52m▓[0m[48;2;37;31;52m[38;2;37;31;52m▓[0m[48;2;37;31;52m[38;2;37;31;52m▓[0m[48;2;35;30;49m[38;2;35;30;49m▓[0m[48;2;25;21;33m[38;2;25;21;33m▓[0m[48;2;182;181;184m[38;2;182;181;184m=[0m  [48;2;228;228;228m[38;2;228;228;228m.[0m[48;2;228;228;228m[38;2;228;228;228m.[0m[48;2;82;82;84m[38;2;82;82;84m@[0m[48;2;24;14;75m[38;2;24;14;75m▓[0m[48;2;17;14;32m[38;2;17;14;32m█[0m[48;2;36;30;50m[38;2;36;30;50m▓[0m[48;2;37;31;52m[38;2;37;31;52m▓[0m[48;2;37;31;52m[38;2;37;31;52m▓[0m[48;2;37;31;51m[38;2;37;31;51m▓[0m[48;2;30;26;41m[38;2;30;26;41m▓[0m[48;2;49;47;54m[38;2;49;47;54m▒[0m[48;2;223;223;224m[38;2;223;223;224m.[0m                             