                                                                                                    
                                                                                                    
                                                                                                    
                                                                                                    
                                                                                                    
                                                                                                    
                                                                                                    
                                                                                                    
                                                                                                    
                                                                                                    
                                                                                                    
                                               [48;2;235;235;235m[38;2;235;235;235m.[0m[48;2;212;212;213m[38;2;212;212;213m:[0m[48;2;199;199;200m[38;2;199;199;200m-[0m[48;2;193;193;194m[38;2;193;193;194m-[0m[48;2;201;201;201m[38;2;201;201;201m-[0m[48;2;212;211;212m[38;2;212;211;212m:[0m[48;2;236;236;236m[38;2;236;236;236m.[0m                                              
                                           [48;2;226;226;227m[38;2;226;226;227m.[0m[48;2;135;135;137m[38;2;135;135;137m*[0m[48;2;78;77;82m[38;2;78;77;82m@[0m[48;2;37;36;44m[38;2;37;36;44m▒[0m[48;2;25;24;34m[38;2;25;24;34m▓[0m[48;2;28;27;38m[38;2;28;27;38m▓[0m[48;2;31;29;41m[38;2;31;29;41m▓[0m[48;2;31;30;42m[38;2;31;30;42m▓[0m[48;2;29;29;41m[38;2;29;29;41m▓[0m[48;2;27;26;38m[38;2;27;26;38m▓[0m[48;2;22;21;33m[38;2;22;21;33m▓[0m[48;2;36;35;45m[38;2;36;35;45m▓[0m[48;2;74;72;81m[38;2;74;72;81m@[0m[48;2;124;123;127m[38;2;124;123;127m#[0m[48;2;205;205;207m[38;2;205;205;207m:[0m                                          
                                          [48;2;160;160;161m[38;2;160;160;161m+[0m[48;2;29;28;35m[38;2;29;28;35m▓[0m[48;2;38;37;51m[38;2;38;37;51m▒[0m[48;2;42;42;59m[38;2;42;42;59m▒[0m[48;2;41;43;59m[38;2;41;43;59m▒[0m[48;2;41;43;59m[38;2;41;43;59m▒[0m[48;2;41;43;59m[38;2;41;43;59m▒[0m[48;2;41;43;59m[38;2;41;43;59m▒[0m[48;2;40;44;59m[38;2;40;44;59m▒[0m[48;2;40;44;59m[38;2;40;44;59m▒[0m[48;2;40;44;59m[38;2;40;44;59m▒[0m[48;2;40;44;59m[38;2;40;44;59m▒[0m[48;2;41;43;59m[38;2;41;43;59m▒[0m[48;2;42;43;59m[38;2;42;43;59m▒[0m[48;2;47;45;60m[38;2;47;45;60m▒[0m[48;2;42;41;48m[38;2;42;41;48m▒[0m[48;2;77;76;81m[38;2;77;76;81m@[0m[48;2;137;136;139m[38;2;137;136;139m*[0m[48;2;211;211;212m[38;2;211;211;212m:[0m                                       
                                         [48;2;131;130;132m[38;2;131;130;132m*[0m[48;2;23;21;30m[38;2;23;21;30m▓[0m[48;2;43;42;57m[38;2;43;42;57m▒[0m[48;2;41;43;59m[38;2;41;43;59m▒[0m[48;2;40;44;59m[38;2;40;44;59m▒[0m[48;2;40;44;59m[38;2;40;44;59m▒[0m[48;2;40;44;59m[38;2;40;44;59m▒[0m[48;2;40;44;59m[38;2;40;44;59m▒[0m[48;2;40;44;59m[38;2;40;44;59m▒[0m[48;2;40;44;59m[38;2;40;44;59m▒[0m[48;2;40;44;59m[38;2;40;44;59m▒[0m[48;2;40;44;59m[38;2;40;44;59m▒[0m[48;2;40;44;59m[38;2;40;44;59m▒[0m[48;2;40;44;59m[38;2;40;44;59m▒[0m[48;2;45;46;62m[38;2;45;46;62m▒[0m[48;2;76;75;89m[38;2;76;75;89m@[0m[48;2;45;43;54m[38;2;45;43;54m▒[0m[48;2;16;13;22m[38;2;16;13;22m█[0m[48;2;129;122;130m[38;2;129;122;130m#[0m[48;2;78;71;78m[38;2;78;71;78m@[0m[48;2;95;92;96m[38;2;95;92;96m%[0m                                      
                                        [48;2;153;152;154m[38;2;153;152;154m+[0m[48;2;22;21;29m[38;2;22;21;29m▓[0m[48;2;44;43;58m[38;2;44;43;58m▒[0m[48;2;42;43;59m[38;2;42;43;59m▒[0m[48;2;40;44;59m[38;2;40;44;59m▒[0m[48;2;40;44;59m[38;2;40;44;59m▒[0m[48;2;40;44;59m[38;2;40;44;59m▒[0m[48;2;40;44;59m[38;2;40;44;59m▒[0m[48;2;40;44;59m[38;2;40;44;59m▒[0m[48;2;40;44;59m[38;2;40;44;59m▒[0m[48;2;40;44;59m[38;2;40;44;59m▒[0m[48;2;40;44;59m[38;2;40;44;59m▒[0m[48;2;40;44;59m[38;2;40;44;59m▒[0m[48;2;40;44;59m[38;2;40;44;59m▒[0m[48;2;43;46;62m[38;2;43;46;62m▒[0m[48;2;51;54;69m[38;2;51;54;69m▒[0m[48;2;43;42;58m[38;2;43;42;58m▒[0m[48;2;24;19;33m[38;2;24;19;33m▓[0m[48;2;96;84;98m[38;2;96;84;98m@[0m[48;2;157;140;154m[38;2;157;140;154m+[0m[48;2;160;140;155m[38;2;160;140;155m+[0m[48;2;125;113;123m[38;2;125;113;123m#[0m[48;2;67;62;66m[38;2;67;62;66m░[0m[48;2;231;230;230m[38;2;231;230;230m.[0m                                    
                                       [48;2;216;216;217m[38;2;216;216;217m:[0m[48;2;23;22;28m[38;2;23;22;28m▓[0m[48;2;43;41;56m[38;2;43;41;56m▒[0m[48;2;41;43;59m[38;2;41;43;59m▒[0m[48;2;40;44;59m[38;2;40;44;59m▒[0m[48;2;40;44;59m[38;2;40;44;59m▒[0m[48;2;40;44;59m[38;2;40;44;59m▒[0m[48;2;40;44;59m[38;2;40;44;59m▒[0m[48;2;40;44;59m[38;2;40;44;59m▒[0m[48;2;40;44;59m[38;2;40;44;59m▒[0m[48;2;40;44;59m[38;2;40;44;59m▒[0m[48;2;40;44;59m[38;2;40;44;59m▒[0m[48;2;40;44;59m[38;2;40;44;59m▒[0m[48;2;40;44;59m[38;2;40;44;59m▒[0m[48;2;50;50;66m[38;2;50;50;66m▒[0m[48;2;74;73;88m[38;2;74;73;88m@[0m[48;2;43;42;55m[38;2;43;42;55m▒[0m[48;2;23;20;33m[38;2;23;20;33m▓[0m[48;2;103;94;107m[38;2;103;94;107m%[0m[48;2;157;141;155m[38;2;157;141;155m+[0m[48;2;161;140;155m[38;2;161;140;155m+[0m[48;2;161;140;155m[38;2;161;140;155m+[0m[48;2;159;140;153m[38;2;159;140;153m+[0m[48;2;113;103;111m[38;2;113;103;111m%[0m[48;2;71;66;70m[38;2;71;66;70m░[0m                                    
                                      [48;2;202;202;202m[38;2;202;202;202m:[0m[48;2;26;24;28m[38;2;26;24;28m▓[0m[48;2;28;27;35m[38;2;28;27;35m▓[0m[48;2;43;44;58m[38;2;43;44;58m▒[0m[48;2;40;44;59m[38;2;40;44;59m▒[0m[48;2;40;44;59m[38;2;40;44;59m▒[0m[48;2;40;44;59m[38;2;40;44;59m▒[0m[48;2;40;44;59m[38;2;40;44;59m▒[0m[48;2;40;44;59m[38;2;40;44;59m▒[0m[48;2;40;44;59m[38;2;40;44;59m▒[0m[48;2;40;44;59m[38;2;40;44;59m▒[0m[48;2;40;44;59m[38;2;40;44;59m▒[0m[48;2;41;42;60m[38;2;41;42;60m▒[0m[48;2;44;44;61m[38;2;44;44;61m▒[0m[48;2;67;66;80m[38;2;67;66;80m░[0m[48;2;67;64;77m[38;2;67;64;77m░[0m[48;2;32;27;39m[38;2;32;27;39m▓[0m[48;2;46;40;51m[38;2;46;40;51m▒[0m[48;2;135;123;135m[38;2;135;123;135m#[0m[48;2;157;140;154m[38;2;157;140;154m+[0m[48;2;160;141;155m[38;2;160;141;155m+[0m[48;2;161;140;155m[38;2;161;140;155m+[0m[48;2;161;140;155m[38;2;161;140;155m+[0m[48;2;143;125;138m[38;2;143;125;138m*[0m[48;2;51;40;48m[38;2;51;40;48m▒[0m[48;2;80;72;78m[38;2;80;72;78m@[0m[48;2;162;160;162m[38;2;162;160;162m+[0m                                   
                                     [48;2;211;211;212m[38;2;211;211;212m:[0m[48;2;53;49;54m[38;2;53;49;54m▒[0m[48;2;49;44;51m[38;2;49;44;51m▒[0m[48;2;36;36;46m[38;2;36;36;46m▒[0m[48;2;41;43;58m[38;2;41;43;58m▒[0m[48;2;40;44;59m[38;2;40;44;59m▒[0m[48;2;40;44;59m[38;2;40;44;59m▒[0m[48;2;40;44;59m[38;2;40;44;59m▒[0m[48;2;40;44;59m[38;2;40;44;59m▒[0m[48;2;40;44;59m[38;2;40;44;59m▒[0m[48;2;40;44;59m[38;2;40;44;59m▒[0m[48;2;40;44;59m[38;2;40;44;59m▒[0m[48;2;53;53;69m[38;2;53;53;69m▒[0m[48;2;68;65;80m[38;2;68;65;80m░[0m[48;2;70;66;79m[38;2;70;66;79m░[0m[48;2;40;35;47m[38;2;40;35;47m▒[0m[48;2;38;30;41m[38;2;38;30;41m▓[0m[48;2;106;93;105m[38;2;106;93;105m%[0m[48;2;157;140;153m[38;2;157;140;153m+[0m[48;2;160;141;155m[38;2;160;141;155m+[0m[48;2;161;140;155m[38;2;161;140;155m+[0m[48;2;161;140;155m[38;2;161;140;155m+[0m[48;2;161;140;155m[38;2;161;140;155m+[0m[48;2;160;140;155m[38;2;160;140;155m+[0m[48;2;126;111;123m[38;2;126;111;123m#[0m[48;2;13;7;14m[38;2;13;7;14m█[0m[48;2;91;86;91m[38;2;91;86;91m@[0m[48;2;105;102;105m[38;2;105;102;105m%[0m                                   
                                     [48;2;60;58;60m[38;2;60;58;60m░[0m[48;2;80;72;79m[38;2;80;72;79m@[0m[48;2;51;42;52m[38;2;51;42;52m▒[0m[48;2;33;33;43m[38;2;33;33;43m▓[0m[48;2;41;43;58m[38;2;41;43;58m▒[0m[48;2;40;44;59m[38;2;40;44;59m▒[0m[48;2;40;44;59m[38;2;40;44;59m▒[0m[48;2;40;44;59m[38;2;40;44;59m▒[0m[48;2;40;44;59m[38;2;40;44;59m▒[0m[48;2;40;44;59m[38;2;40;44;59m▒[0m[48;2;49;50;64m[38;2;49;50;64m▒[0m[48;2;70;69;81m[38;2;70;69;81m░[0m[48;2;47;44;59m[38;2;47;44;59m▒[0m[48;2;33;29;43m[38;2;33;29;43m▓[0m[48;2;38;30;43m[38;2;38;30;43m▓[0m[48;2;99;88;98m[38;2;99;88;98m%[0m[48;2;156;138;151m[38;2;156;138;151m*[0m[48;2;161;140;155m[38;2;161;140;155m+[0m[48;2;161;140;155m[38;2;161;140;155m+[0m[48;2;161;140;155m[38;2;161;140;155m+[0m[48;2;161;140;155m[38;2;161;140;155m+[0m[48;2;161;140;155m[38;2;161;140;155m+[0m[48;2;161;140;155m[38;2;161;140;155m+[0m[48;2;161;140;155m[38;2;161;140;155m+[0m[48;2;83;71;82m[38;2;83;71;82m@[0m[48;2;11;8;12m[38;2;11;8;12m█[0m[48;2;17;15;18m[38;2;17;15;18m█[0m[48;2;151;148;152m[38;2;151;148;152m+[0m                                   
                                    [48;2;160;160;160m[38;2;160;160;160m+[0m[48;2;81;74;79m[38;2;81;74;79m@[0m[48;2;76;64;73m[38;2;76;64;73m░[0m[48;2;94;82;93m[38;2;94;82;93m@[0m[48;2;28;21;32m[38;2;28;21;32m▓[0m[48;2;57;54;68m[38;2;57;54;68m░[0m[48;2;45;44;60m[38;2;45;44;60m▒[0m[48;2;47;47;63m[38;2;47;47;63m▒[0m[48;2;57;57;72m[38;2;57;57;72m░[0m[48;2;66;66;78m[38;2;66;66;78m░[0m[48;2;66;65;75m[38;2;66;65;75m░[0m[48;2;53;50;60m[38;2;53;50;60m▒[0m[48;2;25;21;31m[38;2;25;21;31m▓[0m[48;2;58;49;59m[38;2;58;49;59m▒[0m[48;2;113;99;111m[38;2;113;99;111m%[0m[48;2;157;138;152m[38;2;157;138;152m*[0m[48;2;160;140;154m[38;2;160;140;154m+[0m[48;2;161;140;155m[38;2;161;140;155m+[0m[48;2;161;140;155m[38;2;161;140;155m+[0m[48;2;161;140;155m[38;2;161;140;155m+[0m[48;2;161;140;155m[38;2;161;140;155m+[0m[48;2;161;140;155m[38;2;161;140;155m+[0m[48;2;161;140;155m[38;2;161;140;155m+[0m[48;2;161;140;155m[38;2;161;140;155m+[0m[48;2;155;135;149m[38;2;155;135;149m*[0m[48;2;33;24;30m[38;2;33;24;30m▓[0m[48;2;159;154;158m[38;2;159;154;158m+[0m[48;2;92;88;92m[38;2;92;88;92m@[0m[48;2;204;202;204m[38;2;204;202;204m:[0m                                   
                                    [48;2;82;81;81m[38;2;82;81;81m@[0m[48;2;135;123;132m[38;2;135;123;132m#[0m[48;2;128;112;124m[38;2;128;112;124m#[0m[48;2;57;47;57m[38;2;57;47;57m▒[0m[48;2;134;121;132m[38;2;134;121;132m#[0m[48;2;68;58;68m[38;2;68;58;68m░[0m[48;2;40;32;42m[38;2;40;32;42m▓[0m[48;2;38;31;41m[38;2;38;31;41m▓[0m[48;2;40;33;43m[38;2;40;33;43m▓[0m[48;2;50;41;53m[38;2;50;41;53m▒[0m[48;2;70;60;71m[38;2;70;60;71m░[0m[48;2;106;93;104m[38;2;106;93;104m%[0m[48;2;148;132;145m[38;2;148;132;145m*[0m[48;2;160;142;155m[38;2;160;142;155m+[0m[48;2;160;141;155m[38;2;160;141;155m+[0m[48;2;156;137;151m[38;2;156;137;151m*[0m[48;2;116;101;111m[38;2;116;101;111m%[0m[48;2;79;63;75m[38;2;79;63;75m░[0m[48;2;156;137;151m[38;2;156;137;151m*[0m[48;2;161;140;155m[38;2;161;140;155m+[0m[48;2;161;140;155m[38;2;161;140;155m+[0m[48;2;161;140;155m[38;2;161;140;155m+[0m[48;2;161;140;155m[38;2;161;140;155m+[0m[48;2;160;139;154m[38;2;160;139;154m+[0m[48;2;73;58;69m[38;2;73;58;69m░[0m[48;2;135;129;132m[38;2;135;129;132m*[0m[48;2;133;128;130m[38;2;133;128;130m*[0m[48;2;40;36;39m[38;2;40;36;39m▒[0m[48;2;92;90;92m[38;2;92;90;92m@[0m[48;2;113;111;112m[38;2;113;111;112m#[0m[48;2;192;192;192m[38;2;192;192;192m-[0m                                 
                                    [48;2;52;50;51m[38;2;52;50;51m▒[0m[48;2;155;140;150m[38;2;155;140;150m*[0m[48;2;160;141;155m[38;2;160;141;155m+[0m[48;2;33;23;31m[38;2;33;23;31m▓[0m[48;2;54;45;53m[38;2;54;45;53m▒[0m[48;2;127;114;124m[38;2;127;114;124m#[0m[48;2;156;141;152m[38;2;156;141;152m+[0m[48;2;155;140;152m[38;2;155;140;152m*[0m[48;2;158;141;154m[38;2;158;141;154m+[0m[48;2;159;141;154m[38;2;159;141;154m+[0m[48;2;150;134;146m[38;2;150;134;146m*[0m[48;2;135;119;131m[38;2;135;119;131m#[0m[48;2;114;99;111m[38;2;114;99;111m%[0m[48;2;88;73;85m[38;2;88;73;85m@[0m[48;2;76;63;74m[38;2;76;63;74m░[0m[48;2;78;65;75m[38;2;78;65;75m░[0m[48;2;111;96;108m[38;2;111;96;108m%[0m[48;2;154;136;150m[38;2;154;136;150m*[0m[48;2;161;140;155m[38;2;161;140;155m+[0m[48;2;161;140;155m[38;2;161;140;155m+[0m[48;2;161;140;155m[38;2;161;140;155m+[0m[48;2;161;140;155m[38;2;161;140;155m+[0m[48;2;155;134;149m[38;2;155;134;149m*[0m[48;2;68;53;65m[38;2;68;53;65m░[0m[48;2;17;10;17m[38;2;17;10;17m█[0m[48;2;107;101;105m[38;2;107;101;105m%[0m[48;2;127;122;124m[38;2;127;122;124m#[0m[48;2;129;126;128m[38;2;129;126;128m#[0m[48;2;177;174;176m[38;2;177;174;176m=[0m[48;2;57;55;57m[38;2;57;55;57m░[0m[48;2;165;163;164m[38;2;165;163;164m+[0m                                 
                                    [48;2;58;57;58m[38;2;58;57;58m░[0m[48;2;152;137;147m[38;2;152;137;147m*[0m[48;2;159;141;154m[38;2;159;141;154m+[0m[48;2;23;14;22m[38;2;23;14;22m█[0m[48;2;11;6;12m[38;2;11;6;12m█[0m[48;2;25;21;27m[38;2;25;21;27m▓[0m[48;2;15;11;17m[38;2;15;11;17m█[0m[48;2;25;19;26m[38;2;25;19;26m▓[0m[48;2;69;60;68m[38;2;69;60;68m░[0m[48;2;78;67;76m[38;2;78;67;76m░[0m[48;2;85;74;83m[38;2;85;74;83m@[0m[48;2;101;88;97m[38;2;101;88;97m%[0m[48;2;125;108;121m[38;2;125;108;121m#[0m[48;2;150;132;146m[38;2;150;132;146m*[0m[48;2;160;140;155m[38;2;160;140;155m+[0m[48;2;160;141;155m[38;2;160;141;155m+[0m[48;2;161;140;155m[38;2;161;140;155m+[0m[48;2;161;140;155m[38;2;161;140;155m+[0m[48;2;161;140;155m[38;2;161;140;155m+[0m[48;2;161;140;155m[38;2;161;140;155m+[0m[48;2;161;140;155m[38;2;161;140;155m+[0m[48;2;145;126;140m[38;2;145;126;140m*[0m[48;2;38;28;39m[38;2;38;28;39m▓[0m[48;2;16;11;20m[38;2;16;11;20m█[0m[48;2;51;46;52m[38;2;51;46;52m▒[0m [48;2;129;126;127m[38;2;129;126;127m#[0m[48;2;58;55;57m[38;2;58;55;57m░[0m[48;2;134;132;134m[38;2;134;132;134m*[0m[48;2;153;151;154m[38;2;153;151;154m+[0m[48;2;96;95;96m[38;2;96;95;96m%[0m                                 
                                    [48;2;87;85;86m[38;2;87;85;86m@[0m[48;2;112;99;107m[38;2;112;99;107m%[0m[48;2;160;142;154m[38;2;160;142;154m+[0m[48;2;31;21;30m[38;2;31;21;30m▓[0m[48;2;27;21;29m[38;2;27;21;29m▓[0m[48;2;20;16;23m[38;2;20;16;23m█[0m[48;2;29;26;32m[38;2;29;26;32m▓[0m[48;2;20;14;21m[38;2;20;14;21m█[0m[48;2;129;117;127m[38;2;129;117;127m#[0m[48;2;160;141;155m[38;2;160;141;155m+[0m[48;2;161;140;155m[38;2;161;140;155m+[0m[48;2;161;140;155m[38;2;161;140;155m+[0m[48;2;161;140;155m[38;2;161;140;155m+[0m[48;2;161;140;155m[38;2;161;140;155m+[0m[48;2;161;140;155m[38;2;161;140;155m+[0m[48;2;161;140;155m[38;2;161;140;155m+[0m[48;2;161;140;155m[38;2;161;140;155m+[0m[48;2;161;140;155m[38;2;161;140;155m+[0m[48;2;161;140;155m[38;2;161;140;155m+[0m[48;2;161;140;155m[38;2;161;140;155m+[0m[48;2;160;139;154m[38;2;160;139;154m+[0m[48;2;51;38;50m[38;2;51;38;50m▒[0m[48;2;29;23;36m[38;2;29;23;36m▓[0m[48;2;26;22;34m[38;2;26;22;34m▓[0m[48;2;125;121;127m[38;2;125;121;127m#[0m [48;2;152;149;152m[38;2;152;149;152m+[0m[48;2;114;110;113m[38;2;114;110;113m#[0m[48;2;202;199;203m[38;2;202;199;203m-[0m[48;2;196;194;198m[38;2;196;194;198m-[0m[48;2;47;44;48m[38;2;47;44;48m▒[0m                                 
                                    [48;2;157;156;156m[38;2;157;156;156m+[0m[48;2;42;34;39m[38;2;42;34;39m▒[0m[48;2;159;142;152m[38;2;159;142;152m+[0m[48;2;112;98;108m[38;2;112;98;108m%[0m[48;2;41;31;39m[38;2;41;31;39m▓[0m[48;2;10;5;11m[38;2;10;5;11m█[0m[48;2;17;14;20m[38;2;17;14;20m█[0m[48;2;24;19;26m[38;2;24;19;26m▓[0m[48;2;32;24;30m[38;2;32;24;30m▓[0m[48;2;144;128;141m[38;2;144;128;141m*[0m[48;2;161;140;155m[38;2;161;140;155m+[0m[48;2;161;140;155m[38;2;161;140;155m+[0m[48;2;161;140;155m[38;2;161;140;155m+[0m[48;2;161;140;155m[38;2;161;140;155m+[0m[48;2;161;140;155m[38;2;161;140;155m+[0m[48;2;161;140;155m[38;2;161;140;155m+[0m[48;2;119;100;113m[38;2;119;100;113m%[0m[48;2;130;112;124m[38;2;130;112;124m#[0m[48;2;158;138;152m[38;2;158;138;152m*[0m[48;2;161;140;155m[38;2;161;140;155m+[0m[48;2;145;126;140m[38;2;145;126;140m*[0m[48;2;17;8;19m[38;2;17;8;19m█[0m[48;2;38;32;49m[38;2;38;32;49m▓[0m[48;2;20;16;30m[38;2;20;16;30m▓[0m[48;2;161;158;162m[38;2;161;158;162m+[0m [48;2;222;219;221m[38;2;222;219;221m.[0m[48;2;54;51;54m[38;2;54;51;54m▒[0m[48;2;196;192;196m[38;2;196;192;196m-[0m[48;2;197;194;198m[38;2;197;194;198m-[0m[48;2;47;44;48m[38;2;47;44;48m▒[0m                                 
                                     [48;2;89;86;88m[38;2;89;86;88m@[0m[48;2;117;105;114m[38;2;117;105;114m%[0m[48;2;161;141;154m[38;2;161;141;154m+[0m[48;2;150;131;144m[38;2;150;131;144m*[0m[48;2;64;52;61m[38;2;64;52;61m░[0m[48;2;32;24;31m[38;2;32;24;31m▓[0m[48;2;51;44;51m[38;2;51;44;51m▒[0m[48;2;60;52;60m[38;2;60;52;60m░[0m[48;2;114;101;112m[38;2;114;101;112m%[0m[48;2;158;138;152m[38;2;158;138;152m*[0m[48;2;161;140;155m[38;2;161;140;155m+[0m[48;2;161;140;155m[38;2;161;140;155m+[0m[48;2;161;140;155m[38;2;161;140;155m+[0m[48;2;161;140;155m[38;2;161;140;155m+[0m[48;2;161;140;155m[38;2;161;140;155m+[0m[48;2;148;128;143m[38;2;148;128;143m*[0m[48;2;104;86;99m[38;2;104;86;99m%[0m[48;2;80;64;76m[38;2;80;64;76m░[0m[48;2;80;65;76m[38;2;80;65;76m░[0m[48;2;73;58;71m[38;2;73;58;71m░[0m[48;2;15;5;17m[38;2;15;5;17m█[0m[48;2;29;20;36m[38;2;29;20;36m▓[0m[48;2;16;10;23m[38;2;16;10;23m█[0m[48;2;110;106;112m[38;2;110;106;112m%[0m[48;2;180;177;180m[38;2;180;177;180m=[0m[48;2;189;187;188m[38;2;189;187;188m-[0m[48;2;132;130;131m[38;2;132;130;131m*[0m[48;2;50;47;51m[38;2;50;47;51m▒[0m[48;2;66;63;67m[38;2;66;63;67m░[0m[48;2;54;51;55m[38;2;54;51;55m▒[0m[48;2;115;112;116m[38;2;115;112;116m#[0m[48;2;74;71;75m[38;2;74;71;75m░[0m[48;2;58;56;59m[38;2;58;56;59m░[0m[48;2;137;135;138m[38;2;137;135;138m*[0m                             
                                      [48;2;88;83;87m[38;2;88;83;87m@[0m[48;2;111;96;106m[38;2;111;96;106m%[0m[48;2;161;140;155m[38;2;161;140;155m+[0m[48;2;161;140;155m[38;2;161;140;155m+[0m[48;2;145;126;139m[38;2;145;126;139m*[0m[48;2;64;51;61m[38;2;64;51;61m░[0m[48;2;92;81;92m[38;2;92;81;92m@[0m[48;2;30;22;30m[38;2;30;22;30m▓[0m[48;2;19;10;18m[38;2;19;10;18m█[0m[48;2;74;62;72m[38;2;74;62;72m░[0m[48;2;160;140;155m[38;2;160;140;155m+[0m[48;2;161;140;155m[38;2;161;140;155m+[0m[48;2;161;140;155m[38;2;161;140;155m+[0m[48;2;161;140;155m[38;2;161;140;155m+[0m[48;2;161;140;155m[38;2;161;140;155m+[0m[48;2;161;140;155m[38;2;161;140;155m+[0m[48;2;161;140;155m[38;2;161;140;155m+[0m[48;2;161;140;155m[38;2;161;140;155m+[0m[48;2;158;139;153m[38;2;158;139;153m*[0m[48;2;142;125;138m[38;2;142;125;138m*[0m[48;2;134;117;130m[38;2;134;117;130m#[0m[48;2;127;109;123m[38;2;127;109;123m#[0m[48;2;123;107;118m[38;2;123;107;118m#[0m[48;2;113;101;110m[38;2;113;101;110m%[0m[48;2;103;94;101m[38;2;103;94;101m%[0m[48;2;84;75;82m[38;2;84;75;82m@[0m[48;2;62;54;61m[38;2;62;54;61m░[0m[48;2;43;36;42m[38;2;43;36;42m▒[0m[48;2;28;23;28m[38;2;28;23;28m▓[0m[48;2;13;8;14m[38;2;13;8;14m█[0m[48;2;47;43;49m[38;2;47;43;49m▒[0m[48;2;100;98;103m[38;2;100;98;103m%[0m[48;2;109;108;111m[38;2;109;108;111m%[0m[48;2;178;177;179m[38;2;178;177;179m=[0m                            
                                       [48;2;126;123;125m[38;2;126;123;125m#[0m[48;2;78;68;76m[38;2;78;68;76m░[0m[48;2;154;137;150m[38;2;154;137;150m*[0m[48;2;160;141;155m[38;2;160;141;155m+[0m[48;2;159;139;154m[38;2;159;139;154m+[0m[48;2;125;108;121m[38;2;125;108;121m#[0m[48;2;94;79;91m[38;2;94;79;91m@[0m[48;2;118;104;115m[38;2;118;104;115m%[0m[48;2;82;68;80m[38;2;82;68;80m@[0m[48;2;156;137;151m[38;2;156;137;151m*[0m[48;2;161;140;155m[38;2;161;140;155m+[0m[48;2;161;140;155m[38;2;161;140;155m+[0m[48;2;161;140;155m[38;2;161;140;155m+[0m[48;2;161;140;155m[38;2;161;140;155m+[0m[48;2;161;140;155m[38;2;161;140;155m+[0m[48;2;160;140;154m[38;2;160;140;154m+[0m[48;2;94;77;90m[38;2;94;77;90m@[0m[48;2;81;66;78m[38;2;81;66;78m░[0m[48;2;79;65;76m[38;2;79;65;76m░[0m[48;2;79;67;76m[38;2;79;67;76m░[0m[48;2;79;67;76m[38;2;79;67;76m░[0m[48;2;79;66;75m[38;2;79;66;75m░[0m[48;2;77;64;74m[38;2;77;64;74m░[0m[48;2;85;71;82m[38;2;85;71;82m@[0m[48;2;101;87;97m[38;2;101;87;97m%[0m[48;2;118;105;115m[38;2;118;105;115m#[0m[48;2;112;99;109m[38;2;112;99;109m%[0m[48;2;93;83;91m[38;2;93;83;91m@[0m[48;2;66;57;64m[38;2;66;57;64m░[0m[48;2;75;69;75m[38;2;75;69;75m░[0m[48;2;132;129;134m[38;2;132;129;134m*[0m[48;2;222;220;223m[38;2;222;220;223m.[0m                             
                                        [48;2;192;190;192m[38;2;192;190;192m-[0m[48;2;71;64;71m[38;2;71;64;71m░[0m[48;2;112;99;111m[38;2;112;99;111m%[0m[48;2;160;140;154m[38;2;160;140;154m+[0m[48;2;160;139;154m[38;2;160;139;154m+[0m[48;2;161;140;155m[38;2;161;140;155m+[0m[48;2;160;140;155m[38;2;160;140;155m+[0m[48;2;121;102;116m[38;2;121;102;116m%[0m[48;2;68;53;65m[38;2;68;53;65m░[0m[48;2;83;70;81m[38;2;83;70;81m@[0m[48;2;96;81;92m[38;2;96;81;92m@[0m[48;2;102;88;99m[38;2;102;88;99m%[0m[48;2;108;94;105m[38;2;108;94;105m%[0m[48;2;113;100;111m[38;2;113;100;111m%[0m[48;2;117;103;115m[38;2;117;103;115m%[0m[48;2;119;104;116m[38;2;119;104;116m#[0m[48;2;117;103;115m[38;2;117;103;115m%[0m[48;2;111;99;110m[38;2;111;99;110m%[0m[48;2;103;92;101m[38;2;103;92;101m%[0m[48;2;95;84;92m[38;2;95;84;92m@[0m[48;2;81;70;79m[38;2;81;70;79m@[0m[48;2;78;69;76m[38;2;78;69;76m░[0m[48;2;92;84;90m[38;2;92;84;90m@[0m[48;2;102;95;100m[38;2;102;95;100m%[0m[48;2;90;84;91m[38;2;90;84;91m@[0m[48;2;84;79;84m[38;2;84;79;84m@[0m[48;2;81;75;80m[38;2;81;75;80m@[0m[48;2;152;147;151m[38;2;152;147;151m+[0m                                
                                        [48;2;233;232;231m[38;2;233;232;231m.[0m[48;2;34;32;35m[38;2;34;32;35m▓[0m[48;2;25;21;29m[38;2;25;21;29m▓[0m[48;2;45;37;49m[38;2;45;37;49m▒[0m[48;2;106;91;104m[38;2;106;91;104m%[0m[48;2;152;134;148m[38;2;152;134;148m*[0m[48;2;160;141;155m[38;2;160;141;155m+[0m[48;2;160;141;155m[38;2;160;141;155m+[0m[48;2;160;141;155m[38;2;160;141;155m+[0m[48;2;147;129;143m[38;2;147;129;143m*[0m[48;2;108;91;103m[38;2;108;91;103m%[0m[48;2;79;65;75m[38;2;79;65;75m░[0m[48;2;60;49;57m[38;2;60;49;57m▒[0m[48;2;43;33;41m[38;2;43;33;41m▒[0m[48;2;41;32;39m[38;2;41;32;39m▓[0m[48;2;31;22;30m[38;2;31;22;30m▓[0m[48;2;20;12;19m[38;2;20;12;19m█[0m[48;2;23;15;22m[38;2;23;15;22m█[0m[48;2;26;18;27m[38;2;26;18;27m▓[0m[48;2;29;23;31m[38;2;29;23;31m▓[0m[48;2;34;28;34m[38;2;34;28;34m▓[0m[48;2;42;38;43m[38;2;42;38;43m▒[0m[48;2;43;40;44m[38;2;43;40;44m▒[0m[48;2;20;18;22m[38;2;20;18;22m▓[0m[48;2;56;54;60m[38;2;56;54;60m░[0m[48;2;129;126;131m[38;2;129;126;131m#[0m[48;2;215;212;216m[38;2;215;212;216m:[0m                                 
                                        [48;2;94;93;95m[38;2;94;93;95m%[0m[48;2;7;5;11m[38;2;7;5;11m█[0m[48;2;72;64;103m[38;2;72;64;103m░[0m[48;2;18;9;56m[38;2;18;9;56m█[0m[48;2;64;52;110m[38;2;64;52;110m░[0m[48;2;49;40;81m[38;2;49;40;81m▒[0m[48;2;54;47;61m[38;2;54;47;61m▒[0m[48;2;75;67;75m[38;2;75;67;75m░[0m[48;2;93;83;93m[38;2;93;83;93m@[0m[48;2;103;92;103m[38;2;103;92;103m%[0m[48;2;113;99;112m[38;2;113;99;112m%[0m[48;2;115;101;114m[38;2;115;101;114m%[0m[48;2;117;102;115m[38;2;117;102;115m%[0m[48;2;118;105;116m[38;2;118;105;116m#[0m[48;2;117;104;115m[38;2;117;104;115m%[0m[48;2;107;94;105m[38;2;107;94;105m%[0m[48;2;95;84;94m[38;2;95;84;94m@[0m[48;2;80;69;80m[38;2;80;69;80m@[0m[48;2;63;54;64m[38;2;63;54;64m░[0m[48;2;46;39;49m[38;2;46;39;49m▒[0m[48;2;28;22;34m[38;2;28;22;34m▓[0m[48;2;16;11;22m[38;2;16;11;22m█[0m[48;2;94;90;97m[38;2;94;90;97m%[0m[48;2;239;238;241m[38;2;239;238;241m [0m                                    
                                       [48;2;195;195;195m[38;2;195;195;195m-[0m[48;2;14;13;18m[38;2;14;13;18m█[0m[48;2;12;9;28m[38;2;12;9;28m█[0m[48;2;84;70;147m[38;2;84;70;147m@[0m[48;2;28;19;61m[38;2;28;19;61m▓[0m[48;2;81;70;136m[38;2;81;70;136m@[0m[48;2;90;77;156m[38;2;90;77;156m@[0m[48;2;70;61;110m[38;2;70;61;110m░[0m[48;2;13;9;27m[38;2;13;9;27m█[0m[48;2;31;26;42m[38;2;31;26;42m▓[0m[48;2;31;26;43m[38;2;31;26;43m▓[0m[48;2;29;24;40m[38;2;29;24;40m▓[0m[48;2;29;24;40m[38;2;29;24;40m▓[0m[48;2;30;24;41m[38;2;30;24;41m▓[0m[48;2;28;23;40m[38;2;28;23;40m▓[0m[48;2;28;23;40m[38;2;28;23;40m▓[0m[48;2;30;25;42m[38;2;30;25;42m▓[0m[48;2;31;26;43m[38;2;31;26;43m▓[0m[48;2;36;30;49m[38;2;36;30;49m▓[0m[48;2;37;31;51m[38;2;37;31;51m▓[0m[48;2;37;31;52m[38;2;37;31;52m▓[0m[48;2;31;25;47m[38;2;31;25;47m▓[0m[48;2;14;10;26m[38;2;14;10;26m█[0m[48;2;8;5;14m[38;2;8;5;14m█[0m[48;2;134;132;136m[38;2;134;132;136m*[0m[48;2;237;236;238m[38;2;237;236;238m.[0m                                   
                                       [48;2;67;67;68m[38;2;67;67;68m░[0m[48;2;22;22;27m[38;2;22;22;27m▓[0m[48;2;22;17;44m[38;2;22;17;44m▓[0m[48;2;86;74;148m[38;2;86;74;148m@[0m[48;2;52;45;80m[38;2;52;45;80m▒[0m[48;2;57;47;104m[38;2;57;47;104m░[0m[48;2;82;66;160m[38;2;82;66;160m@[0m[48;2;91;79;151m[38;2;91;79;151m@[0m[48;2;50;39;102m[38;2;50;39;102m▒[0m[48;2;16;11;36m[38;2;16;11;36m█[0m[48;2;35;31;48m[38;2;35;31;48m▓[0m[48;2;37;31;52m[38;2;37;31;52m▓[0m[48;2;37;31;52m[38;2;37;31;52m▓[0m[48;2;37;31;52m[38;2;37;31;52m▓[0m[48;2;37;31;52m[38;2;37;31;52m▓[0m[48;2;37;31;52m[38;2;37;31;52m▓[0m[48;2;37;31;52m[38;2;37;31;52m▓[0m[48;2;37;31;52m[38;2;37;31;52m▓[0m[48;2;37;31;52m[38;2;37;31;52m▓[0m[48;2;37;31;52m[38;2;37;31;52m▓[0m[48;2;37;31;52m[38;2;37;31;52m▓[0m[48;2;37;31;52m[38;2;37;31;52m▓[0m[48;2;37;31;52m[38;2;37;31;52m▓[0m[48;2;32;26;45m[38;2;32;26;45m▓[0m[48;2;26;21;38m[38;2;26;21;38m▓[0m[48;2;23;18;33m[38;2;23;18;33m▓[0m[48;2;38;34;46m[38;2;38;34;46m▓[0m[48;2;61;57;67m[38;2;61;57;67m░[0m[48;2;82;79;87m[38;2;82;79;87m@[0m[48;2;98;96;102m[38;2;98;96;102m%[0m[48;2;109;107;111m[38;2;109;107;111m%[0m[48;2;121;120;125m[38;2;121;120;125m#[0m[48;2;132;131;134m[38;2;132;131;134m*[0m[48;2;144;142;145m[38;2;144;142;145m*[0m[48;2;152;150;153m[38;2;152;150;153m+[0m[48;2;154;152;155m[38;2;154;152;155m+[0m[48;2;157;157;158m[38;2;157;157;158m+[0m[48;2;207;206;207m[38;2;207;206;207m:[0m                       
                                      [48;2;204;204;204m[38;2;204;204;204m:[0m[48;2;14;13;17m[38;2;14;13;17m█[0m[48;2;38;34;49m[38;2;38;34;49m▒[0m[48;2;39;35;44m[38;2;39;35;44m▒[0m[48;2;43;39;47m[38;2;43;39;47m▒[0m[48;2;29;24;38m[38;2;29;24;38m▓[0m[48;2;22;15;52m[38;2;22;15;52m▓[0m[48;2;87;73;152m[38;2;87;73;152m@[0m[48;2;86;71;155m[38;2;86;71;155m@[0m[48;2;64;52;124m[38;2;64;52;124m░[0m[48;2;15;7;40m[38;2;15;7;40m█[0m[48;2;40;35;47m[38;2;40;35;47m▒[0m[48;2;39;34;52m[38;2;39;34;52m▒[0m[48;2;37;31;52m[38;2;37;31;52m▓[0m[48;2;37;31;52m[38;2;37;31;52m▓[0m[48;2;37;31;52m[38;2;37;31;52m▓[0m[48;2;37;31;52m[38;2;37;31;52m▓[0m[48;2;37;31;52m[38;2;37;31;52m▓[0m[48;2;37;31;52m[38;2;37;31;52m▓[0m[48;2;37;31;52m[38;2;37;31;52m▓[0m[48;2;37;31;52m[38;2;37;31;52m▓[0m[48;2;37;31;52m[38;2;37;31;52m▓[0m[48;2;37;31;52m[38;2;37;31;52m▓[0m[48;2;37;31;52m[38;2;37;31;52m▓[0m[48;2;37;31;52m[38;2;37;31;52m▓[0m[48;2;37;31;52m[38;2;37;31;52m▓[0m[48;2;37;31;52m[38;2;37;31;52m▓[0m[48;2;37;31;52m[38;2;37;31;52m▓[0m[48;2;37;31;52m[38;2;37;31;52m▓[0m[48;2;37;31;51m[38;2;37;31;51m▓[0m[48;2;37;31;51m[38;2;37;31;51m▓[0m[48;2;36;31;51m[38;2;36;31;51m▓[0m[48;2;36;30;51m[38;2;36;30;51m▓[0m[48;2;36;30;50m[38;2;36;30;50m▓[0m[48;2;34;29;47m[38;2;34;29;47m▓[0m[48;2;32;27;46m[38;2;32;27;46m▓[0m[48;2;32;27;45m[38;2;32;27;45m▓[0m[48;2;22;19;27m[38;2;22;19;27m▓[0m[48;2;135;133;136m[38;2;135;133;136m*[0m                       
                                      [48;2;114;114;114m[38;2;114;114;114m#[0m[48;2;24;22;32m[38;2;24;22;32m▓[0m[48;2;59;54;71m[38;2;59;54;71m░[0m[48;2;37;34;41m[38;2;37;34;41m▓[0m[48;2;145;142;146m[38;2;145;142;146m*[0m[48;2;77;74;79m[38;2;77;74;79m@[0m[48;2;49;45;54m[38;2;49;45;54m▒[0m[48;2;53;44;91m[38;2;53;44;91m▒[0m[48;2;50;44;66m[38;2;50;44;66m▒[0m[48;2;147;145;151m[38;2;147;145;151m*[0m[48;2;134;131;137m[38;2;134;131;137m*[0m[48;2;36;32;40m[38;2;36;32;40m▓[0m[48;2;56;51;61m[38;2;56;51;61m▒[0m[48;2;62;57;71m[38;2;62;57;71m░[0m[48;2;40;35;54m[38;2;40;35;54m▒[0m[48;2;37;31;52m[38;2;37;31;52m▓[0m[48;2;37;31;52m[38;2;37;31;52m▓[0m[48;2;37;31;52m[38;2;37;31;52m▓[0m[48;2;37;31;52m[38;2;37;31;52m▓[0m[48;2;37;31;52m[38;2;37;31;52m▓[0m[48;2;37;31;52m[38;2;37;31;52m▓[0m[48;2;37;31;52m[38;2;37;31;52m▓[0m[48;2;37;31;52m[38;2;37;31;52m▓[0m[48;2;37;31;52m[38;2;37;31;52m▓[0m[48;2;37;31;52m[38;2;37;31;52m▓[0m[48;2;37;31;52m[38;2;37;31;52m▓[0m[48;2;37;31;52m[38;2;37;31;52m▓[0m[48;2;37;31;52m[38;2;37;31;52m▓[0m[48;2;37;31;52m[38;2;37;31;52m▓[0m[48;2;37;31;52m[38;2;37;31;52m▓[0m[48;2;37;31;52m[38;2;37;31;52m▓[0m[48;2;37;31;52m[38;2;37;31;52m▓[0m[48;2;37;31;52m[38;2;37;31;52m▓[0m[48;2;37;31;52m[38;2;37;31;52m▓[0m[48;2;37;31;52m[38;2;37;31;52m▓[0m[48;2;37;31;52m[38;2;37;31;52m▓[0m[48;2;37;31;51m[38;2;37;31;51m▓[0m[48;2;21;17;29m[38;2;21;17;29m▓[0m[48;2;208;206;209m[38;2;208;206;209m:[0m                       