                                                                                                    
                                                                                                    
                                                                                                    
                                                                                                    
                                                                                                    
                                                                                                    
                                                                                                    
                                                                                                    
                                                                                                    
                                                                                                    
                                                                                                    
                                               [48;2;237;237;237m[38;2;237;237;237m.[0m[48;2;216;216;216m[38;2;216;216;216m:[0m[48;2;203;203;203m[38;2;203;203;203m:[0m[48;2;200;200;200m[38;2;200;200;200m-[0m[48;2;206;206;207m[38;2;206;206;207m:[0m[48;2;225;225;225m[38;2;225;225;225m.[0m                                               
                                           [48;2;190;189;190m[38;2;190;189;190m-[0m[48;2;123;123;125m[38;2;123;123;125m#[0m[48;2;73;72;77m[38;2;73;72;77m░[0m[48;2;39;38;47m[38;2;39;38;47m▒[0m[48;2;26;24;35m[38;2;26;24;35m▓[0m[48;2;28;26;38m[38;2;28;26;38m▓[0m[48;2;31;29;41m[38;2;31;29;41m▓[0m[48;2;31;29;41m[38;2;31;29;41m▓[0m[48;2;29;27;39m[38;2;29;27;39m▓[0m[48;2;26;24;36m[38;2;26;24;36m▓[0m[48;2;31;29;40m[38;2;31;29;40m▓[0m[48;2;74;72;81m[38;2;74;72;81m@[0m[48;2;138;137;142m[38;2;138;137;142m*[0m[48;2;230;230;231m[38;2;230;230;231m.[0m                                           
                                        [48;2;234;234;234m[38;2;234;234;234m.[0m[48;2;124;123;126m[38;2;124;123;126m#[0m[48;2;40;38;45m[38;2;40;38;45m▒[0m[48;2;30;28;40m[38;2;30;28;40m▓[0m[48;2;44;41;56m[38;2;44;41;56m▒[0m[48;2;47;45;61m[38;2;47;45;61m▒[0m[48;2;44;42;58m[38;2;44;42;58m▒[0m[48;2;57;55;71m[38;2;57;55;71m░[0m[48;2;48;47;63m[38;2;48;47;63m▒[0m[48;2;42;43;59m[38;2;42;43;59m▒[0m[48;2;42;43;59m[38;2;42;43;59m▒[0m[48;2;42;43;59m[38;2;42;43;59m▒[0m[48;2;42;43;59m[38;2;42;43;59m▒[0m[48;2;42;43;59m[38;2;42;43;59m▒[0m[48;2;42;42;59m[38;2;42;42;59m▒[0m[48;2;36;35;51m[38;2;36;35;51m▒[0m[48;2;28;27;38m[38;2;28;27;38m▓[0m[48;2;124;123;128m[38;2;124;123;128m#[0m                                          
                                       [48;2;174;174;175m[38;2;174;174;175m=[0m[48;2;32;31;37m[38;2;32;31;37m▓[0m[48;2;30;28;39m[38;2;30;28;39m▓[0m[48;2;28;25;38m[38;2;28;25;38m▓[0m[48;2;33;30;39m[38;2;33;30;39m▓[0m[48;2;53;49;57m[38;2;53;49;57m▒[0m[48;2;58;52;61m[38;2;58;52;61m▒[0m[48;2;74;66;75m[38;2;74;66;75m░[0m[48;2;77;69;79m[38;2;77;69;79m░[0m[48;2;73;65;75m[38;2;73;65;75m░[0m[48;2;57;50;60m[38;2;57;50;60m▒[0m[48;2;36;29;41m[38;2;36;29;41m▓[0m[48;2;29;24;37m[38;2;29;24;37m▓[0m[48;2;38;36;52m[38;2;38;36;52m▒[0m[48;2;41;43;58m[38;2;41;43;58m▒[0m[48;2;41;43;59m[38;2;41;43;59m▒[0m[48;2;41;43;59m[38;2;41;43;59m▒[0m[48;2;42;43;58m[38;2;42;43;58m▒[0m[48;2;31;30;42m[38;2;31;30;42m▓[0m[48;2;56;54;61m[38;2;56;54;61m░[0m[48;2;213;213;215m[38;2;213;213;215m:[0m                                        
                                      [48;2;195;195;195m[38;2;195;195;195m-[0m[48;2;12;10;14m[38;2;12;10;14m█[0m[48;2;47;41;48m[38;2;47;41;48m▒[0m[48;2;60;51;60m[38;2;60;51;60m▒[0m[48;2;56;46;55m[38;2;56;46;55m▒[0m[48;2;80;69;78m[38;2;80;69;78m@[0m[48;2;148;133;145m[38;2;148;133;145m*[0m[48;2;114;98;109m[38;2;114;98;109m%[0m[48;2;78;64;75m[38;2;78;64;75m░[0m[48;2;82;69;79m[38;2;82;69;79m@[0m[48;2;147;130;142m[38;2;147;130;142m*[0m[48;2;160;141;154m[38;2;160;141;154m+[0m[48;2;160;141;155m[38;2;160;141;155m+[0m[48;2;139;121;134m[38;2;139;121;134m#[0m[48;2;92;78;90m[38;2;92;78;90m@[0m[48;2;43;34;45m[38;2;43;34;45m▒[0m[48;2;48;42;53m[38;2;48;42;53m▒[0m[48;2;51;46;59m[38;2;51;46;59m▒[0m[48;2;35;32;44m[38;2;35;32;44m▓[0m[48;2;28;25;37m[38;2;28;25;37m▓[0m[48;2;23;19;34m[38;2;23;19;34m▓[0m[48;2;23;20;27m[38;2;23;20;27m▓[0m[48;2;191;190;193m[38;2;191;190;193m-[0m                                       
                                     [48;2;196;196;197m[38;2;196;196;197m-[0m[48;2;60;55;60m[38;2;60;55;60m░[0m[48;2;127;113;123m[38;2;127;113;123m#[0m[48;2;159;140;153m[38;2;159;140;153m+[0m[48;2;131;111;125m[38;2;131;111;125m#[0m[48;2;153;134;148m[38;2;153;134;148m*[0m[48;2;160;140;154m[38;2;160;140;154m+[0m[48;2;161;140;155m[38;2;161;140;155m+[0m[48;2;161;140;155m[38;2;161;140;155m+[0m[48;2;160;140;155m[38;2;160;140;155m+[0m[48;2;118;100;114m[38;2;118;100;114m%[0m[48;2;89;73;85m[38;2;89;73;85m@[0m[48;2;158;138;152m[38;2;158;138;152m*[0m[48;2;161;140;155m[38;2;161;140;155m+[0m[48;2;161;140;155m[38;2;161;140;155m+[0m[48;2;161;140;155m[38;2;161;140;155m+[0m[48;2;159;139;153m[38;2;159;139;153m+[0m[48;2;101;85;97m[38;2;101;85;97m@[0m[48;2;26;16;28m[38;2;26;16;28m▓[0m[48;2;74;57;111m[38;2;74;57;111m░[0m[48;2;28;15;46m[38;2;28;15;46m▓[0m[48;2;81;63;122m[38;2;81;63;122m@[0m[48;2;8;2;10m[38;2;8;2;10m█[0m[48;2;21;18;22m[38;2;21;18;22m▓[0m[48;2;215;214;216m[38;2;215;214;216m:[0m                                      
                                    [48;2;192;192;192m[38;2;192;192;192m-[0m[48;2;57;52;57m[38;2;57;52;57m▒[0m[48;2;151;137;147m[38;2;151;137;147m*[0m[48;2;161;142;154m[38;2;161;142;154m+[0m[48;2;161;140;155m[38;2;161;140;155m+[0m[48;2;161;140;155m[38;2;161;140;155m+[0m[48;2;161;140;155m[38;2;161;140;155m+[0m[48;2;161;140;155m[38;2;161;140;155m+[0m[48;2;156;136;150m[38;2;156;136;150m*[0m[48;2;102;84;97m[38;2;102;84;97m@[0m[48;2;160;140;155m[38;2;160;140;155m+[0m[48;2;47;31;43m[38;2;47;31;43m▒[0m[48;2;120;103;116m[38;2;120;103;116m%[0m[48;2;67;51;63m[38;2;67;51;63m░[0m[48;2;158;138;153m[38;2;158;138;153m*[0m[48;2;161;140;155m[38;2;161;140;155m+[0m[48;2;161;140;155m[38;2;161;140;155m+[0m[48;2;161;140;155m[38;2;161;140;155m+[0m[48;2;161;140;155m[38;2;161;140;155m+[0m[48;2;133;117;130m[38;2;133;117;130m#[0m[48;2;45;30;52m[38;2;45;30;52m▒[0m[48;2;93;69;138m[38;2;93;69;138m@[0m[48;2;68;46;104m[38;2;68;46;104m░[0m[48;2;47;34;68m[38;2;47;34;68m▒[0m[48;2;13;9;16m[38;2;13;9;16m█[0m[48;2;65;63;67m[38;2;65;63;67m░[0m                                      
                                    [48;2;53;50;53m[38;2;53;50;53m▒[0m[48;2;108;96;105m[38;2;108;96;105m%[0m[48;2;90;77;86m[38;2;90;77;86m@[0m[48;2;81;67;78m[38;2;81;67;78m░[0m[48;2;162;142;156m[38;2;162;142;156m+[0m[48;2;161;140;155m[38;2;161;140;155m+[0m[48;2;161;140;155m[38;2;161;140;155m+[0m[48;2;161;140;155m[38;2;161;140;155m+[0m[48;2;150;130;145m[38;2;150;130;145m*[0m[48;2;40;24;36m[38;2;40;24;36m▓[0m[48;2;155;138;151m[38;2;155;138;151m*[0m[48;2;90;75;87m[38;2;90;75;87m@[0m[48;2;61;49;59m[38;2;61;49;59m▒[0m[48;2;85;72;83m[38;2;85;72;83m@[0m[48;2;73;58;70m[38;2;73;58;70m░[0m[48;2;152;133;147m[38;2;152;133;147m*[0m[48;2;161;140;155m[38;2;161;140;155m+[0m[48;2;161;140;155m[38;2;161;140;155m+[0m[48;2;161;140;155m[38;2;161;140;155m+[0m[48;2;161;140;155m[38;2;161;140;155m+[0m[48;2;137;119;133m[38;2;137;119;133m#[0m[48;2;49;35;52m[38;2;49;35;52m▒[0m[48;2;24;13;28m[38;2;24;13;28m█[0m[48;2;15;10;17m[38;2;15;10;17m█[0m[48;2;32;29;39m[38;2;32;29;39m▓[0m[48;2;20;18;27m[38;2;20;18;27m▓[0m[48;2;177;177;178m[38;2;177;177;178m=[0m                                     
                                   [48;2;165;165;165m[38;2;165;165;165m=[0m[48;2;82;73;80m[38;2;82;73;80m@[0m[48;2;45;35;44m[38;2;45;35;44m▒[0m[48;2;26;17;24m[38;2;26;17;24m▓[0m[48;2;96;84;95m[38;2;96;84;95m@[0m[48;2;89;75;87m[38;2;89;75;87m@[0m[48;2;131;115;128m[38;2;131;115;128m#[0m[48;2;146;128;142m[38;2;146;128;142m*[0m[48;2;162;142;156m[38;2;162;142;156m+[0m[48;2;161;142;156m[38;2;161;142;156m+[0m[48;2;39;27;37m[38;2;39;27;37m▓[0m[48;2;63;53;62m[38;2;63;53;62m░[0m[48;2;147;134;145m[38;2;147;134;145m*[0m[48;2;39;32;39m[38;2;39;32;39m▓[0m[48;2;48;40;48m[38;2;48;40;48m▒[0m[48;2;52;43;51m[38;2;52;43;51m▒[0m[48;2;33;24;32m[38;2;33;24;32m▓[0m[48;2;95;83;93m[38;2;95;83;93m@[0m[48;2;148;132;144m[38;2;148;132;144m*[0m[48;2;159;141;155m[38;2;159;141;155m+[0m[48;2;160;140;155m[38;2;160;140;155m+[0m[48;2;160;140;155m[38;2;160;140;155m+[0m[48;2;150;133;146m[38;2;150;133;146m*[0m[48;2;76;64;74m[38;2;76;64;74m░[0m[48;2;39;32;42m[38;2;39;32;42m▓[0m[48;2;38;35;47m[38;2;38;35;47m▒[0m[48;2;37;35;46m[38;2;37;35;46m▒[0m[48;2;91;90;93m[38;2;91;90;93m@[0m                                     
                                   [48;2;115;114;115m[38;2;115;114;115m#[0m[48;2;113;102;109m[38;2;113;102;109m%[0m[48;2;17;8;16m[38;2;17;8;16m█[0m[48;2;83;74;82m[38;2;83;74;82m@[0m[48;2;97;87;96m[38;2;97;87;96m@[0m[48;2;27;19;26m[38;2;27;19;26m▓[0m[48;2;28;21;27m[38;2;28;21;27m▓[0m[48;2;50;39;48m[38;2;50;39;48m▒[0m[48;2;116;102;114m[38;2;116;102;114m%[0m[48;2;113;99;109m[38;2;113;99;109m%[0m[48;2;63;52;61m[38;2;63;52;61m░[0m[48;2;23;16;22m[38;2;23;16;22m▓[0m[48;2;35;27;37m[38;2;35;27;37m▓[0m[48;2;60;49;76m[38;2;60;49;76m░[0m[48;2;24;14;41m[38;2;24;14;41m▓[0m[48;2;79;71;77m[38;2;79;71;77m@[0m[48;2;35;27;32m[38;2;35;27;32m▓[0m[48;2;79;72;75m[38;2;79;72;75m@[0m[48;2;34;26;30m[38;2;34;26;30m▓[0m[48;2;20;13;18m[38;2;20;13;18m█[0m[48;2;32;25;30m[38;2;32;25;30m▓[0m[48;2;56;47;53m[38;2;56;47;53m▒[0m[48;2;52;43;49m[38;2;52;43;49m▒[0m[48;2;78;67;76m[38;2;78;67;76m░[0m[48;2;72;61;70m[38;2;72;61;70m░[0m[48;2;27;21;30m[38;2;27;21;30m▓[0m[48;2;28;22;32m[38;2;28;22;32m▓[0m[48;2;70;67;72m[38;2;70;67;72m░[0m                                     
                                   [48;2;116;116;116m[38;2;116;116;116m#[0m[48;2;99;90;97m[38;2;99;90;97m%[0m[48;2;10;4;9m[38;2;10;4;9m█[0m[48;2;102;94;100m[38;2;102;94;100m%[0m[48;2;40;31;36m[38;2;40;31;36m▓[0m[48;2;42;21;81m[38;2;42;21;81m▓[0m[48;2;50;21;101m[38;2;50;21;101m▒[0m[48;2;28;10;56m[38;2;28;10;56m▓[0m[48;2;134;124;127m[38;2;134;124;127m#[0m[48;2;197;185;186m[38;2;197;185;186m-[0m[48;2;216;205;205m[38;2;216;205;205m:[0m[48;2;133;123;124m[38;2;133;123;124m#[0m[48;2;50;31;82m[38;2;50;31;82m▒[0m[48;2;97;59;163m[38;2;97;59;163m@[0m[48;2;56;26;105m[38;2;56;26;105m▒[0m[48;2;148;137;137m[38;2;148;137;137m*[0m[48;2;172;159;158m[38;2;172;159;158m+[0m[48;2;246;231;229m[38;2;246;231;229m.[0m[48;2;180;166;165m[38;2;180;166;165m=[0m[48;2;65;55;60m[38;2;65;55;60m░[0m[48;2;150;140;147m[38;2;150;140;147m*[0m[48;2;153;141;149m[38;2;153;141;149m*[0m[48;2;89;75;83m[38;2;89;75;83m@[0m[48;2;73;61;69m[38;2;73;61;69m░[0m[48;2;142;129;139m[38;2;142;129;139m*[0m[48;2;153;139;149m[38;2;153;139;149m*[0m[48;2;123;110;119m[38;2;123;110;119m#[0m[48;2;84;73;81m[38;2;84;73;81m@[0m[48;2;75;68;73m[38;2;75;68;73m░[0m[48;2;106;102;105m[38;2;106;102;105m%[0m[48;2;157;156;157m[38;2;157;156;157m+[0m[48;2;233;233;233m[38;2;233;233;233m.[0m                                 
                                   [48;2;179;179;179m[38;2;179;179;179m=[0m[48;2;66;58;63m[38;2;66;58;63m░[0m[48;2;19;11;18m[38;2;19;11;18m█[0m[48;2;162;151;155m[38;2;162;151;155m+[0m[48;2;136;126;128m[38;2;136;126;128m*[0m[48;2;98;80;118m[38;2;98;80;118m@[0m[48;2;176;131;197m[38;2;176;131;197m+[0m[48;2;94;61;110m[38;2;94;61;110m@[0m[48;2;159;149;147m[38;2;159;149;147m+[0m[48;2;249;236;231m[38;2;249;236;231m [0m[48;2;250;234;229m[38;2;250;234;229m [0m[48;2;233;220;215m[38;2;233;220;215m.[0m[48;2;60;46;53m[38;2;60;46;53m▒[0m[48;2;191;151;193m[38;2;191;151;193m=[0m[48;2;95;63;98m[38;2;95;63;98m@[0m[48;2;185;173;173m[38;2;185;173;173m=[0m[48;2;247;227;220m[38;2;247;227;220m.[0m[48;2;245;217;208m[38;2;245;217;208m.[0m[48;2;250;232;226m[38;2;250;232;226m.[0m[48;2;161;147;146m[38;2;161;147;146m+[0m[48;2;71;59;64m[38;2;71;59;64m░[0m[48;2;149;135;143m[38;2;149;135;143m*[0m[48;2;144;130;138m[38;2;144;130;138m*[0m[48;2;136;121;130m[38;2;136;121;130m#[0m[48;2;80;67;75m[38;2;80;67;75m░[0m[48;2;71;60;68m[38;2;71;60;68m░[0m[48;2;97;84;93m[38;2;97;84;93m@[0m[48;2;128;114;123m[38;2;128;114;123m#[0m[48;2;148;132;143m[38;2;148;132;143m*[0m[48;2;155;140;150m[38;2;155;140;150m*[0m[48;2;126;113;123m[38;2;126;113;123m#[0m[48;2;75;67;74m[38;2;75;67;74m░[0m[48;2;115;112;115m[38;2;115;112;115m#[0m[48;2;235;234;235m[38;2;235;234;235m.[0m                               
                                    [48;2;69;66;67m[38;2;69;66;67m░[0m[48;2;42;35;40m[38;2;42;35;40m▒[0m[48;2;177;165;167m[38;2;177;165;167m=[0m[48;2;236;220;220m[38;2;236;220;220m.[0m[48;2;89;77;83m[38;2;89;77;83m@[0m[48;2;118;90;115m[38;2;118;90;115m%[0m[48;2;74;54;70m[38;2;74;54;70m░[0m[48;2;226;215;213m[38;2;226;215;213m:[0m[48;2;199;187;184m[38;2;199;187;184m-[0m[48;2;171;157;155m[38;2;171;157;155m+[0m[48;2;249;236;231m[38;2;249;236;231m [0m[48;2;224;211;207m[38;2;224;211;207m:[0m[48;2;133;120;119m[38;2;133;120;119m#[0m[48;2;167;153;152m[38;2;167;153;152m+[0m[48;2;251;235;230m[38;2;251;235;230m [0m[48;2;238;210;199m[38;2;238;210;199m:[0m[48;2;242;212;203m[38;2;242;212;203m.[0m[48;2;251;233;228m[38;2;251;233;228m [0m[48;2;247;232;230m[38;2;247;232;230m.[0m[48;2;84;74;76m[38;2;84;74;76m@[0m[48;2;56;46;52m[38;2;56;46;52m▒[0m[48;2;48;37;45m[38;2;48;37;45m▒[0m[48;2;59;49;57m[38;2;59;49;57m▒[0m[48;2;109;97;107m[38;2;109;97;107m%[0m[48;2;138;127;135m[38;2;138;127;135m*[0m[48;2;128;117;125m[38;2;128;117;125m#[0m[48;2;91;80;88m[38;2;91;80;88m@[0m[48;2;50;40;48m[38;2;50;40;48m▒[0m[48;2;23;14;22m[38;2;23;14;22m█[0m[48;2;46;38;45m[38;2;46;38;45m▒[0m[48;2;116;104;113m[38;2;116;104;113m%[0m[48;2;129;118;127m[38;2;129;118;127m#[0m[48;2;63;56;61m[38;2;63;56;61m░[0m[48;2;192;190;192m[38;2;192;190;192m-[0m                              
                                    [48;2;199;199;199m[38;2;199;199;199m-[0m[48;2;12;10;11m[38;2;12;10;11m█[0m[48;2;16;8;13m[38;2;16;8;13m█[0m[48;2;183;167;167m[38;2;183;167;167m=[0m[48;2;248;233;229m[38;2;248;233;229m.[0m[48;2;225;211;206m[38;2;225;211;206m:[0m[48;2;244;230;224m[38;2;244;230;224m.[0m[48;2;252;237;231m[38;2;252;237;231m [0m[48;2;213;197;192m[38;2;213;197;192m:[0m[48;2;223;208;203m[38;2;223;208;203m:[0m[48;2;250;235;229m[38;2;250;235;229m [0m[48;2;250;235;228m[38;2;250;235;228m [0m[48;2;250;235;227m[38;2;250;235;227m [0m[48;2;250;235;226m[38;2;250;235;226m [0m[48;2;250;235;226m[38;2;250;235;226m [0m[48;2;250;235;226m[38;2;250;235;226m [0m[48;2;250;234;227m[38;2;250;234;227m [0m[48;2;241;226;222m[38;2;241;226;222m.[0m[48;2;113;103;103m[38;2;113;103;103m%[0m[48;2;35;27;31m[38;2;35;27;31m▓[0m[48;2;62;54;58m[38;2;62;54;58m░[0m[48;2;67;59;65m[38;2;67;59;65m░[0m[48;2;158;150;156m[38;2;158;150;156m+[0m[48;2;43;35;41m[38;2;43;35;41m▒[0m[48;2;68;57;64m[38;2;68;57;64m░[0m[48;2;85;74;81m[38;2;85;74;81m@[0m[48;2;93;80;89m[38;2;93;80;89m@[0m[48;2;112;98;108m[38;2;112;98;108m%[0m[48;2;138;124;134m[38;2;138;124;134m*[0m[48;2;158;141;153m[38;2;158;141;153m+[0m[48;2;160;140;154m[38;2;160;140;154m+[0m[48;2;160;140;154m[38;2;160;140;154m+[0m[48;2;153;136;148m[38;2;153;136;148m*[0m[48;2;64;55;62m[38;2;64;55;62m░[0m[48;2;182;179;182m[38;2;182;179;182m=[0m                             
                                    [48;2;225;225;225m[38;2;225;225;225m.[0m[48;2;103;101;103m[38;2;103;101;103m%[0m[48;2;104;98;101m[38;2;104;98;101m%[0m[48;2;228;217;216m[38;2;228;217;216m.[0m[48;2;249;234;230m[38;2;249;234;230m [0m[48;2;249;234;229m[38;2;249;234;229m [0m[48;2;249;235;228m[38;2;249;235;228m [0m[48;2;250;235;229m[38;2;250;235;229m [0m[48;2;250;235;229m[38;2;250;235;229m [0m[48;2;250;235;228m[38;2;250;235;228m [0m[48;2;249;233;227m[38;2;249;233;227m.[0m[48;2;239;224;219m[38;2;239;224;219m.[0m[48;2;217;204;200m[38;2;217;204;200m:[0m[48;2;189;176;173m[38;2;189;176;173m=[0m[48;2;158;145;143m[38;2;158;145;143m+[0m[48;2;120;110;109m[38;2;120;110;109m#[0m[48;2;81;72;74m[38;2;81;72;74m@[0m[48;2;33;25;30m[38;2;33;25;30m▓[0m[48;2;7;2;7m[38;2;7;2;7m█[0m[48;2;70;64;69m[38;2;70;64;69m░[0m[48;2;179;173;178m[38;2;179;173;178m=[0m[48;2;38;33;37m[38;2;38;33;37m▓[0m[48;2;77;73;77m[38;2;77;73;77m@[0m[48;2;95;90;95m[38;2;95;90;95m%[0m[48;2;84;75;81m[38;2;84;75;81m@[0m[48;2;159;142;154m[38;2;159;142;154m+[0m[48;2;161;140;155m[38;2;161;140;155m+[0m[48;2;161;140;155m[38;2;161;140;155m+[0m[48;2;161;140;155m[38;2;161;140;155m+[0m[48;2;161;140;155m[38;2;161;140;155m+[0m[48;2;161;140;155m[38;2;161;140;155m+[0m[48;2;161;140;155m[38;2;161;140;155m+[0m[48;2;161;140;155m[38;2;161;140;155m+[0m[48;2;153;135;148m[38;2;153;135;148m*[0m[48;2;52;45;51m[38;2;52;45;51m▒[0m[48;2;231;230;231m[38;2;231;230;231m.[0m                            
                                      [48;2;186;185;186m[38;2;186;185;186m-[0m[48;2;77;75;78m[38;2;77;75;78m@[0m[48;2;32;29;31m[38;2;32;29;31m▓[0m[48;2;41;37;39m[38;2;41;37;39m▒[0m[48;2;48;44;45m[38;2;48;44;45m▒[0m[48;2;65;60;62m[38;2;65;60;62m░[0m[48;2;52;48;49m[38;2;52;48;49m▒[0m[48;2;82;77;77m[38;2;82;77;77m@[0m[48;2;62;57;58m[38;2;62;57;58m░[0m[48;2;85;80;81m[38;2;85;80;81m@[0m[48;2;12;8;10m[38;2;12;8;10m█[0m[48;2;40;36;41m[38;2;40;36;41m▒[0m[48;2;25;22;27m[38;2;25;22;27m▓[0m[48;2;5;2;8m[38;2;5;2;8m█[0m[48;2;14;11;18m[38;2;14;11;18m█[0m[48;2;18;14;22m[38;2;18;14;22m█[0m[48;2;18;15;23m[38;2;18;15;23m█[0m[48;2;150;146;152m[38;2;150;146;152m+[0m[48;2;235;230;236m[38;2;235;230;236m.[0m[48;2;50;46;50m[38;2;50;46;50m▒[0m[48;2;195;193;195m[38;2;195;193;195m-[0m[48;2;189;187;189m[38;2;189;187;189m-[0m[48;2;40;34;39m[38;2;40;34;39m▓[0m[48;2;157;142;153m[38;2;157;142;153m+[0m[48;2;161;140;155m[38;2;161;140;155m+[0m[48;2;161;140;155m[38;2;161;140;155m+[0m[48;2;161;140;155m[38;2;161;140;155m+[0m[48;2;161;140;155m[38;2;161;140;155m+[0m[48;2;161;140;155m[38;2;161;140;155m+[0m[48;2;161;140;155m[38;2;161;140;155m+[0m[48;2;161;140;155m[38;2;161;140;155m+[0m[48;2;161;140;155m[38;2;161;140;155m+[0m[48;2;95;83;92m[38;2;95;83;92m@[0m[48;2;148;144;147m[38;2;148;144;147m*[0m                            
                                   [48;2;240;240;240m[38;2;240;240;240m [0m[48;2;79;78;78m[38;2;79;78;78m@[0m[48;2;27;26;28m[38;2;27;26;28m▓[0m[48;2;24;21;28m[38;2;24;21;28m▓[0m[48;2;27;23;33m[38;2;27;23;33m▓[0m[48;2;28;24;36m[38;2;28;24;36m▓[0m[48;2;8;4;12m[38;2;8;4;12m█[0m[48;2;28;24;30m[38;2;28;24;30m▓[0m[48;2;31;28;33m[38;2;31;28;33m▓[0m[48;2;49;46;50m[38;2;49;46;50m▒[0m[48;2;27;24;27m[38;2;27;24;27m▓[0m[48;2;155;152;155m[38;2;155;152;155m+[0m[48;2;22;19;22m[38;2;22;19;22m▓[0m[48;2;36;33;36m[38;2;36;33;36m▓[0m[48;2;15;12;16m[38;2;15;12;16m█[0m[48;2;31;27;33m[38;2;31;27;33m▓[0m[48;2;32;27;37m[38;2;32;27;37m▓[0m[48;2;26;21;35m[38;2;26;21;35m▓[0m[48;2;4;1;10m[38;2;4;1;10m█[0m[48;2;14;10;19m[38;2;14;10;19m█[0m[48;2;158;154;160m[38;2;158;154;160m+[0m[48;2;243;240;245m[38;2;243;240;245m [0m[48;2;139;135;138m[38;2;139;135;138m*[0m[48;2;112;109;111m[38;2;112;109;111m#[0m[48;2;198;197;198m[38;2;198;197;198m-[0m[48;2;39;33;38m[38;2;39;33;38m▓[0m[48;2;156;141;152m[38;2;156;141;152m+[0m[48;2;161;140;155m[38;2;161;140;155m+[0m[48;2;161;140;155m[38;2;161;140;155m+[0m[48;2;161;140;155m[38;2;161;140;155m+[0m[48;2;161;140;155m[38;2;161;140;155m+[0m[48;2;161;140;155m[38;2;161;140;155m+[0m[48;2;161;140;155m[38;2;161;140;155m+[0m[48;2;161;140;155m[38;2;161;140;155m+[0m[48;2;161;140;155m[38;2;161;140;155m+[0m[48;2;124;109;120m[38;2;124;109;120m#[0m[48;2;108;102;106m[38;2;108;102;106m%[0m                            
                                   [48;2;150;150;150m[38;2;150;150;150m+[0m[48;2;13;13;13m[38;2;13;13;13m█[0m[48;2;78;77;79m[38;2;78;77;79m@[0m[48;2;26;22;36m[38;2;26;22;36m▓[0m[48;2;37;32;51m[38;2;37;32;51m▓[0m[48;2;36;31;50m[38;2;36;31;50m▓[0m[48;2;10;6;19m[38;2;10;6;19m█[0m[48;2;29;25;39m[38;2;29;25;39m▓[0m[48;2;13;9;21m[38;2;13;9;21m█[0m[48;2;42;39;46m[38;2;42;39;46m▒[0m[48;2;10;7;11m[38;2;10;7;11m█[0m[48;2;66;63;67m[38;2;66;63;67m░[0m[48;2;13;10;14m[38;2;13;10;14m█[0m[48;2;18;15;20m[38;2;18;15;20m█[0m[48;2;15;11;17m[38;2;15;11;17m█[0m[48;2;85;76;77m[38;2;85;76;77m@[0m[48;2;133;124;117m[38;2;133;124;117m#[0m[48;2;44;36;49m[38;2;44;36;49m▒[0m[48;2;31;24;41m[38;2;31;24;41m▓[0m[48;2;14;10;21m[38;2;14;10;21m█[0m[48;2;49;45;53m[38;2;49;45;53m▒[0m[48;2;151;148;154m[38;2;151;148;154m+[0m[48;2;179;176;180m[38;2;179;176;180m=[0m[48;2;65;60;63m[38;2;65;60;63m░[0m[48;2;70;64;69m[38;2;70;64;69m░[0m[48;2;72;64;71m[38;2;72;64;71m░[0m[48;2;157;142;153m[38;2;157;142;153m+[0m[48;2;121;105;117m[38;2;121;105;117m#[0m[48;2;144;125;139m[38;2;144;125;139m*[0m[48;2;161;140;155m[38;2;161;140;155m+[0m[48;2;161;140;155m[38;2;161;140;155m+[0m[48;2;161;140;155m[38;2;161;140;155m+[0m[48;2;161;140;155m[38;2;161;140;155m+[0m[48;2;161;140;155m[38;2;161;140;155m+[0m[48;2;161;140;155m[38;2;161;140;155m+[0m[48;2;102;85;98m[38;2;102;85;98m%[0m[48;2;145;138;143m[38;2;145;138;143m*[0m                            
                                    [48;2;167;166;167m[38;2;167;166;167m=[0m[48;2;85;83;86m[38;2;85;83;86m@[0m[48;2;62;59;66m[38;2;62;59;66m░[0m[48;2;28;24;38m[38;2;28;24;38m▓[0m[48;2;30;25;42m[38;2;30;25;42m▓[0m[48;2;14;10;23m[38;2;14;10;23m█[0m[48;2;34;29;48m[38;2;34;29;48m▓[0m[48;2;20;15;30m[38;2;20;15;30m█[0m[48;2;31;28;33m[38;2;31;28;33m▓[0m[48;2;25;22;22m[38;2;25;22;22m▓[0m[48;2;4;1;2m[38;2;4;1;2m█[0m[48;2;22;19;21m[38;2;22;19;21m▓[0m[48;2;85;82;75m[38;2;85;82;75m@[0m[48;2;44;38;34m[38;2;44;38;34m▒[0m[48;2;88;80;83m[38;2;88;80;83m@[0m[48;2;104;96;96m[38;2;104;96;96m%[0m[48;2;41;32;48m[38;2;41;32;48m▓[0m[48;2;38;31;52m[38;2;38;31;52m▓[0m[48;2;37;31;51m[38;2;37;31;51m▓[0m[48;2;30;25;43m[38;2;30;25;43m▓[0m[48;2;13;9;23m[38;2;13;9;23m█[0m[48;2;59;54;64m[38;2;59;54;64m░[0m[48;2;114;106;114m[38;2;114;106;114m%[0m[48;2;131;121;130m[38;2;131;121;130m#[0m[48;2;101;91;99m[38;2;101;91;99m%[0m[48;2;44;35;43m[38;2;44;35;43m▒[0m[48;2;40;29;38m[38;2;40;29;38m▓[0m[48;2;147;130;143m[38;2;147;130;143m*[0m[48;2;161;140;155m[38;2;161;140;155m+[0m[48;2;161;140;155m[38;2;161;140;155m+[0m[48;2;161;140;155m[38;2;161;140;155m+[0m[48;2;161;140;155m[38;2;161;140;155m+[0m[48;2;161;140;155m[38;2;161;140;155m+[0m[48;2;139;121;134m[38;2;139;121;134m#[0m[48;2;63;53;61m[38;2;63;53;61m░[0m[48;2;239;235;238m[38;2;239;235;238m.[0m                            
                                     [48;2;141;140;141m[38;2;141;140;141m*[0m[48;2;110;108;109m[38;2;110;108;109m%[0m[48;2;74;73;75m[38;2;74;73;75m@[0m[48;2;9;6;14m[38;2;9;6;14m█[0m[48;2;23;19;33m[38;2;23;19;33m▓[0m[48;2;37;31;51m[38;2;37;31;51m▓[0m[48;2;35;30;47m[38;2;35;30;47m▓[0m[48;2;27;21;26m[38;2;27;21;26m▓[0m[48;2;128;119;101m[38;2;128;119;101m#[0m[48;2;135;124;100m[38;2;135;124;100m#[0m[48;2;157;144;118m[38;2;157;144;118m*[0m[48;2;146;134;112m[38;2;146;134;112m*[0m[48;2;29;23;23m[38;2;29;23;23m▓[0m[48;2;32;27;38m[38;2;32;27;38m▓[0m[48;2;36;29;47m[38;2;36;29;47m▓[0m[48;2;33;27;45m[38;2;33;27;45m▓[0m[48;2;31;26;45m[38;2;31;26;45m▓[0m[48;2;35;29;48m[38;2;35;29;48m▓[0m[48;2;35;30;49m[38;2;35;30;49m▓[0m[48;2;35;30;49m[38;2;35;30;49m▓[0m[48;2;26;22;37m[38;2;26;22;37m▓[0m[48;2;20;16;27m[38;2;20;16;27m▓[0m[48;2;16;9;20m[38;2;16;9;20m█[0m[48;2;26;20;28m[38;2;26;20;28m▓[0m[48;2;79;71;79m[38;2;79;71;79m@[0m[48;2;153;139;151m[38;2;153;139;151m*[0m[48;2;160;142;155m[38;2;160;142;155m+[0m[48;2;161;140;155m[38;2;161;140;155m+[0m[48;2;161;140;155m[38;2;161;140;155m+[0m[48;2;160;140;155m[38;2;160;140;155m+[0m[48;2;135;119;131m[38;2;135;119;131m#[0m[48;2;82;71;81m[38;2;82;71;81m@[0m[48;2;103;95;102m[38;2;103;95;102m%[0m[48;2;227;223;227m[38;2;227;223;227m.[0m                             
                                      [48;2;181;180;181m[38;2;181;180;181m=[0m[48;2;159;157;160m[38;2;159;157;160m+[0m[48;2;43;40;46m[38;2;43;40;46m▒[0m[48;2;30;26;37m[38;2;30;26;37m▓[0m[48;2;19;15;28m[38;2;19;15;28m█[0m[48;2;26;23;32m[38;2;26;23;32m▓[0m[48;2;5;2;7m[38;2;5;2;7m█[0m[48;2;12;7;18m[38;2;12;7;18m█[0m[48;2;23;15;41m[38;2;23;15;41m▓[0m[48;2;26;21;25m[38;2;26;21;25m▓[0m[48;2;10;4;10m[38;2;10;4;10m█[0m[48;2;14;10;16m[38;2;14;10;16m█[0m[48;2;24;21;26m[38;2;24;21;26m▓[0m[48;2;21;18;23m[38;2;21;18;23m▓[0m[48;2;6;4;10m[38;2;6;4;10m█[0m[48;2;8;5;13m[38;2;8;5;13m█[0m[48;2;6;3;11m[38;2;6;3;11m█[0m[48;2;8;4;11m[38;2;8;4;11m█[0m[48;2;15;10;17m[38;2;15;10;17m█[0m[48;2;11;8;14m[38;2;11;8;14m█[0m[48;2;13;10;16m[38;2;13;10;16m█[0m[48;2;10;6;15m[38;2;10;6;15m█[0m[48;2;21;16;29m[38;2;21;16;29m▓[0m[48;2;25;19;33m[38;2;25;19;33m▓[0m[48;2;59;50;64m[38;2;59;50;64m▒[0m[48;2;114;100;114m[38;2;114;100;114m%[0m[48;2;117;103;114m[38;2;117;103;114m%[0m[48;2;74;63;72m[38;2;74;63;72m░[0m[48;2;94;87;94m[38;2;94;87;94m@[0m[48;2;144;140;146m[38;2;144;140;146m*[0m[48;2;229;227;231m[38;2;229;227;231m.[0m                               
                                        [48;2;16;15;19m[38;2;16;15;19m█[0m[48;2;18;15;21m[38;2;18;15;21m█[0m[48;2;42;38;45m[38;2;42;38;45m▒[0m[48;2;32;29;35m[38;2;32;29;35m▓[0m[48;2;17;14;18m[38;2;17;14;18m█[0m[48;2;51;48;52m[38;2;51;48;52m▒[0m[48;2;19;15;32m[38;2;19;15;32m█[0m[48;2;16;12;25m[38;2;16;12;25m█[0m[48;2;13;8;28m[38;2;13;8;28m█[0m[48;2;66;47;126m[38;2;66;47;126m░[0m[48;2;36;26;58m[38;2;36;26;58m▓[0m[48;2;15;10;16m[38;2;15;10;16m█[0m[48;2;35;31;37m[38;2;35;31;37m▓[0m[48;2;45;40;49m[38;2;45;40;49m▒[0m[48;2;48;43;53m[38;2;48;43;53m▒[0m[48;2;52;46;56m[38;2;52;46;56m▒[0m[48;2;52;46;56m[38;2;52;46;56m▒[0m[48;2;28;22;32m[38;2;28;22;32m▓[0m[48;2;21;16;29m[38;2;21;16;29m▓[0m[48;2;31;26;43m[38;2;31;26;43m▓[0m[48;2;37;31;51m[38;2;37;31;51m▓[0m[48;2;37;31;52m[38;2;37;31;52m▓[0m[48;2;36;30;49m[38;2;36;30;49m▓[0m[48;2;26;21;37m[38;2;26;21;37m▓[0m[48;2;14;10;21m[38;2;14;10;21m█[0m[48;2;109;106;113m[38;2;109;106;113m%[0m[48;2;237;235;239m[38;2;237;235;239m.[0m                                 
                                       [48;2;181;180;183m[38;2;181;180;183m=[0m[48;2;14;13;16m[38;2;14;13;16m█[0m[48;2;30;28;33m[38;2;30;28;33m▓[0m[48;2;23;19;30m[38;2;23;19;30m▓[0m[48;2;30;26;39m[38;2;30;26;39m▓[0m[48;2;75;72;76m[38;2;75;72;76m@[0m[48;2;154;151;156m[38;2;154;151;156m+[0m[48;2;45;31;92m[38;2;45;31;92m▒[0m[48;2;64;48;111m[38;2;64;48;111m░[0m[48;2;17;9;47m[38;2;17;9;47m█[0m[48;2;45;33;78m[38;2;45;33;78m▒[0m[48;2;25;19;42m[38;2;25;19;42m▓[0m[48;2;82;77;84m[38;2;82;77;84m@[0m[48;2;99;96;103m[38;2;99;96;103m%[0m[48;2;27;24;35m[38;2;27;24;35m▓[0m[48;2;30;25;42m[38;2;30;25;42m▓[0m[48;2;37;31;51m[38;2;37;31;51m▓[0m[48;2;37;31;51m[38;2;37;31;51m▓[0m[48;2;36;30;51m[38;2;36;30;51m▓[0m[48;2;37;31;52m[38;2;37;31;52m▓[0m[48;2;37;31;52m[38;2;37;31;52m▓[0m[48;2;37;31;52m[38;2;37;31;52m▓[0m[48;2;37;31;52m[38;2;37;31;52m▓[0m[48;2;37;31;52m[38;2;37;31;52m▓[0m[48;2;37;31;52m[38;2;37;31;52m▓[0m[48;2;37;31;52m[38;2;37;31;52m▓[0m[48;2;30;25;43m[38;2;30;25;43m▓[0m[48;2;32;28;40m[38;2;32;28;40m▓[0m[48;2;139;138;142m[38;2;139;138;142m*[0m                                
                                       [48;2;76;75;78m[38;2;76;75;78m@[0m[48;2;8;6;11m[38;2;8;6;11m█[0m[48;2;31;26;43m[38;2;31;26;43m▓[0m[48;2;36;30;51m[38;2;36;30;51m▓[0m[48;2;27;22;38m[38;2;27;22;38m▓[0m[48;2;116;113;118m[38;2;116;113;118m#[0m[48;2;238;235;239m[38;2;238;235;239m.[0m[48;2;85;81;90m[38;2;85;81;90m@[0m[48;2;70;65;79m[38;2;70;65;79m░[0m[48;2;19;11;48m[38;2;19;11;48m█[0m[48;2;66;49;116m[38;2;66;49;116m░[0m[48;2;29;21;46m[38;2;29;21;46m▓[0m[48;2;162;159;166m[38;2;162;159;166m+[0m [48;2;226;224;226m[38;2;226;224;226m.[0m[48;2;134;131;136m[38;2;134;131;136m*[0m[48;2;49;46;56m[38;2;49;46;56m▒[0m[48;2;24;19;35m[38;2;24;19;35m▓[0m[48;2;34;29;47m[38;2;34;29;47m▓[0m[48;2;37;31;51m[38;2;37;31;51m▓[0m[48;2;37;31;52m[38;2;37;31;52m▓[0m[48;2;37;31;52m[38;2;37;31;52m▓[0m[48;2;37;31;52m[38;2;37;31;52m▓[0m[48;2;37;31;52m[38;2;37;31;52m▓[0m[48;2;37;31;52m[38;2;37;31;52m▓[0m[48;2;37;31;52m[38;2;37;31;52m▓[0m[48;2;37;31;52m[38;2;37;31;52m▓[0m[48;2;37;31;52m[38;2;37;31;52m▓[0m[48;2;27;22;39m[38;2;27;22;39m▓[0m[48;2;48;44;54m[38;2;48;44;54m▒[0m[48;2;198;197;200m[38;2;198;197;200m-[0m                              
                                       [48;2;136;135;136m[38;2;136;135;136m*[0m[48;2;23;20;30m[38;2;23;20;30m▓[0m[48;2;37;31;51m[38;2;37;31;51m▓[0m[48;2;37;31;52m[38;2;37;31;52m▓[0m[48;2;24;20;34m[38;2;24;20;34m▓[0m[48;2;136;133;138m[38;2;136;133;138m*[0m   [48;2;178;176;179m[38;2;178;176;179m=[0m[48;2;89;84;93m[38;2;89;84;93m@[0m[48;2;92;88;97m[38;2;92;88;97m@[0m[48;2;235;232;237m[38;2;235;232;237m.[0m    [48;2;161;158;162m[38;2;161;158;162m+[0m[48;2;32;28;35m[38;2;32;28;35m▓[0m[48;2;52;48;58m[38;2;52;48;58m▒[0m[48;2;22;18;31m[38;2;22;18;31m▓[0m[48;2;30;25;43m[38;2;30;25;43m▓[0m[48;2;37;31;52m[38;2;37;31;52m▓[0m[48;2;37;31;52m[38;2;37;31;52m▓[0m[48;2;37;31;52m[38;2;37;31;52m▓[0m[48;2;37;31;52m[38;2;37;31;52m▓[0m[48;2;37;31;52m[38;2;37;31;52m▓[0m[48;2;37;31;52m[38;2;37;31;52m▓[0m[48;2;37;31;52m[38;2;37;31;52m▓[0m[48;2;36;30;49m[38;2;36;30;49m▓[0m[48;2;22;19;29m[38;2;22;19;29m▓[0m[48;2;188;187;189m[38;2;188;187;189m-[0m                             