                                                                                                    
                                                                                                    
                                                                                                    
                                                                                                    
                                                                                                    
                                                                                                    
                                                                                                    
                                                                                                    
                                                                                                    
                                                                                                    
                                                                                                    
                                                [48;2;222;222;222m[38;2;222;222;222m.[0m[48;2;206;205;206m[38;2;206;205;206m:[0m[48;2;202;202;202m[38;2;202;202;202m:[0m[48;2;198;198;198m[38;2;198;198;198m-[0m[48;2;205;205;206m[38;2;205;205;206m:[0m[48;2;229;229;229m[38;2;229;229;229m.[0m                                              
                                            [48;2;166;166;166m[38;2;166;166;166m=[0m[48;2;96;96;99m[38;2;96;96;99m%[0m[48;2;52;50;57m[38;2;52;50;57m▒[0m[48;2;27;25;35m[38;2;27;25;35m▓[0m[48;2;27;25;36m[38;2;27;25;36m▓[0m[48;2;30;28;40m[38;2;30;28;40m▓[0m[48;2;31;29;41m[38;2;31;29;41m▓[0m[48;2;30;28;41m[38;2;30;28;41m▓[0m[48;2;29;27;40m[38;2;29;27;40m▓[0m[48;2;25;23;34m[38;2;25;23;34m▓[0m[48;2;34;32;42m[38;2;34;32;42m▓[0m[48;2;70;68;78m[38;2;70;68;78m░[0m[48;2;112;111;118m[38;2;112;111;118m#[0m[48;2;171;170;173m[38;2;171;170;173m=[0m                                          
                                         [48;2;232;232;233m[38;2;232;232;233m.[0m[48;2;119;119;121m[38;2;119;119;121m#[0m[48;2;33;31;39m[38;2;33;31;39m▓[0m[48;2;34;31;43m[38;2;34;31;43m▓[0m[48;2;46;43;59m[38;2;46;43;59m▒[0m[48;2;59;57;70m[38;2;59;57;70m░[0m[48;2;59;55;68m[38;2;59;55;68m░[0m[48;2;35;31;44m[38;2;35;31;44m▓[0m[48;2;45;41;53m[38;2;45;41;53m▒[0m[48;2;39;36;48m[38;2;39;36;48m▒[0m[48;2;29;26;38m[38;2;29;26;38m▓[0m[48;2;31;28;40m[38;2;31;28;40m▓[0m[48;2;36;33;46m[38;2;36;33;46m▓[0m[48;2;41;39;54m[38;2;41;39;54m▒[0m[48;2;42;42;59m[38;2;42;42;59m▒[0m[48;2;41;41;58m[38;2;41;41;58m▒[0m[48;2;32;30;43m[38;2;32;30;43m▓[0m[48;2;32;30;40m[38;2;32;30;40m▓[0m[48;2;125;124;129m[38;2;125;124;129m#[0m[48;2;237;237;238m[38;2;237;237;238m.[0m                                       
                                        [48;2;154;154;155m[38;2;154;154;155m+[0m[48;2;27;25;31m[38;2;27;25;31m▓[0m[48;2;25;23;32m[38;2;25;23;32m▓[0m[48;2;31;28;40m[38;2;31;28;40m▓[0m[48;2;45;43;51m[38;2;45;43;51m▒[0m[48;2;45;41;50m[38;2;45;41;50m▒[0m[48;2;58;51;59m[38;2;58;51;59m▒[0m[48;2;50;42;48m[38;2;50;42;48m▒[0m[48;2;72;61;69m[38;2;72;61;69m░[0m[48;2;92;80;89m[38;2;92;80;89m@[0m[48;2;126;112;122m[38;2;126;112;122m#[0m[48;2;141;126;136m[38;2;141;126;136m*[0m[48;2;129;113;124m[38;2;129;113;124m#[0m[48;2;108;93;104m[38;2;108;93;104m%[0m[48;2;80;69;79m[38;2;80;69;79m@[0m[48;2;44;34;47m[38;2;44;34;47m▒[0m[48;2;36;31;45m[38;2;36;31;45m▓[0m[48;2;64;59;73m[38;2;64;59;73m░[0m[48;2;54;52;65m[38;2;54;52;65m▒[0m[48;2;36;34;46m[38;2;36;34;46m▓[0m[48;2;41;39;46m[38;2;41;39;46m▒[0m[48;2;191;189;192m[38;2;191;189;192m-[0m                                      
                                       [48;2;86;85;87m[38;2;86;85;87m@[0m[48;2;27;22;27m[38;2;27;22;27m▓[0m[48;2;74;66;75m[38;2;74;66;75m░[0m[48;2;71;61;71m[38;2;71;61;71m░[0m[48;2;96;82;93m[38;2;96;82;93m@[0m[48;2;141;125;137m[38;2;141;125;137m*[0m[48;2;146;130;142m[38;2;146;130;142m*[0m[48;2;153;135;147m[38;2;153;135;147m*[0m[48;2;134;117;129m[38;2;134;117;129m#[0m[48;2;143;126;138m[38;2;143;126;138m*[0m[48;2;133;117;129m[38;2;133;117;129m#[0m[48;2;128;110;122m[38;2;128;110;122m#[0m[48;2;158;139;152m[38;2;158;139;152m*[0m[48;2;160;140;152m[38;2;160;140;152m+[0m[48;2;161;140;154m[38;2;161;140;154m+[0m[48;2;159;139;154m[38;2;159;139;154m+[0m[48;2;157;139;152m[38;2;157;139;152m*[0m[48;2;120;103;116m[38;2;120;103;116m%[0m[48;2;49;38;48m[38;2;49;38;48m▒[0m[48;2;40;34;43m[38;2;40;34;43m▒[0m[48;2;47;43;53m[38;2;47;43;53m▒[0m[48;2;24;21;31m[38;2;24;21;31m▓[0m[48;2;14;10;19m[38;2;14;10;19m█[0m[48;2;131;129;133m[38;2;131;129;133m*[0m                                     
                                      [48;2;91;89;92m[38;2;91;89;92m@[0m[48;2;91;84;90m[38;2;91;84;90m@[0m[48;2;80;70;78m[38;2;80;70;78m@[0m[48;2;71;60;69m[38;2;71;60;69m░[0m[48;2;123;106;118m[38;2;123;106;118m#[0m[48;2;152;133;147m[38;2;152;133;147m*[0m[48;2;160;139;154m[38;2;160;139;154m+[0m[48;2;161;140;155m[38;2;161;140;155m+[0m[48;2;161;140;155m[38;2;161;140;155m+[0m[48;2;160;139;154m[38;2;160;139;154m+[0m[48;2;151;131;146m[38;2;151;131;146m*[0m[48;2;151;133;147m[38;2;151;133;147m*[0m[48;2;160;139;154m[38;2;160;139;154m+[0m[48;2;161;140;155m[38;2;161;140;155m+[0m[48;2;161;140;155m[38;2;161;140;155m+[0m[48;2;161;140;155m[38;2;161;140;155m+[0m[48;2;132;112;126m[38;2;132;112;126m#[0m[48;2;65;50;62m[38;2;65;50;62m░[0m[48;2;156;139;152m[38;2;156;139;152m*[0m[48;2;157;139;152m[38;2;157;139;152m*[0m[48;2;80;68;78m[38;2;80;68;78m░[0m[48;2;43;29;57m[38;2;43;29;57m▓[0m[48;2;43;29;74m[38;2;43;29;74m▒[0m[48;2;56;42;88m[38;2;56;42;88m▒[0m[48;2;29;19;48m[38;2;29;19;48m▓[0m[48;2;109;107;111m[38;2;109;107;111m%[0m                                    
                                     [48;2;81;80;83m[38;2;81;80;83m@[0m[48;2;114;103;111m[38;2;114;103;111m%[0m[48;2;156;140;151m[38;2;156;140;151m*[0m[48;2;127;112;122m[38;2;127;112;122m#[0m[48;2;159;142;154m[38;2;159;142;154m+[0m[48;2;160;140;155m[38;2;160;140;155m+[0m[48;2;161;140;155m[38;2;161;140;155m+[0m[48;2;161;140;155m[38;2;161;140;155m+[0m[48;2;161;140;155m[38;2;161;140;155m+[0m[48;2;161;140;155m[38;2;161;140;155m+[0m[48;2;155;135;150m[38;2;155;135;150m*[0m[48;2;129;109;123m[38;2;129;109;123m#[0m[48;2;61;45;57m[38;2;61;45;57m▒[0m[48;2;157;137;151m[38;2;157;137;151m*[0m[48;2;161;141;155m[38;2;161;141;155m+[0m[48;2;134;114;128m[38;2;134;114;128m#[0m[48;2;157;138;152m[38;2;157;138;152m*[0m[48;2;160;141;155m[38;2;160;141;155m+[0m[48;2;105;91;103m[38;2;105;91;103m%[0m[48;2;65;54;64m[38;2;65;54;64m░[0m[48;2;153;137;150m[38;2;153;137;150m*[0m[48;2;158;141;154m[38;2;158;141;154m+[0m[48;2;78;64;76m[38;2;78;64;76m░[0m[48;2;75;55;107m[38;2;75;55;107m░[0m[48;2;99;73;156m[38;2;99;73;156m@[0m[48;2;58;41;88m[38;2;58;41;88m▒[0m[48;2;10;3;15m[38;2;10;3;15m█[0m[48;2;158;155;158m[38;2;158;155;158m+[0m                                   
                                    [48;2;153;153;153m[38;2;153;153;153m+[0m[48;2;80;74;80m[38;2;80;74;80m@[0m[48;2;128;116;125m[38;2;128;116;125m#[0m[48;2;134;118;128m[38;2;134;118;128m#[0m[48;2;160;141;155m[38;2;160;141;155m+[0m[48;2;74;59;71m[38;2;74;59;71m░[0m[48;2;135;118;132m[38;2;135;118;132m#[0m[48;2;91;74;87m[38;2;91;74;87m@[0m[48;2;161;140;155m[38;2;161;140;155m+[0m[48;2;161;140;155m[38;2;161;140;155m+[0m[48;2;159;139;153m[38;2;159;139;153m+[0m[48;2;40;26;37m[38;2;40;26;37m▓[0m[48;2;152;135;148m[38;2;152;135;148m*[0m[48;2;77;64;74m[38;2;77;64;74m░[0m[48;2;43;30;39m[38;2;43;30;39m▓[0m[48;2;111;95;106m[38;2;111;95;106m%[0m[48;2;108;93;104m[38;2;108;93;104m%[0m[48;2;57;45;54m[38;2;57;45;54m▒[0m[48;2;149;131;144m[38;2;149;131;144m*[0m[48;2;160;141;155m[38;2;160;141;155m+[0m[48;2;122;105;118m[38;2;122;105;118m#[0m[48;2;57;44;53m[38;2;57;44;53m▒[0m[48;2;135;118;131m[38;2;135;118;131m#[0m[48;2;156;139;153m[38;2;156;139;153m*[0m[48;2;74;62;74m[38;2;74;62;74m░[0m[48;2;31;22;44m[38;2;31;22;44m▓[0m[48;2;9;3;11m[38;2;9;3;11m█[0m[48;2;23;18;27m[38;2;23;18;27m▓[0m[48;2;38;35;40m[38;2;38;35;40m▓[0m                                   
                                    [48;2;48;46;48m[38;2;48;46;48m▒[0m[48;2;148;136;145m[38;2;148;136;145m*[0m[48;2;56;45;54m[38;2;56;45;54m▒[0m[48;2;133;122;131m[38;2;133;122;131m#[0m[48;2;96;84;94m[38;2;96;84;94m@[0m[48;2;28;18;28m[38;2;28;18;28m▓[0m[48;2;103;91;103m[38;2;103;91;103m%[0m[48;2;77;66;77m[38;2;77;66;77m░[0m[48;2;154;137;150m[38;2;154;137;150m*[0m[48;2;161;140;155m[38;2;161;140;155m+[0m[48;2;161;140;155m[38;2;161;140;155m+[0m[48;2;59;47;58m[38;2;59;47;58m▒[0m[48;2;49;38;48m[38;2;49;38;48m▒[0m[48;2;141;129;138m[38;2;141;129;138m*[0m[48;2;59;48;55m[38;2;59;48;55m▒[0m[48;2;99;90;96m[38;2;99;90;96m%[0m[48;2;84;76;82m[38;2;84;76;82m@[0m[48;2;38;32;37m[38;2;38;32;37m▓[0m[48;2;25;18;24m[38;2;25;18;24m▓[0m[48;2;92;80;91m[38;2;92;80;91m@[0m[48;2;144;128;141m[38;2;144;128;141m*[0m[48;2;145;130;142m[38;2;145;130;142m*[0m[48;2;73;60;71m[38;2;73;60;71m░[0m[48;2;81;68;78m[38;2;81;68;78m░[0m[48;2;143;129;138m[38;2;143;129;138m*[0m[48;2;106;94;103m[38;2;106;94;103m%[0m[48;2;36;27;37m[38;2;36;27;37m▓[0m[48;2;27;20;29m[38;2;27;20;29m▓[0m[48;2;16;10;18m[38;2;16;10;18m█[0m[48;2;213;211;215m[38;2;213;211;215m:[0m                                  
                                   [48;2;212;211;212m[38;2;212;211;212m:[0m[48;2;58;51;56m[38;2;58;51;56m▒[0m[48;2;158;143;153m[38;2;158;143;153m+[0m[48;2;32;22;30m[38;2;32;22;30m▓[0m[48;2;33;24;31m[38;2;33;24;31m▓[0m[48;2;133;125;133m[38;2;133;125;133m*[0m[48;2;40;33;40m[38;2;40;33;40m▓[0m[48;2;74;63;72m[38;2;74;63;72m░[0m[48;2;39;30;37m[38;2;39;30;37m▓[0m[48;2;20;11;18m[38;2;20;11;18m█[0m[48;2;120;105;116m[38;2;120;105;116m#[0m[48;2;154;135;148m[38;2;154;135;148m*[0m[48;2;107;94;104m[38;2;107;94;104m%[0m[48;2;15;9;14m[38;2;15;9;14m█[0m[48;2;26;18;27m[38;2;26;18;27m▓[0m[48;2;60;46;78m[38;2;60;46;78m▒[0m[48;2;34;15;66m[38;2;34;15;66m▓[0m[48;2;23;9;41m[38;2;23;9;41m█[0m[48;2;116;108;113m[38;2;116;108;113m#[0m[48;2;18;11;16m[38;2;18;11;16m█[0m[48;2;48;41;46m[38;2;48;41;46m▒[0m[48;2;80;72;78m[38;2;80;72;78m@[0m[48;2;75;64;72m[38;2;75;64;72m░[0m[48;2;79;65;75m[38;2;79;65;75m░[0m[48;2;62;50;59m[38;2;62;50;59m▒[0m[48;2;23;13;21m[38;2;23;13;21m█[0m[48;2;36;25;33m[38;2;36;25;33m▓[0m[48;2;45;34;44m[38;2;45;34;44m▒[0m[48;2;52;42;52m[38;2;52;42;52m▒[0m[48;2;108;96;107m[38;2;108;96;107m%[0m[48;2;81;72;79m[38;2;81;72;79m@[0m[48;2;96;91;95m[38;2;96;91;95m%[0m[48;2;175;173;175m[38;2;175;173;175m=[0m                                
                                   [48;2;169;169;169m[38;2;169;169;169m=[0m[48;2;81;73;79m[38;2;81;73;79m@[0m[48;2;159;142;153m[38;2;159;142;153m+[0m[48;2;28;19;27m[38;2;28;19;27m▓[0m[48;2;31;24;30m[38;2;31;24;30m▓[0m[48;2;115;107;112m[38;2;115;107;112m#[0m[48;2;19;11;19m[38;2;19;11;19m█[0m[48;2;41;22;72m[38;2;41;22;72m▓[0m[48;2;44;21;82m[38;2;44;21;82m▓[0m[48;2;25;9;50m[38;2;25;9;50m▓[0m[48;2;82;72;78m[38;2;82;72;78m@[0m[48;2;130;120;121m[38;2;130;120;121m#[0m[48;2;163;153;153m[38;2;163;153;153m+[0m[48;2;198;188;188m[38;2;198;188;188m-[0m[48;2;53;43;52m[38;2;53;43;52m▒[0m[48;2;120;91;161m[38;2;120;91;161m%[0m[48;2;137;92;181m[38;2;137;92;181m#[0m[48;2;105;68;134m[38;2;105;68;134m@[0m[48;2;122;111;117m[38;2;122;111;117m#[0m[48;2;239;225;224m[38;2;239;225;224m.[0m[48;2;129;116;117m[38;2;129;116;117m#[0m[48;2;83;71;77m[38;2;83;71;77m@[0m[48;2;155;141;150m[38;2;155;141;150m*[0m[48;2;156;141;151m[38;2;156;141;151m+[0m[48;2;76;63;72m[38;2;76;63;72m░[0m[48;2;70;60;68m[38;2;70;60;68m░[0m[48;2;133;122;131m[38;2;133;122;131m#[0m[48;2;147;134;145m[38;2;147;134;145m*[0m[48;2;158;142;155m[38;2;158;142;155m+[0m[48;2;160;140;155m[38;2;160;140;155m+[0m[48;2;161;140;155m[38;2;161;140;155m+[0m[48;2;156;138;151m[38;2;156;138;151m*[0m[48;2;113;99;108m[38;2;113;99;108m%[0m[48;2;74;66;72m[38;2;74;66;72m░[0m[48;2;138;136;138m[38;2;138;136;138m*[0m[48;2;237;236;237m[38;2;237;236;237m.[0m                             
                                   [48;2;207;207;207m[38;2;207;207;207m:[0m[48;2;58;51;56m[38;2;58;51;56m▒[0m[48;2;159;144;154m[38;2;159;144;154m+[0m[48;2;63;51;60m[38;2;63;51;60m░[0m[48;2;94;85;93m[38;2;94;85;93m@[0m[48;2;243;234;238m[38;2;243;234;238m.[0m[48;2;54;42;49m[38;2;54;42;49m▒[0m[48;2;129;98;170m[38;2;129;98;170m#[0m[48;2;138;93;185m[38;2;138;93;185m#[0m[48;2;102;66;138m[38;2;102;66;138m@[0m[48;2;124;113;114m[38;2;124;113;114m#[0m[48;2;247;235;228m[38;2;247;235;228m [0m[48;2;248;235;228m[38;2;248;235;228m [0m[48;2;249;235;228m[38;2;249;235;228m [0m[48;2;195;181;178m[38;2;195;181;178m-[0m[48;2;77;60;73m[38;2;77;60;73m░[0m[48;2;152;119;153m[38;2;152;119;153m*[0m[48;2;100;69;98m[38;2;100;69;98m@[0m[48;2;161;149;152m[38;2;161;149;152m+[0m[48;2;244;219;211m[38;2;244;219;211m.[0m[48;2;241;209;198m[38;2;241;209;198m:[0m[48;2;166;149;145m[38;2;166;149;145m+[0m[48;2;69;57;64m[38;2;69;57;64m░[0m[48;2;142;127;138m[38;2;142;127;138m*[0m[48;2;156;141;151m[38;2;156;141;151m+[0m[48;2;118;104;114m[38;2;118;104;114m%[0m[48;2;65;53;63m[38;2;65;53;63m░[0m[48;2;93;81;91m[38;2;93;81;91m@[0m[48;2;141;127;139m[38;2;141;127;139m*[0m[48;2;157;138;152m[38;2;157;138;152m*[0m[48;2;160;139;154m[38;2;160;139;154m+[0m[48;2;160;141;155m[38;2;160;141;155m+[0m[48;2;161;140;155m[38;2;161;140;155m+[0m[48;2;160;141;155m[38;2;160;141;155m+[0m[48;2;125;113;122m[38;2;125;113;122m#[0m[48;2;56;50;54m[38;2;56;50;54m▒[0m[48;2;218;216;217m[38;2;218;216;217m:[0m                            
                                    [48;2;66;63;64m[38;2;66;63;64m░[0m[48;2;138;125;134m[38;2;138;125;134m*[0m[48;2;137;125;135m[38;2;137;125;135m*[0m[48;2;46;37;44m[38;2;46;37;44m▒[0m[48;2;225;212;214m[38;2;225;212;214m:[0m[48;2;177;162;161m[38;2;177;162;161m=[0m[48;2;92;70;89m[38;2;92;70;89m@[0m[48;2;188;148;192m[38;2;188;148;192m=[0m[48;2;104;73;109m[38;2;104;73;109m@[0m[48;2;161;150;151m[38;2;161;150;151m+[0m[48;2;249;237;232m[38;2;249;237;232m [0m[48;2;219;208;204m[38;2;219;208;204m:[0m[48;2;188;176;173m[38;2;188;176;173m=[0m[48;2;249;236;230m[38;2;249;236;230m [0m[48;2;237;223;218m[38;2;237;223;218m.[0m[48;2;192;178;173m[38;2;192;178;173m=[0m[48;2;214;199;194m[38;2;214;199;194m:[0m[48;2;250;235;228m[38;2;250;235;228m [0m[48;2;240;218;210m[38;2;240;218;210m.[0m[48;2;247;227;219m[38;2;247;227;219m.[0m[48;2;250;234;229m[38;2;250;234;229m [0m[48;2;201;189;190m[38;2;201;189;190m-[0m[48;2;34;24;31m[38;2;34;24;31m▓[0m[48;2;83;72;80m[38;2;83;72;80m@[0m[48;2;121;109;118m[38;2;121;109;118m#[0m[48;2;79;68;77m[38;2;79;68;77m░[0m[48;2;118;106;117m[38;2;118;106;117m#[0m[48;2;85;74;84m[38;2;85;74;84m@[0m[48;2;72;62;71m[38;2;72;62;71m░[0m[48;2;70;61;69m[38;2;70;61;69m░[0m[48;2;55;48;55m[38;2;55;48;55m▒[0m[48;2;50;43;50m[38;2;50;43;50m▒[0m[48;2;72;60;70m[38;2;72;60;70m░[0m[48;2;154;139;149m[38;2;154;139;149m*[0m[48;2;132;119;130m[38;2;132;119;130m#[0m[48;2;78;72;77m[38;2;78;72;77m@[0m                            
                                    [48;2;153;152;153m[38;2;153;152;153m+[0m[48;2;31;25;30m[38;2;31;25;30m▓[0m[48;2;118;110;116m[38;2;118;110;116m#[0m[48;2;129;118;125m[38;2;129;118;125m#[0m[48;2;72;58;63m[38;2;72;58;63m░[0m[48;2;168;155;155m[38;2;168;155;155m+[0m[48;2;200;187;185m[38;2;200;187;185m-[0m[48;2;149;136;133m[38;2;149;136;133m*[0m[48;2;193;179;177m[38;2;193;179;177m-[0m[48;2;249;235;228m[38;2;249;235;228m [0m[48;2;249;235;227m[38;2;249;235;227m [0m[48;2;212;198;192m[38;2;212;198;192m:[0m[48;2;205;191;185m[38;2;205;191;185m-[0m[48;2;250;234;228m[38;2;250;234;228m [0m[48;2;250;234;227m[38;2;250;234;227m [0m[48;2;250;235;226m[38;2;250;235;226m [0m[48;2;250;235;227m[38;2;250;235;227m [0m[48;2;250;235;226m[38;2;250;235;226m [0m[48;2;250;235;226m[38;2;250;235;226m [0m[48;2;250;235;227m[38;2;250;235;227m [0m[48;2;226;213;209m[38;2;226;213;209m:[0m[48;2;74;65;65m[38;2;74;65;65m░[0m[48;2;124;114;120m[38;2;124;114;120m#[0m[48;2;136;125;133m[38;2;136;125;133m*[0m[48;2;75;65;72m[38;2;75;65;72m░[0m[48;2;23;18;23m[38;2;23;18;23m▓[0m[48;2;6;1;6m[38;2;6;1;6m█[0m[48;2;16;11;15m[38;2;16;11;15m█[0m[48;2;17;12;16m[38;2;17;12;16m█[0m[48;2;14;8;13m[38;2;14;8;13m█[0m[48;2;38;31;35m[38;2;38;31;35m▓[0m[48;2;99;89;95m[38;2;99;89;95m%[0m[48;2;159;142;154m[38;2;159;142;154m+[0m[48;2;161;141;154m[38;2;161;141;154m+[0m[48;2;160;141;155m[38;2;160;141;155m+[0m[48;2;50;41;49m[38;2;50;41;49m▒[0m[48;2;224;221;223m[38;2;224;221;223m.[0m                           
                                    [48;2;132;132;132m[38;2;132;132;132m*[0m[48;2;27;23;25m[38;2;27;23;25m▓[0m[48;2;38;33;37m[38;2;38;33;37m▓[0m[48;2;111;103;107m[38;2;111;103;107m%[0m[48;2;105;96;101m[38;2;105;96;101m%[0m[48;2;97;86;89m[38;2;97;86;89m@[0m[48;2;193;179;176m[38;2;193;179;176m=[0m[48;2;250;234;228m[38;2;250;234;228m [0m[48;2;250;234;227m[38;2;250;234;227m [0m[48;2;250;235;226m[38;2;250;235;226m [0m[48;2;250;235;227m[38;2;250;235;227m [0m[48;2;250;235;228m[38;2;250;235;228m [0m[48;2;250;235;229m[38;2;250;235;229m [0m[48;2;250;235;229m[38;2;250;235;229m [0m[48;2;243;228;223m[38;2;243;228;223m.[0m[48;2;213;199;195m[38;2;213;199;195m:[0m[48;2;183;170;166m[38;2;183;170;166m=[0m[48;2;150;137;135m[38;2;150;137;135m*[0m[48;2;107;95;94m[38;2;107;95;94m%[0m[48;2;66;57;58m[38;2;66;57;58m░[0m[48;2;13;8;10m[38;2;13;8;10m█[0m[48;2;30;27;30m[38;2;30;27;30m▓[0m[48;2;90;86;90m[38;2;90;86;90m@[0m[48;2;38;31;38m[38;2;38;31;38m▓[0m[48;2;13;6;14m[38;2;13;6;14m█[0m[48;2;17;13;21m[38;2;17;13;21m█[0m[48;2;59;56;62m[38;2;59;56;62m░[0m[48;2;205;199;205m[38;2;205;199;205m:[0m[48;2;100;96;99m[38;2;100;96;99m%[0m[48;2;152;146;151m[38;2;152;146;151m+[0m[48;2;143;135;142m[38;2;143;135;142m*[0m[48;2;46;35;43m[38;2;46;35;43m▒[0m[48;2;158;140;152m[38;2;158;140;152m+[0m[48;2;161;140;155m[38;2;161;140;155m+[0m[48;2;161;140;155m[38;2;161;140;155m+[0m[48;2;62;50;60m[38;2;62;50;60m▒[0m[48;2;207;203;207m[38;2;207;203;207m:[0m                           
                                    [48;2;238;238;238m[38;2;238;238;238m [0m[48;2;220;219;220m[38;2;220;219;220m:[0m[48;2;99;97;98m[38;2;99;97;98m%[0m[48;2;73;68;69m[38;2;73;68;69m░[0m[48;2;131;124;124m[38;2;131;124;124m#[0m[48;2;143;136;136m[38;2;143;136;136m*[0m[48;2;143;134;134m[38;2;143;134;134m*[0m[48;2;138;129;129m[38;2;138;129;129m*[0m[48;2;131;123;122m[38;2;131;123;122m#[0m[48;2;124;115;115m[38;2;124;115;115m#[0m[48;2;112;103;103m[38;2;112;103;103m%[0m[48;2;109;100;100m[38;2;109;100;100m%[0m[48;2;86;78;79m[38;2;86;78;79m@[0m[48;2;100;93;95m[38;2;100;93;95m%[0m[48;2;87;81;83m[38;2;87;81;83m@[0m[48;2;16;9;12m[38;2;16;9;12m█[0m[48;2;34;28;32m[38;2;34;28;32m▓[0m[48;2;36;31;36m[38;2;36;31;36m▓[0m[48;2;12;7;13m[38;2;12;7;13m█[0m[48;2;40;35;42m[38;2;40;35;42m▒[0m[48;2;16;12;20m[38;2;16;12;20m█[0m[48;2;6;4;10m[38;2;6;4;10m█[0m[48;2;36;32;38m[38;2;36;32;38m▓[0m[48;2;25;21;33m[38;2;25;21;33m▓[0m[48;2;35;31;46m[38;2;35;31;46m▓[0m[48;2;17;15;26m[38;2;17;15;26m█[0m[48;2;177;175;181m[38;2;177;175;181m=[0m[48;2;243;239;244m[38;2;243;239;244m [0m[48;2;112;109;112m[38;2;112;109;112m#[0m[48;2;72;67;73m[38;2;72;67;73m░[0m[48;2;87;81;86m[38;2;87;81;86m@[0m[48;2;80;71;78m[38;2;80;71;78m@[0m[48;2;140;122;135m[38;2;140;122;135m*[0m[48;2;161;140;155m[38;2;161;140;155m+[0m[48;2;146;127;140m[38;2;146;127;140m*[0m[48;2;60;52;59m[38;2;60;52;59m░[0m                            
                                 [48;2;157;156;156m[38;2;157;156;156m+[0m[48;2;94;91;93m[38;2;94;91;93m%[0m[48;2;36;36;36m[38;2;36;36;36m▓[0m[48;2;28;26;32m[38;2;28;26;32m▓[0m[48;2;22;19;27m[38;2;22;19;27m▓[0m[48;2;16;12;19m[38;2;16;12;19m█[0m[48;2;31;28;34m[38;2;31;28;34m▓[0m[48;2;24;20;25m[38;2;24;20;25m▓[0m[48;2;28;23;27m[38;2;28;23;27m▓[0m[48;2;38;34;37m[38;2;38;34;37m▓[0m[48;2;8;3;8m[38;2;8;3;8m█[0m[48;2;33;29;34m[38;2;33;29;34m▓[0m[48;2;46;41;47m[38;2;46;41;47m▒[0m[48;2;38;33;42m[38;2;38;33;42m▓[0m[48;2;25;21;26m[38;2;25;21;26m▓[0m[48;2;139;135;139m[38;2;139;135;139m*[0m[48;2;69;66;70m[38;2;69;66;70m░[0m[48;2;9;6;10m[38;2;9;6;10m█[0m[48;2;41;38;42m[38;2;41;38;42m▒[0m[48;2;34;30;34m[38;2;34;30;34m▓[0m[48;2;42;35;37m[38;2;42;35;37m▒[0m[48;2;64;55;52m[38;2;64;55;52m░[0m[48;2;110;101;94m[38;2;110;101;94m%[0m[48;2;37;30;44m[38;2;37;30;44m▓[0m[48;2;17;13;26m[38;2;17;13;26m█[0m[48;2;4;1;8m[38;2;4;1;8m█[0m[48;2;21;19;29m[38;2;21;19;29m▓[0m[48;2;35;31;46m[38;2;35;31;46m▓[0m[48;2;18;15;26m[38;2;18;15;26m█[0m[48;2;230;228;233m[38;2;230;228;233m.[0m[48;2;242;239;242m[38;2;242;239;242m [0m[48;2;184;181;185m[38;2;184;181;185m=[0m[48;2;79;76;80m[38;2;79;76;80m@[0m[48;2;135;131;136m[38;2;135;131;136m*[0m[48;2;44;37;43m[38;2;44;37;43m▒[0m[48;2;141;127;137m[38;2;141;127;137m*[0m[48;2;150;133;144m[38;2;150;133;144m*[0m[48;2;64;50;59m[38;2;64;50;59m░[0m[48;2;207;202;206m[38;2;207;202;206m:[0m                            
                               [48;2;216;216;216m[38;2;216;216;216m:[0m[48;2;68;65;68m[38;2;68;65;68m░[0m[48;2;61;58;61m[38;2;61;58;61m░[0m[48;2;182;178;182m[38;2;182;178;182m=[0m[48;2;110;108;111m[38;2;110;108;111m%[0m[48;2;27;23;34m[38;2;27;23;34m▓[0m[48;2;37;32;49m[38;2;37;32;49m▓[0m[48;2;37;31;51m[38;2;37;31;51m▓[0m[48;2;36;31;51m[38;2;36;31;51m▓[0m[48;2;27;22;38m[38;2;27;22;38m▓[0m[48;2;14;11;22m[38;2;14;11;22m█[0m[48;2;12;9;20m[38;2;12;9;20m█[0m[48;2;27;22;35m[38;2;27;22;35m▓[0m[48;2;16;12;24m[38;2;16;12;24m█[0m[48;2;20;17;23m[38;2;20;17;23m▓[0m[48;2;21;18;24m[38;2;21;18;24m▓[0m[48;2;14;11;16m[38;2;14;11;16m█[0m[48;2;95;92;97m[38;2;95;92;97m%[0m[48;2;14;11;17m[38;2;14;11;17m█[0m[48;2;38;35;39m[38;2;38;35;39m▓[0m[48;2;13;10;14m[38;2;13;10;14m█[0m[48;2;54;48;51m[38;2;54;48;51m▒[0m[48;2;93;82;84m[38;2;93;82;84m@[0m[48;2;64;50;61m[38;2;64;50;61m░[0m[48;2;114;104;99m[38;2;114;104;99m%[0m[48;2;42;36;47m[38;2;42;36;47m▒[0m[48;2;37;31;51m[38;2;37;31;51m▓[0m[48;2;20;16;29m[38;2;20;16;29m▓[0m[48;2;10;6;16m[38;2;10;6;16m█[0m[48;2;45;42;49m[38;2;45;42;49m▒[0m[48;2;30;27;33m[38;2;30;27;33m▓[0m[48;2;109;105;110m[38;2;109;105;110m%[0m[48;2;132;129;133m[38;2;132;129;133m*[0m[48;2;142;139;143m[38;2;142;139;143m*[0m[48;2;42;38;43m[38;2;42;38;43m▒[0m[48;2;48;43;48m[38;2;48;43;48m▒[0m[48;2;122;112;120m[38;2;122;112;120m#[0m[48;2;124;110;120m[38;2;124;110;120m#[0m[48;2;66;57;65m[38;2;66;57;65m░[0m[48;2;214;209;213m[38;2;214;209;213m:[0m                             
                               [48;2;236;236;236m[38;2;236;236;236m.[0m[48;2;151;149;151m[38;2;151;149;151m+[0m[48;2;106;104;106m[38;2;106;104;106m%[0m[48;2;115;114;115m[38;2;115;114;115m#[0m[48;2;228;227;229m[38;2;228;227;229m.[0m[48;2;39;36;42m[38;2;39;36;42m▒[0m[48;2;32;27;41m[38;2;32;27;41m▓[0m[48;2;37;31;51m[38;2;37;31;51m▓[0m[48;2;37;31;52m[38;2;37;31;52m▓[0m[48;2;21;16;31m[38;2;21;16;31m▓[0m[48;2;17;13;22m[38;2;17;13;22m█[0m[48;2;9;6;16m[38;2;9;6;16m█[0m[48;2;35;31;48m[38;2;35;31;48m▓[0m[48;2;29;24;42m[38;2;29;24;42m▓[0m[48;2;5;2;10m[38;2;5;2;10m█[0m[48;2;53;50;45m[38;2;53;50;45m▒[0m[48;2;15;11;11m[38;2;15;11;11m█[0m[48;2;6;2;6m[38;2;6;2;6m█[0m[48;2;15;9;22m[38;2;15;9;22m█[0m[48;2;132;122;102m[38;2;132;122;102m#[0m[48;2;171;161;134m[38;2;171;161;134m+[0m[48;2;33;24;22m[38;2;33;24;22m▓[0m[48;2;75;65;66m[38;2;75;65;66m░[0m[48;2;86;76;76m[38;2;86;76;76m@[0m[48;2;71;60;66m[38;2;71;60;66m░[0m[48;2;37;29;47m[38;2;37;29;47m▓[0m[48;2;33;27;46m[38;2;33;27;46m▓[0m[48;2;34;29;48m[38;2;34;29;48m▓[0m[48;2;29;24;41m[38;2;29;24;41m▓[0m[48;2;27;23;33m[38;2;27;23;33m▓[0m[48;2;50;44;51m[38;2;50;44;51m▒[0m[48;2;51;45;52m[38;2;51;45;52m▒[0m[48;2;27;21;27m[38;2;27;21;27m▓[0m[48;2;83;76;83m[38;2;83;76;83m@[0m[48;2;134;124;133m[38;2;134;124;133m*[0m[48;2;108;98;107m[38;2;108;98;107m%[0m[48;2;74;66;74m[38;2;74;66;74m░[0m[48;2;142;135;141m[38;2;142;135;141m*[0m[48;2;243;239;243m[38;2;243;239;243m [0m                              
                                  [48;2;83;83;83m[38;2;83;83;83m@[0m[48;2;190;190;190m[38;2;190;190;190m-[0m[48;2;212;210;212m[38;2;212;210;212m:[0m[48;2;60;58;64m[38;2;60;58;64m░[0m[48;2;22;18;28m[38;2;22;18;28m▓[0m[48;2;21;17;27m[38;2;21;17;27m▓[0m[48;2;20;17;25m[38;2;20;17;25m▓[0m[48;2;41;37;44m[38;2;41;37;44m▒[0m[48;2;17;13;24m[38;2;17;13;24m█[0m[48;2;37;31;50m[38;2;37;31;50m▓[0m[48;2;36;30;50m[38;2;36;30;50m▓[0m[48;2;13;8;18m[38;2;13;8;18m█[0m[48;2;98;90;82m[38;2;98;90;82m%[0m[48;2;162;148;124m[38;2;162;148;124m+[0m[48;2;158;142;115m[38;2;158;142;115m*[0m[48;2;182;165;136m[38;2;182;165;136m=[0m[48;2;143;128;104m[38;2;143;128;104m*[0m[48;2;59;48;46m[38;2;59;48;46m▒[0m[48;2;17;11;14m[38;2;17;11;14m█[0m[48;2;22;17;23m[38;2;22;17;23m▓[0m[48;2;39;35;41m[38;2;39;35;41m▒[0m[48;2;43;41;46m[38;2;43;41;46m▒[0m[48;2;49;47;53m[38;2;49;47;53m▒[0m[48;2;54;50;56m[38;2;54;50;56m▒[0m[48;2;49;46;52m[38;2;49;46;52m▒[0m[48;2;43;41;47m[38;2;43;41;47m▒[0m[48;2;41;38;44m[38;2;41;38;44m▒[0m[48;2;38;35;41m[38;2;38;35;41m▒[0m[48;2;41;39;43m[38;2;41;39;43m▒[0m[48;2;53;48;52m[38;2;53;48;52m▒[0m[48;2;89;81;88m[38;2;89;81;88m@[0m[48;2;85;77;84m[38;2;85;77;84m@[0m[48;2;162;157;162m[38;2;162;157;162m+[0m                                 
                                   [48;2;103;103;103m[38;2;103;103;103m%[0m[48;2;119;118;119m[38;2;119;118;119m#[0m[48;2;113;111;114m[38;2;113;111;114m#[0m[48;2;90;86;91m[38;2;90;86;91m@[0m[48;2;151;149;152m[38;2;151;149;152m+[0m[48;2;130;128;131m[38;2;130;128;131m*[0m[48;2;36;33;37m[38;2;36;33;37m▓[0m[48;2;26;22;33m[38;2;26;22;33m▓[0m[48;2;26;21;36m[38;2;26;21;36m▓[0m[48;2;22;18;26m[38;2;22;18;26m▓[0m[48;2;49;46;50m[38;2;49;46;50m▒[0m[48;2;21;18;22m[38;2;21;18;22m▓[0m[48;2;21;17;21m[38;2;21;17;21m▓[0m[48;2;25;20;22m[38;2;25;20;22m▓[0m[48;2;34;31;31m[38;2;34;31;31m▓[0m[48;2;27;23;29m[38;2;27;23;29m▓[0m[48;2;32;28;35m[38;2;32;28;35m▓[0m[48;2;28;24;35m[38;2;28;24;35m▓[0m[48;2;27;17;64m[38;2;27;17;64m▓[0m[48;2;27;19;43m[38;2;27;19;43m▓[0m[48;2;14;10;20m[38;2;14;10;20m█[0m[48;2;21;18;28m[38;2;21;18;28m▓[0m[48;2;21;18;27m[38;2;21;18;27m▓[0m[48;2;27;25;34m[38;2;27;25;34m▓[0m[48;2;35;32;41m[38;2;35;32;41m▓[0m[48;2;38;35;44m[38;2;38;35;44m▒[0m[48;2;37;34;43m[38;2;37;34;43m▓[0m[48;2;28;25;35m[38;2;28;25;35m▓[0m[48;2;13;10;21m[38;2;13;10;21m█[0m[48;2;103;100;105m[38;2;103;100;105m%[0m[48;2;216;214;216m[38;2;216;214;216m:[0m                                  
                                   [48;2;225;225;225m[38;2;225;225;225m.[0m[48;2;133;132;133m[38;2;133;132;133m*[0m[48;2;131;128;132m[38;2;131;128;132m*[0m[48;2;110;107;111m[38;2;110;107;111m%[0m[48;2;88;84;88m[38;2;88;84;88m@[0m[48;2;85;81;86m[38;2;85;81;86m@[0m[48;2;21;19;22m[38;2;21;19;22m▓[0m[48;2;20;17;22m[38;2;20;17;22m▓[0m[48;2;46;43;48m[38;2;46;43;48m▒[0m[48;2;58;55;59m[38;2;58;55;59m░[0m[48;2;8;6;10m[38;2;8;6;10m█[0m[48;2;158;156;159m[38;2;158;156;159m+[0m[48;2;227;224;228m[38;2;227;224;228m.[0m[48;2;72;69;73m[38;2;72;69;73m░[0m[48;2;24;15;67m[38;2;24;15;67m▓[0m[48;2;30;17;93m[38;2;30;17;93m▓[0m[48;2;10;5;28m[38;2;10;5;28m█[0m[48;2;20;10;58m[38;2;20;10;58m▓[0m[48;2;45;34;86m[38;2;45;34;86m▒[0m[48;2;48;38;74m[38;2;48;38;74m▒[0m[48;2;9;5;17m[38;2;9;5;17m█[0m[48;2;35;30;47m[38;2;35;30;47m▓[0m[48;2;37;31;52m[38;2;37;31;52m▓[0m[48;2;37;31;51m[38;2;37;31;51m▓[0m[48;2;37;31;52m[38;2;37;31;52m▓[0m[48;2;37;31;52m[38;2;37;31;52m▓[0m[48;2;37;31;52m[38;2;37;31;52m▓[0m[48;2;37;31;52m[38;2;37;31;52m▓[0m[48;2;37;31;52m[38;2;37;31;52m▓[0m[48;2;31;26;44m[38;2;31;26;44m▓[0m[48;2;22;18;33m[38;2;22;18;33m▓[0m[48;2;49;45;57m[38;2;49;45;57m▒[0m[48;2;111;108;116m[38;2;111;108;116m#[0m[48;2;194;193;195m[38;2;194;193;195m-[0m                               
                                   [48;2;235;235;235m[38;2;235;235;235m.[0m[48;2;140;139;140m[38;2;140;139;140m*[0m[48;2;98;94;99m[38;2;98;94;99m%[0m[48;2;91;86;92m[38;2;91;86;92m@[0m[48;2;83;77;84m[38;2;83;77;84m@[0m[48;2;74;67;74m[38;2;74;67;74m░[0m[48;2;16;11;15m[38;2;16;11;15m█[0m[48;2;66;63;67m[38;2;66;63;67m░[0m[48;2;35;32;38m[38;2;35;32;38m▓[0m[48;2;27;23;36m[38;2;27;23;36m▓[0m[48;2;19;16;24m[38;2;19;16;24m█[0m[48;2;227;226;228m[38;2;227;226;228m.[0m [48;2;227;224;227m[38;2;227;224;227m.[0m[48;2;55;49;62m[38;2;55;49;62m▒[0m[48;2;100;82;139m[38;2;100;82;139m%[0m[48;2;59;44;85m[38;2;59;44;85m▒[0m[48;2;15;8;43m[38;2;15;8;43m█[0m[48;2;42;25;97m[38;2;42;25;97m▒[0m[48;2;39;26;57m[38;2;39;26;57m▓[0m[48;2;78;74;82m[38;2;78;74;82m@[0m[48;2;50;46;56m[38;2;50;46;56m▒[0m[48;2;26;21;36m[38;2;26;21;36m▓[0m[48;2;35;30;47m[38;2;35;30;47m▓[0m[48;2;37;31;51m[38;2;37;31;51m▓[0m[48;2;37;31;52m[38;2;37;31;52m▓[0m[48;2;37;31;52m[38;2;37;31;52m▓[0m[48;2;37;31;52m[38;2;37;31;52m▓[0m[48;2;37;31;52m[38;2;37;31;52m▓[0m[48;2;37;31;52m[38;2;37;31;52m▓[0m[48;2;37;31;52m[38;2;37;31;52m▓[0m[48;2;37;31;52m[38;2;37;31;52m▓[0m[48;2;35;29;49m[38;2;35;29;49m▓[0m[48;2;25;21;37m[38;2;25;21;37m▓[0m[48;2;46;42;53m[38;2;46;42;53m▒[0m[48;2;131;130;134m[38;2;131;130;134m*[0m[48;2;229;229;230m[38;2;229;229;230m.[0m                            
                                        [48;2;162;161;163m[38;2;162;161;163m+[0m[48;2;30;25;31m[38;2;30;25;31m▓[0m[48;2;22;16;29m[38;2;22;16;29m▓[0m[48;2;35;30;48m[38;2;35;30;48m▓[0m[48;2;35;29;49m[38;2;35;29;49m▓[0m[48;2;48;45;54m[38;2;48;45;54m▒[0m   [48;2;232;230;232m[38;2;232;230;232m.[0m[48;2;167;164;166m[38;2;167;164;166m=[0m[48;2;199;194;198m[38;2;199;194;198m-[0m[48;2;111;108;115m[38;2;111;108;115m%[0m[48;2;61;50;84m[38;2;61;50;84m░[0m[48;2;58;47;76m[38;2;58;47;76m▒[0m[48;2;153;150;155m[38;2;153;150;155m+[0m[48;2;242;239;243m[38;2;242;239;243m [0m[48;2;186;183;187m[38;2;186;183;187m-[0m[48;2;103;100;106m[38;2;103;100;106m%[0m[48;2;35;32;41m[38;2;35;32;41m▓[0m[48;2;24;20;32m[38;2;24;20;32m▓[0m[48;2;33;28;44m[38;2;33;28;44m▓[0m[48;2;37;31;50m[38;2;37;31;50m▓[0m[48;2;37;31;52m[38;2;37;31;52m▓[0m[48;2;37;31;52m[38;2;37;31;52m▓[0m[48;2;37;31;52m[38;2;37;31;52m▓[0m[48;2;37;31;52m[38;2;37;31;52m▓[0m[48;2;37;31;52m[38;2;37;31;52m▓[0m[48;2;37;31;52m[38;2;37;31;52m▓[0m[48;2;37;31;52m[38;2;37;31;52m▓[0m[48;2;32;26;45m[38;2;32;26;45m▓[0m[48;2;27;22;35m[38;2;27;22;35m▓[0m[48;2;107;105;110m[38;2;107;105;110m%[0m[48;2;229;228;230m[38;2;229;228;230m.[0m                          
                                        [48;2;168;168;169m[38;2;168;168;169m=[0m[48;2;19;17;22m[38;2;19;17;22m█[0m[48;2;37;31;50m[38;2;37;31;50m▓[0m[48;2;37;31;52m[38;2;37;31;52m▓[0m[48;2;32;26;46m[38;2;32;26;46m▓[0m[48;2;84;80;90m[38;2;84;80;90m@[0m       [48;2;221;219;221m[38;2;221;219;221m.[0m[48;2;197;194;197m[38;2;197;194;197m-[0m[48;2;243;240;245m[38;2;243;240;245m [0m  [48;2;185;182;186m[38;2;185;182;186m-[0m[48;2;81;78;83m[38;2;81;78;83m@[0m[48;2;104;101;105m[38;2;104;101;105m%[0m[48;2;12;10;15m[38;2;12;10;15m█[0m[48;2;18;11;45m[38;2;18;11;45m█[0m[48;2;20;14;42m[38;2;20;14;42m▓[0m[48;2;25;21;37m[38;2;25;21;37m▓[0m[48;2;36;30;50m[38;2;36;30;50m▓[0m[48;2;37;31;52m[38;2;37;31;52m▓[0m[48;2;37;31;52m[38;2;37;31;52m▓[0m[48;2;37;31;52m[38;2;37;31;52m▓[0m[48;2;37;31;52m[38;2;37;31;52m▓[0m[48;2;37;31;52m[38;2;37;31;52m▓[0m[48;2;37;31;52m[38;2;37;31;52m▓[0m[48;2;32;27;45m[38;2;32;27;45m▓[0m[48;2;32;29;40m[38;2;32;29;40m▓[0m[48;2;201;200;203m[38;2;201;200;203m-[0m                         