                                                                                                    
                                                                                                    
                                                                                                    
                                                                                                    
                                                                                                    
                                                                                                    
                                                                                                    
                                                                                                    
                                                                                                    
                                                                                                    
                                                                                                    
                                                [48;2;222;222;222m[38;2;222;222;222m.[0m[48;2;206;206;206m[38;2;206;206;206m:[0m[48;2;203;203;203m[38;2;203;203;203m:[0m[48;2;198;198;198m[38;2;198;198;198m-[0m[48;2;205;205;205m[38;2;205;205;205m:[0m[48;2;229;229;229m[38;2;229;229;229m.[0m                                              
                                            [48;2;166;166;167m[38;2;166;166;167m=[0m[48;2;95;94;97m[38;2;95;94;97m%[0m[48;2;51;50;56m[38;2;51;50;56m▒[0m[48;2;27;25;34m[38;2;27;25;34m▓[0m[48;2;27;25;35m[38;2;27;25;35m▓[0m[48;2;31;28;39m[38;2;31;28;39m▓[0m[48;2;31;29;41m[38;2;31;29;41m▓[0m[48;2;30;28;39m[38;2;30;28;39m▓[0m[48;2;29;28;38m[38;2;29;28;38m▓[0m[48;2;25;23;35m[38;2;25;23;35m▓[0m[48;2;34;32;43m[38;2;34;32;43m▓[0m[48;2;69;68;77m[38;2;69;68;77m░[0m[48;2;111;110;116m[38;2;111;110;116m#[0m[48;2;169;168;172m[38;2;169;168;172m=[0m                                          
                                         [48;2;234;234;234m[38;2;234;234;234m.[0m[48;2;117;116;119m[38;2;117;116;119m#[0m[48;2;33;32;39m[38;2;33;32;39m▓[0m[48;2;33;31;44m[38;2;33;31;44m▓[0m[48;2;44;42;57m[38;2;44;42;57m▒[0m[48;2;60;58;72m[38;2;60;58;72m░[0m[48;2;59;57;69m[38;2;59;57;69m░[0m[48;2;36;32;45m[38;2;36;32;45m▓[0m[48;2;44;39;52m[38;2;44;39;52m▒[0m[48;2;40;36;49m[38;2;40;36;49m▒[0m[48;2;29;27;40m[38;2;29;27;40m▓[0m[48;2;29;28;40m[38;2;29;28;40m▓[0m[48;2;34;33;46m[38;2;34;33;46m▓[0m[48;2;41;39;54m[38;2;41;39;54m▒[0m[48;2;43;42;58m[38;2;43;42;58m▒[0m[48;2;42;41;58m[38;2;42;41;58m▒[0m[48;2;32;30;45m[38;2;32;30;45m▓[0m[48;2;31;30;41m[38;2;31;30;41m▓[0m[48;2;126;125;129m[38;2;126;125;129m#[0m[48;2;237;237;238m[38;2;237;237;238m.[0m                                       
                                        [48;2;155;154;156m[38;2;155;154;156m+[0m[48;2;28;26;32m[38;2;28;26;32m▓[0m[48;2;26;23;34m[38;2;26;23;34m▓[0m[48;2;31;28;41m[38;2;31;28;41m▓[0m[48;2;44;41;54m[38;2;44;41;54m▒[0m[48;2;45;42;54m[38;2;45;42;54m▒[0m[48;2;56;50;60m[38;2;56;50;60m▒[0m[48;2;50;42;51m[38;2;50;42;51m▒[0m[48;2;72;61;71m[38;2;72;61;71m░[0m[48;2;90;78;88m[38;2;90;78;88m@[0m[48;2;127;112;122m[38;2;127;112;122m#[0m[48;2;142;127;137m[38;2;142;127;137m*[0m[48;2;128;113;123m[38;2;128;113;123m#[0m[48;2;110;95;105m[38;2;110;95;105m%[0m[48;2;80;68;77m[38;2;80;68;77m░[0m[48;2;42;33;44m[38;2;42;33;44m▒[0m[48;2;36;31;43m[38;2;36;31;43m▓[0m[48;2;60;57;70m[38;2;60;57;70m░[0m[48;2;53;52;66m[38;2;53;52;66m▒[0m[48;2;37;36;45m[38;2;37;36;45m▒[0m[48;2;41;39;44m[38;2;41;39;44m▒[0m[48;2;191;189;191m[38;2;191;189;191m-[0m                                      
                                       [48;2;85;84;85m[38;2;85;84;85m@[0m[48;2;26;23;29m[38;2;26;23;29m▓[0m[48;2;72;67;76m[38;2;72;67;76m░[0m[48;2;68;63;72m[38;2;68;63;72m░[0m[48;2;91;81;92m[38;2;91;81;92m@[0m[48;2;138;121;133m[38;2;138;121;133m#[0m[48;2;146;129;141m[38;2;146;129;141m*[0m[48;2;152;133;147m[38;2;152;133;147m*[0m[48;2;135;116;130m[38;2;135;116;130m#[0m[48;2;143;124;137m[38;2;143;124;137m*[0m[48;2;134;116;128m[38;2;134;116;128m#[0m[48;2;129;111;123m[38;2;129;111;123m#[0m[48;2;160;140;155m[38;2;160;140;155m+[0m[48;2;161;140;155m[38;2;161;140;155m+[0m[48;2;161;140;155m[38;2;161;140;155m+[0m[48;2;159;138;153m[38;2;159;138;153m*[0m[48;2;156;137;150m[38;2;156;137;150m*[0m[48;2;120;104;115m[38;2;120;104;115m#[0m[48;2;47;37;46m[38;2;47;37;46m▒[0m[48;2;40;37;43m[38;2;40;37;43m▒[0m[48;2;48;46;53m[38;2;48;46;53m▒[0m[48;2;23;20;29m[38;2;23;20;29m▓[0m[48;2;15;11;19m[38;2;15;11;19m█[0m[48;2;131;128;132m[38;2;131;128;132m*[0m                                     
                                      [48;2;93;91;94m[38;2;93;91;94m%[0m[48;2;92;83;93m[38;2;92;83;93m@[0m[48;2;80;69;80m[38;2;80;69;80m@[0m[48;2;73;60;72m[38;2;73;60;72m░[0m[48;2;122;107;120m[38;2;122;107;120m#[0m[48;2;152;134;148m[38;2;152;134;148m*[0m[48;2;160;140;155m[38;2;160;140;155m+[0m[48;2;161;140;155m[38;2;161;140;155m+[0m[48;2;161;140;155m[38;2;161;140;155m+[0m[48;2;161;140;155m[38;2;161;140;155m+[0m[48;2;153;132;147m[38;2;153;132;147m*[0m[48;2;152;131;146m[38;2;152;131;146m*[0m[48;2;161;140;155m[38;2;161;140;155m+[0m[48;2;161;140;155m[38;2;161;140;155m+[0m[48;2;161;140;155m[38;2;161;140;155m+[0m[48;2;161;140;155m[38;2;161;140;155m+[0m[48;2;132;112;126m[38;2;132;112;126m#[0m[48;2;66;49;62m[38;2;66;49;62m░[0m[48;2;158;138;152m[38;2;158;138;152m*[0m[48;2;157;138;152m[38;2;157;138;152m*[0m[48;2;79;65;76m[38;2;79;65;76m░[0m[48;2;41;30;59m[38;2;41;30;59m▒[0m[48;2;43;31;77m[38;2;43;31;77m▒[0m[48;2;58;43;89m[38;2;58;43;89m▒[0m[48;2;33;20;48m[38;2;33;20;48m▓[0m[48;2;109;106;109m[38;2;109;106;109m%[0m                                    
                                     [48;2;81;80;83m[38;2;81;80;83m@[0m[48;2;117;106;116m[38;2;117;106;116m#[0m[48;2;157;139;153m[38;2;157;139;153m*[0m[48;2;127;110;123m[38;2;127;110;123m#[0m[48;2;159;140;154m[38;2;159;140;154m+[0m[48;2;161;140;155m[38;2;161;140;155m+[0m[48;2;161;140;155m[38;2;161;140;155m+[0m[48;2;161;140;155m[38;2;161;140;155m+[0m[48;2;161;140;155m[38;2;161;140;155m+[0m[48;2;161;140;155m[38;2;161;140;155m+[0m[48;2;155;135;150m[38;2;155;135;150m*[0m[48;2;129;112;125m[38;2;129;112;125m#[0m[48;2;60;46;58m[38;2;60;46;58m▒[0m[48;2;156;136;151m[38;2;156;136;151m*[0m[48;2;161;140;155m[38;2;161;140;155m+[0m[48;2;135;115;129m[38;2;135;115;129m#[0m[48;2;158;137;152m[38;2;158;137;152m*[0m[48;2;161;140;155m[38;2;161;140;155m+[0m[48;2;108;91;104m[38;2;108;91;104m%[0m[48;2;68;55;65m[38;2;68;55;65m░[0m[48;2;152;138;149m[38;2;152;138;149m*[0m[48;2;158;141;154m[38;2;158;141;154m+[0m[48;2;79;66;76m[38;2;79;66;76m░[0m[48;2;74;56;105m[38;2;74;56;105m░[0m[48;2;100;74;153m[38;2;100;74;153m@[0m[48;2;62;42;87m[38;2;62;42;87m▒[0m[48;2;9;3;13m[38;2;9;3;13m█[0m[48;2;156;154;157m[38;2;156;154;157m+[0m                                   
                                    [48;2;151;150;151m[38;2;151;150;151m+[0m[48;2;81;73;81m[38;2;81;73;81m@[0m[48;2;130;115;128m[38;2;130;115;128m#[0m[48;2;135;117;131m[38;2;135;117;131m#[0m[48;2;161;141;155m[38;2;161;141;155m+[0m[48;2;73;59;70m[38;2;73;59;70m░[0m[48;2;136;120;133m[38;2;136;120;133m#[0m[48;2;90;74;87m[38;2;90;74;87m@[0m[48;2;161;140;155m[38;2;161;140;155m+[0m[48;2;161;140;155m[38;2;161;140;155m+[0m[48;2;159;139;153m[38;2;159;139;153m+[0m[48;2;40;26;37m[38;2;40;26;37m▓[0m[48;2;151;137;150m[38;2;151;137;150m*[0m[48;2;76;63;75m[38;2;76;63;75m░[0m[48;2;42;29;40m[38;2;42;29;40m▓[0m[48;2;108;93;106m[38;2;108;93;106m%[0m[48;2;107;92;104m[38;2;107;92;104m%[0m[48;2;58;45;57m[38;2;58;45;57m▒[0m[48;2;148;130;144m[38;2;148;130;144m*[0m[48;2;161;140;155m[38;2;161;140;155m+[0m[48;2;120;105;117m[38;2;120;105;117m#[0m[48;2;56;44;56m[38;2;56;44;56m▒[0m[48;2;135;120;132m[38;2;135;120;132m#[0m[48;2;157;139;153m[38;2;157;139;153m*[0m[48;2;77;63;74m[38;2;77;63;74m░[0m[48;2;32;20;40m[38;2;32;20;40m▓[0m[48;2;9;3;10m[38;2;9;3;10m█[0m[48;2;22;18;27m[38;2;22;18;27m▓[0m[48;2;40;36;43m[38;2;40;36;43m▒[0m                                   
                                    [48;2;49;47;50m[38;2;49;47;50m▒[0m[48;2;150;135;145m[38;2;150;135;145m*[0m[48;2;57;45;54m[38;2;57;45;54m▒[0m[48;2;133;120;130m[38;2;133;120;130m#[0m[48;2;97;82;94m[38;2;97;82;94m@[0m[48;2;27;17;26m[38;2;27;17;26m▓[0m[48;2;103;90;101m[38;2;103;90;101m%[0m[48;2;79;67;77m[38;2;79;67;77m░[0m[48;2;154;138;151m[38;2;154;138;151m*[0m[48;2;160;141;155m[38;2;160;141;155m+[0m[48;2;161;141;156m[38;2;161;141;156m+[0m[48;2;60;47;57m[38;2;60;47;57m▒[0m[48;2;47;38;47m[38;2;47;38;47m▒[0m[48;2;143;129;141m[38;2;143;129;141m*[0m[48;2;61;51;59m[38;2;61;51;59m░[0m[48;2;98;90;98m[38;2;98;90;98m%[0m[48;2;84;75;82m[38;2;84;75;82m@[0m[48;2;40;33;40m[38;2;40;33;40m▓[0m[48;2;25;18;24m[38;2;25;18;24m▓[0m[48;2;93;80;91m[38;2;93;80;91m@[0m[48;2;145;128;142m[38;2;145;128;142m*[0m[48;2;145;130;143m[38;2;145;130;143m*[0m[48;2;74;62;72m[38;2;74;62;72m░[0m[48;2;83;71;81m[38;2;83;71;81m@[0m[48;2;144;129;141m[38;2;144;129;141m*[0m[48;2;108;95;106m[38;2;108;95;106m%[0m[48;2;35;28;35m[38;2;35;28;35m▓[0m[48;2;27;22;30m[38;2;27;22;30m▓[0m[48;2;15;11;19m[38;2;15;11;19m█[0m[48;2;214;212;215m[38;2;214;212;215m:[0m                                  
                                   [48;2;211;211;211m[38;2;211;211;211m:[0m[48;2;55;50;54m[38;2;55;50;54m▒[0m[48;2;157;143;153m[38;2;157;143;153m+[0m[48;2;32;22;30m[38;2;32;22;30m▓[0m[48;2;32;24;31m[38;2;32;24;31m▓[0m[48;2;132;124;132m[38;2;132;124;132m#[0m[48;2;39;30;39m[38;2;39;30;39m▓[0m[48;2;73;63;72m[38;2;73;63;72m░[0m[48;2;42;32;40m[38;2;42;32;40m▓[0m[48;2;19;11;19m[38;2;19;11;19m█[0m[48;2;120;105;117m[38;2;120;105;117m#[0m[48;2;152;134;148m[38;2;152;134;148m*[0m[48;2;109;94;106m[38;2;109;94;106m%[0m[48;2;15;8;15m[38;2;15;8;15m█[0m[48;2;26;18;26m[38;2;26;18;26m▓[0m[48;2;60;47;80m[38;2;60;47;80m▒[0m[48;2;33;15;63m[38;2;33;15;63m▓[0m[48;2;22;8;40m[38;2;22;8;40m█[0m[48;2;114;106;111m[38;2;114;106;111m%[0m[48;2;19;13;17m[38;2;19;13;17m█[0m[48;2;47;39;45m[38;2;47;39;45m▒[0m[48;2;82;73;80m[38;2;82;73;80m@[0m[48;2;73;62;71m[38;2;73;62;71m░[0m[48;2;78;66;76m[38;2;78;66;76m░[0m[48;2;63;52;61m[38;2;63;52;61m░[0m[48;2;21;13;20m[38;2;21;13;20m█[0m[48;2;35;26;34m[38;2;35;26;34m▓[0m[48;2;44;35;43m[38;2;44;35;43m▒[0m[48;2;51;43;51m[38;2;51;43;51m▒[0m[48;2;107;97;108m[38;2;107;97;108m%[0m[48;2;81;72;79m[38;2;81;72;79m@[0m[48;2;95;92;95m[38;2;95;92;95m%[0m[48;2;175;173;174m[38;2;175;173;174m=[0m                                
                                   [48;2;171;171;171m[38;2;171;171;171m=[0m[48;2;79;72;78m[38;2;79;72;78m@[0m[48;2;159;142;153m[38;2;159;142;153m+[0m[48;2;29;20;27m[38;2;29;20;27m▓[0m[48;2;31;23;30m[38;2;31;23;30m▓[0m[48;2;115;108;114m[38;2;115;108;114m#[0m[48;2;17;10;20m[38;2;17;10;20m█[0m[48;2;40;22;80m[38;2;40;22;80m▓[0m[48;2;43;22;87m[38;2;43;22;87m▓[0m[48;2;24;10;48m[38;2;24;10;48m▓[0m[48;2;82;72;78m[38;2;82;72;78m@[0m[48;2;128;117;120m[38;2;128;117;120m#[0m[48;2;163;152;152m[38;2;163;152;152m+[0m[48;2;197;186;188m[38;2;197;186;188m-[0m[48;2;56;44;54m[38;2;56;44;54m▒[0m[48;2;122;91;163m[38;2;122;91;163m%[0m[48;2;140;92;183m[38;2;140;92;183m#[0m[48;2;107;67;136m[38;2;107;67;136m@[0m[48;2;124;113;119m[38;2;124;113;119m#[0m[48;2;237;226;223m[38;2;237;226;223m.[0m[48;2;131;116;117m[38;2;131;116;117m#[0m[48;2;85;73;80m[38;2;85;73;80m@[0m[48;2;153;139;148m[38;2;153;139;148m*[0m[48;2;153;139;148m[38;2;153;139;148m*[0m[48;2;74;62;71m[38;2;74;62;71m░[0m[48;2;71;59;68m[38;2;71;59;68m░[0m[48;2;135;124;132m[38;2;135;124;132m*[0m[48;2;148;136;145m[38;2;148;136;145m*[0m[48;2;159;143;153m[38;2;159;143;153m+[0m[48;2;160;142;153m[38;2;160;142;153m+[0m[48;2;161;141;154m[38;2;161;141;154m+[0m[48;2;157;138;151m[38;2;157;138;151m*[0m[48;2;112;99;109m[38;2;112;99;109m%[0m[48;2;72;67;72m[38;2;72;67;72m░[0m[48;2;138;135;137m[38;2;138;135;137m*[0m[48;2;238;238;238m[38;2;238;238;238m [0m                             
                                   [48;2;208;207;208m[38;2;208;207;208m:[0m[48;2;57;50;57m[38;2;57;50;57m▒[0m[48;2;160;142;155m[38;2;160;142;155m+[0m[48;2;65;53;62m[38;2;65;53;62m░[0m[48;2;92;85;88m[38;2;92;85;88m@[0m[48;2;244;234;236m[38;2;244;234;236m.[0m[48;2;52;43;52m[38;2;52;43;52m▒[0m[48;2;126;99;170m[38;2;126;99;170m#[0m[48;2;138;95;182m[38;2;138;95;182m#[0m[48;2;103;66;133m[38;2;103;66;133m@[0m[48;2;128;116;119m[38;2;128;116;119m#[0m[48;2;248;236;232m[38;2;248;236;232m [0m[48;2;250;234;228m[38;2;250;234;228m [0m[48;2;250;234;228m[38;2;250;234;228m [0m[48;2;194;181;178m[38;2;194;181;178m-[0m[48;2;76;60;74m[38;2;76;60;74m░[0m[48;2;155;119;152m[38;2;155;119;152m*[0m[48;2;99;69;97m[38;2;99;69;97m@[0m[48;2;160;149;149m[38;2;160;149;149m+[0m[48;2;242;222;212m[38;2;242;222;212m.[0m[48;2;240;210;199m[38;2;240;210;199m:[0m[48;2;168;151;150m[38;2;168;151;150m+[0m[48;2;67;56;62m[38;2;67;56;62m░[0m[48;2;140;126;135m[38;2;140;126;135m*[0m[48;2;155;140;148m[38;2;155;140;148m*[0m[48;2;117;102;110m[38;2;117;102;110m%[0m[48;2;67;53;61m[38;2;67;53;61m░[0m[48;2;94;80;89m[38;2;94;80;89m@[0m[48;2;144;128;138m[38;2;144;128;138m*[0m[48;2;160;142;153m[38;2;160;142;153m+[0m[48;2;161;140;155m[38;2;161;140;155m+[0m[48;2;161;140;155m[38;2;161;140;155m+[0m[48;2;160;141;155m[38;2;160;141;155m+[0m[48;2;157;142;154m[38;2;157;142;154m+[0m[48;2;125;115;123m[38;2;125;115;123m#[0m[48;2;58;52;57m[38;2;58;52;57m▒[0m[48;2;219;218;219m[38;2;219;218;219m:[0m                            
                                    [48;2;67;63;66m[38;2;67;63;66m░[0m[48;2;137;125;133m[38;2;137;125;133m*[0m[48;2;140;125;136m[38;2;140;125;136m*[0m[48;2;46;37;44m[38;2;46;37;44m▒[0m[48;2;221;213;214m[38;2;221;213;214m:[0m[48;2;173;162;164m[38;2;173;162;164m=[0m[48;2;90;70;86m[38;2;90;70;86m@[0m[48;2;191;149;190m[38;2;191;149;190m=[0m[48;2;106;74;107m[38;2;106;74;107m@[0m[48;2;164;151;156m[38;2;164;151;156m+[0m[48;2;248;236;232m[38;2;248;236;232m [0m[48;2;221;206;201m[38;2;221;206;201m:[0m[48;2;188;174;169m[38;2;188;174;169m=[0m[48;2;250;234;228m[38;2;250;234;228m [0m[48;2;238;224;220m[38;2;238;224;220m.[0m[48;2;189;177;174m[38;2;189;177;174m=[0m[48;2;212;200;195m[38;2;212;200;195m:[0m[48;2;248;235;228m[38;2;248;235;228m [0m[48;2;240;220;211m[38;2;240;220;211m.[0m[48;2;247;227;219m[38;2;247;227;219m.[0m[48;2;250;234;229m[38;2;250;234;229m [0m[48;2;203;190;190m[38;2;203;190;190m-[0m[48;2;32;23;28m[38;2;32;23;28m▓[0m[48;2;80;69;77m[38;2;80;69;77m@[0m[48;2;118;106;115m[38;2;118;106;115m#[0m[48;2;78;68;76m[38;2;78;68;76m░[0m[48;2;117;105;113m[38;2;117;105;113m%[0m[48;2;84;73;81m[38;2;84;73;81m@[0m[48;2;76;64;73m[38;2;76;64;73m░[0m[48;2;73;60;70m[38;2;73;60;70m░[0m[48;2;60;48;57m[38;2;60;48;57m▒[0m[48;2;54;44;52m[38;2;54;44;52m▒[0m[48;2;73;61;70m[38;2;73;61;70m░[0m[48;2;155;142;152m[38;2;155;142;152m+[0m[48;2;133;118;129m[38;2;133;118;129m#[0m[48;2;78;71;77m[38;2;78;71;77m@[0m                            
                                    [48;2;153;152;153m[38;2;153;152;153m+[0m[48;2;31;24;29m[38;2;31;24;29m▓[0m[48;2;123;107;119m[38;2;123;107;119m#[0m[48;2;135;119;130m[38;2;135;119;130m#[0m[48;2;68;57;63m[38;2;68;57;63m░[0m[48;2;168;152;156m[38;2;168;152;156m+[0m[48;2;198;186;187m[38;2;198;186;187m-[0m[48;2;147;136;136m[38;2;147;136;136m*[0m[48;2;189;178;176m[38;2;189;178;176m=[0m[48;2;247;235;230m[38;2;247;235;230m [0m[48;2;249;235;229m[38;2;249;235;229m [0m[48;2;213;199;195m[38;2;213;199;195m:[0m[48;2;204;190;184m[38;2;204;190;184m-[0m[48;2;250;234;228m[38;2;250;234;228m [0m[48;2;250;235;226m[38;2;250;235;226m [0m[48;2;250;235;226m[38;2;250;235;226m [0m[48;2;250;235;226m[38;2;250;235;226m [0m[48;2;250;235;226m[38;2;250;235;226m [0m[48;2;250;235;226m[38;2;250;235;226m [0m[48;2;250;235;227m[38;2;250;235;227m [0m[48;2;228;214;212m[38;2;228;214;212m:[0m[48;2;72;63;64m[38;2;72;63;64m░[0m[48;2;122;115;119m[38;2;122;115;119m#[0m[48;2;132;124;128m[38;2;132;124;128m#[0m[48;2;73;65;72m[38;2;73;65;72m░[0m[48;2;22;16;21m[38;2;22;16;21m▓[0m[48;2;6;2;6m[38;2;6;2;6m█[0m[48;2;15;12;16m[38;2;15;12;16m█[0m[48;2;17;12;17m[38;2;17;12;17m█[0m[48;2;17;10;15m[38;2;17;10;15m█[0m[48;2;38;30;36m[38;2;38;30;36m▓[0m[48;2;98;87;95m[38;2;98;87;95m@[0m[48;2;159;142;153m[38;2;159;142;153m+[0m[48;2;160;141;155m[38;2;160;141;155m+[0m[48;2;160;141;155m[38;2;160;141;155m+[0m[48;2;51;42;50m[38;2;51;42;50m▒[0m[48;2;222;220;222m[38;2;222;220;222m.[0m                           
                                    [48;2;134;134;134m[38;2;134;134;134m*[0m[48;2;25;23;25m[38;2;25;23;25m▓[0m[48;2;38;35;37m[38;2;38;35;37m▓[0m[48;2;110;105;107m[38;2;110;105;107m%[0m[48;2;104;99;102m[38;2;104;99;102m%[0m[48;2;92;86;89m[38;2;92;86;89m@[0m[48;2;191;179;177m[38;2;191;179;177m=[0m[48;2;250;236;229m[38;2;250;236;229m [0m[48;2;250;235;226m[38;2;250;235;226m [0m[48;2;250;235;226m[38;2;250;235;226m [0m[48;2;251;235;227m[38;2;251;235;227m [0m[48;2;252;236;230m[38;2;252;236;230m [0m[48;2;251;235;229m[38;2;251;235;229m [0m[48;2;250;235;229m[38;2;250;235;229m [0m[48;2;242;228;221m[38;2;242;228;221m.[0m[48;2;215;201;195m[38;2;215;201;195m:[0m[48;2;184;170;166m[38;2;184;170;166m=[0m[48;2;150;136;135m[38;2;150;136;135m*[0m[48;2;106;96;97m[38;2;106;96;97m%[0m[48;2;64;57;58m[38;2;64;57;58m░[0m[48;2;13;7;12m[38;2;13;7;12m█[0m[48;2;29;24;30m[38;2;29;24;30m▓[0m[48;2;90;84;90m[38;2;90;84;90m@[0m[48;2;37;31;37m[38;2;37;31;37m▓[0m[48;2;11;6;12m[38;2;11;6;12m█[0m[48;2;19;14;23m[38;2;19;14;23m█[0m[48;2;59;56;62m[38;2;59;56;62m░[0m[48;2;201;198;201m[38;2;201;198;201m-[0m[48;2;98;92;97m[38;2;98;92;97m%[0m[48;2;153;146;151m[38;2;153;146;151m+[0m[48;2;147;139;144m[38;2;147;139;144m*[0m[48;2;44;36;40m[38;2;44;36;40m▒[0m[48;2;157;138;151m[38;2;157;138;151m*[0m[48;2;161;140;155m[38;2;161;140;155m+[0m[48;2;160;141;155m[38;2;160;141;155m+[0m[48;2;61;51;59m[38;2;61;51;59m░[0m[48;2;207;204;207m[38;2;207;204;207m:[0m                           
                                    [48;2;237;237;237m[38;2;237;237;237m.[0m[48;2;219;219;219m[38;2;219;219;219m:[0m[48;2;97;95;96m[38;2;97;95;96m%[0m[48;2;74;70;71m[38;2;74;70;71m░[0m[48;2;129;124;125m[38;2;129;124;125m#[0m[48;2;145;138;138m[38;2;145;138;138m*[0m[48;2;141;134;133m[38;2;141;134;133m*[0m[48;2;135;128;126m[38;2;135;128;126m*[0m[48;2;129;122;119m[38;2;129;122;119m#[0m[48;2;121;114;112m[38;2;121;114;112m#[0m[48;2;110;103;102m[38;2;110;103;102m%[0m[48;2;105;99;99m[38;2;105;99;99m%[0m[48;2;87;82;81m[38;2;87;82;81m@[0m[48;2;97;94;94m[38;2;97;94;94m%[0m[48;2;87;84;84m[38;2;87;84;84m@[0m[48;2;15;12;13m[38;2;15;12;13m█[0m[48;2;32;28;32m[38;2;32;28;32m▓[0m[48;2;36;32;35m[38;2;36;32;35m▓[0m[48;2;11;6;12m[38;2;11;6;12m█[0m[48;2;40;35;42m[38;2;40;35;42m▒[0m[48;2;16;12;21m[38;2;16;12;21m█[0m[48;2;7;4;12m[38;2;7;4;12m█[0m[48;2;36;32;39m[38;2;36;32;39m▓[0m[48;2;25;21;32m[38;2;25;21;32m▓[0m[48;2;34;31;44m[38;2;34;31;44m▓[0m[48;2;17;14;28m[38;2;17;14;28m█[0m[48;2;181;176;183m[38;2;181;176;183m=[0m[48;2;243;240;244m[38;2;243;240;244m [0m[48;2;113;109;113m[38;2;113;109;113m#[0m[48;2;73;67;72m[38;2;73;67;72m░[0m[48;2;86;80;84m[38;2;86;80;84m@[0m[48;2;77;71;76m[38;2;77;71;76m@[0m[48;2;139;123;135m[38;2;139;123;135m*[0m[48;2;161;140;155m[38;2;161;140;155m+[0m[48;2;144;128;138m[38;2;144;128;138m*[0m[48;2;61;52;58m[38;2;61;52;58m░[0m                            
                                 [48;2;156;155;155m[38;2;156;155;155m+[0m[48;2;92;91;92m[38;2;92;91;92m@[0m[48;2;35;33;36m[38;2;35;33;36m▓[0m[48;2;28;26;34m[38;2;28;26;34m▓[0m[48;2;23;21;30m[38;2;23;21;30m▓[0m[48;2;15;12;21m[38;2;15;12;21m█[0m[48;2;31;28;34m[38;2;31;28;34m▓[0m[48;2;21;20;24m[38;2;21;20;24m▓[0m[48;2;25;24;27m[38;2;25;24;27m▓[0m[48;2;36;35;38m[38;2;36;35;38m▓[0m[48;2;4;3;6m[38;2;4;3;6m█[0m[48;2;32;30;33m[38;2;32;30;33m▓[0m[48;2;44;43;46m[38;2;44;43;46m▒[0m[48;2;36;35;38m[38;2;36;35;38m▓[0m[48;2;21;20;23m[38;2;21;20;23m▓[0m[48;2;138;137;140m[38;2;138;137;140m*[0m[48;2;66;65;68m[38;2;66;65;68m░[0m[48;2;9;9;9m[38;2;9;9;9m█[0m[48;2;41;40;41m[38;2;41;40;41m▒[0m[48;2;34;32;36m[38;2;34;32;36m▓[0m[48;2;39;36;39m[38;2;39;36;39m▒[0m[48;2;61;56;57m[38;2;61;56;57m░[0m[48;2;109;99;93m[38;2;109;99;93m%[0m[48;2;38;32;44m[38;2;38;32;44m▓[0m[48;2;16;13;24m[38;2;16;13;24m█[0m[48;2;3;1;8m[38;2;3;1;8m█[0m[48;2;21;17;28m[38;2;21;17;28m▓[0m[48;2;34;30;46m[38;2;34;30;46m▓[0m[48;2;17;14;24m[38;2;17;14;24m█[0m[48;2;230;227;232m[38;2;230;227;232m.[0m[48;2;243;240;244m[38;2;243;240;244m [0m[48;2;181;178;182m[38;2;181;178;182m=[0m[48;2;81;77;81m[38;2;81;77;81m@[0m[48;2;133;130;134m[38;2;133;130;134m*[0m[48;2;40;34;39m[38;2;40;34;39m▓[0m[48;2;138;126;135m[38;2;138;126;135m*[0m[48;2;148;130;142m[38;2;148;130;142m*[0m[48;2;59;49;56m[38;2;59;49;56m▒[0m[48;2;206;203;207m[38;2;206;203;207m:[0m                            
                               [48;2;216;216;216m[38;2;216;216;216m:[0m[48;2;68;66;67m[38;2;68;66;67m░[0m[48;2;62;60;62m[38;2;62;60;62m░[0m[48;2;179;178;180m[38;2;179;178;180m=[0m[48;2;107;106;109m[38;2;107;106;109m%[0m[48;2;26;23;35m[38;2;26;23;35m▓[0m[48;2;37;32;50m[38;2;37;32;50m▓[0m[48;2;37;31;51m[38;2;37;31;51m▓[0m[48;2;36;31;50m[38;2;36;31;50m▓[0m[48;2;26;24;37m[38;2;26;24;37m▓[0m[48;2;14;12;22m[38;2;14;12;22m█[0m[48;2;11;9;18m[38;2;11;9;18m█[0m[48;2;25;22;33m[38;2;25;22;33m▓[0m[48;2;16;12;22m[38;2;16;12;22m█[0m[48;2;20;16;22m[38;2;20;16;22m█[0m[48;2;20;18;22m[38;2;20;18;22m▓[0m[48;2;15;13;17m[38;2;15;13;17m█[0m[48;2;96;94;98m[38;2;96;94;98m%[0m[48;2;14;12;16m[38;2;14;12;16m█[0m[48;2;37;35;38m[38;2;37;35;38m▓[0m[48;2;10;7;13m[38;2;10;7;13m█[0m[48;2;50;48;51m[38;2;50;48;51m▒[0m[48;2;87;83;83m[38;2;87;83;83m@[0m[48;2;61;53;60m[38;2;61;53;60m░[0m[48;2;116;104;104m[38;2;116;104;104m%[0m[48;2;42;35;47m[38;2;42;35;47m▒[0m[48;2;35;30;48m[38;2;35;30;48m▓[0m[48;2;20;16;31m[38;2;20;16;31m▓[0m[48;2;10;6;18m[38;2;10;6;18m█[0m[48;2;45;41;50m[38;2;45;41;50m▒[0m[48;2;33;28;36m[38;2;33;28;36m▓[0m[48;2;108;104;110m[38;2;108;104;110m%[0m[48;2;131;128;132m[38;2;131;128;132m*[0m[48;2;142;138;141m[38;2;142;138;141m*[0m[48;2;42;38;43m[38;2;42;38;43m▒[0m[48;2;46;42;47m[38;2;46;42;47m▒[0m[48;2;124;113;121m[38;2;124;113;121m#[0m[48;2;124;110;119m[38;2;124;110;119m#[0m[48;2;65;56;63m[38;2;65;56;63m░[0m[48;2;214;212;214m[38;2;214;212;214m:[0m                             
                               [48;2;236;236;236m[38;2;236;236;236m.[0m[48;2;150;148;149m[38;2;150;148;149m+[0m[48;2;105;104;106m[38;2;105;104;106m%[0m[48;2;117;115;118m[38;2;117;115;118m#[0m[48;2;232;230;232m[38;2;232;230;232m.[0m[48;2;39;36;43m[38;2;39;36;43m▒[0m[48;2;32;27;43m[38;2;32;27;43m▓[0m[48;2;37;32;51m[38;2;37;32;51m▓[0m[48;2;37;32;51m[38;2;37;32;51m▓[0m[48;2;20;16;30m[38;2;20;16;30m▓[0m[48;2;15;11;22m[38;2;15;11;22m█[0m[48;2;9;6;16m[38;2;9;6;16m█[0m[48;2;36;32;46m[38;2;36;32;46m▓[0m[48;2;30;25;41m[38;2;30;25;41m▓[0m[48;2;5;2;8m[38;2;5;2;8m█[0m[48;2;53;50;45m[38;2;53;50;45m▒[0m[48;2;15;11;10m[38;2;15;11;10m█[0m[48;2;6;1;7m[38;2;6;1;7m█[0m[48;2;15;9;20m[38;2;15;9;20m█[0m[48;2;132;123;104m[38;2;132;123;104m#[0m[48;2;174;162;131m[38;2;174;162;131m+[0m[48;2;33;26;22m[38;2;33;26;22m▓[0m[48;2;74;67;67m[38;2;74;67;67m░[0m[48;2;83;76;77m[38;2;83;76;77m@[0m[48;2;69;58;69m[38;2;69;58;69m░[0m[48;2;37;28;48m[38;2;37;28;48m▓[0m[48;2;33;27;48m[38;2;33;27;48m▓[0m[48;2;34;28;48m[38;2;34;28;48m▓[0m[48;2;29;22;39m[38;2;29;22;39m▓[0m[48;2;30;23;33m[38;2;30;23;33m▓[0m[48;2;50;44;53m[38;2;50;44;53m▒[0m[48;2;52;46;55m[38;2;52;46;55m▒[0m[48;2;26;21;28m[38;2;26;21;28m▓[0m[48;2;84;78;85m[38;2;84;78;85m@[0m[48;2;133;124;132m[38;2;133;124;132m#[0m[48;2;108;98;107m[38;2;108;98;107m%[0m[48;2;78;69;77m[38;2;78;69;77m░[0m[48;2;140;134;141m[38;2;140;134;141m*[0m[48;2;242;240;243m[38;2;242;240;243m [0m                              
                                  [48;2;85;82;84m[38;2;85;82;84m@[0m[48;2;190;187;191m[38;2;190;187;191m-[0m[48;2;216;214;218m[38;2;216;214;218m:[0m[48;2;61;59;66m[38;2;61;59;66m░[0m[48;2;24;20;31m[38;2;24;20;31m▓[0m[48;2;19;16;27m[38;2;19;16;27m█[0m[48;2;19;16;24m[38;2;19;16;24m█[0m[48;2;39;35;41m[38;2;39;35;41m▒[0m[48;2;16;12;21m[38;2;16;12;21m█[0m[48;2;36;31;46m[38;2;36;31;46m▓[0m[48;2;35;30;46m[38;2;35;30;46m▓[0m[48;2;11;8;17m[38;2;11;8;17m█[0m[48;2;94;88;77m[38;2;94;88;77m@[0m[48;2;159;147;124m[38;2;159;147;124m+[0m[48;2;157;141;113m[38;2;157;141;113m*[0m[48;2;181;164;131m[38;2;181;164;131m=[0m[48;2;141;127;104m[38;2;141;127;104m*[0m[48;2;60;47;45m[38;2;60;47;45m▒[0m[48;2;18;10;15m[38;2;18;10;15m█[0m[48;2;22;17;23m[38;2;22;17;23m▓[0m[48;2;39;34;40m[38;2;39;34;40m▓[0m[48;2;43;39;46m[38;2;43;39;46m▒[0m[48;2;48;47;54m[38;2;48;47;54m▒[0m[48;2;54;52;59m[38;2;54;52;59m▒[0m[48;2;50;48;55m[38;2;50;48;55m▒[0m[48;2;44;42;49m[38;2;44;42;49m▒[0m[48;2;42;38;47m[38;2;42;38;47m▒[0m[48;2;38;35;42m[38;2;38;35;42m▒[0m[48;2;43;39;46m[38;2;43;39;46m▒[0m[48;2;53;48;55m[38;2;53;48;55m▒[0m[48;2;87;80;87m[38;2;87;80;87m@[0m[48;2;88;80;87m[38;2;88;80;87m@[0m[48;2;159;154;160m[38;2;159;154;160m+[0m                                 
                                  [48;2;240;239;239m[38;2;240;239;239m [0m[48;2;104;103;104m[38;2;104;103;104m%[0m[48;2;119;117;120m[38;2;119;117;120m#[0m[48;2;114;112;116m[38;2;114;112;116m#[0m[48;2;88;85;90m[38;2;88;85;90m@[0m[48;2;150;147;152m[38;2;150;147;152m+[0m[48;2;129;127;131m[38;2;129;127;131m*[0m[48;2;37;34;38m[38;2;37;34;38m▓[0m[48;2;26;22;31m[38;2;26;22;31m▓[0m[48;2;25;21;33m[38;2;25;21;33m▓[0m[48;2;21;19;25m[38;2;21;19;25m▓[0m[48;2;49;47;50m[38;2;49;47;50m▒[0m[48;2;21;18;22m[38;2;21;18;22m▓[0m[48;2;22;18;22m[38;2;22;18;22m▓[0m[48;2;28;24;25m[38;2;28;24;25m▓[0m[48;2;37;33;33m[38;2;37;33;33m▓[0m[48;2;28;25;27m[38;2;28;25;27m▓[0m[48;2;32;28;32m[38;2;32;28;32m▓[0m[48;2;29;23;36m[38;2;29;23;36m▓[0m[48;2;28;18;65m[38;2;28;18;65m▓[0m[48;2;25;20;43m[38;2;25;20;43m▓[0m[48;2;14;12;22m[38;2;14;12;22m█[0m[48;2;21;19;30m[38;2;21;19;30m▓[0m[48;2;21;19;31m[38;2;21;19;31m▓[0m[48;2;30;26;38m[38;2;30;26;38m▓[0m[48;2;35;32;44m[38;2;35;32;44m▓[0m[48;2;38;34;46m[38;2;38;34;46m▓[0m[48;2;37;33;44m[38;2;37;33;44m▓[0m[48;2;30;26;38m[38;2;30;26;38m▓[0m[48;2;15;11;22m[38;2;15;11;22m█[0m[48;2;104;99;108m[38;2;104;99;108m%[0m[48;2;216;213;217m[38;2;216;213;217m:[0m                                  
                                   [48;2;225;225;225m[38;2;225;225;225m.[0m[48;2;133;133;133m[38;2;133;133;133m*[0m[48;2;129;128;130m[38;2;129;128;130m*[0m[48;2;109;107;111m[38;2;109;107;111m%[0m[48;2;86;84;87m[38;2;86;84;87m@[0m[48;2;82;78;82m[38;2;82;78;82m@[0m[48;2;21;18;23m[38;2;21;18;23m▓[0m[48;2;19;16;22m[38;2;19;16;22m█[0m[48;2;46;43;48m[38;2;46;43;48m▒[0m[48;2;57;55;57m[38;2;57;55;57m░[0m[48;2;10;7;11m[38;2;10;7;11m█[0m[48;2;156;153;157m[38;2;156;153;157m+[0m[48;2;224;222;225m[38;2;224;222;225m.[0m[48;2;73;70;74m[38;2;73;70;74m░[0m[48;2;25;14;65m[38;2;25;14;65m▓[0m[48;2;31;17;94m[38;2;31;17;94m▓[0m[48;2;12;7;29m[38;2;12;7;29m█[0m[48;2;19;11;56m[38;2;19;11;56m▓[0m[48;2;45;35;88m[38;2;45;35;88m▒[0m[48;2;45;38;72m[38;2;45;38;72m▒[0m[48;2;8;5;15m[38;2;8;5;15m█[0m[48;2;35;32;46m[38;2;35;32;46m▓[0m[48;2;38;32;51m[38;2;38;32;51m▓[0m[48;2;37;31;52m[38;2;37;31;52m▓[0m[48;2;37;31;52m[38;2;37;31;52m▓[0m[48;2;37;31;52m[38;2;37;31;52m▓[0m[48;2;37;31;52m[38;2;37;31;52m▓[0m[48;2;37;31;52m[38;2;37;31;52m▓[0m[48;2;37;31;52m[38;2;37;31;52m▓[0m[48;2;31;25;45m[38;2;31;25;45m▓[0m[48;2;21;16;34m[38;2;21;16;34m▓[0m[48;2;47;43;55m[38;2;47;43;55m▒[0m[48;2;113;110;117m[38;2;113;110;117m#[0m[48;2;193;190;195m[38;2;193;190;195m-[0m                               
                                   [48;2;235;235;235m[38;2;235;235;235m.[0m[48;2;139;139;139m[38;2;139;139;139m*[0m[48;2;97;95;97m[38;2;97;95;97m%[0m[48;2;92;87;91m[38;2;92;87;91m@[0m[48;2;84;79;84m[38;2;84;79;84m@[0m[48;2;72;67;72m[38;2;72;67;72m░[0m[48;2;15;11;14m[38;2;15;11;14m█[0m[48;2;66;63;65m[38;2;66;63;65m░[0m[48;2;35;32;37m[38;2;35;32;37m▓[0m[48;2;29;25;39m[38;2;29;25;39m▓[0m[48;2;19;16;25m[38;2;19;16;25m█[0m[48;2;227;225;229m[38;2;227;225;229m.[0m [48;2;226;224;228m[38;2;226;224;228m.[0m[48;2;54;49;61m[38;2;54;49;61m▒[0m[48;2;101;81;140m[38;2;101;81;140m%[0m[48;2;58;44;82m[38;2;58;44;82m▒[0m[48;2;16;8;43m[38;2;16;8;43m█[0m[48;2;41;26;93m[38;2;41;26;93m▒[0m[48;2;37;28;55m[38;2;37;28;55m▓[0m[48;2;78;75;79m[38;2;78;75;79m@[0m[48;2;52;48;57m[38;2;52;48;57m▒[0m[48;2;24;20;32m[38;2;24;20;32m▓[0m[48;2;35;30;46m[38;2;35;30;46m▓[0m[48;2;37;32;51m[38;2;37;32;51m▓[0m[48;2;37;31;52m[38;2;37;31;52m▓[0m[48;2;37;31;52m[38;2;37;31;52m▓[0m[48;2;37;31;52m[38;2;37;31;52m▓[0m[48;2;37;31;52m[38;2;37;31;52m▓[0m[48;2;37;31;52m[38;2;37;31;52m▓[0m[48;2;37;31;52m[38;2;37;31;52m▓[0m[48;2;37;31;52m[38;2;37;31;52m▓[0m[48;2;36;30;49m[38;2;36;30;49m▓[0m[48;2;25;20;36m[38;2;25;20;36m▓[0m[48;2;45;41;51m[38;2;45;41;51m▒[0m[48;2;132;130;134m[38;2;132;130;134m*[0m[48;2;230;230;231m[38;2;230;230;231m.[0m                            
                                        [48;2;162;161;162m[38;2;162;161;162m+[0m[48;2;28;27;29m[38;2;28;27;29m▓[0m[48;2;21;17;26m[38;2;21;17;26m▓[0m[48;2;35;30;46m[38;2;35;30;46m▓[0m[48;2;35;29;49m[38;2;35;29;49m▓[0m[48;2;49;46;55m[38;2;49;46;55m▒[0m   [48;2;231;230;233m[38;2;231;230;233m.[0m[48;2;167;164;167m[38;2;167;164;167m=[0m[48;2;198;195;199m[38;2;198;195;199m-[0m[48;2;110;107;114m[38;2;110;107;114m%[0m[48;2;60;49;84m[38;2;60;49;84m░[0m[48;2;60;50;75m[38;2;60;50;75m░[0m[48;2;155;153;155m[38;2;155;153;155m+[0m [48;2;186;185;187m[38;2;186;185;187m-[0m[48;2;103;101;107m[38;2;103;101;107m%[0m[48;2;34;31;41m[38;2;34;31;41m▓[0m[48;2;27;23;36m[38;2;27;23;36m▓[0m[48;2;33;28;45m[38;2;33;28;45m▓[0m[48;2;37;31;51m[38;2;37;31;51m▓[0m[48;2;37;31;52m[38;2;37;31;52m▓[0m[48;2;37;31;52m[38;2;37;31;52m▓[0m[48;2;37;31;52m[38;2;37;31;52m▓[0m[48;2;37;31;52m[38;2;37;31;52m▓[0m[48;2;37;31;52m[38;2;37;31;52m▓[0m[48;2;37;31;52m[38;2;37;31;52m▓[0m[48;2;37;31;52m[38;2;37;31;52m▓[0m[48;2;33;27;46m[38;2;33;27;46m▓[0m[48;2;25;21;35m[38;2;25;21;35m▓[0m[48;2;108;106;112m[38;2;108;106;112m%[0m[48;2;227;227;228m[38;2;227;227;228m.[0m                          
                                        [48;2;168;168;168m[38;2;168;168;168m=[0m[48;2;19;17;23m[38;2;19;17;23m█[0m[48;2;37;31;50m[38;2;37;31;50m▓[0m[48;2;37;31;52m[38;2;37;31;52m▓[0m[48;2;33;28;47m[38;2;33;28;47m▓[0m[48;2;82;79;87m[38;2;82;79;87m@[0m       [48;2;220;220;220m[38;2;220;220;220m.[0m[48;2;197;196;198m[38;2;197;196;198m-[0m   [48;2;181;181;181m[38;2;181;181;181m=[0m[48;2;79;77;81m[38;2;79;77;81m@[0m[48;2;104;102;106m[38;2;104;102;106m%[0m[48;2;13;10;18m[38;2;13;10;18m█[0m[48;2;17;10;44m[38;2;17;10;44m█[0m[48;2;19;13;41m[38;2;19;13;41m█[0m[48;2;25;20;37m[38;2;25;20;37m▓[0m[48;2;36;30;50m[38;2;36;30;50m▓[0m[48;2;37;31;52m[38;2;37;31;52m▓[0m[48;2;37;31;52m[38;2;37;31;52m▓[0m[48;2;37;31;52m[38;2;37;31;52m▓[0m[48;2;37;31;52m[38;2;37;31;52m▓[0m[48;2;37;31;52m[38;2;37;31;52m▓[0m[48;2;37;31;52m[38;2;37;31;52m▓[0m[48;2;33;28;46m[38;2;33;28;46m▓[0m[48;2;31;27;38m[38;2;31;27;38m▓[0m[48;2;201;200;202m[38;2;201;200;202m-[0m                         