                                                                                                              
                                                                                                              
                                                                                                              
                                                                                                              
                                                                                                              
                                                                                                              
                                                                                                              
                                                                                                              
                                                                                                              
                                                                                                              
                                                                                                              
                                                                                                              
                                                                                                              
                                                   [48;2;187;186;187m[38;2;187;186;187m-[0m[48;2;130;130;131m[38;2;130;130;131m*[0m[48;2;93;92;94m[38;2;93;92;94m%[0m[48;2;66;66;69m[38;2;66;66;69m░[0m[48;2;57;57;61m[38;2;57;57;61m░[0m[48;2;53;52;57m[38;2;53;52;57m▒[0m[48;2;56;55;60m[38;2;56;55;60m░[0m[48;2;71;70;76m[38;2;71;70;76m░[0m[48;2;100;99;104m[38;2;100;99;104m%[0m[48;2;142;141;145m[38;2;142;141;145m*[0m[48;2;198;197;200m[38;2;198;197;200m-[0m                                                
                                                [48;2;215;214;215m[38;2;215;214;215m:[0m[48;2;100;100;103m[38;2;100;100;103m%[0m[48;2;29;27;35m[38;2;29;27;35m▓[0m[48;2;28;26;36m[38;2;28;26;36m▓[0m[48;2;40;37;51m[38;2;40;37;51m▒[0m[48;2;45;42;58m[38;2;45;42;58m▒[0m[48;2;46;42;59m[38;2;46;42;59m▒[0m[48;2;46;43;61m[38;2;46;43;61m▒[0m[48;2;48;45;62m[38;2;48;45;62m▒[0m[48;2;46;43;59m[38;2;46;43;59m▒[0m[48;2;45;43;59m[38;2;45;43;59m▒[0m[48;2;42;40;57m[38;2;42;40;57m▒[0m[48;2;37;35;52m[38;2;37;35;52m▒[0m[48;2;27;26;40m[38;2;27;26;40m▓[0m[48;2;35;34;43m[38;2;35;34;43m▓[0m[48;2;100;99;105m[38;2;100;99;105m%[0m[48;2;198;197;200m[38;2;198;197;200m-[0m                                             
                                              [48;2;236;236;236m[38;2;236;236;236m.[0m[48;2;120;119;122m[38;2;120;119;122m#[0m[48;2;25;23;31m[38;2;25;23;31m▓[0m[48;2;38;36;49m[38;2;38;36;49m▒[0m[48;2;45;42;58m[38;2;45;42;58m▒[0m[48;2;42;39;55m[38;2;42;39;55m▒[0m[48;2;34;31;45m[38;2;34;31;45m▓[0m[48;2;28;24;38m[38;2;28;24;38m▓[0m[48;2;28;25;36m[38;2;28;25;36m▓[0m[48;2;41;38;46m[38;2;41;38;46m▒[0m[48;2;45;42;49m[38;2;45;42;49m▒[0m[48;2;25;22;31m[38;2;25;22;31m▓[0m[48;2;46;42;53m[38;2;46;42;53m▒[0m[48;2;65;62;73m[38;2;65;62;73m░[0m[48;2;65;61;73m[38;2;65;61;73m░[0m[48;2;49;46;59m[38;2;49;46;59m▒[0m[48;2;45;43;58m[38;2;45;43;58m▒[0m[48;2;41;39;53m[38;2;41;39;53m▒[0m[48;2;25;23;34m[38;2;25;23;34m▓[0m[48;2;71;69;74m[38;2;71;69;74m░[0m[48;2;205;205;205m[38;2;205;205;205m:[0m                                           
                                             [48;2;189;189;190m[38;2;189;189;190m-[0m[48;2;37;36;42m[38;2;37;36;42m▒[0m[48;2;37;34;47m[38;2;37;34;47m▓[0m[48;2;45;42;57m[38;2;45;42;57m▒[0m[48;2;35;31;45m[38;2;35;31;45m▓[0m[48;2;26;20;33m[38;2;26;20;33m▓[0m[48;2;70;61;73m[38;2;70;61;73m░[0m[48;2;108;94;107m[38;2;108;94;107m%[0m[48;2;136;120;132m[38;2;136;120;132m#[0m[48;2;152;136;146m[38;2;152;136;146m*[0m[48;2;155;139;150m[38;2;155;139;150m*[0m[48;2;147;131;141m[38;2;147;131;141m*[0m[48;2;129;114;124m[38;2;129;114;124m#[0m[48;2;105;92;101m[38;2;105;92;101m%[0m[48;2;76;66;75m[38;2;76;66;75m░[0m[48;2;38;29;37m[38;2;38;29;37m▓[0m[48;2;56;48;55m[38;2;56;48;55m▒[0m[48;2;65;58;65m[38;2;65;58;65m░[0m[48;2;67;59;67m[38;2;67;59;67m░[0m[48;2;54;46;53m[38;2;54;46;53m▒[0m[48;2;26;20;25m[38;2;26;20;25m▓[0m[48;2;9;7;8m[38;2;9;7;8m█[0m[48;2;144;142;143m[38;2;144;142;143m*[0m                                          
                                            [48;2;173;173;174m[38;2;173;173;174m=[0m[48;2;20;19;24m[38;2;20;19;24m▓[0m[48;2;43;41;53m[38;2;43;41;53m▒[0m[48;2;42;38;53m[38;2;42;38;53m▒[0m[48;2;23;19;31m[38;2;23;19;31m▓[0m[48;2;53;46;57m[38;2;53;46;57m▒[0m[48;2;144;128;141m[38;2;144;128;141m*[0m[48;2;158;140;154m[38;2;158;140;154m+[0m[48;2;161;140;155m[38;2;161;140;155m+[0m[48;2;162;141;156m[38;2;162;141;156m+[0m[48;2;118;98;112m[38;2;118;98;112m%[0m[48;2;73;56;68m[38;2;73;56;68m░[0m[48;2;79;63;74m[38;2;79;63;74m░[0m[48;2;86;71;82m[38;2;86;71;82m@[0m[48;2;90;75;86m[38;2;90;75;86m@[0m[48;2;153;136;148m[38;2;153;136;148m*[0m[48;2;156;138;150m[38;2;156;138;150m*[0m[48;2;160;142;154m[38;2;160;142;154m+[0m[48;2;161;142;154m[38;2;161;142;154m+[0m[48;2;151;133;145m[38;2;151;133;145m*[0m[48;2;73;59;69m[38;2;73;59;69m░[0m[48;2;80;70;78m[38;2;80;70;78m@[0m[48;2;84;78;83m[38;2;84;78;83m@[0m[48;2;36;31;35m[38;2;36;31;35m▓[0m[48;2;136;131;135m[38;2;136;131;135m*[0m                                         
                                           [48;2;203;203;203m[38;2;203;203;203m:[0m[48;2;20;19;24m[38;2;20;19;24m▓[0m[48;2;42;40;50m[38;2;42;40;50m▒[0m[48;2;25;23;33m[38;2;25;23;33m▓[0m[48;2;23;18;27m[38;2;23;18;27m▓[0m[48;2;119;106;117m[38;2;119;106;117m#[0m[48;2;159;142;155m[38;2;159;142;155m+[0m[48;2;161;140;155m[38;2;161;140;155m+[0m[48;2;161;140;155m[38;2;161;140;155m+[0m[48;2;161;140;155m[38;2;161;140;155m+[0m[48;2;162;141;156m[38;2;162;141;156m+[0m[48;2;162;141;156m[38;2;162;141;156m+[0m[48;2;161;140;155m[38;2;161;140;155m+[0m[48;2;161;140;155m[38;2;161;140;155m+[0m[48;2;161;140;155m[38;2;161;140;155m+[0m[48;2;161;140;155m[38;2;161;140;155m+[0m[48;2;161;140;155m[38;2;161;140;155m+[0m[48;2;161;140;155m[38;2;161;140;155m+[0m[48;2;161;140;155m[38;2;161;140;155m+[0m[48;2;161;140;155m[38;2;161;140;155m+[0m[48;2;161;140;155m[38;2;161;140;155m+[0m[48;2;161;140;155m[38;2;161;140;155m+[0m[48;2;139;122;135m[38;2;139;122;135m*[0m[48;2;108;94;105m[38;2;108;94;105m%[0m[48;2;114;103;112m[38;2;114;103;112m%[0m[48;2;17;10;15m[38;2;17;10;15m█[0m[48;2;56;55;56m[38;2;56;55;56m░[0m[48;2;96;94;102m[38;2;96;94;102m%[0m[48;2;208;208;209m[38;2;208;208;209m:[0m                                      
                                           [48;2;53;52;55m[38;2;53;52;55m▒[0m[48;2;32;30;36m[38;2;32;30;36m▓[0m[48;2;12;9;18m[38;2;12;9;18m█[0m[48;2;22;17;24m[38;2;22;17;24m▓[0m[48;2;136;123;134m[38;2;136;123;134m*[0m[48;2;160;140;154m[38;2;160;140;154m+[0m[48;2;161;140;155m[38;2;161;140;155m+[0m[48;2;161;140;155m[38;2;161;140;155m+[0m[48;2;161;140;155m[38;2;161;140;155m+[0m[48;2;160;139;154m[38;2;160;139;154m+[0m[48;2;159;138;153m[38;2;159;138;153m*[0m[48;2;159;138;153m[38;2;159;138;153m*[0m[48;2;159;138;153m[38;2;159;138;153m*[0m[48;2;161;140;155m[38;2;161;140;155m+[0m[48;2;161;140;155m[38;2;161;140;155m+[0m[48;2;161;140;155m[38;2;161;140;155m+[0m[48;2;161;140;155m[38;2;161;140;155m+[0m[48;2;161;140;155m[38;2;161;140;155m+[0m[48;2;161;140;155m[38;2;161;140;155m+[0m[48;2;161;140;155m[38;2;161;140;155m+[0m[48;2;161;140;155m[38;2;161;140;155m+[0m[48;2;149;129;143m[38;2;149;129;143m*[0m[48;2;137;117;131m[38;2;137;117;131m#[0m[48;2;159;138;153m[38;2;159;138;153m*[0m[48;2;157;139;152m[38;2;157;139;152m*[0m[48;2;124;112;121m[38;2;124;112;121m#[0m[48;2;11;7;12m[38;2;11;7;12m█[0m[48;2;53;45;76m[38;2;53;45;76m▒[0m[48;2;86;83;86m[38;2;86;83;86m@[0m                                      
                                          [48;2;177;177;177m[38;2;177;177;177m=[0m[48;2;11;10;11m[38;2;11;10;11m█[0m[48;2;23;20;26m[38;2;23;20;26m▓[0m[48;2;17;13;19m[38;2;17;13;19m█[0m[48;2;124;112;122m[38;2;124;112;122m#[0m[48;2;161;142;156m[38;2;161;142;156m+[0m[48;2;161;140;155m[38;2;161;140;155m+[0m[48;2;161;140;155m[38;2;161;140;155m+[0m[48;2;161;140;155m[38;2;161;140;155m+[0m[48;2;130;113;126m[38;2;130;113;126m#[0m[48;2;53;40;50m[38;2;53;40;50m▒[0m[48;2;112;99;109m[38;2;112;99;109m%[0m[48;2;51;38;49m[38;2;51;38;49m▒[0m[48;2;157;141;154m[38;2;157;141;154m+[0m[48;2;100;83;96m[38;2;100;83;96m@[0m[48;2;139;118;133m[38;2;139;118;133m#[0m[48;2;161;140;155m[38;2;161;140;155m+[0m[48;2;161;140;155m[38;2;161;140;155m+[0m[48;2;161;140;155m[38;2;161;140;155m+[0m[48;2;161;140;155m[38;2;161;140;155m+[0m[48;2;149;128;143m[38;2;149;128;143m*[0m[48;2;132;114;128m[38;2;132;114;128m#[0m[48;2;129;114;125m[38;2;129;114;125m#[0m[48;2;50;38;46m[38;2;50;38;46m▒[0m[48;2;158;139;153m[38;2;158;139;153m*[0m[48;2;160;139;154m[38;2;160;139;154m+[0m[48;2;160;141;154m[38;2;160;141;154m+[0m[48;2;95;82;92m[38;2;95;82;92m@[0m[48;2;14;6;15m[38;2;14;6;15m█[0m[48;2;38;30;54m[38;2;38;30;54m▓[0m[48;2;194;193;194m[38;2;194;193;194m-[0m                                     
                                          [48;2;96;95;96m[38;2;96;95;96m%[0m[48;2;12;9;12m[38;2;12;9;12m█[0m[48;2;89;82;88m[38;2;89;82;88m@[0m[48;2;54;48;55m[38;2;54;48;55m▒[0m[48;2;160;143;156m[38;2;160;143;156m+[0m[48;2;161;141;156m[38;2;161;141;156m+[0m[48;2;161;140;155m[38;2;161;140;155m+[0m[48;2;161;140;155m[38;2;161;140;155m+[0m[48;2;148;132;145m[38;2;148;132;145m*[0m[48;2;33;23;32m[38;2;33;23;32m▓[0m[48;2;56;49;55m[38;2;56;49;55m▒[0m[48;2;11;7;11m[38;2;11;7;11m█[0m[48;2;100;92;99m[38;2;100;92;99m%[0m[48;2;108;94;104m[38;2;108;94;104m%[0m[48;2;42;30;39m[38;2;42;30;39m▓[0m[48;2;135;117;131m[38;2;135;117;131m#[0m[48;2;160;140;155m[38;2;160;140;155m+[0m[48;2;161;140;155m[38;2;161;140;155m+[0m[48;2;161;140;155m[38;2;161;140;155m+[0m[48;2;161;140;155m[38;2;161;140;155m+[0m[48;2;111;94;107m[38;2;111;94;107m%[0m[48;2;62;50;61m[38;2;62;50;61m▒[0m[48;2;156;142;152m[38;2;156;142;152m+[0m[48;2;54;43;52m[38;2;54;43;52m▒[0m[48;2;119;104;117m[38;2;119;104;117m#[0m[48;2;161;140;155m[38;2;161;140;155m+[0m[48;2;161;140;155m[38;2;161;140;155m+[0m[48;2;157;139;152m[38;2;157;139;152m*[0m[48;2;39;27;37m[38;2;39;27;37m▓[0m[48;2;26;18;36m[38;2;26;18;36m▓[0m[48;2;190;188;189m[38;2;190;188;189m-[0m                                     
                                          [48;2;50;49;49m[38;2;50;49;49m▒[0m[48;2;93;86;90m[38;2;93;86;90m@[0m[48;2;78;68;76m[38;2;78;68;76m░[0m[48;2;100;89;98m[38;2;100;89;98m%[0m[48;2;160;141;155m[38;2;160;141;155m+[0m[48;2;161;140;155m[38;2;161;140;155m+[0m[48;2;161;140;155m[38;2;161;140;155m+[0m[48;2;160;141;155m[38;2;160;141;155m+[0m[48;2;78;66;76m[38;2;78;66;76m░[0m[48;2;7;0;7m[38;2;7;0;7m█[0m[48;2;61;56;59m[38;2;61;56;59m░[0m[48;2;23;18;21m[38;2;23;18;21m▓[0m[48;2;89;83;87m[38;2;89;83;87m@[0m[48;2;26;20;26m[38;2;26;20;26m▓[0m[48;2;20;14;20m[38;2;20;14;20m█[0m[48;2;7;1;7m[38;2;7;1;7m█[0m[48;2;63;54;62m[38;2;63;54;62m░[0m[48;2;152;137;149m[38;2;152;137;149m*[0m[48;2;158;141;154m[38;2;158;141;154m+[0m[48;2;158;141;154m[38;2;158;141;154m+[0m[48;2;135;120;131m[38;2;135;120;131m#[0m[48;2;9;2;9m[38;2;9;2;9m█[0m[48;2;88;78;86m[38;2;88;78;86m@[0m[48;2;129;120;128m[38;2;129;120;128m#[0m[48;2;24;16;23m[38;2;24;16;23m▓[0m[48;2;98;87;96m[38;2;98;87;96m@[0m[48;2;152;137;148m[38;2;152;137;148m*[0m[48;2;132;118;129m[38;2;132;118;129m#[0m[48;2;124;112;121m[38;2;124;112;121m#[0m[48;2;42;35;40m[38;2;42;35;40m▒[0m[48;2;119;115;118m[38;2;119;115;118m#[0m[48;2;216;215;217m[38;2;216;215;217m:[0m                                    
                                         [48;2;235;235;235m[38;2;235;235;235m.[0m[48;2;32;27;30m[38;2;32;27;30m▓[0m[48;2;154;141;149m[38;2;154;141;149m*[0m[48;2;70;58;66m[38;2;70;58;66m░[0m[48;2;113;100;109m[38;2;113;100;109m%[0m[48;2;160;141;154m[38;2;160;141;154m+[0m[48;2;161;140;155m[38;2;161;140;155m+[0m[48;2;161;140;155m[38;2;161;140;155m+[0m[48;2;159;139;154m[38;2;159;139;154m+[0m[48;2;37;26;34m[38;2;37;26;34m▓[0m[48;2;83;73;79m[38;2;83;73;79m@[0m[48;2;213;204;206m[38;2;213;204;206m:[0m[48;2;71;63;67m[38;2;71;63;67m░[0m[48;2;53;29;105m[38;2;53;29;105m▒[0m[48;2;62;30;131m[38;2;62;30;131m▒[0m[48;2;34;14;74m[38;2;34;14;74m▓[0m[48;2;95;88;93m[38;2;95;88;93m@[0m[48;2;153;143;145m[38;2;153;143;145m*[0m[48;2;110;99;102m[38;2;110;99;102m%[0m[48;2;103;92;95m[38;2;103;92;95m%[0m[48;2;102;92;94m[38;2;102;92;94m%[0m[48;2;86;77;79m[38;2;86;77;79m@[0m[48;2;11;4;17m[38;2;11;4;17m█[0m[48;2;32;13;67m[38;2;32;13;67m▓[0m[48;2;47;28;78m[38;2;47;28;78m▒[0m[48;2;19;11;27m[38;2;19;11;27m█[0m[48;2;20;16;20m[38;2;20;16;20m█[0m[48;2;17;11;16m[38;2;17;11;16m█[0m[48;2;21;14;21m[38;2;21;14;21m█[0m[48;2;31;24;30m[38;2;31;24;30m▓[0m[48;2;52;45;51m[38;2;52;45;51m▒[0m[48;2;46;42;46m[38;2;46;42;46m▒[0m[48;2;13;10;14m[38;2;13;10;14m█[0m[48;2;138;135;138m[38;2;138;135;138m*[0m                                   
                                         [48;2;182;181;182m[38;2;182;181;182m=[0m[48;2;62;55;59m[38;2;62;55;59m░[0m[48;2;160;143;153m[38;2;160;143;153m+[0m[48;2;90;77;86m[38;2;90;77;86m@[0m[48;2;87;77;85m[38;2;87;77;85m@[0m[48;2;160;141;154m[38;2;160;141;154m+[0m[48;2;161;140;155m[38;2;161;140;155m+[0m[48;2;161;140;155m[38;2;161;140;155m+[0m[48;2;158;138;152m[38;2;158;138;152m*[0m[48;2;35;24;32m[38;2;35;24;32m▓[0m[48;2;243;233;234m[38;2;243;233;234m.[0m[48;2;249;237;237m[38;2;249;237;237m [0m[48;2;50;38;44m[38;2;50;38;44m▒[0m[48;2;180;151;197m[38;2;180;151;197m=[0m[48;2;150;101;184m[38;2;150;101;184m#[0m[48;2;60;35;82m[38;2;60;35;82m▒[0m[48;2;160;151;150m[38;2;160;151;150m+[0m[48;2;250;237;230m[38;2;250;237;230m [0m[48;2;252;237;229m[38;2;252;237;229m [0m[48;2;251;236;228m[38;2;251;236;228m [0m[48;2;250;236;229m[38;2;250;236;229m [0m[48;2;190;178;177m[38;2;190;178;177m=[0m[48;2;31;17;44m[38;2;31;17;44m▓[0m[48;2;113;76;172m[38;2;113;76;172m%[0m[48;2;78;37;148m[38;2;78;37;148m░[0m[48;2;35;25;46m[38;2;35;25;46m▓[0m[48;2;220;213;215m[38;2;220;213;215m:[0m[48;2;60;53;56m[38;2;60;53;56m░[0m[48;2;143;136;140m[38;2;143;136;140m*[0m[48;2;13;7;12m[38;2;13;7;12m█[0m[48;2;31;25;30m[38;2;31;25;30m▓[0m[48;2;129;124;128m[38;2;129;124;128m#[0m[48;2;236;233;237m[38;2;236;233;237m.[0m                                    
                                         [48;2;177;176;177m[38;2;177;176;177m=[0m[48;2;65;58;62m[38;2;65;58;62m░[0m[48;2;159;142;153m[38;2;159;142;153m+[0m[48;2;147;133;143m[38;2;147;133;143m*[0m[48;2;23;15;22m[38;2;23;15;22m█[0m[48;2;129;114;125m[38;2;129;114;125m#[0m[48;2;160;141;155m[38;2;160;141;155m+[0m[48;2;161;140;155m[38;2;161;140;155m+[0m[48;2;160;140;154m[38;2;160;140;154m+[0m[48;2;37;27;34m[38;2;37;27;34m▓[0m[48;2;213;196;198m[38;2;213;196;198m:[0m[48;2;247;227;224m[38;2;247;227;224m.[0m[48;2;94;80;81m[38;2;94;80;81m@[0m[48;2;143;113;141m[38;2;143;113;141m#[0m[48;2;166;121;164m[38;2;166;121;164m*[0m[48;2;61;48;59m[38;2;61;48;59m▒[0m[48;2;237;226;222m[38;2;237;226;222m.[0m[48;2;249;234;227m[38;2;249;234;227m.[0m[48;2;250;235;226m[38;2;250;235;226m [0m[48;2;250;235;226m[38;2;250;235;226m [0m[48;2;250;235;228m[38;2;250;235;228m [0m[48;2;217;205;202m[38;2;217;205;202m:[0m[48;2;50;35;47m[38;2;50;35;47m▒[0m[48;2;216;172;222m[38;2;216;172;222m-[0m[48;2;115;80;125m[38;2;115;80;125m%[0m[48;2;120;111;113m[38;2;120;111;113m#[0m[48;2;246;233;230m[38;2;246;233;230m.[0m[48;2;243;231;227m[38;2;243;231;227m.[0m[48;2;176;165;164m[38;2;176;165;164m=[0m[48;2;58;50;54m[38;2;58;50;54m▒[0m[48;2;66;58;64m[38;2;66;58;64m░[0m[48;2;76;72;76m[38;2;76;72;76m@[0m                                     
                                         [48;2;233;233;233m[38;2;233;233;233m.[0m[48;2;40;36;38m[38;2;40;36;38m▒[0m[48;2;112;99;107m[38;2;112;99;107m%[0m[48;2;82;69;77m[38;2;82;69;77m@[0m[48;2;13;5;10m[38;2;13;5;10m█[0m[48;2;13;5;11m[38;2;13;5;11m█[0m[48;2;77;67;76m[38;2;77;67;76m░[0m[48;2;130;114;126m[38;2;130;114;126m#[0m[48;2;154;138;150m[38;2;154;138;150m*[0m[48;2;105;94;102m[38;2;105;94;102m%[0m[48;2;78;67;69m[38;2;78;67;69m░[0m[48;2;239;224;223m[38;2;239;224;223m.[0m[48;2;236;222;220m[38;2;236;222;220m.[0m[48;2;151;137;135m[38;2;151;137;135m*[0m[48;2;147;134;132m[38;2;147;134;132m*[0m[48;2;231;216;215m[38;2;231;216;215m.[0m[48;2;249;234;228m[38;2;249;234;228m [0m[48;2;247;231;223m[38;2;247;231;223m.[0m[48;2;174;159;151m[38;2;174;159;151m+[0m[48;2;223;208;200m[38;2;223;208;200m:[0m[48;2;250;235;226m[38;2;250;235;226m [0m[48;2;251;235;229m[38;2;251;235;229m [0m[48;2;139;122;122m[38;2;139;122;122m#[0m[48;2;93;74;82m[38;2;93;74;82m@[0m[48;2;109;93;96m[38;2;109;93;96m%[0m[48;2;238;222;217m[38;2;238;222;217m.[0m[48;2;243;211;201m[38;2;243;211;201m:[0m[48;2;244;216;206m[38;2;244;216;206m.[0m[48;2;177;165;163m[38;2;177;165;163m=[0m[48;2;65;56;59m[38;2;65;56;59m░[0m[48;2;144;133;140m[38;2;144;133;140m*[0m[48;2;34;30;34m[38;2;34;30;34m▓[0m                                     
                                          [48;2;72;70;71m[38;2;72;70;71m░[0m[48;2;34;32;33m[38;2;34;32;33m▓[0m[48;2;119;114;116m[38;2;119;114;116m#[0m[48;2;226;216;218m[38;2;226;216;218m:[0m[48;2;174;163;165m[38;2;174;163;165m=[0m[48;2;15;9;12m[38;2;15;9;12m█[0m[48;2;4;1;3m[38;2;4;1;3m█[0m[48;2;17;14;17m[38;2;17;14;17m█[0m[48;2;92;87;90m[38;2;92;87;90m@[0m[48;2;69;64;66m[38;2;69;64;66m░[0m[48;2;79;70;70m[38;2;79;70;70m░[0m[48;2;180;167;165m[38;2;180;167;165m=[0m[48;2;251;235;229m[38;2;251;235;229m [0m[48;2;250;234;228m[38;2;250;234;228m [0m[48;2;250;235;226m[38;2;250;235;226m [0m[48;2;250;235;226m[38;2;250;235;226m [0m[48;2;249;234;225m[38;2;249;234;225m.[0m[48;2;200;185;177m[38;2;200;185;177m-[0m[48;2;227;212;203m[38;2;227;212;203m:[0m[48;2;250;235;226m[38;2;250;235;226m [0m[48;2;250;235;226m[38;2;250;235;226m [0m[48;2;250;235;226m[38;2;250;235;226m [0m[48;2;250;235;226m[38;2;250;235;226m [0m[48;2;250;235;226m[38;2;250;235;226m [0m[48;2;244;225;217m[38;2;244;225;217m.[0m[48;2;243;214;206m[38;2;243;214;206m.[0m[48;2;250;226;222m[38;2;250;226;222m.[0m[48;2;135;122;122m[38;2;135;122;122m#[0m[48;2;39;30;33m[38;2;39;30;33m▓[0m[48;2;34;25;29m[38;2;34;25;29m▓[0m[48;2;184;180;184m[38;2;184;180;184m=[0m                                     
                                         [48;2;165;165;165m[38;2;165;165;165m=[0m[48;2;86;85;85m[38;2;86;85;85m@[0m[48;2;193;191;192m[38;2;193;191;192m-[0m[48;2;78;75;77m[38;2;78;75;77m@[0m[48;2;114;107;109m[38;2;114;107;109m%[0m[48;2;223;214;216m[38;2;223;214;216m:[0m[48;2;112;106;108m[38;2;112;106;108m%[0m[48;2;82;79;80m[38;2;82;79;80m@[0m[48;2;9;7;8m[38;2;9;7;8m█[0m[48;2;74;71;73m[38;2;74;71;73m░[0m[48;2;211;204;205m[38;2;211;204;205m:[0m[48;2;247;237;234m[38;2;247;237;234m [0m[48;2;249;237;232m[38;2;249;237;232m [0m[48;2;250;235;230m[38;2;250;235;230m [0m[48;2;250;235;229m[38;2;250;235;229m [0m[48;2;250;236;229m[38;2;250;236;229m [0m[48;2;251;236;228m[38;2;251;236;228m [0m[48;2;250;235;227m[38;2;250;235;227m [0m[48;2;250;235;226m[38;2;250;235;226m [0m[48;2;250;235;226m[38;2;250;235;226m [0m[48;2;250;235;226m[38;2;250;235;226m [0m[48;2;250;235;226m[38;2;250;235;226m [0m[48;2;250;235;226m[38;2;250;235;226m [0m[48;2;250;235;226m[38;2;250;235;226m [0m[48;2;250;235;227m[38;2;250;235;227m [0m[48;2;251;236;230m[38;2;251;236;230m [0m[48;2;251;236;233m[38;2;251;236;233m [0m[48;2;185;172;171m[38;2;185;172;171m=[0m[48;2;46;37;40m[38;2;46;37;40m▒[0m[48;2;96;89;92m[38;2;96;89;92m@[0m[48;2;57;51;54m[38;2;57;51;54m▒[0m                                      
                                         [48;2;117;117;117m[38;2;117;117;117m#[0m[48;2;117;116;117m[38;2;117;116;117m#[0m[48;2;202;201;204m[38;2;202;201;204m:[0m[48;2;144;142;146m[38;2;144;142;146m*[0m[48;2;2;1;4m[38;2;2;1;4m█[0m[48;2;12;10;12m[38;2;12;10;12m█[0m[48;2;34;29;32m[38;2;34;29;32m▓[0m[48;2;114;110;112m[38;2;114;110;112m#[0m[48;2;136;134;135m[38;2;136;134;135m*[0m[48;2;40;38;39m[38;2;40;38;39m▒[0m[48;2;55;50;52m[38;2;55;50;52m▒[0m[48;2;28;22;24m[38;2;28;22;24m▓[0m[48;2;51;44;45m[38;2;51;44;45m▒[0m[48;2;76;69;70m[38;2;76;69;70m░[0m[48;2;98;91;93m[38;2;98;91;93m%[0m[48;2;117;109;112m[38;2;117;109;112m#[0m[48;2;134;127;128m[38;2;134;127;128m*[0m[48;2;152;143;142m[38;2;152;143;142m*[0m[48;2;167;157;155m[38;2;167;157;155m+[0m[48;2;177;165;162m[38;2;177;165;162m=[0m[48;2;184;173;169m[38;2;184;173;169m=[0m[48;2;185;174;170m[38;2;185;174;170m=[0m[48;2;179;170;166m[38;2;179;170;166m=[0m[48;2;167;158;154m[38;2;167;158;154m+[0m[48;2;147;138;135m[38;2;147;138;135m*[0m[48;2;115;107;106m[38;2;115;107;106m%[0m[48;2;59;52;55m[38;2;59;52;55m▒[0m[48;2;21;15;21m[38;2;21;15;21m█[0m[48;2;15;10;16m[38;2;15;10;16m█[0m[48;2;29;24;29m[38;2;29;24;29m▓[0m[48;2;215;212;216m[38;2;215;212;216m:[0m                                      
                                       [48;2;164;164;164m[38;2;164;164;164m+[0m[48;2;70;65;68m[38;2;70;65;68m░[0m[48;2;49;42;47m[38;2;49;42;47m▒[0m[48;2;102;99;103m[38;2;102;99;103m%[0m[48;2;202;201;204m[38;2;202;201;204m:[0m[48;2;136;135;138m[38;2;136;135;138m*[0m[48;2;3;2;5m[38;2;3;2;5m█[0m[48;2;10;9;12m[38;2;10;9;12m█[0m[48;2;7;5;9m[38;2;7;5;9m█[0m[48;2;119;116;121m[38;2;119;116;121m#[0m [48;2;41;40;42m[38;2;41;40;42m▒[0m[48;2;10;8;10m[38;2;10;8;10m█[0m[48;2;16;14;18m[38;2;16;14;18m█[0m[48;2;4;2;7m[38;2;4;2;7m█[0m[48;2;5;2;8m[38;2;5;2;8m█[0m[48;2;21;17;24m[38;2;21;17;24m▓[0m[48;2;31;27;39m[38;2;31;27;39m▓[0m[48;2;27;23;34m[38;2;27;23;34m▓[0m[48;2;23;19;28m[38;2;23;19;28m▓[0m[48;2;112;107;113m[38;2;112;107;113m%[0m[48;2;62;56;59m[38;2;62;56;59m░[0m[48;2;22;16;18m[38;2;22;16;18m█[0m[48;2;63;57;58m[38;2;63;57;58m░[0m[48;2;73;68;69m[38;2;73;68;69m░[0m[48;2;12;8;10m[38;2;12;8;10m█[0m[48;2;8;5;8m[38;2;8;5;8m█[0m[48;2;5;3;7m[38;2;5;3;7m█[0m[48;2;32;28;40m[38;2;32;28;40m▓[0m[48;2;29;24;39m[38;2;29;24;39m▓[0m[48;2;7;4;13m[38;2;7;4;13m█[0m[48;2;53;50;55m[38;2;53;50;55m▒[0m                                       
                                     [48;2;226;226;226m[38;2;226;226;226m.[0m[48;2;74;73;75m[38;2;74;73;75m@[0m[48;2;91;85;92m[38;2;91;85;92m@[0m[48;2;153;135;148m[38;2;153;135;148m*[0m[48;2;143;125;136m[38;2;143;125;136m*[0m[48;2;42;36;42m[38;2;42;36;42m▒[0m[48;2;192;191;194m[38;2;192;191;194m-[0m[48;2;189;188;191m[38;2;189;188;191m-[0m[48;2;23;22;25m[38;2;23;22;25m▓[0m[48;2;9;8;11m[38;2;9;8;11m█[0m[48;2;13;11;16m[38;2;13;11;16m█[0m[48;2;204;202;207m[38;2;204;202;207m:[0m[48;2;224;223;227m[38;2;224;223;227m.[0m[48;2;23;22;26m[38;2;23;22;26m▓[0m[48;2;11;10;14m[38;2;11;10;14m█[0m[48;2;24;21;30m[38;2;24;21;30m▓[0m[48;2;26;22;36m[38;2;26;22;36m▓[0m[48;2;28;25;35m[38;2;28;25;35m▓[0m[48;2;22;19;28m[38;2;22;19;28m▓[0m[48;2;6;4;12m[38;2;6;4;12m█[0m[48;2;45;41;50m[38;2;45;41;50m▒[0m[48;2;16;13;19m[38;2;16;13;19m█[0m[48;2;6;3;7m[38;2;6;3;7m█[0m[48;2;54;52;55m[38;2;54;52;55m▒[0m[48;2;179;175;179m[38;2;179;175;179m=[0m[48;2;78;75;78m[38;2;78;75;78m@[0m[48;2;46;42;44m[38;2;46;42;44m▒[0m[48;2;20;15;17m[38;2;20;15;17m█[0m[48;2;78;73;70m[38;2;78;73;70m@[0m[48;2;9;4;9m[38;2;9;4;9m█[0m[48;2;32;28;40m[38;2;32;28;40m▓[0m[48;2;23;19;30m[38;2;23;19;30m▓[0m[48;2;165;162;169m[38;2;165;162;169m+[0m[48;2;241;239;242m[38;2;241;239;242m [0m                                       
                                    [48;2;237;237;237m[38;2;237;237;237m.[0m[48;2;48;45;47m[38;2;48;45;47m▒[0m[48;2;128;115;123m[38;2;128;115;123m#[0m[48;2;157;141;151m[38;2;157;141;151m+[0m[48;2;157;139;151m[38;2;157;139;151m*[0m[48;2;144;128;139m[38;2;144;128;139m*[0m[48;2;54;48;55m[38;2;54;48;55m▒[0m[48;2;52;50;54m[38;2;52;50;54m▒[0m[48;2;158;157;160m[38;2;158;157;160m+[0m[48;2;108;107;110m[38;2;108;107;110m%[0m[48;2;13;12;15m[38;2;13;12;15m█[0m[48;2;140;139;142m[38;2;140;139;142m*[0m[48;2;155;154;159m[38;2;155;154;159m+[0m[48;2;43;41;47m[38;2;43;41;47m▒[0m[48;2;25;22;33m[38;2;25;22;33m▓[0m[48;2;18;14;25m[38;2;18;14;25m█[0m[48;2;19;15;26m[38;2;19;15;26m█[0m[48;2;35;30;49m[38;2;35;30;49m▓[0m[48;2;36;31;50m[38;2;36;31;50m▓[0m[48;2;37;31;50m[38;2;37;31;50m▓[0m[48;2;25;20;38m[38;2;25;20;38m▓[0m[48;2;15;12;23m[38;2;15;12;23m█[0m[48;2;70;66;62m[38;2;70;66;62m░[0m[48;2;44;38;30m[38;2;44;38;30m▒[0m[48;2;15;9;10m[38;2;15;9;10m█[0m[48;2;4;0;3m[38;2;4;0;3m█[0m[48;2;8;3;4m[38;2;8;3;4m█[0m[48;2;77;71;66m[38;2;77;71;66m░[0m[48;2;37;30;28m[38;2;37;30;28m▓[0m[48;2;129;123;108m[38;2;129;123;108m#[0m[48;2;8;4;7m[38;2;8;4;7m█[0m[48;2;23;18;26m[38;2;23;18;26m▓[0m[48;2;180;177;183m[38;2;180;177;183m=[0m                                         
                                    [48;2;139;138;138m[38;2;139;138;138m*[0m[48;2;81;73;79m[38;2;81;73;79m@[0m[48;2;158;141;151m[38;2;158;141;151m+[0m[48;2;158;140;151m[38;2;158;140;151m+[0m[48;2;113;99;108m[38;2;113;99;108m%[0m[48;2;72;63;71m[38;2;72;63;71m░[0m[48;2;187;184;190m[38;2;187;184;190m-[0m[48;2;134;133;136m[38;2;134;133;136m*[0m[48;2;21;17;22m[38;2;21;17;22m▓[0m[48;2;59;54;59m[38;2;59;54;59m░[0m[48;2;41;36;41m[38;2;41;36;41m▒[0m[48;2;29;26;30m[38;2;29;26;30m▓[0m[48;2;7;6;9m[38;2;7;6;9m█[0m[48;2;14;11;21m[38;2;14;11;21m█[0m[48;2;17;12;28m[38;2;17;12;28m█[0m[48;2;23;19;35m[38;2;23;19;35m▓[0m[48;2;35;30;48m[38;2;35;30;48m▓[0m[48;2;36;30;51m[38;2;36;30;51m▓[0m[48;2;37;31;52m[38;2;37;31;52m▓[0m[48;2;37;31;52m[38;2;37;31;52m▓[0m[48;2;36;30;51m[38;2;36;30;51m▓[0m[48;2;25;21;37m[38;2;25;21;37m▓[0m[48;2;90;83;73m[38;2;90;83;73m@[0m[48;2;224;209;162m[38;2;224;209;162m:[0m[48;2;196;179;136m[38;2;196;179;136m=[0m[48;2;133;116;85m[38;2;133;116;85m#[0m[48;2;171;155;120m[38;2;171;155;120m+[0m[48;2;223;207;163m[38;2;223;207;163m:[0m[48;2;55;46;38m[38;2;55;46;38m▒[0m[48;2;46;42;42m[38;2;46;42;42m▒[0m[48;2;18;14;22m[38;2;18;14;22m█[0m[48;2;117;114;119m[38;2;117;114;119m#[0m                                          
                                    [48;2;133;133;133m[38;2;133;133;133m*[0m[48;2;88;79;84m[38;2;88;79;84m@[0m[48;2;159;141;153m[38;2;159;141;153m+[0m[48;2;154;135;148m[38;2;154;135;148m*[0m[48;2;39;28;36m[38;2;39;28;36m▓[0m[48;2;160;153;159m[38;2;160;153;159m+[0m[48;2;46;41;46m[38;2;46;41;46m▒[0m[48;2;76;70;76m[38;2;76;70;76m░[0m[48;2;147;135;144m[38;2;147;135;144m*[0m[48;2;157;141;152m[38;2;157;141;152m+[0m[48;2;158;144;154m[38;2;158;144;154m+[0m[48;2;156;144;153m[38;2;156;144;153m+[0m[48;2;26;22;28m[38;2;26;22;28m▓[0m[48;2;35;30;43m[38;2;35;30;43m▓[0m[48;2;37;31;52m[38;2;37;31;52m▓[0m[48;2;36;30;51m[38;2;36;30;51m▓[0m[48;2;37;31;52m[38;2;37;31;52m▓[0m[48;2;37;31;52m[38;2;37;31;52m▓[0m[48;2;37;31;52m[38;2;37;31;52m▓[0m[48;2;37;31;50m[38;2;37;31;50m▓[0m[48;2;29;24;41m[38;2;29;24;41m▓[0m[48;2;11;8;21m[38;2;11;8;21m█[0m[48;2;25;20;25m[38;2;25;20;25m▓[0m[48;2;88;77;69m[38;2;88;77;69m@[0m[48;2;155;141;119m[38;2;155;141;119m*[0m[48;2;207;192;156m[38;2;207;192;156m-[0m[48;2;189;172;139m[38;2;189;172;139m=[0m[48;2;87;71;63m[38;2;87;71;63m@[0m[48;2;19;10;13m[38;2;19;10;13m█[0m[48;2;4;1;5m[38;2;4;1;5m█[0m[48;2;21;18;25m[38;2;21;18;25m▓[0m[48;2;7;5;10m[38;2;7;5;10m█[0m[48;2;114;112;116m[38;2;114;112;116m#[0m[48;2;178;177;179m[38;2;178;177;179m=[0m[48;2;211;211;211m[38;2;211;211;211m:[0m                                       
                                    [48;2;233;232;232m[38;2;233;232;232m.[0m[48;2;63;57;60m[38;2;63;57;60m░[0m[48;2;114;100;110m[38;2;114;100;110m%[0m[48;2;155;140;150m[38;2;155;140;150m*[0m[48;2;69;59;67m[38;2;69;59;67m░[0m[48;2;15;9;14m[38;2;15;9;14m█[0m[48;2;53;46;52m[38;2;53;46;52m▒[0m[48;2;101;92;99m[38;2;101;92;99m%[0m[48;2;131;119;126m[38;2;131;119;126m#[0m[48;2;115;102;111m[38;2;115;102;111m%[0m[48;2;70;59;67m[38;2;70;59;67m░[0m[48;2;85;76;84m[38;2;85;76;84m@[0m[48;2;12;8;14m[38;2;12;8;14m█[0m[48;2;34;29;43m[38;2;34;29;43m▓[0m[48;2;37;31;51m[38;2;37;31;51m▓[0m[48;2;37;31;53m[38;2;37;31;53m▓[0m[48;2;37;31;53m[38;2;37;31;53m▓[0m[48;2;34;28;49m[38;2;34;28;49m▓[0m[48;2;15;11;26m[38;2;15;11;26m█[0m[48;2;8;6;15m[38;2;8;6;15m█[0m[48;2;16;15;20m[38;2;16;15;20m█[0m[48;2;50;49;53m[38;2;50;49;53m▒[0m[48;2;10;7;12m[38;2;10;7;12m█[0m[48;2;74;69;74m[38;2;74;69;74m░[0m[48;2;49;44;47m[38;2;49;44;47m▒[0m[48;2;26;22;23m[38;2;26;22;23m▓[0m[48;2;14;11;13m[38;2;14;11;13m█[0m[48;2;15;12;20m[38;2;15;12;20m█[0m[48;2;39;37;41m[38;2;39;37;41m▒[0m[48;2;4;3;7m[38;2;4;3;7m█[0m[48;2;33;32;36m[38;2;33;32;36m▓[0m[48;2;46;45;51m[38;2;46;45;51m▒[0m[48;2;35;34;40m[38;2;35;34;40m▓[0m[48;2;35;34;39m[38;2;35;34;39m▓[0m[48;2;26;25;28m[38;2;26;25;28m▓[0m                                       
                                      [48;2;128;128;128m[38;2;128;128;128m#[0m[48;2;37;30;35m[38;2;37;30;35m▓[0m[48;2;82;71;80m[38;2;82;71;80m@[0m[48;2;101;90;99m[38;2;101;90;99m%[0m[48;2;95;85;94m[38;2;95;85;94m@[0m[48;2;75;67;74m[38;2;75;67;74m░[0m[48;2;53;46;53m[38;2;53;46;53m▒[0m[48;2;24;18;24m[38;2;24;18;24m▓[0m[48;2;7;2;7m[38;2;7;2;7m█[0m[48;2;23;18;24m[38;2;23;18;24m▓[0m[48;2;12;9;14m[38;2;12;9;14m█[0m[48;2;10;6;16m[38;2;10;6;16m█[0m[48;2;24;19;33m[38;2;24;19;33m▓[0m[48;2;29;23;39m[38;2;29;23;39m▓[0m[48;2;27;22;39m[38;2;27;22;39m▓[0m[48;2;8;5;16m[38;2;8;5;16m█[0m[48;2;4;2;6m[38;2;4;2;6m█[0m[48;2;35;33;35m[38;2;35;33;35m▓[0m[48;2;57;57;58m[38;2;57;57;58m░[0m[48;2;7;6;9m[38;2;7;6;9m█[0m[48;2;14;13;18m[38;2;14;13;18m█[0m[48;2;103;101;107m[38;2;103;101;107m%[0m[48;2;105;100;104m[38;2;105;100;104m%[0m[48;2;88;83;85m[38;2;88;83;85m@[0m[48;2;76;73;76m[38;2;76;73;76m@[0m[48;2;71;68;80m[38;2;71;68;80m░[0m[48;2;19;16;29m[38;2;19;16;29m▓[0m[48;2;25;19;57m[38;2;25;19;57m▓[0m[48;2;8;6;18m[38;2;8;6;18m█[0m[48;2;26;23;33m[38;2;26;23;33m▓[0m[48;2;34;29;46m[38;2;34;29;46m▓[0m[48;2;34;29;47m[38;2;34;29;47m▓[0m[48;2;22;17;33m[38;2;22;17;33m▓[0m[48;2;57;54;63m[38;2;57;54;63m░[0m[48;2;173;171;175m[38;2;173;171;175m=[0m                                     
                                       [48;2;83;80;83m[38;2;83;80;83m@[0m[48;2;72;63;70m[38;2;72;63;70m░[0m[48;2;108;97;106m[38;2;108;97;106m%[0m[48;2;113;101;110m[38;2;113;101;110m%[0m[48;2;113;101;110m[38;2;113;101;110m%[0m[48;2;117;105;114m[38;2;117;105;114m%[0m[48;2;127;114;124m[38;2;127;114;124m#[0m[48;2;125;112;122m[38;2;125;112;122m#[0m[48;2;118;105;114m[38;2;118;105;114m#[0m[48;2;114;101;110m[38;2;114;101;110m%[0m[48;2;110;97;107m[38;2;110;97;107m%[0m[48;2;108;95;104m[38;2;108;95;104m%[0m[48;2;106;93;103m[38;2;106;93;103m%[0m[48;2;104;92;102m[38;2;104;92;102m%[0m[48;2;98;89;97m[38;2;98;89;97m%[0m[48;2;67;62;68m[38;2;67;62;68m░[0m[48;2;25;21;26m[38;2;25;21;26m▓[0m[48;2;11;8;15m[38;2;11;8;15m█[0m[48;2;26;22;34m[38;2;26;22;34m▓[0m[48;2;33;29;43m[38;2;33;29;43m▓[0m[48;2;26;22;34m[38;2;26;22;34m▓[0m[48;2;213;208;216m[38;2;213;208;216m:[0m [48;2;164;161;166m[38;2;164;161;166m+[0m[48;2;38;33;51m[38;2;38;33;51m▓[0m[48;2;37;30;61m[38;2;37;30;61m▓[0m[48;2;17;12;27m[38;2;17;12;27m█[0m[48;2;13;9;21m[38;2;13;9;21m█[0m[48;2;5;4;9m[38;2;5;4;9m█[0m[48;2;31;28;43m[38;2;31;28;43m▓[0m[48;2;37;31;52m[38;2;37;31;52m▓[0m[48;2;37;31;52m[38;2;37;31;52m▓[0m[48;2;35;30;50m[38;2;35;30;50m▓[0m[48;2;23;19;32m[38;2;23;19;32m▓[0m[48;2;54;51;59m[38;2;54;51;59m▒[0m[48;2;185;184;186m[38;2;185;184;186m-[0m                                   
                                        [48;2;186;185;186m[38;2;186;185;186m-[0m[48;2;120;117;120m[38;2;120;117;120m#[0m[48;2;90;84;88m[38;2;90;84;88m@[0m[48;2;85;80;84m[38;2;85;80;84m@[0m[48;2;91;86;90m[38;2;91;86;90m@[0m[48;2;76;71;75m[38;2;76;71;75m░[0m[48;2;72;67;72m[38;2;72;67;72m░[0m[48;2;74;69;74m[38;2;74;69;74m░[0m[48;2;74;69;74m[38;2;74;69;74m░[0m[48;2;69;64;70m[38;2;69;64;70m░[0m[48;2;63;58;65m[38;2;63;58;65m░[0m[48;2;51;46;55m[38;2;51;46;55m▒[0m[48;2;30;24;34m[38;2;30;24;34m▓[0m[48;2;22;16;29m[38;2;22;16;29m▓[0m[48;2;23;18;33m[38;2;23;18;33m▓[0m[48;2;33;27;45m[38;2;33;27;45m▓[0m[48;2;37;32;50m[38;2;37;32;50m▓[0m[48;2;37;31;52m[38;2;37;31;52m▓[0m[48;2;37;31;52m[38;2;37;31;52m▓[0m[48;2;29;24;41m[38;2;29;24;41m▓[0m[48;2;46;42;55m[38;2;46;42;55m▒[0m[48;2;226;222;229m[38;2;226;222;229m.[0m [48;2;236;234;237m[38;2;236;234;237m.[0m[48;2;171;169;171m[38;2;171;169;171m=[0m[48;2;50;47;57m[38;2;50;47;57m▒[0m[48;2;57;53;66m[38;2;57;53;66m░[0m[48;2;21;20;24m[38;2;21;20;24m▓[0m[48;2;8;6;17m[38;2;8;6;17m█[0m[48;2;32;27;45m[38;2;32;27;45m▓[0m[48;2;37;31;52m[38;2;37;31;52m▓[0m[48;2;37;31;52m[38;2;37;31;52m▓[0m[48;2;37;31;52m[38;2;37;31;52m▓[0m[48;2;35;30;47m[38;2;35;30;47m▓[0m[48;2;21;16;29m[38;2;21;16;29m▓[0m[48;2;87;85;91m[38;2;87;85;91m@[0m[48;2;233;232;234m[38;2;233;232;234m.[0m                                 
                                               [48;2;240;240;240m[38;2;240;240;240m [0m[48;2;120;120;120m[38;2;120;120;120m#[0m[48;2;21;18;26m[38;2;21;18;26m▓[0m[48;2;35;30;46m[38;2;35;30;46m▓[0m[48;2;35;30;49m[38;2;35;30;49m▓[0m[48;2;36;30;51m[38;2;36;30;51m▓[0m[48;2;37;31;52m[38;2;37;31;52m▓[0m[48;2;37;31;52m[38;2;37;31;52m▓[0m[48;2;37;31;53m[38;2;37;31;53m▓[0m[48;2;37;31;53m[38;2;37;31;53m▓[0m[48;2;37;31;52m[38;2;37;31;52m▓[0m[48;2;37;31;52m[38;2;37;31;52m▓[0m[48;2;37;31;52m[38;2;37;31;52m▓[0m[48;2;29;24;40m[38;2;29;24;40m▓[0m[48;2;53;49;57m[38;2;53;49;57m▒[0m[48;2;225;223;227m[38;2;225;223;227m.[0m  [48;2;237;237;237m[38;2;237;237;237m.[0m[48;2;234;234;235m[38;2;234;234;235m.[0m[48;2;117;116;119m[38;2;117;116;119m#[0m[48;2;24;16;68m[38;2;24;16;68m▓[0m[48;2;13;7;45m[38;2;13;7;45m█[0m[48;2;30;25;43m[38;2;30;25;43m▓[0m[48;2;37;31;52m[38;2;37;31;52m▓[0m[48;2;37;31;52m[38;2;37;31;52m▓[0m[48;2;37;31;52m[38;2;37;31;52m▓[0m[48;2;37;32;51m[38;2;37;32;51m▓[0m[48;2;30;26;40m[38;2;30;26;40m▓[0m[48;2;39;38;45m[38;2;39;38;45m▒[0m[48;2;216;216;216m[38;2;216;216;216m:[0m                                