                                                                                                    
                                                                                                    
                                                                                                    
                                                                                                    
                                                                                                    
                                                                                                    
                                                                                                    
                                                                                                    
                                                                                                    
                                                                                                    
                                                                                                    
                                             [48;2;231;231;231m[38;2;231;231;231m.[0m[48;2;217;217;217m[38;2;217;217;217m:[0m[48;2;214;214;214m[38;2;214;214;214m:[0m[48;2;222;222;222m[38;2;222;222;222m.[0m[48;2;238;238;239m[38;2;238;238;239m [0m                                                  
                                          [48;2;162;161;163m[38;2;162;161;163m+[0m[48;2;82;81;84m[38;2;82;81;84m@[0m[48;2;33;31;38m[38;2;33;31;38m▓[0m[48;2;25;24;33m[38;2;25;24;33m▓[0m[48;2;28;27;38m[38;2;28;27;38m▓[0m[48;2;30;28;39m[38;2;30;28;39m▓[0m[48;2;28;26;38m[38;2;28;26;38m▓[0m[48;2;24;23;35m[38;2;24;23;35m▓[0m[48;2;31;29;39m[38;2;31;29;39m▓[0m[48;2;52;51;60m[38;2;52;51;60m▒[0m[48;2;80;79;86m[38;2;80;79;86m@[0m[48;2;121;120;125m[38;2;121;120;125m#[0m[48;2;174;173;176m[38;2;174;173;176m=[0m[48;2;236;236;238m[38;2;236;236;238m.[0m                                            
                                         [48;2;124;124;126m[38;2;124;124;126m#[0m[48;2;15;14;23m[38;2;15;14;23m█[0m[48;2;37;37;51m[38;2;37;37;51m▒[0m[48;2;43;42;59m[38;2;43;42;59m▒[0m[48;2;41;43;59m[38;2;41;43;59m▒[0m[48;2;41;44;59m[38;2;41;44;59m▒[0m[48;2;41;43;59m[38;2;41;43;59m▒[0m[48;2;41;43;59m[38;2;41;43;59m▒[0m[48;2;41;43;59m[38;2;41;43;59m▒[0m[48;2;41;43;59m[38;2;41;43;59m▒[0m[48;2;41;43;59m[38;2;41;43;59m▒[0m[48;2;41;43;59m[38;2;41;43;59m▒[0m[48;2;40;40;56m[38;2;40;40;56m▒[0m[48;2;32;31;47m[38;2;32;31;47m▓[0m[48;2;27;25;38m[38;2;27;25;38m▓[0m[48;2;84;82;90m[38;2;84;82;90m@[0m[48;2;193;192;196m[38;2;193;192;196m-[0m                                          
                                        [48;2;173;173;174m[38;2;173;173;174m=[0m[48;2;28;27;34m[38;2;28;27;34m▓[0m[48;2;43;42;57m[38;2;43;42;57m▒[0m[48;2;41;43;59m[38;2;41;43;59m▒[0m[48;2;40;44;59m[38;2;40;44;59m▒[0m[48;2;40;44;59m[38;2;40;44;59m▒[0m[48;2;40;44;59m[38;2;40;44;59m▒[0m[48;2;40;44;59m[38;2;40;44;59m▒[0m[48;2;40;44;59m[38;2;40;44;59m▒[0m[48;2;40;44;59m[38;2;40;44;59m▒[0m[48;2;40;44;59m[38;2;40;44;59m▒[0m[48;2;40;44;59m[38;2;40;44;59m▒[0m[48;2;40;44;59m[38;2;40;44;59m▒[0m[48;2;41;43;59m[38;2;41;43;59m▒[0m[48;2;41;43;59m[38;2;41;43;59m▒[0m[48;2;41;43;59m[38;2;41;43;59m▒[0m[48;2;42;41;57m[38;2;42;41;57m▒[0m[48;2;25;23;35m[38;2;25;23;35m▓[0m[48;2;97;95;102m[38;2;97;95;102m%[0m[48;2;239;238;242m[38;2;239;238;242m [0m                                        
                                       [48;2;116;115;117m[38;2;116;115;117m#[0m[48;2;14;12;19m[38;2;14;12;19m█[0m[48;2;66;64;75m[38;2;66;64;75m░[0m[48;2;42;42;59m[38;2;42;42;59m▒[0m[48;2;40;44;59m[38;2;40;44;59m▒[0m[48;2;40;44;59m[38;2;40;44;59m▒[0m[48;2;40;44;59m[38;2;40;44;59m▒[0m[48;2;40;44;59m[38;2;40;44;59m▒[0m[48;2;40;44;59m[38;2;40;44;59m▒[0m[48;2;40;44;59m[38;2;40;44;59m▒[0m[48;2;40;44;59m[38;2;40;44;59m▒[0m[48;2;40;44;59m[38;2;40;44;59m▒[0m[48;2;40;44;59m[38;2;40;44;59m▒[0m[48;2;40;44;59m[38;2;40;44;59m▒[0m[48;2;40;44;59m[38;2;40;44;59m▒[0m[48;2;40;44;59m[38;2;40;44;59m▒[0m[48;2;40;44;59m[38;2;40;44;59m▒[0m[48;2;41;43;59m[38;2;41;43;59m▒[0m[48;2;43;42;59m[38;2;43;42;59m▒[0m[48;2;36;33;47m[38;2;36;33;47m▓[0m[48;2;60;58;65m[38;2;60;58;65m░[0m[48;2;228;227;229m[38;2;228;227;229m.[0m                                       
                                     [48;2;229;229;229m[38;2;229;229;229m.[0m[48;2;72;68;72m[38;2;72;68;72m░[0m[48;2;100;95;102m[38;2;100;95;102m%[0m[48;2;20;17;25m[38;2;20;17;25m▓[0m[48;2;73;71;83m[38;2;73;71;83m░[0m[48;2;42;43;58m[38;2;42;43;58m▒[0m[48;2;40;44;59m[38;2;40;44;59m▒[0m[48;2;40;44;59m[38;2;40;44;59m▒[0m[48;2;40;44;59m[38;2;40;44;59m▒[0m[48;2;40;44;59m[38;2;40;44;59m▒[0m[48;2;40;44;59m[38;2;40;44;59m▒[0m[48;2;40;44;59m[38;2;40;44;59m▒[0m[48;2;40;44;59m[38;2;40;44;59m▒[0m[48;2;40;44;59m[38;2;40;44;59m▒[0m[48;2;40;44;59m[38;2;40;44;59m▒[0m[48;2;40;44;59m[38;2;40;44;59m▒[0m[48;2;40;44;59m[38;2;40;44;59m▒[0m[48;2;40;44;59m[38;2;40;44;59m▒[0m[48;2;40;44;59m[38;2;40;44;59m▒[0m[48;2;40;44;59m[38;2;40;44;59m▒[0m[48;2;40;44;59m[38;2;40;44;59m▒[0m[48;2;41;44;60m[38;2;41;44;60m▒[0m[48;2;36;37;50m[38;2;36;37;50m▒[0m[48;2;53;50;56m[38;2;53;50;56m▒[0m[48;2;238;237;238m[38;2;238;237;238m.[0m                                      
                                    [48;2;239;239;239m[38;2;239;239;239m [0m[48;2;57;54;58m[38;2;57;54;58m░[0m[48;2;66;58;68m[38;2;66;58;68m░[0m[48;2;95;85;97m[38;2;95;85;97m@[0m[48;2;17;10;21m[38;2;17;10;21m█[0m[48;2;79;76;87m[38;2;79;76;87m@[0m[48;2;44;43;58m[38;2;44;43;58m▒[0m[48;2;40;44;59m[38;2;40;44;59m▒[0m[48;2;40;44;59m[38;2;40;44;59m▒[0m[48;2;40;44;59m[38;2;40;44;59m▒[0m[48;2;40;44;59m[38;2;40;44;59m▒[0m[48;2;40;44;59m[38;2;40;44;59m▒[0m[48;2;40;44;59m[38;2;40;44;59m▒[0m[48;2;40;44;59m[38;2;40;44;59m▒[0m[48;2;40;44;59m[38;2;40;44;59m▒[0m[48;2;40;44;59m[38;2;40;44;59m▒[0m[48;2;40;44;59m[38;2;40;44;59m▒[0m[48;2;40;44;59m[38;2;40;44;59m▒[0m[48;2;40;44;59m[38;2;40;44;59m▒[0m[48;2;40;44;59m[38;2;40;44;59m▒[0m[48;2;40;44;59m[38;2;40;44;59m▒[0m[48;2;40;44;59m[38;2;40;44;59m▒[0m[48;2;40;44;59m[38;2;40;44;59m▒[0m[48;2;41;43;57m[38;2;41;43;57m▒[0m[48;2;34;31;41m[38;2;34;31;41m▓[0m[48;2;104;102;106m[38;2;104;102;106m%[0m                                      
                                    [48;2;129;128;129m[38;2;129;128;129m*[0m[48;2;52;45;51m[38;2;52;45;51m▒[0m[48;2;17;9;24m[38;2;17;9;24m█[0m[48;2;58;43;85m[38;2;58;43;85m▒[0m[48;2;54;40;80m[38;2;54;40;80m▒[0m[48;2;36;28;54m[38;2;36;28;54m▓[0m[48;2;47;44;60m[38;2;47;44;60m▒[0m[48;2;42;43;59m[38;2;42;43;59m▒[0m[48;2;40;44;59m[38;2;40;44;59m▒[0m[48;2;40;44;59m[38;2;40;44;59m▒[0m[48;2;40;44;59m[38;2;40;44;59m▒[0m[48;2;40;44;59m[38;2;40;44;59m▒[0m[48;2;40;44;59m[38;2;40;44;59m▒[0m[48;2;40;44;59m[38;2;40;44;59m▒[0m[48;2;40;44;59m[38;2;40;44;59m▒[0m[48;2;40;44;59m[38;2;40;44;59m▒[0m[48;2;40;44;59m[38;2;40;44;59m▒[0m[48;2;40;44;59m[38;2;40;44;59m▒[0m[48;2;40;44;59m[38;2;40;44;59m▒[0m[48;2;40;44;59m[38;2;40;44;59m▒[0m[48;2;40;44;59m[38;2;40;44;59m▒[0m[48;2;40;44;59m[38;2;40;44;59m▒[0m[48;2;40;44;59m[38;2;40;44;59m▒[0m[48;2;41;43;57m[38;2;41;43;57m▒[0m[48;2;43;43;57m[38;2;43;43;57m▒[0m[48;2;28;27;33m[38;2;28;27;33m▓[0m                                      
                                    [48;2;49;47;49m[38;2;49;47;49m▒[0m[48;2;39;33;39m[38;2;39;33;39m▓[0m[48;2;41;30;54m[38;2;41;30;54m▓[0m[48;2;76;58;112m[38;2;76;58;112m░[0m[48;2;56;41;79m[38;2;56;41;79m▒[0m[48;2;22;13;27m[38;2;22;13;27m█[0m[48;2;68;61;74m[38;2;68;61;74m░[0m[48;2;48;46;61m[38;2;48;46;61m▒[0m[48;2;41;44;59m[38;2;41;44;59m▒[0m[48;2;40;44;59m[38;2;40;44;59m▒[0m[48;2;40;44;59m[38;2;40;44;59m▒[0m[48;2;40;44;59m[38;2;40;44;59m▒[0m[48;2;40;44;59m[38;2;40;44;59m▒[0m[48;2;40;44;59m[38;2;40;44;59m▒[0m[48;2;40;44;59m[38;2;40;44;59m▒[0m[48;2;40;44;59m[38;2;40;44;59m▒[0m[48;2;40;44;59m[38;2;40;44;59m▒[0m[48;2;40;44;59m[38;2;40;44;59m▒[0m[48;2;40;44;59m[38;2;40;44;59m▒[0m[48;2;40;44;59m[38;2;40;44;59m▒[0m[48;2;40;44;59m[38;2;40;44;59m▒[0m[48;2;40;44;59m[38;2;40;44;59m▒[0m[48;2;40;44;59m[38;2;40;44;59m▒[0m[48;2;41;43;59m[38;2;41;43;59m▒[0m[48;2;34;35;50m[38;2;34;35;50m▓[0m[48;2;73;70;76m[38;2;73;70;76m░[0m                                      
                                    [48;2;39;36;39m[38;2;39;36;39m▒[0m[48;2;26;19;25m[38;2;26;19;25m▓[0m[48;2;23;15;26m[38;2;23;15;26m▓[0m[48;2;67;57;70m[38;2;67;57;70m░[0m[48;2;73;63;74m[38;2;73;63;74m░[0m[48;2;78;69;79m[38;2;78;69;79m░[0m[48;2;30;23;33m[38;2;30;23;33m▓[0m[48;2;76;70;83m[38;2;76;70;83m@[0m[48;2;52;50;64m[38;2;52;50;64m▒[0m[48;2;42;43;58m[38;2;42;43;58m▒[0m[48;2;40;44;58m[38;2;40;44;58m▒[0m[48;2;40;44;59m[38;2;40;44;59m▒[0m[48;2;40;44;59m[38;2;40;44;59m▒[0m[48;2;40;44;59m[38;2;40;44;59m▒[0m[48;2;40;44;59m[38;2;40;44;59m▒[0m[48;2;40;44;59m[38;2;40;44;59m▒[0m[48;2;40;44;59m[38;2;40;44;59m▒[0m[48;2;40;44;59m[38;2;40;44;59m▒[0m[48;2;40;44;59m[38;2;40;44;59m▒[0m[48;2;40;44;59m[38;2;40;44;59m▒[0m[48;2;40;44;59m[38;2;40;44;59m▒[0m[48;2;41;43;59m[38;2;41;43;59m▒[0m[48;2;43;42;58m[38;2;43;42;58m▒[0m[48;2;33;29;45m[38;2;33;29;45m▓[0m[48;2;18;14;27m[38;2;18;14;27m█[0m[48;2;117;115;120m[38;2;117;115;120m#[0m                                      
                                    [48;2;151;149;150m[38;2;151;149;150m+[0m[48;2;101;94;98m[38;2;101;94;98m%[0m[48;2;51;43;50m[38;2;51;43;50m▒[0m[48;2;149;134;146m[38;2;149;134;146m*[0m[48;2;96;82;92m[38;2;96;82;92m@[0m[48;2;64;54;62m[38;2;64;54;62m░[0m[48;2;130;118;129m[38;2;130;118;129m#[0m[48;2;52;40;53m[38;2;52;40;53m▒[0m[48;2;52;44;56m[38;2;52;44;56m▒[0m[48;2;69;62;77m[38;2;69;62;77m░[0m[48;2;47;46;61m[38;2;47;46;61m▒[0m[48;2;41;43;59m[38;2;41;43;59m▒[0m[48;2;40;44;59m[38;2;40;44;59m▒[0m[48;2;40;44;59m[38;2;40;44;59m▒[0m[48;2;40;44;59m[38;2;40;44;59m▒[0m[48;2;40;44;59m[38;2;40;44;59m▒[0m[48;2;40;44;59m[38;2;40;44;59m▒[0m[48;2;40;44;59m[38;2;40;44;59m▒[0m[48;2;40;44;59m[38;2;40;44;59m▒[0m[48;2;40;44;59m[38;2;40;44;59m▒[0m[48;2;41;43;58m[38;2;41;43;58m▒[0m[48;2;34;32;48m[38;2;34;32;48m▓[0m[48;2;29;25;40m[38;2;29;25;40m▓[0m[48;2;14;7;19m[38;2;14;7;19m█[0m[48;2;94;87;97m[38;2;94;87;97m@[0m[48;2;71;68;73m[38;2;71;68;73m░[0m                                      
                                    [48;2;191;190;191m[38;2;191;190;191m-[0m[48;2;104;97;100m[38;2;104;97;100m%[0m[48;2;172;160;162m[38;2;172;160;162m+[0m[48;2;71;59;67m[38;2;71;59;67m░[0m[48;2;153;137;148m[38;2;153;137;148m*[0m[48;2;54;44;52m[38;2;54;44;52m▒[0m[48;2;118;105;117m[38;2;118;105;117m#[0m[48;2;158;141;154m[38;2;158;141;154m+[0m[48;2;128;111;125m[38;2;128;111;125m#[0m[48;2;81;67;81m[38;2;81;67;81m░[0m[48;2;59;49;61m[38;2;59;49;61m▒[0m[48;2;37;31;44m[38;2;37;31;44m▓[0m[48;2;33;30;44m[38;2;33;30;44m▓[0m[48;2;34;32;48m[38;2;34;32;48m▓[0m[48;2;35;37;52m[38;2;35;37;52m▒[0m[48;2;35;37;52m[38;2;35;37;52m▒[0m[48;2;35;36;50m[38;2;35;36;50m▒[0m[48;2;32;32;47m[38;2;32;32;47m▓[0m[48;2;26;25;38m[38;2;26;25;38m▓[0m[48;2;30;27;38m[38;2;30;27;38m▓[0m[48;2;60;51;63m[38;2;60;51;63m░[0m[48;2;90;80;91m[38;2;90;80;91m@[0m[48;2;54;45;57m[38;2;54;45;57m▒[0m[48;2;103;93;104m[38;2;103;93;104m%[0m[48;2;153;142;152m[38;2;153;142;152m+[0m[48;2;76;66;76m[38;2;76;66;76m░[0m[48;2;161;158;162m[38;2;161;158;162m+[0m                                     
                                    [48;2;210;210;210m[38;2;210;210;210m:[0m[48;2;44;40;41m[38;2;44;40;41m▒[0m[48;2;142;133;133m[38;2;142;133;133m*[0m[48;2;119;109;110m[38;2;119;109;110m#[0m[48;2;74;64;73m[38;2;74;64;73m░[0m[48;2;147;133;145m[38;2;147;133;145m*[0m[48;2;61;49;60m[38;2;61;49;60m▒[0m[48;2;110;95;107m[38;2;110;95;107m%[0m[48;2;160;141;155m[38;2;160;141;155m+[0m[48;2;161;141;155m[38;2;161;141;155m+[0m[48;2;160;141;155m[38;2;160;141;155m+[0m[48;2;148;131;144m[38;2;148;131;144m*[0m[48;2;123;109;122m[38;2;123;109;122m#[0m[48;2;59;50;62m[38;2;59;50;62m▒[0m[48;2;21;14;24m[38;2;21;14;24m█[0m[48;2;24;18;28m[38;2;24;18;28m▓[0m[48;2;37;32;42m[38;2;37;32;42m▓[0m[48;2;52;46;56m[38;2;52;46;56m▒[0m[48;2;74;65;75m[38;2;74;65;75m░[0m[48;2;94;85;94m[38;2;94;85;94m@[0m[48;2;60;51;59m[38;2;60;51;59m▒[0m[48;2;27;20;27m[38;2;27;20;27m▓[0m[48;2;42;33;43m[38;2;42;33;43m▒[0m[48;2;73;63;73m[38;2;73;63;73m░[0m[48;2;143;129;140m[38;2;143;129;140m*[0m[48;2;153;139;149m[38;2;153;139;149m*[0m[48;2;64;53;62m[38;2;64;53;62m░[0m[48;2;80;73;78m[38;2;80;73;78m@[0m[48;2;138;135;138m[38;2;138;135;138m*[0m[48;2;210;209;211m[38;2;210;209;211m:[0m                                  
                                    [48;2;120;120;120m[38;2;120;120;120m#[0m[48;2;111;108;110m[38;2;111;108;110m%[0m[48;2;97;92;94m[38;2;97;92;94m%[0m[48;2;18;13;15m[38;2;18;13;15m█[0m[48;2;25;20;24m[38;2;25;20;24m▓[0m[48;2;44;38;46m[38;2;44;38;46m▒[0m[48;2;78;70;78m[38;2;78;70;78m@[0m[48;2;65;58;65m[38;2;65;58;65m░[0m[48;2;70;59;69m[38;2;70;59;69m░[0m[48;2;145;129;141m[38;2;145;129;141m*[0m[48;2;161;142;156m[38;2;161;142;156m+[0m[48;2;160;141;155m[38;2;160;141;155m+[0m[48;2;160;141;155m[38;2;160;141;155m+[0m[48;2;161;141;155m[38;2;161;141;155m+[0m[48;2;161;140;155m[38;2;161;140;155m+[0m[48;2;155;135;150m[38;2;155;135;150m*[0m[48;2;146;126;141m[38;2;146;126;141m*[0m[48;2;142;124;138m[38;2;142;124;138m*[0m[48;2;122;107;119m[38;2;122;107;119m#[0m[48;2;14;8;16m[38;2;14;8;16m█[0m[48;2;5;2;8m[38;2;5;2;8m█[0m[48;2;15;14;19m[38;2;15;14;19m█[0m[48;2;33;31;38m[38;2;33;31;38m▓[0m[48;2;22;16;27m[38;2;22;16;27m▓[0m[48;2;120;109;121m[38;2;120;109;121m#[0m[48;2;158;141;154m[38;2;158;141;154m+[0m[48;2;155;137;150m[38;2;155;137;150m*[0m[48;2;87;73;84m[38;2;87;73;84m@[0m[48;2;55;45;53m[38;2;55;45;53m▒[0m[48;2;82;74;82m[38;2;82;74;82m@[0m[48;2;75;69;74m[38;2;75;69;74m░[0m[48;2;145;143;145m[38;2;145;143;145m*[0m                                
                                    [48;2;173;173;173m[38;2;173;173;173m=[0m[48;2;47;43;45m[38;2;47;43;45m▒[0m[48;2;102;97;99m[38;2;102;97;99m%[0m[48;2;96;91;92m[38;2;96;91;92m%[0m[48;2;81;77;79m[38;2;81;77;79m@[0m[48;2;196;191;194m[38;2;196;191;194m-[0m[48;2;14;9;13m[38;2;14;9;13m█[0m[48;2;71;65;71m[38;2;71;65;71m░[0m[48;2;60;53;59m[38;2;60;53;59m░[0m[48;2;42;32;39m[38;2;42;32;39m▓[0m[48;2;78;65;75m[38;2;78;65;75m░[0m[48;2;158;140;153m[38;2;158;140;153m+[0m[48;2;161;141;155m[38;2;161;141;155m+[0m[48;2;161;140;155m[38;2;161;140;155m+[0m[48;2;161;140;155m[38;2;161;140;155m+[0m[48;2;161;140;155m[38;2;161;140;155m+[0m[48;2;161;140;155m[38;2;161;140;155m+[0m[48;2;161;140;155m[38;2;161;140;155m+[0m[48;2;87;73;84m[38;2;87;73;84m@[0m[48;2;22;14;24m[38;2;22;14;24m█[0m[48;2;13;9;16m[38;2;13;9;16m█[0m[48;2;4;2;7m[38;2;4;2;7m█[0m[48;2;3;1;7m[38;2;3;1;7m█[0m[48;2;15;11;19m[38;2;15;11;19m█[0m[48;2;37;29;37m[38;2;37;29;37m▓[0m[48;2;157;140;152m[38;2;157;140;152m+[0m[48;2;161;141;155m[38;2;161;141;155m+[0m[48;2;161;140;155m[38;2;161;140;155m+[0m[48;2;137;119;132m[38;2;137;119;132m#[0m[48;2;122;107;118m[38;2;122;107;118m#[0m[48;2;157;142;151m[38;2;157;142;151m+[0m[48;2;118;106;114m[38;2;118;106;114m#[0m[48;2;65;60;64m[38;2;65;60;64m░[0m[48;2;216;215;216m[38;2;216;215;216m:[0m                              
                                    [48;2;167;167;167m[38;2;167;167;167m=[0m[48;2;105;103;106m[38;2;105;103;106m%[0m[48;2;202;199;203m[38;2;202;199;203m-[0m[48;2;188;184;188m[38;2;188;184;188m-[0m[48;2;52;49;52m[38;2;52;49;52m▒[0m [48;2;56;51;55m[38;2;56;51;55m▒[0m[48;2;132;121;129m[38;2;132;121;129m#[0m[48;2;156;139;150m[38;2;156;139;150m*[0m[48;2;158;139;151m[38;2;158;139;151m*[0m[48;2;159;139;153m[38;2;159;139;153m+[0m[48;2;161;140;155m[38;2;161;140;155m+[0m[48;2;161;140;155m[38;2;161;140;155m+[0m[48;2;161;140;155m[38;2;161;140;155m+[0m[48;2;161;140;155m[38;2;161;140;155m+[0m[48;2;161;140;155m[38;2;161;140;155m+[0m[48;2;161;140;155m[38;2;161;140;155m+[0m[48;2;161;140;155m[38;2;161;140;155m+[0m[48;2;154;134;148m[38;2;154;134;148m*[0m[48;2;133;116;129m[38;2;133;116;129m#[0m[48;2;125;109;122m[38;2;125;109;122m#[0m[48;2;26;20;27m[38;2;26;20;27m▓[0m[48;2;17;12;20m[38;2;17;12;20m█[0m[48;2;40;34;43m[38;2;40;34;43m▒[0m[48;2;51;43;52m[38;2;51;43;52m▒[0m[48;2;107;95;104m[38;2;107;95;104m%[0m[48;2;156;137;150m[38;2;156;137;150m*[0m[48;2;161;140;155m[38;2;161;140;155m+[0m[48;2;161;140;155m[38;2;161;140;155m+[0m[48;2;161;140;155m[38;2;161;140;155m+[0m[48;2;161;140;155m[38;2;161;140;155m+[0m[48;2;161;140;155m[38;2;161;140;155m+[0m[48;2;140;125;136m[38;2;140;125;136m*[0m[48;2;59;53;59m[38;2;59;53;59m░[0m                              
                                    [48;2;215;215;215m[38;2;215;215;215m:[0m[48;2;64;62;65m[38;2;64;62;65m░[0m[48;2;203;201;205m[38;2;203;201;205m:[0m[48;2;181;179;183m[38;2;181;179;183m=[0m[48;2;70;68;71m[38;2;70;68;71m░[0m [48;2;97;94;98m[38;2;97;94;98m%[0m[48;2;33;26;31m[38;2;33;26;31m▓[0m[48;2;147;129;140m[38;2;147;129;140m*[0m[48;2;160;139;154m[38;2;160;139;154m+[0m[48;2;161;140;155m[38;2;161;140;155m+[0m[48;2;161;140;155m[38;2;161;140;155m+[0m[48;2;161;140;155m[38;2;161;140;155m+[0m[48;2;161;140;155m[38;2;161;140;155m+[0m[48;2;161;140;155m[38;2;161;140;155m+[0m[48;2;161;140;155m[38;2;161;140;155m+[0m[48;2;161;140;155m[38;2;161;140;155m+[0m[48;2;161;140;155m[38;2;161;140;155m+[0m[48;2;161;140;155m[38;2;161;140;155m+[0m[48;2;161;140;155m[38;2;161;140;155m+[0m[48;2;161;140;155m[38;2;161;140;155m+[0m[48;2;155;136;150m[38;2;155;136;150m*[0m[48;2;153;136;149m[38;2;153;136;149m*[0m[48;2;96;83;95m[38;2;96;83;95m@[0m[48;2;62;50;61m[38;2;62;50;61m▒[0m[48;2;10;1;9m[38;2;10;1;9m█[0m[48;2;20;11;17m[38;2;20;11;17m█[0m[48;2;72;56;67m[38;2;72;56;67m░[0m[48;2;154;135;148m[38;2;154;135;148m*[0m[48;2;161;140;155m[38;2;161;140;155m+[0m[48;2;161;140;155m[38;2;161;140;155m+[0m[48;2;161;140;155m[38;2;161;140;155m+[0m[48;2;161;140;155m[38;2;161;140;155m+[0m[48;2;75;63;72m[38;2;75;63;72m░[0m[48;2;182;178;181m[38;2;182;178;181m=[0m                             
                                     [48;2;64;62;64m[38;2;64;62;64m░[0m[48;2;178;176;180m[38;2;178;176;180m=[0m[48;2;75;74;77m[38;2;75;74;77m@[0m[48;2;178;175;179m[38;2;178;175;179m=[0m [48;2;111;108;112m[38;2;111;108;112m%[0m[48;2;11;6;11m[38;2;11;6;11m█[0m[48;2;35;26;34m[38;2;35;26;34m▓[0m[48;2;133;116;130m[38;2;133;116;130m#[0m[48;2;160;141;155m[38;2;160;141;155m+[0m[48;2;161;140;155m[38;2;161;140;155m+[0m[48;2;161;140;155m[38;2;161;140;155m+[0m[48;2;161;140;155m[38;2;161;140;155m+[0m[48;2;161;140;155m[38;2;161;140;155m+[0m[48;2;161;140;155m[38;2;161;140;155m+[0m[48;2;161;140;155m[38;2;161;140;155m+[0m[48;2;161;140;155m[38;2;161;140;155m+[0m[48;2;161;140;155m[38;2;161;140;155m+[0m[48;2;161;140;155m[38;2;161;140;155m+[0m[48;2;161;140;155m[38;2;161;140;155m+[0m[48;2;161;140;155m[38;2;161;140;155m+[0m[48;2;161;140;155m[38;2;161;140;155m+[0m[48;2;160;141;155m[38;2;160;141;155m+[0m[48;2;158;139;153m[38;2;158;139;153m*[0m[48;2;138;121;134m[38;2;138;121;134m#[0m[48;2;99;84;95m[38;2;99;84;95m@[0m[48;2;71;56;67m[38;2;71;56;67m░[0m[48;2;87;72;82m[38;2;87;72;82m@[0m[48;2;139;120;133m[38;2;139;120;133m#[0m[48;2;159;139;153m[38;2;159;139;153m+[0m[48;2;161;140;155m[38;2;161;140;155m+[0m[48;2;161;140;155m[38;2;161;140;155m+[0m[48;2;80;65;76m[38;2;80;65;76m░[0m[48;2;163;158;162m[38;2;163;158;162m+[0m                             
                                     [48;2;214;213;214m[38;2;214;213;214m:[0m[48;2;74;72;74m[38;2;74;72;74m░[0m[48;2;58;56;59m[38;2;58;56;59m░[0m[48;2;121;118;122m[38;2;121;118;122m#[0m[48;2;99;97;100m[38;2;99;97;100m%[0m[48;2;23;20;24m[38;2;23;20;24m▓[0m[48;2;25;21;29m[38;2;25;21;29m▓[0m[48;2;34;29;45m[38;2;34;29;45m▓[0m[48;2;23;15;31m[38;2;23;15;31m▓[0m[48;2;81;68;82m[38;2;81;68;82m@[0m[48;2;151;133;148m[38;2;151;133;148m*[0m[48;2;161;140;155m[38;2;161;140;155m+[0m[48;2;161;140;155m[38;2;161;140;155m+[0m[48;2;161;140;155m[38;2;161;140;155m+[0m[48;2;161;140;155m[38;2;161;140;155m+[0m[48;2;161;140;155m[38;2;161;140;155m+[0m[48;2;161;140;155m[38;2;161;140;155m+[0m[48;2;161;140;155m[38;2;161;140;155m+[0m[48;2;161;140;155m[38;2;161;140;155m+[0m[48;2;161;140;155m[38;2;161;140;155m+[0m[48;2;161;140;155m[38;2;161;140;155m+[0m[48;2;161;140;155m[38;2;161;140;155m+[0m[48;2;161;140;155m[38;2;161;140;155m+[0m[48;2;161;140;155m[38;2;161;140;155m+[0m[48;2;161;140;155m[38;2;161;140;155m+[0m[48;2;161;140;155m[38;2;161;140;155m+[0m[48;2;161;140;155m[38;2;161;140;155m+[0m[48;2;137;117;132m[38;2;137;117;132m#[0m[48;2;97;79;92m[38;2;97;79;92m@[0m[48;2;81;64;76m[38;2;81;64;76m░[0m[48;2;81;66;77m[38;2;81;66;77m░[0m[48;2;79;65;75m[38;2;79;65;75m░[0m[48;2;58;47;56m[38;2;58;47;56m▒[0m[48;2;77;69;77m[38;2;77;69;77m░[0m                             
                                         [48;2;183;182;184m[38;2;183;182;184m=[0m[48;2;17;14;21m[38;2;17;14;21m█[0m[48;2;36;31;46m[38;2;36;31;46m▓[0m[48;2;37;32;49m[38;2;37;32;49m▓[0m[48;2;37;30;51m[38;2;37;30;51m▓[0m[48;2;32;24;42m[38;2;32;24;42m▓[0m[48;2;27;19;35m[38;2;27;19;35m▓[0m[48;2;77;66;79m[38;2;77;66;79m░[0m[48;2;130;115;127m[38;2;130;115;127m#[0m[48;2;158;141;154m[38;2;158;141;154m+[0m[48;2;160;141;155m[38;2;160;141;155m+[0m[48;2;161;140;155m[38;2;161;140;155m+[0m[48;2;161;140;155m[38;2;161;140;155m+[0m[48;2;161;140;155m[38;2;161;140;155m+[0m[48;2;161;140;155m[38;2;161;140;155m+[0m[48;2;161;140;155m[38;2;161;140;155m+[0m[48;2;161;140;155m[38;2;161;140;155m+[0m[48;2;161;140;155m[38;2;161;140;155m+[0m[48;2;161;140;155m[38;2;161;140;155m+[0m[48;2;161;140;155m[38;2;161;140;155m+[0m[48;2;161;140;155m[38;2;161;140;155m+[0m[48;2;161;140;155m[38;2;161;140;155m+[0m[48;2;161;140;155m[38;2;161;140;155m+[0m[48;2;161;140;155m[38;2;161;140;155m+[0m[48;2;161;140;155m[38;2;161;140;155m+[0m[48;2;161;140;155m[38;2;161;140;155m+[0m[48;2;161;140;155m[38;2;161;140;155m+[0m[48;2;160;141;155m[38;2;160;141;155m+[0m[48;2;116;101;113m[38;2;116;101;113m%[0m[48;2;113;105;111m[38;2;113;105;111m%[0m                             
                                         [48;2;193;193;194m[38;2;193;193;194m-[0m[48;2;8;6;12m[38;2;8;6;12m█[0m[48;2;16;12;26m[38;2;16;12;26m█[0m[48;2;22;18;33m[38;2;22;18;33m▓[0m[48;2;30;24;43m[38;2;30;24;43m▓[0m[48;2;33;28;47m[38;2;33;28;47m▓[0m[48;2;32;27;43m[38;2;32;27;43m▓[0m[48;2;13;7;32m[38;2;13;7;32m█[0m[48;2;51;35;105m[38;2;51;35;105m▒[0m[48;2;48;36;76m[38;2;48;36;76m▒[0m[48;2;76;65;78m[38;2;76;65;78m░[0m[48;2;112;98;112m[38;2;112;98;112m%[0m[48;2;146;129;142m[38;2;146;129;142m*[0m[48;2;160;140;155m[38;2;160;140;155m+[0m[48;2;161;140;155m[38;2;161;140;155m+[0m[48;2;161;140;155m[38;2;161;140;155m+[0m[48;2;161;140;155m[38;2;161;140;155m+[0m[48;2;161;140;155m[38;2;161;140;155m+[0m[48;2;161;140;155m[38;2;161;140;155m+[0m[48;2;161;140;155m[38;2;161;140;155m+[0m[48;2;161;140;155m[38;2;161;140;155m+[0m[48;2;161;140;155m[38;2;161;140;155m+[0m[48;2;161;140;155m[38;2;161;140;155m+[0m[48;2;161;140;155m[38;2;161;140;155m+[0m[48;2;161;140;155m[38;2;161;140;155m+[0m[48;2;160;140;154m[38;2;160;140;154m+[0m[48;2;135;118;130m[38;2;135;118;130m#[0m[48;2;85;72;82m[38;2;85;72;82m@[0m[48;2;102;95;102m[38;2;102;95;102m%[0m[48;2;242;238;242m[38;2;242;238;242m [0m                             
                                         [48;2;231;230;231m[38;2;231;230;231m.[0m[48;2;14;11;19m[38;2;14;11;19m█[0m[48;2;34;29;45m[38;2;34;29;45m▓[0m[48;2;31;27;44m[38;2;31;27;44m▓[0m[48;2;25;21;37m[38;2;25;21;37m▓[0m[48;2;22;17;32m[38;2;22;17;32m▓[0m[48;2;21;17;30m[38;2;21;17;30m▓[0m[48;2;11;8;20m[38;2;11;8;20m█[0m[48;2;64;47;138m[38;2;64;47;138m░[0m[48;2;80;65;157m[38;2;80;65;157m@[0m[48;2;74;61;145m[38;2;74;61;145m@[0m[48;2;65;52;122m[38;2;65;52;122m░[0m[48;2;13;4;42m[38;2;13;4;42m█[0m[48;2;25;20;29m[38;2;25;20;29m▓[0m[48;2;58;47;83m[38;2;58;47;83m▒[0m[48;2;73;62;80m[38;2;73;62;80m░[0m[48;2;86;75;93m[38;2;86;75;93m@[0m[48;2;102;91;102m[38;2;102;91;102m%[0m[48;2;111;99;111m[38;2;111;99;111m%[0m[48;2;117;104;115m[38;2;117;104;115m%[0m[48;2;119;106;117m[38;2;119;106;117m#[0m[48;2;117;104;115m[38;2;117;104;115m%[0m[48;2;105;92;104m[38;2;105;92;104m%[0m[48;2;87;74;86m[38;2;87;74;86m@[0m[48;2;62;51;60m[38;2;62;51;60m░[0m[48;2;92;83;91m[38;2;92;83;91m@[0m[48;2;127;121;126m[38;2;127;121;126m#[0m[48;2;205;202;205m[38;2;205;202;205m:[0m                               
                                          [48;2;59;56;62m[38;2;59;56;62m░[0m[48;2;33;28;42m[38;2;33;28;42m▓[0m[48;2;37;31;51m[38;2;37;31;51m▓[0m[48;2;37;31;52m[38;2;37;31;52m▓[0m[48;2;37;31;52m[38;2;37;31;52m▓[0m[48;2;37;31;51m[38;2;37;31;51m▓[0m[48;2;29;23;42m[38;2;29;23;42m▓[0m[48;2;25;16;64m[38;2;25;16;64m▓[0m[48;2;83;72;142m[38;2;83;72;142m@[0m[48;2;85;73;159m[38;2;85;73;159m@[0m[48;2;83;68;164m[38;2;83;68;164m@[0m[48;2;40;25;118m[38;2;40;25;118m▒[0m[48;2;34;32;43m[38;2;34;32;43m▓[0m[48;2;32;22;77m[38;2;32;22;77m▓[0m[48;2;79;61;157m[38;2;79;61;157m@[0m[48;2;64;43;156m[38;2;64;43;156m░[0m[48;2;69;54;137m[38;2;69;54;137m░[0m[48;2;57;45;111m[38;2;57;45;111m░[0m[48;2;23;16;42m[38;2;23;16;42m▓[0m[48;2;15;11;16m[38;2;15;11;16m█[0m[48;2;44;39;48m[38;2;44;39;48m▒[0m[48;2;30;26;39m[38;2;30;26;39m▓[0m[48;2;34;29;45m[38;2;34;29;45m▓[0m[48;2;29;25;41m[38;2;29;25;41m▓[0m[48;2;32;27;39m[38;2;32;27;39m▓[0m[48;2;100;97;103m[38;2;100;97;103m%[0m[48;2;197;196;197m[38;2;197;196;197m-[0m                               
                                          [48;2;155;151;156m[38;2;155;151;156m+[0m[48;2;22;17;30m[38;2;22;17;30m▓[0m[48;2;37;31;51m[38;2;37;31;51m▓[0m[48;2;37;31;52m[38;2;37;31;52m▓[0m[48;2;37;31;52m[38;2;37;31;52m▓[0m[48;2;37;31;52m[38;2;37;31;52m▓[0m[48;2;37;31;52m[38;2;37;31;52m▓[0m[48;2;27;22;41m[38;2;27;22;41m▓[0m[48;2;23;21;35m[38;2;23;21;35m▓[0m[48;2;37;34;62m[38;2;37;34;62m▒[0m[48;2;44;36;88m[38;2;44;36;88m▒[0m[48;2;55;46;104m[38;2;55;46;104m░[0m[48;2;19;16;44m[38;2;19;16;44m▓[0m[48;2;140;139;148m[38;2;140;139;148m*[0m[48;2;26;21;46m[38;2;26;21;46m▓[0m[48;2;52;45;77m[38;2;52;45;77m▒[0m[48;2;72;66;96m[38;2;72;66;96m░[0m[48;2;126;123;132m[38;2;126;123;132m#[0m[48;2;195;191;198m[38;2;195;191;198m-[0m[48;2;103;100;105m[38;2;103;100;105m%[0m[48;2;36;32;39m[38;2;36;32;39m▓[0m[48;2;66;61;74m[38;2;66;61;74m░[0m[48;2;45;40;58m[38;2;45;40;58m▒[0m[48;2;37;31;52m[38;2;37;31;52m▓[0m[48;2;37;31;52m[38;2;37;31;52m▓[0m[48;2;35;29;49m[38;2;35;29;49m▓[0m[48;2;23;19;34m[38;2;23;19;34m▓[0m[48;2;62;59;68m[38;2;62;59;68m░[0m[48;2;193;192;195m[38;2;193;192;195m-[0m                             
                                          [48;2;241;239;241m[38;2;241;239;241m [0m[48;2;47;44;52m[38;2;47;44;52m▒[0m[48;2;33;29;44m[38;2;33;29;44m▓[0m[48;2;37;31;52m[38;2;37;31;52m▓[0m[48;2;37;31;52m[38;2;37;31;52m▓[0m[48;2;37;31;52m[38;2;37;31;52m▓[0m[48;2;37;31;52m[38;2;37;31;52m▓[0m[48;2;37;31;52m[38;2;37;31;52m▓[0m[48;2;35;30;50m[38;2;35;30;50m▓[0m[48;2;72;68;84m[38;2;72;68;84m░[0m[48;2;14;13;21m[38;2;14;13;21m█[0m[48;2;76;75;82m[38;2;76;75;82m@[0m[48;2;164;164;168m[38;2;164;164;168m+[0m[48;2;223;223;226m[38;2;223;223;226m.[0m[48;2;47;45;50m[38;2;47;45;50m▒[0m[48;2;97;94;101m[38;2;97;94;101m%[0m[48;2;117;113;121m[38;2;117;113;121m#[0m[48;2;209;207;211m[38;2;209;207;211m:[0m [48;2;198;195;199m[38;2;198;195;199m-[0m[48;2;65;63;68m[38;2;65;63;68m░[0m[48;2;81;78;86m[38;2;81;78;86m@[0m[48;2;44;40;51m[38;2;44;40;51m▒[0m[48;2;63;59;71m[38;2;63;59;71m░[0m[48;2;46;41;59m[38;2;46;41;59m▒[0m[48;2;37;31;52m[38;2;37;31;52m▓[0m[48;2;37;31;52m[38;2;37;31;52m▓[0m[48;2;36;30;50m[38;2;36;30;50m▓[0m[48;2;22;17;33m[38;2;22;17;33m▓[0m[48;2;124;123;127m[38;2;124;123;127m#[0m                            