                                                                                                              
                                                                                                              
                                                                                                              
                                                                                                              
                                                                                                              
                                                                                                              
                                                                                                              
                                                                                                              
                                                                                                              
                                                                                                              
                                                                                                              
                                                                                                              
                                                                                                              
                                                [48;2;240;240;240m[38;2;240;240;240m [0m[48;2;184;184;184m[38;2;184;184;184m-[0m[48;2;133;133;134m[38;2;133;133;134m*[0m[48;2;98;97;100m[38;2;98;97;100m%[0m[48;2;70;69;73m[38;2;70;69;73m░[0m[48;2;52;51;56m[38;2;52;51;56m▒[0m[48;2;42;41;47m[38;2;42;41;47m▒[0m[48;2;41;40;46m[38;2;41;40;46m▒[0m[48;2;45;44;50m[38;2;45;44;50m▒[0m[48;2;58;57;63m[38;2;58;57;63m░[0m[48;2;82;81;86m[38;2;82;81;86m@[0m[48;2;128;128;132m[38;2;128;128;132m*[0m[48;2;194;193;195m[38;2;194;193;195m-[0m                                                 
                                              [48;2;160;159;161m[38;2;160;159;161m+[0m[48;2;73;72;76m[38;2;73;72;76m░[0m[48;2;26;25;33m[38;2;26;25;33m▓[0m[48;2;29;27;39m[38;2;29;27;39m▓[0m[48;2;38;36;50m[38;2;38;36;50m▒[0m[48;2;44;41;56m[38;2;44;41;56m▒[0m[48;2;46;43;58m[38;2;46;43;58m▒[0m[48;2;44;43;58m[38;2;44;43;58m▒[0m[48;2;43;43;59m[38;2;43;43;59m▒[0m[48;2;43;42;59m[38;2;43;42;59m▒[0m[48;2;42;43;59m[38;2;42;43;59m▒[0m[48;2;42;43;59m[38;2;42;43;59m▒[0m[48;2;41;42;58m[38;2;41;42;58m▒[0m[48;2;37;37;53m[38;2;37;37;53m▒[0m[48;2;25;24;39m[38;2;25;24;39m▓[0m[48;2;42;41;49m[38;2;42;41;49m▒[0m[48;2;142;141;146m[38;2;142;141;146m*[0m                                               
                                            [48;2;150;149;151m[38;2;150;149;151m+[0m[48;2;33;32;38m[38;2;33;32;38m▓[0m[48;2;31;29;40m[38;2;31;29;40m▓[0m[48;2;44;41;55m[38;2;44;41;55m▒[0m[48;2;62;59;73m[38;2;62;59;73m░[0m[48;2;57;54;66m[38;2;57;54;66m░[0m[48;2;31;29;41m[38;2;31;29;41m▓[0m[48;2;29;26;38m[38;2;29;26;38m▓[0m[48;2;47;45;56m[38;2;47;45;56m▒[0m[48;2;33;32;43m[38;2;33;32;43m▓[0m[48;2;33;32;45m[38;2;33;32;45m▓[0m[48;2;37;38;51m[38;2;37;38;51m▒[0m[48;2;42;43;58m[38;2;42;43;58m▒[0m[48;2;42;43;59m[38;2;42;43;59m▒[0m[48;2;41;43;59m[38;2;41;43;59m▒[0m[48;2;41;43;59m[38;2;41;43;59m▒[0m[48;2;42;42;60m[38;2;42;42;60m▒[0m[48;2;43;41;58m[38;2;43;41;58m▒[0m[48;2;29;27;41m[38;2;29;27;41m▓[0m[48;2;51;49;56m[38;2;51;49;56m▒[0m[48;2;205;205;207m[38;2;205;205;207m:[0m                                             
                                           [48;2;81;79;83m[38;2;81;79;83m@[0m[48;2;18;16;23m[38;2;18;16;23m█[0m[48;2;25;22;32m[38;2;25;22;32m▓[0m[48;2;33;29;41m[38;2;33;29;41m▓[0m[48;2;52;47;57m[38;2;52;47;57m▒[0m[48;2;68;59;68m[38;2;68;59;68m░[0m[48;2;85;75;84m[38;2;85;75;84m@[0m[48;2;96;84;94m[38;2;96;84;94m@[0m[48;2;121;108;118m[38;2;121;108;118m#[0m[48;2;134;121;130m[38;2;134;121;130m#[0m[48;2;124;110;120m[38;2;124;110;120m#[0m[48;2;107;93;103m[38;2;107;93;103m%[0m[48;2;79;67;77m[38;2;79;67;77m░[0m[48;2;47;37;47m[38;2;47;37;47m▒[0m[48;2;28;20;30m[38;2;28;20;30m▓[0m[48;2;37;32;46m[38;2;37;32;46m▓[0m[48;2;43;43;58m[38;2;43;43;58m▒[0m[48;2;43;42;59m[38;2;43;42;59m▒[0m[48;2;44;42;58m[38;2;44;42;58m▒[0m[48;2;44;42;59m[38;2;44;42;59m▒[0m[48;2;40;38;53m[38;2;40;38;53m▒[0m[48;2;23;21;30m[38;2;23;21;30m▓[0m[48;2;153;152;155m[38;2;153;152;155m+[0m                                            
                                          [48;2;124;124;125m[38;2;124;124;125m#[0m[48;2;16;13;17m[38;2;16;13;17m█[0m[48;2;77;70;77m[38;2;77;70;77m░[0m[48;2;78;69;77m[38;2;78;69;77m░[0m[48;2;61;51;61m[38;2;61;51;61m░[0m[48;2;74;62;73m[38;2;74;62;73m░[0m[48;2;122;106;119m[38;2;122;106;119m#[0m[48;2;154;136;150m[38;2;154;136;150m*[0m[48;2;98;81;94m[38;2;98;81;94m@[0m[48;2;79;64;74m[38;2;79;64;74m░[0m[48;2;62;48;57m[38;2;62;48;57m▒[0m[48;2;139;122;134m[38;2;139;122;134m*[0m[48;2;160;142;153m[38;2;160;142;153m+[0m[48;2;160;141;155m[38;2;160;141;155m+[0m[48;2;160;141;155m[38;2;160;141;155m+[0m[48;2;145;127;140m[38;2;145;127;140m*[0m[48;2;94;78;90m[38;2;94;78;90m@[0m[48;2;46;34;46m[38;2;46;34;46m▒[0m[48;2;54;46;57m[38;2;54;46;57m▒[0m[48;2;33;26;40m[38;2;33;26;40m▓[0m[48;2;26;22;37m[38;2;26;22;37m▓[0m[48;2;20;15;31m[38;2;20;15;31m▓[0m[48;2;28;21;42m[38;2;28;21;42m▓[0m[48;2;9;6;11m[38;2;9;6;11m█[0m[48;2;135;133;135m[38;2;135;133;135m*[0m                                           
                                         [48;2;122;121;122m[38;2;122;121;122m#[0m[48;2;65;59;65m[38;2;65;59;65m░[0m[48;2;150;136;145m[38;2;150;136;145m*[0m[48;2;160;141;154m[38;2;160;141;154m+[0m[48;2;152;134;147m[38;2;152;134;147m*[0m[48;2;158;140;154m[38;2;158;140;154m+[0m[48;2;159;140;154m[38;2;159;140;154m+[0m[48;2;161;140;155m[38;2;161;140;155m+[0m[48;2;161;140;155m[38;2;161;140;155m+[0m[48;2;161;140;155m[38;2;161;140;155m+[0m[48;2;157;137;151m[38;2;157;137;151m*[0m[48;2;101;85;96m[38;2;101;85;96m@[0m[48;2;98;84;93m[38;2;98;84;93m@[0m[48;2;152;135;146m[38;2;152;135;146m*[0m[48;2;161;140;155m[38;2;161;140;155m+[0m[48;2;161;140;155m[38;2;161;140;155m+[0m[48;2;161;140;155m[38;2;161;140;155m+[0m[48;2;161;140;155m[38;2;161;140;155m+[0m[48;2;152;134;148m[38;2;152;134;148m*[0m[48;2;72;60;71m[38;2;72;60;71m░[0m[48;2;45;33;60m[38;2;45;33;60m▒[0m[48;2;90;68;138m[38;2;90;68;138m@[0m[48;2;45;29;72m[38;2;45;29;72m▒[0m[48;2;74;51;109m[38;2;74;51;109m░[0m[48;2;8;3;9m[38;2;8;3;9m█[0m[48;2;6;3;7m[38;2;6;3;7m█[0m[48;2;172;171;172m[38;2;172;171;172m=[0m                                          
                                        [48;2;111;110;112m[38;2;111;110;112m#[0m[48;2;84;75;82m[38;2;84;75;82m@[0m[48;2;157;142;152m[38;2;157;142;152m+[0m[48;2;161;140;155m[38;2;161;140;155m+[0m[48;2;161;140;155m[38;2;161;140;155m+[0m[48;2;161;140;155m[38;2;161;140;155m+[0m[48;2;161;140;155m[38;2;161;140;155m+[0m[48;2;161;140;155m[38;2;161;140;155m+[0m[48;2;162;141;156m[38;2;162;141;156m+[0m[48;2;114;93;108m[38;2;114;93;108m%[0m[48;2;131;112;126m[38;2;131;112;126m#[0m[48;2;144;126;140m[38;2;144;126;140m*[0m[48;2;43;27;39m[38;2;43;27;39m▓[0m[48;2;110;95;107m[38;2;110;95;107m%[0m[48;2;63;49;60m[38;2;63;49;60m▒[0m[48;2;157;139;153m[38;2;157;139;153m*[0m[48;2;161;140;155m[38;2;161;140;155m+[0m[48;2;161;140;155m[38;2;161;140;155m+[0m[48;2;161;140;155m[38;2;161;140;155m+[0m[48;2;161;140;155m[38;2;161;140;155m+[0m[48;2;159;140;154m[38;2;159;140;154m+[0m[48;2;97;83;95m[38;2;97;83;95m@[0m[48;2;38;22;50m[38;2;38;22;50m▓[0m[48;2;108;80;156m[38;2;108;80;156m%[0m[48;2;58;34;90m[38;2;58;34;90m▒[0m[48;2;53;38;75m[38;2;53;38;75m▒[0m[48;2;14;9;16m[38;2;14;9;16m█[0m[48;2;32;27;34m[38;2;32;27;34m▓[0m[48;2;235;234;235m[38;2;235;234;235m.[0m                                         
                                       [48;2;186;185;186m[38;2;186;185;186m-[0m[48;2;51;47;51m[38;2;51;47;51m▒[0m[48;2;100;89;98m[38;2;100;89;98m%[0m[48;2;93;79;90m[38;2;93;79;90m@[0m[48;2;84;70;81m[38;2;84;70;81m@[0m[48;2;161;142;156m[38;2;161;142;156m+[0m[48;2;161;141;155m[38;2;161;141;155m+[0m[48;2;161;140;155m[38;2;161;140;155m+[0m[48;2;161;140;155m[38;2;161;140;155m+[0m[48;2;161;140;155m[38;2;161;140;155m+[0m[48;2;77;59;72m[38;2;77;59;72m░[0m[48;2;97;82;94m[38;2;97;82;94m@[0m[48;2;156;138;152m[38;2;156;138;152m*[0m[48;2;50;37;47m[38;2;50;37;47m▒[0m[48;2;84;71;81m[38;2;84;71;81m@[0m[48;2;77;64;75m[38;2;77;64;75m░[0m[48;2;70;57;66m[38;2;70;57;66m░[0m[48;2;153;136;149m[38;2;153;136;149m*[0m[48;2;160;141;155m[38;2;160;141;155m+[0m[48;2;161;140;155m[38;2;161;140;155m+[0m[48;2;161;140;155m[38;2;161;140;155m+[0m[48;2;161;140;155m[38;2;161;140;155m+[0m[48;2;160;140;155m[38;2;160;140;155m+[0m[48;2;100;86;97m[38;2;100;86;97m%[0m[48;2;44;29;58m[38;2;44;29;58m▒[0m[48;2;14;4;19m[38;2;14;4;19m█[0m[48;2;13;6;15m[38;2;13;6;15m█[0m[48;2;34;28;39m[38;2;34;28;39m▓[0m[48;2;26;21;34m[38;2;26;21;34m▓[0m[48;2;128;126;129m[38;2;128;126;129m#[0m                                         
                                       [48;2;71;70;71m[38;2;71;70;71m░[0m[48;2;117;107;115m[38;2;117;107;115m#[0m[48;2;22;13;21m[38;2;22;13;21m█[0m[48;2;32;25;32m[38;2;32;25;32m▓[0m[48;2;99;89;97m[38;2;99;89;97m%[0m[48;2;111;96;108m[38;2;111;96;108m%[0m[48;2;152;133;147m[38;2;152;133;147m*[0m[48;2;153;133;147m[38;2;153;133;147m*[0m[48;2;161;140;155m[38;2;161;140;155m+[0m[48;2;161;140;155m[38;2;161;140;155m+[0m[48;2;108;91;103m[38;2;108;91;103m%[0m[48;2;19;9;17m[38;2;19;9;17m█[0m[48;2;125;111;123m[38;2;125;111;123m#[0m[48;2;130;116;129m[38;2;130;116;129m#[0m[48;2;14;7;13m[38;2;14;7;13m█[0m[48;2;46;39;46m[38;2;46;39;46m▒[0m[48;2;56;47;54m[38;2;56;47;54m▒[0m[48;2;42;32;40m[38;2;42;32;40m▓[0m[48;2;106;93;103m[38;2;106;93;103m%[0m[48;2;155;137;151m[38;2;155;137;151m*[0m[48;2;160;140;155m[38;2;160;140;155m+[0m[48;2;161;140;155m[38;2;161;140;155m+[0m[48;2;161;140;155m[38;2;161;140;155m+[0m[48;2;159;141;155m[38;2;159;141;155m+[0m[48;2;123;108;119m[38;2;123;108;119m#[0m[48;2;45;34;44m[38;2;45;34;44m▒[0m[48;2;42;35;45m[38;2;42;35;45m▒[0m[48;2;43;40;54m[38;2;43;40;54m▒[0m[48;2;42;39;53m[38;2;42;39;53m▒[0m[48;2;38;37;41m[38;2;38;37;41m▒[0m                                         
                                       [48;2;31;29;31m[38;2;31;29;31m▓[0m[48;2;118;105;114m[38;2;118;105;114m#[0m[48;2;10;3;8m[38;2;10;3;8m█[0m[48;2;47;41;46m[38;2;47;41;46m▒[0m[48;2;108;101;108m[38;2;108;101;108m%[0m[48;2;20;12;19m[38;2;20;12;19m█[0m[48;2;28;18;26m[38;2;28;18;26m▓[0m[48;2;44;32;43m[38;2;44;32;43m▒[0m[48;2;152;135;148m[38;2;152;135;148m*[0m[48;2;158;138;153m[38;2;158;138;153m*[0m[48;2;144;128;141m[38;2;144;128;141m*[0m[48;2;26;16;24m[38;2;26;16;24m▓[0m[48;2;35;26;33m[38;2;35;26;33m▓[0m[48;2;86;76;85m[38;2;86;76;85m@[0m[48;2;62;54;64m[38;2;62;54;64m░[0m[48;2;40;33;42m[38;2;40;33;42m▓[0m[48;2;42;34;40m[38;2;42;34;40m▒[0m[48;2;19;12;17m[38;2;19;12;17m█[0m[48;2;21;13;19m[38;2;21;13;19m█[0m[48;2;21;12;19m[38;2;21;12;19m█[0m[48;2;52;42;49m[38;2;52;42;49m▒[0m[48;2;55;44;51m[38;2;55;44;51m▒[0m[48;2;77;65;74m[38;2;77;65;74m░[0m[48;2;84;71;81m[38;2;84;71;81m@[0m[48;2;80;69;79m[38;2;80;69;79m@[0m[48;2;70;57;67m[38;2;70;57;67m░[0m[48;2;33;24;33m[38;2;33;24;33m▓[0m[48;2;17;12;23m[38;2;17;12;23m█[0m[48;2;40;36;47m[38;2;40;36;47m▒[0m[48;2;14;12;17m[38;2;14;12;17m█[0m                                         
                                      [48;2;237;237;237m[38;2;237;237;237m.[0m[48;2;31;27;30m[38;2;31;27;30m▓[0m[48;2;98;86;93m[38;2;98;86;93m@[0m[48;2;29;22;27m[38;2;29;22;27m▓[0m[48;2;63;56;63m[38;2;63;56;63m░[0m[48;2;39;33;39m[38;2;39;33;39m▓[0m[48;2;27;17;45m[38;2;27;17;45m▓[0m[48;2;40;26;61m[38;2;40;26;61m▓[0m[48;2;18;6;38m[38;2;18;6;38m█[0m[48;2;53;43;52m[38;2;53;43;52m▒[0m[48;2;111;100;106m[38;2;111;100;106m%[0m[48;2;121;110;113m[38;2;121;110;113m#[0m[48;2;138;128;130m[38;2;138;128;130m*[0m[48;2;30;23;28m[38;2;30;23;28m▓[0m[48;2;49;29;97m[38;2;49;29;97m▒[0m[48;2;64;34;137m[38;2;64;34;137m▒[0m[48;2;44;19;93m[38;2;44;19;93m▓[0m[48;2;144;134;140m[38;2;144;134;140m*[0m[48;2;115;105;108m[38;2;115;105;108m%[0m[48;2;208;196;197m[38;2;208;196;197m-[0m[48;2;204;192;194m[38;2;204;192;194m-[0m[48;2;25;17;22m[38;2;25;17;22m▓[0m[48;2;100;92;99m[38;2;100;92;99m%[0m[48;2;104;94;103m[38;2;104;94;103m%[0m[48;2;112;99;109m[38;2;112;99;109m%[0m[48;2;41;33;40m[38;2;41;33;40m▓[0m[48;2;128;119;127m[38;2;128;119;127m#[0m[48;2;153;142;151m[38;2;153;142;151m+[0m[48;2;118;106;116m[38;2;118;106;116m#[0m[48;2;75;64;72m[38;2;75;64;72m░[0m[48;2;41;34;41m[38;2;41;34;41m▒[0m[48;2;89;85;89m[38;2;89;85;89m@[0m[48;2;156;154;156m[38;2;156;154;156m+[0m[48;2;215;215;216m[38;2;215;215;216m:[0m                                      
                                       [48;2;40;38;40m[38;2;40;38;40m▒[0m[48;2;88;78;85m[38;2;88;78;85m@[0m[48;2;14;7;12m[38;2;14;7;12m█[0m[48;2;200;191;195m[38;2;200;191;195m-[0m[48;2;78;70;75m[38;2;78;70;75m░[0m[48;2;77;54;125m[38;2;77;54;125m░[0m[48;2;110;70;166m[38;2;110;70;166m%[0m[48;2;83;46;131m[38;2;83;46;131m░[0m[48;2;80;69;75m[38;2;80;69;75m░[0m[48;2;249;236;233m[38;2;249;236;233m [0m[48;2;250;235;230m[38;2;250;235;230m [0m[48;2;250;236;231m[38;2;250;236;231m [0m[48;2;122;110;110m[38;2;122;110;110m#[0m[48;2;88;68;107m[38;2;88;68;107m@[0m[48;2;171;127;197m[38;2;171;127;197m+[0m[48;2;84;52;105m[38;2;84;52;105m░[0m[48;2;143;132;134m[38;2;143;132;134m*[0m[48;2;250;237;235m[38;2;250;237;235m [0m[48;2;251;235;229m[38;2;251;235;229m [0m[48;2;248;233;230m[38;2;248;233;230m.[0m[48;2;147;137;137m[38;2;147;137;137m*[0m[48;2;63;54;60m[38;2;63;54;60m░[0m[48;2;152;138;150m[38;2;152;138;150m*[0m[48;2;160;142;156m[38;2;160;142;156m+[0m[48;2;141;124;137m[38;2;141;124;137m*[0m[48;2;68;54;64m[38;2;68;54;64m░[0m[48;2;70;58;67m[38;2;70;58;67m░[0m[48;2;122;109;118m[38;2;122;109;118m#[0m[48;2;154;139;149m[38;2;154;139;149m*[0m[48;2;156;138;151m[38;2;156;138;151m*[0m[48;2;145;128;141m[38;2;145;128;141m*[0m[48;2;123;109;119m[38;2;123;109;119m#[0m[48;2;85;74;83m[38;2;85;74;83m@[0m[48;2;71;65;69m[38;2;71;65;69m░[0m[48;2;142;140;142m[38;2;142;140;142m*[0m[48;2;240;240;240m[38;2;240;240;240m [0m                                   
                                       [48;2;125;124;125m[38;2;125;124;125m#[0m[48;2;63;54;60m[38;2;63;54;60m░[0m[48;2;44;37;41m[38;2;44;37;41m▒[0m[48;2;216;207;208m[38;2;216;207;208m:[0m[48;2;186;177;177m[38;2;186;177;177m=[0m[48;2;69;53;71m[38;2;69;53;71m░[0m[48;2;213;171;217m[38;2;213;171;217m-[0m[48;2;154;115;157m[38;2;154;115;157m*[0m[48;2;103;92;98m[38;2;103;92;98m%[0m[48;2;250;237;233m[38;2;250;237;233m [0m[48;2;251;235;229m[38;2;251;235;229m [0m[48;2;250;234;228m[38;2;250;234;228m [0m[48;2;238;223;219m[38;2;238;223;219m.[0m[48;2;81;67;71m[38;2;81;67;71m░[0m[48;2;111;84;108m[38;2;111;84;108m%[0m[48;2;63;47;58m[38;2;63;47;58m▒[0m[48;2;224;212;210m[38;2;224;212;210m:[0m[48;2;241;217;209m[38;2;241;217;209m.[0m[48;2;236;193;182m[38;2;236;193;182m:[0m[48;2;248;225;218m[38;2;248;225;218m.[0m[48;2;248;235;230m[38;2;248;235;230m [0m[48;2;170;159;159m[38;2;170;159;159m+[0m[48;2;49;39;46m[38;2;49;39;46m▒[0m[48;2;129;117;127m[38;2;129;117;127m#[0m[48;2;84;73;82m[38;2;84;73;82m@[0m[48;2;145;131;142m[38;2;145;131;142m*[0m[48;2;142;129;139m[38;2;142;129;139m*[0m[48;2;94;81;91m[38;2;94;81;91m@[0m[48;2;67;55;64m[38;2;67;55;64m░[0m[48;2;69;56;65m[38;2;69;56;65m░[0m[48;2;78;66;75m[38;2;78;66;75m░[0m[48;2;93;81;91m[38;2;93;81;91m@[0m[48;2;107;94;104m[38;2;107;94;104m%[0m[48;2;123;109;120m[38;2;123;109;120m#[0m[48;2;107;95;105m[38;2;107;95;105m%[0m[48;2;57;52;56m[38;2;57;52;56m▒[0m[48;2;174;173;174m[38;2;174;173;174m=[0m                                  
                                       [48;2;238;238;238m[38;2;238;238;238m [0m[48;2;57;52;56m[38;2;57;52;56m▒[0m[48;2;35;27;33m[38;2;35;27;33m▓[0m[48;2;132;123;124m[38;2;132;123;124m#[0m[48;2;237;219;217m[38;2;237;219;217m.[0m[48;2;168;155;155m[38;2;168;155;155m+[0m[48;2;97;81;87m[38;2;97;81;87m@[0m[48;2;101;86;92m[38;2;101;86;92m@[0m[48;2;224;212;210m[38;2;224;212;210m:[0m[48;2;212;198;193m[38;2;212;198;193m:[0m[48;2;110;97;94m[38;2;110;97;94m%[0m[48;2;187;174;170m[38;2;187;174;170m=[0m[48;2;250;237;230m[38;2;250;237;230m [0m[48;2;248;235;228m[38;2;248;235;228m [0m[48;2;215;202;196m[38;2;215;202;196m:[0m[48;2;239;225;218m[38;2;239;225;218m.[0m[48;2;249;235;226m[38;2;249;235;226m [0m[48;2;245;224;214m[38;2;245;224;214m.[0m[48;2;248;226;216m[38;2;248;226;216m.[0m[48;2;251;234;229m[38;2;251;234;229m [0m[48;2;249;235;231m[38;2;249;235;231m [0m[48;2;141;129;130m[38;2;141;129;130m*[0m[48;2;65;54;61m[38;2;65;54;61m░[0m[48;2;62;50;60m[38;2;62;50;60m▒[0m[48;2;21;13;21m[38;2;21;13;21m█[0m[48;2;38;29;37m[38;2;38;29;37m▓[0m[48;2;58;49;56m[38;2;58;49;56m▒[0m[48;2;87;76;85m[38;2;87;76;85m@[0m[48;2;99;87;95m[38;2;99;87;95m%[0m[48;2;93;82;90m[38;2;93;82;90m@[0m[48;2;67;56;63m[38;2;67;56;63m░[0m[48;2;43;34;40m[38;2;43;34;40m▒[0m[48;2;52;43;49m[38;2;52;43;49m▒[0m[48;2;90;79;88m[38;2;90;79;88m@[0m[48;2;149;134;145m[38;2;149;134;145m*[0m[48;2;152;137;149m[38;2;152;137;149m*[0m[48;2;72;62;71m[38;2;72;62;71m░[0m[48;2;123;118;123m[38;2;123;118;123m#[0m                                 
                                        [48;2;125;124;125m[38;2;125;124;125m#[0m[48;2;8;4;7m[38;2;8;4;7m█[0m[48;2;44;37;40m[38;2;44;37;40m▒[0m[48;2;193;181;181m[38;2;193;181;181m-[0m[48;2;248;235;232m[38;2;248;235;232m [0m[48;2;249;235;229m[38;2;249;235;229m [0m[48;2;250;235;229m[38;2;250;235;229m [0m[48;2;250;234;228m[38;2;250;234;228m [0m[48;2;250;234;228m[38;2;250;234;228m [0m[48;2;251;235;230m[38;2;251;235;230m [0m[48;2;251;235;230m[38;2;251;235;230m [0m[48;2;250;235;228m[38;2;250;235;228m [0m[48;2;250;234;228m[38;2;250;234;228m [0m[48;2;250;234;228m[38;2;250;234;228m [0m[48;2;250;235;227m[38;2;250;235;227m [0m[48;2;250;235;226m[38;2;250;235;226m [0m[48;2;250;235;227m[38;2;250;235;227m [0m[48;2;250;235;227m[38;2;250;235;227m [0m[48;2;235;220;217m[38;2;235;220;217m.[0m[48;2;127;115;116m[38;2;127;115;116m#[0m[48;2;14;6;10m[38;2;14;6;10m█[0m[48;2;46;38;45m[38;2;46;38;45m▒[0m[48;2;37;30;37m[38;2;37;30;37m▓[0m[48;2;139;133;139m[38;2;139;133;139m*[0m[48;2;164;157;161m[38;2;164;157;161m+[0m[48;2;33;26;29m[38;2;33;26;29m▓[0m[48;2;90;81;88m[38;2;90;81;88m@[0m[48;2;126;113;122m[38;2;126;113;122m#[0m[48;2;133;117;128m[38;2;133;117;128m#[0m[48;2;150;132;143m[38;2;150;132;143m*[0m[48;2;161;142;156m[38;2;161;142;156m+[0m[48;2;161;142;156m[38;2;161;142;156m+[0m[48;2;161;140;155m[38;2;161;140;155m+[0m[48;2;161;140;155m[38;2;161;140;155m+[0m[48;2;161;140;155m[38;2;161;140;155m+[0m[48;2;159;140;154m[38;2;159;140;154m+[0m[48;2;82;71;80m[38;2;82;71;80m@[0m[48;2;126;122;125m[38;2;126;122;125m#[0m                                
                                        [48;2;214;213;213m[38;2;214;213;213m:[0m[48;2;108;106;107m[38;2;108;106;107m%[0m[48;2;109;104;106m[38;2;109;104;106m%[0m[48;2;208;199;198m[38;2;208;199;198m:[0m[48;2;240;228;226m[38;2;240;228;226m.[0m[48;2;247;234;230m[38;2;247;234;230m.[0m[48;2;249;235;231m[38;2;249;235;231m [0m[48;2;249;235;230m[38;2;249;235;230m [0m[48;2;250;235;230m[38;2;250;235;230m [0m[48;2;249;234;229m[38;2;249;234;229m [0m[48;2;245;229;225m[38;2;245;229;225m.[0m[48;2;227;213;208m[38;2;227;213;208m:[0m[48;2;209;195;191m[38;2;209;195;191m-[0m[48;2;182;169;166m[38;2;182;169;166m=[0m[48;2;153;141;138m[38;2;153;141;138m*[0m[48;2;122;113;111m[38;2;122;113;111m#[0m[48;2;83;75;75m[38;2;83;75;75m@[0m[48;2;44;38;39m[38;2;44;38;39m▒[0m[48;2;23;18;22m[38;2;23;18;22m▓[0m[48;2;8;2;9m[38;2;8;2;9m█[0m[48;2;6;2;7m[38;2;6;2;7m█[0m[48;2;190;187;191m[38;2;190;187;191m-[0m[48;2;112;109;113m[38;2;112;109;113m#[0m[48;2;36;31;36m[38;2;36;31;36m▓[0m[48;2;108;102;107m[38;2;108;102;107m%[0m[48;2;123;117;120m[38;2;123;117;120m#[0m[48;2;68;57;64m[38;2;68;57;64m░[0m[48;2;159;141;153m[38;2;159;141;153m+[0m[48;2;161;140;155m[38;2;161;140;155m+[0m[48;2;161;140;155m[38;2;161;140;155m+[0m[48;2;161;140;155m[38;2;161;140;155m+[0m[48;2;161;140;155m[38;2;161;140;155m+[0m[48;2;161;140;155m[38;2;161;140;155m+[0m[48;2;161;140;155m[38;2;161;140;155m+[0m[48;2;161;140;155m[38;2;161;140;155m+[0m[48;2;160;139;154m[38;2;160;139;154m+[0m[48;2;154;137;149m[38;2;154;137;149m*[0m[48;2;47;39;45m[38;2;47;39;45m▒[0m[48;2;197;196;197m[38;2;197;196;197m-[0m                               
                                          [48;2;188;186;187m[38;2;188;186;187m-[0m[48;2;80;76;78m[38;2;80;76;78m@[0m[48;2;17;13;16m[38;2;17;13;16m█[0m[48;2;20;15;18m[38;2;20;15;18m█[0m[48;2;26;21;24m[38;2;26;21;24m▓[0m[48;2;34;29;31m[38;2;34;29;31m▓[0m[48;2;44;40;42m[38;2;44;40;42m▒[0m[48;2;36;31;34m[38;2;36;31;34m▓[0m[48;2;69;64;65m[38;2;69;64;65m░[0m[48;2;73;68;69m[38;2;73;68;69m░[0m[48;2;74;68;70m[38;2;74;68;70m░[0m[48;2;16;11;13m[38;2;16;11;13m█[0m[48;2;46;42;43m[38;2;46;42;43m▒[0m[48;2;29;27;28m[38;2;29;27;28m▓[0m[48;2;5;2;6m[38;2;5;2;6m█[0m[48;2;13;10;17m[38;2;13;10;17m█[0m[48;2;11;7;15m[38;2;11;7;15m█[0m[48;2;24;20;29m[38;2;24;20;29m▓[0m[48;2;26;23;30m[38;2;26;23;30m▓[0m [48;2;188;184;188m[38;2;188;184;188m-[0m[48;2;68;64;68m[38;2;68;64;68m░[0m[48;2;198;196;200m[38;2;198;196;200m-[0m[48;2;191;188;192m[38;2;191;188;192m-[0m[48;2;30;24;30m[38;2;30;24;30m▓[0m[48;2;157;139;152m[38;2;157;139;152m*[0m[48;2;161;140;155m[38;2;161;140;155m+[0m[48;2;161;140;155m[38;2;161;140;155m+[0m[48;2;161;140;155m[38;2;161;140;155m+[0m[48;2;161;140;155m[38;2;161;140;155m+[0m[48;2;161;140;155m[38;2;161;140;155m+[0m[48;2;161;140;155m[38;2;161;140;155m+[0m[48;2;161;140;155m[38;2;161;140;155m+[0m[48;2;161;140;155m[38;2;161;140;155m+[0m[48;2;160;140;155m[38;2;160;140;155m+[0m[48;2;110;96;106m[38;2;110;96;106m%[0m[48;2;107;102;106m[38;2;107;102;106m%[0m                               
                                       [48;2;180;180;180m[38;2;180;180;180m=[0m[48;2;70;68;70m[38;2;70;68;70m░[0m[48;2;21;19;22m[38;2;21;19;22m▓[0m[48;2;22;20;27m[38;2;22;20;27m▓[0m[48;2;26;22;34m[38;2;26;22;34m▓[0m[48;2;26;23;35m[38;2;26;23;35m▓[0m[48;2;9;7;15m[38;2;9;7;15m█[0m[48;2;8;5;10m[38;2;8;5;10m█[0m[48;2;51;48;52m[38;2;51;48;52m▒[0m[48;2;49;45;49m[38;2;49;45;49m▒[0m[48;2;26;21;27m[38;2;26;21;27m▓[0m[48;2;82;79;82m[38;2;82;79;82m@[0m[48;2;123;121;123m[38;2;123;121;123m#[0m[48;2;11;8;9m[38;2;11;8;9m█[0m[48;2;45;40;43m[38;2;45;40;43m▒[0m[48;2;14;11;15m[38;2;14;11;15m█[0m[48;2;36;32;34m[38;2;36;32;34m▓[0m[48;2;24;20;27m[38;2;24;20;27m▓[0m[48;2;31;27;40m[38;2;31;27;40m▓[0m[48;2;6;2;14m[38;2;6;2;14m█[0m[48;2;17;13;22m[38;2;17;13;22m█[0m[48;2;33;31;37m[38;2;33;31;37m▓[0m[48;2;242;239;244m[38;2;242;239;244m [0m[48;2;241;238;242m[38;2;241;238;242m [0m[48;2;74;72;75m[38;2;74;72;75m░[0m[48;2;150;147;151m[38;2;150;147;151m+[0m[48;2;199;196;200m[38;2;199;196;200m-[0m[48;2;32;27;33m[38;2;32;27;33m▓[0m[48;2;150;133;147m[38;2;150;133;147m*[0m[48;2;161;140;155m[38;2;161;140;155m+[0m[48;2;161;140;155m[38;2;161;140;155m+[0m[48;2;161;140;155m[38;2;161;140;155m+[0m[48;2;161;140;155m[38;2;161;140;155m+[0m[48;2;161;140;155m[38;2;161;140;155m+[0m[48;2;161;140;155m[38;2;161;140;155m+[0m[48;2;161;140;155m[38;2;161;140;155m+[0m[48;2;161;140;155m[38;2;161;140;155m+[0m[48;2;161;140;155m[38;2;161;140;155m+[0m[48;2;134;117;130m[38;2;134;117;130m#[0m[48;2;69;63;68m[38;2;69;63;68m░[0m                               
                                       [48;2;41;41;41m[38;2;41;41;41m▒[0m[48;2;69;67;70m[38;2;69;67;70m░[0m[48;2;31;30;33m[38;2;31;30;33m▓[0m[48;2;34;30;44m[38;2;34;30;44m▓[0m[48;2;37;32;50m[38;2;37;32;50m▓[0m[48;2;37;32;50m[38;2;37;32;50m▓[0m[48;2;10;7;20m[38;2;10;7;20m█[0m[48;2;21;18;30m[38;2;21;18;30m▓[0m[48;2;13;9;20m[38;2;13;9;20m█[0m[48;2;51;46;52m[38;2;51;46;52m▒[0m[48;2;21;17;21m[38;2;21;17;21m▓[0m[48;2;30;26;31m[38;2;30;26;31m▓[0m[48;2;81;79;82m[38;2;81;79;82m@[0m[48;2;12;10;13m[38;2;12;10;13m█[0m[48;2;8;5;9m[38;2;8;5;9m█[0m[48;2;12;9;13m[38;2;12;9;13m█[0m[48;2;84;78;75m[38;2;84;78;75m@[0m[48;2;135;128;119m[38;2;135;128;119m*[0m[48;2;57;50;55m[38;2;57;50;55m▒[0m[48;2;31;24;43m[38;2;31;24;43m▓[0m[48;2;14;10;22m[38;2;14;10;22m█[0m[48;2;6;3;11m[38;2;6;3;11m█[0m[48;2;140;137;142m[38;2;140;137;142m*[0m[48;2;207;204;208m[38;2;207;204;208m:[0m[48;2;208;205;209m[38;2;208;205;209m:[0m[48;2;55;52;56m[38;2;55;52;56m▒[0m[48;2;97;94;98m[38;2;97;94;98m%[0m[48;2;43;37;42m[38;2;43;37;42m▒[0m[48;2;156;141;152m[38;2;156;141;152m+[0m[48;2;152;133;147m[38;2;152;133;147m*[0m[48;2;139;121;134m[38;2;139;121;134m#[0m[48;2;161;140;155m[38;2;161;140;155m+[0m[48;2;161;140;155m[38;2;161;140;155m+[0m[48;2;161;140;155m[38;2;161;140;155m+[0m[48;2;161;140;155m[38;2;161;140;155m+[0m[48;2;161;140;155m[38;2;161;140;155m+[0m[48;2;161;140;155m[38;2;161;140;155m+[0m[48;2;161;140;155m[38;2;161;140;155m+[0m[48;2;120;103;116m[38;2;120;103;116m%[0m[48;2;94;89;94m[38;2;94;89;94m@[0m                               
                                       [48;2;195;193;194m[38;2;195;193;194m-[0m[48;2;59;56;58m[38;2;59;56;58m░[0m[48;2;125;122;124m[38;2;125;122;124m#[0m[48;2;19;16;25m[38;2;19;16;25m█[0m[48;2;35;30;47m[38;2;35;30;47m▓[0m[48;2;34;30;47m[38;2;34;30;47m▓[0m[48;2;7;5;16m[38;2;7;5;16m█[0m[48;2;33;31;45m[38;2;33;31;45m▓[0m[48;2;26;23;38m[38;2;26;23;38m▓[0m[48;2;21;16;25m[38;2;21;16;25m▓[0m[48;2;13;9;14m[38;2;13;9;14m█[0m[48;2;9;5;10m[38;2;9;5;10m█[0m[48;2;4;1;6m[38;2;4;1;6m█[0m[48;2;48;45;50m[38;2;48;45;50m▒[0m[48;2;45;40;38m[38;2;45;40;38m▒[0m[48;2;20;16;17m[38;2;20;16;17m█[0m[48;2;92;84;83m[38;2;92;84;83m@[0m[48;2;110;103;99m[38;2;110;103;99m%[0m[48;2;68;61;67m[38;2;68;61;67m░[0m[48;2;38;30;51m[38;2;38;30;51m▓[0m[48;2;37;32;50m[38;2;37;32;50m▓[0m[48;2;35;29;45m[38;2;35;29;45m▓[0m[48;2;14;10;21m[38;2;14;10;21m█[0m[48;2;20;15;24m[38;2;20;15;24m█[0m[48;2;70;66;72m[38;2;70;66;72m░[0m[48;2;86;80;87m[38;2;86;80;87m@[0m[48;2;113;106;113m[38;2;113;106;113m%[0m[48;2;134;127;134m[38;2;134;127;134m*[0m[48;2;89;80;88m[38;2;89;80;88m@[0m[48;2;28;20;27m[38;2;28;20;27m▓[0m[48;2;94;82;90m[38;2;94;82;90m@[0m[48;2;159;142;154m[38;2;159;142;154m+[0m[48;2;161;140;155m[38;2;161;140;155m+[0m[48;2;161;140;155m[38;2;161;140;155m+[0m[48;2;161;140;155m[38;2;161;140;155m+[0m[48;2;161;140;155m[38;2;161;140;155m+[0m[48;2;161;140;155m[38;2;161;140;155m+[0m[48;2;156;137;150m[38;2;156;137;150m*[0m[48;2;51;39;47m[38;2;51;39;47m▒[0m[48;2;201;198;201m[38;2;201;198;201m-[0m                               
                                        [48;2;217;216;216m[38;2;217;216;216m:[0m[48;2;58;55;57m[38;2;58;55;57m░[0m[48;2;151;148;152m[38;2;151;148;152m+[0m[48;2;36;33;41m[38;2;36;33;41m▓[0m[48;2;18;15;26m[38;2;18;15;26m█[0m[48;2;15;12;23m[38;2;15;12;23m█[0m[48;2;36;31;49m[38;2;36;31;49m▓[0m[48;2;35;30;48m[38;2;35;30;48m▓[0m[48;2;15;10;21m[38;2;15;10;21m█[0m[48;2;113;107;100m[38;2;113;107;100m%[0m[48;2;103;96;77m[38;2;103;96;77m%[0m[48;2;49;41;32m[38;2;49;41;32m▒[0m[48;2;112;100;82m[38;2;112;100;82m%[0m[48;2;198;184;151m[38;2;198;184;151m-[0m[48;2;44;37;33m[38;2;44;37;33m▒[0m[48;2;33;26;37m[38;2;33;26;37m▓[0m[48;2;46;38;53m[38;2;46;38;53m▒[0m[48;2;38;29;49m[38;2;38;29;49m▓[0m[48;2;37;30;52m[38;2;37;30;52m▓[0m[48;2;37;31;52m[38;2;37;31;52m▓[0m[48;2;37;31;52m[38;2;37;31;52m▓[0m[48;2;37;31;51m[38;2;37;31;51m▓[0m[48;2;27;22;39m[38;2;27;22;39m▓[0m[48;2;25;20;31m[38;2;25;20;31m▓[0m[48;2;57;51;59m[38;2;57;51;59m▒[0m[48;2;47;40;48m[38;2;47;40;48m▒[0m[48;2;33;27;33m[38;2;33;27;33m▓[0m[48;2;24;17;24m[38;2;24;17;24m▓[0m[48;2;108;97;107m[38;2;108;97;107m%[0m[48;2;158;143;155m[38;2;158;143;155m+[0m[48;2;160;141;155m[38;2;160;141;155m+[0m[48;2;161;140;155m[38;2;161;140;155m+[0m[48;2;161;140;155m[38;2;161;140;155m+[0m[48;2;161;140;155m[38;2;161;140;155m+[0m[48;2;159;140;154m[38;2;159;140;154m+[0m[48;2;124;110;121m[38;2;124;110;121m#[0m[48;2;56;47;53m[38;2;56;47;53m▒[0m[48;2;166;161;166m[38;2;166;161;166m+[0m                                
                                         [48;2;210;209;210m[38;2;210;209;210m:[0m[48;2;69;66;69m[38;2;69;66;69m░[0m[48;2;83;81;85m[38;2;83;81;85m@[0m[48;2;30;28;32m[38;2;30;28;32m▓[0m[48;2;25;21;32m[38;2;25;21;32m▓[0m[48;2;34;29;46m[38;2;34;29;46m▓[0m[48;2;26;21;38m[38;2;26;21;38m▓[0m[48;2;13;9;21m[38;2;13;9;21m█[0m[48;2;10;2;7m[38;2;10;2;7m█[0m[48;2;63;53;60m[38;2;63;53;60m░[0m[48;2;124;113;102m[38;2;124;113;102m#[0m[48;2;105;92;80m[38;2;105;92;80m%[0m[48;2;21;13;12m[38;2;21;13;12m█[0m[48;2;15;9;15m[38;2;15;9;15m█[0m[48;2;17;13;21m[38;2;17;13;21m█[0m[48;2;18;13;24m[38;2;18;13;24m█[0m[48;2;17;11;22m[38;2;17;11;22m█[0m[48;2;15;11;22m[38;2;15;11;22m█[0m[48;2;17;14;24m[38;2;17;14;24m█[0m[48;2;20;16;28m[38;2;20;16;28m▓[0m[48;2;23;18;32m[38;2;23;18;32m▓[0m[48;2;25;20;33m[38;2;25;20;33m▓[0m[48;2;25;20;32m[38;2;25;20;32m▓[0m[48;2;21;16;27m[38;2;21;16;27m▓[0m[48;2;9;5;15m[38;2;9;5;15m█[0m[48;2;5;1;10m[38;2;5;1;10m█[0m[48;2;57;51;60m[38;2;57;51;60m▒[0m[48;2;117;106;117m[38;2;117;106;117m#[0m[48;2;156;140;153m[38;2;156;140;153m*[0m[48;2;159;141;155m[38;2;159;141;155m+[0m[48;2;157;139;152m[38;2;157;139;152m*[0m[48;2;131;116;127m[38;2;131;116;127m#[0m[48;2;89;76;86m[38;2;89;76;86m@[0m[48;2;74;66;73m[38;2;74;66;73m░[0m[48;2;139;134;139m[38;2;139;134;139m*[0m[48;2;231;230;232m[38;2;231;230;232m.[0m                                 
                                            [48;2;36;33;37m[38;2;36;33;37m▓[0m[48;2;26;24;32m[38;2;26;24;32m▓[0m[48;2;10;7;16m[38;2;10;7;16m█[0m[48;2;45;42;49m[38;2;45;42;49m▒[0m[48;2;20;17;24m[38;2;20;17;24m▓[0m[48;2;12;8;15m[38;2;12;8;15m█[0m[48;2;27;22;38m[38;2;27;22;38m▓[0m[48;2;23;18;37m[38;2;23;18;37m▓[0m[48;2;15;11;19m[38;2;15;11;19m█[0m[48;2;14;8;17m[38;2;14;8;17m█[0m[48;2;18;10;43m[38;2;18;10;43m█[0m[48;2;24;20;31m[38;2;24;20;31m▓[0m[48;2;32;29;35m[38;2;32;29;35m▓[0m[48;2;37;33;39m[38;2;37;33;39m▓[0m[48;2;43;41;46m[38;2;43;41;46m▒[0m[48;2;47;44;49m[38;2;47;44;49m▒[0m[48;2;47;44;49m[38;2;47;44;49m▒[0m[48;2;52;49;54m[38;2;52;49;54m▒[0m[48;2;54;51;56m[38;2;54;51;56m▒[0m[48;2;11;8;14m[38;2;11;8;14m█[0m[48;2;11;8;14m[38;2;11;8;14m█[0m[48;2;19;15;26m[38;2;19;15;26m█[0m[48;2;34;29;47m[38;2;34;29;47m▓[0m[48;2;33;28;46m[38;2;33;28;46m▓[0m[48;2;22;17;33m[38;2;22;17;33m▓[0m[48;2;30;24;37m[38;2;30;24;37m▓[0m[48;2;55;48;57m[38;2;55;48;57m▒[0m[48;2;50;43;51m[38;2;50;43;51m▒[0m[48;2;123;118;123m[38;2;123;118;123m#[0m[48;2;208;204;207m[38;2;208;204;207m:[0m                                    
                                           [48;2;233;233;233m[38;2;233;233;233m.[0m[48;2;9;7;10m[38;2;9;7;10m█[0m[48;2;23;22;27m[38;2;23;22;27m▓[0m[48;2;42;40;46m[38;2;42;40;46m▒[0m[48;2;19;16;26m[38;2;19;16;26m█[0m[48;2;12;10;19m[38;2;12;10;19m█[0m[48;2;113;110;116m[38;2;113;110;116m#[0m[48;2;17;14;24m[38;2;17;14;24m█[0m[48;2;23;12;67m[38;2;23;12;67m▓[0m[48;2;8;4;19m[38;2;8;4;19m█[0m[48;2;15;8;45m[38;2;15;8;45m█[0m[48;2;67;54;118m[38;2;67;54;118m░[0m[48;2;46;35;68m[38;2;46;35;68m▒[0m[48;2;12;8;12m[38;2;12;8;12m█[0m[48;2;8;4;10m[38;2;8;4;10m█[0m[48;2;18;15;23m[38;2;18;15;23m█[0m[48;2;21;17;28m[38;2;21;17;28m▓[0m[48;2;20;17;28m[38;2;20;17;28m▓[0m[48;2;19;15;28m[38;2;19;15;28m█[0m[48;2;19;15;29m[38;2;19;15;29m█[0m[48;2;26;21;37m[38;2;26;21;37m▓[0m[48;2;33;28;45m[38;2;33;28;45m▓[0m[48;2;36;30;49m[38;2;36;30;49m▓[0m[48;2;36;30;51m[38;2;36;30;51m▓[0m[48;2;37;31;52m[38;2;37;31;52m▓[0m[48;2;37;31;52m[38;2;37;31;52m▓[0m[48;2;37;31;51m[38;2;37;31;51m▓[0m[48;2;31;25;45m[38;2;31;25;45m▓[0m[48;2;22;17;32m[38;2;22;17;32m▓[0m[48;2;94;91;97m[38;2;94;91;97m%[0m[48;2;213;213;214m[38;2;213;213;214m:[0m                                    
                                           [48;2;127;127;128m[38;2;127;127;128m#[0m[48;2;14;12;15m[38;2;14;12;15m█[0m[48;2;23;20;26m[38;2;23;20;26m▓[0m[48;2;26;22;34m[38;2;26;22;34m▓[0m[48;2;35;30;50m[38;2;35;30;50m▓[0m[48;2;11;9;20m[38;2;11;9;20m█[0m[48;2;214;211;216m[38;2;214;211;216m:[0m[48;2;72;68;76m[38;2;72;68;76m░[0m[48;2;83;66;134m[38;2;83;66;134m@[0m[48;2;59;46;92m[38;2;59;46;92m░[0m[48;2;15;8;42m[38;2;15;8;42m█[0m[48;2;46;37;80m[38;2;46;37;80m▒[0m[48;2;30;23;46m[38;2;30;23;46m▓[0m[48;2;100;95;102m[38;2;100;95;102m%[0m[48;2;188;185;190m[38;2;188;185;190m-[0m[48;2;86;82;90m[38;2;86;82;90m@[0m[48;2;22;18;30m[38;2;22;18;30m▓[0m[48;2;31;26;42m[38;2;31;26;42m▓[0m[48;2;36;31;50m[38;2;36;31;50m▓[0m[48;2;37;31;51m[38;2;37;31;51m▓[0m[48;2;37;31;52m[38;2;37;31;52m▓[0m[48;2;37;31;52m[38;2;37;31;52m▓[0m[48;2;37;31;52m[38;2;37;31;52m▓[0m[48;2;37;31;52m[38;2;37;31;52m▓[0m[48;2;37;31;52m[38;2;37;31;52m▓[0m[48;2;37;31;52m[38;2;37;31;52m▓[0m[48;2;37;31;52m[38;2;37;31;52m▓[0m[48;2;37;31;52m[38;2;37;31;52m▓[0m[48;2;37;31;52m[38;2;37;31;52m▓[0m[48;2;32;27;44m[38;2;32;27;44m▓[0m[48;2;19;15;27m[38;2;19;15;27m█[0m[48;2;107;105;110m[38;2;107;105;110m%[0m[48;2;233;232;233m[38;2;233;232;233m.[0m                                  
                                           [48;2;74;74;74m[38;2;74;74;74m@[0m[48;2;11;8;12m[38;2;11;8;12m█[0m[48;2;34;29;46m[38;2;34;29;46m▓[0m[48;2;37;31;52m[38;2;37;31;52m▓[0m[48;2;35;30;51m[38;2;35;30;51m▓[0m[48;2;20;17;28m[38;2;20;17;28m▓[0m[48;2;238;236;239m[38;2;238;236;239m.[0m[48;2;207;204;208m[38;2;207;204;208m:[0m[48;2;83;79;87m[38;2;83;79;87m@[0m[48;2;75;71;80m[38;2;75;71;80m@[0m[48;2;26;16;64m[38;2;26;16;64m▓[0m[48;2;81;66;136m[38;2;81;66;136m@[0m[48;2;35;26;57m[38;2;35;26;57m▓[0m[48;2;123;119;126m[38;2;123;119;126m#[0m  [48;2;216;212;217m[38;2;216;212;217m:[0m[48;2;124;120;127m[38;2;124;120;127m#[0m[48;2;42;39;48m[38;2;42;39;48m▒[0m[48;2;22;18;31m[38;2;22;18;31m▓[0m[48;2;32;27;44m[38;2;32;27;44m▓[0m[48;2;37;31;50m[38;2;37;31;50m▓[0m[48;2;37;31;51m[38;2;37;31;51m▓[0m[48;2;37;31;52m[38;2;37;31;52m▓[0m[48;2;37;31;52m[38;2;37;31;52m▓[0m[48;2;37;31;52m[38;2;37;31;52m▓[0m[48;2;37;31;52m[38;2;37;31;52m▓[0m[48;2;37;31;52m[38;2;37;31;52m▓[0m[48;2;37;31;52m[38;2;37;31;52m▓[0m[48;2;37;31;52m[38;2;37;31;52m▓[0m[48;2;37;31;52m[38;2;37;31;52m▓[0m[48;2;30;25;41m[38;2;30;25;41m▓[0m[48;2;33;29;39m[38;2;33;29;39m▓[0m[48;2;183;182;185m[38;2;183;182;185m=[0m                                 
                                           [48;2;123;123;123m[38;2;123;123;123m#[0m[48;2;21;18;25m[38;2;21;18;25m▓[0m[48;2;37;31;51m[38;2;37;31;51m▓[0m[48;2;37;31;52m[38;2;37;31;52m▓[0m[48;2;35;29;50m[38;2;35;29;50m▓[0m[48;2;30;27;37m[38;2;30;27;37m▓[0m    [48;2;177;175;180m[38;2;177;175;180m=[0m[48;2;83;80;87m[38;2;83;80;87m@[0m[48;2;88;86;91m[38;2;88;86;91m@[0m[48;2;236;234;239m[38;2;236;234;239m.[0m    [48;2;240;238;241m[38;2;240;238;241m [0m[48;2;105;103;108m[38;2;105;103;108m%[0m[48;2;46;43;50m[38;2;46;43;50m▒[0m[48;2;45;41;50m[38;2;45;41;50m▒[0m[48;2;20;16;27m[38;2;20;16;27m▓[0m[48;2;28;24;38m[38;2;28;24;38m▓[0m[48;2;36;31;49m[38;2;36;31;49m▓[0m[48;2;37;31;52m[38;2;37;31;52m▓[0m[48;2;37;31;52m[38;2;37;31;52m▓[0m[48;2;37;31;52m[38;2;37;31;52m▓[0m[48;2;37;31;52m[38;2;37;31;52m▓[0m[48;2;37;31;52m[38;2;37;31;52m▓[0m[48;2;37;31;52m[38;2;37;31;52m▓[0m[48;2;37;31;52m[38;2;37;31;52m▓[0m[48;2;35;30;48m[38;2;35;30;48m▓[0m[48;2;17;14;24m[38;2;17;14;24m█[0m[48;2;173;173;174m[38;2;173;173;174m=[0m                                