                                                                                                    
                                                                                                    
                                                                                                    
                                                                                                    
                                                                                                    
                                                                                                    
                                                                                                    
                                                                                                    
                                                                                                    
                                                                                                    
                                                                                                    
                                                 [48;2;230;230;230m[38;2;230;230;230m.[0m[48;2;218;218;218m[38;2;218;218;218m:[0m[48;2;213;213;213m[38;2;213;213;213m:[0m[48;2;221;221;221m[38;2;221;221;221m.[0m                                               
                                             [48;2;191;191;192m[38;2;191;191;192m-[0m[48;2;116;115;118m[38;2;116;115;118m#[0m[48;2;64;63;68m[38;2;64;63;68m░[0m[48;2;33;31;39m[38;2;33;31;39m▓[0m[48;2;26;23;34m[38;2;26;23;34m▓[0m[48;2;28;26;37m[38;2;28;26;37m▓[0m[48;2;29;27;39m[38;2;29;27;39m▓[0m[48;2;28;26;37m[38;2;28;26;37m▓[0m[48;2;24;22;33m[38;2;24;22;33m▓[0m[48;2;45;43;54m[38;2;45;43;54m▒[0m[48;2;86;85;94m[38;2;86;85;94m@[0m[48;2;143;142;147m[38;2;143;142;147m*[0m[48;2;220;219;222m[38;2;220;219;222m.[0m                                          
                                           [48;2;190;190;190m[38;2;190;190;190m-[0m[48;2;53;52;57m[38;2;53;52;57m▒[0m[48;2;29;27;38m[38;2;29;27;38m▓[0m[48;2;42;39;55m[38;2;42;39;55m▒[0m[48;2;45;42;58m[38;2;45;42;58m▒[0m[48;2;45;42;57m[38;2;45;42;57m▒[0m[48;2;45;42;57m[38;2;45;42;57m▒[0m[48;2;55;54;69m[38;2;55;54;69m░[0m[48;2;56;55;69m[38;2;56;55;69m░[0m[48;2;44;41;57m[38;2;44;41;57m▒[0m[48;2;63;60;76m[38;2;63;60;76m░[0m[48;2;48;46;62m[38;2;48;46;62m▒[0m[48;2;44;42;59m[38;2;44;42;59m▒[0m[48;2;39;37;53m[38;2;39;37;53m▒[0m[48;2;26;24;36m[38;2;26;24;36m▓[0m[48;2;71;69;77m[38;2;71;69;77m░[0m[48;2;179;178;181m[38;2;179;178;181m=[0m                                        
                                         [48;2;225;225;225m[38;2;225;225;225m.[0m[48;2;81;80;84m[38;2;81;80;84m@[0m[48;2;28;26;37m[38;2;28;26;37m▓[0m[48;2;44;41;56m[38;2;44;41;56m▒[0m[48;2;36;33;48m[38;2;36;33;48m▓[0m[48;2;29;25;38m[38;2;29;25;38m▓[0m[48;2;52;45;55m[38;2;52;45;55m▒[0m[48;2;74;64;75m[38;2;74;64;75m░[0m[48;2;90;78;89m[38;2;90;78;89m@[0m[48;2;96;83;95m[38;2;96;83;95m@[0m[48;2;95;82;94m[38;2;95;82;94m@[0m[48;2;81;69;80m[38;2;81;69;80m@[0m[48;2;59;50;60m[38;2;59;50;60m▒[0m[48;2;54;47;56m[38;2;54;47;56m▒[0m[48;2;49;42;51m[38;2;49;42;51m▒[0m[48;2;31;25;34m[38;2;31;25;34m▓[0m[48;2;34;29;39m[38;2;34;29;39m▓[0m[48;2;27;22;31m[38;2;27;22;31m▓[0m[48;2;16;11;18m[38;2;16;11;18m█[0m[48;2;74;72;76m[38;2;74;72;76m░[0m[48;2;227;226;227m[38;2;227;226;227m.[0m                                      
                                        [48;2;205;205;206m[38;2;205;205;206m:[0m[48;2;36;35;39m[38;2;36;35;39m▓[0m[48;2;41;38;52m[38;2;41;38;52m▒[0m[48;2;42;39;53m[38;2;42;39;53m▒[0m[48;2;22;18;31m[38;2;22;18;31m▓[0m[48;2;72;62;75m[38;2;72;62;75m░[0m[48;2;149;133;147m[38;2;149;133;147m*[0m[48;2;159;141;155m[38;2;159;141;155m+[0m[48;2;161;140;155m[38;2;161;140;155m+[0m[48;2;127;108;122m[38;2;127;108;122m#[0m[48;2;80;66;77m[38;2;80;66;77m░[0m[48;2;80;67;76m[38;2;80;67;76m░[0m[48;2;82;68;77m[38;2;82;68;77m@[0m[48;2;107;92;103m[38;2;107;92;103m%[0m[48;2;144;128;139m[38;2;144;128;139m*[0m[48;2;128;111;122m[38;2;128;111;122m#[0m[48;2;156;140;150m[38;2;156;140;150m*[0m[48;2;158;141;152m[38;2;158;141;152m+[0m[48;2;97;85;94m[38;2;97;85;94m@[0m[48;2;82;73;81m[38;2;82;73;81m@[0m[48;2;66;60;67m[38;2;66;60;67m░[0m[48;2;42;39;42m[38;2;42;39;42m▒[0m[48;2;222;222;222m[38;2;222;222;222m.[0m                                     
                                       [48;2;223;223;223m[38;2;223;223;223m.[0m[48;2;31;30;35m[38;2;31;30;35m▓[0m[48;2;41;39;50m[38;2;41;39;50m▒[0m[48;2;25;22;33m[38;2;25;22;33m▓[0m[48;2;36;30;39m[38;2;36;30;39m▓[0m[48;2;127;113;125m[38;2;127;113;125m#[0m[48;2;159;141;154m[38;2;159;141;154m+[0m[48;2;161;140;155m[38;2;161;140;155m+[0m[48;2;161;140;155m[38;2;161;140;155m+[0m[48;2;161;140;155m[38;2;161;140;155m+[0m[48;2;158;137;152m[38;2;158;137;152m*[0m[48;2;160;139;154m[38;2;160;139;154m+[0m[48;2;161;140;155m[38;2;161;140;155m+[0m[48;2;160;140;155m[38;2;160;140;155m+[0m[48;2;160;140;155m[38;2;160;140;155m+[0m[48;2;160;140;154m[38;2;160;140;154m+[0m[48;2;161;140;155m[38;2;161;140;155m+[0m[48;2;161;140;155m[38;2;161;140;155m+[0m[48;2;161;140;155m[38;2;161;140;155m+[0m[48;2;147;127;141m[38;2;147;127;141m*[0m[48;2;115;98;110m[38;2;115;98;110m%[0m[48;2;101;88;98m[38;2;101;88;98m%[0m[48;2;88;77;85m[38;2;88;77;85m@[0m[48;2;28;24;28m[38;2;28;24;28m▓[0m[48;2;113;112;115m[38;2;113;112;115m#[0m[48;2;169;169;170m[38;2;169;169;170m=[0m                                   
                                       [48;2;76;75;78m[38;2;76;75;78m@[0m[48;2;30;28;37m[38;2;30;28;37m▓[0m[48;2;11;9;17m[38;2;11;9;17m█[0m[48;2;44;37;45m[38;2;44;37;45m▒[0m[48;2;152;136;148m[38;2;152;136;148m*[0m[48;2;161;140;155m[38;2;161;140;155m+[0m[48;2;161;140;155m[38;2;161;140;155m+[0m[48;2;161;140;155m[38;2;161;140;155m+[0m[48;2;160;140;154m[38;2;160;140;154m+[0m[48;2;159;138;153m[38;2;159;138;153m*[0m[48;2;159;138;153m[38;2;159;138;153m*[0m[48;2;160;139;154m[38;2;160;139;154m+[0m[48;2;161;140;155m[38;2;161;140;155m+[0m[48;2;161;140;155m[38;2;161;140;155m+[0m[48;2;161;140;155m[38;2;161;140;155m+[0m[48;2;161;140;155m[38;2;161;140;155m+[0m[48;2;161;140;155m[38;2;161;140;155m+[0m[48;2;161;140;155m[38;2;161;140;155m+[0m[48;2;161;140;155m[38;2;161;140;155m+[0m[48;2;155;134;149m[38;2;155;134;149m*[0m[48;2;138;117;132m[38;2;138;117;132m#[0m[48;2;160;140;155m[38;2;160;140;155m+[0m[48;2;158;141;154m[38;2;158;141;154m+[0m[48;2;85;75;85m[38;2;85;75;85m@[0m[48;2;21;15;27m[38;2;21;15;27m█[0m[48;2;33;26;47m[38;2;33;26;47m▓[0m[48;2;216;215;216m[38;2;216;215;216m:[0m                                  
                                      [48;2;200;200;200m[38;2;200;200;200m-[0m[48;2;12;9;13m[38;2;12;9;13m█[0m[48;2;29;26;32m[38;2;29;26;32m▓[0m[48;2;26;21;28m[38;2;26;21;28m▓[0m[48;2;149;133;145m[38;2;149;133;145m*[0m[48;2;161;142;156m[38;2;161;142;156m+[0m[48;2;161;140;155m[38;2;161;140;155m+[0m[48;2;161;140;155m[38;2;161;140;155m+[0m[48;2;148;131;144m[38;2;148;131;144m*[0m[48;2;57;43;55m[38;2;57;43;55m▒[0m[48;2;107;93;104m[38;2;107;93;104m%[0m[48;2;52;39;51m[38;2;52;39;51m▒[0m[48;2;152;137;150m[38;2;152;137;150m*[0m[48;2;86;70;82m[38;2;86;70;82m@[0m[48;2;154;134;148m[38;2;154;134;148m*[0m[48;2;161;140;155m[38;2;161;140;155m+[0m[48;2;161;140;155m[38;2;161;140;155m+[0m[48;2;161;140;155m[38;2;161;140;155m+[0m[48;2;159;138;153m[38;2;159;138;153m*[0m[48;2;118;100;114m[38;2;118;100;114m%[0m[48;2;145;128;142m[38;2;145;128;142m*[0m[48;2;49;35;46m[38;2;49;35;46m▒[0m[48;2;160;140;154m[38;2;160;140;154m+[0m[48;2;160;141;155m[38;2;160;141;155m+[0m[48;2;158;141;154m[38;2;158;141;154m+[0m[48;2;50;40;47m[38;2;50;40;47m▒[0m[48;2;37;27;50m[38;2;37;27;50m▓[0m[48;2;90;87;96m[38;2;90;87;96m@[0m                                  
                                      [48;2;123;123;123m[38;2;123;123;123m#[0m[48;2;20;17;19m[38;2;20;17;19m█[0m[48;2;85;77;85m[38;2;85;77;85m@[0m[48;2;86;78;85m[38;2;86;78;85m@[0m[48;2;161;141;156m[38;2;161;141;156m+[0m[48;2;161;140;155m[38;2;161;140;155m+[0m[48;2;161;140;155m[38;2;161;140;155m+[0m[48;2;159;140;154m[38;2;159;140;154m+[0m[48;2;55;43;54m[38;2;55;43;54m▒[0m[48;2;47;39;47m[38;2;47;39;47m▒[0m[48;2;25;19;25m[38;2;25;19;25m▓[0m[48;2;104;95;103m[38;2;104;95;103m%[0m[48;2;84;73;84m[38;2;84;73;84m@[0m[48;2;53;41;52m[38;2;53;41;52m▒[0m[48;2;116;100;113m[38;2;116;100;113m%[0m[48;2;160;141;155m[38;2;160;141;155m+[0m[48;2;161;140;155m[38;2;161;140;155m+[0m[48;2;161;140;155m[38;2;161;140;155m+[0m[48;2;153;134;148m[38;2;153;134;148m*[0m[48;2;35;23;34m[38;2;35;23;34m▓[0m[48;2;149;135;148m[38;2;149;135;148m*[0m[48;2;76;63;75m[38;2;76;63;75m░[0m[48;2;108;92;105m[38;2;108;92;105m%[0m[48;2;160;141;155m[38;2;160;141;155m+[0m[48;2;160;141;155m[38;2;160;141;155m+[0m[48;2;135;118;131m[38;2;135;118;131m#[0m[48;2;21;14;25m[38;2;21;14;25m█[0m[48;2;92;88;94m[38;2;92;88;94m@[0m                                  
                                      [48;2;82;80;81m[38;2;82;80;81m@[0m[48;2;105;96;102m[38;2;105;96;102m%[0m[48;2;66;57;65m[38;2;66;57;65m░[0m[48;2;123;111;122m[38;2;123;111;122m#[0m[48;2;161;140;155m[38;2;161;140;155m+[0m[48;2;161;140;155m[38;2;161;140;155m+[0m[48;2;161;140;155m[38;2;161;140;155m+[0m[48;2;125;109;122m[38;2;125;109;122m#[0m[48;2;9;1;8m[38;2;9;1;8m█[0m[48;2;70;64;68m[38;2;70;64;68m░[0m[48;2;48;43;46m[38;2;48;43;46m▒[0m[48;2;56;48;63m[38;2;56;48;63m▒[0m[48;2;25;14;37m[38;2;25;14;37m▓[0m[48;2;16;8;22m[38;2;16;8;22m█[0m[48;2;12;6;12m[38;2;12;6;12m█[0m[48;2;67;57;65m[38;2;67;57;65m░[0m[48;2;120;104;115m[38;2;120;104;115m#[0m[48;2;126;109;119m[38;2;126;109;119m#[0m[48;2;123;108;117m[38;2;123;108;117m#[0m[48;2;26;18;24m[38;2;26;18;24m▓[0m[48;2;41;32;40m[38;2;41;32;40m▓[0m[48;2;116;105;114m[38;2;116;105;114m%[0m[48;2;27;18;25m[38;2;27;18;25m▓[0m[48;2;70;60;68m[38;2;70;60;68m░[0m[48;2;124;111;121m[38;2;124;111;121m#[0m[48;2;91;79;88m[38;2;91;79;88m@[0m[48;2;98;89;97m[38;2;98;89;97m%[0m[48;2;71;66;71m[38;2;71;66;71m░[0m[48;2;123;121;124m[38;2;123;121;124m#[0m[48;2;201;200;201m[38;2;201;200;201m-[0m                                
                                      [48;2;42;38;40m[38;2;42;38;40m▒[0m[48;2;156;142;151m[38;2;156;142;151m+[0m[48;2;65;54;62m[38;2;65;54;62m░[0m[48;2;127;114;124m[38;2;127;114;124m#[0m[48;2;161;140;155m[38;2;161;140;155m+[0m[48;2;161;140;155m[38;2;161;140;155m+[0m[48;2;161;140;155m[38;2;161;140;155m+[0m[48;2;90;76;87m[38;2;90;76;87m@[0m[48;2;114;105;110m[38;2;114;105;110m%[0m[48;2;222;211;212m[38;2;222;211;212m:[0m[48;2;105;95;98m[38;2;105;95;98m%[0m[48;2;87;62;131m[38;2;87;62;131m@[0m[48;2;81;41;153m[38;2;81;41;153m░[0m[48;2;38;15;70m[38;2;38;15;70m▓[0m[48;2;195;183;186m[38;2;195;183;186m-[0m[48;2;213;201;198m[38;2;213;201;198m:[0m[48;2;186;174;171m[38;2;186;174;171m=[0m[48;2;180;169;167m[38;2;180;169;167m=[0m[48;2;179;167;167m[38;2;179;167;167m=[0m[48;2;30;21;29m[38;2;30;21;29m▓[0m[48;2;59;29;119m[38;2;59;29;119m▒[0m[48;2;55;25;114m[38;2;55;25;114m▒[0m[48;2;24;14;35m[38;2;24;14;35m▓[0m[48;2;104;98;102m[38;2;104;98;102m%[0m[48;2;25;20;23m[38;2;25;20;23m▓[0m[48;2;36;32;35m[38;2;36;32;35m▓[0m[48;2;36;31;35m[38;2;36;31;35m▓[0m[48;2;33;28;33m[38;2;33;28;33m▓[0m[48;2;98;96;99m[38;2;98;96;99m%[0m[48;2;143;141;144m[38;2;143;141;144m*[0m                                
                                     [48;2;224;224;224m[38;2;224;224;224m.[0m[48;2;47;43;45m[38;2;47;43;45m▒[0m[48;2;160;144;154m[38;2;160;144;154m+[0m[48;2;110;97;106m[38;2;110;97;106m%[0m[48;2;75;65;73m[38;2;75;65;73m░[0m[48;2;161;141;155m[38;2;161;141;155m+[0m[48;2;161;140;155m[38;2;161;140;155m+[0m[48;2;161;140;155m[38;2;161;140;155m+[0m[48;2;88;74;84m[38;2;88;74;84m@[0m[48;2;159;150;153m[38;2;159;150;153m+[0m[48;2;250;236;234m[38;2;250;236;234m [0m[48;2;97;85;85m[38;2;97;85;85m@[0m[48;2;180;150;184m[38;2;180;150;184m+[0m[48;2;202;145;207m[38;2;202;145;207m=[0m[48;2;57;38;60m[38;2;57;38;60m▒[0m[48;2;237;224;222m[38;2;237;224;222m.[0m[48;2;251;235;229m[38;2;251;235;229m [0m[48;2;251;235;228m[38;2;251;235;228m [0m[48;2;250;235;227m[38;2;250;235;227m [0m[48;2;246;233;228m[38;2;246;233;228m.[0m[48;2;41;29;35m[38;2;41;29;35m▓[0m[48;2;174;141;196m[38;2;174;141;196m+[0m[48;2;105;65;142m[38;2;105;65;142m@[0m[48;2;85;75;86m[38;2;85;75;86m@[0m[48;2;207;197;197m[38;2;207;197;197m-[0m[48;2;179;169;168m[38;2;179;169;168m=[0m[48;2;91;83;85m[38;2;91;83;85m@[0m[48;2;47;41;44m[38;2;47;41;44m▒[0m[48;2;27;22;26m[38;2;27;22;26m▓[0m                                  
                                      [48;2;43;39;41m[38;2;43;39;41m▒[0m[48;2;150;137;146m[38;2;150;137;146m*[0m[48;2;124;112;121m[38;2;124;112;121m#[0m[48;2;9;2;8m[38;2;9;2;8m█[0m[48;2;72;61;69m[38;2;72;61;69m░[0m[48;2;148;131;143m[38;2;148;131;143m*[0m[48;2;161;141;155m[38;2;161;141;155m+[0m[48;2;132;117;128m[38;2;132;117;128m#[0m[48;2;73;63;66m[38;2;73;63;66m░[0m[48;2;239;215;213m[38;2;239;215;213m.[0m[48;2;207;193;190m[38;2;207;193;190m-[0m[48;2;97;84;89m[38;2;97;84;89m@[0m[48;2;100;84;92m[38;2;100;84;92m@[0m[48;2;188;175;176m[38;2;188;175;176m=[0m[48;2;251;236;230m[38;2;251;236;230m [0m[48;2;250;234;227m[38;2;250;234;227m [0m[48;2;248;233;224m[38;2;248;233;224m.[0m[48;2;250;235;226m[38;2;250;235;226m [0m[48;2;248;234;227m[38;2;248;234;227m.[0m[48;2;117;103;102m[38;2;117;103;102m%[0m[48;2;114;87;110m[38;2;114;87;110m%[0m[48;2;81;57;74m[38;2;81;57;74m░[0m[48;2;206;190;188m[38;2;206;190;188m-[0m[48;2;247;227;220m[38;2;247;227;220m.[0m[48;2;248;230;225m[38;2;248;230;225m.[0m[48;2;98;87;88m[38;2;98;87;88m@[0m[48;2;124;112;119m[38;2;124;112;119m#[0m[48;2;62;53;59m[38;2;62;53;59m░[0m[48;2;182;180;183m[38;2;182;180;183m=[0m                                 
                                      [48;2;115;113;114m[38;2;115;113;114m#[0m[48;2;17;14;16m[38;2;17;14;16m█[0m[48;2;100;93;95m[38;2;100;93;95m%[0m[48;2;156;145;145m[38;2;156;145;145m+[0m[48;2;79;69;72m[38;2;79;69;72m░[0m[48;2;11;5;9m[38;2;11;5;9m█[0m[48;2;39;31;37m[38;2;39;31;37m▓[0m[48;2;77;68;75m[38;2;77;68;75m░[0m[48;2;41;34;39m[38;2;41;34;39m▒[0m[48;2;70;63;64m[38;2;70;63;64m░[0m[48;2;173;161;159m[38;2;173;161;159m+[0m[48;2;250;237;232m[38;2;250;237;232m [0m[48;2;251;235;229m[38;2;251;235;229m [0m[48;2;250;235;227m[38;2;250;235;227m [0m[48;2;250;235;226m[38;2;250;235;226m [0m[48;2;212;197;189m[38;2;212;197;189m-[0m[48;2;148;132;127m[38;2;148;132;127m*[0m[48;2;249;234;226m[38;2;249;234;226m.[0m[48;2;250;235;226m[38;2;250;235;226m [0m[48;2;248;233;225m[38;2;248;233;225m.[0m[48;2;214;199;191m[38;2;214;199;191m:[0m[48;2;236;221;214m[38;2;236;221;214m.[0m[48;2;243;221;213m[38;2;243;221;213m.[0m[48;2;238;201;189m[38;2;238;201;189m:[0m[48;2;247;223;219m[38;2;247;223;219m.[0m[48;2;78;66;68m[38;2;78;66;68m░[0m[48;2;86;74;79m[38;2;86;74;79m@[0m[48;2;69;62;66m[38;2;69;62;66m░[0m[48;2;228;226;229m[38;2;228;226;229m.[0m                                 
                                     [48;2;226;226;226m[38;2;226;226;226m.[0m[48;2;57;56;57m[38;2;57;56;57m░[0m[48;2;177;175;176m[38;2;177;175;176m=[0m[48;2;71;68;69m[38;2;71;68;69m░[0m[48;2;169;160;161m[38;2;169;160;161m+[0m[48;2;235;227;228m[38;2;235;227;228m.[0m[48;2;43;37;39m[38;2;43;37;39m▒[0m[48;2;50;46;48m[38;2;50;46;48m▒[0m[48;2;52;47;50m[38;2;52;47;50m▒[0m[48;2;196;190;193m[38;2;196;190;193m-[0m[48;2;243;232;230m[38;2;243;232;230m.[0m[48;2;243;231;226m[38;2;243;231;226m.[0m[48;2;250;235;230m[38;2;250;235;230m [0m[48;2;251;235;228m[38;2;251;235;228m [0m[48;2;251;235;228m[38;2;251;235;228m [0m[48;2;250;235;227m[38;2;250;235;227m [0m[48;2;250;235;227m[38;2;250;235;227m [0m[48;2;250;235;226m[38;2;250;235;226m [0m[48;2;250;235;226m[38;2;250;235;226m [0m[48;2;250;235;227m[38;2;250;235;227m [0m[48;2;249;235;227m[38;2;249;235;227m [0m[48;2;250;235;227m[38;2;250;235;227m [0m[48;2;250;235;227m[38;2;250;235;227m [0m[48;2;252;235;230m[38;2;252;235;230m [0m[48;2;250;235;233m[38;2;250;235;233m [0m[48;2;175;161;162m[38;2;175;161;162m=[0m[48;2;55;45;48m[38;2;55;45;48m▒[0m[48;2;46;40;43m[38;2;46;40;43m▒[0m[48;2;167;163;166m[38;2;167;163;166m+[0m                                  
                                     [48;2;175;175;175m[38;2;175;175;175m=[0m[48;2;87;86;86m[38;2;87;86;86m@[0m[48;2;202;201;203m[38;2;202;201;203m:[0m[48;2;134;132;135m[38;2;134;132;135m*[0m[48;2;6;3;7m[38;2;6;3;7m█[0m[48;2;38;35;39m[38;2;38;35;39m▓[0m[48;2;27;22;25m[38;2;27;22;25m▓[0m[48;2;192;187;189m[38;2;192;187;189m-[0m[48;2;42;39;41m[38;2;42;39;41m▒[0m[48;2;60;56;57m[38;2;60;56;57m░[0m[48;2;48;43;44m[38;2;48;43;44m▒[0m[48;2;66;62;62m[38;2;66;62;62m░[0m[48;2;91;85;85m[38;2;91;85;85m@[0m[48;2;116;107;109m[38;2;116;107;109m#[0m[48;2;134;124;126m[38;2;134;124;126m#[0m[48;2;150;141;141m[38;2;150;141;141m*[0m[48;2;167;156;154m[38;2;167;156;154m+[0m[48;2;180;168;165m[38;2;180;168;165m=[0m[48;2;190;176;173m[38;2;190;176;173m=[0m[48;2;190;178;176m[38;2;190;178;176m=[0m[48;2;188;178;176m[38;2;188;178;176m=[0m[48;2;177;166;164m[38;2;177;166;164m=[0m[48;2;160;149;147m[38;2;160;149;147m+[0m[48;2;125;116;116m[38;2;125;116;116m#[0m[48;2;69;60;67m[38;2;69;60;67m░[0m[48;2;18;11;19m[38;2;18;11;19m█[0m[48;2;31;26;31m[38;2;31;26;31m▓[0m[48;2;89;85;90m[38;2;89;85;90m@[0m                                   
                                   [48;2;199;199;199m[38;2;199;199;199m-[0m[48;2;93;90;93m[38;2;93;90;93m@[0m[48;2;66;61;66m[38;2;66;61;66m░[0m[48;2;72;70;74m[38;2;72;70;74m░[0m[48;2;202;201;205m[38;2;202;201;205m:[0m[48;2;129;127;131m[38;2;129;127;131m*[0m[48;2;5;2;7m[38;2;5;2;7m█[0m[48;2;10;6;13m[38;2;10;6;13m█[0m[48;2;9;4;10m[38;2;9;4;10m█[0m[48;2;224;219;224m[38;2;224;219;224m.[0m[48;2;152;147;152m[38;2;152;147;152m+[0m[48;2;5;3;7m[38;2;5;3;7m█[0m[48;2;18;15;20m[38;2;18;15;20m█[0m[48;2;6;3;8m[38;2;6;3;8m█[0m[48;2;8;6;10m[38;2;8;6;10m█[0m[48;2;20;16;25m[38;2;20;16;25m█[0m[48;2;31;26;37m[38;2;31;26;37m▓[0m[48;2;23;19;29m[38;2;23;19;29m▓[0m[48;2;50;46;52m[38;2;50;46;52m▒[0m[48;2;97;91;96m[38;2;97;91;96m%[0m[48;2;48;41;44m[38;2;48;41;44m▒[0m[48;2;45;39;41m[38;2;45;39;41m▒[0m[48;2;77;74;75m[38;2;77;74;75m@[0m[48;2;13;10;13m[38;2;13;10;13m█[0m[48;2;8;5;9m[38;2;8;5;9m█[0m[48;2;9;4;10m[38;2;9;4;10m█[0m[48;2;36;29;44m[38;2;36;29;44m▓[0m[48;2;21;16;30m[38;2;21;16;30m▓[0m[48;2;12;9;14m[38;2;12;9;14m█[0m[48;2;164;161;165m[38;2;164;161;165m+[0m                                   
                                  [48;2;125;122;125m[38;2;125;122;125m#[0m[48;2;76;68;76m[38;2;76;68;76m░[0m[48;2;147;133;144m[38;2;147;133;144m*[0m[48;2;152;135;148m[38;2;152;135;148m*[0m[48;2;52;43;53m[38;2;52;43;53m▒[0m[48;2;173;168;176m[38;2;173;168;176m=[0m[48;2;188;185;191m[38;2;188;185;191m-[0m[48;2;25;22;28m[38;2;25;22;28m▓[0m[48;2;11;6;13m[38;2;11;6;13m█[0m[48;2;91;86;92m[38;2;91;86;92m@[0m [48;2;87;85;90m[38;2;87;85;90m@[0m[48;2;19;15;22m[38;2;19;15;22m█[0m[48;2;16;11;20m[38;2;16;11;20m█[0m[48;2;33;28;44m[38;2;33;28;44m▓[0m[48;2;28;24;35m[38;2;28;24;35m▓[0m[48;2;26;21;31m[38;2;26;21;31m▓[0m[48;2;16;12;21m[38;2;16;12;21m█[0m[48;2;39;35;42m[38;2;39;35;42m▒[0m[48;2;10;8;13m[38;2;10;8;13m█[0m[48;2;9;7;11m[38;2;9;7;11m█[0m[48;2;106;103;106m[38;2;106;103;106m%[0m[48;2;118;114;116m[38;2;118;114;116m#[0m[48;2;52;49;51m[38;2;52;49;51m▒[0m[48;2;18;14;17m[38;2;18;14;17m█[0m[48;2;94;88;85m[38;2;94;88;85m@[0m[48;2;9;5;11m[38;2;9;5;11m█[0m[48;2;28;24;38m[38;2;28;24;38m▓[0m[48;2;78;74;85m[38;2;78;74;85m@[0m[48;2;226;225;229m[38;2;226;225;229m.[0m                                    
                                 [48;2;136;135;135m[38;2;136;135;135m*[0m[48;2;88;80;87m[38;2;88;80;87m@[0m[48;2;153;139;151m[38;2;153;139;151m*[0m[48;2;154;138;151m[38;2;154;138;151m*[0m[48;2;125;110;123m[38;2;125;110;123m#[0m[48;2;67;60;69m[38;2;67;60;69m░[0m[48;2;71;69;75m[38;2;71;69;75m░[0m[48;2;108;106;112m[38;2;108;106;112m%[0m[48;2;64;61;67m[38;2;64;61;67m░[0m[48;2;33;29;35m[38;2;33;29;35m▓[0m[48;2;123;120;126m[38;2;123;120;126m#[0m[48;2;51;49;55m[38;2;51;49;55m▒[0m[48;2;20;17;28m[38;2;20;17;28m▓[0m[48;2;19;16;27m[38;2;19;16;27m█[0m[48;2;17;13;24m[38;2;17;13;24m█[0m[48;2;36;30;50m[38;2;36;30;50m▓[0m[48;2;37;31;52m[38;2;37;31;52m▓[0m[48;2;37;32;52m[38;2;37;32;52m▓[0m[48;2;30;25;44m[38;2;30;25;44m▓[0m[48;2;12;8;19m[38;2;12;8;19m█[0m[48;2;128;121;103m[38;2;128;121;103m#[0m[48;2;91;82;67m[38;2;91;82;67m@[0m[48;2;17;10;7m[38;2;17;10;7m█[0m[48;2;15;9;7m[38;2;15;9;7m█[0m[48;2;103;96;82m[38;2;103;96;82m%[0m[48;2;45;39;34m[38;2;45;39;34m▒[0m[48;2;117;111;99m[38;2;117;111;99m#[0m[48;2;7;4;7m[38;2;7;4;7m█[0m[48;2;77;75;80m[38;2;77;75;80m@[0m[48;2;239;238;242m[38;2;239;238;242m [0m                                     
                                 [48;2;52;49;50m[38;2;52;49;50m▒[0m[48;2;149;135;145m[38;2;149;135;145m*[0m[48;2;158;140;153m[38;2;158;140;153m+[0m[48;2;111;97;108m[38;2;111;97;108m%[0m[48;2;96;90;96m[38;2;96;90;96m%[0m[48;2;185;183;186m[38;2;185;183;186m-[0m[48;2;88;84;88m[38;2;88;84;88m@[0m[48;2;76;68;76m[38;2;76;68;76m░[0m[48;2;115;103;114m[38;2;115;103;114m%[0m[48;2;94;84;95m[38;2;94;84;95m@[0m[48;2;69;64;73m[38;2;69;64;73m░[0m[48;2;10;7;15m[38;2;10;7;15m█[0m[48;2;26;21;38m[38;2;26;21;38m▓[0m[48;2;32;26;45m[38;2;32;26;45m▓[0m[48;2;37;31;51m[38;2;37;31;51m▓[0m[48;2;37;31;52m[38;2;37;31;52m▓[0m[48;2;37;31;52m[38;2;37;31;52m▓[0m[48;2;37;31;52m[38;2;37;31;52m▓[0m[48;2;37;31;50m[38;2;37;31;50m▓[0m[48;2;18;14;26m[38;2;18;14;26m█[0m[48;2;107;98;84m[38;2;107;98;84m%[0m[48;2;221;206;164m[38;2;221;206;164m:[0m[48;2;218;199;151m[38;2;218;199;151m-[0m[48;2;209;189;144m[38;2;209;189;144m-[0m[48;2;214;196;155m[38;2;214;196;155m-[0m[48;2;71;61;52m[38;2;71;61;52m░[0m[48;2;14;8;14m[38;2;14;8;14m█[0m[48;2;21;18;26m[38;2;21;18;26m▓[0m[48;2;98;97;102m[38;2;98;97;102m%[0m                                      
                                 [48;2;104;101;103m[38;2;104;101;103m%[0m[48;2;114;101;109m[38;2;114;101;109m%[0m[48;2;160;141;155m[38;2;160;141;155m+[0m[48;2;71;58;68m[38;2;71;58;68m░[0m[48;2;69;62;69m[38;2;69;62;69m░[0m[48;2;39;33;38m[38;2;39;33;38m▓[0m[48;2;132;122;131m[38;2;132;122;131m#[0m[48;2;156;141;151m[38;2;156;141;151m+[0m[48;2;155;139;150m[38;2;155;139;150m*[0m[48;2;127;113;124m[38;2;127;113;124m#[0m[48;2;73;64;73m[38;2;73;64;73m░[0m[48;2;17;13;22m[38;2;17;13;22m█[0m[48;2;36;31;50m[38;2;36;31;50m▓[0m[48;2;37;31;52m[38;2;37;31;52m▓[0m[48;2;37;31;52m[38;2;37;31;52m▓[0m[48;2;37;31;52m[38;2;37;31;52m▓[0m[48;2;31;26;45m[38;2;31;26;45m▓[0m[48;2;23;20;33m[38;2;23;20;33m▓[0m[48;2;10;7;14m[38;2;10;7;14m█[0m[48;2;19;17;23m[38;2;19;17;23m█[0m[48;2;51;48;52m[38;2;51;48;52m▒[0m[48;2;52;45;47m[38;2;52;45;47m▒[0m[48;2;78;71;62m[38;2;78;71;62m░[0m[48;2;101;95;81m[38;2;101;95;81m%[0m[48;2;24;16;22m[38;2;24;16;22m▓[0m[48;2;13;6;12m[38;2;13;6;12m█[0m[48;2;4;1;6m[38;2;4;1;6m█[0m[48;2;40;37;41m[38;2;40;37;41m▒[0m[48;2;40;38;42m[38;2;40;38;42m▒[0m[48;2;68;67;70m[38;2;68;67;70m░[0m[48;2;79;78;81m[38;2;79;78;81m@[0m[48;2;191;191;192m[38;2;191;191;192m-[0m                                   
                                  [48;2;118;116;118m[38;2;118;116;118m#[0m[48;2;72;67;71m[38;2;72;67;71m░[0m[48;2;114;104;112m[38;2;114;104;112m%[0m[48;2;100;90;98m[38;2;100;90;98m%[0m[48;2;85;77;84m[38;2;85;77;84m@[0m[48;2;76;67;73m[38;2;76;67;73m░[0m[48;2;85;73;82m[38;2;85;73;82m@[0m[48;2;38;28;36m[38;2;38;28;36m▓[0m[48;2;21;15;21m[38;2;21;15;21m█[0m[48;2;65;62;66m[38;2;65;62;66m░[0m[48;2;8;6;13m[38;2;8;6;13m█[0m[48;2;29;25;41m[38;2;29;25;41m▓[0m[48;2;36;31;50m[38;2;36;31;50m▓[0m[48;2;37;31;51m[38;2;37;31;51m▓[0m[48;2;23;19;34m[38;2;23;19;34m▓[0m[48;2;5;2;11m[38;2;5;2;11m█[0m[48;2;31;28;34m[38;2;31;28;34m▓[0m[48;2;66;63;66m[38;2;66;63;66m░[0m[48;2;20;18;21m[38;2;20;18;21m▓[0m[48;2;20;17;21m[38;2;20;17;21m▓[0m[48;2;82;79;83m[38;2;82;79;83m@[0m[48;2;58;55;57m[38;2;58;55;57m░[0m[48;2;72;70;72m[38;2;72;70;72m░[0m[48;2;74;72;76m[38;2;74;72;76m░[0m[48;2;55;54;57m[38;2;55;54;57m▒[0m[48;2;11;8;26m[38;2;11;8;26m█[0m[48;2;3;1;8m[38;2;3;1;8m█[0m[48;2;21;17;28m[38;2;21;17;28m▓[0m[48;2;23;18;31m[38;2;23;18;31m▓[0m[48;2;18;14;27m[38;2;18;14;27m█[0m[48;2;54;52;59m[38;2;54;52;59m▒[0m[48;2;204;203;206m[38;2;204;203;206m:[0m                                  
                                   [48;2;136;134;135m[38;2;136;134;135m*[0m[48;2;42;34;39m[38;2;42;34;39m▒[0m[48;2;82;71;78m[38;2;82;71;78m@[0m[48;2;76;65;72m[38;2;76;65;72m░[0m[48;2;77;67;73m[38;2;77;67;73m░[0m[48;2;80;69;78m[38;2;80;69;78m@[0m[48;2;84;74;83m[38;2;84;74;83m@[0m[48;2;82;72;82m[38;2;82;72;82m@[0m[48;2;74;65;74m[38;2;74;65;74m░[0m[48;2;69;60;69m[38;2;69;60;69m░[0m[48;2;68;59;67m[38;2;68;59;67m░[0m[48;2;66;57;66m[38;2;66;57;66m░[0m[48;2;67;58;67m[38;2;67;58;67m░[0m[48;2;65;57;65m[38;2;65;57;65m░[0m[48;2;59;53;60m[38;2;59;53;60m░[0m[48;2;28;24;29m[38;2;28;24;29m▓[0m[48;2;7;3;10m[38;2;7;3;10m█[0m[48;2;26;22;33m[38;2;26;22;33m▓[0m[48;2;21;17;27m[38;2;21;17;27m▓[0m[48;2;145;141;150m[38;2;145;141;150m*[0m[48;2;223;219;224m[38;2;223;219;224m.[0m[48;2;152;148;153m[38;2;152;148;153m+[0m[48;2;23;19;31m[38;2;23;19;31m▓[0m[48;2;38;27;69m[38;2;38;27;69m▓[0m[48;2;29;20;41m[38;2;29;20;41m▓[0m[48;2;12;8;21m[38;2;12;8;21m█[0m[48;2;15;13;22m[38;2;15;13;22m█[0m[48;2;36;31;51m[38;2;36;31;51m▓[0m[48;2;37;31;52m[38;2;37;31;52m▓[0m[48;2;34;29;48m[38;2;34;29;48m▓[0m[48;2;22;19;33m[38;2;22;19;33m▓[0m[48;2;82;80;86m[38;2;82;80;86m@[0m[48;2;207;206;207m[38;2;207;206;207m:[0m                                
                                    [48;2;176;175;176m[38;2;176;175;176m=[0m[48;2;109;105;108m[38;2;109;105;108m%[0m[48;2;91;82;88m[38;2;91;82;88m@[0m[48;2;86;77;84m[38;2;86;77;84m@[0m[48;2;91;81;89m[38;2;91;81;89m@[0m[48;2;92;82;90m[38;2;92;82;90m@[0m[48;2;96;85;95m[38;2;96;85;95m@[0m[48;2;98;88;98m[38;2;98;88;98m%[0m[48;2;96;86;96m[38;2;96;86;96m@[0m[48;2;90;80;91m[38;2;90;80;91m@[0m[48;2;80;70;81m[38;2;80;70;81m@[0m[48;2;60;51;61m[38;2;60;51;61m▒[0m[48;2;44;37;49m[38;2;44;37;49m▒[0m[48;2;23;18;31m[38;2;23;18;31m▓[0m[48;2;27;22;38m[38;2;27;22;38m▓[0m[48;2;36;30;49m[38;2;36;30;49m▓[0m[48;2;37;31;51m[38;2;37;31;51m▓[0m[48;2;36;30;50m[38;2;36;30;50m▓[0m[48;2;22;17;31m[38;2;22;17;31m▓[0m[48;2;180;176;183m[38;2;180;176;183m=[0m [48;2;222;221;223m[38;2;222;221;223m.[0m[48;2;143;139;145m[38;2;143;139;145m*[0m[48;2;42;36;48m[38;2;42;36;48m▒[0m[48;2;46;39;53m[38;2;46;39;53m▒[0m[48;2;7;6;10m[38;2;7;6;10m█[0m[48;2;17;14;28m[38;2;17;14;28m█[0m[48;2;36;30;51m[38;2;36;30;51m▓[0m[48;2;37;31;52m[38;2;37;31;52m▓[0m[48;2;37;31;52m[38;2;37;31;52m▓[0m[48;2;35;29;49m[38;2;35;29;49m▓[0m[48;2;24;19;33m[38;2;24;19;33m▓[0m[48;2;109;107;112m[38;2;109;107;112m%[0m[48;2;239;239;240m[38;2;239;239;240m [0m                              
                                         [48;2;231;229;231m[38;2;231;229;231m.[0m[48;2;219;217;219m[38;2;219;217;219m:[0m[48;2;216;215;217m[38;2;216;215;217m:[0m[48;2;25;23;26m[38;2;25;23;26m▓[0m[48;2;30;26;38m[38;2;30;26;38m▓[0m[48;2;35;29;47m[38;2;35;29;47m▓[0m[48;2;37;32;50m[38;2;37;32;50m▓[0m[48;2;37;31;51m[38;2;37;31;51m▓[0m[48;2;37;31;52m[38;2;37;31;52m▓[0m[48;2;36;30;51m[38;2;36;30;51m▓[0m[48;2;37;31;52m[38;2;37;31;52m▓[0m[48;2;37;31;52m[38;2;37;31;52m▓[0m[48;2;37;31;52m[38;2;37;31;52m▓[0m[48;2;35;30;48m[38;2;35;30;48m▓[0m[48;2;26;22;33m[38;2;26;22;33m▓[0m[48;2;181;180;183m[38;2;181;180;183m=[0m  [48;2;228;227;228m[38;2;228;227;228m.[0m[48;2;229;228;229m[38;2;229;228;229m.[0m[48;2;82;81;84m[38;2;82;81;84m@[0m[48;2;23;12;78m[38;2;23;12;78m▓[0m[48;2;17;14;34m[38;2;17;14;34m█[0m[48;2;36;30;50m[38;2;36;30;50m▓[0m[48;2;37;31;52m[38;2;37;31;52m▓[0m[48;2;37;31;52m[38;2;37;31;52m▓[0m[48;2;37;31;52m[38;2;37;31;52m▓[0m[48;2;31;26;42m[38;2;31;26;42m▓[0m[48;2;49;47;53m[38;2;49;47;53m▒[0m[48;2;224;223;224m[38;2;224;223;224m.[0m                             