                                                                                                    
                                                                                                    
                                                                                                    
                                                                                                    
                                                                                                    
                                                                                                    
                                                                                                    
                                                                                                    
                                                                                                    
                                                                                                    
                                                                                                    
                                                 [48;2;231;231;231m[38;2;231;231;231m.[0m[48;2;215;215;215m[38;2;215;215;215m:[0m[48;2;205;205;205m[38;2;205;205;205m:[0m[48;2;206;206;206m[38;2;206;206;206m:[0m[48;2;218;218;218m[38;2;218;218;218m:[0m[48;2;240;240;241m[38;2;240;240;241m [0m                                             
                                             [48;2;211;210;212m[38;2;211;210;212m:[0m[48;2;110;109;112m[38;2;110;109;112m%[0m[48;2;60;59;64m[38;2;60;59;64m░[0m[48;2;33;32;39m[38;2;33;32;39m▓[0m[48;2;26;25;34m[38;2;26;25;34m▓[0m[48;2;29;27;38m[38;2;29;27;38m▓[0m[48;2;30;28;40m[38;2;30;28;40m▓[0m[48;2;29;28;39m[38;2;29;28;39m▓[0m[48;2;28;26;38m[38;2;28;26;38m▓[0m[48;2;24;23;34m[38;2;24;23;34m▓[0m[48;2;48;46;56m[38;2;48;46;56m▒[0m[48;2;93;92;99m[38;2;93;92;99m%[0m[48;2;162;161;164m[38;2;162;161;164m+[0m[48;2;239;239;240m[38;2;239;239;240m [0m                                         
                                            [48;2;129;129;132m[38;2;129;129;132m*[0m[48;2;25;24;33m[38;2;25;24;33m▓[0m[48;2;40;39;53m[38;2;40;39;53m▒[0m[48;2;43;42;60m[38;2;43;42;60m▒[0m[48;2;42;42;59m[38;2;42;42;59m▒[0m[48;2;41;43;59m[38;2;41;43;59m▒[0m[48;2;41;44;59m[38;2;41;44;59m▒[0m[48;2;40;44;59m[38;2;40;44;59m▒[0m[48;2;40;44;59m[38;2;40;44;59m▒[0m[48;2;40;44;59m[38;2;40;44;59m▒[0m[48;2;40;44;59m[38;2;40;44;59m▒[0m[48;2;41;43;59m[38;2;41;43;59m▒[0m[48;2;42;42;59m[38;2;42;42;59m▒[0m[48;2;33;32;47m[38;2;33;32;47m▓[0m[48;2;30;29;40m[38;2;30;29;40m▓[0m[48;2;118;118;122m[38;2;118;118;122m#[0m[48;2;207;207;208m[38;2;207;207;208m:[0m                                       
                                           [48;2;99;98;102m[38;2;99;98;102m%[0m[48;2;29;27;38m[38;2;29;27;38m▓[0m[48;2;42;42;59m[38;2;42;42;59m▒[0m[48;2;41;43;59m[38;2;41;43;59m▒[0m[48;2;40;44;59m[38;2;40;44;59m▒[0m[48;2;40;44;59m[38;2;40;44;59m▒[0m[48;2;40;44;59m[38;2;40;44;59m▒[0m[48;2;40;44;59m[38;2;40;44;59m▒[0m[48;2;40;44;59m[38;2;40;44;59m▒[0m[48;2;40;44;59m[38;2;40;44;59m▒[0m[48;2;40;44;59m[38;2;40;44;59m▒[0m[48;2;40;44;59m[38;2;40;44;59m▒[0m[48;2;40;44;59m[38;2;40;44;59m▒[0m[48;2;40;44;59m[38;2;40;44;59m▒[0m[48;2;41;43;59m[38;2;41;43;59m▒[0m[48;2;42;42;58m[38;2;42;42;58m▒[0m[48;2;54;53;61m[38;2;54;53;61m▒[0m[48;2;8;6;11m[38;2;8;6;11m█[0m[48;2;78;76;81m[38;2;78;76;81m@[0m[48;2;216;215;216m[38;2;216;215;216m:[0m                                     
                                         [48;2;161;161;163m[38;2;161;161;163m+[0m[48;2;11;10;14m[38;2;11;10;14m█[0m[48;2;27;26;35m[38;2;27;26;35m▓[0m[48;2;44;43;59m[38;2;44;43;59m▒[0m[48;2;41;44;59m[38;2;41;44;59m▒[0m[48;2;40;44;59m[38;2;40;44;59m▒[0m[48;2;40;44;59m[38;2;40;44;59m▒[0m[48;2;40;44;59m[38;2;40;44;59m▒[0m[48;2;40;44;59m[38;2;40;44;59m▒[0m[48;2;40;44;59m[38;2;40;44;59m▒[0m[48;2;40;44;59m[38;2;40;44;59m▒[0m[48;2;40;44;59m[38;2;40;44;59m▒[0m[48;2;40;44;59m[38;2;40;44;59m▒[0m[48;2;40;44;59m[38;2;40;44;59m▒[0m[48;2;40;44;59m[38;2;40;44;59m▒[0m[48;2;40;44;59m[38;2;40;44;59m▒[0m[48;2;40;44;59m[38;2;40;44;59m▒[0m[48;2;46;46;60m[38;2;46;46;60m▒[0m[48;2;76;74;82m[38;2;76;74;82m@[0m[48;2;17;14;20m[38;2;17;14;20m█[0m[48;2;116;108;117m[38;2;116;108;117m#[0m[48;2;57;50;57m[38;2;57;50;57m▒[0m[48;2;208;207;209m[38;2;208;207;209m:[0m                                    
                                         [48;2;29;28;30m[38;2;29;28;30m▓[0m[48;2;14;12;18m[38;2;14;12;18m█[0m[48;2;44;42;57m[38;2;44;42;57m▒[0m[48;2;40;44;59m[38;2;40;44;59m▒[0m[48;2;40;44;59m[38;2;40;44;59m▒[0m[48;2;40;44;59m[38;2;40;44;59m▒[0m[48;2;40;44;59m[38;2;40;44;59m▒[0m[48;2;40;44;59m[38;2;40;44;59m▒[0m[48;2;40;44;59m[38;2;40;44;59m▒[0m[48;2;40;44;59m[38;2;40;44;59m▒[0m[48;2;40;44;59m[38;2;40;44;59m▒[0m[48;2;40;44;59m[38;2;40;44;59m▒[0m[48;2;40;44;59m[38;2;40;44;59m▒[0m[48;2;40;44;59m[38;2;40;44;59m▒[0m[48;2;40;44;59m[38;2;40;44;59m▒[0m[48;2;40;44;59m[38;2;40;44;59m▒[0m[48;2;41;43;59m[38;2;41;43;59m▒[0m[48;2;59;58;73m[38;2;59;58;73m░[0m[48;2;46;45;58m[38;2;46;45;58m▒[0m[48;2;19;14;26m[38;2;19;14;26m█[0m[48;2;110;98;110m[38;2;110;98;110m%[0m[48;2;115;104;114m[38;2;115;104;114m%[0m[48;2;57;53;58m[38;2;57;53;58m▒[0m                                    
                                       [48;2;234;234;234m[38;2;234;234;234m.[0m[48;2;67;65;68m[38;2;67;65;68m░[0m[48;2;28;26;30m[38;2;28;26;30m▓[0m[48;2;31;28;38m[38;2;31;28;38m▓[0m[48;2;42;43;58m[38;2;42;43;58m▒[0m[48;2;40;44;59m[38;2;40;44;59m▒[0m[48;2;40;44;59m[38;2;40;44;59m▒[0m[48;2;40;44;59m[38;2;40;44;59m▒[0m[48;2;40;44;59m[38;2;40;44;59m▒[0m[48;2;40;44;59m[38;2;40;44;59m▒[0m[48;2;40;44;59m[38;2;40;44;59m▒[0m[48;2;40;44;59m[38;2;40;44;59m▒[0m[48;2;40;44;59m[38;2;40;44;59m▒[0m[48;2;40;44;59m[38;2;40;44;59m▒[0m[48;2;40;44;59m[38;2;40;44;59m▒[0m[48;2;40;44;59m[38;2;40;44;59m▒[0m[48;2;41;43;59m[38;2;41;43;59m▒[0m[48;2;44;42;60m[38;2;44;42;60m▒[0m[48;2;64;60;78m[38;2;64;60;78m░[0m[48;2;63;60;73m[38;2;63;60;73m░[0m[48;2;25;22;34m[38;2;25;22;34m▓[0m[48;2;98;89;101m[38;2;98;89;101m%[0m[48;2;103;92;103m[38;2;103;92;103m%[0m[48;2;36;29;36m[38;2;36;29;36m▓[0m[48;2;72;66;71m[38;2;72;66;71m░[0m[48;2;178;176;179m[38;2;178;176;179m=[0m                                   
                                       [48;2;58;57;59m[38;2;58;57;59m░[0m[48;2;106;96;104m[38;2;106;96;104m%[0m[48;2;67;59;66m[38;2;67;59;66m░[0m[48;2;34;32;43m[38;2;34;32;43m▓[0m[48;2;41;43;59m[38;2;41;43;59m▒[0m[48;2;40;44;59m[38;2;40;44;59m▒[0m[48;2;40;44;59m[38;2;40;44;59m▒[0m[48;2;40;44;59m[38;2;40;44;59m▒[0m[48;2;40;44;59m[38;2;40;44;59m▒[0m[48;2;40;44;59m[38;2;40;44;59m▒[0m[48;2;40;44;59m[38;2;40;44;59m▒[0m[48;2;40;44;59m[38;2;40;44;59m▒[0m[48;2;40;44;59m[38;2;40;44;59m▒[0m[48;2;40;44;59m[38;2;40;44;59m▒[0m[48;2;40;44;59m[38;2;40;44;59m▒[0m[48;2;41;43;59m[38;2;41;43;59m▒[0m[48;2;47;46;61m[38;2;47;46;61m▒[0m[48;2;72;69;83m[38;2;72;69;83m░[0m[48;2;51;48;59m[38;2;51;48;59m▒[0m[48;2;31;27;36m[38;2;31;27;36m▓[0m[48;2;113;101;113m[38;2;113;101;113m%[0m[48;2;157;140;154m[38;2;157;140;154m+[0m[48;2;157;141;154m[38;2;157;141;154m+[0m[48;2;51;41;50m[38;2;51;41;50m▒[0m[48;2;81;75;80m[38;2;81;75;80m@[0m[48;2;129;127;129m[38;2;129;127;129m#[0m                                   
                                      [48;2;107;107;107m[38;2;107;107;107m%[0m[48;2;91;82;88m[38;2;91;82;88m@[0m[48;2;160;141;153m[38;2;160;141;153m+[0m[48;2;97;85;95m[38;2;97;85;95m@[0m[48;2;27;23;35m[38;2;27;23;35m▓[0m[48;2;41;43;59m[38;2;41;43;59m▒[0m[48;2;40;44;59m[38;2;40;44;59m▒[0m[48;2;40;44;59m[38;2;40;44;59m▒[0m[48;2;40;44;59m[38;2;40;44;59m▒[0m[48;2;40;44;59m[38;2;40;44;59m▒[0m[48;2;40;44;59m[38;2;40;44;59m▒[0m[48;2;40;44;59m[38;2;40;44;59m▒[0m[48;2;40;44;59m[38;2;40;44;59m▒[0m[48;2;40;44;59m[38;2;40;44;59m▒[0m[48;2;42;43;59m[38;2;42;43;59m▒[0m[48;2;51;50;64m[38;2;51;50;64m▒[0m[48;2;68;66;79m[38;2;68;66;79m░[0m[48;2;58;56;67m[38;2;58;56;67m░[0m[48;2;30;25;35m[38;2;30;25;35m▓[0m[48;2;84;73;85m[38;2;84;73;85m@[0m[48;2;151;135;148m[38;2;151;135;148m*[0m[48;2;161;140;155m[38;2;161;140;155m+[0m[48;2;161;140;155m[38;2;161;140;155m+[0m[48;2;161;140;155m[38;2;161;140;155m+[0m[48;2;81;69;79m[38;2;81;69;79m@[0m[48;2;32;30;34m[38;2;32;30;34m▓[0m[48;2;131;130;132m[38;2;131;130;132m*[0m                                   
                                     [48;2;213;213;213m[38;2;213;213;213m:[0m[48;2;48;42;47m[38;2;48;42;47m▒[0m[48;2;157;140;151m[38;2;157;140;151m+[0m[48;2;161;142;154m[38;2;161;142;154m+[0m[48;2;81;67;78m[38;2;81;67;78m░[0m[48;2;29;22;32m[38;2;29;22;32m▓[0m[48;2;32;30;44m[38;2;32;30;44m▓[0m[48;2;42;43;59m[38;2;42;43;59m▒[0m[48;2;41;43;59m[38;2;41;43;59m▒[0m[48;2;40;44;59m[38;2;40;44;59m▒[0m[48;2;40;44;59m[38;2;40;44;59m▒[0m[48;2;41;43;59m[38;2;41;43;59m▒[0m[48;2;44;45;60m[38;2;44;45;60m▒[0m[48;2;60;60;75m[38;2;60;60;75m░[0m[48;2;49;49;64m[38;2;49;49;64m▒[0m[48;2;59;58;70m[38;2;59;58;70m░[0m[48;2;43;39;49m[38;2;43;39;49m▒[0m[48;2;46;39;48m[38;2;46;39;48m▒[0m[48;2;96;83;95m[38;2;96;83;95m@[0m[48;2;150;132;146m[38;2;150;132;146m*[0m[48;2;161;140;155m[38;2;161;140;155m+[0m[48;2;161;140;155m[38;2;161;140;155m+[0m[48;2;161;140;155m[38;2;161;140;155m+[0m[48;2;161;140;155m[38;2;161;140;155m+[0m[48;2;161;140;155m[38;2;161;140;155m+[0m[48;2;92;80;90m[38;2;92;80;90m@[0m[48;2;13;11;14m[38;2;13;11;14m█[0m[48;2;196;195;197m[38;2;196;195;197m-[0m                                   
                                     [48;2;98;97;98m[38;2;98;97;98m%[0m[48;2;122;111;119m[38;2;122;111;119m#[0m[48;2;161;142;154m[38;2;161;142;154m+[0m[48;2;162;142;154m[38;2;162;142;154m+[0m[48;2;102;87;98m[38;2;102;87;98m%[0m[48;2;83;73;83m[38;2;83;73;83m@[0m[48;2;57;48;60m[38;2;57;48;60m▒[0m[48;2;28;22;35m[38;2;28;22;35m▓[0m[48;2;41;39;54m[38;2;41;39;54m▒[0m[48;2;43;43;58m[38;2;43;43;58m▒[0m[48;2;55;56;70m[38;2;55;56;70m░[0m[48;2;66;63;77m[38;2;66;63;77m░[0m[48;2;60;55;67m[38;2;60;55;67m░[0m[48;2;29;24;36m[38;2;29;24;36m▓[0m[48;2;47;39;50m[38;2;47;39;50m▒[0m[48;2;88;76;86m[38;2;88;76;86m@[0m[48;2;136;121;132m[38;2;136;121;132m#[0m[48;2;158;141;154m[38;2;158;141;154m+[0m[48;2;159;139;154m[38;2;159;139;154m+[0m[48;2;156;136;150m[38;2;156;136;150m*[0m[48;2;161;140;155m[38;2;161;140;155m+[0m[48;2;161;140;155m[38;2;161;140;155m+[0m[48;2;161;140;155m[38;2;161;140;155m+[0m[48;2;161;140;155m[38;2;161;140;155m+[0m[48;2;161;140;155m[38;2;161;140;155m+[0m[48;2;63;52;62m[38;2;63;52;62m░[0m[48;2;148;146;149m[38;2;148;146;149m+[0m[48;2;153;152;153m[38;2;153;152;153m+[0m[48;2;177;176;178m[38;2;177;176;178m=[0m[48;2;205;205;205m[38;2;205;205;205m:[0m                                 
                                     [48;2;40;36;40m[38;2;40;36;40m▒[0m[48;2;157;141;152m[38;2;157;141;152m+[0m[48;2;161;140;155m[38;2;161;140;155m+[0m[48;2;161;140;155m[38;2;161;140;155m+[0m[48;2;157;138;152m[38;2;157;138;152m*[0m[48;2;50;38;48m[38;2;50;38;48m▒[0m[48;2;103;90;101m[38;2;103;90;101m%[0m[48;2;102;87;100m[38;2;102;87;100m%[0m[48;2;85;73;84m[38;2;85;73;84m@[0m[48;2;72;62;72m[38;2;72;62;72m░[0m[48;2;30;23;32m[38;2;30;23;32m▓[0m[48;2;79;70;79m[38;2;79;70;79m@[0m[48;2;111;99;109m[38;2;111;99;109m%[0m[48;2;146;130;142m[38;2;146;130;142m*[0m[48;2;159;140;154m[38;2;159;140;154m+[0m[48;2;141;123;137m[38;2;141;123;137m*[0m[48;2;109;93;106m[38;2;109;93;106m%[0m[48;2;79;65;77m[38;2;79;65;77m░[0m[48;2;71;59;70m[38;2;71;59;70m░[0m[48;2;113;96;109m[38;2;113;96;109m%[0m[48;2;161;140;155m[38;2;161;140;155m+[0m[48;2;161;140;155m[38;2;161;140;155m+[0m[48;2;161;140;155m[38;2;161;140;155m+[0m[48;2;161;140;155m[38;2;161;140;155m+[0m[48;2;141;123;136m[38;2;141;123;136m*[0m[48;2;16;8;16m[38;2;16;8;16m█[0m[48;2;22;17;24m[38;2;22;17;24m▓[0m[48;2;197;194;200m[38;2;197;194;200m-[0m[48;2;67;62;67m[38;2;67;62;67m░[0m[48;2;40;37;40m[38;2;40;37;40m▒[0m[48;2;172;171;172m[38;2;172;171;172m=[0m                                
                                    [48;2;226;226;226m[38;2;226;226;226m.[0m[48;2;48;42;47m[38;2;48;42;47m▒[0m[48;2;159;142;155m[38;2;159;142;155m+[0m[48;2;161;140;155m[38;2;161;140;155m+[0m[48;2;161;140;155m[38;2;161;140;155m+[0m[48;2;161;140;155m[38;2;161;140;155m+[0m[48;2;146;129;141m[38;2;146;129;141m*[0m[48;2;44;33;42m[38;2;44;33;42m▒[0m[48;2;23;15;23m[38;2;23;15;23m▓[0m[48;2;105;96;105m[38;2;105;96;105m%[0m[48;2;32;23;32m[38;2;32;23;32m▓[0m[48;2;41;34;41m[38;2;41;34;41m▒[0m[48;2;85;77;85m[38;2;85;77;85m@[0m[48;2;78;68;78m[38;2;78;68;78m░[0m[48;2;75;65;76m[38;2;75;65;76m░[0m[48;2;76;64;75m[38;2;76;64;75m░[0m[48;2;93;79;91m[38;2;93;79;91m@[0m[48;2;127;110;123m[38;2;127;110;123m#[0m[48;2;157;137;151m[38;2;157;137;151m*[0m[48;2;161;140;155m[38;2;161;140;155m+[0m[48;2;161;140;155m[38;2;161;140;155m+[0m[48;2;161;140;155m[38;2;161;140;155m+[0m[48;2;161;140;155m[38;2;161;140;155m+[0m[48;2;161;140;155m[38;2;161;140;155m+[0m[48;2;160;140;155m[38;2;160;140;155m+[0m[48;2;58;46;56m[38;2;58;46;56m▒[0m[48;2;27;21;30m[38;2;27;21;30m▓[0m[48;2;19;14;25m[38;2;19;14;25m█[0m[48;2;173;170;175m[38;2;173;170;175m=[0m[48;2;222;221;222m[38;2;222;221;222m.[0m[48;2;41;40;41m[38;2;41;40;41m▒[0m                                 
                                    [48;2;232;232;232m[38;2;232;232;232m.[0m[48;2;44;38;43m[38;2;44;38;43m▒[0m[48;2;160;142;155m[38;2;160;142;155m+[0m[48;2;161;140;155m[38;2;161;140;155m+[0m[48;2;161;140;155m[38;2;161;140;155m+[0m[48;2;161;140;155m[38;2;161;140;155m+[0m[48;2;161;140;155m[38;2;161;140;155m+[0m[48;2;158;138;153m[38;2;158;138;153m*[0m[48;2;59;47;56m[38;2;59;47;56m▒[0m[48;2;8;3;9m[38;2;8;3;9m█[0m[48;2;9;6;10m[38;2;9;6;10m█[0m[48;2;28;25;30m[38;2;28;25;30m▓[0m[48;2;73;66;74m[38;2;73;66;74m░[0m[48;2;122;109;120m[38;2;122;109;120m#[0m[48;2;158;139;153m[38;2;158;139;153m*[0m[48;2;161;140;155m[38;2;161;140;155m+[0m[48;2;161;140;155m[38;2;161;140;155m+[0m[48;2;161;140;155m[38;2;161;140;155m+[0m[48;2;161;140;155m[38;2;161;140;155m+[0m[48;2;161;140;155m[38;2;161;140;155m+[0m[48;2;161;140;155m[38;2;161;140;155m+[0m[48;2;161;140;155m[38;2;161;140;155m+[0m[48;2;161;140;155m[38;2;161;140;155m+[0m[48;2;161;140;155m[38;2;161;140;155m+[0m[48;2;152;132;147m[38;2;152;132;147m*[0m[48;2;49;38;46m[38;2;49;38;46m▒[0m[48;2;24;18;29m[38;2;24;18;29m▓[0m[48;2;26;22;33m[38;2;26;22;33m▓[0m[48;2;115;113;117m[38;2;115;113;117m#[0m[48;2;199;197;199m[38;2;199;197;199m-[0m[48;2;52;52;52m[38;2;52;52;52m▒[0m[48;2;122;122;122m[38;2;122;122;122m#[0m[48;2;147;147;147m[38;2;147;147;147m+[0m[48;2;164;164;164m[38;2;164;164;164m+[0m[48;2;197;196;197m[38;2;197;196;197m-[0m[48;2;239;239;239m[38;2;239;239;239m [0m                            
                                    [48;2;186;186;186m[38;2;186;186;186m-[0m[48;2;16;11;14m[38;2;16;11;14m█[0m[48;2;143;127;139m[38;2;143;127;139m*[0m[48;2;161;140;155m[38;2;161;140;155m+[0m[48;2;161;140;155m[38;2;161;140;155m+[0m[48;2;161;140;155m[38;2;161;140;155m+[0m[48;2;161;140;155m[38;2;161;140;155m+[0m[48;2;161;140;155m[38;2;161;140;155m+[0m[48;2;55;42;52m[38;2;55;42;52m▒[0m[48;2;34;27;37m[38;2;34;27;37m▓[0m[48;2;3;1;7m[38;2;3;1;7m█[0m[48;2;15;14;19m[38;2;15;14;19m█[0m[48;2;18;14;20m[38;2;18;14;20m█[0m[48;2;48;40;48m[38;2;48;40;48m▒[0m[48;2;154;138;150m[38;2;154;138;150m*[0m[48;2;161;140;155m[38;2;161;140;155m+[0m[48;2;161;140;155m[38;2;161;140;155m+[0m[48;2;161;140;155m[38;2;161;140;155m+[0m[48;2;161;140;155m[38;2;161;140;155m+[0m[48;2;161;140;155m[38;2;161;140;155m+[0m[48;2;161;140;155m[38;2;161;140;155m+[0m[48;2;161;140;155m[38;2;161;140;155m+[0m[48;2;161;140;155m[38;2;161;140;155m+[0m[48;2;161;140;155m[38;2;161;140;155m+[0m[48;2;161;140;155m[38;2;161;140;155m+[0m[48;2;149;133;145m[38;2;149;133;145m*[0m[48;2;32;25;35m[38;2;32;25;35m▓[0m[48;2;22;18;27m[38;2;22;18;27m▓[0m[48;2;102;100;103m[38;2;102;100;103m%[0m[48;2;151;148;152m[38;2;151;148;152m+[0m[48;2;43;41;42m[38;2;43;41;42m▒[0m[48;2;84;84;84m[38;2;84;84;84m@[0m[48;2;96;96;96m[38;2;96;96;96m%[0m[48;2;54;54;54m[38;2;54;54;54m▒[0m[48;2;42;40;41m[38;2;42;40;41m▒[0m[48;2;64;60;64m[38;2;64;60;64m░[0m[48;2;86;80;85m[38;2;86;80;85m@[0m[48;2;148;147;148m[38;2;148;147;148m+[0m                          
                                     [48;2;201;199;200m[38;2;201;199;200m-[0m[48;2;54;47;53m[38;2;54;47;53m▒[0m[48;2;152;134;147m[38;2;152;134;147m*[0m[48;2;161;140;155m[38;2;161;140;155m+[0m[48;2;161;140;155m[38;2;161;140;155m+[0m[48;2;161;140;155m[38;2;161;140;155m+[0m[48;2;161;140;155m[38;2;161;140;155m+[0m[48;2;96;81;93m[38;2;96;81;93m@[0m[48;2;40;29;40m[38;2;40;29;40m▓[0m[48;2;11;7;13m[38;2;11;7;13m█[0m[48;2;11;8;14m[38;2;11;8;14m█[0m[48;2;19;17;22m[38;2;19;17;22m█[0m[48;2;11;7;13m[38;2;11;7;13m█[0m[48;2;71;61;70m[38;2;71;61;70m░[0m[48;2;159;141;155m[38;2;159;141;155m+[0m[48;2;161;140;155m[38;2;161;140;155m+[0m[48;2;161;140;155m[38;2;161;140;155m+[0m[48;2;161;140;155m[38;2;161;140;155m+[0m[48;2;161;140;155m[38;2;161;140;155m+[0m[48;2;161;140;155m[38;2;161;140;155m+[0m[48;2;161;140;155m[38;2;161;140;155m+[0m[48;2;161;140;155m[38;2;161;140;155m+[0m[48;2;161;140;155m[38;2;161;140;155m+[0m[48;2;161;140;155m[38;2;161;140;155m+[0m[48;2;160;139;154m[38;2;160;139;154m+[0m[48;2;146;127;141m[38;2;146;127;141m*[0m[48;2;62;50;61m[38;2;62;50;61m▒[0m[48;2;56;51;56m[38;2;56;51;56m▒[0m[48;2;33;29;33m[38;2;33;29;33m▓[0m[48;2;127;125;127m[38;2;127;125;127m#[0m[48;2;196;196;196m[38;2;196;196;196m-[0m[48;2;186;185;185m[38;2;186;185;185m-[0m[48;2;178;178;178m[38;2;178;178;178m=[0m[48;2;83;80;81m[38;2;83;80;81m@[0m[48;2;86;78;84m[38;2;86;78;84m@[0m[48;2;153;140;149m[38;2;153;140;149m*[0m[48;2;100;89;97m[38;2;100;89;97m%[0m[48;2;115;112;115m[38;2;115;112;115m#[0m                         
                                      [48;2;152;152;152m[38;2;152;152;152m+[0m[48;2;28;23;28m[38;2;28;23;28m▓[0m[48;2;107;94;105m[38;2;107;94;105m%[0m[48;2;157;139;153m[38;2;157;139;153m*[0m[48;2;161;140;155m[38;2;161;140;155m+[0m[48;2;161;140;155m[38;2;161;140;155m+[0m[48;2;161;141;155m[38;2;161;141;155m+[0m[48;2;157;138;152m[38;2;157;138;152m*[0m[48;2;60;48;58m[38;2;60;48;58m▒[0m[48;2;37;28;37m[38;2;37;28;37m▓[0m[48;2;21;15;22m[38;2;21;15;22m█[0m[48;2;78;71;77m[38;2;78;71;77m@[0m[48;2;72;62;71m[38;2;72;62;71m░[0m[48;2;76;64;74m[38;2;76;64;74m░[0m[48;2;110;96;107m[38;2;110;96;107m%[0m[48;2;146;128;142m[38;2;146;128;142m*[0m[48;2;161;140;155m[38;2;161;140;155m+[0m[48;2;161;140;155m[38;2;161;140;155m+[0m[48;2;161;140;155m[38;2;161;140;155m+[0m[48;2;161;140;155m[38;2;161;140;155m+[0m[48;2;161;140;155m[38;2;161;140;155m+[0m[48;2;161;140;155m[38;2;161;140;155m+[0m[48;2;161;140;155m[38;2;161;140;155m+[0m[48;2;161;140;155m[38;2;161;140;155m+[0m[48;2;161;140;155m[38;2;161;140;155m+[0m[48;2;161;140;155m[38;2;161;140;155m+[0m[48;2;151;133;147m[38;2;151;133;147m*[0m[48;2;131;115;127m[38;2;131;115;127m#[0m[48;2;115;105;113m[38;2;115;105;113m%[0m[48;2;103;95;102m[38;2;103;95;102m%[0m[48;2;110;102;108m[38;2;110;102;108m%[0m[48;2;111;101;108m[38;2;111;101;108m%[0m[48;2;133;120;130m[38;2;133;120;130m#[0m[48;2;149;135;145m[38;2;149;135;145m*[0m[48;2;133;118;128m[38;2;133;118;128m#[0m[48;2;81;69;79m[38;2;81;69;79m@[0m[48;2;36;30;37m[38;2;36;30;37m▓[0m[48;2;195;194;197m[38;2;195;194;197m-[0m                        
                                       [48;2;74;72;75m[38;2;74;72;75m░[0m[48;2;84;79;85m[38;2;84;79;85m@[0m[48;2;61;53;60m[38;2;61;53;60m░[0m[48;2;147;131;143m[38;2;147;131;143m*[0m[48;2;160;141;155m[38;2;160;141;155m+[0m[48;2;161;140;155m[38;2;161;140;155m+[0m[48;2;161;140;155m[38;2;161;140;155m+[0m[48;2;161;140;155m[38;2;161;140;155m+[0m[48;2;161;140;155m[38;2;161;140;155m+[0m[48;2;148;129;143m[38;2;148;129;143m*[0m[48;2;77;62;73m[38;2;77;62;73m░[0m[48;2;74;63;72m[38;2;74;63;72m░[0m[48;2;61;52;60m[38;2;61;52;60m░[0m[48;2;12;8;13m[38;2;12;8;13m█[0m[48;2;23;16;23m[38;2;23;16;23m▓[0m[48;2;111;96;107m[38;2;111;96;107m%[0m[48;2;161;140;155m[38;2;161;140;155m+[0m[48;2;123;104;118m[38;2;123;104;118m#[0m[48;2;154;134;149m[38;2;154;134;149m*[0m[48;2;160;141;155m[38;2;160;141;155m+[0m[48;2;160;141;155m[38;2;160;141;155m+[0m[48;2;154;134;149m[38;2;154;134;149m*[0m[48;2;158;138;153m[38;2;158;138;153m*[0m[48;2;160;140;155m[38;2;160;140;155m+[0m[48;2;161;140;155m[38;2;161;140;155m+[0m[48;2;161;140;155m[38;2;161;140;155m+[0m[48;2;161;140;155m[38;2;161;140;155m+[0m[48;2;135;117;131m[38;2;135;117;131m#[0m[48;2;87;72;84m[38;2;87;72;84m@[0m[48;2;82;68;80m[38;2;82;68;80m@[0m[48;2;81;67;79m[38;2;81;67;79m░[0m[48;2;81;68;79m[38;2;81;68;79m░[0m[48;2;85;72;84m[38;2;85;72;84m@[0m[48;2;100;88;99m[38;2;100;88;99m%[0m[48;2;127;114;124m[38;2;127;114;124m#[0m[48;2;105;93;103m[38;2;105;93;103m%[0m[48;2;102;98;104m[38;2;102;98;104m%[0m                        
                                        [48;2;146;144;146m[38;2;146;144;146m*[0m[48;2;123;120;123m[38;2;123;120;123m#[0m[48;2;63;59;64m[38;2;63;59;64m░[0m[48;2;92;80;91m[38;2;92;80;91m@[0m[48;2;152;134;148m[38;2;152;134;148m*[0m[48;2;160;141;155m[38;2;160;141;155m+[0m[48;2;161;140;155m[38;2;161;140;155m+[0m[48;2;161;140;155m[38;2;161;140;155m+[0m[48;2;161;140;155m[38;2;161;140;155m+[0m[48;2;161;140;155m[38;2;161;140;155m+[0m[48;2;154;136;149m[38;2;154;136;149m*[0m[48;2;128;111;123m[38;2;128;111;123m#[0m[48;2;119;103;115m[38;2;119;103;115m%[0m[48;2;153;137;150m[38;2;153;137;150m*[0m[48;2;159;140;154m[38;2;159;140;154m+[0m[48;2;161;140;155m[38;2;161;140;155m+[0m[48;2;128;109;123m[38;2;128;109;123m#[0m[48;2;77;61;73m[38;2;77;61;73m░[0m[48;2;77;62;74m[38;2;77;62;74m░[0m[48;2;81;67;79m[38;2;81;67;79m░[0m[48;2;47;35;45m[38;2;47;35;45m▒[0m[48;2;19;9;18m[38;2;19;9;18m█[0m[48;2;36;26;35m[38;2;36;26;35m▓[0m[48;2;46;36;45m[38;2;46;36;45m▒[0m[48;2;56;46;55m[38;2;56;46;55m▒[0m[48;2;70;58;68m[38;2;70;58;68m░[0m[48;2;76;62;73m[38;2;76;62;73m░[0m[48;2;78;65;75m[38;2;78;65;75m░[0m[48;2;79;67;76m[38;2;79;67;76m░[0m[48;2;78;67;76m[38;2;78;67;76m░[0m[48;2;70;61;70m[38;2;70;61;70m░[0m[48;2;59;51;59m[38;2;59;51;59m▒[0m[48;2;87;80;87m[38;2;87;80;87m@[0m[48;2;95;89;94m[38;2;95;89;94m@[0m[48;2;108;103;108m[38;2;108;103;108m%[0m[48;2;234;232;234m[38;2;234;232;234m.[0m                        
                                         [48;2;191;191;191m[38;2;191;191;191m-[0m[48;2;12;11;15m[38;2;12;11;15m█[0m[48;2;14;10;17m[38;2;14;10;17m█[0m[48;2;17;12;21m[38;2;17;12;21m█[0m[48;2;76;66;83m[38;2;76;66;83m░[0m[48;2;126;111;123m[38;2;126;111;123m#[0m[48;2;155;137;151m[38;2;155;137;151m*[0m[48;2;161;140;155m[38;2;161;140;155m+[0m[48;2;161;140;155m[38;2;161;140;155m+[0m[48;2;161;140;155m[38;2;161;140;155m+[0m[48;2;160;140;155m[38;2;160;140;155m+[0m[48;2;99;84;96m[38;2;99;84;96m@[0m[48;2;73;60;71m[38;2;73;60;71m░[0m[48;2;117;102;115m[38;2;117;102;115m%[0m[48;2;139;123;136m[38;2;139;123;136m*[0m[48;2;156;138;151m[38;2;156;138;151m*[0m[48;2;160;141;155m[38;2;160;141;155m+[0m[48;2;160;141;155m[38;2;160;141;155m+[0m[48;2;159;139;153m[38;2;159;139;153m+[0m[48;2;154;134;148m[38;2;154;134;148m*[0m[48;2;152;132;146m[38;2;152;132;146m*[0m[48;2;152;132;146m[38;2;152;132;146m*[0m[48;2;154;134;148m[38;2;154;134;148m*[0m[48;2;157;137;150m[38;2;157;137;150m*[0m[48;2;159;142;152m[38;2;159;142;152m+[0m[48;2;159;142;153m[38;2;159;142;153m+[0m[48;2;156;139;149m[38;2;156;139;149m*[0m[48;2;131;115;126m[38;2;131;115;126m#[0m[48;2;89;77;87m[38;2;89;77;87m@[0m[48;2;80;73;80m[38;2;80;73;80m@[0m[48;2;171;168;172m[38;2;171;168;172m=[0m                            
                                        [48;2;223;223;224m[38;2;223;223;224m.[0m[48;2;30;29;33m[38;2;30;29;33m▓[0m[48;2;34;31;44m[38;2;34;31;44m▓[0m[48;2;23;18;33m[38;2;23;18;33m▓[0m[48;2;8;4;17m[38;2;8;4;17m█[0m[48;2;83;71;138m[38;2;83;71;138m@[0m[48;2;68;59;106m[38;2;68;59;106m░[0m[48;2;37;27;75m[38;2;37;27;75m▓[0m[48;2;42;34;47m[38;2;42;34;47m▒[0m[48;2;73;63;84m[38;2;73;63;84m░[0m[48;2;97;86;100m[38;2;97;86;100m@[0m[48;2;118;106;118m[38;2;118;106;118m#[0m[48;2;139;125;137m[38;2;139;125;137m*[0m[48;2;145;131;144m[38;2;145;131;144m*[0m[48;2;106;94;106m[38;2;106;94;106m%[0m[48;2;60;51;61m[38;2;60;51;61m▒[0m[48;2;29;23;30m[38;2;29;23;30m▓[0m[48;2;29;23;29m[38;2;29;23;29m▓[0m[48;2;46;39;47m[38;2;46;39;47m▒[0m[48;2;62;54;63m[38;2;62;54;63m░[0m[48;2;71;63;71m[38;2;71;63;71m░[0m[48;2;75;67;75m[38;2;75;67;75m░[0m[48;2;78;69;77m[38;2;78;69;77m░[0m[48;2;77;67;75m[38;2;77;67;75m░[0m[48;2;71;60;70m[38;2;71;60;70m░[0m[48;2;55;47;54m[38;2;55;47;54m▒[0m[48;2;38;31;39m[38;2;38;31;39m▓[0m[48;2;83;76;84m[38;2;83;76;84m@[0m[48;2;154;149;154m[38;2;154;149;154m+[0m[48;2;218;214;218m[38;2;218;214;218m:[0m                              
                                        [48;2;73;72;74m[38;2;73;72;74m░[0m[48;2;28;24;36m[38;2;28;24;36m▓[0m[48;2;37;31;51m[38;2;37;31;51m▓[0m[48;2;37;32;51m[38;2;37;32;51m▓[0m[48;2;11;7;21m[38;2;11;7;21m█[0m[48;2;84;72;143m[38;2;84;72;143m@[0m[48;2;94;83;147m[38;2;94;83;147m%[0m[48;2;72;57;149m[38;2;72;57;149m░[0m[48;2;7;2;30m[38;2;7;2;30m█[0m[48;2;49;36;107m[38;2;49;36;107m▒[0m[48;2;70;57;138m[38;2;70;57;138m░[0m[48;2;54;40;132m[38;2;54;40;132m▒[0m[48;2;46;35;101m[38;2;46;35;101m▒[0m[48;2;39;25;105m[38;2;39;25;105m▒[0m[48;2;49;39;78m[38;2;49;39;78m▒[0m[48;2;30;23;53m[38;2;30;23;53m▓[0m[48;2;33;28;36m[38;2;33;28;36m▓[0m[48;2;34;31;39m[38;2;34;31;39m▓[0m[48;2;15;12;22m[38;2;15;12;22m█[0m[48;2;11;8;17m[38;2;11;8;17m█[0m[48;2;11;8;17m[38;2;11;8;17m█[0m[48;2;12;9;18m[38;2;12;9;18m█[0m[48;2;12;9;18m[38;2;12;9;18m█[0m[48;2;13;10;19m[38;2;13;10;19m█[0m[48;2;18;14;26m[38;2;18;14;26m█[0m[48;2;23;19;34m[38;2;23;19;34m▓[0m[48;2;28;22;42m[38;2;28;22;42m▓[0m[48;2;24;19;36m[38;2;24;19;36m▓[0m[48;2;42;37;50m[38;2;42;37;50m▒[0m[48;2;101;98;105m[38;2;101;98;105m%[0m[48;2;180;179;182m[38;2;180;179;182m=[0m                             
                                       [48;2;180;180;180m[38;2;180;180;180m=[0m[48;2;17;15;21m[38;2;17;15;21m█[0m[48;2;37;31;49m[38;2;37;31;49m▓[0m[48;2;37;31;52m[38;2;37;31;52m▓[0m[48;2;37;31;52m[38;2;37;31;52m▓[0m[48;2;13;9;24m[38;2;13;9;24m█[0m[48;2;76;65;126m[38;2;76;65;126m@[0m[48;2;87;74;153m[38;2;87;74;153m@[0m[48;2;86;72;154m[38;2;86;72;154m@[0m[48;2;19;9;71m[38;2;19;9;71m▓[0m[48;2;75;72;80m[38;2;75;72;80m@[0m[48;2;37;27;87m[38;2;37;27;87m▒[0m[48;2;79;66;157m[38;2;79;66;157m@[0m[48;2;77;62;164m[38;2;77;62;164m@[0m[48;2;80;65;165m[38;2;80;65;165m@[0m[48;2;72;52;168m[38;2;72;52;168m░[0m[48;2;41;33;80m[38;2;41;33;80m▒[0m[48;2;24;22;32m[38;2;24;22;32m▓[0m[48;2;35;32;43m[38;2;35;32;43m▓[0m[48;2;38;33;50m[38;2;38;33;50m▓[0m[48;2;37;32;51m[38;2;37;32;51m▓[0m[48;2;37;31;52m[38;2;37;31;52m▓[0m[48;2;37;31;52m[38;2;37;31;52m▓[0m[48;2;37;31;52m[38;2;37;31;52m▓[0m[48;2;36;31;51m[38;2;36;31;51m▓[0m[48;2;37;31;52m[38;2;37;31;52m▓[0m[48;2;37;31;52m[38;2;37;31;52m▓[0m[48;2;37;31;52m[38;2;37;31;52m▓[0m[48;2;37;31;52m[38;2;37;31;52m▓[0m[48;2;37;31;52m[38;2;37;31;52m▓[0m[48;2;36;30;49m[38;2;36;30;49m▓[0m[48;2;26;21;37m[38;2;26;21;37m▓[0m[48;2;38;35;45m[38;2;38;35;45m▒[0m[48;2;132;130;135m[38;2;132;130;135m*[0m[48;2;236;235;236m[38;2;236;235;236m.[0m                          
                                       [48;2;73;72;74m[38;2;73;72;74m░[0m[48;2;29;26;38m[38;2;29;26;38m▓[0m[48;2;37;32;51m[38;2;37;32;51m▓[0m[48;2;37;31;52m[38;2;37;31;52m▓[0m[48;2;37;31;52m[38;2;37;31;52m▓[0m[48;2;28;22;42m[38;2;28;22;42m▓[0m[48;2;24;19;37m[38;2;24;19;37m▓[0m[48;2;37;31;56m[38;2;37;31;56m▓[0m[48;2;43;37;66m[38;2;43;37;66m▒[0m[48;2;21;12;58m[38;2;21;12;58m▓[0m[48;2;110;107;112m[38;2;110;107;112m%[0m[48;2;162;161;165m[38;2;162;161;165m+[0m[48;2;43;38;65m[38;2;43;38;65m▒[0m[48;2;62;50;122m[38;2;62;50;122m░[0m[48;2;54;43;104m[38;2;54;43;104m▒[0m[48;2;73;70;82m[38;2;73;70;82m░[0m[48;2;132;130;133m[38;2;132;130;133m*[0m[48;2;45;43;48m[38;2;45;43;48m▒[0m[48;2;48;46;54m[38;2;48;46;54m▒[0m[48;2;62;57;70m[38;2;62;57;70m░[0m[48;2;52;47;65m[38;2;52;47;65m▒[0m[48;2;37;32;51m[38;2;37;32;51m▓[0m[48;2;37;31;51m[38;2;37;31;51m▓[0m[48;2;37;31;52m[38;2;37;31;52m▓[0m[48;2;37;31;52m[38;2;37;31;52m▓[0m[48;2;37;31;52m[38;2;37;31;52m▓[0m[48;2;37;31;52m[38;2;37;31;52m▓[0m[48;2;37;31;52m[38;2;37;31;52m▓[0m[48;2;37;31;52m[38;2;37;31;52m▓[0m[48;2;37;31;52m[38;2;37;31;52m▓[0m[48;2;37;31;52m[38;2;37;31;52m▓[0m[48;2;37;31;52m[38;2;37;31;52m▓[0m[48;2;37;31;51m[38;2;37;31;51m▓[0m[48;2;32;27;44m[38;2;32;27;44m▓[0m[48;2;31;28;39m[38;2;31;28;39m▓[0m[48;2;151;149;154m[38;2;151;149;154m+[0m                         
                                       [48;2;18;17;20m[38;2;18;17;20m█[0m[48;2;36;31;48m[38;2;36;31;48m▓[0m[48;2;37;31;52m[38;2;37;31;52m▓[0m[48;2;37;31;52m[38;2;37;31;52m▓[0m[48;2;37;31;52m[38;2;37;31;52m▓[0m[48;2;37;31;52m[38;2;37;31;52m▓[0m[48;2;37;31;52m[38;2;37;31;52m▓[0m[48;2;37;31;52m[38;2;37;31;52m▓[0m[48;2;66;61;78m[38;2;66;61;78m░[0m[48;2;24;22;31m[38;2;24;22;31m▓[0m[48;2;4;2;9m[38;2;4;2;9m█[0m[48;2;112;111;115m[38;2;112;111;115m#[0m[48;2;215;214;217m[38;2;215;214;217m:[0m[48;2;150;149;153m[38;2;150;149;153m+[0m[48;2;26;24;29m[38;2;26;24;29m▓[0m[48;2;118;117;118m[38;2;118;117;118m#[0m[48;2;218;216;215m[38;2;218;216;215m:[0m[48;2;241;239;238m[38;2;241;239;238m [0m[48;2;120;117;122m[38;2;120;117;122m#[0m[48;2;35;31;39m[38;2;35;31;39m▓[0m[48;2;35;31;41m[38;2;35;31;41m▓[0m[48;2;55;51;63m[38;2;55;51;63m▒[0m[48;2;62;58;71m[38;2;62;58;71m░[0m[48;2;47;42;59m[38;2;47;42;59m▒[0m[48;2;37;31;51m[38;2;37;31;51m▓[0m[48;2;37;31;52m[38;2;37;31;52m▓[0m[48;2;37;31;52m[38;2;37;31;52m▓[0m[48;2;37;31;52m[38;2;37;31;52m▓[0m[48;2;37;31;52m[38;2;37;31;52m▓[0m[48;2;37;31;52m[38;2;37;31;52m▓[0m[48;2;37;31;52m[38;2;37;31;52m▓[0m[48;2;37;31;52m[38;2;37;31;52m▓[0m[48;2;37;31;52m[38;2;37;31;52m▓[0m[48;2;37;31;52m[38;2;37;31;52m▓[0m[48;2;37;31;50m[38;2;37;31;50m▓[0m[48;2;24;20;34m[38;2;24;20;34m▓[0m[48;2;88;87;91m[38;2;88;87;91m@[0m                        