                                                                                                    
                                                                                                    
                                                                                                    
                                                                                                    
                                                                                                    
                                                                                                    
                                                                                                    
                                                                                                    
                                                                                                    
                                                                                                    
                                                                                                    
                                                 [48;2;232;232;232m[38;2;232;232;232m.[0m[48;2;215;215;215m[38;2;215;215;215m:[0m[48;2;205;204;206m[38;2;205;204;206m:[0m[48;2;206;205;207m[38;2;206;205;207m:[0m[48;2;219;218;219m[38;2;219;218;219m:[0m[48;2;240;240;241m[38;2;240;240;241m [0m                                             
                                             [48;2;211;211;212m[38;2;211;211;212m:[0m[48;2;111;110;114m[38;2;111;110;114m#[0m[48;2;59;58;65m[38;2;59;58;65m░[0m[48;2;32;31;40m[38;2;32;31;40m▓[0m[48;2;25;23;34m[38;2;25;23;34m▓[0m[48;2;28;27;38m[38;2;28;27;38m▓[0m[48;2;29;28;41m[38;2;29;28;41m▓[0m[48;2;29;28;40m[38;2;29;28;40m▓[0m[48;2;27;26;38m[38;2;27;26;38m▓[0m[48;2;24;22;34m[38;2;24;22;34m▓[0m[48;2;48;46;57m[38;2;48;46;57m▒[0m[48;2;95;93;101m[38;2;95;93;101m%[0m[48;2;161;160;164m[38;2;161;160;164m+[0m[48;2;240;239;241m[38;2;240;239;241m [0m                                         
                                            [48;2;130;129;132m[38;2;130;129;132m*[0m[48;2;25;24;31m[38;2;25;24;31m▓[0m[48;2;40;38;52m[38;2;40;38;52m▒[0m[48;2;44;42;59m[38;2;44;42;59m▒[0m[48;2;42;43;59m[38;2;42;43;59m▒[0m[48;2;41;43;59m[38;2;41;43;59m▒[0m[48;2;40;44;59m[38;2;40;44;59m▒[0m[48;2;40;44;59m[38;2;40;44;59m▒[0m[48;2;40;44;59m[38;2;40;44;59m▒[0m[48;2;40;44;59m[38;2;40;44;59m▒[0m[48;2;40;44;59m[38;2;40;44;59m▒[0m[48;2;41;43;59m[38;2;41;43;59m▒[0m[48;2;41;42;59m[38;2;41;42;59m▒[0m[48;2;32;32;47m[38;2;32;32;47m▓[0m[48;2;32;31;43m[38;2;32;31;43m▓[0m[48;2;120;119;125m[38;2;120;119;125m#[0m[48;2;207;207;209m[38;2;207;207;209m:[0m                                       
                                           [48;2;99;98;101m[38;2;99;98;101m%[0m[48;2;29;27;36m[38;2;29;27;36m▓[0m[48;2;42;42;58m[38;2;42;42;58m▒[0m[48;2;41;43;59m[38;2;41;43;59m▒[0m[48;2;41;43;59m[38;2;41;43;59m▒[0m[48;2;40;44;59m[38;2;40;44;59m▒[0m[48;2;40;44;59m[38;2;40;44;59m▒[0m[48;2;40;44;59m[38;2;40;44;59m▒[0m[48;2;40;44;59m[38;2;40;44;59m▒[0m[48;2;40;44;59m[38;2;40;44;59m▒[0m[48;2;40;44;59m[38;2;40;44;59m▒[0m[48;2;40;44;59m[38;2;40;44;59m▒[0m[48;2;40;44;59m[38;2;40;44;59m▒[0m[48;2;40;44;59m[38;2;40;44;59m▒[0m[48;2;40;44;59m[38;2;40;44;59m▒[0m[48;2;41;43;58m[38;2;41;43;58m▒[0m[48;2;53;52;61m[38;2;53;52;61m▒[0m[48;2;6;5;9m[38;2;6;5;9m█[0m[48;2;78;77;82m[38;2;78;77;82m@[0m[48;2;216;215;217m[38;2;216;215;217m:[0m                                     
                                         [48;2;162;161;163m[38;2;162;161;163m+[0m[48;2;12;11;14m[38;2;12;11;14m█[0m[48;2;27;26;33m[38;2;27;26;33m▓[0m[48;2;44;43;57m[38;2;44;43;57m▒[0m[48;2;41;43;60m[38;2;41;43;60m▒[0m[48;2;40;44;59m[38;2;40;44;59m▒[0m[48;2;40;44;59m[38;2;40;44;59m▒[0m[48;2;40;44;59m[38;2;40;44;59m▒[0m[48;2;40;44;59m[38;2;40;44;59m▒[0m[48;2;40;44;59m[38;2;40;44;59m▒[0m[48;2;40;44;59m[38;2;40;44;59m▒[0m[48;2;40;44;59m[38;2;40;44;59m▒[0m[48;2;40;44;59m[38;2;40;44;59m▒[0m[48;2;40;44;59m[38;2;40;44;59m▒[0m[48;2;40;44;59m[38;2;40;44;59m▒[0m[48;2;40;44;59m[38;2;40;44;59m▒[0m[48;2;40;44;59m[38;2;40;44;59m▒[0m[48;2;45;46;60m[38;2;45;46;60m▒[0m[48;2;74;75;81m[38;2;74;75;81m@[0m[48;2;16;14;20m[38;2;16;14;20m█[0m[48;2;117;111;118m[38;2;117;111;118m#[0m[48;2;54;50;56m[38;2;54;50;56m▒[0m[48;2;207;207;208m[38;2;207;207;208m:[0m                                    
                                         [48;2;30;27;31m[38;2;30;27;31m▓[0m[48;2;15;13;20m[38;2;15;13;20m█[0m[48;2;44;43;54m[38;2;44;43;54m▒[0m[48;2;41;43;59m[38;2;41;43;59m▒[0m[48;2;40;44;59m[38;2;40;44;59m▒[0m[48;2;40;44;59m[38;2;40;44;59m▒[0m[48;2;40;44;59m[38;2;40;44;59m▒[0m[48;2;40;44;59m[38;2;40;44;59m▒[0m[48;2;40;44;59m[38;2;40;44;59m▒[0m[48;2;40;44;59m[38;2;40;44;59m▒[0m[48;2;40;44;59m[38;2;40;44;59m▒[0m[48;2;40;44;59m[38;2;40;44;59m▒[0m[48;2;40;44;59m[38;2;40;44;59m▒[0m[48;2;40;44;59m[38;2;40;44;59m▒[0m[48;2;40;44;59m[38;2;40;44;59m▒[0m[48;2;40;44;59m[38;2;40;44;59m▒[0m[48;2;40;44;59m[38;2;40;44;59m▒[0m[48;2;56;59;72m[38;2;56;59;72m░[0m[48;2;48;45;55m[38;2;48;45;55m▒[0m[48;2;20;13;25m[38;2;20;13;25m█[0m[48;2;110;99;110m[38;2;110;99;110m%[0m[48;2;119;106;117m[38;2;119;106;117m#[0m[48;2;60;55;60m[38;2;60;55;60m░[0m                                    
                                       [48;2;233;233;233m[38;2;233;233;233m.[0m[48;2;66;64;67m[38;2;66;64;67m░[0m[48;2;28;24;30m[38;2;28;24;30m▓[0m[48;2;30;28;38m[38;2;30;28;38m▓[0m[48;2;41;43;58m[38;2;41;43;58m▒[0m[48;2;40;44;59m[38;2;40;44;59m▒[0m[48;2;40;44;59m[38;2;40;44;59m▒[0m[48;2;40;44;59m[38;2;40;44;59m▒[0m[48;2;40;44;59m[38;2;40;44;59m▒[0m[48;2;40;44;59m[38;2;40;44;59m▒[0m[48;2;40;44;59m[38;2;40;44;59m▒[0m[48;2;40;44;59m[38;2;40;44;59m▒[0m[48;2;40;44;59m[38;2;40;44;59m▒[0m[48;2;40;44;59m[38;2;40;44;59m▒[0m[48;2;40;44;59m[38;2;40;44;59m▒[0m[48;2;40;44;59m[38;2;40;44;59m▒[0m[48;2;41;43;59m[38;2;41;43;59m▒[0m[48;2;42;42;59m[38;2;42;42;59m▒[0m[48;2;60;60;76m[38;2;60;60;76m░[0m[48;2;58;58;72m[38;2;58;58;72m░[0m[48;2;25;21;33m[38;2;25;21;33m▓[0m[48;2;97;88;100m[38;2;97;88;100m%[0m[48;2;104;93;102m[38;2;104;93;102m%[0m[48;2;39;29;38m[38;2;39;29;38m▓[0m[48;2;73;65;73m[38;2;73;65;73m░[0m[48;2;177;176;178m[38;2;177;176;178m=[0m                                   
                                       [48;2;57;55;57m[38;2;57;55;57m░[0m[48;2;106;96;104m[38;2;106;96;104m%[0m[48;2;67;58;66m[38;2;67;58;66m░[0m[48;2;34;32;42m[38;2;34;32;42m▓[0m[48;2;40;43;59m[38;2;40;43;59m▒[0m[48;2;40;44;59m[38;2;40;44;59m▒[0m[48;2;40;44;59m[38;2;40;44;59m▒[0m[48;2;40;44;59m[38;2;40;44;59m▒[0m[48;2;40;44;59m[38;2;40;44;59m▒[0m[48;2;40;44;59m[38;2;40;44;59m▒[0m[48;2;40;44;59m[38;2;40;44;59m▒[0m[48;2;40;44;59m[38;2;40;44;59m▒[0m[48;2;40;44;59m[38;2;40;44;59m▒[0m[48;2;40;44;59m[38;2;40;44;59m▒[0m[48;2;41;43;59m[38;2;41;43;59m▒[0m[48;2;42;42;59m[38;2;42;42;59m▒[0m[48;2;48;46;63m[38;2;48;46;63m▒[0m[48;2;71;68;84m[38;2;71;68;84m░[0m[48;2;51;47;60m[38;2;51;47;60m▒[0m[48;2;31;26;37m[38;2;31;26;37m▓[0m[48;2;112;100;112m[38;2;112;100;112m%[0m[48;2;155;139;152m[38;2;155;139;152m*[0m[48;2;154;138;151m[38;2;154;138;151m*[0m[48;2;52;41;50m[38;2;52;41;50m▒[0m[48;2;84;76;84m[38;2;84;76;84m@[0m[48;2;126;125;128m[38;2;126;125;128m#[0m                                   
                                      [48;2;108;108;108m[38;2;108;108;108m%[0m[48;2;88;81;87m[38;2;88;81;87m@[0m[48;2;157;143;153m[38;2;157;143;153m+[0m[48;2;98;84;96m[38;2;98;84;96m@[0m[48;2;27;23;32m[38;2;27;23;32m▓[0m[48;2;42;43;58m[38;2;42;43;58m▒[0m[48;2;40;44;59m[38;2;40;44;59m▒[0m[48;2;40;44;59m[38;2;40;44;59m▒[0m[48;2;40;44;59m[38;2;40;44;59m▒[0m[48;2;40;44;59m[38;2;40;44;59m▒[0m[48;2;40;44;59m[38;2;40;44;59m▒[0m[48;2;40;44;59m[38;2;40;44;59m▒[0m[48;2;40;44;59m[38;2;40;44;59m▒[0m[48;2;40;44;59m[38;2;40;44;59m▒[0m[48;2;41;44;59m[38;2;41;44;59m▒[0m[48;2;50;50;64m[38;2;50;50;64m▒[0m[48;2;68;66;78m[38;2;68;66;78m░[0m[48;2;59;55;67m[38;2;59;55;67m░[0m[48;2;31;26;37m[38;2;31;26;37m▓[0m[48;2;83;72;84m[38;2;83;72;84m@[0m[48;2;151;135;148m[38;2;151;135;148m*[0m[48;2;159;141;155m[38;2;159;141;155m+[0m[48;2;161;140;155m[38;2;161;140;155m+[0m[48;2;161;140;155m[38;2;161;140;155m+[0m[48;2;82;69;79m[38;2;82;69;79m@[0m[48;2;37;30;37m[38;2;37;30;37m▓[0m[48;2;131;130;133m[38;2;131;130;133m*[0m                                   
                                     [48;2;214;214;214m[38;2;214;214;214m:[0m[48;2;47;42;45m[38;2;47;42;45m▒[0m[48;2;155;141;150m[38;2;155;141;150m*[0m[48;2;159;142;153m[38;2;159;142;153m+[0m[48;2;80;68;77m[38;2;80;68;77m░[0m[48;2;30;21;31m[38;2;30;21;31m▓[0m[48;2;34;30;43m[38;2;34;30;43m▓[0m[48;2;41;43;59m[38;2;41;43;59m▒[0m[48;2;41;43;59m[38;2;41;43;59m▒[0m[48;2;41;43;59m[38;2;41;43;59m▒[0m[48;2;41;43;59m[38;2;41;43;59m▒[0m[48;2;41;43;59m[38;2;41;43;59m▒[0m[48;2;44;45;61m[38;2;44;45;61m▒[0m[48;2;59;60;73m[38;2;59;60;73m░[0m[48;2;49;48;64m[38;2;49;48;64m▒[0m[48;2;61;58;72m[38;2;61;58;72m░[0m[48;2;46;40;51m[38;2;46;40;51m▒[0m[48;2;47;39;48m[38;2;47;39;48m▒[0m[48;2;95;84;94m[38;2;95;84;94m@[0m[48;2;148;134;146m[38;2;148;134;146m*[0m[48;2;158;141;155m[38;2;158;141;155m+[0m[48;2;160;140;155m[38;2;160;140;155m+[0m[48;2;161;140;155m[38;2;161;140;155m+[0m[48;2;161;140;155m[38;2;161;140;155m+[0m[48;2;161;140;155m[38;2;161;140;155m+[0m[48;2;92;78;89m[38;2;92;78;89m@[0m[48;2;15;11;17m[38;2;15;11;17m█[0m[48;2;197;196;199m[38;2;197;196;199m-[0m                                   
                                     [48;2;99;97;98m[38;2;99;97;98m%[0m[48;2;122;111;118m[38;2;122;111;118m#[0m[48;2;160;143;154m[38;2;160;143;154m+[0m[48;2;161;142;154m[38;2;161;142;154m+[0m[48;2;102;87;99m[38;2;102;87;99m%[0m[48;2;84;71;82m[38;2;84;71;82m@[0m[48;2;59;47;60m[38;2;59;47;60m▒[0m[48;2;30;22;37m[38;2;30;22;37m▓[0m[48;2;41;38;53m[38;2;41;38;53m▒[0m[48;2;43;43;57m[38;2;43;43;57m▒[0m[48;2;56;55;69m[38;2;56;55;69m░[0m[48;2;64;64;75m[38;2;64;64;75m░[0m[48;2;57;55;66m[38;2;57;55;66m░[0m[48;2;29;25;36m[38;2;29;25;36m▓[0m[48;2;46;39;51m[38;2;46;39;51m▒[0m[48;2;87;76;87m[38;2;87;76;87m@[0m[48;2;135;121;134m[38;2;135;121;134m#[0m[48;2;158;142;155m[38;2;158;142;155m+[0m[48;2;160;141;155m[38;2;160;141;155m+[0m[48;2;156;136;150m[38;2;156;136;150m*[0m[48;2;161;140;155m[38;2;161;140;155m+[0m[48;2;161;140;155m[38;2;161;140;155m+[0m[48;2;161;140;155m[38;2;161;140;155m+[0m[48;2;161;140;155m[38;2;161;140;155m+[0m[48;2;161;140;155m[38;2;161;140;155m+[0m[48;2;63;50;61m[38;2;63;50;61m░[0m[48;2;151;148;153m[38;2;151;148;153m+[0m[48;2;153;152;156m[38;2;153;152;156m+[0m[48;2;177;176;178m[38;2;177;176;178m=[0m[48;2;204;203;204m[38;2;204;203;204m:[0m                                 
                                     [48;2;41;36;39m[38;2;41;36;39m▒[0m[48;2;157;142;152m[38;2;157;142;152m+[0m[48;2;160;141;154m[38;2;160;141;154m+[0m[48;2;161;140;155m[38;2;161;140;155m+[0m[48;2;156;137;151m[38;2;156;137;151m*[0m[48;2;50;38;48m[38;2;50;38;48m▒[0m[48;2;102;89;100m[38;2;102;89;100m%[0m[48;2;101;87;100m[38;2;101;87;100m%[0m[48;2;83;72;85m[38;2;83;72;85m@[0m[48;2;71;61;72m[38;2;71;61;72m░[0m[48;2;32;25;33m[38;2;32;25;33m▓[0m[48;2;78;69;78m[38;2;78;69;78m░[0m[48;2;112;97;110m[38;2;112;97;110m%[0m[48;2;145;130;143m[38;2;145;130;143m*[0m[48;2;157;141;154m[38;2;157;141;154m+[0m[48;2;141;124;137m[38;2;141;124;137m*[0m[48;2;110;94;106m[38;2;110;94;106m%[0m[48;2;80;66;76m[38;2;80;66;76m░[0m[48;2;73;59;70m[38;2;73;59;70m░[0m[48;2;113;96;109m[38;2;113;96;109m%[0m[48;2;160;140;155m[38;2;160;140;155m+[0m[48;2;161;140;155m[38;2;161;140;155m+[0m[48;2;161;140;155m[38;2;161;140;155m+[0m[48;2;161;140;155m[38;2;161;140;155m+[0m[48;2;142;124;138m[38;2;142;124;138m*[0m[48;2;15;7;16m[38;2;15;7;16m█[0m[48;2;20;17;21m[38;2;20;17;21m▓[0m[48;2;195;192;197m[38;2;195;192;197m-[0m[48;2;65;62;68m[38;2;65;62;68m░[0m[48;2;40;36;42m[38;2;40;36;42m▒[0m[48;2;172;171;172m[38;2;172;171;172m=[0m                                
                                    [48;2;225;225;225m[38;2;225;225;225m.[0m[48;2;47;41;45m[38;2;47;41;45m▒[0m[48;2;160;142;154m[38;2;160;142;154m+[0m[48;2;161;140;155m[38;2;161;140;155m+[0m[48;2;161;140;155m[38;2;161;140;155m+[0m[48;2;161;140;155m[38;2;161;140;155m+[0m[48;2;145;128;141m[38;2;145;128;141m*[0m[48;2;45;33;43m[38;2;45;33;43m▒[0m[48;2;26;15;26m[38;2;26;15;26m▓[0m[48;2;105;95;104m[38;2;105;95;104m%[0m[48;2;31;23;30m[38;2;31;23;30m▓[0m[48;2;40;33;39m[38;2;40;33;39m▓[0m[48;2;85;77;84m[38;2;85;77;84m@[0m[48;2;78;69;79m[38;2;78;69;79m░[0m[48;2;74;64;75m[38;2;74;64;75m░[0m[48;2;77;65;76m[38;2;77;65;76m░[0m[48;2;96;82;92m[38;2;96;82;92m@[0m[48;2;128;111;124m[38;2;128;111;124m#[0m[48;2;156;138;151m[38;2;156;138;151m*[0m[48;2;160;141;155m[38;2;160;141;155m+[0m[48;2;161;140;155m[38;2;161;140;155m+[0m[48;2;161;140;155m[38;2;161;140;155m+[0m[48;2;161;140;155m[38;2;161;140;155m+[0m[48;2;161;140;155m[38;2;161;140;155m+[0m[48;2;159;139;154m[38;2;159;139;154m+[0m[48;2;60;46;57m[38;2;60;46;57m▒[0m[48;2;28;19;30m[38;2;28;19;30m▓[0m[48;2;19;13;21m[38;2;19;13;21m█[0m[48;2;172;170;173m[38;2;172;170;173m=[0m[48;2;224;221;226m[38;2;224;221;226m.[0m[48;2;41;38;43m[38;2;41;38;43m▒[0m                                 
                                    [48;2;233;233;233m[38;2;233;233;233m.[0m[48;2;44;38;42m[38;2;44;38;42m▒[0m[48;2;160;142;155m[38;2;160;142;155m+[0m[48;2;161;140;155m[38;2;161;140;155m+[0m[48;2;161;140;155m[38;2;161;140;155m+[0m[48;2;161;140;155m[38;2;161;140;155m+[0m[48;2;161;140;155m[38;2;161;140;155m+[0m[48;2;158;139;152m[38;2;158;139;152m*[0m[48;2;60;47;57m[38;2;60;47;57m▒[0m[48;2;10;3;10m[38;2;10;3;10m█[0m[48;2;11;6;13m[38;2;11;6;13m█[0m[48;2;30;24;31m[38;2;30;24;31m▓[0m[48;2;74;66;75m[38;2;74;66;75m░[0m[48;2;121;109;119m[38;2;121;109;119m#[0m[48;2;158;139;153m[38;2;158;139;153m*[0m[48;2;161;140;155m[38;2;161;140;155m+[0m[48;2;161;140;155m[38;2;161;140;155m+[0m[48;2;161;140;155m[38;2;161;140;155m+[0m[48;2;161;140;155m[38;2;161;140;155m+[0m[48;2;161;140;155m[38;2;161;140;155m+[0m[48;2;161;140;155m[38;2;161;140;155m+[0m[48;2;161;140;155m[38;2;161;140;155m+[0m[48;2;161;140;155m[38;2;161;140;155m+[0m[48;2;161;140;155m[38;2;161;140;155m+[0m[48;2;152;131;146m[38;2;152;131;146m*[0m[48;2;51;37;47m[38;2;51;37;47m▒[0m[48;2;26;18;28m[38;2;26;18;28m▓[0m[48;2;27;21;34m[38;2;27;21;34m▓[0m[48;2;116;114;119m[38;2;116;114;119m#[0m[48;2;201;198;203m[38;2;201;198;203m-[0m[48;2;53;51;55m[38;2;53;51;55m▒[0m[48;2;122;120;123m[38;2;122;120;123m#[0m[48;2;147;145;147m[38;2;147;145;147m*[0m[48;2;163;162;164m[38;2;163;162;164m+[0m[48;2;198;196;198m[38;2;198;196;198m-[0m[48;2;240;239;240m[38;2;240;239;240m [0m                            
                                    [48;2;186;186;186m[38;2;186;186;186m-[0m[48;2;15;11;14m[38;2;15;11;14m█[0m[48;2;143;128;139m[38;2;143;128;139m*[0m[48;2;161;140;155m[38;2;161;140;155m+[0m[48;2;161;140;155m[38;2;161;140;155m+[0m[48;2;161;140;155m[38;2;161;140;155m+[0m[48;2;161;140;155m[38;2;161;140;155m+[0m[48;2;161;140;155m[38;2;161;140;155m+[0m[48;2;56;42;52m[38;2;56;42;52m▒[0m[48;2;33;26;33m[38;2;33;26;33m▓[0m[48;2;4;2;8m[38;2;4;2;8m█[0m[48;2;16;14;19m[38;2;16;14;19m█[0m[48;2;20;16;23m[38;2;20;16;23m█[0m[48;2;51;41;49m[38;2;51;41;49m▒[0m[48;2;157;138;152m[38;2;157;138;152m*[0m[48;2;161;140;155m[38;2;161;140;155m+[0m[48;2;161;140;155m[38;2;161;140;155m+[0m[48;2;161;140;155m[38;2;161;140;155m+[0m[48;2;161;140;155m[38;2;161;140;155m+[0m[48;2;161;140;155m[38;2;161;140;155m+[0m[48;2;161;140;155m[38;2;161;140;155m+[0m[48;2;161;140;155m[38;2;161;140;155m+[0m[48;2;161;140;155m[38;2;161;140;155m+[0m[48;2;161;140;155m[38;2;161;140;155m+[0m[48;2;161;140;155m[38;2;161;140;155m+[0m[48;2;151;131;145m[38;2;151;131;145m*[0m[48;2;35;26;36m[38;2;35;26;36m▓[0m[48;2;23;18;30m[38;2;23;18;30m▓[0m[48;2;104;101;106m[38;2;104;101;106m%[0m[48;2;153;148;154m[38;2;153;148;154m+[0m[48;2;44;40;46m[38;2;44;40;46m▒[0m[48;2;86;82;89m[38;2;86;82;89m@[0m[48;2;98;95;100m[38;2;98;95;100m%[0m[48;2;56;53;58m[38;2;56;53;58m▒[0m[48;2;41;38;43m[38;2;41;38;43m▒[0m[48;2;65;62;66m[38;2;65;62;66m░[0m[48;2;84;80;84m[38;2;84;80;84m@[0m[48;2;148;146;148m[38;2;148;146;148m+[0m                          
                                     [48;2;200;200;200m[38;2;200;200;200m-[0m[48;2;57;48;54m[38;2;57;48;54m▒[0m[48;2;151;134;147m[38;2;151;134;147m*[0m[48;2;161;140;155m[38;2;161;140;155m+[0m[48;2;161;140;155m[38;2;161;140;155m+[0m[48;2;161;140;155m[38;2;161;140;155m+[0m[48;2;162;141;156m[38;2;162;141;156m+[0m[48;2;98;83;94m[38;2;98;83;94m@[0m[48;2;38;29;37m[38;2;38;29;37m▓[0m[48;2;12;7;13m[38;2;12;7;13m█[0m[48;2;12;9;14m[38;2;12;9;14m█[0m[48;2;19;16;22m[38;2;19;16;22m█[0m[48;2;12;6;12m[38;2;12;6;12m█[0m[48;2;74;61;71m[38;2;74;61;71m░[0m[48;2;159;140;154m[38;2;159;140;154m+[0m[48;2;161;140;155m[38;2;161;140;155m+[0m[48;2;161;140;155m[38;2;161;140;155m+[0m[48;2;161;140;155m[38;2;161;140;155m+[0m[48;2;161;140;155m[38;2;161;140;155m+[0m[48;2;161;140;155m[38;2;161;140;155m+[0m[48;2;161;140;155m[38;2;161;140;155m+[0m[48;2;161;140;155m[38;2;161;140;155m+[0m[48;2;161;140;155m[38;2;161;140;155m+[0m[48;2;161;140;155m[38;2;161;140;155m+[0m[48;2;160;140;155m[38;2;160;140;155m+[0m[48;2;145;127;140m[38;2;145;127;140m*[0m[48;2;63;50;60m[38;2;63;50;60m░[0m[48;2;55;49;56m[38;2;55;49;56m▒[0m[48;2;34;30;35m[38;2;34;30;35m▓[0m[48;2;129;125;130m[38;2;129;125;130m#[0m[48;2;197;194;200m[38;2;197;194;200m-[0m[48;2;185;182;187m[38;2;185;182;187m-[0m[48;2;177;174;180m[38;2;177;174;180m=[0m[48;2;83;79;84m[38;2;83;79;84m@[0m[48;2;85;79;85m[38;2;85;79;85m@[0m[48;2;154;143;150m[38;2;154;143;150m+[0m[48;2;102;92;98m[38;2;102;92;98m%[0m[48;2;116;109;113m[38;2;116;109;113m#[0m                         
                                      [48;2;153;152;152m[38;2;153;152;152m+[0m[48;2;28;22;28m[38;2;28;22;28m▓[0m[48;2;106;92;103m[38;2;106;92;103m%[0m[48;2;157;139;152m[38;2;157;139;152m*[0m[48;2;161;140;155m[38;2;161;140;155m+[0m[48;2;161;140;155m[38;2;161;140;155m+[0m[48;2;161;141;154m[38;2;161;141;154m+[0m[48;2;158;140;152m[38;2;158;140;152m+[0m[48;2;60;48;58m[38;2;60;48;58m▒[0m[48;2;38;29;38m[38;2;38;29;38m▓[0m[48;2;21;15;21m[38;2;21;15;21m█[0m[48;2;77;70;78m[38;2;77;70;78m░[0m[48;2;71;62;70m[38;2;71;62;70m░[0m[48;2;78;64;76m[38;2;78;64;76m░[0m[48;2;112;94;108m[38;2;112;94;108m%[0m[48;2;146;127;141m[38;2;146;127;141m*[0m[48;2;160;141;155m[38;2;160;141;155m+[0m[48;2;161;140;155m[38;2;161;140;155m+[0m[48;2;161;140;155m[38;2;161;140;155m+[0m[48;2;161;140;155m[38;2;161;140;155m+[0m[48;2;161;140;155m[38;2;161;140;155m+[0m[48;2;161;140;155m[38;2;161;140;155m+[0m[48;2;161;140;155m[38;2;161;140;155m+[0m[48;2;161;140;155m[38;2;161;140;155m+[0m[48;2;161;140;155m[38;2;161;140;155m+[0m[48;2;161;140;155m[38;2;161;140;155m+[0m[48;2;151;133;147m[38;2;151;133;147m*[0m[48;2;132;116;128m[38;2;132;116;128m#[0m[48;2;115;103;114m[38;2;115;103;114m%[0m[48;2;102;94;103m[38;2;102;94;103m%[0m[48;2;109;101;109m[38;2;109;101;109m%[0m[48;2;109;101;109m[38;2;109;101;109m%[0m[48;2;131;122;130m[38;2;131;122;130m#[0m[48;2;148;137;146m[38;2;148;137;146m*[0m[48;2;133;120;129m[38;2;133;120;129m#[0m[48;2;83;70;80m[38;2;83;70;80m@[0m[48;2;38;29;36m[38;2;38;29;36m▓[0m[48;2;196;193;196m[38;2;196;193;196m-[0m                        
                                       [48;2;76;74;76m[38;2;76;74;76m@[0m[48;2;83;78;81m[38;2;83;78;81m@[0m[48;2;61;53;60m[38;2;61;53;60m░[0m[48;2;148;130;144m[38;2;148;130;144m*[0m[48;2;160;140;155m[38;2;160;140;155m+[0m[48;2;161;140;155m[38;2;161;140;155m+[0m[48;2;162;141;156m[38;2;162;141;156m+[0m[48;2;161;141;155m[38;2;161;141;155m+[0m[48;2;161;140;155m[38;2;161;140;155m+[0m[48;2;147;129;143m[38;2;147;129;143m*[0m[48;2;75;63;73m[38;2;75;63;73m░[0m[48;2;74;65;74m[38;2;74;65;74m░[0m[48;2;63;53;63m[38;2;63;53;63m░[0m[48;2;14;7;15m[38;2;14;7;15m█[0m[48;2;25;16;25m[38;2;25;16;25m▓[0m[48;2;109;95;107m[38;2;109;95;107m%[0m[48;2;161;140;155m[38;2;161;140;155m+[0m[48;2;123;103;118m[38;2;123;103;118m#[0m[48;2;154;134;149m[38;2;154;134;149m*[0m[48;2;161;140;155m[38;2;161;140;155m+[0m[48;2;161;140;155m[38;2;161;140;155m+[0m[48;2;154;134;148m[38;2;154;134;148m*[0m[48;2;158;138;152m[38;2;158;138;152m*[0m[48;2;161;140;155m[38;2;161;140;155m+[0m[48;2;161;140;155m[38;2;161;140;155m+[0m[48;2;161;140;155m[38;2;161;140;155m+[0m[48;2;160;141;155m[38;2;160;141;155m+[0m[48;2;135;118;131m[38;2;135;118;131m#[0m[48;2;87;73;84m[38;2;87;73;84m@[0m[48;2;81;68;79m[38;2;81;68;79m░[0m[48;2;80;68;78m[38;2;80;68;78m░[0m[48;2;78;68;76m[38;2;78;68;76m░[0m[48;2;83;72;81m[38;2;83;72;81m@[0m[48;2;100;87;97m[38;2;100;87;97m%[0m[48;2;130;115;126m[38;2;130;115;126m#[0m[48;2;105;91;103m[38;2;105;91;103m%[0m[48;2;103;98;102m[38;2;103;98;102m%[0m                        
                                        [48;2;145;144;144m[38;2;145;144;144m*[0m[48;2;123;121;122m[38;2;123;121;122m#[0m[48;2;64;58;63m[38;2;64;58;63m░[0m[48;2;92;81;91m[38;2;92;81;91m@[0m[48;2;152;135;148m[38;2;152;135;148m*[0m[48;2;161;141;156m[38;2;161;141;156m+[0m[48;2;161;140;155m[38;2;161;140;155m+[0m[48;2;161;140;155m[38;2;161;140;155m+[0m[48;2;161;140;155m[38;2;161;140;155m+[0m[48;2;160;139;154m[38;2;160;139;154m+[0m[48;2;151;133;147m[38;2;151;133;147m*[0m[48;2;126;109;123m[38;2;126;109;123m#[0m[48;2;117;102;114m[38;2;117;102;114m%[0m[48;2;156;136;151m[38;2;156;136;151m*[0m[48;2;159;139;153m[38;2;159;139;153m+[0m[48;2;161;140;155m[38;2;161;140;155m+[0m[48;2;128;109;122m[38;2;128;109;122m#[0m[48;2;77;61;73m[38;2;77;61;73m░[0m[48;2;79;63;76m[38;2;79;63;76m░[0m[48;2;82;67;79m[38;2;82;67;79m░[0m[48;2;48;35;45m[38;2;48;35;45m▒[0m[48;2;19;9;17m[38;2;19;9;17m█[0m[48;2;35;26;33m[38;2;35;26;33m▓[0m[48;2;44;36;43m[38;2;44;36;43m▒[0m[48;2;57;46;54m[38;2;57;46;54m▒[0m[48;2;70;58;66m[38;2;70;58;66m░[0m[48;2;74;62;71m[38;2;74;62;71m░[0m[48;2;76;64;73m[38;2;76;64;73m░[0m[48;2;78;66;75m[38;2;78;66;75m░[0m[48;2;77;67;75m[38;2;77;67;75m░[0m[48;2;71;61;69m[38;2;71;61;69m░[0m[48;2;59;50;58m[38;2;59;50;58m▒[0m[48;2;90;81;88m[38;2;90;81;88m@[0m[48;2;96;89;95m[38;2;96;89;95m%[0m[48;2;110;104;110m[38;2;110;104;110m%[0m[48;2;235;231;235m[38;2;235;231;235m.[0m                        
                                         [48;2;192;192;193m[38;2;192;192;193m-[0m[48;2;12;10;13m[38;2;12;10;13m█[0m[48;2;13;9;16m[38;2;13;9;16m█[0m[48;2;19;13;22m[38;2;19;13;22m█[0m[48;2;79;65;82m[38;2;79;65;82m░[0m[48;2;128;111;124m[38;2;128;111;124m#[0m[48;2;156;137;151m[38;2;156;137;151m*[0m[48;2;161;140;155m[38;2;161;140;155m+[0m[48;2;161;140;155m[38;2;161;140;155m+[0m[48;2;161;140;155m[38;2;161;140;155m+[0m[48;2;161;140;155m[38;2;161;140;155m+[0m[48;2;103;83;97m[38;2;103;83;97m@[0m[48;2;77;59;72m[38;2;77;59;72m░[0m[48;2;118;101;114m[38;2;118;101;114m%[0m[48;2;141;123;136m[38;2;141;123;136m*[0m[48;2;157;138;152m[38;2;157;138;152m*[0m[48;2;161;140;155m[38;2;161;140;155m+[0m[48;2;161;140;155m[38;2;161;140;155m+[0m[48;2;159;139;153m[38;2;159;139;153m+[0m[48;2;154;135;149m[38;2;154;135;149m*[0m[48;2;152;132;146m[38;2;152;132;146m*[0m[48;2;151;132;146m[38;2;151;132;146m*[0m[48;2;153;134;148m[38;2;153;134;148m*[0m[48;2;156;137;150m[38;2;156;137;150m*[0m[48;2;159;141;154m[38;2;159;141;154m+[0m[48;2;160;142;154m[38;2;160;142;154m+[0m[48;2;156;138;152m[38;2;156;138;152m*[0m[48;2;130;114;126m[38;2;130;114;126m#[0m[48;2;89;78;87m[38;2;89;78;87m@[0m[48;2;81;73;79m[38;2;81;73;79m@[0m[48;2;172;167;172m[38;2;172;167;172m=[0m                            
                                        [48;2;224;223;225m[38;2;224;223;225m.[0m[48;2;31;28;35m[38;2;31;28;35m▓[0m[48;2;34;30;45m[38;2;34;30;45m▓[0m[48;2;22;18;33m[38;2;22;18;33m▓[0m[48;2;8;5;18m[38;2;8;5;18m█[0m[48;2;83;69;136m[38;2;83;69;136m@[0m[48;2;70;57;105m[38;2;70;57;105m░[0m[48;2;40;27;73m[38;2;40;27;73m▓[0m[48;2;44;34;48m[38;2;44;34;48m▒[0m[48;2;75;63;81m[38;2;75;63;81m░[0m[48;2;99;85;98m[38;2;99;85;98m@[0m[48;2;120;104;117m[38;2;120;104;117m#[0m[48;2;141;123;137m[38;2;141;123;137m*[0m[48;2;145;129;142m[38;2;145;129;142m*[0m[48;2;106;92;104m[38;2;106;92;104m%[0m[48;2;62;50;61m[38;2;62;50;61m▒[0m[48;2;31;23;32m[38;2;31;23;32m▓[0m[48;2;29;21;30m[38;2;29;21;30m▓[0m[48;2;45;39;46m[38;2;45;39;46m▒[0m[48;2;60;53;62m[38;2;60;53;62m░[0m[48;2;71;62;70m[38;2;71;62;70m░[0m[48;2;75;66;74m[38;2;75;66;74m░[0m[48;2;77;68;76m[38;2;77;68;76m░[0m[48;2;77;68;76m[38;2;77;68;76m░[0m[48;2;69;60;69m[38;2;69;60;69m░[0m[48;2;54;46;55m[38;2;54;46;55m▒[0m[48;2;39;31;41m[38;2;39;31;41m▓[0m[48;2;83;76;84m[38;2;83;76;84m@[0m[48;2;153;149;154m[38;2;153;149;154m+[0m[48;2;217;215;219m[38;2;217;215;219m:[0m                              
                                        [48;2;74;72;75m[38;2;74;72;75m░[0m[48;2;29;25;38m[38;2;29;25;38m▓[0m[48;2;37;32;50m[38;2;37;32;50m▓[0m[48;2;37;31;51m[38;2;37;31;51m▓[0m[48;2;11;6;22m[38;2;11;6;22m█[0m[48;2;84;71;145m[38;2;84;71;145m@[0m[48;2;95;81;149m[38;2;95;81;149m%[0m[48;2;74;55;152m[38;2;74;55;152m░[0m[48;2;10;4;33m[38;2;10;4;33m█[0m[48;2;49;36;104m[38;2;49;36;104m▒[0m[48;2;70;56;142m[38;2;70;56;142m░[0m[48;2;56;41;130m[38;2;56;41;130m░[0m[48;2;49;35;102m[38;2;49;35;102m▒[0m[48;2;41;25;104m[38;2;41;25;104m▒[0m[48;2;49;38;72m[38;2;49;38;72m▒[0m[48;2;32;22;53m[38;2;32;22;53m▓[0m[48;2;34;27;36m[38;2;34;27;36m▓[0m[48;2;35;29;36m[38;2;35;29;36m▓[0m[48;2;16;12;20m[38;2;16;12;20m█[0m[48;2;10;8;16m[38;2;10;8;16m█[0m[48;2;10;8;16m[38;2;10;8;16m█[0m[48;2;11;9;18m[38;2;11;9;18m█[0m[48;2;11;9;18m[38;2;11;9;18m█[0m[48;2;12;10;19m[38;2;12;10;19m█[0m[48;2;17;15;24m[38;2;17;15;24m█[0m[48;2;22;18;32m[38;2;22;18;32m▓[0m[48;2;27;22;39m[38;2;27;22;39m▓[0m[48;2;23;19;35m[38;2;23;19;35m▓[0m[48;2;41;37;49m[38;2;41;37;49m▒[0m[48;2;100;97;105m[38;2;100;97;105m%[0m[48;2;180;179;183m[38;2;180;179;183m=[0m                             
                                       [48;2;181;181;181m[38;2;181;181;181m=[0m[48;2;17;15;21m[38;2;17;15;21m█[0m[48;2;37;32;50m[38;2;37;32;50m▓[0m[48;2;37;31;52m[38;2;37;31;52m▓[0m[48;2;37;31;51m[38;2;37;31;51m▓[0m[48;2;12;8;24m[38;2;12;8;24m█[0m[48;2;76;65;126m[38;2;76;65;126m@[0m[48;2;87;74;147m[38;2;87;74;147m@[0m[48;2;86;70;152m[38;2;86;70;152m@[0m[48;2;21;9;70m[38;2;21;9;70m▓[0m[48;2;77;73;83m[38;2;77;73;83m@[0m[48;2;41;29;87m[38;2;41;29;87m▒[0m[48;2;81;65;155m[38;2;81;65;155m@[0m[48;2;78;61;159m[38;2;78;61;159m@[0m[48;2;81;65;165m[38;2;81;65;165m@[0m[48;2;71;54;163m[38;2;71;54;163m░[0m[48;2;42;32;81m[38;2;42;32;81m▒[0m[48;2;26;21;32m[38;2;26;21;32m▓[0m[48;2;36;31;39m[38;2;36;31;39m▓[0m[48;2;38;33;50m[38;2;38;33;50m▓[0m[48;2;38;33;51m[38;2;38;33;51m▓[0m[48;2;37;31;52m[38;2;37;31;52m▓[0m[48;2;37;31;52m[38;2;37;31;52m▓[0m[48;2;37;31;52m[38;2;37;31;52m▓[0m[48;2;37;31;52m[38;2;37;31;52m▓[0m[48;2;37;31;52m[38;2;37;31;52m▓[0m[48;2;37;31;52m[38;2;37;31;52m▓[0m[48;2;37;31;52m[38;2;37;31;52m▓[0m[48;2;37;31;52m[38;2;37;31;52m▓[0m[48;2;37;31;52m[38;2;37;31;52m▓[0m[48;2;36;30;50m[38;2;36;30;50m▓[0m[48;2;27;22;39m[38;2;27;22;39m▓[0m[48;2;39;35;47m[38;2;39;35;47m▒[0m[48;2;132;130;135m[38;2;132;130;135m*[0m[48;2;235;235;236m[38;2;235;235;236m.[0m                          
                                       [48;2;73;73;73m[38;2;73;73;73m░[0m[48;2;30;27;39m[38;2;30;27;39m▓[0m[48;2;37;31;52m[38;2;37;31;52m▓[0m[48;2;37;31;52m[38;2;37;31;52m▓[0m[48;2;37;31;52m[38;2;37;31;52m▓[0m[48;2;28;23;40m[38;2;28;23;40m▓[0m[48;2;25;21;37m[38;2;25;21;37m▓[0m[48;2;36;30;53m[38;2;36;30;53m▓[0m[48;2;43;36;65m[38;2;43;36;65m▒[0m[48;2;22;13;58m[38;2;22;13;58m▓[0m[48;2;109;106;112m[38;2;109;106;112m%[0m[48;2;163;160;165m[38;2;163;160;165m+[0m[48;2;42;36;63m[38;2;42;36;63m▒[0m[48;2;64;51;125m[38;2;64;51;125m░[0m[48;2;54;43;103m[38;2;54;43;103m▒[0m[48;2;74;71;84m[38;2;74;71;84m@[0m[48;2;132;131;136m[38;2;132;131;136m*[0m[48;2;46;43;49m[38;2;46;43;49m▒[0m[48;2;51;45;53m[38;2;51;45;53m▒[0m[48;2;62;56;71m[38;2;62;56;71m░[0m[48;2;53;49;64m[38;2;53;49;64m▒[0m[48;2;38;33;50m[38;2;38;33;50m▓[0m[48;2;37;31;52m[38;2;37;31;52m▓[0m[48;2;37;31;52m[38;2;37;31;52m▓[0m[48;2;37;31;52m[38;2;37;31;52m▓[0m[48;2;37;31;52m[38;2;37;31;52m▓[0m[48;2;37;31;52m[38;2;37;31;52m▓[0m[48;2;37;31;52m[38;2;37;31;52m▓[0m[48;2;37;31;52m[38;2;37;31;52m▓[0m[48;2;37;31;52m[38;2;37;31;52m▓[0m[48;2;37;31;52m[38;2;37;31;52m▓[0m[48;2;37;31;52m[38;2;37;31;52m▓[0m[48;2;37;31;52m[38;2;37;31;52m▓[0m[48;2;32;26;45m[38;2;32;26;45m▓[0m[48;2;32;29;40m[38;2;32;29;40m▓[0m[48;2;150;149;153m[38;2;150;149;153m+[0m                         
                                       [48;2;18;17;18m[38;2;18;17;18m█[0m[48;2;36;31;48m[38;2;36;31;48m▓[0m[48;2;37;31;52m[38;2;37;31;52m▓[0m[48;2;37;31;52m[38;2;37;31;52m▓[0m[48;2;37;31;52m[38;2;37;31;52m▓[0m[48;2;37;31;52m[38;2;37;31;52m▓[0m[48;2;37;31;52m[38;2;37;31;52m▓[0m[48;2;37;31;51m[38;2;37;31;51m▓[0m[48;2;67;62;78m[38;2;67;62;78m░[0m[48;2;25;21;32m[38;2;25;21;32m▓[0m[48;2;5;2;9m[38;2;5;2;9m█[0m[48;2;113;110;114m[38;2;113;110;114m#[0m[48;2;214;213;216m[38;2;214;213;216m:[0m[48;2;148;146;152m[38;2;148;146;152m+[0m[48;2;28;24;32m[38;2;28;24;32m▓[0m[48;2;119;117;120m[38;2;119;117;120m#[0m[48;2;219;217;220m[38;2;219;217;220m:[0m[48;2;243;240;244m[38;2;243;240;244m [0m[48;2;121;119;124m[38;2;121;119;124m#[0m[48;2;36;31;39m[38;2;36;31;39m▓[0m[48;2;35;29;39m[38;2;35;29;39m▓[0m[48;2;57;50;62m[38;2;57;50;62m▒[0m[48;2;62;56;71m[38;2;62;56;71m░[0m[48;2;47;41;59m[38;2;47;41;59m▒[0m[48;2;37;31;52m[38;2;37;31;52m▓[0m[48;2;37;31;52m[38;2;37;31;52m▓[0m[48;2;37;31;52m[38;2;37;31;52m▓[0m[48;2;37;31;52m[38;2;37;31;52m▓[0m[48;2;37;31;52m[38;2;37;31;52m▓[0m[48;2;37;31;52m[38;2;37;31;52m▓[0m[48;2;37;31;52m[38;2;37;31;52m▓[0m[48;2;37;31;52m[38;2;37;31;52m▓[0m[48;2;37;31;52m[38;2;37;31;52m▓[0m[48;2;37;31;52m[38;2;37;31;52m▓[0m[48;2;37;31;51m[38;2;37;31;51m▓[0m[48;2;24;20;33m[38;2;24;20;33m▓[0m[48;2;89;87;93m[38;2;89;87;93m@[0m                        