                                                                                                              
                                                                                                              
                                                                                                              
                                                                                                              
                                                                                                              
                                                                                                              
                                                                                                              
                                                                                                              
                                                                                                              
                                                                                                              
                                                                                                              
                                                                                                              
                                                                                                              
                                                [48;2;240;240;240m[38;2;240;240;240m [0m[48;2;185;185;185m[38;2;185;185;185m-[0m[48;2;134;133;135m[38;2;134;133;135m*[0m[48;2;98;97;99m[38;2;98;97;99m%[0m[48;2;69;68;72m[38;2;69;68;72m░[0m[48;2;52;51;55m[38;2;52;51;55m▒[0m[48;2;42;42;46m[38;2;42;42;46m▒[0m[48;2;40;39;44m[38;2;40;39;44m▒[0m[48;2;44;43;49m[38;2;44;43;49m▒[0m[48;2;59;58;63m[38;2;59;58;63m░[0m[48;2;83;82;87m[38;2;83;82;87m@[0m[48;2;129;127;132m[38;2;129;127;132m*[0m[48;2;193;193;195m[38;2;193;193;195m-[0m                                                 
                                              [48;2;161;160;162m[38;2;161;160;162m+[0m[48;2;73;72;76m[38;2;73;72;76m░[0m[48;2;25;24;32m[38;2;25;24;32m▓[0m[48;2;29;26;38m[38;2;29;26;38m▓[0m[48;2;39;36;51m[38;2;39;36;51m▒[0m[48;2;44;41;57m[38;2;44;41;57m▒[0m[48;2;46;43;59m[38;2;46;43;59m▒[0m[48;2;45;43;60m[38;2;45;43;60m▒[0m[48;2;44;43;60m[38;2;44;43;60m▒[0m[48;2;42;43;59m[38;2;42;43;59m▒[0m[48;2;42;43;59m[38;2;42;43;59m▒[0m[48;2;41;43;58m[38;2;41;43;58m▒[0m[48;2;41;42;58m[38;2;41;42;58m▒[0m[48;2;37;37;53m[38;2;37;37;53m▒[0m[48;2;26;24;38m[38;2;26;24;38m▓[0m[48;2;42;41;49m[38;2;42;41;49m▒[0m[48;2;142;141;146m[38;2;142;141;146m*[0m                                               
                                            [48;2;150;150;151m[38;2;150;150;151m+[0m[48;2;35;33;39m[38;2;35;33;39m▓[0m[48;2;31;29;41m[38;2;31;29;41m▓[0m[48;2;45;42;57m[38;2;45;42;57m▒[0m[48;2;60;57;71m[38;2;60;57;71m░[0m[48;2;57;55;68m[38;2;57;55;68m░[0m[48;2;32;29;42m[38;2;32;29;42m▓[0m[48;2;29;25;39m[38;2;29;25;39m▓[0m[48;2;47;44;57m[38;2;47;44;57m▒[0m[48;2;35;32;45m[38;2;35;32;45m▓[0m[48;2;33;31;45m[38;2;33;31;45m▓[0m[48;2;38;38;52m[38;2;38;38;52m▒[0m[48;2;42;43;58m[38;2;42;43;58m▒[0m[48;2;42;43;59m[38;2;42;43;59m▒[0m[48;2;41;43;59m[38;2;41;43;59m▒[0m[48;2;41;43;59m[38;2;41;43;59m▒[0m[48;2;41;43;59m[38;2;41;43;59m▒[0m[48;2;42;42;58m[38;2;42;42;58m▒[0m[48;2;30;27;42m[38;2;30;27;42m▓[0m[48;2;51;50;57m[38;2;51;50;57m▒[0m[48;2;205;204;206m[38;2;205;204;206m:[0m                                             
                                           [48;2;79;78;82m[38;2;79;78;82m@[0m[48;2;19;18;24m[38;2;19;18;24m▓[0m[48;2;26;22;32m[38;2;26;22;32m▓[0m[48;2;33;28;38m[38;2;33;28;38m▓[0m[48;2;52;47;56m[38;2;52;47;56m▒[0m[48;2;68;60;68m[38;2;68;60;68m░[0m[48;2;85;74;85m[38;2;85;74;85m@[0m[48;2;98;86;96m[38;2;98;86;96m@[0m[48;2;123;110;119m[38;2;123;110;119m#[0m[48;2;134;119;131m[38;2;134;119;131m#[0m[48;2;127;110;122m[38;2;127;110;122m#[0m[48;2;108;93;103m[38;2;108;93;103m%[0m[48;2;81;68;79m[38;2;81;68;79m░[0m[48;2;49;39;49m[38;2;49;39;49m▒[0m[48;2;27;21;31m[38;2;27;21;31m▓[0m[48;2;35;34;48m[38;2;35;34;48m▓[0m[48;2;43;43;58m[38;2;43;43;58m▒[0m[48;2;42;43;59m[38;2;42;43;59m▒[0m[48;2;41;43;59m[38;2;41;43;59m▒[0m[48;2;43;42;59m[38;2;43;42;59m▒[0m[48;2;39;37;51m[38;2;39;37;51m▒[0m[48;2;25;23;31m[38;2;25;23;31m▓[0m[48;2;155;153;156m[38;2;155;153;156m+[0m                                            
                                          [48;2;123;123;125m[38;2;123;123;125m#[0m[48;2;16;13;18m[38;2;16;13;18m█[0m[48;2;77;71;78m[38;2;77;71;78m@[0m[48;2;79;69;77m[38;2;79;69;77m░[0m[48;2;62;51;59m[38;2;62;51;59m░[0m[48;2;72;61;69m[38;2;72;61;69m░[0m[48;2;119;105;116m[38;2;119;105;116m#[0m[48;2;153;134;148m[38;2;153;134;148m*[0m[48;2;99;81;94m[38;2;99;81;94m@[0m[48;2;81;64;75m[38;2;81;64;75m░[0m[48;2;64;47;59m[38;2;64;47;59m▒[0m[48;2;141;121;135m[38;2;141;121;135m*[0m[48;2;161;143;155m[38;2;161;143;155m+[0m[48;2;161;141;156m[38;2;161;141;156m+[0m[48;2;162;141;156m[38;2;162;141;156m+[0m[48;2;145;128;141m[38;2;145;128;141m*[0m[48;2;92;78;90m[38;2;92;78;90m@[0m[48;2;42;32;43m[38;2;42;32;43m▓[0m[48;2;53;47;57m[38;2;53;47;57m▒[0m[48;2;30;26;39m[38;2;30;26;39m▓[0m[48;2;26;22;37m[38;2;26;22;37m▓[0m[48;2;20;14;28m[38;2;20;14;28m█[0m[48;2;27;21;43m[38;2;27;21;43m▓[0m[48;2;10;7;13m[38;2;10;7;13m█[0m[48;2;134;132;136m[38;2;134;132;136m*[0m                                           
                                         [48;2;122;119;122m[38;2;122;119;122m#[0m[48;2;65;58;66m[38;2;65;58;66m░[0m[48;2;150;135;147m[38;2;150;135;147m*[0m[48;2;159;142;154m[38;2;159;142;154m+[0m[48;2;152;134;147m[38;2;152;134;147m*[0m[48;2;158;139;152m[38;2;158;139;152m*[0m[48;2;159;139;154m[38;2;159;139;154m+[0m[48;2;161;140;155m[38;2;161;140;155m+[0m[48;2;161;140;155m[38;2;161;140;155m+[0m[48;2;161;140;155m[38;2;161;140;155m+[0m[48;2;157;138;152m[38;2;157;138;152m*[0m[48;2;103;86;99m[38;2;103;86;99m%[0m[48;2;102;86;99m[38;2;102;86;99m%[0m[48;2;154;135;149m[38;2;154;135;149m*[0m[48;2;160;141;155m[38;2;160;141;155m+[0m[48;2;161;140;155m[38;2;161;140;155m+[0m[48;2;161;140;155m[38;2;161;140;155m+[0m[48;2;161;140;155m[38;2;161;140;155m+[0m[48;2;154;134;148m[38;2;154;134;148m*[0m[48;2;73;61;71m[38;2;73;61;71m░[0m[48;2;46;33;59m[38;2;46;33;59m▒[0m[48;2;90;69;133m[38;2;90;69;133m@[0m[48;2;47;29;74m[38;2;47;29;74m▒[0m[48;2;75;54;114m[38;2;75;54;114m░[0m[48;2;8;2;8m[38;2;8;2;8m█[0m[48;2;8;2;7m[38;2;8;2;7m█[0m[48;2;172;170;172m[38;2;172;170;172m=[0m                                          
                                        [48;2;112;112;112m[38;2;112;112;112m#[0m[48;2;83;75;82m[38;2;83;75;82m@[0m[48;2;156;143;154m[38;2;156;143;154m+[0m[48;2;159;141;155m[38;2;159;141;155m+[0m[48;2;161;140;155m[38;2;161;140;155m+[0m[48;2;161;140;155m[38;2;161;140;155m+[0m[48;2;161;140;155m[38;2;161;140;155m+[0m[48;2;161;140;155m[38;2;161;140;155m+[0m[48;2;161;140;155m[38;2;161;140;155m+[0m[48;2;112;93;107m[38;2;112;93;107m%[0m[48;2;132;113;127m[38;2;132;113;127m#[0m[48;2;147;127;141m[38;2;147;127;141m*[0m[48;2;41;27;39m[38;2;41;27;39m▓[0m[48;2;108;95;107m[38;2;108;95;107m%[0m[48;2;62;48;60m[38;2;62;48;60m▒[0m[48;2;155;139;152m[38;2;155;139;152m*[0m[48;2;160;140;155m[38;2;160;140;155m+[0m[48;2;161;140;155m[38;2;161;140;155m+[0m[48;2;161;140;155m[38;2;161;140;155m+[0m[48;2;161;140;155m[38;2;161;140;155m+[0m[48;2;157;141;154m[38;2;157;141;154m+[0m[48;2;96;81;93m[38;2;96;81;93m@[0m[48;2;37;22;47m[38;2;37;22;47m▓[0m[48;2;109;82;155m[38;2;109;82;155m%[0m[48;2;58;36;86m[38;2;58;36;86m▒[0m[48;2;52;37;75m[38;2;52;37;75m▒[0m[48;2;14;9;16m[38;2;14;9;16m█[0m[48;2;34;29;35m[38;2;34;29;35m▓[0m[48;2;234;233;235m[38;2;234;233;235m.[0m                                         
                                       [48;2;185;185;185m[38;2;185;185;185m-[0m[48;2;52;46;51m[38;2;52;46;51m▒[0m[48;2;99;87;97m[38;2;99;87;97m%[0m[48;2;91;78;88m[38;2;91;78;88m@[0m[48;2;83;70;80m[38;2;83;70;80m@[0m[48;2;158;142;155m[38;2;158;142;155m+[0m[48;2;161;140;155m[38;2;161;140;155m+[0m[48;2;161;140;155m[38;2;161;140;155m+[0m[48;2;161;140;155m[38;2;161;140;155m+[0m[48;2;161;140;155m[38;2;161;140;155m+[0m[48;2;79;59;73m[38;2;79;59;73m░[0m[48;2;97;82;95m[38;2;97;82;95m@[0m[48;2;159;140;154m[38;2;159;140;154m+[0m[48;2;49;36;48m[38;2;49;36;48m▒[0m[48;2;82;71;82m[38;2;82;71;82m@[0m[48;2;78;66;78m[38;2;78;66;78m░[0m[48;2;70;56;68m[38;2;70;56;68m░[0m[48;2;152;134;148m[38;2;152;134;148m*[0m[48;2;160;141;155m[38;2;160;141;155m+[0m[48;2;161;140;155m[38;2;161;140;155m+[0m[48;2;161;140;155m[38;2;161;140;155m+[0m[48;2;161;140;155m[38;2;161;140;155m+[0m[48;2;159;140;154m[38;2;159;140;154m+[0m[48;2;100;84;98m[38;2;100;84;98m@[0m[48;2;43;30;53m[38;2;43;30;53m▓[0m[48;2;11;4;18m[38;2;11;4;18m█[0m[48;2;10;6;14m[38;2;10;6;14m█[0m[48;2;32;29;36m[38;2;32;29;36m▓[0m[48;2;27;25;32m[38;2;27;25;32m▓[0m[48;2;129;126;130m[38;2;129;126;130m#[0m                                         
                                       [48;2;70;68;70m[38;2;70;68;70m░[0m[48;2;118;107;116m[38;2;118;107;116m#[0m[48;2;23;13;21m[38;2;23;13;21m█[0m[48;2;35;25;34m[38;2;35;25;34m▓[0m[48;2;99;90;98m[38;2;99;90;98m%[0m[48;2;110;96;108m[38;2;110;96;108m%[0m[48;2;152;133;147m[38;2;152;133;147m*[0m[48;2;152;132;147m[38;2;152;132;147m*[0m[48;2;161;140;155m[38;2;161;140;155m+[0m[48;2;161;140;155m[38;2;161;140;155m+[0m[48;2;110;92;106m[38;2;110;92;106m%[0m[48;2;18;9;20m[38;2;18;9;20m█[0m[48;2;126;112;125m[38;2;126;112;125m#[0m[48;2;132;117;130m[38;2;132;117;130m#[0m[48;2;17;7;18m[38;2;17;7;18m█[0m[48;2;46;38;46m[38;2;46;38;46m▒[0m[48;2;56;47;55m[38;2;56;47;55m▒[0m[48;2;41;31;39m[38;2;41;31;39m▓[0m[48;2;106;93;103m[38;2;106;93;103m%[0m[48;2;156;138;152m[38;2;156;138;152m*[0m[48;2;161;140;155m[38;2;161;140;155m+[0m[48;2;161;140;155m[38;2;161;140;155m+[0m[48;2;160;140;155m[38;2;160;140;155m+[0m[48;2;159;139;154m[38;2;159;139;154m+[0m[48;2;125;107;121m[38;2;125;107;121m#[0m[48;2;44;34;45m[38;2;44;34;45m▒[0m[48;2;41;35;46m[38;2;41;35;46m▒[0m[48;2;44;39;48m[38;2;44;39;48m▒[0m[48;2;43;41;49m[38;2;43;41;49m▒[0m[48;2;38;36;42m[38;2;38;36;42m▒[0m                                         
                                       [48;2;34;31;33m[38;2;34;31;33m▓[0m[48;2;117;105;114m[38;2;117;105;114m%[0m[48;2;11;3;10m[38;2;11;3;10m█[0m[48;2;47;40;47m[38;2;47;40;47m▒[0m[48;2;108;100;108m[38;2;108;100;108m%[0m[48;2;21;13;21m[38;2;21;13;21m█[0m[48;2;27;18;26m[38;2;27;18;26m▓[0m[48;2;43;31;41m[38;2;43;31;41m▓[0m[48;2;151;135;148m[38;2;151;135;148m*[0m[48;2;158;138;153m[38;2;158;138;153m*[0m[48;2;146;128;142m[38;2;146;128;142m*[0m[48;2;23;17;24m[38;2;23;17;24m▓[0m[48;2;34;26;34m[38;2;34;26;34m▓[0m[48;2;86;75;85m[38;2;86;75;85m@[0m[48;2;62;52;63m[38;2;62;52;63m░[0m[48;2;40;32;41m[38;2;40;32;41m▓[0m[48;2;42;34;41m[38;2;42;34;41m▒[0m[48;2;19;12;18m[38;2;19;12;18m█[0m[48;2;22;15;21m[38;2;22;15;21m█[0m[48;2;21;12;18m[38;2;21;12;18m█[0m[48;2;53;43;51m[38;2;53;43;51m▒[0m[48;2;54;44;52m[38;2;54;44;52m▒[0m[48;2;76;65;74m[38;2;76;65;74m░[0m[48;2;83;71;80m[38;2;83;71;80m@[0m[48;2;79;68;78m[38;2;79;68;78m░[0m[48;2;69;58;69m[38;2;69;58;69m░[0m[48;2;32;25;32m[38;2;32;25;32m▓[0m[48;2;18;12;21m[38;2;18;12;21m█[0m[48;2;39;35;43m[38;2;39;35;43m▒[0m[48;2;14;12;18m[38;2;14;12;18m█[0m                                         
                                      [48;2;237;237;237m[38;2;237;237;237m.[0m[48;2;31;27;30m[38;2;31;27;30m▓[0m[48;2;97;86;94m[38;2;97;86;94m@[0m[48;2;29;22;28m[38;2;29;22;28m▓[0m[48;2;61;55;60m[38;2;61;55;60m░[0m[48;2;39;31;39m[38;2;39;31;39m▓[0m[48;2;29;18;41m[38;2;29;18;41m▓[0m[48;2;40;26;61m[38;2;40;26;61m▓[0m[48;2;18;6;38m[38;2;18;6;38m█[0m[48;2;50;41;48m[38;2;50;41;48m▒[0m[48;2;113;101;105m[38;2;113;101;105m%[0m[48;2;123;111;116m[38;2;123;111;116m#[0m[48;2;137;127;133m[38;2;137;127;133m*[0m[48;2;31;23;30m[38;2;31;23;30m▓[0m[48;2;49;29;98m[38;2;49;29;98m▒[0m[48;2;65;34;136m[38;2;65;34;136m░[0m[48;2;43;19;94m[38;2;43;19;94m▓[0m[48;2;142;134;140m[38;2;142;134;140m*[0m[48;2;116;107;110m[38;2;116;107;110m#[0m[48;2;206;196;197m[38;2;206;196;197m-[0m[48;2;203;192;192m[38;2;203;192;192m-[0m[48;2;26;16;21m[38;2;26;16;21m▓[0m[48;2;101;92;99m[38;2;101;92;99m%[0m[48;2;102;94;101m[38;2;102;94;101m%[0m[48;2;108;96;105m[38;2;108;96;105m%[0m[48;2;44;33;41m[38;2;44;33;41m▒[0m[48;2;128;117;126m[38;2;128;117;126m#[0m[48;2;154;141;150m[38;2;154;141;150m*[0m[48;2;122;106;118m[38;2;122;106;118m#[0m[48;2;78;63;76m[38;2;78;63;76m░[0m[48;2;41;33;42m[38;2;41;33;42m▓[0m[48;2;88;85;88m[38;2;88;85;88m@[0m[48;2;156;155;156m[38;2;156;155;156m+[0m[48;2;216;216;216m[38;2;216;216;216m:[0m                                      
                                       [48;2;43;40;42m[38;2;43;40;42m▒[0m[48;2;88;78;85m[38;2;88;78;85m@[0m[48;2;12;6;12m[38;2;12;6;12m█[0m[48;2;200;194;197m[38;2;200;194;197m-[0m[48;2;77;68;76m[38;2;77;68;76m░[0m[48;2;79;53;124m[38;2;79;53;124m░[0m[48;2;110;73;169m[38;2;110;73;169m%[0m[48;2;82;45;137m[38;2;82;45;137m░[0m[48;2;82;70;79m[38;2;82;70;79m@[0m[48;2;249;236;231m[38;2;249;236;231m [0m[48;2;250;235;230m[38;2;250;235;230m [0m[48;2;251;237;233m[38;2;251;237;233m [0m[48;2;120;109;110m[38;2;120;109;110m#[0m[48;2;87;69;101m[38;2;87;69;101m@[0m[48;2;170;130;197m[38;2;170;130;197m+[0m[48;2;84;53;105m[38;2;84;53;105m░[0m[48;2;144;133;134m[38;2;144;133;134m*[0m[48;2;250;238;233m[38;2;250;238;233m [0m[48;2;251;237;231m[38;2;251;237;231m [0m[48;2;251;237;233m[38;2;251;237;233m [0m[48;2;147;136;135m[38;2;147;136;135m*[0m[48;2;65;54;61m[38;2;65;54;61m░[0m[48;2;151;139;148m[38;2;151;139;148m*[0m[48;2;157;142;154m[38;2;157;142;154m+[0m[48;2;139;124;136m[38;2;139;124;136m*[0m[48;2;66;54;62m[38;2;66;54;62m░[0m[48;2;71;58;67m[38;2;71;58;67m░[0m[48;2;122;108;119m[38;2;122;108;119m#[0m[48;2;155;139;151m[38;2;155;139;151m*[0m[48;2;156;142;155m[38;2;156;142;155m+[0m[48;2;144;130;142m[38;2;144;130;142m*[0m[48;2;122;108;119m[38;2;122;108;119m#[0m[48;2;85;73;82m[38;2;85;73;82m@[0m[48;2;71;64;69m[38;2;71;64;69m░[0m[48;2;143;140;143m[38;2;143;140;143m*[0m                                    
                                       [48;2;126;125;126m[38;2;126;125;126m#[0m[48;2;64;54;61m[38;2;64;54;61m░[0m[48;2;44;37;43m[38;2;44;37;43m▒[0m[48;2;214;205;207m[38;2;214;205;207m:[0m[48;2;187;177;178m[38;2;187;177;178m=[0m[48;2;69;54;67m[38;2;69;54;67m░[0m[48;2;217;172;219m[38;2;217;172;219m-[0m[48;2;153;110;156m[38;2;153;110;156m*[0m[48;2;103;91;96m[38;2;103;91;96m%[0m[48;2;248;235;231m[38;2;248;235;231m [0m[48;2;249;234;230m[38;2;249;234;230m [0m[48;2;252;236;231m[38;2;252;236;231m [0m[48;2;238;223;219m[38;2;238;223;219m.[0m[48;2;78;67;71m[38;2;78;67;71m░[0m[48;2;110;85;109m[38;2;110;85;109m%[0m[48;2;64;46;61m[38;2;64;46;61m▒[0m[48;2;224;212;212m[38;2;224;212;212m:[0m[48;2;243;216;208m[38;2;243;216;208m.[0m[48;2;236;193;182m[38;2;236;193;182m:[0m[48;2;249;225;216m[38;2;249;225;216m.[0m[48;2;250;235;228m[38;2;250;235;228m [0m[48;2;172;160;161m[38;2;172;160;161m+[0m[48;2;50;40;47m[38;2;50;40;47m▒[0m[48;2;130;116;127m[38;2;130;116;127m#[0m[48;2;86;72;84m[38;2;86;72;84m@[0m[48;2;144;130;141m[38;2;144;130;141m*[0m[48;2;140;128;138m[38;2;140;128;138m*[0m[48;2;92;83;91m[38;2;92;83;91m@[0m[48;2;68;57;64m[38;2;68;57;64m░[0m[48;2;67;57;65m[38;2;67;57;65m░[0m[48;2;76;65;74m[38;2;76;65;74m░[0m[48;2;94;81;91m[38;2;94;81;91m@[0m[48;2;107;93;105m[38;2;107;93;105m%[0m[48;2;124;110;120m[38;2;124;110;120m#[0m[48;2;107;96;104m[38;2;107;96;104m%[0m[48;2;59;53;58m[38;2;59;53;58m░[0m[48;2;175;172;175m[38;2;175;172;175m=[0m                                  
                                       [48;2;238;238;238m[38;2;238;238;238m [0m[48;2;55;52;54m[38;2;55;52;54m▒[0m[48;2;34;26;31m[38;2;34;26;31m▓[0m[48;2;132;121;121m[38;2;132;121;121m#[0m[48;2;235;221;217m[38;2;235;221;217m.[0m[48;2;167;155;155m[38;2;167;155;155m+[0m[48;2;96;80;88m[38;2;96;80;88m@[0m[48;2;103;87;93m[38;2;103;87;93m%[0m[48;2;225;211;210m[38;2;225;211;210m:[0m[48;2;212;197;193m[38;2;212;197;193m-[0m[48;2;110;96;94m[38;2;110;96;94m%[0m[48;2;187;173;169m[38;2;187;173;169m=[0m[48;2;250;234;230m[38;2;250;234;230m [0m[48;2;249;234;229m[38;2;249;234;229m [0m[48;2;216;202;198m[38;2;216;202;198m:[0m[48;2;239;224;220m[38;2;239;224;220m.[0m[48;2;251;235;229m[38;2;251;235;229m [0m[48;2;244;224;216m[38;2;244;224;216m.[0m[48;2;247;225;218m[38;2;247;225;218m.[0m[48;2;250;234;228m[38;2;250;234;228m [0m[48;2;249;235;229m[38;2;249;235;229m [0m[48;2;141;129;129m[38;2;141;129;129m*[0m[48;2;67;56;62m[38;2;67;56;62m░[0m[48;2;62;51;58m[38;2;62;51;58m░[0m[48;2;24;14;22m[38;2;24;14;22m█[0m[48;2;39;28;36m[38;2;39;28;36m▓[0m[48;2;59;49;57m[38;2;59;49;57m▒[0m[48;2;89;79;87m[38;2;89;79;87m@[0m[48;2;100;90;98m[38;2;100;90;98m%[0m[48;2;94;83;92m[38;2;94;83;92m@[0m[48;2;69;58;66m[38;2;69;58;66m░[0m[48;2;44;34;41m[38;2;44;34;41m▒[0m[48;2;51;42;48m[38;2;51;42;48m▒[0m[48;2;90;78;87m[38;2;90;78;87m@[0m[48;2;150;134;145m[38;2;150;134;145m*[0m[48;2;152;138;148m[38;2;152;138;148m*[0m[48;2;72;62;70m[38;2;72;62;70m░[0m[48;2;123;120;123m[38;2;123;120;123m#[0m                                 
                                        [48;2;125;125;125m[38;2;125;125;125m#[0m[48;2;5;3;5m[38;2;5;3;5m█[0m[48;2;43;38;40m[38;2;43;38;40m▒[0m[48;2;190;179;179m[38;2;190;179;179m=[0m[48;2;246;233;229m[38;2;246;233;229m.[0m[48;2;251;236;230m[38;2;251;236;230m [0m[48;2;250;235;227m[38;2;250;235;227m [0m[48;2;250;235;227m[38;2;250;235;227m [0m[48;2;250;235;227m[38;2;250;235;227m [0m[48;2;250;234;229m[38;2;250;234;229m [0m[48;2;250;234;229m[38;2;250;234;229m [0m[48;2;250;234;228m[38;2;250;234;228m [0m[48;2;250;234;228m[38;2;250;234;228m [0m[48;2;250;234;228m[38;2;250;234;228m [0m[48;2;250;234;228m[38;2;250;234;228m [0m[48;2;250;234;228m[38;2;250;234;228m [0m[48;2;250;235;228m[38;2;250;235;228m [0m[48;2;250;235;230m[38;2;250;235;230m [0m[48;2;233;221;216m[38;2;233;221;216m.[0m[48;2;123;114;113m[38;2;123;114;113m#[0m[48;2;14;6;9m[38;2;14;6;9m█[0m[48;2;46;41;44m[38;2;46;41;44m▒[0m[48;2;35;31;33m[38;2;35;31;33m▓[0m[48;2;142;135;140m[38;2;142;135;140m*[0m[48;2;167;157;162m[38;2;167;157;162m+[0m[48;2;35;26;31m[38;2;35;26;31m▓[0m[48;2;91;80;88m[38;2;91;80;88m@[0m[48;2;125;112;122m[38;2;125;112;122m#[0m[48;2;133;117;128m[38;2;133;117;128m#[0m[48;2;146;129;141m[38;2;146;129;141m*[0m[48;2;157;139;152m[38;2;157;139;152m*[0m[48;2;159;140;154m[38;2;159;140;154m+[0m[48;2;161;140;155m[38;2;161;140;155m+[0m[48;2;161;140;155m[38;2;161;140;155m+[0m[48;2;161;140;155m[38;2;161;140;155m+[0m[48;2;158;140;153m[38;2;158;140;153m+[0m[48;2;81;71;79m[38;2;81;71;79m@[0m[48;2;126;122;126m[38;2;126;122;126m#[0m                                
                                        [48;2;214;214;214m[38;2;214;214;214m:[0m[48;2;108;108;108m[38;2;108;108;108m%[0m[48;2;109;106;109m[38;2;109;106;109m%[0m[48;2;207;199;198m[38;2;207;199;198m:[0m[48;2;239;228;224m[38;2;239;228;224m.[0m[48;2;248;234;230m[38;2;248;234;230m.[0m[48;2;249;234;228m[38;2;249;234;228m [0m[48;2;248;234;227m[38;2;248;234;227m.[0m[48;2;249;234;228m[38;2;249;234;228m [0m[48;2;248;233;228m[38;2;248;233;228m.[0m[48;2;243;228;222m[38;2;243;228;222m.[0m[48;2;227;212;207m[38;2;227;212;207m:[0m[48;2;207;193;189m[38;2;207;193;189m-[0m[48;2;182;168;166m[38;2;182;168;166m=[0m[48;2;154;140;140m[38;2;154;140;140m*[0m[48;2;123;112;112m[38;2;123;112;112m#[0m[48;2;83;76;77m[38;2;83;76;77m@[0m[48;2;46;39;42m[38;2;46;39;42m▒[0m[48;2;25;20;25m[38;2;25;20;25m▓[0m[48;2;7;3;9m[38;2;7;3;9m█[0m[48;2;6;3;7m[38;2;6;3;7m█[0m[48;2;189;187;190m[38;2;189;187;190m-[0m[48;2;112;111;112m[38;2;112;111;112m#[0m[48;2;34;31;33m[38;2;34;31;33m▓[0m[48;2;106;102;104m[38;2;106;102;104m%[0m[48;2;122;116;120m[38;2;122;116;120m#[0m[48;2;67;58;65m[38;2;67;58;65m░[0m[48;2;159;141;155m[38;2;159;141;155m+[0m[48;2;161;140;155m[38;2;161;140;155m+[0m[48;2;161;140;155m[38;2;161;140;155m+[0m[48;2;161;140;155m[38;2;161;140;155m+[0m[48;2;161;140;155m[38;2;161;140;155m+[0m[48;2;161;140;155m[38;2;161;140;155m+[0m[48;2;161;140;155m[38;2;161;140;155m+[0m[48;2;161;140;155m[38;2;161;140;155m+[0m[48;2;161;140;155m[38;2;161;140;155m+[0m[48;2;158;140;152m[38;2;158;140;152m+[0m[48;2;48;39;46m[38;2;48;39;46m▒[0m[48;2;198;195;198m[38;2;198;195;198m-[0m                               
                                          [48;2;188;188;188m[38;2;188;188;188m-[0m[48;2;78;77;79m[38;2;78;77;79m@[0m[48;2;15;13;15m[38;2;15;13;15m█[0m[48;2;16;15;16m[38;2;16;15;16m█[0m[48;2;22;21;21m[38;2;22;21;21m▓[0m[48;2;30;29;29m[38;2;30;29;29m▓[0m[48;2;42;41;41m[38;2;42;41;41m▒[0m[48;2;36;35;35m[38;2;36;35;35m▓[0m[48;2;68;65;66m[38;2;68;65;66m░[0m[48;2;73;70;71m[38;2;73;70;71m░[0m[48;2;71;68;70m[38;2;71;68;70m░[0m[48;2;14;12;14m[38;2;14;12;14m█[0m[48;2;45;42;46m[38;2;45;42;46m▒[0m[48;2;29;25;29m[38;2;29;25;29m▓[0m[48;2;5;2;6m[38;2;5;2;6m█[0m[48;2;14;11;17m[38;2;14;11;17m█[0m[48;2;10;8;14m[38;2;10;8;14m█[0m[48;2;23;22;27m[38;2;23;22;27m▓[0m[48;2;27;26;31m[38;2;27;26;31m▓[0m[48;2;241;240;243m[38;2;241;240;243m [0m[48;2;185;184;185m[38;2;185;184;185m-[0m[48;2;68;66;68m[38;2;68;66;68m░[0m[48;2;200;198;200m[38;2;200;198;200m-[0m[48;2;191;188;190m[38;2;191;188;190m-[0m[48;2;29;23;28m[38;2;29;23;28m▓[0m[48;2;156;140;152m[38;2;156;140;152m*[0m[48;2;161;140;155m[38;2;161;140;155m+[0m[48;2;161;140;155m[38;2;161;140;155m+[0m[48;2;161;140;155m[38;2;161;140;155m+[0m[48;2;161;140;155m[38;2;161;140;155m+[0m[48;2;161;140;155m[38;2;161;140;155m+[0m[48;2;161;140;155m[38;2;161;140;155m+[0m[48;2;161;140;155m[38;2;161;140;155m+[0m[48;2;161;140;155m[38;2;161;140;155m+[0m[48;2;161;140;155m[38;2;161;140;155m+[0m[48;2;109;95;106m[38;2;109;95;106m%[0m[48;2;108;104;108m[38;2;108;104;108m%[0m                               
                                       [48;2;180;180;180m[38;2;180;180;180m=[0m[48;2;67;66;68m[38;2;67;66;68m░[0m[48;2;21;19;23m[38;2;21;19;23m▓[0m[48;2;22;20;26m[38;2;22;20;26m▓[0m[48;2;26;23;33m[38;2;26;23;33m▓[0m[48;2;27;23;35m[38;2;27;23;35m▓[0m[48;2;9;7;15m[38;2;9;7;15m█[0m[48;2;5;4;9m[38;2;5;4;9m█[0m[48;2;48;47;50m[38;2;48;47;50m▒[0m[48;2;49;49;50m[38;2;49;49;50m▒[0m[48;2;22;21;23m[38;2;22;21;23m▓[0m[48;2;82;80;83m[38;2;82;80;83m@[0m[48;2;123;122;125m[38;2;123;122;125m#[0m[48;2;9;8;10m[38;2;9;8;10m█[0m[48;2;40;39;42m[38;2;40;39;42m▒[0m[48;2;12;11;16m[38;2;12;11;16m█[0m[48;2;34;30;36m[38;2;34;30;36m▓[0m[48;2;23;17;25m[38;2;23;17;25m▓[0m[48;2;31;26;38m[38;2;31;26;38m▓[0m[48;2;6;3;12m[38;2;6;3;12m█[0m[48;2;15;13;19m[38;2;15;13;19m█[0m[48;2;36;35;40m[38;2;36;35;40m▓[0m [48;2;241;239;243m[38;2;241;239;243m [0m[48;2;76;74;79m[38;2;76;74;79m@[0m[48;2;147;144;149m[38;2;147;144;149m*[0m[48;2;198;196;200m[38;2;198;196;200m-[0m[48;2;32;27;32m[38;2;32;27;32m▓[0m[48;2;148;133;145m[38;2;148;133;145m*[0m[48;2;161;140;155m[38;2;161;140;155m+[0m[48;2;161;140;155m[38;2;161;140;155m+[0m[48;2;161;140;155m[38;2;161;140;155m+[0m[48;2;161;140;155m[38;2;161;140;155m+[0m[48;2;161;140;155m[38;2;161;140;155m+[0m[48;2;161;140;155m[38;2;161;140;155m+[0m[48;2;161;140;155m[38;2;161;140;155m+[0m[48;2;161;140;155m[38;2;161;140;155m+[0m[48;2;161;140;155m[38;2;161;140;155m+[0m[48;2;137;120;132m[38;2;137;120;132m#[0m[48;2;68;62;67m[38;2;68;62;67m░[0m                               
                                       [48;2;42;42;42m[38;2;42;42;42m▒[0m[48;2;70;69;70m[38;2;70;69;70m░[0m[48;2;30;27;31m[38;2;30;27;31m▓[0m[48;2;33;29;43m[38;2;33;29;43m▓[0m[48;2;37;32;51m[38;2;37;32;51m▓[0m[48;2;37;31;51m[38;2;37;31;51m▓[0m[48;2;11;8;19m[38;2;11;8;19m█[0m[48;2;23;21;32m[38;2;23;21;32m▓[0m[48;2;13;10;21m[38;2;13;10;21m█[0m[48;2;48;45;53m[38;2;48;45;53m▒[0m[48;2;19;16;22m[38;2;19;16;22m█[0m[48;2;29;27;31m[38;2;29;27;31m▓[0m[48;2;80;79;81m[38;2;80;79;81m@[0m[48;2;12;11;13m[38;2;12;11;13m█[0m[48;2;6;5;8m[38;2;6;5;8m█[0m[48;2;12;10;13m[38;2;12;10;13m█[0m[48;2;87;81;80m[38;2;87;81;80m@[0m[48;2;137;128;122m[38;2;137;128;122m*[0m[48;2;58;48;54m[38;2;58;48;54m▒[0m[48;2;31;24;43m[38;2;31;24;43m▓[0m[48;2;15;11;23m[38;2;15;11;23m█[0m[48;2;7;5;13m[38;2;7;5;13m█[0m[48;2;140;137;143m[38;2;140;137;143m*[0m[48;2;206;203;209m[38;2;206;203;209m:[0m[48;2;206;203;209m[38;2;206;203;209m:[0m[48;2;56;53;59m[38;2;56;53;59m▒[0m[48;2;97;93;99m[38;2;97;93;99m%[0m[48;2;45;39;46m[38;2;45;39;46m▒[0m[48;2;157;140;153m[38;2;157;140;153m+[0m[48;2;152;132;147m[38;2;152;132;147m*[0m[48;2;141;121;135m[38;2;141;121;135m*[0m[48;2;161;140;155m[38;2;161;140;155m+[0m[48;2;161;140;155m[38;2;161;140;155m+[0m[48;2;161;140;155m[38;2;161;140;155m+[0m[48;2;161;140;155m[38;2;161;140;155m+[0m[48;2;161;140;155m[38;2;161;140;155m+[0m[48;2;161;140;155m[38;2;161;140;155m+[0m[48;2;161;140;155m[38;2;161;140;155m+[0m[48;2;120;104;115m[38;2;120;104;115m#[0m[48;2;92;88;93m[38;2;92;88;93m@[0m                               
                                       [48;2;196;196;196m[38;2;196;196;196m-[0m[48;2;59;58;59m[38;2;59;58;59m░[0m[48;2;126;123;126m[38;2;126;123;126m#[0m[48;2;18;15;23m[38;2;18;15;23m█[0m[48;2;35;30;46m[38;2;35;30;46m▓[0m[48;2;34;28;46m[38;2;34;28;46m▓[0m[48;2;8;5;14m[38;2;8;5;14m█[0m[48;2;34;31;46m[38;2;34;31;46m▓[0m[48;2;26;23;38m[38;2;26;23;38m▓[0m[48;2;18;15;23m[38;2;18;15;23m█[0m[48;2;10;7;12m[38;2;10;7;12m█[0m[48;2;7;5;7m[38;2;7;5;7m█[0m[48;2;2;1;1m[38;2;2;1;1m█[0m[48;2;47;46;46m[38;2;47;46;46m▒[0m[48;2;44;42;41m[38;2;44;42;41m▒[0m[48;2;21;17;17m[38;2;21;17;17m█[0m[48;2;91;85;85m[38;2;91;85;85m@[0m[48;2;111;101;102m[38;2;111;101;102m%[0m[48;2;70;60;64m[38;2;70;60;64m░[0m[48;2;40;30;50m[38;2;40;30;50m▓[0m[48;2;38;31;51m[38;2;38;31;51m▓[0m[48;2;33;28;46m[38;2;33;28;46m▓[0m[48;2;14;10;22m[38;2;14;10;22m█[0m[48;2;18;15;24m[38;2;18;15;24m█[0m[48;2;71;66;75m[38;2;71;66;75m░[0m[48;2;85;79;89m[38;2;85;79;89m@[0m[48;2;112;102;113m[38;2;112;102;113m%[0m[48;2;136;124;135m[38;2;136;124;135m*[0m[48;2;92;79;89m[38;2;92;79;89m@[0m[48;2;28;19;27m[38;2;28;19;27m▓[0m[48;2;95;80;92m[38;2;95;80;92m@[0m[48;2;159;139;154m[38;2;159;139;154m+[0m[48;2;161;140;155m[38;2;161;140;155m+[0m[48;2;161;140;155m[38;2;161;140;155m+[0m[48;2;161;140;155m[38;2;161;140;155m+[0m[48;2;161;140;155m[38;2;161;140;155m+[0m[48;2;161;140;155m[38;2;161;140;155m+[0m[48;2;156;136;150m[38;2;156;136;150m*[0m[48;2;48;38;47m[38;2;48;38;47m▒[0m[48;2;200;198;201m[38;2;200;198;201m-[0m                               
                                        [48;2;215;215;215m[38;2;215;215;215m:[0m[48;2;58;56;59m[38;2;58;56;59m░[0m[48;2;151;149;152m[38;2;151;149;152m+[0m[48;2;34;32;37m[38;2;34;32;37m▓[0m[48;2;18;17;24m[38;2;18;17;24m█[0m[48;2;14;12;21m[38;2;14;12;21m█[0m[48;2;36;32;50m[38;2;36;32;50m▓[0m[48;2;36;32;49m[38;2;36;32;49m▓[0m[48;2;13;9;21m[38;2;13;9;21m█[0m[48;2;114;107;100m[38;2;114;107;100m%[0m[48;2;102;94;77m[38;2;102;94;77m%[0m[48;2;50;41;31m[38;2;50;41;31m▒[0m[48;2;112;102;85m[38;2;112;102;85m%[0m[48;2;192;184;157m[38;2;192;184;157m-[0m[48;2;42;33;32m[38;2;42;33;32m▓[0m[48;2;36;29;39m[38;2;36;29;39m▓[0m[48;2;45;37;53m[38;2;45;37;53m▒[0m[48;2;39;29;47m[38;2;39;29;47m▓[0m[48;2;38;30;51m[38;2;38;30;51m▓[0m[48;2;37;31;52m[38;2;37;31;52m▓[0m[48;2;37;31;51m[38;2;37;31;51m▓[0m[48;2;35;30;48m[38;2;35;30;48m▓[0m[48;2;25;20;36m[38;2;25;20;36m▓[0m[48;2;24;19;31m[38;2;24;19;31m▓[0m[48;2;56;50;61m[38;2;56;50;61m▒[0m[48;2;47;41;50m[38;2;47;41;50m▒[0m[48;2;33;27;34m[38;2;33;27;34m▓[0m[48;2;24;17;25m[38;2;24;17;25m▓[0m[48;2;109;97;108m[38;2;109;97;108m%[0m[48;2;158;141;155m[38;2;158;141;155m+[0m[48;2;161;140;155m[38;2;161;140;155m+[0m[48;2;161;140;155m[38;2;161;140;155m+[0m[48;2;161;140;155m[38;2;161;140;155m+[0m[48;2;161;140;155m[38;2;161;140;155m+[0m[48;2;159;140;154m[38;2;159;140;154m+[0m[48;2;126;109;122m[38;2;126;109;122m#[0m[48;2;57;46;55m[38;2;57;46;55m▒[0m[48;2;165;160;165m[38;2;165;160;165m+[0m                                
                                         [48;2;210;209;210m[38;2;210;209;210m:[0m[48;2;69;67;70m[38;2;69;67;70m░[0m[48;2;86;84;87m[38;2;86;84;87m@[0m[48;2;29;28;32m[38;2;29;28;32m▓[0m[48;2;23;21;31m[38;2;23;21;31m▓[0m[48;2;34;29;46m[38;2;34;29;46m▓[0m[48;2;27;22;38m[38;2;27;22;38m▓[0m[48;2;14;10;21m[38;2;14;10;21m█[0m[48;2;7;2;8m[38;2;7;2;8m█[0m[48;2;62;53;63m[38;2;62;53;63m░[0m[48;2;124;114;106m[38;2;124;114;106m#[0m[48;2;104;94;80m[38;2;104;94;80m%[0m[48;2;21;12;14m[38;2;21;12;14m█[0m[48;2;16;10;15m[38;2;16;10;15m█[0m[48;2;18;14;21m[38;2;18;14;21m█[0m[48;2;18;14;25m[38;2;18;14;25m█[0m[48;2;15;11;21m[38;2;15;11;21m█[0m[48;2;15;11;21m[38;2;15;11;21m█[0m[48;2;17;13;25m[38;2;17;13;25m█[0m[48;2;20;16;28m[38;2;20;16;28m▓[0m[48;2;22;18;30m[38;2;22;18;30m▓[0m[48;2;24;20;31m[38;2;24;20;31m▓[0m[48;2;24;20;30m[38;2;24;20;30m▓[0m[48;2;20;16;25m[38;2;20;16;25m█[0m[48;2;9;5;13m[38;2;9;5;13m█[0m[48;2;5;2;10m[38;2;5;2;10m█[0m[48;2;58;51;60m[38;2;58;51;60m▒[0m[48;2;118;107;118m[38;2;118;107;118m#[0m[48;2;157;140;153m[38;2;157;140;153m+[0m[48;2;160;141;155m[38;2;160;141;155m+[0m[48;2;157;138;152m[38;2;157;138;152m*[0m[48;2;131;114;127m[38;2;131;114;127m#[0m[48;2;90;75;86m[38;2;90;75;86m@[0m[48;2;74;65;73m[38;2;74;65;73m░[0m[48;2;139;134;139m[38;2;139;134;139m*[0m[48;2;231;229;232m[38;2;231;229;232m.[0m                                 
                                            [48;2;35;34;37m[38;2;35;34;37m▓[0m[48;2;26;25;32m[38;2;26;25;32m▓[0m[48;2;9;7;15m[38;2;9;7;15m█[0m[48;2;47;45;51m[38;2;47;45;51m▒[0m[48;2;20;19;25m[38;2;20;19;25m▓[0m[48;2;10;8;16m[38;2;10;8;16m█[0m[48;2;28;24;39m[38;2;28;24;39m▓[0m[48;2;22;18;33m[38;2;22;18;33m▓[0m[48;2;14;12;18m[38;2;14;12;18m█[0m[48;2;14;10;18m[38;2;14;10;18m█[0m[48;2;18;11;43m[38;2;18;11;43m█[0m[48;2;24;20;30m[38;2;24;20;30m▓[0m[48;2;35;30;34m[38;2;35;30;34m▓[0m[48;2;38;32;37m[38;2;38;32;37m▓[0m[48;2;43;39;44m[38;2;43;39;44m▒[0m[48;2;47;44;50m[38;2;47;44;50m▒[0m[48;2;46;43;49m[38;2;46;43;49m▒[0m[48;2;54;50;56m[38;2;54;50;56m▒[0m[48;2;55;51;58m[38;2;55;51;58m▒[0m[48;2;11;7;14m[38;2;11;7;14m█[0m[48;2;11;8;15m[38;2;11;8;15m█[0m[48;2;19;15;28m[38;2;19;15;28m█[0m[48;2;35;30;48m[38;2;35;30;48m▓[0m[48;2;33;28;46m[38;2;33;28;46m▓[0m[48;2;22;16;33m[38;2;22;16;33m▓[0m[48;2;32;24;38m[38;2;32;24;38m▓[0m[48;2;56;46;57m[38;2;56;46;57m▒[0m[48;2;51;42;51m[38;2;51;42;51m▒[0m[48;2;126;120;125m[38;2;126;120;125m#[0m[48;2;208;205;208m[38;2;208;205;208m:[0m                                    
                                           [48;2;233;233;233m[38;2;233;233;233m.[0m[48;2;8;7;10m[38;2;8;7;10m█[0m[48;2;23;21;26m[38;2;23;21;26m▓[0m[48;2;41;39;45m[38;2;41;39;45m▒[0m[48;2;18;17;24m[38;2;18;17;24m█[0m[48;2;10;9;15m[38;2;10;9;15m█[0m[48;2;112;110;116m[38;2;112;110;116m#[0m[48;2;18;15;24m[38;2;18;15;24m█[0m[48;2;22;11;67m[38;2;22;11;67m▓[0m[48;2;8;3;21m[38;2;8;3;21m█[0m[48;2;14;7;43m[38;2;14;7;43m█[0m[48;2;67;54;120m[38;2;67;54;120m░[0m[48;2;44;35;69m[38;2;44;35;69m▒[0m[48;2;12;7;13m[38;2;12;7;13m█[0m[48;2;8;5;9m[38;2;8;5;9m█[0m[48;2;18;14;21m[38;2;18;14;21m█[0m[48;2;20;17;25m[38;2;20;17;25m▓[0m[48;2;20;17;26m[38;2;20;17;26m▓[0m[48;2;20;16;28m[38;2;20;16;28m▓[0m[48;2;21;17;32m[38;2;21;17;32m▓[0m[48;2;25;20;37m[38;2;25;20;37m▓[0m[48;2;33;29;46m[38;2;33;29;46m▓[0m[48;2;37;31;50m[38;2;37;31;50m▓[0m[48;2;37;31;52m[38;2;37;31;52m▓[0m[48;2;37;31;52m[38;2;37;31;52m▓[0m[48;2;37;31;52m[38;2;37;31;52m▓[0m[48;2;37;31;51m[38;2;37;31;51m▓[0m[48;2;31;26;43m[38;2;31;26;43m▓[0m[48;2;21;17;30m[38;2;21;17;30m▓[0m[48;2;95;93;97m[38;2;95;93;97m%[0m[48;2;213;213;214m[38;2;213;213;214m:[0m                                    
                                           [48;2;127;126;127m[38;2;127;126;127m#[0m[48;2;13;11;15m[38;2;13;11;15m█[0m[48;2;23;20;27m[38;2;23;20;27m▓[0m[48;2;27;24;37m[38;2;27;24;37m▓[0m[48;2;35;33;48m[38;2;35;33;48m▓[0m[48;2;11;9;18m[38;2;11;9;18m█[0m[48;2;214;212;218m[38;2;214;212;218m:[0m[48;2;72;70;78m[38;2;72;70;78m░[0m[48;2;83;66;139m[38;2;83;66;139m@[0m[48;2;60;47;96m[38;2;60;47;96m░[0m[48;2;16;8;46m[38;2;16;8;46m█[0m[48;2;50;37;88m[38;2;50;37;88m▒[0m[48;2;29;22;49m[38;2;29;22;49m▓[0m[48;2;99;95;103m[38;2;99;95;103m%[0m[48;2;187;184;190m[38;2;187;184;190m-[0m[48;2;86;82;89m[38;2;86;82;89m@[0m[48;2;22;18;28m[38;2;22;18;28m▓[0m[48;2;31;26;41m[38;2;31;26;41m▓[0m[48;2;37;31;50m[38;2;37;31;50m▓[0m[48;2;37;31;51m[38;2;37;31;51m▓[0m[48;2;37;31;52m[38;2;37;31;52m▓[0m[48;2;37;31;52m[38;2;37;31;52m▓[0m[48;2;37;31;52m[38;2;37;31;52m▓[0m[48;2;37;31;52m[38;2;37;31;52m▓[0m[48;2;37;31;52m[38;2;37;31;52m▓[0m[48;2;37;31;52m[38;2;37;31;52m▓[0m[48;2;37;31;52m[38;2;37;31;52m▓[0m[48;2;37;31;52m[38;2;37;31;52m▓[0m[48;2;37;31;52m[38;2;37;31;52m▓[0m[48;2;32;26;44m[38;2;32;26;44m▓[0m[48;2;20;16;27m[38;2;20;16;27m▓[0m[48;2;107;105;109m[38;2;107;105;109m%[0m[48;2;232;232;233m[38;2;232;232;233m.[0m                                  
                                           [48;2;73;72;75m[38;2;73;72;75m░[0m[48;2;9;7;11m[38;2;9;7;11m█[0m[48;2;34;29;44m[38;2;34;29;44m▓[0m[48;2;37;31;51m[38;2;37;31;51m▓[0m[48;2;36;31;50m[38;2;36;31;50m▓[0m[48;2;20;18;27m[38;2;20;18;27m▓[0m[48;2;239;238;243m[38;2;239;238;243m [0m[48;2;206;204;209m[38;2;206;204;209m:[0m[48;2;82;78;88m[38;2;82;78;88m@[0m[48;2;75;72;81m[38;2;75;72;81m@[0m[48;2;25;15;60m[38;2;25;15;60m▓[0m[48;2;79;62;132m[38;2;79;62;132m@[0m[48;2;34;25;56m[38;2;34;25;56m▓[0m[48;2;123;120;126m[38;2;123;120;126m#[0m  [48;2;215;212;218m[38;2;215;212;218m:[0m[48;2;124;121;128m[38;2;124;121;128m#[0m[48;2;43;39;48m[38;2;43;39;48m▒[0m[48;2;23;19;30m[38;2;23;19;30m▓[0m[48;2;34;29;45m[38;2;34;29;45m▓[0m[48;2;37;31;51m[38;2;37;31;51m▓[0m[48;2;37;31;52m[38;2;37;31;52m▓[0m[48;2;37;31;52m[38;2;37;31;52m▓[0m[48;2;37;31;52m[38;2;37;31;52m▓[0m[48;2;37;31;52m[38;2;37;31;52m▓[0m[48;2;37;31;52m[38;2;37;31;52m▓[0m[48;2;37;31;52m[38;2;37;31;52m▓[0m[48;2;37;31;52m[38;2;37;31;52m▓[0m[48;2;37;31;52m[38;2;37;31;52m▓[0m[48;2;37;31;51m[38;2;37;31;51m▓[0m[48;2;30;25;41m[38;2;30;25;41m▓[0m[48;2;32;29;41m[38;2;32;29;41m▓[0m[48;2;180;179;182m[38;2;180;179;182m=[0m                                 
                                           [48;2;122;122;123m[38;2;122;122;123m#[0m[48;2;22;20;29m[38;2;22;20;29m▓[0m[48;2;37;31;51m[38;2;37;31;51m▓[0m[48;2;37;31;52m[38;2;37;31;52m▓[0m[48;2;36;30;51m[38;2;36;30;51m▓[0m[48;2;30;28;37m[38;2;30;28;37m▓[0m    [48;2;179;178;181m[38;2;179;178;181m=[0m[48;2;84;81;86m[38;2;84;81;86m@[0m[48;2;90;87;94m[38;2;90;87;94m@[0m[48;2;233;231;235m[38;2;233;231;235m.[0m    [48;2;241;239;241m[38;2;241;239;241m [0m[48;2;103;102;105m[38;2;103;102;105m%[0m[48;2;45;42;48m[38;2;45;42;48m▒[0m[48;2;46;43;50m[38;2;46;43;50m▒[0m[48;2;20;16;28m[38;2;20;16;28m▓[0m[48;2;29;24;41m[38;2;29;24;41m▓[0m[48;2;37;31;51m[38;2;37;31;51m▓[0m[48;2;37;31;52m[38;2;37;31;52m▓[0m[48;2;37;31;52m[38;2;37;31;52m▓[0m[48;2;37;31;52m[38;2;37;31;52m▓[0m[48;2;37;31;52m[38;2;37;31;52m▓[0m[48;2;37;31;52m[38;2;37;31;52m▓[0m[48;2;37;31;52m[38;2;37;31;52m▓[0m[48;2;37;31;52m[38;2;37;31;52m▓[0m[48;2;35;30;48m[38;2;35;30;48m▓[0m[48;2;18;15;24m[38;2;18;15;24m█[0m[48;2;173;172;174m[38;2;173;172;174m=[0m                                