                                                                                                    
                                                                                                    
                                                                                                    
                                                                                                    
                                                                                                    
                                                                                                    
                                                                                                    
                                                                                                    
                                                                                                    
                                                                                                    
                                                                                                    
                                               [48;2;237;237;237m[38;2;237;237;237m.[0m[48;2;216;216;216m[38;2;216;216;216m:[0m[48;2;202;202;203m[38;2;202;202;203m:[0m[48;2;200;200;201m[38;2;200;200;201m-[0m[48;2;206;206;206m[38;2;206;206;206m:[0m[48;2;225;225;225m[38;2;225;225;225m.[0m                                               
                                           [48;2;190;189;190m[38;2;190;189;190m-[0m[48;2;123;123;124m[38;2;123;123;124m#[0m[48;2;72;71;76m[38;2;72;71;76m░[0m[48;2;39;38;46m[38;2;39;38;46m▒[0m[48;2;26;24;33m[38;2;26;24;33m▓[0m[48;2;28;27;37m[38;2;28;27;37m▓[0m[48;2;30;29;40m[38;2;30;29;40m▓[0m[48;2;29;28;40m[38;2;29;28;40m▓[0m[48;2;28;28;39m[38;2;28;28;39m▓[0m[48;2;25;24;35m[38;2;25;24;35m▓[0m[48;2;31;30;40m[38;2;31;30;40m▓[0m[48;2;73;72;81m[38;2;73;72;81m@[0m[48;2;139;138;142m[38;2;139;138;142m*[0m[48;2;230;230;231m[38;2;230;230;231m.[0m                                           
                                        [48;2;234;234;234m[38;2;234;234;234m.[0m[48;2;123;123;125m[38;2;123;123;125m#[0m[48;2;40;39;44m[38;2;40;39;44m▒[0m[48;2;29;27;37m[38;2;29;27;37m▓[0m[48;2;44;41;55m[38;2;44;41;55m▒[0m[48;2;48;45;61m[38;2;48;45;61m▒[0m[48;2;45;42;59m[38;2;45;42;59m▒[0m[48;2;57;55;70m[38;2;57;55;70m░[0m[48;2;47;48;63m[38;2;47;48;63m▒[0m[48;2;42;44;60m[38;2;42;44;60m▒[0m[48;2;42;43;59m[38;2;42;43;59m▒[0m[48;2;41;43;59m[38;2;41;43;59m▒[0m[48;2;41;43;59m[38;2;41;43;59m▒[0m[48;2;41;43;59m[38;2;41;43;59m▒[0m[48;2;42;42;59m[38;2;42;42;59m▒[0m[48;2;36;35;52m[38;2;36;35;52m▒[0m[48;2;27;25;37m[38;2;27;25;37m▓[0m[48;2;124;123;128m[38;2;124;123;128m#[0m                                          
                                       [48;2;174;174;175m[38;2;174;174;175m=[0m[48;2;33;32;37m[38;2;33;32;37m▓[0m[48;2;30;28;38m[38;2;30;28;38m▓[0m[48;2;30;27;38m[38;2;30;27;38m▓[0m[48;2;34;30;42m[38;2;34;30;42m▓[0m[48;2;55;48;58m[38;2;55;48;58m▒[0m[48;2;59;51;60m[38;2;59;51;60m▒[0m[48;2;74;66;75m[38;2;74;66;75m░[0m[48;2;78;69;79m[38;2;78;69;79m░[0m[48;2;73;63;73m[38;2;73;63;73m░[0m[48;2;59;49;58m[38;2;59;49;58m▒[0m[48;2;37;29;39m[38;2;37;29;39m▓[0m[48;2;28;23;36m[38;2;28;23;36m▓[0m[48;2;38;36;51m[38;2;38;36;51m▒[0m[48;2;43;42;59m[38;2;43;42;59m▒[0m[48;2;42;42;59m[38;2;42;42;59m▒[0m[48;2;41;43;59m[38;2;41;43;59m▒[0m[48;2;42;42;59m[38;2;42;42;59m▒[0m[48;2;31;29;44m[38;2;31;29;44m▓[0m[48;2;56;54;63m[38;2;56;54;63m░[0m[48;2;214;213;214m[38;2;214;213;214m:[0m                                        
                                      [48;2;196;196;196m[38;2;196;196;196m-[0m[48;2;12;9;13m[38;2;12;9;13m█[0m[48;2;47;41;49m[38;2;47;41;49m▒[0m[48;2;61;51;62m[38;2;61;51;62m░[0m[48;2;56;46;56m[38;2;56;46;56m▒[0m[48;2;81;70;80m[38;2;81;70;80m@[0m[48;2;150;134;145m[38;2;150;134;145m*[0m[48;2;116;99;111m[38;2;116;99;111m%[0m[48;2;80;65;75m[38;2;80;65;75m░[0m[48;2;81;67;76m[38;2;81;67;76m░[0m[48;2;145;128;139m[38;2;145;128;139m*[0m[48;2;160;141;154m[38;2;160;141;154m+[0m[48;2;160;140;154m[38;2;160;140;154m+[0m[48;2;139;120;134m[38;2;139;120;134m#[0m[48;2;92;77;89m[38;2;92;77;89m@[0m[48;2;43;34;45m[38;2;43;34;45m▒[0m[48;2;48;43;54m[38;2;48;43;54m▒[0m[48;2;51;48;59m[38;2;51;48;59m▒[0m[48;2;35;32;45m[38;2;35;32;45m▓[0m[48;2;28;24;38m[38;2;28;24;38m▓[0m[48;2;23;18;32m[38;2;23;18;32m▓[0m[48;2;23;20;26m[38;2;23;20;26m▓[0m[48;2;192;191;192m[38;2;192;191;192m-[0m                                       
                                     [48;2;196;195;197m[38;2;196;195;197m-[0m[48;2;59;55;60m[38;2;59;55;60m░[0m[48;2;128;114;125m[38;2;128;114;125m#[0m[48;2;160;141;155m[38;2;160;141;155m+[0m[48;2;130;112;126m[38;2;130;112;126m#[0m[48;2;154;134;148m[38;2;154;134;148m*[0m[48;2;160;140;154m[38;2;160;140;154m+[0m[48;2;161;140;155m[38;2;161;140;155m+[0m[48;2;161;140;155m[38;2;161;140;155m+[0m[48;2;160;141;155m[38;2;160;141;155m+[0m[48;2;117;101;112m[38;2;117;101;112m%[0m[48;2;89;74;84m[38;2;89;74;84m@[0m[48;2;156;140;151m[38;2;156;140;151m*[0m[48;2;159;139;153m[38;2;159;139;153m+[0m[48;2;161;140;155m[38;2;161;140;155m+[0m[48;2;161;140;155m[38;2;161;140;155m+[0m[48;2;159;139;154m[38;2;159;139;154m+[0m[48;2;101;87;98m[38;2;101;87;98m%[0m[48;2;26;16;29m[38;2;26;16;29m▓[0m[48;2;75;58;112m[38;2;75;58;112m░[0m[48;2;28;15;48m[38;2;28;15;48m▓[0m[48;2;82;64;123m[38;2;82;64;123m@[0m[48;2;8;2;9m[38;2;8;2;9m█[0m[48;2;23;18;22m[38;2;23;18;22m▓[0m[48;2;215;215;215m[38;2;215;215;215m:[0m                                      
                                    [48;2;193;192;193m[38;2;193;192;193m-[0m[48;2;56;51;56m[38;2;56;51;56m▒[0m[48;2;151;137;147m[38;2;151;137;147m*[0m[48;2;160;141;155m[38;2;160;141;155m+[0m[48;2;161;140;155m[38;2;161;140;155m+[0m[48;2;161;140;155m[38;2;161;140;155m+[0m[48;2;161;140;155m[38;2;161;140;155m+[0m[48;2;161;140;155m[38;2;161;140;155m+[0m[48;2;157;136;151m[38;2;157;136;151m*[0m[48;2;104;85;99m[38;2;104;85;99m%[0m[48;2;160;140;154m[38;2;160;140;154m+[0m[48;2;45;32;42m[38;2;45;32;42m▒[0m[48;2;118;104;114m[38;2;118;104;114m%[0m[48;2;64;51;61m[38;2;64;51;61m░[0m[48;2;157;139;153m[38;2;157;139;153m*[0m[48;2;161;140;155m[38;2;161;140;155m+[0m[48;2;161;140;155m[38;2;161;140;155m+[0m[48;2;161;140;155m[38;2;161;140;155m+[0m[48;2;161;140;155m[38;2;161;140;155m+[0m[48;2;134;118;131m[38;2;134;118;131m#[0m[48;2;46;30;53m[38;2;46;30;53m▒[0m[48;2;90;66;136m[38;2;90;66;136m@[0m[48;2;65;45;105m[38;2;65;45;105m░[0m[48;2;47;33;68m[38;2;47;33;68m▒[0m[48;2;15;9;15m[38;2;15;9;15m█[0m[48;2;65;63;66m[38;2;65;63;66m░[0m                                      
                                    [48;2;53;51;53m[38;2;53;51;53m▒[0m[48;2;108;95;104m[38;2;108;95;104m%[0m[48;2;91;76;88m[38;2;91;76;88m@[0m[48;2;81;67;77m[38;2;81;67;77m░[0m[48;2;161;142;156m[38;2;161;142;156m+[0m[48;2;161;141;155m[38;2;161;141;155m+[0m[48;2;161;140;155m[38;2;161;140;155m+[0m[48;2;161;140;155m[38;2;161;140;155m+[0m[48;2;149;130;144m[38;2;149;130;144m*[0m[48;2;37;24;36m[38;2;37;24;36m▓[0m[48;2;153;138;151m[38;2;153;138;151m*[0m[48;2;88;75;86m[38;2;88;75;86m@[0m[48;2;61;49;59m[38;2;61;49;59m▒[0m[48;2;85;73;82m[38;2;85;73;82m@[0m[48;2;71;58;69m[38;2;71;58;69m░[0m[48;2;154;134;149m[38;2;154;134;149m*[0m[48;2;161;140;155m[38;2;161;140;155m+[0m[48;2;161;140;155m[38;2;161;140;155m+[0m[48;2;161;140;155m[38;2;161;140;155m+[0m[48;2;161;140;155m[38;2;161;140;155m+[0m[48;2;138;119;133m[38;2;138;119;133m#[0m[48;2;49;36;54m[38;2;49;36;54m▒[0m[48;2;22;12;28m[38;2;22;12;28m█[0m[48;2;17;10;18m[38;2;17;10;18m█[0m[48;2;34;29;39m[38;2;34;29;39m▓[0m[48;2;22;18;27m[38;2;22;18;27m▓[0m[48;2;178;177;178m[38;2;178;177;178m=[0m                                     
                                   [48;2;165;165;166m[38;2;165;165;166m=[0m[48;2;80;73;79m[38;2;80;73;79m@[0m[48;2;43;35;41m[38;2;43;35;41m▒[0m[48;2;25;18;24m[38;2;25;18;24m▓[0m[48;2;95;85;93m[38;2;95;85;93m@[0m[48;2;90;75;86m[38;2;90;75;86m@[0m[48;2;130;114;127m[38;2;130;114;127m#[0m[48;2;147;127;142m[38;2;147;127;142m*[0m[48;2;161;140;155m[38;2;161;140;155m+[0m[48;2;160;140;155m[38;2;160;140;155m+[0m[48;2;38;28;37m[38;2;38;28;37m▓[0m[48;2;65;54;62m[38;2;65;54;62m░[0m[48;2;146;133;143m[38;2;146;133;143m*[0m[48;2;40;32;39m[38;2;40;32;39m▓[0m[48;2;47;40;47m[38;2;47;40;47m▒[0m[48;2;50;44;51m[38;2;50;44;51m▒[0m[48;2;33;25;33m[38;2;33;25;33m▓[0m[48;2;96;83;93m[38;2;96;83;93m@[0m[48;2;148;131;144m[38;2;148;131;144m*[0m[48;2;160;140;154m[38;2;160;140;154m+[0m[48;2;160;141;154m[38;2;160;141;154m+[0m[48;2;161;140;155m[38;2;161;140;155m+[0m[48;2;150;132;146m[38;2;150;132;146m*[0m[48;2;77;64;74m[38;2;77;64;74m░[0m[48;2;39;31;40m[38;2;39;31;40m▓[0m[48;2;37;33;44m[38;2;37;33;44m▓[0m[48;2;38;35;47m[38;2;38;35;47m▒[0m[48;2;92;91;95m[38;2;92;91;95m%[0m                                     
                                   [48;2;115;113;114m[38;2;115;113;114m#[0m[48;2;111;101;108m[38;2;111;101;108m%[0m[48;2;15;8;14m[38;2;15;8;14m█[0m[48;2;81;74;81m[38;2;81;74;81m@[0m[48;2;96;87;95m[38;2;96;87;95m@[0m[48;2;27;19;26m[38;2;27;19;26m▓[0m[48;2;30;22;29m[38;2;30;22;29m▓[0m[48;2;50;39;47m[38;2;50;39;47m▒[0m[48;2;117;102;114m[38;2;117;102;114m%[0m[48;2;113;98;110m[38;2;113;98;110m%[0m[48;2;63;53;60m[38;2;63;53;60m░[0m[48;2;23;16;21m[38;2;23;16;21m▓[0m[48;2;35;27;37m[38;2;35;27;37m▓[0m[48;2;59;48;74m[38;2;59;48;74m▒[0m[48;2;23;13;39m[38;2;23;13;39m▓[0m[48;2;79;73;77m[38;2;79;73;77m@[0m[48;2;33;28;30m[38;2;33;28;30m▓[0m[48;2;78;72;73m[38;2;78;72;73m@[0m[48;2;32;26;29m[38;2;32;26;29m▓[0m[48;2;19;13;17m[38;2;19;13;17m█[0m[48;2;33;25;31m[38;2;33;25;31m▓[0m[48;2;56;47;54m[38;2;56;47;54m▒[0m[48;2;52;43;51m[38;2;52;43;51m▒[0m[48;2;77;66;76m[38;2;77;66;76m░[0m[48;2;70;61;70m[38;2;70;61;70m░[0m[48;2;28;20;30m[38;2;28;20;30m▓[0m[48;2;29;23;33m[38;2;29;23;33m▓[0m[48;2;70;66;72m[38;2;70;66;72m░[0m                                     
                                   [48;2;117;116;117m[38;2;117;116;117m#[0m[48;2;100;91;98m[38;2;100;91;98m%[0m[48;2;10;3;10m[38;2;10;3;10m█[0m[48;2;101;95;99m[38;2;101;95;99m%[0m[48;2;40;32;36m[38;2;40;32;36m▓[0m[48;2;41;20;82m[38;2;41;20;82m▓[0m[48;2;51;20;104m[38;2;51;20;104m▒[0m[48;2;28;10;60m[38;2;28;10;60m▓[0m[48;2;134;123;127m[38;2;134;123;127m#[0m[48;2;196;184;183m[38;2;196;184;183m-[0m[48;2;214;203;201m[38;2;214;203;201m:[0m[48;2;132;123;123m[38;2;132;123;123m#[0m[48;2;50;30;81m[38;2;50;30;81m▒[0m[48;2;97;61;159m[38;2;97;61;159m@[0m[48;2;54;25;103m[38;2;54;25;103m▒[0m[48;2;144;136;138m[38;2;144;136;138m*[0m[48;2;172;162;161m[38;2;172;162;161m=[0m[48;2;246;233;231m[38;2;246;233;231m.[0m[48;2;179;166;165m[38;2;179;166;165m=[0m[48;2;64;54;59m[38;2;64;54;59m░[0m[48;2;150;138;145m[38;2;150;138;145m*[0m[48;2;152;139;147m[38;2;152;139;147m*[0m[48;2;86;73;82m[38;2;86;73;82m@[0m[48;2;72;61;69m[38;2;72;61;69m░[0m[48;2;142;129;139m[38;2;142;129;139m*[0m[48;2;154;140;150m[38;2;154;140;150m*[0m[48;2;124;109;121m[38;2;124;109;121m#[0m[48;2;86;73;84m[38;2;86;73;84m@[0m[48;2;76;67;74m[38;2;76;67;74m░[0m[48;2;107;101;106m[38;2;107;101;106m%[0m[48;2;158;155;159m[38;2;158;155;159m+[0m[48;2;234;232;234m[38;2;234;232;234m.[0m                                 
                                   [48;2;179;179;179m[38;2;179;179;179m=[0m[48;2;65;58;64m[38;2;65;58;64m░[0m[48;2;18;12;17m[38;2;18;12;17m█[0m[48;2;160;152;155m[38;2;160;152;155m+[0m[48;2;137;127;127m[38;2;137;127;127m*[0m[48;2;99;79;117m[38;2;99;79;117m@[0m[48;2;176;130;197m[38;2;176;130;197m+[0m[48;2;94;62;111m[38;2;94;62;111m@[0m[48;2;157;147;146m[38;2;157;147;146m+[0m[48;2;250;236;230m[38;2;250;236;230m [0m[48;2;252;237;228m[38;2;252;237;228m [0m[48;2;232;219;214m[38;2;232;219;214m.[0m[48;2;59;46;53m[38;2;59;46;53m▒[0m[48;2;189;153;194m[38;2;189;153;194m=[0m[48;2;92;63;97m[38;2;92;63;97m@[0m[48;2;183;173;171m[38;2;183;173;171m=[0m[48;2;246;227;219m[38;2;246;227;219m.[0m[48;2;245;217;207m[38;2;245;217;207m.[0m[48;2;248;231;225m[38;2;248;231;225m.[0m[48;2;159;146;144m[38;2;159;146;144m+[0m[48;2;69;59;63m[38;2;69;59;63m░[0m[48;2;147;133;143m[38;2;147;133;143m*[0m[48;2;143;127;138m[38;2;143;127;138m*[0m[48;2;135;120;130m[38;2;135;120;130m#[0m[48;2;80;67;77m[38;2;80;67;77m░[0m[48;2;73;60;70m[38;2;73;60;70m░[0m[48;2;97;83;94m[38;2;97;83;94m@[0m[48;2;129;114;126m[38;2;129;114;126m#[0m[48;2;147;131;144m[38;2;147;131;144m*[0m[48;2;158;140;154m[38;2;158;140;154m+[0m[48;2;126;112;122m[38;2;126;112;122m#[0m[48;2;76;67;74m[38;2;76;67;74m░[0m[48;2;117;112;115m[38;2;117;112;115m#[0m[48;2;236;234;236m[38;2;236;234;236m.[0m                               
                                    [48;2;68;65;67m[38;2;68;65;67m░[0m[48;2;43;36;41m[38;2;43;36;41m▒[0m[48;2;177;166;168m[38;2;177;166;168m=[0m[48;2;237;220;219m[38;2;237;220;219m.[0m[48;2;92;77;84m[38;2;92;77;84m@[0m[48;2;119;90;117m[38;2;119;90;117m%[0m[48;2;73;54;70m[38;2;73;54;70m░[0m[48;2;226;215;212m[38;2;226;215;212m:[0m[48;2;201;188;185m[38;2;201;188;185m-[0m[48;2;171;157;154m[38;2;171;157;154m+[0m[48;2;249;236;231m[38;2;249;236;231m [0m[48;2;222;210;205m[38;2;222;210;205m:[0m[48;2;133;120;118m[38;2;133;120;118m#[0m[48;2;165;151;150m[38;2;165;151;150m+[0m[48;2;249;234;228m[38;2;249;234;228m [0m[48;2;239;212;198m[38;2;239;212;198m:[0m[48;2;243;212;203m[38;2;243;212;203m.[0m[48;2;250;233;227m[38;2;250;233;227m.[0m[48;2;247;234;229m[38;2;247;234;229m.[0m[48;2;84;73;76m[38;2;84;73;76m@[0m[48;2;56;47;53m[38;2;56;47;53m▒[0m[48;2;47;37;45m[38;2;47;37;45m▒[0m[48;2;59;49;57m[38;2;59;49;57m▒[0m[48;2;108;96;105m[38;2;108;96;105m%[0m[48;2;137;125;134m[38;2;137;125;134m*[0m[48;2;126;115;124m[38;2;126;115;124m#[0m[48;2;90;80;88m[38;2;90;80;88m@[0m[48;2;52;41;49m[38;2;52;41;49m▒[0m[48;2;25;14;22m[38;2;25;14;22m█[0m[48;2;47;37;45m[38;2;47;37;45m▒[0m[48;2;118;105;114m[38;2;118;105;114m#[0m[48;2;131;119;127m[38;2;131;119;127m#[0m[48;2;62;56;61m[38;2;62;56;61m░[0m[48;2;191;190;191m[38;2;191;190;191m-[0m                              
                                    [48;2;199;199;199m[38;2;199;199;199m-[0m[48;2;13;9;11m[38;2;13;9;11m█[0m[48;2;16;8;12m[38;2;16;8;12m█[0m[48;2;181;166;167m[38;2;181;166;167m=[0m[48;2;246;231;229m[38;2;246;231;229m.[0m[48;2;225;210;206m[38;2;225;210;206m:[0m[48;2;244;229;223m[38;2;244;229;223m.[0m[48;2;250;235;229m[38;2;250;235;229m [0m[48;2;211;197;192m[38;2;211;197;192m-[0m[48;2;222;208;204m[38;2;222;208;204m:[0m[48;2;249;235;230m[38;2;249;235;230m [0m[48;2;250;234;228m[38;2;250;234;228m [0m[48;2;250;235;228m[38;2;250;235;228m [0m[48;2;250;235;227m[38;2;250;235;227m [0m[48;2;250;235;226m[38;2;250;235;226m [0m[48;2;250;234;226m[38;2;250;234;226m [0m[48;2;251;235;228m[38;2;251;235;228m [0m[48;2;241;227;223m[38;2;241;227;223m.[0m[48;2;114;103;103m[38;2;114;103;103m%[0m[48;2;34;26;28m[38;2;34;26;28m▓[0m[48;2;61;54;59m[38;2;61;54;59m░[0m[48;2;66;58;64m[38;2;66;58;64m░[0m[48;2;158;150;155m[38;2;158;150;155m+[0m[48;2;44;36;41m[38;2;44;36;41m▒[0m[48;2;65;57;63m[38;2;65;57;63m░[0m[48;2;84;72;80m[38;2;84;72;80m@[0m[48;2;93;78;88m[38;2;93;78;88m@[0m[48;2;112;97;107m[38;2;112;97;107m%[0m[48;2;139;122;133m[38;2;139;122;133m*[0m[48;2;156;139;150m[38;2;156;139;150m*[0m[48;2;160;140;153m[38;2;160;140;153m+[0m[48;2;160;141;154m[38;2;160;141;154m+[0m[48;2;154;137;148m[38;2;154;137;148m*[0m[48;2;63;55;62m[38;2;63;55;62m░[0m[48;2;182;180;182m[38;2;182;180;182m=[0m                             
                                    [48;2;225;225;225m[38;2;225;225;225m.[0m[48;2;104;103;104m[38;2;104;103;104m%[0m[48;2;101;98;99m[38;2;101;98;99m%[0m[48;2;226;216;217m[38;2;226;216;217m:[0m[48;2;247;233;230m[38;2;247;233;230m.[0m[48;2;249;234;229m[38;2;249;234;229m [0m[48;2;249;234;228m[38;2;249;234;228m [0m[48;2;250;234;229m[38;2;250;234;229m [0m[48;2;250;235;229m[38;2;250;235;229m [0m[48;2;250;235;229m[38;2;250;235;229m [0m[48;2;248;233;228m[38;2;248;233;228m.[0m[48;2;239;224;219m[38;2;239;224;219m.[0m[48;2;218;203;198m[38;2;218;203;198m:[0m[48;2;189;175;171m[38;2;189;175;171m=[0m[48;2;157;145;142m[38;2;157;145;142m+[0m[48;2;121;110;108m[38;2;121;110;108m#[0m[48;2;82;72;72m[38;2;82;72;72m@[0m[48;2;33;26;26m[38;2;33;26;26m▓[0m[48;2;6;2;4m[38;2;6;2;4m█[0m[48;2;69;64;68m[38;2;69;64;68m░[0m[48;2;179;172;177m[38;2;179;172;177m=[0m[48;2;39;32;37m[38;2;39;32;37m▓[0m[48;2;78;72;76m[38;2;78;72;76m@[0m[48;2;95;90;93m[38;2;95;90;93m%[0m[48;2;83;76;82m[38;2;83;76;82m@[0m[48;2;160;141;154m[38;2;160;141;154m+[0m[48;2;161;140;155m[38;2;161;140;155m+[0m[48;2;161;140;154m[38;2;161;140;154m+[0m[48;2;161;140;154m[38;2;161;140;154m+[0m[48;2;161;140;155m[38;2;161;140;155m+[0m[48;2;161;140;155m[38;2;161;140;155m+[0m[48;2;161;140;155m[38;2;161;140;155m+[0m[48;2;161;140;155m[38;2;161;140;155m+[0m[48;2;153;135;148m[38;2;153;135;148m*[0m[48;2;50;44;48m[38;2;50;44;48m▒[0m[48;2;230;229;230m[38;2;230;229;230m.[0m                            
                                      [48;2;188;186;187m[38;2;188;186;187m-[0m[48;2;78;75;76m[38;2;78;75;76m@[0m[48;2;32;29;29m[38;2;32;29;29m▓[0m[48;2;41;38;39m[38;2;41;38;39m▒[0m[48;2;45;43;43m[38;2;45;43;43m▒[0m[48;2;62;59;60m[38;2;62;59;60m░[0m[48;2;50;46;47m[38;2;50;46;47m▒[0m[48;2;80;76;77m[38;2;80;76;77m@[0m[48;2;60;56;57m[38;2;60;56;57m░[0m[48;2;85;80;81m[38;2;85;80;81m@[0m[48;2;13;9;12m[38;2;13;9;12m█[0m[48;2;42;37;41m[38;2;42;37;41m▒[0m[48;2;26;21;25m[38;2;26;21;25m▓[0m[48;2;5;2;7m[38;2;5;2;7m█[0m[48;2;14;11;17m[38;2;14;11;17m█[0m[48;2;17;14;20m[38;2;17;14;20m█[0m[48;2;18;15;21m[38;2;18;15;21m█[0m[48;2;149;146;151m[38;2;149;146;151m+[0m[48;2;234;229;233m[38;2;234;229;233m.[0m[48;2;49;44;49m[38;2;49;44;49m▒[0m[48;2;193;190;194m[38;2;193;190;194m-[0m[48;2;186;182;186m[38;2;186;182;186m-[0m[48;2;39;34;38m[38;2;39;34;38m▓[0m[48;2;159;141;154m[38;2;159;141;154m+[0m[48;2;161;140;155m[38;2;161;140;155m+[0m[48;2;161;140;155m[38;2;161;140;155m+[0m[48;2;161;140;155m[38;2;161;140;155m+[0m[48;2;161;140;155m[38;2;161;140;155m+[0m[48;2;161;140;155m[38;2;161;140;155m+[0m[48;2;161;140;155m[38;2;161;140;155m+[0m[48;2;161;140;155m[38;2;161;140;155m+[0m[48;2;161;140;155m[38;2;161;140;155m+[0m[48;2;96;84;93m[38;2;96;84;93m@[0m[48;2;148;144;147m[38;2;148;144;147m*[0m                            
                                   [48;2;240;240;240m[38;2;240;240;240m [0m[48;2;78;77;79m[38;2;78;77;79m@[0m[48;2;28;26;30m[38;2;28;26;30m▓[0m[48;2;26;23;31m[38;2;26;23;31m▓[0m[48;2;28;23;36m[38;2;28;23;36m▓[0m[48;2;28;24;36m[38;2;28;24;36m▓[0m[48;2;7;4;10m[38;2;7;4;10m█[0m[48;2;26;23;27m[38;2;26;23;27m▓[0m[48;2;30;28;31m[38;2;30;28;31m▓[0m[48;2;49;47;51m[38;2;49;47;51m▒[0m[48;2;25;22;25m[38;2;25;22;25m▓[0m[48;2;154;152;154m[38;2;154;152;154m+[0m[48;2;22;20;23m[38;2;22;20;23m▓[0m[48;2;38;35;39m[38;2;38;35;39m▓[0m[48;2;14;11;15m[38;2;14;11;15m█[0m[48;2;31;27;33m[38;2;31;27;33m▓[0m[48;2;33;28;38m[38;2;33;28;38m▓[0m[48;2;26;21;33m[38;2;26;21;33m▓[0m[48;2;4;1;9m[38;2;4;1;9m█[0m[48;2;13;11;16m[38;2;13;11;16m█[0m[48;2;158;155;158m[38;2;158;155;158m+[0m[48;2;242;239;242m[38;2;242;239;242m [0m[48;2;139;135;139m[38;2;139;135;139m*[0m[48;2;112;107;111m[38;2;112;107;111m%[0m[48;2;198;196;198m[38;2;198;196;198m-[0m[48;2;38;34;36m[38;2;38;34;36m▓[0m[48;2;157;140;151m[38;2;157;140;151m+[0m[48;2;161;140;155m[38;2;161;140;155m+[0m[48;2;161;140;155m[38;2;161;140;155m+[0m[48;2;161;140;155m[38;2;161;140;155m+[0m[48;2;161;140;155m[38;2;161;140;155m+[0m[48;2;161;140;155m[38;2;161;140;155m+[0m[48;2;161;140;155m[38;2;161;140;155m+[0m[48;2;161;140;155m[38;2;161;140;155m+[0m[48;2;161;140;155m[38;2;161;140;155m+[0m[48;2;125;109;120m[38;2;125;109;120m#[0m[48;2;109;102;107m[38;2;109;102;107m%[0m                            
                                   [48;2;150;150;150m[38;2;150;150;150m+[0m[48;2;14;13;14m[38;2;14;13;14m█[0m[48;2;78;77;80m[38;2;78;77;80m@[0m[48;2;26;23;36m[38;2;26;23;36m▓[0m[48;2;38;31;51m[38;2;38;31;51m▓[0m[48;2;36;31;48m[38;2;36;31;48m▓[0m[48;2;9;6;16m[38;2;9;6;16m█[0m[48;2;30;26;39m[38;2;30;26;39m▓[0m[48;2;13;9;21m[38;2;13;9;21m█[0m[48;2;42;39;45m[38;2;42;39;45m▒[0m[48;2;8;6;10m[38;2;8;6;10m█[0m[48;2;65;62;66m[38;2;65;62;66m░[0m[48;2;12;9;13m[38;2;12;9;13m█[0m[48;2;16;13;17m[38;2;16;13;17m█[0m[48;2;13;9;13m[38;2;13;9;13m█[0m[48;2;84;77;74m[38;2;84;77;74m@[0m[48;2;133;125;115m[38;2;133;125;115m#[0m[48;2;44;36;49m[38;2;44;36;49m▒[0m[48;2;29;24;41m[38;2;29;24;41m▓[0m[48;2;14;10;21m[38;2;14;10;21m█[0m[48;2;49;46;52m[38;2;49;46;52m▒[0m[48;2;151;148;152m[38;2;151;148;152m+[0m[48;2;178;176;179m[38;2;178;176;179m=[0m[48;2;64;60;64m[38;2;64;60;64m░[0m[48;2;70;64;70m[38;2;70;64;70m░[0m[48;2;71;64;70m[38;2;71;64;70m░[0m[48;2;156;143;153m[38;2;156;143;153m+[0m[48;2;123;105;117m[38;2;123;105;117m#[0m[48;2;146;124;139m[38;2;146;124;139m*[0m[48;2;161;140;155m[38;2;161;140;155m+[0m[48;2;161;140;155m[38;2;161;140;155m+[0m[48;2;161;140;155m[38;2;161;140;155m+[0m[48;2;161;140;155m[38;2;161;140;155m+[0m[48;2;161;140;155m[38;2;161;140;155m+[0m[48;2;161;140;155m[38;2;161;140;155m+[0m[48;2;101;85;96m[38;2;101;85;96m@[0m[48;2;145;138;144m[38;2;145;138;144m*[0m                            
                                    [48;2;165;165;165m[38;2;165;165;165m=[0m[48;2;85;84;85m[38;2;85;84;85m@[0m[48;2;61;60;65m[38;2;61;60;65m░[0m[48;2;28;23;39m[38;2;28;23;39m▓[0m[48;2;30;25;40m[38;2;30;25;40m▓[0m[48;2;14;11;22m[38;2;14;11;22m█[0m[48;2;37;32;49m[38;2;37;32;49m▓[0m[48;2;19;15;28m[38;2;19;15;28m█[0m[48;2;30;27;31m[38;2;30;27;31m▓[0m[48;2;24;22;20m[38;2;24;22;20m▓[0m[48;2;4;1;3m[38;2;4;1;3m█[0m[48;2;22;19;21m[38;2;22;19;21m▓[0m[48;2;86;80;76m[38;2;86;80;76m@[0m[48;2;43;36;33m[38;2;43;36;33m▒[0m[48;2;90;80;83m[38;2;90;80;83m@[0m[48;2;106;95;97m[38;2;106;95;97m%[0m[48;2;41;34;50m[38;2;41;34;50m▒[0m[48;2;37;31;53m[38;2;37;31;53m▓[0m[48;2;37;31;52m[38;2;37;31;52m▓[0m[48;2;31;26;44m[38;2;31;26;44m▓[0m[48;2;14;10;22m[38;2;14;10;22m█[0m[48;2;60;55;63m[38;2;60;55;63m░[0m[48;2;112;107;112m[38;2;112;107;112m%[0m[48;2;130;123;130m[38;2;130;123;130m#[0m[48;2;100;92;100m[38;2;100;92;100m%[0m[48;2;44;37;44m[38;2;44;37;44m▒[0m[48;2;40;29;37m[38;2;40;29;37m▓[0m[48;2;147;129;142m[38;2;147;129;142m*[0m[48;2;161;140;155m[38;2;161;140;155m+[0m[48;2;161;140;155m[38;2;161;140;155m+[0m[48;2;161;140;155m[38;2;161;140;155m+[0m[48;2;161;140;155m[38;2;161;140;155m+[0m[48;2;161;140;155m[38;2;161;140;155m+[0m[48;2;139;121;134m[38;2;139;121;134m#[0m[48;2;64;53;61m[38;2;64;53;61m░[0m[48;2;240;235;239m[38;2;240;235;239m.[0m                            
                                     [48;2;141;141;141m[38;2;141;141;141m*[0m[48;2;107;107;107m[38;2;107;107;107m%[0m[48;2;75;74;76m[38;2;75;74;76m@[0m[48;2;9;8;12m[38;2;9;8;12m█[0m[48;2;24;21;31m[38;2;24;21;31m▓[0m[48;2;37;32;50m[38;2;37;32;50m▓[0m[48;2;35;30;47m[38;2;35;30;47m▓[0m[48;2;25;21;27m[38;2;25;21;27m▓[0m[48;2;125;120;100m[38;2;125;120;100m#[0m[48;2;136;123;99m[38;2;136;123;99m#[0m[48;2;160;143;119m[38;2;160;143;119m*[0m[48;2;148;134;111m[38;2;148;134;111m*[0m[48;2;33;22;22m[38;2;33;22;22m▓[0m[48;2;36;26;38m[38;2;36;26;38m▓[0m[48;2;39;30;49m[38;2;39;30;49m▓[0m[48;2;34;28;47m[38;2;34;28;47m▓[0m[48;2;31;26;45m[38;2;31;26;45m▓[0m[48;2;36;30;49m[38;2;36;30;49m▓[0m[48;2;36;31;50m[38;2;36;31;50m▓[0m[48;2;36;31;48m[38;2;36;31;48m▓[0m[48;2;27;23;36m[38;2;27;23;36m▓[0m[48;2;20;15;26m[38;2;20;15;26m█[0m[48;2;13;9;18m[38;2;13;9;18m█[0m[48;2;25;20;27m[38;2;25;20;27m▓[0m[48;2;79;71;80m[38;2;79;71;80m@[0m[48;2;154;140;151m[38;2;154;140;151m*[0m[48;2;159;142;155m[38;2;159;142;155m+[0m[48;2;161;140;155m[38;2;161;140;155m+[0m[48;2;161;140;155m[38;2;161;140;155m+[0m[48;2;160;140;155m[38;2;160;140;155m+[0m[48;2;134;119;131m[38;2;134;119;131m#[0m[48;2;81;70;79m[38;2;81;70;79m@[0m[48;2;103;96;102m[38;2;103;96;102m%[0m[48;2;227;223;226m[38;2;227;223;226m.[0m                             
                                      [48;2;180;180;180m[38;2;180;180;180m=[0m[48;2;159;158;159m[38;2;159;158;159m+[0m[48;2;44;41;45m[38;2;44;41;45m▒[0m[48;2;30;27;36m[38;2;30;27;36m▓[0m[48;2;19;15;27m[38;2;19;15;27m█[0m[48;2;27;24;34m[38;2;27;24;34m▓[0m[48;2;5;2;8m[38;2;5;2;8m█[0m[48;2;10;6;17m[38;2;10;6;17m█[0m[48;2;23;16;41m[38;2;23;16;41m▓[0m[48;2;25;21;26m[38;2;25;21;26m▓[0m[48;2;9;5;9m[38;2;9;5;9m█[0m[48;2;13;10;14m[38;2;13;10;14m█[0m[48;2;24;20;26m[38;2;24;20;26m▓[0m[48;2;21;18;24m[38;2;21;18;24m▓[0m[48;2;7;4;9m[38;2;7;4;9m█[0m[48;2;9;6;12m[38;2;9;6;12m█[0m[48;2;5;3;9m[38;2;5;3;9m█[0m[48;2;7;4;10m[38;2;7;4;10m█[0m[48;2;14;11;18m[38;2;14;11;18m█[0m[48;2;10;8;14m[38;2;10;8;14m█[0m[48;2;13;10;17m[38;2;13;10;17m█[0m[48;2;9;6;16m[38;2;9;6;16m█[0m[48;2;19;15;30m[38;2;19;15;30m█[0m[48;2;25;19;33m[38;2;25;19;33m▓[0m[48;2;59;52;64m[38;2;59;52;64m░[0m[48;2;113;101;113m[38;2;113;101;113m%[0m[48;2;117;103;115m[38;2;117;103;115m%[0m[48;2;75;62;73m[38;2;75;62;73m░[0m[48;2;96;86;94m[38;2;96;86;94m@[0m[48;2;146;140;145m[38;2;146;140;145m*[0m[48;2;228;225;229m[38;2;228;225;229m.[0m                               
                                        [48;2;15;13;16m[38;2;15;13;16m█[0m[48;2;16;15;19m[38;2;16;15;19m█[0m[48;2;39;38;43m[38;2;39;38;43m▒[0m[48;2;32;30;35m[38;2;32;30;35m▓[0m[48;2;15;12;17m[38;2;15;12;17m█[0m[48;2;51;49;52m[38;2;51;49;52m▒[0m[48;2;21;16;32m[38;2;21;16;32m▓[0m[48;2;17;13;23m[38;2;17;13;23m█[0m[48;2;13;8;25m[38;2;13;8;25m█[0m[48;2;63;48;123m[38;2;63;48;123m░[0m[48;2;36;27;55m[38;2;36;27;55m▓[0m[48;2;13;11;16m[38;2;13;11;16m█[0m[48;2;34;31;36m[38;2;34;31;36m▓[0m[48;2;44;41;47m[38;2;44;41;47m▒[0m[48;2;47;44;51m[38;2;47;44;51m▒[0m[48;2;50;46;54m[38;2;50;46;54m▒[0m[48;2;50;46;55m[38;2;50;46;55m▒[0m[48;2;26;23;32m[38;2;26;23;32m▓[0m[48;2;19;15;27m[38;2;19;15;27m█[0m[48;2;31;26;42m[38;2;31;26;42m▓[0m[48;2;37;31;52m[38;2;37;31;52m▓[0m[48;2;37;31;52m[38;2;37;31;52m▓[0m[48;2;35;29;50m[38;2;35;29;50m▓[0m[48;2;26;21;39m[38;2;26;21;39m▓[0m[48;2;15;11;24m[38;2;15;11;24m█[0m[48;2;108;105;112m[38;2;108;105;112m%[0m[48;2;237;235;239m[38;2;237;235;239m.[0m                                 
                                       [48;2;180;180;180m[38;2;180;180;180m=[0m[48;2;15;13;15m[38;2;15;13;15m█[0m[48;2;30;28;33m[38;2;30;28;33m▓[0m[48;2;22;20;31m[38;2;22;20;31m▓[0m[48;2;29;25;40m[38;2;29;25;40m▓[0m[48;2;75;73;79m[38;2;75;73;79m@[0m[48;2;155;152;157m[38;2;155;152;157m+[0m[48;2;45;31;92m[38;2;45;31;92m▒[0m[48;2;64;48;111m[38;2;64;48;111m░[0m[48;2;17;8;47m[38;2;17;8;47m█[0m[48;2;44;34;78m[38;2;44;34;78m▒[0m[48;2;25;19;40m[38;2;25;19;40m▓[0m[48;2;81;78;84m[38;2;81;78;84m@[0m[48;2;99;96;102m[38;2;99;96;102m%[0m[48;2;28;24;34m[38;2;28;24;34m▓[0m[48;2;30;25;41m[38;2;30;25;41m▓[0m[48;2;37;31;51m[38;2;37;31;51m▓[0m[48;2;37;31;51m[38;2;37;31;51m▓[0m[48;2;36;30;51m[38;2;36;30;51m▓[0m[48;2;37;31;52m[38;2;37;31;52m▓[0m[48;2;37;31;52m[38;2;37;31;52m▓[0m[48;2;37;31;52m[38;2;37;31;52m▓[0m[48;2;37;31;52m[38;2;37;31;52m▓[0m[48;2;37;31;52m[38;2;37;31;52m▓[0m[48;2;37;31;52m[38;2;37;31;52m▓[0m[48;2;37;31;52m[38;2;37;31;52m▓[0m[48;2;30;24;42m[38;2;30;24;42m▓[0m[48;2;33;29;40m[38;2;33;29;40m▓[0m[48;2;139;136;142m[38;2;139;136;142m*[0m                                
                                       [48;2;75;75;75m[38;2;75;75;75m@[0m[48;2;8;6;11m[38;2;8;6;11m█[0m[48;2;32;28;42m[38;2;32;28;42m▓[0m[48;2;36;31;51m[38;2;36;31;51m▓[0m[48;2;26;21;40m[38;2;26;21;40m▓[0m[48;2;118;115;121m[38;2;118;115;121m#[0m[48;2;237;235;238m[38;2;237;235;238m.[0m[48;2;84;80;87m[38;2;84;80;87m@[0m[48;2;72;64;79m[38;2;72;64;79m░[0m[48;2;20;12;51m[38;2;20;12;51m▓[0m[48;2;66;49;116m[38;2;66;49;116m░[0m[48;2;30;22;46m[38;2;30;22;46m▓[0m[48;2;162;159;164m[38;2;162;159;164m+[0m [48;2;227;224;228m[38;2;227;224;228m.[0m[48;2;135;133;139m[38;2;135;133;139m*[0m[48;2;50;47;58m[38;2;50;47;58m▒[0m[48;2;24;20;34m[38;2;24;20;34m▓[0m[48;2;35;30;47m[38;2;35;30;47m▓[0m[48;2;37;31;51m[38;2;37;31;51m▓[0m[48;2;37;31;52m[38;2;37;31;52m▓[0m[48;2;37;31;52m[38;2;37;31;52m▓[0m[48;2;37;31;52m[38;2;37;31;52m▓[0m[48;2;37;31;52m[38;2;37;31;52m▓[0m[48;2;37;31;52m[38;2;37;31;52m▓[0m[48;2;37;31;52m[38;2;37;31;52m▓[0m[48;2;37;31;52m[38;2;37;31;52m▓[0m[48;2;37;31;52m[38;2;37;31;52m▓[0m[48;2;27;23;40m[38;2;27;23;40m▓[0m[48;2;49;45;56m[38;2;49;45;56m▒[0m[48;2;200;199;202m[38;2;200;199;202m-[0m                              
                                       [48;2;137;137;137m[38;2;137;137;137m*[0m[48;2;23;21;29m[38;2;23;21;29m▓[0m[48;2;37;32;51m[38;2;37;32;51m▓[0m[48;2;37;31;52m[38;2;37;31;52m▓[0m[48;2;25;20;38m[38;2;25;20;38m▓[0m[48;2;137;134;140m[38;2;137;134;140m*[0m   [48;2;177;176;180m[38;2;177;176;180m=[0m[48;2;88;85;94m[38;2;88;85;94m@[0m[48;2;92;89;97m[38;2;92;89;97m@[0m[48;2;235;232;236m[38;2;235;232;236m.[0m    [48;2;159;158;161m[38;2;159;158;161m+[0m[48;2;31;28;35m[38;2;31;28;35m▓[0m[48;2;52;48;59m[38;2;52;48;59m▒[0m[48;2;22;18;34m[38;2;22;18;34m▓[0m[48;2;30;25;43m[38;2;30;25;43m▓[0m[48;2;37;31;52m[38;2;37;31;52m▓[0m[48;2;37;31;52m[38;2;37;31;52m▓[0m[48;2;37;31;52m[38;2;37;31;52m▓[0m[48;2;37;31;52m[38;2;37;31;52m▓[0m[48;2;37;31;52m[38;2;37;31;52m▓[0m[48;2;37;31;52m[38;2;37;31;52m▓[0m[48;2;37;31;52m[38;2;37;31;52m▓[0m[48;2;36;31;48m[38;2;36;31;48m▓[0m[48;2;22;19;27m[38;2;22;19;27m▓[0m[48;2;187;187;188m[38;2;187;187;188m-[0m                             