                                                                                                              
                                                                                                              
                                                                                                              
                                                                                                              
                                                                                                              
                                                                                                              
                                                                                                              
                                                                                                              
                                                                                                              
                                                                                                              
                                                                                                              
                                                                                                              
                                                                                                              
                                                   [48;2;179;179;180m[38;2;179;179;180m=[0m[48;2;127;127;128m[38;2;127;127;128m#[0m[48;2;94;94;96m[38;2;94;94;96m%[0m[48;2;68;67;72m[38;2;68;67;72m░[0m[48;2;54;53;58m[38;2;54;53;58m▒[0m[48;2;45;44;50m[38;2;45;44;50m▒[0m[48;2;46;44;51m[38;2;46;44;51m▒[0m[48;2;54;52;59m[38;2;54;52;59m▒[0m[48;2;68;67;73m[38;2;68;67;73m░[0m[48;2;96;95;100m[38;2;96;95;100m%[0m[48;2;145;144;148m[38;2;145;144;148m*[0m[48;2;204;203;205m[38;2;204;203;205m:[0m                                               
                                                 [48;2;161;160;161m[38;2;161;160;161m+[0m[48;2;32;31;37m[38;2;32;31;37m▓[0m[48;2;27;25;37m[38;2;27;25;37m▓[0m[48;2;38;36;51m[38;2;38;36;51m▒[0m[48;2;42;41;57m[38;2;42;41;57m▒[0m[48;2;43;42;59m[38;2;43;42;59m▒[0m[48;2;42;43;59m[38;2;42;43;59m▒[0m[48;2;42;43;59m[38;2;42;43;59m▒[0m[48;2;42;43;59m[38;2;42;43;59m▒[0m[48;2;42;43;59m[38;2;42;43;59m▒[0m[48;2;42;42;59m[38;2;42;42;59m▒[0m[48;2;40;41;57m[38;2;40;41;57m▒[0m[48;2;34;34;50m[38;2;34;34;50m▓[0m[48;2;26;24;38m[38;2;26;24;38m▓[0m[48;2;44;43;52m[38;2;44;43;52m▒[0m[48;2;132;131;136m[38;2;132;131;136m*[0m[48;2;237;236;238m[38;2;237;236;238m.[0m                                            
                                                [48;2;96;96;98m[38;2;96;96;98m%[0m[48;2;22;21;29m[38;2;22;21;29m▓[0m[48;2;42;42;56m[38;2;42;42;56m▒[0m[48;2;42;43;59m[38;2;42;43;59m▒[0m[48;2;41;43;59m[38;2;41;43;59m▒[0m[48;2;41;43;59m[38;2;41;43;59m▒[0m[48;2;40;44;59m[38;2;40;44;59m▒[0m[48;2;40;44;59m[38;2;40;44;59m▒[0m[48;2;40;44;59m[38;2;40;44;59m▒[0m[48;2;40;44;59m[38;2;40;44;59m▒[0m[48;2;40;44;59m[38;2;40;44;59m▒[0m[48;2;40;44;59m[38;2;40;44;59m▒[0m[48;2;40;44;59m[38;2;40;44;59m▒[0m[48;2;40;43;59m[38;2;40;43;59m▒[0m[48;2;41;43;60m[38;2;41;43;60m▒[0m[48;2;42;42;59m[38;2;42;42;59m▒[0m[48;2;33;32;47m[38;2;33;32;47m▓[0m[48;2;26;25;33m[38;2;26;25;33m▓[0m[48;2;89;88;92m[38;2;89;88;92m@[0m[48;2;188;187;190m[38;2;188;187;190m-[0m                                          
                                              [48;2;190;189;190m[38;2;190;189;190m-[0m[48;2;83;82;84m[38;2;83;82;84m@[0m[48;2;27;25;35m[38;2;27;25;35m▓[0m[48;2;43;42;58m[38;2;43;42;58m▒[0m[48;2;40;44;59m[38;2;40;44;59m▒[0m[48;2;40;44;59m[38;2;40;44;59m▒[0m[48;2;40;44;59m[38;2;40;44;59m▒[0m[48;2;40;44;59m[38;2;40;44;59m▒[0m[48;2;40;44;59m[38;2;40;44;59m▒[0m[48;2;40;44;59m[38;2;40;44;59m▒[0m[48;2;40;44;59m[38;2;40;44;59m▒[0m[48;2;40;44;59m[38;2;40;44;59m▒[0m[48;2;40;44;59m[38;2;40;44;59m▒[0m[48;2;40;44;59m[38;2;40;44;59m▒[0m[48;2;40;44;59m[38;2;40;44;59m▒[0m[48;2;40;44;59m[38;2;40;44;59m▒[0m[48;2;40;44;59m[38;2;40;44;59m▒[0m[48;2;41;44;60m[38;2;41;44;60m▒[0m[48;2;43;44;60m[38;2;43;44;60m▒[0m[48;2;76;76;83m[38;2;76;76;83m@[0m[48;2;9;7;14m[38;2;9;7;14m█[0m[48;2;53;50;58m[38;2;53;50;58m▒[0m[48;2;107;104;110m[38;2;107;104;110m%[0m                                         
                                             [48;2;146;145;146m[38;2;146;145;146m*[0m[48;2;5;3;8m[38;2;5;3;8m█[0m[48;2;21;19;28m[38;2;21;19;28m▓[0m[48;2;44;43;59m[38;2;44;43;59m▒[0m[48;2;42;43;59m[38;2;42;43;59m▒[0m[48;2;40;44;59m[38;2;40;44;59m▒[0m[48;2;40;44;59m[38;2;40;44;59m▒[0m[48;2;40;44;59m[38;2;40;44;59m▒[0m[48;2;40;44;59m[38;2;40;44;59m▒[0m[48;2;40;44;59m[38;2;40;44;59m▒[0m[48;2;40;44;59m[38;2;40;44;59m▒[0m[48;2;40;44;59m[38;2;40;44;59m▒[0m[48;2;40;44;59m[38;2;40;44;59m▒[0m[48;2;40;44;59m[38;2;40;44;59m▒[0m[48;2;40;44;59m[38;2;40;44;59m▒[0m[48;2;40;44;59m[38;2;40;44;59m▒[0m[48;2;40;44;59m[38;2;40;44;59m▒[0m[48;2;40;44;59m[38;2;40;44;59m▒[0m[48;2;41;44;60m[38;2;41;44;60m▒[0m[48;2;57;59;74m[38;2;57;59;74m░[0m[48;2;69;68;75m[38;2;69;68;75m░[0m[48;2;18;15;25m[38;2;18;15;25m█[0m[48;2;109;102;112m[38;2;109;102;112m%[0m[48;2;93;84;94m[38;2;93;84;94m@[0m[48;2;94;92;95m[38;2;94;92;95m%[0m                                        
                                             [48;2;41;40;42m[38;2;41;40;42m▒[0m[48;2;9;6;12m[38;2;9;6;12m█[0m[48;2;43;41;53m[38;2;43;41;53m▒[0m[48;2;41;43;59m[38;2;41;43;59m▒[0m[48;2;40;44;59m[38;2;40;44;59m▒[0m[48;2;40;44;59m[38;2;40;44;59m▒[0m[48;2;40;44;59m[38;2;40;44;59m▒[0m[48;2;40;44;59m[38;2;40;44;59m▒[0m[48;2;40;44;59m[38;2;40;44;59m▒[0m[48;2;40;44;59m[38;2;40;44;59m▒[0m[48;2;40;44;59m[38;2;40;44;59m▒[0m[48;2;40;44;59m[38;2;40;44;59m▒[0m[48;2;40;44;59m[38;2;40;44;59m▒[0m[48;2;40;44;59m[38;2;40;44;59m▒[0m[48;2;40;44;59m[38;2;40;44;59m▒[0m[48;2;40;44;59m[38;2;40;44;59m▒[0m[48;2;40;44;59m[38;2;40;44;59m▒[0m[48;2;40;44;59m[38;2;40;44;59m▒[0m[48;2;42;46;61m[38;2;42;46;61m▒[0m[48;2;58;61;74m[38;2;58;61;74m░[0m[48;2;43;41;53m[38;2;43;41;53m▒[0m[48;2;18;12;22m[38;2;18;12;22m█[0m[48;2;107;98;106m[38;2;107;98;106m%[0m[48;2;97;86;95m[38;2;97;86;95m@[0m[48;2;63;54;61m[38;2;63;54;61m░[0m[48;2;169;167;170m[38;2;169;167;170m=[0m                                       
                                           [48;2;229;229;229m[38;2;229;229;229m.[0m[48;2;55;54;55m[38;2;55;54;55m▒[0m[48;2;38;34;39m[38;2;38;34;39m▓[0m[48;2;24;20;29m[38;2;24;20;29m▓[0m[48;2;44;43;57m[38;2;44;43;57m▒[0m[48;2;41;43;59m[38;2;41;43;59m▒[0m[48;2;40;44;59m[38;2;40;44;59m▒[0m[48;2;40;44;59m[38;2;40;44;59m▒[0m[48;2;40;44;59m[38;2;40;44;59m▒[0m[48;2;40;44;59m[38;2;40;44;59m▒[0m[48;2;40;44;59m[38;2;40;44;59m▒[0m[48;2;40;44;59m[38;2;40;44;59m▒[0m[48;2;40;44;59m[38;2;40;44;59m▒[0m[48;2;40;44;59m[38;2;40;44;59m▒[0m[48;2;40;44;59m[38;2;40;44;59m▒[0m[48;2;40;44;59m[38;2;40;44;59m▒[0m[48;2;40;44;59m[38;2;40;44;59m▒[0m[48;2;40;44;59m[38;2;40;44;59m▒[0m[48;2;41;43;59m[38;2;41;43;59m▒[0m[48;2;43;43;60m[38;2;43;43;60m▒[0m[48;2;75;73;89m[38;2;75;73;89m@[0m[48;2;50;49;62m[38;2;50;49;62m▒[0m[48;2;21;17;28m[38;2;21;17;28m▓[0m[48;2;98;90;100m[38;2;98;90;100m%[0m[48;2;123;112;121m[38;2;123;112;121m#[0m[48;2;16;7;13m[38;2;16;7;13m█[0m[48;2;109;100;107m[38;2;109;100;107m%[0m[48;2;67;64;68m[38;2;67;64;68m░[0m                                       
                                          [48;2;237;237;238m[38;2;237;237;238m.[0m[48;2;49;47;49m[38;2;49;47;49m▒[0m[48;2;94;85;91m[38;2;94;85;91m@[0m[48;2;89;78;87m[38;2;89;78;87m@[0m[48;2;27;22;34m[38;2;27;22;34m▓[0m[48;2;42;43;58m[38;2;42;43;58m▒[0m[48;2;40;44;59m[38;2;40;44;59m▒[0m[48;2;40;44;59m[38;2;40;44;59m▒[0m[48;2;40;44;59m[38;2;40;44;59m▒[0m[48;2;40;44;59m[38;2;40;44;59m▒[0m[48;2;40;44;59m[38;2;40;44;59m▒[0m[48;2;40;44;59m[38;2;40;44;59m▒[0m[48;2;40;44;59m[38;2;40;44;59m▒[0m[48;2;40;44;59m[38;2;40;44;59m▒[0m[48;2;40;44;59m[38;2;40;44;59m▒[0m[48;2;40;44;59m[38;2;40;44;59m▒[0m[48;2;40;44;59m[38;2;40;44;59m▒[0m[48;2;40;44;59m[38;2;40;44;59m▒[0m[48;2;42;43;59m[38;2;42;43;59m▒[0m[48;2;53;52;68m[38;2;53;52;68m▒[0m[48;2;77;74;89m[38;2;77;74;89m@[0m[48;2;43;38;52m[38;2;43;38;52m▒[0m[48;2;30;23;34m[38;2;30;23;34m▓[0m[48;2;112;101;113m[38;2;112;101;113m%[0m[48;2;154;139;152m[38;2;154;139;152m*[0m[48;2;158;140;154m[38;2;158;140;154m+[0m[48;2;79;67;76m[38;2;79;67;76m░[0m[48;2;87;78;84m[38;2;87;78;84m@[0m[48;2;31;26;30m[38;2;31;26;30m▓[0m                                       
                                          [48;2;96;94;97m[38;2;96;94;97m%[0m[48;2;79;70;78m[38;2;79;70;78m@[0m[48;2;156;140;150m[38;2;156;140;150m*[0m[48;2;113;98;108m[38;2;113;98;108m%[0m[48;2;20;16;26m[38;2;20;16;26m▓[0m[48;2;43;44;56m[38;2;43;44;56m▒[0m[48;2;40;44;59m[38;2;40;44;59m▒[0m[48;2;40;44;59m[38;2;40;44;59m▒[0m[48;2;40;44;59m[38;2;40;44;59m▒[0m[48;2;40;44;59m[38;2;40;44;59m▒[0m[48;2;40;44;59m[38;2;40;44;59m▒[0m[48;2;40;44;59m[38;2;40;44;59m▒[0m[48;2;40;44;59m[38;2;40;44;59m▒[0m[48;2;40;44;59m[38;2;40;44;59m▒[0m[48;2;40;44;59m[38;2;40;44;59m▒[0m[48;2;41;43;59m[38;2;41;43;59m▒[0m[48;2;43;43;59m[38;2;43;43;59m▒[0m[48;2;53;52;66m[38;2;53;52;66m▒[0m[48;2;70;68;81m[38;2;70;68;81m░[0m[48;2;57;53;66m[38;2;57;53;66m░[0m[48;2;25;20;32m[38;2;25;20;32m▓[0m[48;2;77;67;79m[38;2;77;67;79m░[0m[48;2;150;134;147m[38;2;150;134;147m*[0m[48;2;160;141;155m[38;2;160;141;155m+[0m[48;2;161;140;155m[38;2;161;140;155m+[0m[48;2;161;140;155m[38;2;161;140;155m+[0m[48;2;121;105;116m[38;2;121;105;116m#[0m[48;2;36;30;35m[38;2;36;30;35m▓[0m[48;2;31;28;31m[38;2;31;28;31m▓[0m                                       
                                         [48;2;203;202;203m[38;2;203;202;203m:[0m[48;2;40;34;39m[38;2;40;34;39m▓[0m[48;2;154;139;149m[38;2;154;139;149m*[0m[48;2;159;142;152m[38;2;159;142;152m+[0m[48;2;113;100;109m[38;2;113;100;109m%[0m[48;2;14;7;16m[38;2;14;7;16m█[0m[48;2;33;28;39m[38;2;33;28;39m▓[0m[48;2;41;43;57m[38;2;41;43;57m▒[0m[48;2;40;44;59m[38;2;40;44;59m▒[0m[48;2;40;44;59m[38;2;40;44;59m▒[0m[48;2;40;44;59m[38;2;40;44;59m▒[0m[48;2;40;44;59m[38;2;40;44;59m▒[0m[48;2;42;43;59m[38;2;42;43;59m▒[0m[48;2;42;43;59m[38;2;42;43;59m▒[0m[48;2;49;48;67m[38;2;49;48;67m▒[0m[48;2;46;45;64m[38;2;46;45;64m▒[0m[48;2;68;66;81m[38;2;68;66;81m░[0m[48;2;66;64;75m[38;2;66;64;75m░[0m[48;2;46;42;52m[38;2;46;42;52m▒[0m[48;2;36;27;36m[38;2;36;27;36m▓[0m[48;2;84;73;83m[38;2;84;73;83m@[0m[48;2;145;130;141m[38;2;145;130;141m*[0m[48;2;160;141;155m[38;2;160;141;155m+[0m[48;2;161;140;155m[38;2;161;140;155m+[0m[48;2;161;140;155m[38;2;161;140;155m+[0m[48;2;161;140;155m[38;2;161;140;155m+[0m[48;2;161;140;155m[38;2;161;140;155m+[0m[48;2;128;112;123m[38;2;128;112;123m#[0m[48;2;7;3;7m[38;2;7;3;7m█[0m[48;2;58;55;58m[38;2;58;55;58m░[0m                                       
                                         [48;2;75;73;75m[38;2;75;73;75m@[0m[48;2;122;111;119m[38;2;122;111;119m#[0m[48;2;161;142;154m[38;2;161;142;154m+[0m[48;2;160;142;154m[38;2;160;142;154m+[0m[48;2;103;90;100m[38;2;103;90;100m%[0m[48;2;66;57;65m[38;2;66;57;65m░[0m[48;2;44;34;45m[38;2;44;34;45m▒[0m[48;2;31;27;40m[38;2;31;27;40m▓[0m[48;2;43;42;57m[38;2;43;42;57m▒[0m[48;2;41;43;58m[38;2;41;43;58m▒[0m[48;2;41;43;58m[38;2;41;43;58m▒[0m[48;2;42;43;59m[38;2;42;43;59m▒[0m[48;2;57;57;72m[38;2;57;57;72m░[0m[48;2;72;71;85m[38;2;72;71;85m░[0m[48;2;54;53;66m[38;2;54;53;66m▒[0m[48;2;27;24;37m[38;2;27;24;37m▓[0m[48;2;30;24;35m[38;2;30;24;35m▓[0m[48;2;67;57;68m[38;2;67;57;68m░[0m[48;2;118;104;117m[38;2;118;104;117m%[0m[48;2;156;139;152m[38;2;156;139;152m*[0m[48;2;160;142;155m[38;2;160;142;155m+[0m[48;2;160;141;155m[38;2;160;141;155m+[0m[48;2;161;140;155m[38;2;161;140;155m+[0m[48;2;161;140;155m[38;2;161;140;155m+[0m[48;2;161;140;155m[38;2;161;140;155m+[0m[48;2;161;140;155m[38;2;161;140;155m+[0m[48;2;161;140;155m[38;2;161;140;155m+[0m[48;2;119;103;115m[38;2;119;103;115m%[0m[48;2;77;69;75m[38;2;77;69;75m░[0m[48;2;226;223;225m[38;2;226;223;225m.[0m                                       
                                        [48;2;221;221;221m[38;2;221;221;221m.[0m[48;2;39;31;37m[38;2;39;31;37m▓[0m[48;2;159;143;153m[38;2;159;143;153m+[0m[48;2;162;141;155m[38;2;162;141;155m+[0m[48;2;161;141;155m[38;2;161;141;155m+[0m[48;2;154;135;148m[38;2;154;135;148m*[0m[48;2;38;29;37m[38;2;38;29;37m▓[0m[48;2;133;120;131m[38;2;133;120;131m#[0m[48;2;85;74;86m[38;2;85;74;86m@[0m[48;2;38;29;41m[38;2;38;29;41m▓[0m[48;2;27;20;33m[38;2;27;20;33m▓[0m[48;2;32;29;41m[38;2;32;29;41m▓[0m[48;2;46;43;55m[38;2;46;43;55m▒[0m[48;2;39;35;46m[38;2;39;35;46m▒[0m[48;2;45;39;49m[38;2;45;39;49m▒[0m[48;2;76;67;78m[38;2;76;67;78m░[0m[48;2;120;108;118m[38;2;120;108;118m#[0m[48;2;155;140;150m[38;2;155;140;150m*[0m[48;2;159;143;154m[38;2;159;143;154m+[0m[48;2;154;137;150m[38;2;154;137;150m*[0m[48;2;121;105;117m[38;2;121;105;117m#[0m[48;2;85;70;81m[38;2;85;70;81m@[0m[48;2;135;117;130m[38;2;135;117;130m#[0m[48;2;161;140;155m[38;2;161;140;155m+[0m[48;2;161;140;155m[38;2;161;140;155m+[0m[48;2;161;140;155m[38;2;161;140;155m+[0m[48;2;161;140;155m[38;2;161;140;155m+[0m[48;2;161;140;155m[38;2;161;140;155m+[0m[48;2;63;50;60m[38;2;63;50;60m░[0m[48;2;43;36;42m[38;2;43;36;42m▒[0m[48;2;91;87;91m[38;2;91;87;91m@[0m[48;2;64;61;65m[38;2;64;61;65m░[0m[48;2;64;62;65m[38;2;64;62;65m░[0m[48;2;89;88;89m[38;2;89;88;89m@[0m[48;2;238;238;238m[38;2;238;238;238m [0m                                   
                                        [48;2;163;162;163m[38;2;163;162;163m+[0m[48;2;70;62;68m[38;2;70;62;68m░[0m[48;2;159;142;155m[38;2;159;142;155m+[0m[48;2;161;140;155m[38;2;161;140;155m+[0m[48;2;161;140;155m[38;2;161;140;155m+[0m[48;2;161;140;155m[38;2;161;140;155m+[0m[48;2;123;107;120m[38;2;123;107;120m#[0m[48;2;43;30;39m[38;2;43;30;39m▓[0m[48;2;35;23;32m[38;2;35;23;32m▓[0m[48;2;135;122;133m[38;2;135;122;133m#[0m[48;2;138;125;137m[38;2;138;125;137m*[0m[48;2;73;64;74m[38;2;73;64;74m░[0m[48;2;59;50;61m[38;2;59;50;61m▒[0m[48;2;151;139;151m[38;2;151;139;151m*[0m[48;2;156;139;153m[38;2;156;139;153m*[0m[48;2;138;120;133m[38;2;138;120;133m#[0m[48;2;111;96;107m[38;2;111;96;107m%[0m[48;2;82;69;79m[38;2;82;69;79m@[0m[48;2;67;54;63m[38;2;67;54;63m░[0m[48;2;73;58;69m[38;2;73;58;69m░[0m[48;2;100;86;98m[38;2;100;86;98m%[0m[48;2;139;124;136m[38;2;139;124;136m*[0m[48;2;160;141;155m[38;2;160;141;155m+[0m[48;2;161;140;155m[38;2;161;140;155m+[0m[48;2;161;140;155m[38;2;161;140;155m+[0m[48;2;161;140;155m[38;2;161;140;155m+[0m[48;2;161;140;155m[38;2;161;140;155m+[0m[48;2;129;112;125m[38;2;129;112;125m#[0m[48;2;17;8;16m[38;2;17;8;16m█[0m[48;2;18;13;21m[38;2;18;13;21m█[0m[48;2;124;121;126m[38;2;124;121;126m#[0m[48;2;230;227;231m[38;2;230;227;231m.[0m[48;2;60;58;61m[38;2;60;58;61m░[0m[48;2;62;60;63m[38;2;62;60;63m░[0m                                    
                                        [48;2;148;146;147m[38;2;148;146;147m+[0m[48;2;83;74;81m[38;2;83;74;81m@[0m[48;2;160;141;155m[38;2;160;141;155m+[0m[48;2;161;140;155m[38;2;161;140;155m+[0m[48;2;161;140;155m[38;2;161;140;155m+[0m[48;2;161;140;155m[38;2;161;140;155m+[0m[48;2;161;140;155m[38;2;161;140;155m+[0m[48;2;125;107;120m[38;2;125;107;120m#[0m[48;2;39;27;37m[38;2;39;27;37m▓[0m[48;2;43;35;44m[38;2;43;35;44m▒[0m[48;2;30;22;31m[38;2;30;22;31m▓[0m[48;2;10;5;14m[38;2;10;5;14m█[0m[48;2;47;42;50m[38;2;47;42;50m▒[0m[48;2;66;58;67m[38;2;66;58;67m░[0m[48;2;71;61;69m[38;2;71;61;69m░[0m[48;2;89;76;85m[38;2;89;76;85m@[0m[48;2;115;101;111m[38;2;115;101;111m%[0m[48;2;145;129;142m[38;2;145;129;142m*[0m[48;2;158;140;154m[38;2;158;140;154m+[0m[48;2;161;140;155m[38;2;161;140;155m+[0m[48;2;161;140;155m[38;2;161;140;155m+[0m[48;2;161;140;155m[38;2;161;140;155m+[0m[48;2;161;140;155m[38;2;161;140;155m+[0m[48;2;161;140;155m[38;2;161;140;155m+[0m[48;2;161;140;155m[38;2;161;140;155m+[0m[48;2;161;140;155m[38;2;161;140;155m+[0m[48;2;159;138;153m[38;2;159;138;153m*[0m[48;2;45;33;44m[38;2;45;33;44m▒[0m[48;2;22;15;24m[38;2;22;15;24m█[0m[48;2;35;29;41m[38;2;35;29;41m▓[0m[48;2;43;39;46m[38;2;43;39;46m▒[0m[48;2;238;235;239m[38;2;238;235;239m.[0m[48;2;190;187;191m[38;2;190;187;191m-[0m[48;2;80;77;81m[38;2;80;77;81m@[0m                                    
                                        [48;2;162;161;162m[38;2;162;161;162m+[0m[48;2;68;60;66m[38;2;68;60;66m░[0m[48;2;159;141;154m[38;2;159;141;154m+[0m[48;2;161;140;155m[38;2;161;140;155m+[0m[48;2;161;140;155m[38;2;161;140;155m+[0m[48;2;161;140;155m[38;2;161;140;155m+[0m[48;2;161;140;155m[38;2;161;140;155m+[0m[48;2;161;140;155m[38;2;161;140;155m+[0m[48;2;137;118;133m[38;2;137;118;133m#[0m[48;2;16;6;17m[38;2;16;6;17m█[0m[48;2;8;2;11m[38;2;8;2;11m█[0m[48;2;16;12;21m[38;2;16;12;21m█[0m[48;2;26;22;31m[38;2;26;22;31m▓[0m[48;2;54;48;57m[38;2;54;48;57m▒[0m[48;2;95;84;93m[38;2;95;84;93m@[0m[48;2;157;139;152m[38;2;157;139;152m*[0m[48;2;161;140;154m[38;2;161;140;154m+[0m[48;2;161;140;155m[38;2;161;140;155m+[0m[48;2;161;140;155m[38;2;161;140;155m+[0m[48;2;161;140;155m[38;2;161;140;155m+[0m[48;2;161;140;155m[38;2;161;140;155m+[0m[48;2;161;140;155m[38;2;161;140;155m+[0m[48;2;161;140;155m[38;2;161;140;155m+[0m[48;2;161;140;155m[38;2;161;140;155m+[0m[48;2;161;140;155m[38;2;161;140;155m+[0m[48;2;161;140;155m[38;2;161;140;155m+[0m[48;2;158;138;153m[38;2;158;138;153m*[0m[48;2;95;82;94m[38;2;95;82;94m@[0m[48;2;14;8;16m[38;2;14;8;16m█[0m[48;2;35;31;43m[38;2;35;31;43m▓[0m[48;2;13;11;17m[38;2;13;11;17m█[0m[48;2;196;193;197m[38;2;196;193;197m-[0m[48;2;106;104;107m[38;2;106;104;107m%[0m[48;2;13;10;14m[38;2;13;10;14m█[0m[48;2;77;74;78m[38;2;77;74;78m@[0m[48;2;84;81;85m[38;2;84;81;85m@[0m[48;2;105;103;106m[38;2;105;103;106m%[0m[48;2;137;135;138m[38;2;137;135;138m*[0m[48;2;180;179;181m[38;2;180;179;181m=[0m[48;2;234;234;234m[38;2;234;234;234m.[0m                              
                                        [48;2;114;113;114m[38;2;114;113;114m#[0m[48;2;25;22;25m[38;2;25;22;25m▓[0m[48;2;148;133;143m[38;2;148;133;143m*[0m[48;2;161;140;154m[38;2;161;140;154m+[0m[48;2;161;140;155m[38;2;161;140;155m+[0m[48;2;161;140;155m[38;2;161;140;155m+[0m[48;2;161;140;155m[38;2;161;140;155m+[0m[48;2;161;140;155m[38;2;161;140;155m+[0m[48;2;119;100;114m[38;2;119;100;114m%[0m[48;2;21;12;23m[38;2;21;12;23m█[0m[48;2;26;20;30m[38;2;26;20;30m▓[0m[48;2;3;0;7m[38;2;3;0;7m█[0m[48;2;14;11;19m[38;2;14;11;19m█[0m[48;2;13;9;17m[38;2;13;9;17m█[0m[48;2;53;45;55m[38;2;53;45;55m▒[0m[48;2;147;130;143m[38;2;147;130;143m*[0m[48;2;160;139;154m[38;2;160;139;154m+[0m[48;2;161;140;155m[38;2;161;140;155m+[0m[48;2;161;140;155m[38;2;161;140;155m+[0m[48;2;161;140;155m[38;2;161;140;155m+[0m[48;2;161;140;155m[38;2;161;140;155m+[0m[48;2;161;140;155m[38;2;161;140;155m+[0m[48;2;161;140;155m[38;2;161;140;155m+[0m[48;2;161;140;155m[38;2;161;140;155m+[0m[48;2;161;140;155m[38;2;161;140;155m+[0m[48;2;161;140;155m[38;2;161;140;155m+[0m[48;2;161;140;155m[38;2;161;140;155m+[0m[48;2;160;140;155m[38;2;160;140;155m+[0m[48;2;76;63;74m[38;2;76;63;74m░[0m[48;2;20;16;25m[38;2;20;16;25m█[0m[48;2;12;9;15m[38;2;12;9;15m█[0m[48;2;212;209;212m[38;2;212;209;212m:[0m[48;2;132;129;133m[38;2;132;129;133m*[0m[48;2;30;27;31m[38;2;30;27;31m▓[0m[48;2;153;150;154m[38;2;153;150;154m+[0m[48;2;131;128;132m[38;2;131;128;132m*[0m[48;2;84;81;85m[38;2;84;81;85m@[0m[48;2;52;49;53m[38;2;52;49;53m▒[0m[48;2;67;64;68m[38;2;67;64;68m░[0m[48;2;68;66;69m[38;2;68;66;69m░[0m[48;2;81;79;81m[38;2;81;79;81m@[0m[48;2;196;194;196m[38;2;196;194;196m-[0m                            
                                         [48;2;169;168;169m[38;2;169;168;169m=[0m[48;2;57;48;54m[38;2;57;48;54m▒[0m[48;2;154;135;147m[38;2;154;135;147m*[0m[48;2;161;140;155m[38;2;161;140;155m+[0m[48;2;161;140;155m[38;2;161;140;155m+[0m[48;2;161;140;155m[38;2;161;140;155m+[0m[48;2;161;140;155m[38;2;161;140;155m+[0m[48;2;150;130;145m[38;2;150;130;145m*[0m[48;2;44;34;45m[38;2;44;34;45m▒[0m[48;2;23;17;24m[38;2;23;17;24m▓[0m[48;2;15;13;18m[38;2;15;13;18m█[0m[48;2;8;6;11m[38;2;8;6;11m█[0m[48;2;24;20;28m[38;2;24;20;28m▓[0m[48;2;10;5;14m[38;2;10;5;14m█[0m[48;2;61;49;60m[38;2;61;49;60m▒[0m[48;2;161;141;155m[38;2;161;141;155m+[0m[48;2;161;140;155m[38;2;161;140;155m+[0m[48;2;161;140;155m[38;2;161;140;155m+[0m[48;2;161;140;155m[38;2;161;140;155m+[0m[48;2;161;140;155m[38;2;161;140;155m+[0m[48;2;161;140;155m[38;2;161;140;155m+[0m[48;2;161;140;155m[38;2;161;140;155m+[0m[48;2;161;140;155m[38;2;161;140;155m+[0m[48;2;161;140;155m[38;2;161;140;155m+[0m[48;2;161;140;155m[38;2;161;140;155m+[0m[48;2;161;140;155m[38;2;161;140;155m+[0m[48;2;161;140;155m[38;2;161;140;155m+[0m[48;2;157;139;153m[38;2;157;139;153m*[0m[48;2;97;84;96m[38;2;97;84;96m@[0m[48;2;30;24;32m[38;2;30;24;32m▓[0m[48;2;52;47;53m[38;2;52;47;53m▒[0m[48;2;53;48;53m[38;2;53;48;53m▒[0m[48;2;173;169;174m[38;2;173;169;174m=[0m[48;2;193;189;193m[38;2;193;189;193m-[0m[48;2;178;175;178m[38;2;178;175;178m=[0m[48;2;173;170;174m[38;2;173;170;174m=[0m[48;2;96;92;96m[38;2;96;92;96m%[0m[48;2;69;64;69m[38;2;69;64;69m░[0m[48;2;157;144;152m[38;2;157;144;152m+[0m[48;2;144;129;137m[38;2;144;129;137m*[0m[48;2;40;34;39m[38;2;40;34;39m▓[0m[48;2;228;227;229m[38;2;228;227;229m.[0m                           
                                          [48;2;113;112;113m[38;2;113;112;113m#[0m[48;2;31;25;32m[38;2;31;25;32m▓[0m[48;2;113;102;111m[38;2;113;102;111m%[0m[48;2;157;140;153m[38;2;157;140;153m+[0m[48;2;161;140;155m[38;2;161;140;155m+[0m[48;2;161;140;155m[38;2;161;140;155m+[0m[48;2;161;140;155m[38;2;161;140;155m+[0m[48;2;161;141;156m[38;2;161;141;156m+[0m[48;2;124;109;121m[38;2;124;109;121m#[0m[48;2;27;19;27m[38;2;27;19;27m▓[0m[48;2;27;20;28m[38;2;27;20;28m▓[0m[48;2;15;9;17m[38;2;15;9;17m█[0m[48;2;83;75;85m[38;2;83;75;85m@[0m[48;2;63;52;63m[38;2;63;52;63m░[0m[48;2;74;60;72m[38;2;74;60;72m░[0m[48;2;113;97;110m[38;2;113;97;110m%[0m[48;2;148;129;143m[38;2;148;129;143m*[0m[48;2;160;140;155m[38;2;160;140;155m+[0m[48;2;161;140;155m[38;2;161;140;155m+[0m[48;2;161;140;155m[38;2;161;140;155m+[0m[48;2;161;140;155m[38;2;161;140;155m+[0m[48;2;161;140;155m[38;2;161;140;155m+[0m[48;2;161;140;155m[38;2;161;140;155m+[0m[48;2;161;140;155m[38;2;161;140;155m+[0m[48;2;161;140;155m[38;2;161;140;155m+[0m[48;2;161;140;155m[38;2;161;140;155m+[0m[48;2;161;140;155m[38;2;161;140;155m+[0m[48;2;160;140;155m[38;2;160;140;155m+[0m[48;2;157;139;152m[38;2;157;139;152m*[0m[48;2;135;120;132m[38;2;135;120;132m#[0m[48;2;123;110;120m[38;2;123;110;120m#[0m[48;2;108;97;107m[38;2;108;97;107m%[0m[48;2;102;92;102m[38;2;102;92;102m%[0m[48;2;106;97;105m[38;2;106;97;105m%[0m[48;2;106;96;104m[38;2;106;96;104m%[0m[48;2;130;119;128m[38;2;130;119;128m#[0m[48;2;157;142;152m[38;2;157;142;152m+[0m[48;2;153;136;147m[38;2;153;136;147m*[0m[48;2;127;109;120m[38;2;127;109;120m#[0m[48;2;25;17;24m[38;2;25;17;24m▓[0m[48;2;115;112;115m[38;2;115;112;115m#[0m                           
                                          [48;2;227;227;227m[38;2;227;227;227m.[0m[48;2;43;42;43m[38;2;43;42;43m▒[0m[48;2;79;77;80m[38;2;79;77;80m@[0m[48;2;56;47;55m[38;2;56;47;55m▒[0m[48;2;151;135;147m[38;2;151;135;147m*[0m[48;2;161;141;154m[38;2;161;141;154m+[0m[48;2;161;140;155m[38;2;161;140;155m+[0m[48;2;161;140;155m[38;2;161;140;155m+[0m[48;2;161;140;155m[38;2;161;140;155m+[0m[48;2;159;138;153m[38;2;159;138;153m*[0m[48;2;158;138;153m[38;2;158;138;153m*[0m[48;2;127;109;123m[38;2;127;109;123m#[0m[48;2;54;42;52m[38;2;54;42;52m▒[0m[48;2;90;79;89m[38;2;90;79;89m@[0m[48;2;90;78;88m[38;2;90;78;88m@[0m[48;2;18;11;18m[38;2;18;11;18m█[0m[48;2;10;2;10m[38;2;10;2;10m█[0m[48;2;51;39;50m[38;2;51;39;50m▒[0m[48;2;158;139;153m[38;2;158;139;153m*[0m[48;2;158;137;152m[38;2;158;137;152m*[0m[48;2;146;126;140m[38;2;146;126;140m*[0m[48;2;161;140;155m[38;2;161;140;155m+[0m[48;2;161;140;155m[38;2;161;140;155m+[0m[48;2;161;140;155m[38;2;161;140;155m+[0m[48;2;161;140;155m[38;2;161;140;155m+[0m[48;2;161;140;155m[38;2;161;140;155m+[0m[48;2;161;140;155m[38;2;161;140;155m+[0m[48;2;160;141;155m[38;2;160;141;155m+[0m[48;2;160;141;155m[38;2;160;141;155m+[0m[48;2;160;141;155m[38;2;160;141;155m+[0m[48;2;160;141;155m[38;2;160;141;155m+[0m[48;2;105;87;101m[38;2;105;87;101m%[0m[48;2;72;59;69m[38;2;72;59;69m░[0m[48;2;68;59;67m[38;2;68;59;67m░[0m[48;2;69;60;68m[38;2;69;60;68m░[0m[48;2;69;58;67m[38;2;69;58;67m░[0m[48;2;70;58;68m[38;2;70;58;68m░[0m[48;2;78;64;74m[38;2;78;64;74m░[0m[48;2;100;86;96m[38;2;100;86;96m@[0m[48;2;131;120;129m[38;2;131;120;129m#[0m[48;2;42;35;41m[38;2;42;35;41m▒[0m[48;2;198;195;198m[38;2;198;195;198m-[0m                          
                                           [48;2;214;214;214m[38;2;214;214;214m:[0m[48;2;92;92;93m[38;2;92;92;93m%[0m[48;2;62;60;63m[38;2;62;60;63m░[0m[48;2;61;55;60m[38;2;61;55;60m░[0m[48;2;108;95;104m[38;2;108;95;104m%[0m[48;2;158;140;153m[38;2;158;140;153m+[0m[48;2;161;140;155m[38;2;161;140;155m+[0m[48;2;161;140;155m[38;2;161;140;155m+[0m[48;2;161;140;155m[38;2;161;140;155m+[0m[48;2;161;140;155m[38;2;161;140;155m+[0m[48;2;161;140;155m[38;2;161;140;155m+[0m[48;2;160;139;154m[38;2;160;139;154m+[0m[48;2;131;112;126m[38;2;131;112;126m#[0m[48;2;96;78;91m[38;2;96;78;91m@[0m[48;2;81;68;78m[38;2;81;68;78m░[0m[48;2;118;105;116m[38;2;118;105;116m#[0m[48;2;150;133;147m[38;2;150;133;147m*[0m[48;2;160;140;155m[38;2;160;140;155m+[0m[48;2;151;131;145m[38;2;151;131;145m*[0m[48;2;70;53;66m[38;2;70;53;66m░[0m[48;2;71;53;66m[38;2;71;53;66m░[0m[48;2;98;81;94m[38;2;98;81;94m@[0m[48;2;116;101;113m[38;2;116;101;113m%[0m[48;2;81;66;78m[38;2;81;66;78m░[0m[48;2;45;33;44m[38;2;45;33;44m▒[0m[48;2;68;57;68m[38;2;68;57;68m░[0m[48;2;79;68;79m[38;2;79;68;79m░[0m[48;2;88;76;88m[38;2;88;76;88m@[0m[48;2;97;84;96m[38;2;97;84;96m@[0m[48;2;103;89;101m[38;2;103;89;101m%[0m[48;2;104;89;102m[38;2;104;89;102m%[0m[48;2;106;94;104m[38;2;106;94;104m%[0m[48;2;109;97;106m[38;2;109;97;106m%[0m[48;2;109;97;106m[38;2;109;97;106m%[0m[48;2;103;92;101m[38;2;103;92;101m%[0m[48;2;97;87;96m[38;2;97;87;96m@[0m[48;2;90;80;89m[38;2;90;80;89m@[0m[48;2;80;70;79m[38;2;80;70;79m@[0m[48;2;48;42;49m[38;2;48;42;49m▒[0m[48;2;107;103;109m[38;2;107;103;109m%[0m                           
                                              [48;2;80;80;80m[38;2;80;80;80m@[0m[48;2;9;3;8m[38;2;9;3;8m█[0m[48;2;37;28;37m[38;2;37;28;37m▓[0m[48;2;96;83;95m[38;2;96;83;95m@[0m[48;2;151;134;147m[38;2;151;134;147m*[0m[48;2;160;141;155m[38;2;160;141;155m+[0m[48;2;161;140;155m[38;2;161;140;155m+[0m[48;2;161;140;155m[38;2;161;140;155m+[0m[48;2;161;140;155m[38;2;161;140;155m+[0m[48;2;161;140;155m[38;2;161;140;155m+[0m[48;2;161;140;155m[38;2;161;140;155m+[0m[48;2;120;101;115m[38;2;120;101;115m%[0m[48;2;98;81;94m[38;2;98;81;94m@[0m[48;2;152;133;147m[38;2;152;133;147m*[0m[48;2;161;140;155m[38;2;161;140;155m+[0m[48;2;161;140;155m[38;2;161;140;155m+[0m[48;2;161;140;155m[38;2;161;140;155m+[0m[48;2;155;135;149m[38;2;155;135;149m*[0m[48;2;132;114;128m[38;2;132;114;128m#[0m[48;2;114;98;111m[38;2;114;98;111m%[0m[48;2;102;88;100m[38;2;102;88;100m%[0m[48;2;95;84;95m[38;2;95;84;95m@[0m[48;2;95;84;95m[38;2;95;84;95m@[0m[48;2;97;85;97m[38;2;97;85;97m@[0m[48;2;103;90;102m[38;2;103;90;102m%[0m[48;2;110;95;108m[38;2;110;95;108m%[0m[48;2;119;103;116m[38;2;119;103;116m%[0m[48;2;121;104;118m[38;2;121;104;118m#[0m[48;2;119;102;115m[38;2;119;102;115m%[0m[48;2;117;102;114m[38;2;117;102;114m%[0m[48;2;103;90;101m[38;2;103;90;101m%[0m[48;2;48;41;48m[38;2;48;41;48m▒[0m[48;2;60;54;60m[38;2;60;54;60m░[0m[48;2;199;195;199m[38;2;199;195;199m-[0m[48;2;230;228;231m[38;2;230;228;231m.[0m                             
                                             [48;2;116;115;118m[38;2;116;115;118m#[0m[48;2;16;15;21m[38;2;16;15;21m█[0m[48;2;14;12;20m[38;2;14;12;20m█[0m[48;2;11;7;16m[38;2;11;7;16m█[0m[48;2;30;21;59m[38;2;30;21;59m▓[0m[48;2;50;40;75m[38;2;50;40;75m▒[0m[48;2;61;51;67m[38;2;61;51;67m░[0m[48;2;86;74;88m[38;2;86;74;88m@[0m[48;2;121;106;118m[38;2;121;106;118m#[0m[48;2;148;131;144m[38;2;148;131;144m*[0m[48;2;158;140;154m[38;2;158;140;154m+[0m[48;2;159;141;155m[38;2;159;141;155m+[0m[48;2;159;140;154m[38;2;159;140;154m+[0m[48;2;119;101;114m[38;2;119;101;114m%[0m[48;2;68;53;65m[38;2;68;53;65m░[0m[48;2;52;39;50m[38;2;52;39;50m▒[0m[48;2;62;51;61m[38;2;62;51;61m░[0m[48;2;84;73;83m[38;2;84;73;83m@[0m[48;2;104;91;102m[38;2;104;91;102m%[0m[48;2;121;108;119m[38;2;121;108;119m#[0m[48;2;136;123;134m[38;2;136;123;134m*[0m[48;2;146;133;144m[38;2;146;133;144m*[0m[48;2;151;136;148m[38;2;151;136;148m*[0m[48;2;153;136;150m[38;2;153;136;150m*[0m[48;2;152;136;149m[38;2;152;136;149m*[0m[48;2;148;133;145m[38;2;148;133;145m*[0m[48;2;138;123;135m[38;2;138;123;135m*[0m[48;2;123;109;120m[38;2;123;109;120m#[0m[48;2;100;87;98m[38;2;100;87;98m%[0m[48;2;74;64;73m[38;2;74;64;73m░[0m[48;2;71;64;71m[38;2;71;64;71m░[0m[48;2;111;105;111m[38;2;111;105;111m%[0m[48;2;189;186;189m[38;2;189;186;189m-[0m                                
                                            [48;2;178;178;179m[38;2;178;178;179m=[0m[48;2;13;11;19m[38;2;13;11;19m█[0m[48;2;37;34;48m[38;2;37;34;48m▓[0m[48;2;38;34;51m[38;2;38;34;51m▒[0m[48;2;18;13;27m[38;2;18;13;27m█[0m[48;2;44;33;88m[38;2;44;33;88m▒[0m[48;2;94;80;152m[38;2;94;80;152m%[0m[48;2;100;93;132m[38;2;100;93;132m%[0m[48;2;36;22;115m[38;2;36;22;115m▒[0m[48;2;7;4;19m[38;2;7;4;19m█[0m[48;2;39;28;85m[38;2;39;28;85m▒[0m[48;2;40;32;73m[38;2;40;32;73m▒[0m[48;2;51;44;81m[38;2;51;44;81m▒[0m[48;2;63;56;75m[38;2;63;56;75m░[0m[48;2;80;71;89m[38;2;80;71;89m@[0m[48;2;97;86;98m[38;2;97;86;98m@[0m[48;2;101;90;104m[38;2;101;90;104m%[0m[48;2;76;67;78m[38;2;76;67;78m░[0m[48;2;49;42;49m[38;2;49;42;49m▒[0m[48;2;27;21;28m[38;2;27;21;28m▓[0m[48;2;8;2;9m[38;2;8;2;9m█[0m[48;2;4;0;5m[38;2;4;0;5m█[0m[48;2;3;1;4m[38;2;3;1;4m█[0m[48;2;5;1;6m[38;2;5;1;6m█[0m[48;2;7;2;8m[38;2;7;2;8m█[0m[48;2;8;2;9m[38;2;8;2;9m█[0m[48;2;9;3;10m[38;2;9;3;10m█[0m[48;2;5;1;8m[38;2;5;1;8m█[0m[48;2;7;3;11m[38;2;7;3;11m█[0m[48;2;21;18;27m[38;2;21;18;27m▓[0m[48;2;104;101;109m[38;2;104;101;109m%[0m[48;2;178;177;181m[38;2;178;177;181m=[0m[48;2;240;239;242m[38;2;240;239;242m [0m                                 
                                           [48;2;239;239;239m[38;2;239;239;239m [0m[48;2;34;33;35m[38;2;34;33;35m▓[0m[48;2;33;30;42m[38;2;33;30;42m▓[0m[48;2;37;32;51m[38;2;37;32;51m▓[0m[48;2;37;31;52m[38;2;37;31;52m▓[0m[48;2;23;18;33m[38;2;23;18;33m▓[0m[48;2;39;28;84m[38;2;39;28;84m▒[0m[48;2;91;77;155m[38;2;91;77;155m@[0m[48;2;101;93;142m[38;2;101;93;142m%[0m[48;2;56;39;148m[38;2;56;39;148m░[0m[48;2;6;2;23m[38;2;6;2;23m█[0m[48;2;29;20;64m[38;2;29;20;64m▓[0m[48;2;79;65;151m[38;2;79;65;151m@[0m[48;2;71;54;159m[38;2;71;54;159m░[0m[48;2;82;66;160m[38;2;82;66;160m@[0m[48;2;60;40;162m[38;2;60;40;162m░[0m[48;2;66;52;137m[38;2;66;52;137m░[0m[48;2;51;39;104m[38;2;51;39;104m▒[0m[48;2;13;5;39m[38;2;13;5;39m█[0m[48;2;8;3;10m[38;2;8;3;10m█[0m[48;2;23;17;29m[38;2;23;17;29m▓[0m[48;2;24;19;34m[38;2;24;19;34m▓[0m[48;2;24;19;34m[38;2;24;19;34m▓[0m[48;2;23;19;34m[38;2;23;19;34m▓[0m[48;2;23;19;34m[38;2;23;19;34m▓[0m[48;2;25;20;36m[38;2;25;20;36m▓[0m[48;2;25;20;36m[38;2;25;20;36m▓[0m[48;2;27;22;39m[38;2;27;22;39m▓[0m[48;2;33;27;46m[38;2;33;27;46m▓[0m[48;2;36;30;50m[38;2;36;30;50m▓[0m[48;2;37;31;51m[38;2;37;31;51m▓[0m[48;2;34;28;47m[38;2;34;28;47m▓[0m[48;2;26;21;37m[38;2;26;21;37m▓[0m[48;2;27;23;35m[38;2;27;23;35m▓[0m[48;2;86;84;91m[38;2;86;84;91m@[0m[48;2;176;175;178m[38;2;176;175;178m=[0m                               
                                           [48;2;143;142;143m[38;2;143;142;143m*[0m[48;2;19;17;24m[38;2;19;17;24m▓[0m[48;2;37;32;50m[38;2;37;32;50m▓[0m[48;2;37;31;52m[38;2;37;31;52m▓[0m[48;2;37;31;52m[38;2;37;31;52m▓[0m[48;2;29;24;41m[38;2;29;24;41m▓[0m[48;2;19;12;44m[38;2;19;12;44m█[0m[48;2;86;73;143m[38;2;86;73;143m@[0m[48;2;92;81;152m[38;2;92;81;152m%[0m[48;2;78;66;151m[38;2;78;66;151m@[0m[48;2;17;8;60m[38;2;17;8;60m█[0m[48;2;124;121;128m[38;2;124;121;128m#[0m[48;2;30;25;52m[38;2;30;25;52m▓[0m[48;2;68;54;138m[38;2;68;54;138m░[0m[48;2;82;66;164m[38;2;82;66;164m@[0m[48;2;82;65;165m[38;2;82;65;165m@[0m[48;2;75;61;153m[38;2;75;61;153m@[0m[48;2;46;35;99m[38;2;46;35;99m▒[0m[48;2;16;12;24m[38;2;16;12;24m█[0m[48;2;50;46;54m[38;2;50;46;54m▒[0m[48;2;46;41;55m[38;2;46;41;55m▒[0m[48;2;38;33;51m[38;2;38;33;51m▓[0m[48;2;37;31;52m[38;2;37;31;52m▓[0m[48;2;37;31;52m[38;2;37;31;52m▓[0m[48;2;37;31;52m[38;2;37;31;52m▓[0m[48;2;37;31;52m[38;2;37;31;52m▓[0m[48;2;37;31;52m[38;2;37;31;52m▓[0m[48;2;37;31;52m[38;2;37;31;52m▓[0m[48;2;37;31;52m[38;2;37;31;52m▓[0m[48;2;37;31;52m[38;2;37;31;52m▓[0m[48;2;37;31;52m[38;2;37;31;52m▓[0m[48;2;37;31;52m[38;2;37;31;52m▓[0m[48;2;37;31;52m[38;2;37;31;52m▓[0m[48;2;37;31;52m[38;2;37;31;52m▓[0m[48;2;35;29;48m[38;2;35;29;48m▓[0m[48;2;24;20;35m[38;2;24;20;35m▓[0m[48;2;45;42;50m[38;2;45;42;50m▒[0m[48;2;154;152;156m[38;2;154;152;156m+[0m                             
                                           [48;2;44;44;45m[38;2;44;44;45m▒[0m[48;2;31;28;42m[38;2;31;28;42m▓[0m[48;2;37;31;52m[38;2;37;31;52m▓[0m[48;2;37;31;52m[38;2;37;31;52m▓[0m[48;2;37;31;52m[38;2;37;31;52m▓[0m[48;2;37;31;51m[38;2;37;31;51m▓[0m[48;2;23;18;36m[38;2;23;18;36m▓[0m[48;2;18;16;31m[38;2;18;16;31m▓[0m[48;2;23;21;37m[38;2;23;21;37m▓[0m[48;2;38;36;51m[38;2;38;36;51m▒[0m[48;2;13;9;33m[38;2;13;9;33m█[0m[48;2;91;90;95m[38;2;91;90;95m@[0m[48;2;202;201;206m[38;2;202;201;206m:[0m[48;2;74;72;83m[38;2;74;72;83m@[0m[48;2;38;29;83m[38;2;38;29;83m▒[0m[48;2;59;50;107m[38;2;59;50;107m░[0m[48;2;49;45;66m[38;2;49;45;66m▒[0m[48;2;165;163;168m[38;2;165;163;168m+[0m[48;2;136;133;139m[38;2;136;133;139m*[0m[48;2;38;34;42m[38;2;38;34;42m▓[0m[48;2;43;39;50m[38;2;43;39;50m▒[0m[48;2;62;58;71m[38;2;62;58;71m░[0m[48;2;59;54;70m[38;2;59;54;70m░[0m[48;2;39;33;52m[38;2;39;33;52m▒[0m[48;2;37;31;52m[38;2;37;31;52m▓[0m[48;2;37;31;52m[38;2;37;31;52m▓[0m[48;2;37;31;52m[38;2;37;31;52m▓[0m[48;2;37;31;52m[38;2;37;31;52m▓[0m[48;2;37;31;52m[38;2;37;31;52m▓[0m[48;2;37;31;52m[38;2;37;31;52m▓[0m[48;2;37;31;52m[38;2;37;31;52m▓[0m[48;2;37;31;52m[38;2;37;31;52m▓[0m[48;2;37;31;52m[38;2;37;31;52m▓[0m[48;2;37;31;52m[38;2;37;31;52m▓[0m[48;2;37;31;52m[38;2;37;31;52m▓[0m[48;2;37;31;52m[38;2;37;31;52m▓[0m[48;2;37;31;51m[38;2;37;31;51m▓[0m[48;2;26;21;39m[38;2;26;21;39m▓[0m[48;2;50;47;56m[38;2;50;47;56m▒[0m[48;2;199;198;201m[38;2;199;198;201m-[0m                           
                                          [48;2;225;225;225m[38;2;225;225;225m.[0m[48;2;10;10;12m[38;2;10;10;12m█[0m[48;2;36;33;48m[38;2;36;33;48m▓[0m[48;2;37;31;52m[38;2;37;31;52m▓[0m[48;2;37;31;52m[38;2;37;31;52m▓[0m[48;2;37;31;52m[38;2;37;31;52m▓[0m[48;2;37;31;52m[38;2;37;31;52m▓[0m[48;2;37;31;52m[38;2;37;31;52m▓[0m[48;2;37;31;52m[38;2;37;31;52m▓[0m[48;2;37;32;51m[38;2;37;32;51m▓[0m[48;2;75;73;83m[38;2;75;73;83m@[0m[48;2;15;13;20m[38;2;15;13;20m█[0m[48;2;3;3;7m[38;2;3;3;7m█[0m[48;2;93;92;97m[38;2;93;92;97m%[0m[48;2;213;212;215m[38;2;213;212;215m:[0m[48;2;186;186;188m[38;2;186;186;188m-[0m[48;2;62;61;63m[38;2;62;61;63m░[0m[48;2;51;51;53m[38;2;51;51;53m▒[0m[48;2;165;164;165m[38;2;165;164;165m+[0m[48;2;238;238;239m[38;2;238;238;239m [0m[48;2;237;235;239m[38;2;237;235;239m.[0m[48;2;78;75;81m[38;2;78;75;81m@[0m[48;2;41;38;44m[38;2;41;38;44m▒[0m[48;2;28;24;33m[38;2;28;24;33m▓[0m[48;2;56;50;62m[38;2;56;50;62m▒[0m[48;2;68;61;75m[38;2;68;61;75m░[0m[48;2;55;48;64m[38;2;55;48;64m▒[0m[48;2;38;31;51m[38;2;38;31;51m▓[0m[48;2;37;31;52m[38;2;37;31;52m▓[0m[48;2;37;31;52m[38;2;37;31;52m▓[0m[48;2;37;31;52m[38;2;37;31;52m▓[0m[48;2;37;31;52m[38;2;37;31;52m▓[0m[48;2;37;31;52m[38;2;37;31;52m▓[0m[48;2;37;31;52m[38;2;37;31;52m▓[0m[48;2;37;31;52m[38;2;37;31;52m▓[0m[48;2;37;31;52m[38;2;37;31;52m▓[0m[48;2;37;31;52m[38;2;37;31;52m▓[0m[48;2;37;31;52m[38;2;37;31;52m▓[0m[48;2;37;31;51m[38;2;37;31;51m▓[0m[48;2;34;29;45m[38;2;34;29;45m▓[0m[48;2;19;16;25m[38;2;19;16;25m█[0m[48;2;170;169;171m[38;2;170;169;171m=[0m                          