                                                                                                    
                                                                                                    
                                                                                                    
                                                                                                    
                                                                                                    
                                                                                                    
                                                                                                    
                                                                                                    
                                                                                                    
                                                                                                    
                                                                                                    
                                               [48;2;238;238;238m[38;2;238;238;238m [0m[48;2;216;216;216m[38;2;216;216;216m:[0m[48;2;203;203;204m[38;2;203;203;204m:[0m[48;2;202;202;202m[38;2;202;202;202m:[0m[48;2;207;207;207m[38;2;207;207;207m:[0m[48;2;225;225;225m[38;2;225;225;225m.[0m                                               
                                           [48;2;191;190;191m[38;2;191;190;191m-[0m[48;2;123;122;126m[38;2;123;122;126m#[0m[48;2;72;71;76m[38;2;72;71;76m░[0m[48;2;38;36;44m[38;2;38;36;44m▒[0m[48;2;26;24;34m[38;2;26;24;34m▓[0m[48;2;28;26;38m[38;2;28;26;38m▓[0m[48;2;31;29;41m[38;2;31;29;41m▓[0m[48;2;32;30;42m[38;2;32;30;42m▓[0m[48;2;30;28;40m[38;2;30;28;40m▓[0m[48;2;26;25;36m[38;2;26;25;36m▓[0m[48;2;31;29;39m[38;2;31;29;39m▓[0m[48;2;73;72;81m[38;2;73;72;81m@[0m[48;2;139;138;143m[38;2;139;138;143m*[0m[48;2;230;229;231m[38;2;230;229;231m.[0m                                           
                                        [48;2;234;234;234m[38;2;234;234;234m.[0m[48;2;124;123;126m[38;2;124;123;126m#[0m[48;2;39;38;44m[38;2;39;38;44m▒[0m[48;2;30;27;39m[38;2;30;27;39m▓[0m[48;2;44;42;56m[38;2;44;42;56m▒[0m[48;2;48;45;60m[38;2;48;45;60m▒[0m[48;2;44;42;59m[38;2;44;42;59m▒[0m[48;2;54;54;70m[38;2;54;54;70m░[0m[48;2;47;48;64m[38;2;47;48;64m▒[0m[48;2;41;43;59m[38;2;41;43;59m▒[0m[48;2;41;43;59m[38;2;41;43;59m▒[0m[48;2;41;43;59m[38;2;41;43;59m▒[0m[48;2;41;43;59m[38;2;41;43;59m▒[0m[48;2;41;43;59m[38;2;41;43;59m▒[0m[48;2;42;42;59m[38;2;42;42;59m▒[0m[48;2;37;35;51m[38;2;37;35;51m▒[0m[48;2;28;25;37m[38;2;28;25;37m▓[0m[48;2;124;123;128m[38;2;124;123;128m#[0m                                          
                                       [48;2;175;174;176m[38;2;175;174;176m=[0m[48;2;33;32;37m[38;2;33;32;37m▓[0m[48;2;31;28;38m[38;2;31;28;38m▓[0m[48;2;29;26;37m[38;2;29;26;37m▓[0m[48;2;34;30;41m[38;2;34;30;41m▓[0m[48;2;52;47;56m[38;2;52;47;56m▒[0m[48;2;59;52;63m[38;2;59;52;63m░[0m[48;2;73;66;76m[38;2;73;66;76m░[0m[48;2;76;68;77m[38;2;76;68;77m░[0m[48;2;72;62;73m[38;2;72;62;73m░[0m[48;2;57;49;59m[38;2;57;49;59m▒[0m[48;2;37;30;41m[38;2;37;30;41m▓[0m[48;2;29;24;37m[38;2;29;24;37m▓[0m[48;2;38;37;51m[38;2;38;37;51m▒[0m[48;2;42;42;58m[38;2;42;42;58m▒[0m[48;2;41;43;59m[38;2;41;43;59m▒[0m[48;2;41;43;59m[38;2;41;43;59m▒[0m[48;2;43;42;59m[38;2;43;42;59m▒[0m[48;2;33;30;45m[38;2;33;30;45m▓[0m[48;2;57;54;62m[38;2;57;54;62m░[0m[48;2;214;213;214m[38;2;214;213;214m:[0m                                        
                                      [48;2;195;195;195m[38;2;195;195;195m-[0m[48;2;10;8;13m[38;2;10;8;13m█[0m[48;2;47;42;49m[38;2;47;42;49m▒[0m[48;2;60;52;60m[38;2;60;52;60m░[0m[48;2;55;46;54m[38;2;55;46;54m▒[0m[48;2;79;70;78m[38;2;79;70;78m@[0m[48;2;151;135;147m[38;2;151;135;147m*[0m[48;2;117;99;112m[38;2;117;99;112m%[0m[48;2;81;66;75m[38;2;81;66;75m░[0m[48;2;83;68;78m[38;2;83;68;78m@[0m[48;2;145;128;139m[38;2;145;128;139m*[0m[48;2;160;141;154m[38;2;160;141;154m+[0m[48;2;160;141;155m[38;2;160;141;155m+[0m[48;2;139;120;134m[38;2;139;120;134m#[0m[48;2;93;77;90m[38;2;93;77;90m@[0m[48;2;43;33;46m[38;2;43;33;46m▒[0m[48;2;50;43;57m[38;2;50;43;57m▒[0m[48;2;51;47;61m[38;2;51;47;61m▒[0m[48;2;35;32;48m[38;2;35;32;48m▓[0m[48;2;27;25;40m[38;2;27;25;40m▓[0m[48;2;23;19;33m[38;2;23;19;33m▓[0m[48;2;21;19;26m[38;2;21;19;26m▓[0m[48;2;192;191;193m[38;2;192;191;193m-[0m                                       
                                     [48;2;196;196;197m[38;2;196;196;197m-[0m[48;2;60;56;61m[38;2;60;56;61m░[0m[48;2;126;114;123m[38;2;126;114;123m#[0m[48;2;158;140;152m[38;2;158;140;152m+[0m[48;2;131;112;126m[38;2;131;112;126m#[0m[48;2;153;134;148m[38;2;153;134;148m*[0m[48;2;159;139;153m[38;2;159;139;153m+[0m[48;2;161;140;155m[38;2;161;140;155m+[0m[48;2;161;140;155m[38;2;161;140;155m+[0m[48;2;161;140;155m[38;2;161;140;155m+[0m[48;2;118;102;114m[38;2;118;102;114m%[0m[48;2;88;74;86m[38;2;88;74;86m@[0m[48;2;157;138;152m[38;2;157;138;152m*[0m[48;2;161;140;155m[38;2;161;140;155m+[0m[48;2;161;140;155m[38;2;161;140;155m+[0m[48;2;161;140;155m[38;2;161;140;155m+[0m[48;2;159;139;153m[38;2;159;139;153m+[0m[48;2;102;87;98m[38;2;102;87;98m%[0m[48;2;25;16;29m[38;2;25;16;29m▓[0m[48;2;74;58;113m[38;2;74;58;113m░[0m[48;2;29;15;50m[38;2;29;15;50m▓[0m[48;2;81;63;123m[38;2;81;63;123m@[0m[48;2;9;3;11m[38;2;9;3;11m█[0m[48;2;21;18;23m[38;2;21;18;23m▓[0m[48;2;215;214;215m[38;2;215;214;215m:[0m                                      
                                    [48;2;193;192;193m[38;2;193;192;193m-[0m[48;2;55;51;56m[38;2;55;51;56m▒[0m[48;2;150;134;146m[38;2;150;134;146m*[0m[48;2;160;141;154m[38;2;160;141;154m+[0m[48;2;161;141;153m[38;2;161;141;153m+[0m[48;2;161;140;155m[38;2;161;140;155m+[0m[48;2;161;140;155m[38;2;161;140;155m+[0m[48;2;161;140;155m[38;2;161;140;155m+[0m[48;2;156;136;151m[38;2;156;136;151m*[0m[48;2;102;84;98m[38;2;102;84;98m@[0m[48;2;160;140;154m[38;2;160;140;154m+[0m[48;2;47;30;43m[38;2;47;30;43m▓[0m[48;2;120;103;116m[38;2;120;103;116m%[0m[48;2;66;51;64m[38;2;66;51;64m░[0m[48;2;157;139;153m[38;2;157;139;153m*[0m[48;2;161;140;155m[38;2;161;140;155m+[0m[48;2;161;140;155m[38;2;161;140;155m+[0m[48;2;161;140;155m[38;2;161;140;155m+[0m[48;2;161;140;155m[38;2;161;140;155m+[0m[48;2;135;117;129m[38;2;135;117;129m#[0m[48;2;46;30;52m[38;2;46;30;52m▒[0m[48;2;93;68;137m[38;2;93;68;137m@[0m[48;2;67;46;106m[38;2;67;46;106m░[0m[48;2;45;33;67m[38;2;45;33;67m▒[0m[48;2;12;9;17m[38;2;12;9;17m█[0m[48;2;64;62;66m[38;2;64;62;66m░[0m                                      
                                    [48;2;54;52;54m[38;2;54;52;54m▒[0m[48;2;106;96;104m[38;2;106;96;104m%[0m[48;2;89;76;86m[38;2;89;76;86m@[0m[48;2;81;67;77m[38;2;81;67;77m░[0m[48;2;162;142;154m[38;2;162;142;154m+[0m[48;2;161;140;155m[38;2;161;140;155m+[0m[48;2;161;140;155m[38;2;161;140;155m+[0m[48;2;161;140;155m[38;2;161;140;155m+[0m[48;2;151;130;145m[38;2;151;130;145m*[0m[48;2;39;24;35m[38;2;39;24;35m▓[0m[48;2;154;137;150m[38;2;154;137;150m*[0m[48;2;90;75;86m[38;2;90;75;86m@[0m[48;2;60;49;58m[38;2;60;49;58m▒[0m[48;2;85;73;83m[38;2;85;73;83m@[0m[48;2;70;58;68m[38;2;70;58;68m░[0m[48;2;153;135;149m[38;2;153;135;149m*[0m[48;2;160;141;155m[38;2;160;141;155m+[0m[48;2;161;140;155m[38;2;161;140;155m+[0m[48;2;161;140;155m[38;2;161;140;155m+[0m[48;2;160;141;155m[38;2;160;141;155m+[0m[48;2;137;120;133m[38;2;137;120;133m#[0m[48;2;47;33;53m[38;2;47;33;53m▒[0m[48;2;24;13;31m[38;2;24;13;31m▓[0m[48;2;17;10;21m[38;2;17;10;21m█[0m[48;2;34;30;42m[38;2;34;30;42m▓[0m[48;2;22;18;29m[38;2;22;18;29m▓[0m[48;2;178;177;179m[38;2;178;177;179m=[0m                                     
                                   [48;2;165;165;165m[38;2;165;165;165m=[0m[48;2;80;72;78m[38;2;80;72;78m@[0m[48;2;44;35;43m[38;2;44;35;43m▒[0m[48;2;26;18;25m[38;2;26;18;25m▓[0m[48;2;96;85;94m[38;2;96;85;94m@[0m[48;2;90;76;87m[38;2;90;76;87m@[0m[48;2;130;114;127m[38;2;130;114;127m#[0m[48;2;146;128;142m[38;2;146;128;142m*[0m[48;2;161;140;155m[38;2;161;140;155m+[0m[48;2;160;140;154m[38;2;160;140;154m+[0m[48;2;40;28;37m[38;2;40;28;37m▓[0m[48;2;63;53;61m[38;2;63;53;61m░[0m[48;2;147;133;144m[38;2;147;133;144m*[0m[48;2;42;32;40m[38;2;42;32;40m▓[0m[48;2;49;40;47m[38;2;49;40;47m▒[0m[48;2;52;42;50m[38;2;52;42;50m▒[0m[48;2;33;23;31m[38;2;33;23;31m▓[0m[48;2;96;83;93m[38;2;96;83;93m@[0m[48;2;149;131;144m[38;2;149;131;144m*[0m[48;2;160;140;154m[38;2;160;140;154m+[0m[48;2;160;140;155m[38;2;160;140;155m+[0m[48;2;160;140;155m[38;2;160;140;155m+[0m[48;2;149;131;145m[38;2;149;131;145m*[0m[48;2;74;63;73m[38;2;74;63;73m░[0m[48;2;37;30;41m[38;2;37;30;41m▓[0m[48;2;38;35;46m[38;2;38;35;46m▒[0m[48;2;37;34;46m[38;2;37;34;46m▓[0m[48;2;92;90;93m[38;2;92;90;93m@[0m                                     
                                   [48;2;115;114;114m[38;2;115;114;114m#[0m[48;2;111;101;108m[38;2;111;101;108m%[0m[48;2;15;8;15m[38;2;15;8;15m█[0m[48;2;81;75;82m[38;2;81;75;82m@[0m[48;2;95;87;95m[38;2;95;87;95m@[0m[48;2;28;19;27m[38;2;28;19;27m▓[0m[48;2;28;21;28m[38;2;28;21;28m▓[0m[48;2;50;40;49m[38;2;50;40;49m▒[0m[48;2;118;104;114m[38;2;118;104;114m%[0m[48;2;114;99;109m[38;2;114;99;109m%[0m[48;2;65;53;62m[38;2;65;53;62m░[0m[48;2;25;16;23m[38;2;25;16;23m▓[0m[48;2;36;28;38m[38;2;36;28;38m▓[0m[48;2;60;48;75m[38;2;60;48;75m▒[0m[48;2;24;13;40m[38;2;24;13;40m▓[0m[48;2;78;71;77m[38;2;78;71;77m@[0m[48;2;33;27;31m[38;2;33;27;31m▓[0m[48;2;78;71;76m[38;2;78;71;76m@[0m[48;2;33;26;30m[38;2;33;26;30m▓[0m[48;2;18;13;17m[38;2;18;13;17m█[0m[48;2;32;26;31m[38;2;32;26;31m▓[0m[48;2;54;48;54m[38;2;54;48;54m▒[0m[48;2;50;43;49m[38;2;50;43;49m▒[0m[48;2;75;67;74m[38;2;75;67;74m░[0m[48;2;70;62;70m[38;2;70;62;70m░[0m[48;2;28;22;31m[38;2;28;22;31m▓[0m[48;2;29;23;32m[38;2;29;23;32m▓[0m[48;2;71;67;72m[38;2;71;67;72m░[0m                                     
                                   [48;2;116;116;116m[38;2;116;116;116m#[0m[48;2;102;91;98m[38;2;102;91;98m%[0m[48;2;11;4;9m[38;2;11;4;9m█[0m[48;2;99;94;96m[38;2;99;94;96m%[0m[48;2;39;32;35m[38;2;39;32;35m▓[0m[48;2;42;21;80m[38;2;42;21;80m▓[0m[48;2;51;22;102m[38;2;51;22;102m▒[0m[48;2;29;11;58m[38;2;29;11;58m▓[0m[48;2;134;123;128m[38;2;134;123;128m#[0m[48;2;197;184;185m[38;2;197;184;185m-[0m[48;2;216;204;204m[38;2;216;204;204m:[0m[48;2;134;123;125m[38;2;134;123;125m#[0m[48;2;48;30;80m[38;2;48;30;80m▒[0m[48;2;96;59;166m[38;2;96;59;166m@[0m[48;2;55;26;105m[38;2;55;26;105m▒[0m[48;2;145;136;139m[38;2;145;136;139m*[0m[48;2;172;160;161m[38;2;172;160;161m+[0m[48;2;246;233;231m[38;2;246;233;231m.[0m[48;2;179;167;166m[38;2;179;167;166m=[0m[48;2;63;54;59m[38;2;63;54;59m░[0m[48;2;149;139;147m[38;2;149;139;147m*[0m[48;2;153;141;150m[38;2;153;141;150m*[0m[48;2;86;76;83m[38;2;86;76;83m@[0m[48;2;71;63;69m[38;2;71;63;69m░[0m[48;2;141;130;139m[38;2;141;130;139m*[0m[48;2;151;138;148m[38;2;151;138;148m*[0m[48;2;122;108;120m[38;2;122;108;120m#[0m[48;2;84;71;81m[38;2;84;71;81m@[0m[48;2;76;68;74m[38;2;76;68;74m░[0m[48;2;107;102;106m[38;2;107;102;106m%[0m[48;2;157;155;157m[38;2;157;155;157m+[0m[48;2;234;233;234m[38;2;234;233;234m.[0m                                 
                                   [48;2;179;179;179m[38;2;179;179;179m=[0m[48;2;66;59;64m[38;2;66;59;64m░[0m[48;2;20;12;18m[38;2;20;12;18m█[0m[48;2;159;151;153m[38;2;159;151;153m+[0m[48;2;134;125;126m[38;2;134;125;126m#[0m[48;2;100;80;118m[38;2;100;80;118m@[0m[48;2;175;130;194m[38;2;175;130;194m+[0m[48;2;96;62;112m[38;2;96;62;112m@[0m[48;2;159;149;151m[38;2;159;149;151m+[0m[48;2;249;235;230m[38;2;249;235;230m [0m[48;2;249;235;230m[38;2;249;235;230m [0m[48;2;232;219;215m[38;2;232;219;215m.[0m[48;2;60;46;57m[38;2;60;46;57m▒[0m[48;2;192;153;196m[38;2;192;153;196m=[0m[48;2;93;63;97m[38;2;93;63;97m@[0m[48;2;185;174;174m[38;2;185;174;174m=[0m[48;2;246;228;220m[38;2;246;228;220m.[0m[48;2;245;218;210m[38;2;245;218;210m.[0m[48;2;250;233;228m[38;2;250;233;228m.[0m[48;2;161;148;147m[38;2;161;148;147m+[0m[48;2;70;58;65m[38;2;70;58;65m░[0m[48;2;149;135;146m[38;2;149;135;146m*[0m[48;2;145;130;140m[38;2;145;130;140m*[0m[48;2;135;121;131m[38;2;135;121;131m#[0m[48;2;78;66;75m[38;2;78;66;75m░[0m[48;2;73;61;70m[38;2;73;61;70m░[0m[48;2;98;84;94m[38;2;98;84;94m@[0m[48;2;126;112;122m[38;2;126;112;122m#[0m[48;2;148;133;144m[38;2;148;133;144m*[0m[48;2;157;140;152m[38;2;157;140;152m+[0m[48;2;128;113;124m[38;2;128;113;124m#[0m[48;2;75;67;74m[38;2;75;67;74m░[0m[48;2;114;112;115m[38;2;114;112;115m#[0m[48;2;236;235;236m[38;2;236;235;236m.[0m                               
                                    [48;2;69;65;67m[38;2;69;65;67m░[0m[48;2;42;35;41m[38;2;42;35;41m▒[0m[48;2;176;168;169m[38;2;176;168;169m=[0m[48;2;233;219;218m[38;2;233;219;218m.[0m[48;2;92;78;83m[38;2;92;78;83m@[0m[48;2;120;89;116m[38;2;120;89;116m%[0m[48;2;75;55;70m[38;2;75;55;70m░[0m[48;2;228;216;215m[38;2;228;216;215m.[0m[48;2;201;188;185m[38;2;201;188;185m-[0m[48;2;170;157;152m[38;2;170;157;152m+[0m[48;2;249;234;230m[38;2;249;234;230m [0m[48;2;224;208;205m[38;2;224;208;205m:[0m[48;2;134;120;120m[38;2;134;120;120m#[0m[48;2;165;152;152m[38;2;165;152;152m+[0m[48;2;249;236;230m[38;2;249;236;230m [0m[48;2;239;210;200m[38;2;239;210;200m:[0m[48;2;242;213;204m[38;2;242;213;204m.[0m[48;2;250;234;227m[38;2;250;234;227m [0m[48;2;249;234;231m[38;2;249;234;231m [0m[48;2;84;73;76m[38;2;84;73;76m@[0m[48;2;58;48;55m[38;2;58;48;55m▒[0m[48;2;47;36;44m[38;2;47;36;44m▒[0m[48;2;60;49;56m[38;2;60;49;56m▒[0m[48;2;108;96;106m[38;2;108;96;106m%[0m[48;2;139;128;137m[38;2;139;128;137m*[0m[48;2;127;116;125m[38;2;127;116;125m#[0m[48;2;90;79;88m[38;2;90;79;88m@[0m[48;2;49;40;48m[38;2;49;40;48m▒[0m[48;2;22;14;23m[38;2;22;14;23m█[0m[48;2;45;38;44m[38;2;45;38;44m▒[0m[48;2;117;105;115m[38;2;117;105;115m#[0m[48;2;129;118;127m[38;2;129;118;127m#[0m[48;2;63;56;63m[38;2;63;56;63m░[0m[48;2;192;191;192m[38;2;192;191;192m-[0m                              
                                    [48;2;199;198;199m[38;2;199;198;199m-[0m[48;2;12;9;11m[38;2;12;9;11m█[0m[48;2;14;8;12m[38;2;14;8;12m█[0m[48;2;180;166;165m[38;2;180;166;165m=[0m[48;2;248;233;229m[38;2;248;233;229m.[0m[48;2;226;212;207m[38;2;226;212;207m:[0m[48;2;243;229;224m[38;2;243;229;224m.[0m[48;2;249;235;229m[38;2;249;235;229m [0m[48;2;212;197;191m[38;2;212;197;191m-[0m[48;2;223;208;204m[38;2;223;208;204m:[0m[48;2;250;234;230m[38;2;250;234;230m [0m[48;2;250;234;230m[38;2;250;234;230m [0m[48;2;250;234;229m[38;2;250;234;229m [0m[48;2;250;234;228m[38;2;250;234;228m [0m[48;2;250;235;227m[38;2;250;235;227m [0m[48;2;250;235;226m[38;2;250;235;226m [0m[48;2;251;236;230m[38;2;251;236;230m [0m[48;2;242;227;224m[38;2;242;227;224m.[0m[48;2;116;104;103m[38;2;116;104;103m%[0m[48;2;33;25;28m[38;2;33;25;28m▓[0m[48;2;61;53;60m[38;2;61;53;60m░[0m[48;2;66;58;65m[38;2;66;58;65m░[0m[48;2;158;150;156m[38;2;158;150;156m+[0m[48;2;42;36;39m[38;2;42;36;39m▒[0m[48;2;65;57;64m[38;2;65;57;64m░[0m[48;2;86;74;83m[38;2;86;74;83m@[0m[48;2;92;80;89m[38;2;92;80;89m@[0m[48;2;112;98;109m[38;2;112;98;109m%[0m[48;2;139;123;134m[38;2;139;123;134m*[0m[48;2;158;140;152m[38;2;158;140;152m+[0m[48;2;160;141;154m[38;2;160;141;154m+[0m[48;2;160;141;154m[38;2;160;141;154m+[0m[48;2;153;137;148m[38;2;153;137;148m*[0m[48;2;64;56;64m[38;2;64;56;64m░[0m[48;2;182;180;182m[38;2;182;180;182m=[0m                             
                                    [48;2;226;226;226m[38;2;226;226;226m.[0m[48;2;103;102;103m[38;2;103;102;103m%[0m[48;2;101;98;99m[38;2;101;98;99m%[0m[48;2;225;216;216m[38;2;225;216;216m:[0m[48;2;248;234;230m[38;2;248;234;230m.[0m[48;2;249;235;229m[38;2;249;235;229m [0m[48;2;250;235;229m[38;2;250;235;229m [0m[48;2;250;235;229m[38;2;250;235;229m [0m[48;2;249;234;228m[38;2;249;234;228m [0m[48;2;251;236;230m[38;2;251;236;230m [0m[48;2;249;234;228m[38;2;249;234;228m [0m[48;2;238;223;218m[38;2;238;223;218m.[0m[48;2;216;202;198m[38;2;216;202;198m:[0m[48;2;186;174;170m[38;2;186;174;170m=[0m[48;2;156;145;143m[38;2;156;145;143m+[0m[48;2;119;110;108m[38;2;119;110;108m#[0m[48;2;81;73;73m[38;2;81;73;73m@[0m[48;2;31;25;28m[38;2;31;25;28m▓[0m[48;2;4;2;5m[38;2;4;2;5m█[0m[48;2;69;64;68m[38;2;69;64;68m░[0m[48;2;178;171;176m[38;2;178;171;176m=[0m[48;2;39;31;37m[38;2;39;31;37m▓[0m[48;2;77;72;75m[38;2;77;72;75m@[0m[48;2;95;89;94m[38;2;95;89;94m@[0m[48;2;83;75;82m[38;2;83;75;82m@[0m[48;2;159;142;154m[38;2;159;142;154m+[0m[48;2;161;140;155m[38;2;161;140;155m+[0m[48;2;161;140;155m[38;2;161;140;155m+[0m[48;2;161;140;155m[38;2;161;140;155m+[0m[48;2;161;140;155m[38;2;161;140;155m+[0m[48;2;161;140;155m[38;2;161;140;155m+[0m[48;2;161;140;155m[38;2;161;140;155m+[0m[48;2;160;141;155m[38;2;160;141;155m+[0m[48;2;149;135;146m[38;2;149;135;146m*[0m[48;2;50;43;49m[38;2;50;43;49m▒[0m[48;2;231;229;230m[38;2;231;229;230m.[0m                            
                                      [48;2;189;187;188m[38;2;189;187;188m-[0m[48;2;77;75;75m[38;2;77;75;75m@[0m[48;2;33;29;31m[38;2;33;29;31m▓[0m[48;2;42;37;39m[38;2;42;37;39m▒[0m[48;2;46;42;43m[38;2;46;42;43m▒[0m[48;2;62;59;60m[38;2;62;59;60m░[0m[48;2;49;46;47m[38;2;49;46;47m▒[0m[48;2;81;77;78m[38;2;81;77;78m@[0m[48;2;62;57;57m[38;2;62;57;57m░[0m[48;2;85;80;82m[38;2;85;80;82m@[0m[48;2;13;7;10m[38;2;13;7;10m█[0m[48;2;41;36;39m[38;2;41;36;39m▒[0m[48;2;27;21;26m[38;2;27;21;26m▓[0m[48;2;6;3;8m[38;2;6;3;8m█[0m[48;2;15;11;18m[38;2;15;11;18m█[0m[48;2;18;15;20m[38;2;18;15;20m█[0m[48;2;18;17;22m[38;2;18;17;22m█[0m[48;2;148;146;151m[38;2;148;146;151m+[0m[48;2;233;230;236m[38;2;233;230;236m.[0m[48;2;50;47;53m[38;2;50;47;53m▒[0m[48;2;194;190;195m[38;2;194;190;195m-[0m[48;2;189;185;189m[38;2;189;185;189m-[0m[48;2;41;34;40m[38;2;41;34;40m▒[0m[48;2;159;141;153m[38;2;159;141;153m+[0m[48;2;161;140;155m[38;2;161;140;155m+[0m[48;2;161;140;155m[38;2;161;140;155m+[0m[48;2;161;140;155m[38;2;161;140;155m+[0m[48;2;161;140;155m[38;2;161;140;155m+[0m[48;2;161;140;155m[38;2;161;140;155m+[0m[48;2;161;140;155m[38;2;161;140;155m+[0m[48;2;162;140;155m[38;2;162;140;155m+[0m[48;2;160;141;154m[38;2;160;141;154m+[0m[48;2;97;84;94m[38;2;97;84;94m@[0m[48;2;149;145;148m[38;2;149;145;148m+[0m                            
                                   [48;2;240;240;240m[38;2;240;240;240m [0m[48;2;77;77;78m[38;2;77;77;78m@[0m[48;2;27;27;28m[38;2;27;27;28m▓[0m[48;2;26;24;29m[38;2;26;24;29m▓[0m[48;2;26;24;34m[38;2;26;24;34m▓[0m[48;2;28;25;36m[38;2;28;25;36m▓[0m[48;2;8;5;12m[38;2;8;5;12m█[0m[48;2;26;24;28m[38;2;26;24;28m▓[0m[48;2;32;29;33m[38;2;32;29;33m▓[0m[48;2;48;45;50m[38;2;48;45;50m▒[0m[48;2;26;23;29m[38;2;26;23;29m▓[0m[48;2;155;152;157m[38;2;155;152;157m+[0m[48;2;22;20;23m[38;2;22;20;23m▓[0m[48;2;38;34;38m[38;2;38;34;38m▓[0m[48;2;15;11;16m[38;2;15;11;16m█[0m[48;2;33;27;34m[38;2;33;27;34m▓[0m[48;2;33;27;35m[38;2;33;27;35m▓[0m[48;2;25;21;32m[38;2;25;21;32m▓[0m[48;2;4;2;9m[38;2;4;2;9m█[0m[48;2;13;12;17m[38;2;13;12;17m█[0m[48;2;158;157;160m[38;2;158;157;160m+[0m [48;2;140;137;141m[38;2;140;137;141m*[0m[48;2;111;108;113m[38;2;111;108;113m%[0m[48;2;199;196;202m[38;2;199;196;202m-[0m[48;2;38;33;38m[38;2;38;33;38m▓[0m[48;2;158;140;152m[38;2;158;140;152m+[0m[48;2;161;140;155m[38;2;161;140;155m+[0m[48;2;161;140;155m[38;2;161;140;155m+[0m[48;2;161;140;155m[38;2;161;140;155m+[0m[48;2;161;140;155m[38;2;161;140;155m+[0m[48;2;161;140;155m[38;2;161;140;155m+[0m[48;2;161;140;155m[38;2;161;140;155m+[0m[48;2;161;140;155m[38;2;161;140;155m+[0m[48;2;161;140;155m[38;2;161;140;155m+[0m[48;2;126;108;122m[38;2;126;108;122m#[0m[48;2;107;102;106m[38;2;107;102;106m%[0m                            
                                   [48;2;151;150;151m[38;2;151;150;151m+[0m[48;2;14;11;16m[38;2;14;11;16m█[0m[48;2;79;77;81m[38;2;79;77;81m@[0m[48;2;27;24;35m[38;2;27;24;35m▓[0m[48;2;37;32;50m[38;2;37;32;50m▓[0m[48;2;36;31;48m[38;2;36;31;48m▓[0m[48;2;9;6;17m[38;2;9;6;17m█[0m[48;2;29;25;37m[38;2;29;25;37m▓[0m[48;2;13;9;19m[38;2;13;9;19m█[0m[48;2;42;39;45m[38;2;42;39;45m▒[0m[48;2;10;6;13m[38;2;10;6;13m█[0m[48;2;66;62;67m[38;2;66;62;67m░[0m[48;2;13;10;13m[38;2;13;10;13m█[0m[48;2;17;14;18m[38;2;17;14;18m█[0m[48;2;14;10;14m[38;2;14;10;14m█[0m[48;2;83;76;76m[38;2;83;76;76m@[0m[48;2;137;125;118m[38;2;137;125;118m#[0m[48;2;45;37;49m[38;2;45;37;49m▒[0m[48;2;29;25;40m[38;2;29;25;40m▓[0m[48;2;14;11;20m[38;2;14;11;20m█[0m[48;2;48;46;53m[38;2;48;46;53m▒[0m[48;2;151;148;154m[38;2;151;148;154m+[0m[48;2;179;175;181m[38;2;179;175;181m=[0m[48;2;64;60;66m[38;2;64;60;66m░[0m[48;2;68;64;69m[38;2;68;64;69m░[0m[48;2;70;65;72m[38;2;70;65;72m░[0m[48;2;157;143;153m[38;2;157;143;153m+[0m[48;2;121;105;117m[38;2;121;105;117m#[0m[48;2;144;126;139m[38;2;144;126;139m*[0m[48;2;161;140;155m[38;2;161;140;155m+[0m[48;2;161;140;155m[38;2;161;140;155m+[0m[48;2;161;140;155m[38;2;161;140;155m+[0m[48;2;161;140;155m[38;2;161;140;155m+[0m[48;2;161;140;155m[38;2;161;140;155m+[0m[48;2;161;140;155m[38;2;161;140;155m+[0m[48;2;100;84;96m[38;2;100;84;96m@[0m[48;2;144;140;144m[38;2;144;140;144m*[0m                            
                                    [48;2;166;165;166m[38;2;166;165;166m=[0m[48;2;86;84;87m[38;2;86;84;87m@[0m[48;2;64;61;65m[38;2;64;61;65m░[0m[48;2;28;24;36m[38;2;28;24;36m▓[0m[48;2;30;25;39m[38;2;30;25;39m▓[0m[48;2;14;11;21m[38;2;14;11;21m█[0m[48;2;35;30;46m[38;2;35;30;46m▓[0m[48;2;19;15;29m[38;2;19;15;29m█[0m[48;2;31;27;34m[38;2;31;27;34m▓[0m[48;2;27;21;22m[38;2;27;21;22m▓[0m[48;2;7;0;5m[38;2;7;0;5m█[0m[48;2;23;18;21m[38;2;23;18;21m▓[0m[48;2;88;82;73m[38;2;88;82;73m@[0m[48;2;45;37;34m[38;2;45;37;34m▒[0m[48;2;88;80;79m[38;2;88;80;79m@[0m[48;2;107;96;96m[38;2;107;96;96m%[0m[48;2;43;34;51m[38;2;43;34;51m▒[0m[48;2;37;31;52m[38;2;37;31;52m▓[0m[48;2;37;32;50m[38;2;37;32;50m▓[0m[48;2;31;27;42m[38;2;31;27;42m▓[0m[48;2;15;11;22m[38;2;15;11;22m█[0m[48;2;60;56;65m[38;2;60;56;65m░[0m[48;2;112;107;114m[38;2;112;107;114m%[0m[48;2;130;124;131m[38;2;130;124;131m#[0m[48;2;99;92;99m[38;2;99;92;99m%[0m[48;2;44;36;42m[38;2;44;36;42m▒[0m[48;2;39;29;36m[38;2;39;29;36m▓[0m[48;2;145;130;141m[38;2;145;130;141m*[0m[48;2;161;140;155m[38;2;161;140;155m+[0m[48;2;161;140;155m[38;2;161;140;155m+[0m[48;2;161;140;155m[38;2;161;140;155m+[0m[48;2;160;140;155m[38;2;160;140;155m+[0m[48;2;161;140;155m[38;2;161;140;155m+[0m[48;2;139;121;135m[38;2;139;121;135m#[0m[48;2;63;53;62m[38;2;63;53;62m░[0m[48;2;238;236;238m[38;2;238;236;238m.[0m                            
                                     [48;2;140;139;140m[38;2;140;139;140m*[0m[48;2;109;107;109m[38;2;109;107;109m%[0m[48;2;75;72;77m[38;2;75;72;77m@[0m[48;2;9;6;13m[38;2;9;6;13m█[0m[48;2;24;20;32m[38;2;24;20;32m▓[0m[48;2;36;31;49m[38;2;36;31;49m▓[0m[48;2;34;29;46m[38;2;34;29;46m▓[0m[48;2;26;21;28m[38;2;26;21;28m▓[0m[48;2;124;117;100m[38;2;124;117;100m#[0m[48;2;135;122;101m[38;2;135;122;101m#[0m[48;2;158;144;115m[38;2;158;144;115m*[0m[48;2;147;133;108m[38;2;147;133;108m*[0m[48;2;31;23;22m[38;2;31;23;22m▓[0m[48;2;33;27;38m[38;2;33;27;38m▓[0m[48;2;37;29;47m[38;2;37;29;47m▓[0m[48;2;34;27;48m[38;2;34;27;48m▓[0m[48;2;31;26;45m[38;2;31;26;45m▓[0m[48;2;35;30;49m[38;2;35;30;49m▓[0m[48;2;37;32;50m[38;2;37;32;50m▓[0m[48;2;36;31;49m[38;2;36;31;49m▓[0m[48;2;28;23;40m[38;2;28;23;40m▓[0m[48;2;20;16;27m[38;2;20;16;27m▓[0m[48;2;13;9;16m[38;2;13;9;16m█[0m[48;2;24;21;26m[38;2;24;21;26m▓[0m[48;2;77;72;79m[38;2;77;72;79m@[0m[48;2;152;139;150m[38;2;152;139;150m*[0m[48;2;160;142;155m[38;2;160;142;155m+[0m[48;2;160;141;155m[38;2;160;141;155m+[0m[48;2;161;140;155m[38;2;161;140;155m+[0m[48;2;160;140;154m[38;2;160;140;154m+[0m[48;2;131;117;127m[38;2;131;117;127m#[0m[48;2;82;71;79m[38;2;82;71;79m@[0m[48;2;104;96;103m[38;2;104;96;103m%[0m[48;2;227;224;228m[38;2;227;224;228m.[0m                             
                                      [48;2;180;180;180m[38;2;180;180;180m=[0m[48;2;158;156;159m[38;2;158;156;159m+[0m[48;2;43;40;46m[38;2;43;40;46m▒[0m[48;2;30;26;37m[38;2;30;26;37m▓[0m[48;2;18;14;27m[38;2;18;14;27m█[0m[48;2;27;23;33m[38;2;27;23;33m▓[0m[48;2;5;2;7m[38;2;5;2;7m█[0m[48;2;11;6;18m[38;2;11;6;18m█[0m[48;2;24;17;42m[38;2;24;17;42m▓[0m[48;2;27;20;25m[38;2;27;20;25m▓[0m[48;2;10;5;10m[38;2;10;5;10m█[0m[48;2;14;10;15m[38;2;14;10;15m█[0m[48;2;23;21;26m[38;2;23;21;26m▓[0m[48;2;20;19;24m[38;2;20;19;24m▓[0m[48;2;5;4;9m[38;2;5;4;9m█[0m[48;2;8;6;12m[38;2;8;6;12m█[0m[48;2;6;3;10m[38;2;6;3;10m█[0m[48;2;6;4;11m[38;2;6;4;11m█[0m[48;2;13;11;17m[38;2;13;11;17m█[0m[48;2;11;8;14m[38;2;11;8;14m█[0m[48;2;13;10;17m[38;2;13;10;17m█[0m[48;2;9;6;14m[38;2;9;6;14m█[0m[48;2;20;16;28m[38;2;20;16;28m▓[0m[48;2;26;20;32m[38;2;26;20;32m▓[0m[48;2;59;51;62m[38;2;59;51;62m▒[0m[48;2;113;101;113m[38;2;113;101;113m%[0m[48;2;117;102;115m[38;2;117;102;115m%[0m[48;2;77;63;75m[38;2;77;63;75m░[0m[48;2;95;87;95m[38;2;95;87;95m@[0m[48;2;145;141;146m[38;2;145;141;146m*[0m[48;2;229;226;230m[38;2;229;226;230m.[0m                               
                                        [48;2;15;14;17m[38;2;15;14;17m█[0m[48;2;17;15;21m[38;2;17;15;21m█[0m[48;2;40;39;44m[38;2;40;39;44m▒[0m[48;2;32;29;37m[38;2;32;29;37m▓[0m[48;2;15;11;18m[38;2;15;11;18m█[0m[48;2;51;48;54m[38;2;51;48;54m▒[0m[48;2;19;16;30m[38;2;19;16;30m▓[0m[48;2;15;12;22m[38;2;15;12;22m█[0m[48;2;14;8;26m[38;2;14;8;26m█[0m[48;2;65;48;120m[38;2;65;48;120m░[0m[48;2;36;26;57m[38;2;36;26;57m▓[0m[48;2;12;11;15m[38;2;12;11;15m█[0m[48;2;34;31;37m[38;2;34;31;37m▓[0m[48;2;45;42;49m[38;2;45;42;49m▒[0m[48;2;47;44;51m[38;2;47;44;51m▒[0m[48;2;51;47;55m[38;2;51;47;55m▒[0m[48;2;51;48;56m[38;2;51;48;56m▒[0m[48;2;27;23;33m[38;2;27;23;33m▓[0m[48;2;20;16;29m[38;2;20;16;29m▓[0m[48;2;31;26;42m[38;2;31;26;42m▓[0m[48;2;37;31;52m[38;2;37;31;52m▓[0m[48;2;37;31;52m[38;2;37;31;52m▓[0m[48;2;36;30;50m[38;2;36;30;50m▓[0m[48;2;27;21;39m[38;2;27;21;39m▓[0m[48;2;16;10;24m[38;2;16;10;24m█[0m[48;2;109;105;112m[38;2;109;105;112m%[0m[48;2;237;235;238m[38;2;237;235;238m.[0m                                 
                                       [48;2;181;181;181m[38;2;181;181;181m=[0m[48;2;13;12;16m[38;2;13;12;16m█[0m[48;2;30;28;34m[38;2;30;28;34m▓[0m[48;2;23;20;31m[38;2;23;20;31m▓[0m[48;2;31;26;44m[38;2;31;26;44m▓[0m[48;2;74;72;78m[38;2;74;72;78m@[0m[48;2;155;152;159m[38;2;155;152;159m+[0m[48;2;45;32;90m[38;2;45;32;90m▒[0m[48;2;63;48;112m[38;2;63;48;112m░[0m[48;2;19;9;48m[38;2;19;9;48m█[0m[48;2;44;32;75m[38;2;44;32;75m▒[0m[48;2;26;19;40m[38;2;26;19;40m▓[0m[48;2;82;80;86m[38;2;82;80;86m@[0m[48;2;99;96;102m[38;2;99;96;102m%[0m[48;2;28;24;36m[38;2;28;24;36m▓[0m[48;2;31;26;43m[38;2;31;26;43m▓[0m[48;2;37;32;51m[38;2;37;32;51m▓[0m[48;2;37;31;52m[38;2;37;31;52m▓[0m[48;2;37;31;52m[38;2;37;31;52m▓[0m[48;2;37;31;52m[38;2;37;31;52m▓[0m[48;2;37;31;52m[38;2;37;31;52m▓[0m[48;2;37;31;52m[38;2;37;31;52m▓[0m[48;2;37;31;52m[38;2;37;31;52m▓[0m[48;2;37;31;52m[38;2;37;31;52m▓[0m[48;2;37;31;52m[38;2;37;31;52m▓[0m[48;2;37;31;52m[38;2;37;31;52m▓[0m[48;2;31;25;43m[38;2;31;25;43m▓[0m[48;2;32;29;38m[38;2;32;29;38m▓[0m[48;2;140;139;143m[38;2;140;139;143m*[0m                                
                                       [48;2;76;75;77m[38;2;76;75;77m@[0m[48;2;8;7;11m[38;2;8;7;11m█[0m[48;2;32;27;43m[38;2;32;27;43m▓[0m[48;2;37;31;52m[38;2;37;31;52m▓[0m[48;2;27;21;40m[38;2;27;21;40m▓[0m[48;2;118;115;122m[38;2;118;115;122m#[0m[48;2;237;234;238m[38;2;237;234;238m.[0m[48;2;85;80;90m[38;2;85;80;90m@[0m[48;2;71;64;80m[38;2;71;64;80m░[0m[48;2;20;11;48m[38;2;20;11;48m█[0m[48;2;64;48;115m[38;2;64;48;115m░[0m[48;2;29;21;44m[38;2;29;21;44m▓[0m[48;2;162;159;164m[38;2;162;159;164m+[0m [48;2;225;224;227m[38;2;225;224;227m.[0m[48;2;134;132;137m[38;2;134;132;137m*[0m[48;2;49;46;55m[38;2;49;46;55m▒[0m[48;2;24;20;34m[38;2;24;20;34m▓[0m[48;2;35;30;47m[38;2;35;30;47m▓[0m[48;2;37;31;51m[38;2;37;31;51m▓[0m[48;2;37;31;52m[38;2;37;31;52m▓[0m[48;2;37;31;52m[38;2;37;31;52m▓[0m[48;2;37;31;52m[38;2;37;31;52m▓[0m[48;2;37;31;52m[38;2;37;31;52m▓[0m[48;2;37;31;52m[38;2;37;31;52m▓[0m[48;2;37;31;52m[38;2;37;31;52m▓[0m[48;2;37;31;52m[38;2;37;31;52m▓[0m[48;2;37;31;52m[38;2;37;31;52m▓[0m[48;2;28;23;40m[38;2;28;23;40m▓[0m[48;2;47;45;54m[38;2;47;45;54m▒[0m[48;2;199;198;201m[38;2;199;198;201m-[0m                              
                                       [48;2;137;137;138m[38;2;137;137;138m*[0m[48;2;21;19;28m[38;2;21;19;28m▓[0m[48;2;37;31;53m[38;2;37;31;53m▓[0m[48;2;37;31;52m[38;2;37;31;52m▓[0m[48;2;25;20;38m[38;2;25;20;38m▓[0m[48;2;135;132;139m[38;2;135;132;139m*[0m   [48;2;177;176;179m[38;2;177;176;179m=[0m[48;2;86;83;92m[38;2;86;83;92m@[0m[48;2;92;89;96m[38;2;92;89;96m@[0m[48;2;235;233;236m[38;2;235;233;236m.[0m    [48;2;159;158;163m[38;2;159;158;163m+[0m[48;2;32;30;36m[38;2;32;30;36m▓[0m[48;2;51;48;57m[38;2;51;48;57m▒[0m[48;2;21;17;30m[38;2;21;17;30m▓[0m[48;2;30;24;43m[38;2;30;24;43m▓[0m[48;2;37;31;52m[38;2;37;31;52m▓[0m[48;2;37;31;52m[38;2;37;31;52m▓[0m[48;2;37;31;52m[38;2;37;31;52m▓[0m[48;2;37;31;52m[38;2;37;31;52m▓[0m[48;2;37;31;52m[38;2;37;31;52m▓[0m[48;2;37;31;52m[38;2;37;31;52m▓[0m[48;2;37;31;52m[38;2;37;31;52m▓[0m[48;2;36;31;48m[38;2;36;31;48m▓[0m[48;2;23;20;30m[38;2;23;20;30m▓[0m[48;2;188;188;188m[38;2;188;188;188m-[0m                             