                                                                                                              
                                                                                                              
                                                                                                              
                                                                                                              
                                                                                                              
                                                                                                              
                                                                                                              
                                                                                                              
                                                                                                              
                                                                                                              
                                                                                                              
                                                                                                              
                                                                                                              
                                                [48;2;240;240;240m[38;2;240;240;240m [0m[48;2;184;184;185m[38;2;184;184;185m-[0m[48;2;135;134;136m[38;2;135;134;136m*[0m[48;2;98;97;100m[38;2;98;97;100m%[0m[48;2;70;69;74m[38;2;70;69;74m░[0m[48;2;53;52;57m[38;2;53;52;57m▒[0m[48;2;44;42;48m[38;2;44;42;48m▒[0m[48;2;40;38;44m[38;2;40;38;44m▒[0m[48;2;45;44;50m[38;2;45;44;50m▒[0m[48;2;59;58;63m[38;2;59;58;63m░[0m[48;2;82;81;87m[38;2;82;81;87m@[0m[48;2;129;128;132m[38;2;129;128;132m*[0m[48;2;194;193;195m[38;2;194;193;195m-[0m                                                 
                                             [48;2;240;240;241m[38;2;240;240;241m [0m[48;2;161;161;163m[38;2;161;161;163m+[0m[48;2;75;73;79m[38;2;75;73;79m@[0m[48;2;26;24;33m[38;2;26;24;33m▓[0m[48;2;29;27;38m[38;2;29;27;38m▓[0m[48;2;38;36;49m[38;2;38;36;49m▒[0m[48;2;44;42;58m[38;2;44;42;58m▒[0m[48;2;45;43;60m[38;2;45;43;60m▒[0m[48;2;44;43;60m[38;2;44;43;60m▒[0m[48;2;43;43;59m[38;2;43;43;59m▒[0m[48;2;42;42;59m[38;2;42;42;59m▒[0m[48;2;42;42;59m[38;2;42;42;59m▒[0m[48;2;42;42;59m[38;2;42;42;59m▒[0m[48;2;41;42;58m[38;2;41;42;58m▒[0m[48;2;37;37;53m[38;2;37;37;53m▒[0m[48;2;25;24;40m[38;2;25;24;40m▓[0m[48;2;42;40;51m[38;2;42;40;51m▒[0m[48;2;142;140;146m[38;2;142;140;146m*[0m                                               
                                            [48;2;149;149;151m[38;2;149;149;151m+[0m[48;2;34;33;37m[38;2;34;33;37m▓[0m[48;2;30;28;39m[38;2;30;28;39m▓[0m[48;2;44;42;56m[38;2;44;42;56m▒[0m[48;2;60;58;72m[38;2;60;58;72m░[0m[48;2;56;54;67m[38;2;56;54;67m░[0m[48;2;31;28;40m[38;2;31;28;40m▓[0m[48;2;29;26;38m[38;2;29;26;38m▓[0m[48;2;47;44;55m[38;2;47;44;55m▒[0m[48;2;34;32;43m[38;2;34;32;43m▓[0m[48;2;34;32;44m[38;2;34;32;44m▓[0m[48;2;37;37;52m[38;2;37;37;52m▒[0m[48;2;41;43;58m[38;2;41;43;58m▒[0m[48;2;41;43;59m[38;2;41;43;59m▒[0m[48;2;41;43;59m[38;2;41;43;59m▒[0m[48;2;41;43;59m[38;2;41;43;59m▒[0m[48;2;41;42;60m[38;2;41;42;60m▒[0m[48;2;42;42;58m[38;2;42;42;58m▒[0m[48;2;27;26;40m[38;2;27;26;40m▓[0m[48;2;52;50;59m[38;2;52;50;59m▒[0m[48;2;206;205;207m[38;2;206;205;207m:[0m                                             
                                           [48;2;81;80;83m[38;2;81;80;83m@[0m[48;2;20;19;25m[38;2;20;19;25m▓[0m[48;2;25;22;32m[38;2;25;22;32m▓[0m[48;2;34;29;40m[38;2;34;29;40m▓[0m[48;2;53;47;58m[38;2;53;47;58m▒[0m[48;2;67;59;69m[38;2;67;59;69m░[0m[48;2;84;74;84m[38;2;84;74;84m@[0m[48;2;98;87;96m[38;2;98;87;96m@[0m[48;2;123;110;119m[38;2;123;110;119m#[0m[48;2;137;120;131m[38;2;137;120;131m#[0m[48;2;127;110;121m[38;2;127;110;121m#[0m[48;2;109;92;106m[38;2;109;92;106m%[0m[48;2;80;66;78m[38;2;80;66;78m░[0m[48;2;47;37;49m[38;2;47;37;49m▒[0m[48;2;27;21;34m[38;2;27;21;34m▓[0m[48;2;36;33;48m[38;2;36;33;48m▓[0m[48;2;43;43;58m[38;2;43;43;58m▒[0m[48;2;42;43;59m[38;2;42;43;59m▒[0m[48;2;42;43;59m[38;2;42;43;59m▒[0m[48;2;43;42;59m[38;2;43;42;59m▒[0m[48;2;41;38;53m[38;2;41;38;53m▒[0m[48;2;23;21;29m[38;2;23;21;29m▓[0m[48;2;153;153;155m[38;2;153;153;155m+[0m                                            
                                          [48;2;125;124;126m[38;2;125;124;126m#[0m[48;2;19;13;18m[38;2;19;13;18m█[0m[48;2;78;70;78m[38;2;78;70;78m@[0m[48;2;79;69;78m[38;2;79;69;78m░[0m[48;2;62;51;60m[38;2;62;51;60m░[0m[48;2;75;63;72m[38;2;75;63;72m░[0m[48;2;121;106;117m[38;2;121;106;117m#[0m[48;2;152;134;147m[38;2;152;134;147m*[0m[48;2;98;82;93m[38;2;98;82;93m@[0m[48;2;81;65;75m[38;2;81;65;75m░[0m[48;2;65;48;58m[38;2;65;48;58m▒[0m[48;2;140;121;134m[38;2;140;121;134m*[0m[48;2;160;141;155m[38;2;160;141;155m+[0m[48;2;161;140;155m[38;2;161;140;155m+[0m[48;2;161;140;155m[38;2;161;140;155m+[0m[48;2;146;126;141m[38;2;146;126;141m*[0m[48;2;93;77;89m[38;2;93;77;89m@[0m[48;2;43;32;44m[38;2;43;32;44m▒[0m[48;2;53;47;58m[38;2;53;47;58m▒[0m[48;2;33;27;41m[38;2;33;27;41m▓[0m[48;2;27;22;37m[38;2;27;22;37m▓[0m[48;2;21;15;30m[38;2;21;15;30m▓[0m[48;2;29;22;45m[38;2;29;22;45m▓[0m[48;2;9;6;12m[38;2;9;6;12m█[0m[48;2;136;135;137m[38;2;136;135;137m*[0m                                           
                                         [48;2;123;119;122m[38;2;123;119;122m#[0m[48;2;63;56;63m[38;2;63;56;63m░[0m[48;2;147;133;144m[38;2;147;133;144m*[0m[48;2;160;140;155m[38;2;160;140;155m+[0m[48;2;152;134;148m[38;2;152;134;148m*[0m[48;2;157;138;152m[38;2;157;138;152m*[0m[48;2;158;137;152m[38;2;158;137;152m*[0m[48;2;160;139;154m[38;2;160;139;154m+[0m[48;2;161;140;155m[38;2;161;140;155m+[0m[48;2;161;140;155m[38;2;161;140;155m+[0m[48;2;157;137;151m[38;2;157;137;151m*[0m[48;2;100;84;95m[38;2;100;84;95m@[0m[48;2;100;85;96m[38;2;100;85;96m@[0m[48;2;153;135;148m[38;2;153;135;148m*[0m[48;2;161;140;155m[38;2;161;140;155m+[0m[48;2;161;140;155m[38;2;161;140;155m+[0m[48;2;161;140;155m[38;2;161;140;155m+[0m[48;2;161;140;155m[38;2;161;140;155m+[0m[48;2;152;133;147m[38;2;152;133;147m*[0m[48;2;73;61;72m[38;2;73;61;72m░[0m[48;2;44;34;56m[38;2;44;34;56m▒[0m[48;2;90;70;138m[38;2;90;70;138m@[0m[48;2;45;30;73m[38;2;45;30;73m▒[0m[48;2;72;53;111m[38;2;72;53;111m░[0m[48;2;7;2;8m[38;2;7;2;8m█[0m[48;2;6;3;7m[38;2;6;3;7m█[0m[48;2;172;170;172m[38;2;172;170;172m=[0m                                          
                                        [48;2;111;109;111m[38;2;111;109;111m#[0m[48;2;83;74;81m[38;2;83;74;81m@[0m[48;2;156;142;153m[38;2;156;142;153m+[0m[48;2;160;141;155m[38;2;160;141;155m+[0m[48;2;161;140;155m[38;2;161;140;155m+[0m[48;2;161;140;155m[38;2;161;140;155m+[0m[48;2;161;140;155m[38;2;161;140;155m+[0m[48;2;161;140;155m[38;2;161;140;155m+[0m[48;2;162;141;156m[38;2;162;141;156m+[0m[48;2;114;94;108m[38;2;114;94;108m%[0m[48;2;131;112;126m[38;2;131;112;126m#[0m[48;2;145;126;140m[38;2;145;126;140m*[0m[48;2;39;27;36m[38;2;39;27;36m▓[0m[48;2;109;94;106m[38;2;109;94;106m%[0m[48;2;63;50;59m[38;2;63;50;59m░[0m[48;2;157;139;152m[38;2;157;139;152m*[0m[48;2;161;140;155m[38;2;161;140;155m+[0m[48;2;161;140;155m[38;2;161;140;155m+[0m[48;2;161;140;155m[38;2;161;140;155m+[0m[48;2;161;140;155m[38;2;161;140;155m+[0m[48;2;160;140;155m[38;2;160;140;155m+[0m[48;2;96;82;94m[38;2;96;82;94m@[0m[48;2;37;22;47m[38;2;37;22;47m▓[0m[48;2;109;84;161m[38;2;109;84;161m%[0m[48;2;55;35;87m[38;2;55;35;87m▒[0m[48;2;50;37;74m[38;2;50;37;74m▒[0m[48;2;14;8;17m[38;2;14;8;17m█[0m[48;2;31;28;34m[38;2;31;28;34m▓[0m[48;2;233;233;234m[38;2;233;233;234m.[0m                                         
                                       [48;2;186;185;186m[38;2;186;185;186m-[0m[48;2;53;46;51m[38;2;53;46;51m▒[0m[48;2;101;88;99m[38;2;101;88;99m%[0m[48;2;93;78;90m[38;2;93;78;90m@[0m[48;2;84;69;81m[38;2;84;69;81m@[0m[48;2;162;141;156m[38;2;162;141;156m+[0m[48;2;162;141;156m[38;2;162;141;156m+[0m[48;2;161;140;155m[38;2;161;140;155m+[0m[48;2;161;140;155m[38;2;161;140;155m+[0m[48;2;161;140;155m[38;2;161;140;155m+[0m[48;2;76;60;73m[38;2;76;60;73m░[0m[48;2;96;83;95m[38;2;96;83;95m@[0m[48;2;154;139;152m[38;2;154;139;152m*[0m[48;2;49;38;48m[38;2;49;38;48m▒[0m[48;2;83;71;81m[38;2;83;71;81m@[0m[48;2;78;66;76m[38;2;78;66;76m░[0m[48;2;72;57;67m[38;2;72;57;67m░[0m[48;2;153;134;148m[38;2;153;134;148m*[0m[48;2;161;140;155m[38;2;161;140;155m+[0m[48;2;161;140;155m[38;2;161;140;155m+[0m[48;2;161;140;155m[38;2;161;140;155m+[0m[48;2;161;140;155m[38;2;161;140;155m+[0m[48;2;160;139;154m[38;2;160;139;154m+[0m[48;2;100;85;97m[38;2;100;85;97m@[0m[48;2;46;30;55m[38;2;46;30;55m▒[0m[48;2;12;4;18m[38;2;12;4;18m█[0m[48;2;9;6;13m[38;2;9;6;13m█[0m[48;2;31;28;39m[38;2;31;28;39m▓[0m[48;2;26;23;34m[38;2;26;23;34m▓[0m[48;2;126;125;130m[38;2;126;125;130m#[0m                                         
                                       [48;2;72;69;70m[38;2;72;69;70m░[0m[48;2;118;107;114m[38;2;118;107;114m#[0m[48;2;22;13;21m[38;2;22;13;21m█[0m[48;2;32;25;33m[38;2;32;25;33m▓[0m[48;2;101;91;102m[38;2;101;91;102m%[0m[48;2;111;95;108m[38;2;111;95;108m%[0m[48;2;152;133;147m[38;2;152;133;147m*[0m[48;2;152;132;147m[38;2;152;132;147m*[0m[48;2;161;140;155m[38;2;161;140;155m+[0m[48;2;160;141;155m[38;2;160;141;155m+[0m[48;2;107;92;105m[38;2;107;92;105m%[0m[48;2;17;10;16m[38;2;17;10;16m█[0m[48;2;125;113;123m[38;2;125;113;123m#[0m[48;2;131;118;129m[38;2;131;118;129m#[0m[48;2;16;7;14m[38;2;16;7;14m█[0m[48;2;47;38;46m[38;2;47;38;46m▒[0m[48;2;56;48;55m[38;2;56;48;55m▒[0m[48;2;41;32;39m[38;2;41;32;39m▓[0m[48;2;105;91;101m[38;2;105;91;101m%[0m[48;2;155;137;150m[38;2;155;137;150m*[0m[48;2;160;141;155m[38;2;160;141;155m+[0m[48;2;161;140;155m[38;2;161;140;155m+[0m[48;2;160;140;155m[38;2;160;140;155m+[0m[48;2;158;140;153m[38;2;158;140;153m+[0m[48;2;125;108;121m[38;2;125;108;121m#[0m[48;2;45;34;44m[38;2;45;34;44m▒[0m[48;2;40;35;43m[38;2;40;35;43m▒[0m[48;2;41;39;50m[38;2;41;39;50m▒[0m[48;2;42;40;51m[38;2;42;40;51m▒[0m[48;2;38;37;42m[38;2;38;37;42m▒[0m                                         
                                       [48;2;33;29;32m[38;2;33;29;32m▓[0m[48;2;117;105;115m[38;2;117;105;115m#[0m[48;2;8;4;10m[38;2;8;4;10m█[0m[48;2;46;40;47m[38;2;46;40;47m▒[0m[48;2;109;101;109m[38;2;109;101;109m%[0m[48;2;19;11;19m[38;2;19;11;19m█[0m[48;2;26;18;26m[38;2;26;18;26m▓[0m[48;2;44;32;42m[38;2;44;32;42m▒[0m[48;2;152;135;148m[38;2;152;135;148m*[0m[48;2;158;139;153m[38;2;158;139;153m*[0m[48;2;143;129;141m[38;2;143;129;141m*[0m[48;2;23;17;22m[38;2;23;17;22m▓[0m[48;2;34;26;31m[38;2;34;26;31m▓[0m[48;2;85;76;84m[38;2;85;76;84m@[0m[48;2;61;54;63m[38;2;61;54;63m░[0m[48;2;40;33;42m[38;2;40;33;42m▓[0m[48;2;41;34;39m[38;2;41;34;39m▒[0m[48;2;18;12;16m[38;2;18;12;16m█[0m[48;2;21;14;19m[38;2;21;14;19m█[0m[48;2;20;12;18m[38;2;20;12;18m█[0m[48;2;52;44;50m[38;2;52;44;50m▒[0m[48;2;53;44;51m[38;2;53;44;51m▒[0m[48;2;75;65;74m[38;2;75;65;74m░[0m[48;2;80;69;78m[38;2;80;69;78m@[0m[48;2;80;69;78m[38;2;80;69;78m@[0m[48;2;69;59;68m[38;2;69;59;68m░[0m[48;2;32;25;33m[38;2;32;25;33m▓[0m[48;2;18;12;23m[38;2;18;12;23m█[0m[48;2;41;36;47m[38;2;41;36;47m▒[0m[48;2;15;13;18m[38;2;15;13;18m█[0m                                         
                                      [48;2;237;237;237m[38;2;237;237;237m.[0m[48;2;31;28;31m[38;2;31;28;31m▓[0m[48;2;98;87;96m[38;2;98;87;96m@[0m[48;2;27;22;28m[38;2;27;22;28m▓[0m[48;2;60;56;60m[38;2;60;56;60m░[0m[48;2;39;32;38m[38;2;39;32;38m▓[0m[48;2;32;18;45m[38;2;32;18;45m▓[0m[48;2;39;24;60m[38;2;39;24;60m▓[0m[48;2;18;5;36m[38;2;18;5;36m█[0m[48;2;51;40;49m[38;2;51;40;49m▒[0m[48;2;111;98;105m[38;2;111;98;105m%[0m[48;2;120;109;113m[38;2;120;109;113m#[0m[48;2;136;127;129m[38;2;136;127;129m*[0m[48;2;29;23;27m[38;2;29;23;27m▓[0m[48;2;48;28;97m[38;2;48;28;97m▒[0m[48;2;66;33;136m[38;2;66;33;136m▒[0m[48;2;44;18;94m[38;2;44;18;94m▓[0m[48;2;144;133;140m[38;2;144;133;140m*[0m[48;2;117;107;110m[38;2;117;107;110m#[0m[48;2;206;195;194m[38;2;206;195;194m-[0m[48;2;201;189;189m[38;2;201;189;189m-[0m[48;2;26;17;19m[38;2;26;17;19m▓[0m[48;2;102;92;98m[38;2;102;92;98m%[0m[48;2;104;93;100m[38;2;104;93;100m%[0m[48;2;108;96;104m[38;2;108;96;104m%[0m[48;2;43;31;39m[38;2;43;31;39m▓[0m[48;2;130;118;128m[38;2;130;118;128m#[0m[48;2;156;143;153m[38;2;156;143;153m+[0m[48;2;121;107;120m[38;2;121;107;120m#[0m[48;2;76;64;76m[38;2;76;64;76m░[0m[48;2;43;32;43m[38;2;43;32;43m▓[0m[48;2;92;84;91m[38;2;92;84;91m@[0m[48;2;157;154;157m[38;2;157;154;157m+[0m[48;2;217;215;217m[38;2;217;215;217m:[0m                                      
                                       [48;2;42;39;42m[38;2;42;39;42m▒[0m[48;2;88;77;86m[38;2;88;77;86m@[0m[48;2;12;7;12m[38;2;12;7;12m█[0m[48;2;198;193;193m[38;2;198;193;193m-[0m[48;2;77;70;71m[38;2;77;70;71m░[0m[48;2;78;56;123m[38;2;78;56;123m░[0m[48;2;110;70;167m[38;2;110;70;167m%[0m[48;2;83;45;134m[38;2;83;45;134m░[0m[48;2;81;70;75m[38;2;81;70;75m@[0m[48;2;249;234;231m[38;2;249;234;231m [0m[48;2;250;234;228m[38;2;250;234;228m [0m[48;2;251;237;231m[38;2;251;237;231m [0m[48;2;122;110;108m[38;2;122;110;108m#[0m[48;2;86;69;100m[38;2;86;69;100m@[0m[48;2;169;127;195m[38;2;169;127;195m+[0m[48;2;84;53;107m[38;2;84;53;107m░[0m[48;2;143;132;135m[38;2;143;132;135m*[0m[48;2;250;236;232m[38;2;250;236;232m [0m[48;2;248;232;227m[38;2;248;232;227m.[0m[48;2;249;233;231m[38;2;249;233;231m.[0m[48;2;146;135;135m[38;2;146;135;135m*[0m[48;2;64;53;59m[38;2;64;53;59m░[0m[48;2;150;137;146m[38;2;150;137;146m*[0m[48;2;155;141;150m[38;2;155;141;150m*[0m[48;2;137;124;132m[38;2;137;124;132m*[0m[48;2;67;55;62m[38;2;67;55;62m░[0m[48;2;72;59;68m[38;2;72;59;68m░[0m[48;2;124;109;121m[38;2;124;109;121m#[0m[48;2;154;138;151m[38;2;154;138;151m*[0m[48;2;157;139;153m[38;2;157;139;153m*[0m[48;2;146;128;142m[38;2;146;128;142m*[0m[48;2;122;107;119m[38;2;122;107;119m#[0m[48;2;85;73;83m[38;2;85;73;83m@[0m[48;2;72;64;72m[38;2;72;64;72m░[0m[48;2;144;140;143m[38;2;144;140;143m*[0m                                    
                                       [48;2;126;125;126m[38;2;126;125;126m#[0m[48;2;65;56;64m[38;2;65;56;64m░[0m[48;2;45;39;43m[38;2;45;39;43m▒[0m[48;2;214;205;206m[38;2;214;205;206m:[0m[48;2;187;174;174m[38;2;187;174;174m=[0m[48;2;68;52;67m[38;2;68;52;67m░[0m[48;2;216;167;216m[38;2;216;167;216m-[0m[48;2;153;109;157m[38;2;153;109;157m#[0m[48;2;103;90;92m[38;2;103;90;92m%[0m[48;2;252;236;231m[38;2;252;236;231m [0m[48;2;250;234;229m[38;2;250;234;229m [0m[48;2;252;236;230m[38;2;252;236;230m [0m[48;2;239;223;219m[38;2;239;223;219m.[0m[48;2;79;66;71m[38;2;79;66;71m░[0m[48;2;109;86;106m[38;2;109;86;106m%[0m[48;2;63;46;60m[38;2;63;46;60m▒[0m[48;2;226;214;211m[38;2;226;214;211m:[0m[48;2;242;216;208m[38;2;242;216;208m.[0m[48;2;235;192;179m[38;2;235;192;179m:[0m[48;2;249;226;216m[38;2;249;226;216m.[0m[48;2;249;235;229m[38;2;249;235;229m [0m[48;2;171;160;161m[38;2;171;160;161m+[0m[48;2;51;41;46m[38;2;51;41;46m▒[0m[48;2;130;116;125m[38;2;130;116;125m#[0m[48;2;85;72;79m[38;2;85;72;79m@[0m[48;2;145;131;140m[38;2;145;131;140m*[0m[48;2;141;128;137m[38;2;141;128;137m*[0m[48;2;93;81;91m[38;2;93;81;91m@[0m[48;2;67;56;65m[38;2;67;56;65m░[0m[48;2;68;57;67m[38;2;68;57;67m░[0m[48;2;76;64;74m[38;2;76;64;74m░[0m[48;2;94;82;92m[38;2;94;82;92m@[0m[48;2;106;94;105m[38;2;106;94;105m%[0m[48;2;124;110;121m[38;2;124;110;121m#[0m[48;2;107;96;105m[38;2;107;96;105m%[0m[48;2;57;51;55m[38;2;57;51;55m▒[0m[48;2;174;173;173m[38;2;174;173;173m=[0m                                  
                                       [48;2;238;237;237m[38;2;238;237;237m.[0m[48;2;56;51;55m[38;2;56;51;55m▒[0m[48;2;33;26;32m[38;2;33;26;32m▓[0m[48;2;132;122;124m[38;2;132;122;124m#[0m[48;2;239;218;217m[38;2;239;218;217m.[0m[48;2;171;153;155m[38;2;171;153;155m+[0m[48;2;97;79;88m[38;2;97;79;88m@[0m[48;2;104;86;97m[38;2;104;86;97m%[0m[48;2;224;210;209m[38;2;224;210;209m:[0m[48;2;213;197;193m[38;2;213;197;193m:[0m[48;2;112;96;93m[38;2;112;96;93m%[0m[48;2;189;173;169m[38;2;189;173;169m=[0m[48;2;251;235;229m[38;2;251;235;229m [0m[48;2;247;232;226m[38;2;247;232;226m.[0m[48;2;216;201;197m[38;2;216;201;197m:[0m[48;2;239;224;219m[38;2;239;224;219m.[0m[48;2;250;235;227m[38;2;250;235;227m [0m[48;2;244;225;216m[38;2;244;225;216m.[0m[48;2;247;226;218m[38;2;247;226;218m.[0m[48;2;250;234;228m[38;2;250;234;228m [0m[48;2;250;235;230m[38;2;250;235;230m [0m[48;2;140;130;129m[38;2;140;130;129m*[0m[48;2;64;54;59m[38;2;64;54;59m░[0m[48;2;60;50;56m[38;2;60;50;56m▒[0m[48;2;22;14;20m[38;2;22;14;20m█[0m[48;2;36;27;34m[38;2;36;27;34m▓[0m[48;2;57;48;55m[38;2;57;48;55m▒[0m[48;2;87;78;86m[38;2;87;78;86m@[0m[48;2;97;88;96m[38;2;97;88;96m%[0m[48;2;93;82;90m[38;2;93;82;90m@[0m[48;2;68;58;67m[38;2;68;58;67m░[0m[48;2;44;35;43m[38;2;44;35;43m▒[0m[48;2;51;43;51m[38;2;51;43;51m▒[0m[48;2;90;79;88m[38;2;90;79;88m@[0m[48;2;151;134;145m[38;2;151;134;145m*[0m[48;2;153;139;148m[38;2;153;139;148m*[0m[48;2;70;62;68m[38;2;70;62;68m░[0m[48;2;122;120;122m[38;2;122;120;122m#[0m                                 
                                        [48;2;125;124;125m[38;2;125;124;125m#[0m[48;2;6;3;5m[38;2;6;3;5m█[0m[48;2;40;36;38m[38;2;40;36;38m▒[0m[48;2;191;181;179m[38;2;191;181;179m-[0m[48;2;248;232;228m[38;2;248;232;228m.[0m[48;2;249;233;228m[38;2;249;233;228m.[0m[48;2;249;233;227m[38;2;249;233;227m.[0m[48;2;250;234;228m[38;2;250;234;228m [0m[48;2;250;234;228m[38;2;250;234;228m [0m[48;2;251;235;229m[38;2;251;235;229m [0m[48;2;251;235;229m[38;2;251;235;229m [0m[48;2;250;235;227m[38;2;250;235;227m [0m[48;2;250;235;227m[38;2;250;235;227m [0m[48;2;250;235;227m[38;2;250;235;227m [0m[48;2;250;235;227m[38;2;250;235;227m [0m[48;2;250;235;226m[38;2;250;235;226m [0m[48;2;250;235;226m[38;2;250;235;226m [0m[48;2;250;235;228m[38;2;250;235;228m [0m[48;2;233;220;216m[38;2;233;220;216m.[0m[48;2;123;114;112m[38;2;123;114;112m#[0m[48;2;13;7;8m[38;2;13;7;8m█[0m[48;2;47;41;45m[38;2;47;41;45m▒[0m[48;2;37;30;35m[38;2;37;30;35m▓[0m[48;2;141;135;140m[38;2;141;135;140m*[0m[48;2;165;159;161m[38;2;165;159;161m+[0m[48;2;32;27;30m[38;2;32;27;30m▓[0m[48;2;92;83;90m[38;2;92;83;90m@[0m[48;2;126;113;123m[38;2;126;113;123m#[0m[48;2;132;118;128m[38;2;132;118;128m#[0m[48;2;147;132;143m[38;2;147;132;143m*[0m[48;2;159;142;153m[38;2;159;142;153m+[0m[48;2;159;142;154m[38;2;159;142;154m+[0m[48;2;160;141;154m[38;2;160;141;154m+[0m[48;2;161;140;155m[38;2;161;140;155m+[0m[48;2;161;140;155m[38;2;161;140;155m+[0m[48;2;159;141;154m[38;2;159;141;154m+[0m[48;2;81;73;80m[38;2;81;73;80m@[0m[48;2;127;122;126m[38;2;127;122;126m#[0m                                
                                        [48;2;214;213;214m[38;2;214;213;214m:[0m[48;2;111;109;110m[38;2;111;109;110m%[0m[48;2;109;104;107m[38;2;109;104;107m%[0m[48;2;207;198;198m[38;2;207;198;198m-[0m[48;2;240;227;224m[38;2;240;227;224m.[0m[48;2;247;233;229m[38;2;247;233;229m.[0m[48;2;248;234;230m[38;2;248;234;230m.[0m[48;2;248;234;230m[38;2;248;234;230m.[0m[48;2;249;234;230m[38;2;249;234;230m [0m[48;2;248;233;229m[38;2;248;233;229m.[0m[48;2;243;229;225m[38;2;243;229;225m.[0m[48;2;226;212;209m[38;2;226;212;209m:[0m[48;2;206;193;189m[38;2;206;193;189m-[0m[48;2;182;169;166m[38;2;182;169;166m=[0m[48;2;154;142;140m[38;2;154;142;140m*[0m[48;2;121;112;110m[38;2;121;112;110m#[0m[48;2;84;76;75m[38;2;84;76;75m@[0m[48;2;45;38;39m[38;2;45;38;39m▒[0m[48;2;23;19;22m[38;2;23;19;22m▓[0m[48;2;5;2;5m[38;2;5;2;5m█[0m[48;2;6;2;6m[38;2;6;2;6m█[0m[48;2;193;188;192m[38;2;193;188;192m-[0m[48;2;114;108;113m[38;2;114;108;113m#[0m[48;2;35;30;33m[38;2;35;30;33m▓[0m[48;2;105;99;104m[38;2;105;99;104m%[0m[48;2;120;115;118m[38;2;120;115;118m#[0m[48;2;67;58;65m[38;2;67;58;65m░[0m[48;2;159;142;154m[38;2;159;142;154m+[0m[48;2;160;141;155m[38;2;160;141;155m+[0m[48;2;160;141;155m[38;2;160;141;155m+[0m[48;2;161;140;155m[38;2;161;140;155m+[0m[48;2;161;140;155m[38;2;161;140;155m+[0m[48;2;161;140;155m[38;2;161;140;155m+[0m[48;2;161;140;155m[38;2;161;140;155m+[0m[48;2;161;140;155m[38;2;161;140;155m+[0m[48;2;161;140;155m[38;2;161;140;155m+[0m[48;2;158;139;153m[38;2;158;139;153m*[0m[48;2;46;38;44m[38;2;46;38;44m▒[0m[48;2;197;196;198m[38;2;197;196;198m-[0m                               
                                          [48;2;187;186;187m[38;2;187;186;187m-[0m[48;2;78;77;78m[38;2;78;77;78m@[0m[48;2;14;13;13m[38;2;14;13;13m█[0m[48;2;17;17;17m[38;2;17;17;17m█[0m[48;2;23;23;22m[38;2;23;23;22m▓[0m[48;2;30;30;30m[38;2;30;30;30m▓[0m[48;2;42;41;41m[38;2;42;41;41m▒[0m[48;2;35;32;33m[38;2;35;32;33m▓[0m[48;2;69;64;64m[38;2;69;64;64m░[0m[48;2;73;67;67m[38;2;73;67;67m░[0m[48;2;73;68;69m[38;2;73;68;69m░[0m[48;2;16;11;14m[38;2;16;11;14m█[0m[48;2;44;42;46m[38;2;44;42;46m▒[0m[48;2;28;26;29m[38;2;28;26;29m▓[0m[48;2;3;2;5m[38;2;3;2;5m█[0m[48;2;12;11;18m[38;2;12;11;18m█[0m[48;2;10;9;14m[38;2;10;9;14m█[0m[48;2;23;21;27m[38;2;23;21;27m▓[0m[48;2;26;24;30m[38;2;26;24;30m▓[0m[48;2;242;239;244m[38;2;242;239;244m [0m[48;2;186;182;186m[38;2;186;182;186m-[0m[48;2;66;62;66m[38;2;66;62;66m░[0m[48;2;197;194;198m[38;2;197;194;198m-[0m[48;2;188;182;187m[38;2;188;182;187m-[0m[48;2;30;23;29m[38;2;30;23;29m▓[0m[48;2;156;139;152m[38;2;156;139;152m*[0m[48;2;160;141;155m[38;2;160;141;155m+[0m[48;2;160;141;155m[38;2;160;141;155m+[0m[48;2;161;140;155m[38;2;161;140;155m+[0m[48;2;161;140;155m[38;2;161;140;155m+[0m[48;2;161;140;155m[38;2;161;140;155m+[0m[48;2;161;140;155m[38;2;161;140;155m+[0m[48;2;161;140;155m[38;2;161;140;155m+[0m[48;2;161;140;155m[38;2;161;140;155m+[0m[48;2;161;140;155m[38;2;161;140;155m+[0m[48;2;109;95;106m[38;2;109;95;106m%[0m[48;2;108;105;108m[38;2;108;105;108m%[0m                               
                                       [48;2;182;181;182m[38;2;182;181;182m=[0m[48;2;67;66;68m[38;2;67;66;68m░[0m[48;2;20;19;22m[38;2;20;19;22m▓[0m[48;2;22;21;26m[38;2;22;21;26m▓[0m[48;2;25;23;33m[38;2;25;23;33m▓[0m[48;2;27;25;36m[38;2;27;25;36m▓[0m[48;2;8;6;13m[38;2;8;6;13m█[0m[48;2;5;4;8m[38;2;5;4;8m█[0m[48;2;49;48;51m[38;2;49;48;51m▒[0m[48;2;46;45;48m[38;2;46;45;48m▒[0m[48;2;23;22;25m[38;2;23;22;25m▓[0m[48;2;82;80;84m[38;2;82;80;84m@[0m[48;2;125;122;124m[38;2;125;122;124m#[0m[48;2;12;8;10m[38;2;12;8;10m█[0m[48;2;42;39;42m[38;2;42;39;42m▒[0m[48;2;12;11;14m[38;2;12;11;14m█[0m[48;2;33;31;37m[38;2;33;31;37m▓[0m[48;2;22;18;27m[38;2;22;18;27m▓[0m[48;2;30;25;40m[38;2;30;25;40m▓[0m[48;2;4;2;11m[38;2;4;2;11m█[0m[48;2;14;12;18m[38;2;14;12;18m█[0m[48;2;34;33;38m[38;2;34;33;38m▓[0m[48;2;243;240;245m[38;2;243;240;245m [0m[48;2;243;240;243m[38;2;243;240;243m [0m[48;2;75;73;76m[38;2;75;73;76m@[0m[48;2;146;143;147m[38;2;146;143;147m*[0m[48;2;199;195;198m[38;2;199;195;198m-[0m[48;2;34;29;34m[38;2;34;29;34m▓[0m[48;2;148;135;146m[38;2;148;135;146m*[0m[48;2;160;141;155m[38;2;160;141;155m+[0m[48;2;160;141;155m[38;2;160;141;155m+[0m[48;2;161;140;155m[38;2;161;140;155m+[0m[48;2;161;140;155m[38;2;161;140;155m+[0m[48;2;161;140;155m[38;2;161;140;155m+[0m[48;2;161;140;155m[38;2;161;140;155m+[0m[48;2;161;140;155m[38;2;161;140;155m+[0m[48;2;161;140;155m[38;2;161;140;155m+[0m[48;2;161;140;155m[38;2;161;140;155m+[0m[48;2;136;120;131m[38;2;136;120;131m#[0m[48;2;68;63;67m[38;2;68;63;67m░[0m                               
                                       [48;2;41;41;41m[38;2;41;41;41m▒[0m[48;2;69;69;70m[38;2;69;69;70m░[0m[48;2;29;28;32m[38;2;29;28;32m▓[0m[48;2;33;30;43m[38;2;33;30;43m▓[0m[48;2;37;33;50m[38;2;37;33;50m▓[0m[48;2;36;32;50m[38;2;36;32;50m▓[0m[48;2;10;8;18m[38;2;10;8;18m█[0m[48;2;23;20;31m[38;2;23;20;31m▓[0m[48;2;13;10;21m[38;2;13;10;21m█[0m[48;2;50;47;55m[38;2;50;47;55m▒[0m[48;2;20;18;23m[38;2;20;18;23m▓[0m[48;2;31;28;32m[38;2;31;28;32m▓[0m[48;2;81;78;82m[38;2;81;78;82m@[0m[48;2;13;10;14m[38;2;13;10;14m█[0m[48;2;7;4;8m[38;2;7;4;8m█[0m[48;2;12;9;13m[38;2;12;9;13m█[0m[48;2;86;79;76m[38;2;86;79;76m@[0m[48;2;138;127;119m[38;2;138;127;119m*[0m[48;2;55;46;57m[38;2;55;46;57m▒[0m[48;2;30;25;43m[38;2;30;25;43m▓[0m[48;2;14;10;23m[38;2;14;10;23m█[0m[48;2;5;3;8m[38;2;5;3;8m█[0m[48;2;140;137;140m[38;2;140;137;140m*[0m[48;2;209;207;208m[38;2;209;207;208m:[0m[48;2;207;205;207m[38;2;207;205;207m:[0m[48;2;55;51;57m[38;2;55;51;57m▒[0m[48;2;99;93;100m[38;2;99;93;100m%[0m[48;2;45;37;44m[38;2;45;37;44m▒[0m[48;2;154;142;152m[38;2;154;142;152m+[0m[48;2;150;134;147m[38;2;150;134;147m*[0m[48;2;139;122;134m[38;2;139;122;134m*[0m[48;2;161;140;155m[38;2;161;140;155m+[0m[48;2;161;140;155m[38;2;161;140;155m+[0m[48;2;161;140;155m[38;2;161;140;155m+[0m[48;2;161;140;155m[38;2;161;140;155m+[0m[48;2;161;140;155m[38;2;161;140;155m+[0m[48;2;161;140;155m[38;2;161;140;155m+[0m[48;2;161;140;155m[38;2;161;140;155m+[0m[48;2;120;104;117m[38;2;120;104;117m#[0m[48;2;92;88;93m[38;2;92;88;93m@[0m                               
                                       [48;2;196;196;196m[38;2;196;196;196m-[0m[48;2;60;58;59m[38;2;60;58;59m░[0m[48;2;125;123;126m[38;2;125;123;126m#[0m[48;2;18;16;24m[38;2;18;16;24m█[0m[48;2;35;30;46m[38;2;35;30;46m▓[0m[48;2;34;28;46m[38;2;34;28;46m▓[0m[48;2;7;5;14m[38;2;7;5;14m█[0m[48;2;34;30;46m[38;2;34;30;46m▓[0m[48;2;27;23;39m[38;2;27;23;39m▓[0m[48;2;19;16;22m[38;2;19;16;22m█[0m[48;2;12;9;12m[38;2;12;9;12m█[0m[48;2;8;5;7m[38;2;8;5;7m█[0m[48;2;2;0;2m[38;2;2;0;2m█[0m[48;2;49;47;49m[38;2;49;47;49m▒[0m[48;2;44;40;40m[38;2;44;40;40m▒[0m[48;2;22;18;19m[38;2;22;18;19m▓[0m[48;2;92;83;85m[38;2;92;83;85m@[0m[48;2;111;100;99m[38;2;111;100;99m%[0m[48;2;68;58;65m[38;2;68;58;65m░[0m[48;2;37;29;51m[38;2;37;29;51m▓[0m[48;2;37;31;51m[38;2;37;31;51m▓[0m[48;2;34;29;46m[38;2;34;29;46m▓[0m[48;2;14;10;22m[38;2;14;10;22m█[0m[48;2;19;16;23m[38;2;19;16;23m█[0m[48;2;72;67;74m[38;2;72;67;74m░[0m[48;2;86;79;88m[38;2;86;79;88m@[0m[48;2;113;104;114m[38;2;113;104;114m%[0m[48;2;135;125;134m[38;2;135;125;134m*[0m[48;2;90;80;88m[38;2;90;80;88m@[0m[48;2;29;19;27m[38;2;29;19;27m▓[0m[48;2;95;81;91m[38;2;95;81;91m@[0m[48;2;161;141;155m[38;2;161;141;155m+[0m[48;2;161;140;155m[38;2;161;140;155m+[0m[48;2;161;140;155m[38;2;161;140;155m+[0m[48;2;161;140;155m[38;2;161;140;155m+[0m[48;2;161;140;155m[38;2;161;140;155m+[0m[48;2;161;140;155m[38;2;161;140;155m+[0m[48;2;156;136;151m[38;2;156;136;151m*[0m[48;2;48;37;46m[38;2;48;37;46m▒[0m[48;2;201;198;201m[38;2;201;198;201m-[0m                               
                                        [48;2;216;215;216m[38;2;216;215;216m:[0m[48;2;59;56;59m[38;2;59;56;59m░[0m[48;2;153;150;154m[38;2;153;150;154m+[0m[48;2;34;31;36m[38;2;34;31;36m▓[0m[48;2;20;17;25m[38;2;20;17;25m▓[0m[48;2;15;12;22m[38;2;15;12;22m█[0m[48;2;36;30;49m[38;2;36;30;49m▓[0m[48;2;36;30;50m[38;2;36;30;50m▓[0m[48;2;16;10;21m[38;2;16;10;21m█[0m[48;2;117;108;101m[38;2;117;108;101m#[0m[48;2;103;94;77m[38;2;103;94;77m%[0m[48;2;49;40;31m[38;2;49;40;31m▒[0m[48;2;111;100;83m[38;2;111;100;83m%[0m[48;2;197;187;157m[38;2;197;187;157m-[0m[48;2;43;34;31m[38;2;43;34;31m▓[0m[48;2;35;28;38m[38;2;35;28;38m▓[0m[48;2;47;38;54m[38;2;47;38;54m▒[0m[48;2;38;28;52m[38;2;38;28;52m▓[0m[48;2;38;30;52m[38;2;38;30;52m▓[0m[48;2;37;31;52m[38;2;37;31;52m▓[0m[48;2;37;31;52m[38;2;37;31;52m▓[0m[48;2;37;31;51m[38;2;37;31;51m▓[0m[48;2;26;21;38m[38;2;26;21;38m▓[0m[48;2;25;20;33m[38;2;25;20;33m▓[0m[48;2;56;49;60m[38;2;56;49;60m▒[0m[48;2;48;40;49m[38;2;48;40;49m▒[0m[48;2;34;28;35m[38;2;34;28;35m▓[0m[48;2;24;17;24m[38;2;24;17;24m▓[0m[48;2;109;99;108m[38;2;109;99;108m%[0m[48;2;159;142;155m[38;2;159;142;155m+[0m[48;2;161;140;155m[38;2;161;140;155m+[0m[48;2;161;140;155m[38;2;161;140;155m+[0m[48;2;161;140;155m[38;2;161;140;155m+[0m[48;2;161;140;155m[38;2;161;140;155m+[0m[48;2;160;140;154m[38;2;160;140;154m+[0m[48;2;125;108;121m[38;2;125;108;121m#[0m[48;2;55;45;53m[38;2;55;45;53m▒[0m[48;2;167;161;166m[38;2;167;161;166m+[0m                                
                                         [48;2;209;208;208m[38;2;209;208;208m:[0m[48;2;68;66;68m[38;2;68;66;68m░[0m[48;2;84;82;83m[38;2;84;82;83m@[0m[48;2;29;26;31m[38;2;29;26;31m▓[0m[48;2;25;21;33m[38;2;25;21;33m▓[0m[48;2;35;29;48m[38;2;35;29;48m▓[0m[48;2;26;21;36m[38;2;26;21;36m▓[0m[48;2;13;9;21m[38;2;13;9;21m█[0m[48;2;9;2;8m[38;2;9;2;8m█[0m[48;2;63;52;62m[38;2;63;52;62m░[0m[48;2;125;114;105m[38;2;125;114;105m#[0m[48;2;104;93;79m[38;2;104;93;79m%[0m[48;2;21;13;12m[38;2;21;13;12m█[0m[48;2;16;10;14m[38;2;16;10;14m█[0m[48;2;16;13;20m[38;2;16;13;20m█[0m[48;2;18;14;24m[38;2;18;14;24m█[0m[48;2;14;11;21m[38;2;14;11;21m█[0m[48;2;15;12;21m[38;2;15;12;21m█[0m[48;2;17;14;23m[38;2;17;14;23m█[0m[48;2;21;16;27m[38;2;21;16;27m▓[0m[48;2;23;19;31m[38;2;23;19;31m▓[0m[48;2;24;20;32m[38;2;24;20;32m▓[0m[48;2;24;20;31m[38;2;24;20;31m▓[0m[48;2;19;15;26m[38;2;19;15;26m█[0m[48;2;9;4;14m[38;2;9;4;14m█[0m[48;2;7;1;9m[38;2;7;1;9m█[0m[48;2;59;52;60m[38;2;59;52;60m░[0m[48;2;117;106;117m[38;2;117;106;117m#[0m[48;2;156;139;152m[38;2;156;139;152m*[0m[48;2;160;141;155m[38;2;160;141;155m+[0m[48;2;157;139;152m[38;2;157;139;152m*[0m[48;2;132;115;127m[38;2;132;115;127m#[0m[48;2;89;76;86m[38;2;89;76;86m@[0m[48;2;74;65;72m[38;2;74;65;72m░[0m[48;2;139;134;139m[38;2;139;134;139m*[0m[48;2;232;230;233m[38;2;232;230;233m.[0m                                 
                                            [48;2;35;33;36m[38;2;35;33;36m▓[0m[48;2;28;25;34m[38;2;28;25;34m▓[0m[48;2;9;7;14m[38;2;9;7;14m█[0m[48;2;45;43;47m[38;2;45;43;47m▒[0m[48;2;21;19;23m[38;2;21;19;23m▓[0m[48;2;12;9;13m[38;2;12;9;13m█[0m[48;2;28;24;38m[38;2;28;24;38m▓[0m[48;2;20;16;35m[38;2;20;16;35m▓[0m[48;2;15;12;20m[38;2;15;12;20m█[0m[48;2;13;10;19m[38;2;13;10;19m█[0m[48;2;18;11;40m[38;2;18;11;40m█[0m[48;2;24;20;31m[38;2;24;20;31m▓[0m[48;2;32;30;34m[38;2;32;30;34m▓[0m[48;2;35;33;36m[38;2;35;33;36m▓[0m[48;2;43;40;44m[38;2;43;40;44m▒[0m[48;2;48;45;50m[38;2;48;45;50m▒[0m[48;2;46;43;48m[38;2;46;43;48m▒[0m[48;2;51;49;53m[38;2;51;49;53m▒[0m[48;2;53;51;55m[38;2;53;51;55m▒[0m[48;2;9;7;11m[38;2;9;7;11m█[0m[48;2;10;8;13m[38;2;10;8;13m█[0m[48;2;19;15;25m[38;2;19;15;25m█[0m[48;2;34;29;47m[38;2;34;29;47m▓[0m[48;2;32;26;45m[38;2;32;26;45m▓[0m[48;2;22;16;33m[38;2;22;16;33m▓[0m[48;2;31;24;40m[38;2;31;24;40m▓[0m[48;2;56;47;60m[38;2;56;47;60m▒[0m[48;2;48;42;50m[38;2;48;42;50m▒[0m[48;2;124;119;124m[38;2;124;119;124m#[0m[48;2;208;205;208m[38;2;208;205;208m:[0m                                    
                                           [48;2;233;233;233m[38;2;233;233;233m.[0m[48;2;8;6;8m[38;2;8;6;8m█[0m[48;2;23;21;25m[38;2;23;21;25m▓[0m[48;2;42;41;45m[38;2;42;41;45m▒[0m[48;2;19;18;25m[38;2;19;18;25m▓[0m[48;2;11;10;15m[38;2;11;10;15m█[0m[48;2;111;110;112m[38;2;111;110;112m#[0m[48;2;17;15;22m[38;2;17;15;22m█[0m[48;2;23;13;67m[38;2;23;13;67m▓[0m[48;2;8;4;25m[38;2;8;4;25m█[0m[48;2;17;9;51m[38;2;17;9;51m█[0m[48;2;68;54;118m[38;2;68;54;118m░[0m[48;2;44;35;68m[38;2;44;35;68m▒[0m[48;2;10;7;12m[38;2;10;7;12m█[0m[48;2;8;5;9m[38;2;8;5;9m█[0m[48;2;19;16;22m[38;2;19;16;22m█[0m[48;2;21;17;27m[38;2;21;17;27m▓[0m[48;2;21;17;29m[38;2;21;17;29m▓[0m[48;2;20;16;29m[38;2;20;16;29m▓[0m[48;2;21;17;31m[38;2;21;17;31m▓[0m[48;2;26;21;37m[38;2;26;21;37m▓[0m[48;2;33;28;45m[38;2;33;28;45m▓[0m[48;2;37;31;50m[38;2;37;31;50m▓[0m[48;2;37;31;52m[38;2;37;31;52m▓[0m[48;2;37;31;52m[38;2;37;31;52m▓[0m[48;2;37;31;52m[38;2;37;31;52m▓[0m[48;2;37;31;52m[38;2;37;31;52m▓[0m[48;2;31;26;44m[38;2;31;26;44m▓[0m[48;2;22;17;31m[38;2;22;17;31m▓[0m[48;2;95;92;100m[38;2;95;92;100m%[0m[48;2;213;212;214m[38;2;213;212;214m:[0m                                    
                                           [48;2;127;127;127m[38;2;127;127;127m#[0m[48;2;13;12;14m[38;2;13;12;14m█[0m[48;2;22;20;25m[38;2;22;20;25m▓[0m[48;2;26;23;36m[38;2;26;23;36m▓[0m[48;2;36;32;50m[38;2;36;32;50m▓[0m[48;2;10;9;16m[38;2;10;9;16m█[0m[48;2;214;213;216m[38;2;214;213;216m:[0m[48;2;72;70;77m[38;2;72;70;77m░[0m[48;2;82;66;136m[38;2;82;66;136m@[0m[48;2;60;45;94m[38;2;60;45;94m░[0m[48;2;17;8;47m[38;2;17;8;47m█[0m[48;2;46;36;82m[38;2;46;36;82m▒[0m[48;2;31;22;47m[38;2;31;22;47m▓[0m[48;2;98;95;99m[38;2;98;95;99m%[0m[48;2;186;183;187m[38;2;186;183;187m-[0m[48;2;87;83;91m[38;2;87;83;91m@[0m[48;2;22;18;31m[38;2;22;18;31m▓[0m[48;2;32;27;44m[38;2;32;27;44m▓[0m[48;2;37;31;50m[38;2;37;31;50m▓[0m[48;2;37;31;51m[38;2;37;31;51m▓[0m[48;2;36;30;51m[38;2;36;30;51m▓[0m[48;2;37;31;52m[38;2;37;31;52m▓[0m[48;2;37;31;52m[38;2;37;31;52m▓[0m[48;2;37;31;52m[38;2;37;31;52m▓[0m[48;2;37;31;52m[38;2;37;31;52m▓[0m[48;2;37;31;52m[38;2;37;31;52m▓[0m[48;2;37;31;52m[38;2;37;31;52m▓[0m[48;2;37;31;52m[38;2;37;31;52m▓[0m[48;2;37;31;52m[38;2;37;31;52m▓[0m[48;2;33;28;45m[38;2;33;28;45m▓[0m[48;2;19;16;26m[38;2;19;16;26m█[0m[48;2;107;105;109m[38;2;107;105;109m%[0m[48;2;232;231;234m[38;2;232;231;234m.[0m                                  
                                           [48;2;74;74;74m[38;2;74;74;74m@[0m[48;2;10;9;14m[38;2;10;9;14m█[0m[48;2;33;30;44m[38;2;33;30;44m▓[0m[48;2;37;32;50m[38;2;37;32;50m▓[0m[48;2;37;31;50m[38;2;37;31;50m▓[0m[48;2;20;18;26m[38;2;20;18;26m▓[0m[48;2;239;238;241m[38;2;239;238;241m [0m[48;2;207;205;209m[38;2;207;205;209m:[0m[48;2;82;80;87m[38;2;82;80;87m@[0m[48;2;74;72;78m[38;2;74;72;78m@[0m[48;2;26;17;62m[38;2;26;17;62m▓[0m[48;2;83;65;138m[38;2;83;65;138m@[0m[48;2;36;26;56m[38;2;36;26;56m▓[0m[48;2;122;119;123m[38;2;122;119;123m#[0m  [48;2;217;214;219m[38;2;217;214;219m:[0m[48;2;124;121;129m[38;2;124;121;129m#[0m[48;2;41;38;49m[38;2;41;38;49m▒[0m[48;2;22;18;32m[38;2;22;18;32m▓[0m[48;2;34;29;44m[38;2;34;29;44m▓[0m[48;2;37;32;48m[38;2;37;32;48m▓[0m[48;2;37;31;51m[38;2;37;31;51m▓[0m[48;2;37;31;52m[38;2;37;31;52m▓[0m[48;2;37;31;52m[38;2;37;31;52m▓[0m[48;2;37;31;52m[38;2;37;31;52m▓[0m[48;2;37;31;52m[38;2;37;31;52m▓[0m[48;2;37;31;52m[38;2;37;31;52m▓[0m[48;2;37;31;52m[38;2;37;31;52m▓[0m[48;2;37;31;52m[38;2;37;31;52m▓[0m[48;2;37;31;51m[38;2;37;31;51m▓[0m[48;2;29;24;41m[38;2;29;24;41m▓[0m[48;2;31;29;40m[38;2;31;29;40m▓[0m[48;2;178;177;182m[38;2;178;177;182m=[0m                                 
                                           [48;2;123;123;123m[38;2;123;123;123m#[0m[48;2;20;19;25m[38;2;20;19;25m▓[0m[48;2;37;33;49m[38;2;37;33;49m▓[0m[48;2;37;32;50m[38;2;37;32;50m▓[0m[48;2;36;31;49m[38;2;36;31;49m▓[0m[48;2;31;29;37m[38;2;31;29;37m▓[0m    [48;2;176;176;177m[38;2;176;176;177m=[0m[48;2;85;81;92m[38;2;85;81;92m@[0m[48;2;89;86;97m[38;2;89;86;97m@[0m[48;2;234;233;238m[38;2;234;233;238m.[0m    [48;2;239;238;241m[38;2;239;238;241m [0m[48;2;104;103;108m[38;2;104;103;108m%[0m[48;2;46;45;50m[38;2;46;45;50m▒[0m[48;2;45;44;49m[38;2;45;44;49m▒[0m[48;2;20;17;28m[38;2;20;17;28m▓[0m[48;2;29;23;41m[38;2;29;23;41m▓[0m[48;2;36;30;51m[38;2;36;30;51m▓[0m[48;2;37;31;52m[38;2;37;31;52m▓[0m[48;2;37;31;52m[38;2;37;31;52m▓[0m[48;2;37;31;52m[38;2;37;31;52m▓[0m[48;2;37;31;52m[38;2;37;31;52m▓[0m[48;2;37;31;52m[38;2;37;31;52m▓[0m[48;2;37;31;52m[38;2;37;31;52m▓[0m[48;2;37;31;52m[38;2;37;31;52m▓[0m[48;2;35;29;49m[38;2;35;29;49m▓[0m[48;2;18;15;25m[38;2;18;15;25m█[0m[48;2;174;173;175m[38;2;174;173;175m=[0m                                