                                                                                                    
                                                                                                    
                                                                                                    
                                                                                                    
                                                                                                    
                                                                                                    
                                                                                                    
                                                                                                    
                                                                                                    
                                                                                                    
                                                                                                    
                                               [48;2;238;238;238m[38;2;238;238;238m [0m[48;2;216;216;216m[38;2;216;216;216m:[0m[48;2;204;204;204m[38;2;204;204;204m:[0m[48;2;200;200;200m[38;2;200;200;200m-[0m[48;2;206;206;206m[38;2;206;206;206m:[0m[48;2;225;225;226m[38;2;225;225;226m.[0m                                               
                                           [48;2;190;190;191m[38;2;190;190;191m-[0m[48;2;123;123;126m[38;2;123;123;126m#[0m[48;2;72;70;76m[38;2;72;70;76m░[0m[48;2;37;36;43m[38;2;37;36;43m▒[0m[48;2;26;24;33m[38;2;26;24;33m▓[0m[48;2;28;26;36m[38;2;28;26;36m▓[0m[48;2;31;29;40m[38;2;31;29;40m▓[0m[48;2;30;29;40m[38;2;30;29;40m▓[0m[48;2;29;28;40m[38;2;29;28;40m▓[0m[48;2;26;24;36m[38;2;26;24;36m▓[0m[48;2;31;29;40m[38;2;31;29;40m▓[0m[48;2;74;73;81m[38;2;74;73;81m@[0m[48;2;138;137;142m[38;2;138;137;142m*[0m[48;2;230;230;231m[38;2;230;230;231m.[0m                                           
                                        [48;2;234;234;235m[38;2;234;234;235m.[0m[48;2;124;123;126m[38;2;124;123;126m#[0m[48;2;40;38;45m[38;2;40;38;45m▒[0m[48;2;30;28;40m[38;2;30;28;40m▓[0m[48;2;44;41;56m[38;2;44;41;56m▒[0m[48;2;47;45;60m[38;2;47;45;60m▒[0m[48;2;45;42;58m[38;2;45;42;58m▒[0m[48;2;57;54;70m[38;2;57;54;70m░[0m[48;2;48;47;63m[38;2;48;47;63m▒[0m[48;2;42;43;58m[38;2;42;43;58m▒[0m[48;2;41;43;59m[38;2;41;43;59m▒[0m[48;2;41;43;59m[38;2;41;43;59m▒[0m[48;2;41;43;59m[38;2;41;43;59m▒[0m[48;2;41;43;59m[38;2;41;43;59m▒[0m[48;2;41;43;59m[38;2;41;43;59m▒[0m[48;2;37;36;52m[38;2;37;36;52m▒[0m[48;2;28;26;37m[38;2;28;26;37m▓[0m[48;2;123;122;127m[38;2;123;122;127m#[0m                                          
                                       [48;2;175;174;176m[38;2;175;174;176m=[0m[48;2;32;31;37m[38;2;32;31;37m▓[0m[48;2;29;27;38m[38;2;29;27;38m▓[0m[48;2;29;26;37m[38;2;29;26;37m▓[0m[48;2;36;31;41m[38;2;36;31;41m▓[0m[48;2;54;48;56m[38;2;54;48;56m▒[0m[48;2;59;52;59m[38;2;59;52;59m░[0m[48;2;74;65;74m[38;2;74;65;74m░[0m[48;2;77;69;79m[38;2;77;69;79m░[0m[48;2;74;64;74m[38;2;74;64;74m░[0m[48;2;56;48;57m[38;2;56;48;57m▒[0m[48;2;37;30;40m[38;2;37;30;40m▓[0m[48;2;28;25;36m[38;2;28;25;36m▓[0m[48;2;37;36;51m[38;2;37;36;51m▒[0m[48;2;41;43;59m[38;2;41;43;59m▒[0m[48;2;40;44;59m[38;2;40;44;59m▒[0m[48;2;41;43;59m[38;2;41;43;59m▒[0m[48;2;43;43;59m[38;2;43;43;59m▒[0m[48;2;32;31;44m[38;2;32;31;44m▓[0m[48;2;57;55;63m[38;2;57;55;63m░[0m[48;2;214;213;215m[38;2;214;213;215m:[0m                                        
                                      [48;2;194;194;194m[38;2;194;194;194m-[0m[48;2;11;9;13m[38;2;11;9;13m█[0m[48;2;47;41;48m[38;2;47;41;48m▒[0m[48;2;60;52;60m[38;2;60;52;60m░[0m[48;2;54;46;54m[38;2;54;46;54m▒[0m[48;2;80;69;77m[38;2;80;69;77m@[0m[48;2;150;134;143m[38;2;150;134;143m*[0m[48;2;114;99;108m[38;2;114;99;108m%[0m[48;2;79;66;75m[38;2;79;66;75m░[0m[48;2;83;70;80m[38;2;83;70;80m@[0m[48;2;146;130;141m[38;2;146;130;141m*[0m[48;2;161;141;154m[38;2;161;141;154m+[0m[48;2;160;140;153m[38;2;160;140;153m+[0m[48;2;139;122;134m[38;2;139;122;134m*[0m[48;2;91;78;91m[38;2;91;78;91m@[0m[48;2;46;36;48m[38;2;46;36;48m▒[0m[48;2;48;44;56m[38;2;48;44;56m▒[0m[48;2;50;49;62m[38;2;50;49;62m▒[0m[48;2;32;33;46m[38;2;32;33;46m▓[0m[48;2;28;25;38m[38;2;28;25;38m▓[0m[48;2;22;18;29m[38;2;22;18;29m▓[0m[48;2;23;20;26m[38;2;23;20;26m▓[0m[48;2;193;191;193m[38;2;193;191;193m-[0m                                       
                                     [48;2;197;196;197m[38;2;197;196;197m-[0m[48;2;61;57;62m[38;2;61;57;62m░[0m[48;2;127;113;123m[38;2;127;113;123m#[0m[48;2;157;140;151m[38;2;157;140;151m+[0m[48;2;131;114;125m[38;2;131;114;125m#[0m[48;2;154;136;148m[38;2;154;136;148m*[0m[48;2;160;140;154m[38;2;160;140;154m+[0m[48;2;161;141;154m[38;2;161;141;154m+[0m[48;2;160;141;154m[38;2;160;141;154m+[0m[48;2;160;141;154m[38;2;160;141;154m+[0m[48;2;117;101;113m[38;2;117;101;113m%[0m[48;2;87;72;82m[38;2;87;72;82m@[0m[48;2;156;137;151m[38;2;156;137;151m*[0m[48;2;159;138;153m[38;2;159;138;153m*[0m[48;2;161;140;155m[38;2;161;140;155m+[0m[48;2;161;140;155m[38;2;161;140;155m+[0m[48;2;160;139;154m[38;2;160;139;154m+[0m[48;2;102;87;98m[38;2;102;87;98m%[0m[48;2;22;16;27m[38;2;22;16;27m▓[0m[48;2;74;58;118m[38;2;74;58;118m░[0m[48;2;28;15;48m[38;2;28;15;48m▓[0m[48;2;82;63;123m[38;2;82;63;123m@[0m[48;2;7;2;10m[38;2;7;2;10m█[0m[48;2;22;18;24m[38;2;22;18;24m▓[0m[48;2;216;215;216m[38;2;216;215;216m:[0m                                      
                                    [48;2;194;194;194m[38;2;194;194;194m-[0m[48;2;57;52;57m[38;2;57;52;57m▒[0m[48;2;150;136;147m[38;2;150;136;147m*[0m[48;2;161;142;155m[38;2;161;142;155m+[0m[48;2;161;141;155m[38;2;161;141;155m+[0m[48;2;161;140;155m[38;2;161;140;155m+[0m[48;2;161;140;155m[38;2;161;140;155m+[0m[48;2;162;141;156m[38;2;162;141;156m+[0m[48;2;158;137;152m[38;2;158;137;152m*[0m[48;2;102;83;97m[38;2;102;83;97m@[0m[48;2;160;141;155m[38;2;160;141;155m+[0m[48;2;46;32;43m[38;2;46;32;43m▒[0m[48;2;119;103;115m[38;2;119;103;115m%[0m[48;2;67;51;63m[38;2;67;51;63m░[0m[48;2;158;139;153m[38;2;158;139;153m*[0m[48;2;160;140;154m[38;2;160;140;154m+[0m[48;2;161;140;155m[38;2;161;140;155m+[0m[48;2;161;140;155m[38;2;161;140;155m+[0m[48;2;161;140;155m[38;2;161;140;155m+[0m[48;2;132;116;129m[38;2;132;116;129m#[0m[48;2;45;30;52m[38;2;45;30;52m▒[0m[48;2;93;68;135m[38;2;93;68;135m@[0m[48;2;68;47;105m[38;2;68;47;105m░[0m[48;2;47;33;67m[38;2;47;33;67m▒[0m[48;2;15;8;18m[38;2;15;8;18m█[0m[48;2;67;64;69m[38;2;67;64;69m░[0m                                      
                                    [48;2;53;51;53m[38;2;53;51;53m▒[0m[48;2;107;97;105m[38;2;107;97;105m%[0m[48;2;89;76;86m[38;2;89;76;86m@[0m[48;2;83;68;79m[38;2;83;68;79m@[0m[48;2;162;141;156m[38;2;162;141;156m+[0m[48;2;161;140;155m[38;2;161;140;155m+[0m[48;2;161;140;155m[38;2;161;140;155m+[0m[48;2;161;140;155m[38;2;161;140;155m+[0m[48;2;148;128;143m[38;2;148;128;143m*[0m[48;2;37;24;34m[38;2;37;24;34m▓[0m[48;2;153;136;149m[38;2;153;136;149m*[0m[48;2;89;74;86m[38;2;89;74;86m@[0m[48;2;62;49;59m[38;2;62;49;59m▒[0m[48;2;84;72;82m[38;2;84;72;82m@[0m[48;2;72;58;70m[38;2;72;58;70m░[0m[48;2;152;135;148m[38;2;152;135;148m*[0m[48;2;161;140;155m[38;2;161;140;155m+[0m[48;2;161;140;155m[38;2;161;140;155m+[0m[48;2;161;140;155m[38;2;161;140;155m+[0m[48;2;160;141;155m[38;2;160;141;155m+[0m[48;2;137;120;133m[38;2;137;120;133m#[0m[48;2;49;35;53m[38;2;49;35;53m▒[0m[48;2;23;12;31m[38;2;23;12;31m█[0m[48;2;15;10;17m[38;2;15;10;17m█[0m[48;2;33;30;40m[38;2;33;30;40m▓[0m[48;2;21;19;27m[38;2;21;19;27m▓[0m[48;2;179;177;179m[38;2;179;177;179m=[0m                                     
                                   [48;2;164;164;164m[38;2;164;164;164m+[0m[48;2;79;73;78m[38;2;79;73;78m@[0m[48;2;44;35;42m[38;2;44;35;42m▒[0m[48;2;26;17;25m[38;2;26;17;25m▓[0m[48;2;95;86;95m[38;2;95;86;95m@[0m[48;2;90;75;87m[38;2;90;75;87m@[0m[48;2;130;113;126m[38;2;130;113;126m#[0m[48;2;146;127;141m[38;2;146;127;141m*[0m[48;2;160;140;155m[38;2;160;140;155m+[0m[48;2;160;140;154m[38;2;160;140;154m+[0m[48;2;38;28;36m[38;2;38;28;36m▓[0m[48;2;63;52;62m[38;2;63;52;62m░[0m[48;2;149;134;146m[38;2;149;134;146m*[0m[48;2;42;33;40m[38;2;42;33;40m▓[0m[48;2;47;39;45m[38;2;47;39;45m▒[0m[48;2;51;44;49m[38;2;51;44;49m▒[0m[48;2;32;23;30m[38;2;32;23;30m▓[0m[48;2;96;83;93m[38;2;96;83;93m@[0m[48;2;147;131;143m[38;2;147;131;143m*[0m[48;2;158;140;154m[38;2;158;140;154m+[0m[48;2;160;140;155m[38;2;160;140;155m+[0m[48;2;160;141;155m[38;2;160;141;155m+[0m[48;2;149;133;145m[38;2;149;133;145m*[0m[48;2;75;65;73m[38;2;75;65;73m░[0m[48;2;38;32;40m[38;2;38;32;40m▓[0m[48;2;38;35;46m[38;2;38;35;46m▒[0m[48;2;37;35;44m[38;2;37;35;44m▒[0m[48;2;93;90;94m[38;2;93;90;94m@[0m                                     
                                   [48;2;114;113;114m[38;2;114;113;114m#[0m[48;2;112;102;109m[38;2;112;102;109m%[0m[48;2;15;7;13m[38;2;15;7;13m█[0m[48;2;80;75;80m[38;2;80;75;80m@[0m[48;2;95;88;94m[38;2;95;88;94m@[0m[48;2;28;21;27m[38;2;28;21;27m▓[0m[48;2;27;20;26m[38;2;27;20;26m▓[0m[48;2;49;41;49m[38;2;49;41;49m▒[0m[48;2;117;103;114m[38;2;117;103;114m%[0m[48;2;113;98;109m[38;2;113;98;109m%[0m[48;2;63;52;59m[38;2;63;52;59m░[0m[48;2;23;16;21m[38;2;23;16;21m▓[0m[48;2;34;26;37m[38;2;34;26;37m▓[0m[48;2;59;47;72m[38;2;59;47;72m▒[0m[48;2;25;14;38m[38;2;25;14;38m▓[0m[48;2;79;72;77m[38;2;79;72;77m@[0m[48;2;33;27;30m[38;2;33;27;30m▓[0m[48;2;79;71;76m[38;2;79;71;76m@[0m[48;2;33;26;30m[38;2;33;26;30m▓[0m[48;2;21;14;19m[38;2;21;14;19m█[0m[48;2;35;26;33m[38;2;35;26;33m▓[0m[48;2;56;46;54m[38;2;56;46;54m▒[0m[48;2;52;43;51m[38;2;52;43;51m▒[0m[48;2;78;68;77m[38;2;78;68;77m░[0m[48;2;71;62;70m[38;2;71;62;70m░[0m[48;2;27;21;30m[38;2;27;21;30m▓[0m[48;2;29;23;32m[38;2;29;23;32m▓[0m[48;2;71;68;73m[38;2;71;68;73m░[0m                                     
                                   [48;2;116;115;116m[38;2;116;115;116m#[0m[48;2;100;91;97m[38;2;100;91;97m%[0m[48;2;10;4;8m[38;2;10;4;8m█[0m[48;2;100;93;97m[38;2;100;93;97m%[0m[48;2;39;31;35m[38;2;39;31;35m▓[0m[48;2;42;21;80m[38;2;42;21;80m▓[0m[48;2;50;20;100m[38;2;50;20;100m▒[0m[48;2;28;10;58m[38;2;28;10;58m▓[0m[48;2;133;124;128m[38;2;133;124;128m#[0m[48;2;195;183;183m[38;2;195;183;183m-[0m[48;2;213;201;200m[38;2;213;201;200m:[0m[48;2;131;122;123m[38;2;131;122;123m#[0m[48;2;47;29;81m[38;2;47;29;81m▒[0m[48;2;96;59;161m[38;2;96;59;161m@[0m[48;2;55;24;102m[38;2;55;24;102m▒[0m[48;2;145;137;141m[38;2;145;137;141m*[0m[48;2;173;161;161m[38;2;173;161;161m+[0m[48;2;249;235;231m[38;2;249;235;231m [0m[48;2;180;168;166m[38;2;180;168;166m=[0m[48;2;65;55;60m[38;2;65;55;60m░[0m[48;2;151;138;148m[38;2;151;138;148m*[0m[48;2;151;138;148m[38;2;151;138;148m*[0m[48;2;87;73;83m[38;2;87;73;83m@[0m[48;2;74;61;71m[38;2;74;61;71m░[0m[48;2;141;128;138m[38;2;141;128;138m*[0m[48;2;153;138;148m[38;2;153;138;148m*[0m[48;2;125;107;120m[38;2;125;107;120m#[0m[48;2;85;71;82m[38;2;85;71;82m@[0m[48;2;76;67;75m[38;2;76;67;75m░[0m[48;2;107;102;107m[38;2;107;102;107m%[0m[48;2;158;155;158m[38;2;158;155;158m+[0m[48;2;233;232;233m[38;2;233;232;233m.[0m                                 
                                   [48;2;178;178;178m[38;2;178;178;178m=[0m[48;2;65;58;63m[38;2;65;58;63m░[0m[48;2;19;12;17m[38;2;19;12;17m█[0m[48;2;158;150;152m[38;2;158;150;152m+[0m[48;2;137;126;125m[38;2;137;126;125m*[0m[48;2;101;80;120m[38;2;101;80;120m@[0m[48;2;175;130;196m[38;2;175;130;196m+[0m[48;2;95;62;110m[38;2;95;62;110m@[0m[48;2;158;147;149m[38;2;158;147;149m+[0m[48;2;250;236;232m[38;2;250;236;232m [0m[48;2;250;234;230m[38;2;250;234;230m [0m[48;2;235;219;216m[38;2;235;219;216m.[0m[48;2;61;45;55m[38;2;61;45;55m▒[0m[48;2;189;153;192m[38;2;189;153;192m=[0m[48;2;93;63;98m[38;2;93;63;98m@[0m[48;2;184;173;174m[38;2;184;173;174m=[0m[48;2;248;229;222m[38;2;248;229;222m.[0m[48;2;246;219;210m[38;2;246;219;210m.[0m[48;2;250;233;229m[38;2;250;233;229m.[0m[48;2;160;146;146m[38;2;160;146;146m+[0m[48;2;69;58;63m[38;2;69;58;63m░[0m[48;2;149;134;144m[38;2;149;134;144m*[0m[48;2;145;127;140m[38;2;145;127;140m*[0m[48;2;136;119;131m[38;2;136;119;131m#[0m[48;2;79;66;76m[38;2;79;66;76m░[0m[48;2;72;60;69m[38;2;72;60;69m░[0m[48;2;95;83;93m[38;2;95;83;93m@[0m[48;2;127;112;123m[38;2;127;112;123m#[0m[48;2;149;132;144m[38;2;149;132;144m*[0m[48;2;156;139;152m[38;2;156;139;152m*[0m[48;2;129;113;124m[38;2;129;113;124m#[0m[48;2;75;67;73m[38;2;75;67;73m░[0m[48;2;115;111;115m[38;2;115;111;115m#[0m[48;2;235;234;234m[38;2;235;234;234m.[0m                               
                                    [48;2;70;67;69m[38;2;70;67;69m░[0m[48;2;41;36;39m[38;2;41;36;39m▒[0m[48;2;178;168;167m[38;2;178;168;167m=[0m[48;2;235;217;216m[38;2;235;217;216m.[0m[48;2;90;77;80m[38;2;90;77;80m@[0m[48;2;119;91;115m[38;2;119;91;115m%[0m[48;2;73;54;71m[38;2;73;54;71m░[0m[48;2;228;215;216m[38;2;228;215;216m:[0m[48;2;201;187;185m[38;2;201;187;185m-[0m[48;2;170;156;153m[38;2;170;156;153m+[0m[48;2;252;236;232m[38;2;252;236;232m [0m[48;2;225;211;207m[38;2;225;211;207m:[0m[48;2;134;121;120m[38;2;134;121;120m#[0m[48;2;165;152;150m[38;2;165;152;150m+[0m[48;2;249;235;229m[38;2;249;235;229m [0m[48;2;239;212;202m[38;2;239;212;202m:[0m[48;2;242;213;202m[38;2;242;213;202m.[0m[48;2;249;234;227m[38;2;249;234;227m.[0m[48;2;248;232;229m[38;2;248;232;229m.[0m[48;2;84;74;76m[38;2;84;74;76m@[0m[48;2;57;47;53m[38;2;57;47;53m▒[0m[48;2;48;37;45m[38;2;48;37;45m▒[0m[48;2;58;49;56m[38;2;58;49;56m▒[0m[48;2;108;96;106m[38;2;108;96;106m%[0m[48;2;137;125;135m[38;2;137;125;135m*[0m[48;2;126;115;124m[38;2;126;115;124m#[0m[48;2;89;79;87m[38;2;89;79;87m@[0m[48;2;48;40;47m[38;2;48;40;47m▒[0m[48;2;22;15;20m[38;2;22;15;20m█[0m[48;2;45;37;43m[38;2;45;37;43m▒[0m[48;2;118;105;116m[38;2;118;105;116m#[0m[48;2;131;120;129m[38;2;131;120;129m#[0m[48;2;60;55;60m[38;2;60;55;60m░[0m[48;2;191;189;191m[38;2;191;189;191m-[0m                              
                                    [48;2;201;200;201m[38;2;201;200;201m-[0m[48;2;13;10;12m[38;2;13;10;12m█[0m[48;2;14;9;12m[38;2;14;9;12m█[0m[48;2;181;170;169m[38;2;181;170;169m=[0m[48;2;247;234;231m[38;2;247;234;231m.[0m[48;2;226;211;207m[38;2;226;211;207m:[0m[48;2;244;229;223m[38;2;244;229;223m.[0m[48;2;250;234;228m[38;2;250;234;228m [0m[48;2;212;196;191m[38;2;212;196;191m-[0m[48;2;220;205;200m[38;2;220;205;200m:[0m[48;2;249;235;228m[38;2;249;235;228m [0m[48;2;249;235;228m[38;2;249;235;228m [0m[48;2;250;234;228m[38;2;250;234;228m [0m[48;2;250;234;227m[38;2;250;234;227m [0m[48;2;250;235;226m[38;2;250;235;226m [0m[48;2;250;235;226m[38;2;250;235;226m [0m[48;2;250;234;228m[38;2;250;234;228m [0m[48;2;240;226;222m[38;2;240;226;222m.[0m[48;2;115;104;104m[38;2;115;104;104m%[0m[48;2;34;28;31m[38;2;34;28;31m▓[0m[48;2;62;54;61m[38;2;62;54;61m░[0m[48;2;67;59;66m[38;2;67;59;66m░[0m[48;2;158;151;154m[38;2;158;151;154m+[0m[48;2;43;35;39m[38;2;43;35;39m▒[0m[48;2;66;58;65m[38;2;66;58;65m░[0m[48;2;84;73;82m[38;2;84;73;82m@[0m[48;2;92;79;88m[38;2;92;79;88m@[0m[48;2;112;97;108m[38;2;112;97;108m%[0m[48;2;139;123;134m[38;2;139;123;134m*[0m[48;2;157;141;153m[38;2;157;141;153m+[0m[48;2;160;141;154m[38;2;160;141;154m+[0m[48;2;160;141;155m[38;2;160;141;155m+[0m[48;2;153;138;149m[38;2;153;138;149m*[0m[48;2;62;56;61m[38;2;62;56;61m░[0m[48;2;182;181;182m[38;2;182;181;182m=[0m                             
                                    [48;2;225;225;225m[38;2;225;225;225m.[0m[48;2;103;101;102m[38;2;103;101;102m%[0m[48;2;103;97;100m[38;2;103;97;100m%[0m[48;2;227;217;215m[38;2;227;217;215m.[0m[48;2;247;235;230m[38;2;247;235;230m [0m[48;2;249;234;229m[38;2;249;234;229m [0m[48;2;249;234;229m[38;2;249;234;229m [0m[48;2;249;234;229m[38;2;249;234;229m [0m[48;2;250;234;228m[38;2;250;234;228m [0m[48;2;250;235;229m[38;2;250;235;229m [0m[48;2;248;234;228m[38;2;248;234;228m.[0m[48;2;238;223;217m[38;2;238;223;217m.[0m[48;2;216;202;198m[38;2;216;202;198m:[0m[48;2;188;176;172m[38;2;188;176;172m=[0m[48;2;157;146;142m[38;2;157;146;142m+[0m[48;2;119;111;109m[38;2;119;111;109m#[0m[48;2;78;72;72m[38;2;78;72;72m@[0m[48;2;31;25;28m[38;2;31;25;28m▓[0m[48;2;5;1;5m[38;2;5;1;5m█[0m[48;2;68;63;68m[38;2;68;63;68m░[0m[48;2;176;172;176m[38;2;176;172;176m=[0m[48;2;39;36;39m[38;2;39;36;39m▒[0m[48;2;76;73;76m[38;2;76;73;76m@[0m[48;2;96;89;94m[38;2;96;89;94m%[0m[48;2;83;73;81m[38;2;83;73;81m@[0m[48;2;161;140;154m[38;2;161;140;154m+[0m[48;2;161;141;154m[38;2;161;141;154m+[0m[48;2;161;140;155m[38;2;161;140;155m+[0m[48;2;161;140;155m[38;2;161;140;155m+[0m[48;2;161;140;155m[38;2;161;140;155m+[0m[48;2;161;140;155m[38;2;161;140;155m+[0m[48;2;161;140;155m[38;2;161;140;155m+[0m[48;2;161;140;155m[38;2;161;140;155m+[0m[48;2;152;136;148m[38;2;152;136;148m*[0m[48;2;48;42;47m[38;2;48;42;47m▒[0m[48;2;231;230;231m[38;2;231;230;231m.[0m                            
                                      [48;2;187;186;187m[38;2;187;186;187m-[0m[48;2;79;76;78m[38;2;79;76;78m@[0m[48;2;32;28;30m[38;2;32;28;30m▓[0m[48;2;44;39;42m[38;2;44;39;42m▒[0m[48;2;48;43;45m[38;2;48;43;45m▒[0m[48;2;64;58;59m[38;2;64;58;59m░[0m[48;2;51;46;47m[38;2;51;46;47m▒[0m[48;2;80;74;77m[38;2;80;74;77m@[0m[48;2;64;57;58m[38;2;64;57;58m░[0m[48;2;86;80;82m[38;2;86;80;82m@[0m[48;2;13;7;10m[38;2;13;7;10m█[0m[48;2;41;36;39m[38;2;41;36;39m▒[0m[48;2;24;21;24m[38;2;24;21;24m▓[0m[48;2;5;3;6m[38;2;5;3;6m█[0m[48;2;14;11;15m[38;2;14;11;15m█[0m[48;2;18;14;20m[38;2;18;14;20m█[0m[48;2;18;15;23m[38;2;18;15;23m█[0m[48;2;149;145;151m[38;2;149;145;151m+[0m[48;2;234;231;234m[38;2;234;231;234m.[0m[48;2;50;48;50m[38;2;50;48;50m▒[0m[48;2;193;190;194m[38;2;193;190;194m-[0m[48;2;188;183;188m[38;2;188;183;188m-[0m[48;2;42;35;41m[38;2;42;35;41m▒[0m[48;2;159;141;154m[38;2;159;141;154m+[0m[48;2;161;140;155m[38;2;161;140;155m+[0m[48;2;161;140;155m[38;2;161;140;155m+[0m[48;2;161;140;155m[38;2;161;140;155m+[0m[48;2;161;140;155m[38;2;161;140;155m+[0m[48;2;161;140;155m[38;2;161;140;155m+[0m[48;2;161;140;155m[38;2;161;140;155m+[0m[48;2;161;140;155m[38;2;161;140;155m+[0m[48;2;161;140;155m[38;2;161;140;155m+[0m[48;2;98;84;94m[38;2;98;84;94m@[0m[48;2;146;144;146m[38;2;146;144;146m*[0m                            
                                   [48;2;240;240;240m[38;2;240;240;240m [0m[48;2;79;79;79m[38;2;79;79;79m@[0m[48;2;28;26;29m[38;2;28;26;29m▓[0m[48;2;25;23;29m[38;2;25;23;29m▓[0m[48;2;27;23;35m[38;2;27;23;35m▓[0m[48;2;28;23;36m[38;2;28;23;36m▓[0m[48;2;9;5;15m[38;2;9;5;15m█[0m[48;2;26;23;29m[38;2;26;23;29m▓[0m[48;2;32;28;32m[38;2;32;28;32m▓[0m[48;2;49;45;52m[38;2;49;45;52m▒[0m[48;2;27;23;30m[38;2;27;23;30m▓[0m[48;2;156;153;157m[38;2;156;153;157m+[0m[48;2;22;19;23m[38;2;22;19;23m▓[0m[48;2;35;32;37m[38;2;35;32;37m▓[0m[48;2;14;11;16m[38;2;14;11;16m█[0m[48;2;30;27;34m[38;2;30;27;34m▓[0m[48;2;32;28;39m[38;2;32;28;39m▓[0m[48;2;27;22;36m[38;2;27;22;36m▓[0m[48;2;4;1;10m[38;2;4;1;10m█[0m[48;2;15;11;20m[38;2;15;11;20m█[0m[48;2;158;154;161m[38;2;158;154;161m+[0m[48;2;242;239;243m[38;2;242;239;243m [0m[48;2;139;137;140m[38;2;139;137;140m*[0m[48;2;111;109;112m[38;2;111;109;112m#[0m[48;2;196;193;197m[38;2;196;193;197m-[0m[48;2;38;32;37m[38;2;38;32;37m▓[0m[48;2;157;139;152m[38;2;157;139;152m*[0m[48;2;161;140;155m[38;2;161;140;155m+[0m[48;2;161;140;155m[38;2;161;140;155m+[0m[48;2;161;140;155m[38;2;161;140;155m+[0m[48;2;161;140;155m[38;2;161;140;155m+[0m[48;2;161;140;155m[38;2;161;140;155m+[0m[48;2;161;140;155m[38;2;161;140;155m+[0m[48;2;161;140;155m[38;2;161;140;155m+[0m[48;2;161;140;155m[38;2;161;140;155m+[0m[48;2;125;108;119m[38;2;125;108;119m#[0m[48;2;105;103;105m[38;2;105;103;105m%[0m                            
                                   [48;2;150;150;150m[38;2;150;150;150m+[0m[48;2;14;13;14m[38;2;14;13;14m█[0m[48;2;80;77;81m[38;2;80;77;81m@[0m[48;2;27;23;37m[38;2;27;23;37m▓[0m[48;2;38;33;51m[38;2;38;33;51m▓[0m[48;2;36;31;48m[38;2;36;31;48m▓[0m[48;2;9;5;17m[38;2;9;5;17m█[0m[48;2;30;26;40m[38;2;30;26;40m▓[0m[48;2;13;10;20m[38;2;13;10;20m█[0m[48;2;40;36;42m[38;2;40;36;42m▒[0m[48;2;10;6;13m[38;2;10;6;13m█[0m[48;2;65;62;67m[38;2;65;62;67m░[0m[48;2;11;8;12m[38;2;11;8;12m█[0m[48;2;18;15;19m[38;2;18;15;19m█[0m[48;2;14;9;14m[38;2;14;9;14m█[0m[48;2;84;75;73m[38;2;84;75;73m@[0m[48;2;133;124;115m[38;2;133;124;115m#[0m[48;2;43;36;49m[38;2;43;36;49m▒[0m[48;2;29;24;41m[38;2;29;24;41m▓[0m[48;2;13;9;21m[38;2;13;9;21m█[0m[48;2;49;46;52m[38;2;49;46;52m▒[0m[48;2;150;147;152m[38;2;150;147;152m+[0m[48;2;178;175;179m[38;2;178;175;179m=[0m[48;2;64;61;65m[38;2;64;61;65m░[0m[48;2;66;62;66m[38;2;66;62;66m░[0m[48;2;70;63;69m[38;2;70;63;69m░[0m[48;2;156;142;151m[38;2;156;142;151m+[0m[48;2;121;105;116m[38;2;121;105;116m#[0m[48;2;142;124;137m[38;2;142;124;137m*[0m[48;2;161;140;155m[38;2;161;140;155m+[0m[48;2;161;140;155m[38;2;161;140;155m+[0m[48;2;161;140;155m[38;2;161;140;155m+[0m[48;2;161;140;155m[38;2;161;140;155m+[0m[48;2;161;140;155m[38;2;161;140;155m+[0m[48;2;161;140;155m[38;2;161;140;155m+[0m[48;2;101;85;96m[38;2;101;85;96m@[0m[48;2;143;141;143m[38;2;143;141;143m*[0m                            
                                    [48;2;165;163;166m[38;2;165;163;166m+[0m[48;2;85;82;86m[38;2;85;82;86m@[0m[48;2;63;61;67m[38;2;63;61;67m░[0m[48;2;27;25;37m[38;2;27;25;37m▓[0m[48;2;29;25;40m[38;2;29;25;40m▓[0m[48;2;15;11;22m[38;2;15;11;22m█[0m[48;2;37;31;50m[38;2;37;31;50m▓[0m[48;2;19;14;29m[38;2;19;14;29m█[0m[48;2;32;28;33m[38;2;32;28;33m▓[0m[48;2;26;22;22m[38;2;26;22;22m▓[0m[48;2;5;1;5m[38;2;5;1;5m█[0m[48;2;22;18;24m[38;2;22;18;24m▓[0m[48;2;88;81;70m[38;2;88;81;70m@[0m[48;2;45;37;34m[38;2;45;37;34m▒[0m[48;2;87;78;80m[38;2;87;78;80m@[0m[48;2;106;97;95m[38;2;106;97;95m%[0m[48;2;40;32;48m[38;2;40;32;48m▓[0m[48;2;36;30;51m[38;2;36;30;51m▓[0m[48;2;37;32;50m[38;2;37;32;50m▓[0m[48;2;31;26;43m[38;2;31;26;43m▓[0m[48;2;15;11;23m[38;2;15;11;23m█[0m[48;2;61;55;62m[38;2;61;55;62m░[0m[48;2;111;104;111m[38;2;111;104;111m%[0m[48;2;129;121;128m[38;2;129;121;128m#[0m[48;2;100;90;97m[38;2;100;90;97m%[0m[48;2;45;35;42m[38;2;45;35;42m▒[0m[48;2;39;29;37m[38;2;39;29;37m▓[0m[48;2;146;128;141m[38;2;146;128;141m*[0m[48;2;161;140;155m[38;2;161;140;155m+[0m[48;2;161;140;155m[38;2;161;140;155m+[0m[48;2;161;140;155m[38;2;161;140;155m+[0m[48;2;161;140;155m[38;2;161;140;155m+[0m[48;2;160;141;155m[38;2;160;141;155m+[0m[48;2;138;121;134m[38;2;138;121;134m#[0m[48;2;63;54;62m[38;2;63;54;62m░[0m[48;2;239;238;239m[38;2;239;238;239m [0m                            
                                     [48;2;140;139;140m[38;2;140;139;140m*[0m[48;2;108;108;109m[38;2;108;108;109m%[0m[48;2;74;73;76m[38;2;74;73;76m@[0m[48;2;8;6;13m[38;2;8;6;13m█[0m[48;2;23;20;32m[38;2;23;20;32m▓[0m[48;2;37;31;51m[38;2;37;31;51m▓[0m[48;2;35;30;48m[38;2;35;30;48m▓[0m[48;2;27;20;28m[38;2;27;20;28m▓[0m[48;2;126;117;101m[38;2;126;117;101m#[0m[48;2;138;124;100m[38;2;138;124;100m#[0m[48;2;158;142;116m[38;2;158;142;116m*[0m[48;2;148;133;109m[38;2;148;133;109m*[0m[48;2;30;23;23m[38;2;30;23;23m▓[0m[48;2;31;26;37m[38;2;31;26;37m▓[0m[48;2;37;30;45m[38;2;37;30;45m▓[0m[48;2;33;26;45m[38;2;33;26;45m▓[0m[48;2;31;26;44m[38;2;31;26;44m▓[0m[48;2;36;30;49m[38;2;36;30;49m▓[0m[48;2;36;30;50m[38;2;36;30;50m▓[0m[48;2;37;32;51m[38;2;37;32;51m▓[0m[48;2;29;23;38m[38;2;29;23;38m▓[0m[48;2;22;16;28m[38;2;22;16;28m▓[0m[48;2;14;9;17m[38;2;14;9;17m█[0m[48;2;25;20;24m[38;2;25;20;24m▓[0m[48;2;78;72;78m[38;2;78;72;78m@[0m[48;2;153;138;149m[38;2;153;138;149m*[0m[48;2;161;140;155m[38;2;161;140;155m+[0m[48;2;161;140;155m[38;2;161;140;155m+[0m[48;2;161;140;155m[38;2;161;140;155m+[0m[48;2;160;140;155m[38;2;160;140;155m+[0m[48;2;135;118;130m[38;2;135;118;130m#[0m[48;2;82;70;78m[38;2;82;70;78m@[0m[48;2;102;96;102m[38;2;102;96;102m%[0m[48;2;227;224;228m[38;2;227;224;228m.[0m                             
                                      [48;2;180;179;180m[38;2;180;179;180m=[0m[48;2;158;157;159m[38;2;158;157;159m+[0m[48;2;42;40;44m[38;2;42;40;44m▒[0m[48;2;32;28;42m[38;2;32;28;42m▓[0m[48;2;20;16;28m[38;2;20;16;28m▓[0m[48;2;27;24;32m[38;2;27;24;32m▓[0m[48;2;5;2;9m[38;2;5;2;9m█[0m[48;2;13;6;22m[38;2;13;6;22m█[0m[48;2;24;17;40m[38;2;24;17;40m▓[0m[48;2;26;20;23m[38;2;26;20;23m▓[0m[48;2;10;4;11m[38;2;10;4;11m█[0m[48;2;15;10;16m[38;2;15;10;16m█[0m[48;2;25;21;27m[38;2;25;21;27m▓[0m[48;2;22;18;24m[38;2;22;18;24m▓[0m[48;2;6;3;10m[38;2;6;3;10m█[0m[48;2;8;5;12m[38;2;8;5;12m█[0m[48;2;6;3;11m[38;2;6;3;11m█[0m[48;2;6;4;10m[38;2;6;4;10m█[0m[48;2;15;12;19m[38;2;15;12;19m█[0m[48;2;11;8;16m[38;2;11;8;16m█[0m[48;2;14;11;19m[38;2;14;11;19m█[0m[48;2;9;5;15m[38;2;9;5;15m█[0m[48;2;19;14;29m[38;2;19;14;29m█[0m[48;2;24;19;33m[38;2;24;19;33m▓[0m[48;2;62;51;62m[38;2;62;51;62m░[0m[48;2;116;100;114m[38;2;116;100;114m%[0m[48;2;117;102;114m[38;2;117;102;114m%[0m[48;2;74;63;71m[38;2;74;63;71m░[0m[48;2;95;87;93m[38;2;95;87;93m@[0m[48;2;145;139;144m[38;2;145;139;144m*[0m[48;2;230;226;230m[38;2;230;226;230m.[0m                               
                                        [48;2;17;15;18m[38;2;17;15;18m█[0m[48;2;16;13;20m[38;2;16;13;20m█[0m[48;2;41;38;42m[38;2;41;38;42m▒[0m[48;2;33;30;34m[38;2;33;30;34m▓[0m[48;2;15;12;16m[38;2;15;12;16m█[0m[48;2;51;48;53m[38;2;51;48;53m▒[0m[48;2;19;15;33m[38;2;19;15;33m█[0m[48;2;15;12;23m[38;2;15;12;23m█[0m[48;2;12;8;26m[38;2;12;8;26m█[0m[48;2;65;49;125m[38;2;65;49;125m░[0m[48;2;37;27;58m[38;2;37;27;58m▓[0m[48;2;14;11;18m[38;2;14;11;18m█[0m[48;2;35;32;39m[38;2;35;32;39m▓[0m[48;2;43;40;49m[38;2;43;40;49m▒[0m[48;2;46;43;53m[38;2;46;43;53m▒[0m[48;2;49;46;54m[38;2;49;46;54m▒[0m[48;2;49;46;54m[38;2;49;46;54m▒[0m[48;2;25;22;31m[38;2;25;22;31m▓[0m[48;2;20;16;29m[38;2;20;16;29m▓[0m[48;2;31;26;43m[38;2;31;26;43m▓[0m[48;2;37;31;52m[38;2;37;31;52m▓[0m[48;2;37;31;52m[38;2;37;31;52m▓[0m[48;2;35;30;50m[38;2;35;30;50m▓[0m[48;2;26;21;38m[38;2;26;21;38m▓[0m[48;2;15;10;22m[38;2;15;10;22m█[0m[48;2;108;105;111m[38;2;108;105;111m%[0m[48;2;237;236;239m[38;2;237;236;239m.[0m                                 
                                       [48;2;181;180;181m[38;2;181;180;181m=[0m[48;2;13;12;15m[38;2;13;12;15m█[0m[48;2;30;27;32m[38;2;30;27;32m▓[0m[48;2;24;19;33m[38;2;24;19;33m▓[0m[48;2;32;27;42m[38;2;32;27;42m▓[0m[48;2;76;73;78m[38;2;76;73;78m@[0m[48;2;154;151;155m[38;2;154;151;155m+[0m[48;2;45;32;96m[38;2;45;32;96m▒[0m[48;2;62;48;114m[38;2;62;48;114m░[0m[48;2;19;10;48m[38;2;19;10;48m█[0m[48;2;45;33;81m[38;2;45;33;81m▒[0m[48;2;25;20;40m[38;2;25;20;40m▓[0m[48;2;84;80;85m[38;2;84;80;85m@[0m[48;2;100;97;101m[38;2;100;97;101m%[0m[48;2;27;24;34m[38;2;27;24;34m▓[0m[48;2;31;27;42m[38;2;31;27;42m▓[0m[48;2;37;31;50m[38;2;37;31;50m▓[0m[48;2;37;31;51m[38;2;37;31;51m▓[0m[48;2;36;30;51m[38;2;36;30;51m▓[0m[48;2;37;31;51m[38;2;37;31;51m▓[0m[48;2;37;31;52m[38;2;37;31;52m▓[0m[48;2;37;31;52m[38;2;37;31;52m▓[0m[48;2;37;31;52m[38;2;37;31;52m▓[0m[48;2;37;31;52m[38;2;37;31;52m▓[0m[48;2;37;31;52m[38;2;37;31;52m▓[0m[48;2;37;31;52m[38;2;37;31;52m▓[0m[48;2;30;25;42m[38;2;30;25;42m▓[0m[48;2;32;29;39m[38;2;32;29;39m▓[0m[48;2;139;137;141m[38;2;139;137;141m*[0m                                
                                       [48;2;75;74;76m[38;2;75;74;76m@[0m[48;2;7;6;12m[38;2;7;6;12m█[0m[48;2;32;27;45m[38;2;32;27;45m▓[0m[48;2;37;31;53m[38;2;37;31;53m▓[0m[48;2;28;22;41m[38;2;28;22;41m▓[0m[48;2;118;115;121m[38;2;118;115;121m#[0m[48;2;235;233;236m[38;2;235;233;236m.[0m[48;2;82;80;86m[38;2;82;80;86m@[0m[48;2;70;65;79m[38;2;70;65;79m░[0m[48;2;21;12;50m[38;2;21;12;50m▓[0m[48;2;67;50;117m[38;2;67;50;117m░[0m[48;2;30;21;48m[38;2;30;21;48m▓[0m[48;2;163;160;163m[38;2;163;160;163m+[0m [48;2;226;224;226m[38;2;226;224;226m.[0m[48;2;134;133;137m[38;2;134;133;137m*[0m[48;2;51;48;58m[38;2;51;48;58m▒[0m[48;2;24;19;34m[38;2;24;19;34m▓[0m[48;2;33;28;45m[38;2;33;28;45m▓[0m[48;2;37;31;50m[38;2;37;31;50m▓[0m[48;2;37;31;52m[38;2;37;31;52m▓[0m[48;2;37;31;52m[38;2;37;31;52m▓[0m[48;2;37;31;52m[38;2;37;31;52m▓[0m[48;2;37;31;52m[38;2;37;31;52m▓[0m[48;2;37;31;52m[38;2;37;31;52m▓[0m[48;2;37;31;52m[38;2;37;31;52m▓[0m[48;2;37;31;52m[38;2;37;31;52m▓[0m[48;2;37;31;52m[38;2;37;31;52m▓[0m[48;2;28;23;40m[38;2;28;23;40m▓[0m[48;2;50;47;56m[38;2;50;47;56m▒[0m[48;2;199;199;201m[38;2;199;199;201m-[0m                              
                                       [48;2;137;137;137m[38;2;137;137;137m*[0m[48;2;21;20;27m[38;2;21;20;27m▓[0m[48;2;36;31;51m[38;2;36;31;51m▓[0m[48;2;37;31;53m[38;2;37;31;53m▓[0m[48;2;24;18;39m[38;2;24;18;39m▓[0m[48;2;134;131;137m[38;2;134;131;137m*[0m   [48;2;178;177;179m[38;2;178;177;179m=[0m[48;2;87;83;94m[38;2;87;83;94m@[0m[48;2;93;89;97m[38;2;93;89;97m@[0m[48;2;236;233;236m[38;2;236;233;236m.[0m    [48;2;159;158;159m[38;2;159;158;159m+[0m[48;2;31;29;34m[38;2;31;29;34m▓[0m[48;2;51;47;56m[38;2;51;47;56m▒[0m[48;2;22;18;29m[38;2;22;18;29m▓[0m[48;2;30;26;40m[38;2;30;26;40m▓[0m[48;2;37;31;50m[38;2;37;31;50m▓[0m[48;2;37;31;52m[38;2;37;31;52m▓[0m[48;2;37;31;52m[38;2;37;31;52m▓[0m[48;2;37;31;52m[38;2;37;31;52m▓[0m[48;2;37;31;52m[38;2;37;31;52m▓[0m[48;2;37;31;52m[38;2;37;31;52m▓[0m[48;2;37;31;52m[38;2;37;31;52m▓[0m[48;2;36;31;47m[38;2;36;31;47m▓[0m[48;2;22;19;27m[38;2;22;19;27m▓[0m[48;2;188;187;188m[38;2;188;187;188m-[0m                             