                                                                                                    
                                                                                                    
                                                                                                    
                                                                                                    
                                                                                                    
                                                                                                    
                                                                                                    
                                                                                                    
                                                                                                    
                                                                                                    
                                                                                                    
                                                 [48;2;232;232;232m[38;2;232;232;232m.[0m[48;2;214;214;214m[38;2;214;214;214m:[0m[48;2;204;204;205m[38;2;204;204;205m:[0m[48;2;206;206;207m[38;2;206;206;207m:[0m[48;2;218;218;218m[38;2;218;218;218m:[0m[48;2;240;240;240m[38;2;240;240;240m [0m                                             
                                             [48;2;211;211;211m[38;2;211;211;211m:[0m[48;2;112;111;114m[38;2;112;111;114m#[0m[48;2;61;60;65m[38;2;61;60;65m░[0m[48;2;33;32;40m[38;2;33;32;40m▓[0m[48;2;25;24;34m[38;2;25;24;34m▓[0m[48;2;28;26;38m[38;2;28;26;38m▓[0m[48;2;29;28;40m[38;2;29;28;40m▓[0m[48;2;29;27;40m[38;2;29;27;40m▓[0m[48;2;28;26;39m[38;2;28;26;39m▓[0m[48;2;24;22;35m[38;2;24;22;35m▓[0m[48;2;47;45;56m[38;2;47;45;56m▒[0m[48;2;94;93;101m[38;2;94;93;101m%[0m[48;2;161;160;163m[38;2;161;160;163m+[0m[48;2;239;239;240m[38;2;239;239;240m [0m                                         
                                            [48;2;129;129;132m[38;2;129;129;132m*[0m[48;2;25;24;32m[38;2;25;24;32m▓[0m[48;2;40;39;54m[38;2;40;39;54m▒[0m[48;2;43;42;60m[38;2;43;42;60m▒[0m[48;2;41;43;59m[38;2;41;43;59m▒[0m[48;2;40;44;59m[38;2;40;44;59m▒[0m[48;2;41;43;59m[38;2;41;43;59m▒[0m[48;2;41;43;59m[38;2;41;43;59m▒[0m[48;2;41;43;59m[38;2;41;43;59m▒[0m[48;2;41;43;59m[38;2;41;43;59m▒[0m[48;2;41;43;59m[38;2;41;43;59m▒[0m[48;2;41;43;59m[38;2;41;43;59m▒[0m[48;2;41;42;59m[38;2;41;42;59m▒[0m[48;2;33;31;48m[38;2;33;31;48m▓[0m[48;2;32;30;42m[38;2;32;30;42m▓[0m[48;2;122;120;126m[38;2;122;120;126m#[0m[48;2;207;207;208m[38;2;207;207;208m:[0m                                       
                                           [48;2;99;98;103m[38;2;99;98;103m%[0m[48;2;30;28;39m[38;2;30;28;39m▓[0m[48;2;42;43;58m[38;2;42;43;58m▒[0m[48;2;40;44;59m[38;2;40;44;59m▒[0m[48;2;40;44;59m[38;2;40;44;59m▒[0m[48;2;40;44;59m[38;2;40;44;59m▒[0m[48;2;40;44;59m[38;2;40;44;59m▒[0m[48;2;40;44;59m[38;2;40;44;59m▒[0m[48;2;40;44;59m[38;2;40;44;59m▒[0m[48;2;40;44;59m[38;2;40;44;59m▒[0m[48;2;40;44;59m[38;2;40;44;59m▒[0m[48;2;40;44;59m[38;2;40;44;59m▒[0m[48;2;40;44;59m[38;2;40;44;59m▒[0m[48;2;40;44;59m[38;2;40;44;59m▒[0m[48;2;41;43;59m[38;2;41;43;59m▒[0m[48;2;42;43;57m[38;2;42;43;57m▒[0m[48;2;54;53;59m[38;2;54;53;59m▒[0m[48;2;7;6;10m[38;2;7;6;10m█[0m[48;2;78;77;81m[38;2;78;77;81m@[0m[48;2;215;215;215m[38;2;215;215;215m:[0m                                     
                                         [48;2;160;160;161m[38;2;160;160;161m+[0m[48;2;11;10;14m[38;2;11;10;14m█[0m[48;2;27;25;35m[38;2;27;25;35m▓[0m[48;2;42;42;58m[38;2;42;42;58m▒[0m[48;2;41;43;59m[38;2;41;43;59m▒[0m[48;2;40;44;59m[38;2;40;44;59m▒[0m[48;2;40;44;59m[38;2;40;44;59m▒[0m[48;2;40;44;59m[38;2;40;44;59m▒[0m[48;2;40;44;59m[38;2;40;44;59m▒[0m[48;2;40;44;59m[38;2;40;44;59m▒[0m[48;2;40;44;59m[38;2;40;44;59m▒[0m[48;2;40;44;59m[38;2;40;44;59m▒[0m[48;2;40;44;59m[38;2;40;44;59m▒[0m[48;2;40;44;59m[38;2;40;44;59m▒[0m[48;2;40;44;59m[38;2;40;44;59m▒[0m[48;2;40;44;59m[38;2;40;44;59m▒[0m[48;2;40;44;58m[38;2;40;44;58m▒[0m[48;2;44;47;60m[38;2;44;47;60m▒[0m[48;2;74;73;82m[38;2;74;73;82m@[0m[48;2;15;13;19m[38;2;15;13;19m█[0m[48;2;115;108;116m[38;2;115;108;116m#[0m[48;2;56;50;56m[38;2;56;50;56m▒[0m[48;2;208;207;208m[38;2;208;207;208m:[0m                                    
                                         [48;2;28;28;28m[38;2;28;28;28m▓[0m[48;2;15;13;19m[38;2;15;13;19m█[0m[48;2;43;42;56m[38;2;43;42;56m▒[0m[48;2;40;44;59m[38;2;40;44;59m▒[0m[48;2;40;44;59m[38;2;40;44;59m▒[0m[48;2;40;44;59m[38;2;40;44;59m▒[0m[48;2;40;44;59m[38;2;40;44;59m▒[0m[48;2;40;44;59m[38;2;40;44;59m▒[0m[48;2;40;44;59m[38;2;40;44;59m▒[0m[48;2;40;44;59m[38;2;40;44;59m▒[0m[48;2;40;44;59m[38;2;40;44;59m▒[0m[48;2;40;44;59m[38;2;40;44;59m▒[0m[48;2;40;44;59m[38;2;40;44;59m▒[0m[48;2;40;44;59m[38;2;40;44;59m▒[0m[48;2;40;44;59m[38;2;40;44;59m▒[0m[48;2;40;44;59m[38;2;40;44;59m▒[0m[48;2;40;44;59m[38;2;40;44;59m▒[0m[48;2;56;58;72m[38;2;56;58;72m░[0m[48;2;46;44;58m[38;2;46;44;58m▒[0m[48;2;20;14;25m[38;2;20;14;25m█[0m[48;2;110;98;109m[38;2;110;98;109m%[0m[48;2;118;106;115m[38;2;118;106;115m#[0m[48;2;58;53;56m[38;2;58;53;56m▒[0m                                    
                                       [48;2;233;233;233m[38;2;233;233;233m.[0m[48;2;65;64;66m[38;2;65;64;66m░[0m[48;2;30;26;30m[38;2;30;26;30m▓[0m[48;2;32;29;38m[38;2;32;29;38m▓[0m[48;2;41;43;59m[38;2;41;43;59m▒[0m[48;2;40;44;59m[38;2;40;44;59m▒[0m[48;2;40;44;59m[38;2;40;44;59m▒[0m[48;2;40;44;59m[38;2;40;44;59m▒[0m[48;2;40;44;59m[38;2;40;44;59m▒[0m[48;2;40;44;59m[38;2;40;44;59m▒[0m[48;2;40;44;59m[38;2;40;44;59m▒[0m[48;2;40;44;59m[38;2;40;44;59m▒[0m[48;2;40;44;59m[38;2;40;44;59m▒[0m[48;2;40;44;59m[38;2;40;44;59m▒[0m[48;2;40;44;59m[38;2;40;44;59m▒[0m[48;2;40;44;59m[38;2;40;44;59m▒[0m[48;2;40;44;59m[38;2;40;44;59m▒[0m[48;2;42;43;60m[38;2;42;43;60m▒[0m[48;2;62;61;78m[38;2;62;61;78m░[0m[48;2;60;60;71m[38;2;60;60;71m░[0m[48;2;24;20;33m[38;2;24;20;33m▓[0m[48;2;98;89;100m[38;2;98;89;100m%[0m[48;2;102;93;102m[38;2;102;93;102m%[0m[48;2;37;29;36m[38;2;37;29;36m▓[0m[48;2;73;67;71m[38;2;73;67;71m░[0m[48;2;179;178;178m[38;2;179;178;178m=[0m                                   
                                       [48;2;56;54;57m[38;2;56;54;57m░[0m[48;2;105;97;104m[38;2;105;97;104m%[0m[48;2;68;59;67m[38;2;68;59;67m░[0m[48;2;37;32;45m[38;2;37;32;45m▓[0m[48;2;40;44;59m[38;2;40;44;59m▒[0m[48;2;40;44;59m[38;2;40;44;59m▒[0m[48;2;40;44;59m[38;2;40;44;59m▒[0m[48;2;40;44;59m[38;2;40;44;59m▒[0m[48;2;40;44;59m[38;2;40;44;59m▒[0m[48;2;40;44;59m[38;2;40;44;59m▒[0m[48;2;40;44;59m[38;2;40;44;59m▒[0m[48;2;40;44;59m[38;2;40;44;59m▒[0m[48;2;40;44;59m[38;2;40;44;59m▒[0m[48;2;40;44;59m[38;2;40;44;59m▒[0m[48;2;40;44;59m[38;2;40;44;59m▒[0m[48;2;41;43;59m[38;2;41;43;59m▒[0m[48;2;47;46;62m[38;2;47;46;62m▒[0m[48;2;72;69;83m[38;2;72;69;83m░[0m[48;2;52;48;59m[38;2;52;48;59m▒[0m[48;2;32;26;37m[38;2;32;26;37m▓[0m[48;2;114;101;114m[38;2;114;101;114m%[0m[48;2;159;141;155m[38;2;159;141;155m+[0m[48;2;158;141;154m[38;2;158;141;154m+[0m[48;2;51;41;49m[38;2;51;41;49m▒[0m[48;2;82;77;84m[38;2;82;77;84m@[0m[48;2;127;127;128m[38;2;127;127;128m#[0m                                   
                                      [48;2;108;108;109m[38;2;108;108;109m%[0m[48;2;89;81;89m[38;2;89;81;89m@[0m[48;2;159;141;155m[38;2;159;141;155m+[0m[48;2;98;83;95m[38;2;98;83;95m@[0m[48;2;29;23;34m[38;2;29;23;34m▓[0m[48;2;41;44;58m[38;2;41;44;58m▒[0m[48;2;40;44;59m[38;2;40;44;59m▒[0m[48;2;40;44;59m[38;2;40;44;59m▒[0m[48;2;40;44;59m[38;2;40;44;59m▒[0m[48;2;40;44;59m[38;2;40;44;59m▒[0m[48;2;40;44;59m[38;2;40;44;59m▒[0m[48;2;40;44;59m[38;2;40;44;59m▒[0m[48;2;40;44;59m[38;2;40;44;59m▒[0m[48;2;40;44;59m[38;2;40;44;59m▒[0m[48;2;42;43;58m[38;2;42;43;58m▒[0m[48;2;51;49;63m[38;2;51;49;63m▒[0m[48;2;68;65;78m[38;2;68;65;78m░[0m[48;2;59;55;66m[38;2;59;55;66m░[0m[48;2;31;25;34m[38;2;31;25;34m▓[0m[48;2;84;72;83m[38;2;84;72;83m@[0m[48;2;150;133;147m[38;2;150;133;147m*[0m[48;2;161;140;155m[38;2;161;140;155m+[0m[48;2;161;140;155m[38;2;161;140;155m+[0m[48;2;161;140;155m[38;2;161;140;155m+[0m[48;2;81;69;78m[38;2;81;69;78m@[0m[48;2;35;30;35m[38;2;35;30;35m▓[0m[48;2;130;130;131m[38;2;130;130;131m*[0m                                   
                                     [48;2;213;213;213m[38;2;213;213;213m:[0m[48;2;47;43;47m[38;2;47;43;47m▒[0m[48;2;157;141;151m[38;2;157;141;151m+[0m[48;2;161;141;154m[38;2;161;141;154m+[0m[48;2;80;66;76m[38;2;80;66;76m░[0m[48;2;30;23;31m[38;2;30;23;31m▓[0m[48;2;33;31;43m[38;2;33;31;43m▓[0m[48;2;42;43;58m[38;2;42;43;58m▒[0m[48;2;41;43;59m[38;2;41;43;59m▒[0m[48;2;40;44;59m[38;2;40;44;59m▒[0m[48;2;40;44;59m[38;2;40;44;59m▒[0m[48;2;41;43;59m[38;2;41;43;59m▒[0m[48;2;45;45;60m[38;2;45;45;60m▒[0m[48;2;59;60;74m[38;2;59;60;74m░[0m[48;2;50;49;64m[38;2;50;49;64m▒[0m[48;2;61;59;69m[38;2;61;59;69m░[0m[48;2;44;41;50m[38;2;44;41;50m▒[0m[48;2;45;39;48m[38;2;45;39;48m▒[0m[48;2;95;84;93m[38;2;95;84;93m@[0m[48;2;152;134;145m[38;2;152;134;145m*[0m[48;2;161;141;154m[38;2;161;141;154m+[0m[48;2;161;140;155m[38;2;161;140;155m+[0m[48;2;161;140;155m[38;2;161;140;155m+[0m[48;2;161;140;155m[38;2;161;140;155m+[0m[48;2;161;140;155m[38;2;161;140;155m+[0m[48;2;91;79;88m[38;2;91;79;88m@[0m[48;2;17;13;17m[38;2;17;13;17m█[0m[48;2;196;196;197m[38;2;196;196;197m-[0m                                   
                                     [48;2;97;96;97m[38;2;97;96;97m%[0m[48;2;124;110;120m[38;2;124;110;120m#[0m[48;2;162;141;155m[38;2;162;141;155m+[0m[48;2;162;141;155m[38;2;162;141;155m+[0m[48;2;101;86;98m[38;2;101;86;98m%[0m[48;2;82;73;82m[38;2;82;73;82m@[0m[48;2;58;49;60m[38;2;58;49;60m▒[0m[48;2;28;23;36m[38;2;28;23;36m▓[0m[48;2;40;39;54m[38;2;40;39;54m▒[0m[48;2;43;43;57m[38;2;43;43;57m▒[0m[48;2;56;56;70m[38;2;56;56;70m░[0m[48;2;65;64;77m[38;2;65;64;77m░[0m[48;2;58;56;66m[38;2;58;56;66m░[0m[48;2;29;25;36m[38;2;29;25;36m▓[0m[48;2;47;40;50m[38;2;47;40;50m▒[0m[48;2;86;74;85m[38;2;86;74;85m@[0m[48;2;135;120;132m[38;2;135;120;132m#[0m[48;2;158;141;154m[38;2;158;141;154m+[0m[48;2;159;140;154m[38;2;159;140;154m+[0m[48;2;156;136;150m[38;2;156;136;150m*[0m[48;2;161;140;155m[38;2;161;140;155m+[0m[48;2;161;140;155m[38;2;161;140;155m+[0m[48;2;161;140;155m[38;2;161;140;155m+[0m[48;2;161;140;155m[38;2;161;140;155m+[0m[48;2;161;140;155m[38;2;161;140;155m+[0m[48;2;63;52;60m[38;2;63;52;60m░[0m[48;2;150;146;149m[38;2;150;146;149m+[0m[48;2;153;152;153m[38;2;153;152;153m+[0m[48;2;177;176;178m[38;2;177;176;178m=[0m[48;2;205;204;206m[38;2;205;204;206m:[0m                                 
                                     [48;2;39;36;39m[38;2;39;36;39m▒[0m[48;2;158;141;153m[38;2;158;141;153m+[0m[48;2;161;140;155m[38;2;161;140;155m+[0m[48;2;161;140;155m[38;2;161;140;155m+[0m[48;2;157;137;151m[38;2;157;137;151m*[0m[48;2;48;38;48m[38;2;48;38;48m▒[0m[48;2;102;89;101m[38;2;102;89;101m%[0m[48;2;99;86;100m[38;2;99;86;100m%[0m[48;2;82;73;82m[38;2;82;73;82m@[0m[48;2;70;61;71m[38;2;70;61;71m░[0m[48;2;31;22;31m[38;2;31;22;31m▓[0m[48;2;80;69;79m[38;2;80;69;79m@[0m[48;2;110;97;109m[38;2;110;97;109m%[0m[48;2;144;127;141m[38;2;144;127;141m*[0m[48;2;157;140;153m[38;2;157;140;153m+[0m[48;2;140;123;136m[38;2;140;123;136m*[0m[48;2;109;94;106m[38;2;109;94;106m%[0m[48;2;79;65;77m[38;2;79;65;77m░[0m[48;2;72;58;70m[38;2;72;58;70m░[0m[48;2;112;95;108m[38;2;112;95;108m%[0m[48;2;161;140;155m[38;2;161;140;155m+[0m[48;2;161;140;155m[38;2;161;140;155m+[0m[48;2;161;140;155m[38;2;161;140;155m+[0m[48;2;161;140;155m[38;2;161;140;155m+[0m[48;2;142;122;136m[38;2;142;122;136m*[0m[48;2;14;8;14m[38;2;14;8;14m█[0m[48;2;19;17;22m[38;2;19;17;22m█[0m[48;2;196;194;199m[38;2;196;194;199m-[0m[48;2;66;64;68m[38;2;66;64;68m░[0m[48;2;38;36;40m[38;2;38;36;40m▒[0m[48;2;171;170;172m[38;2;171;170;172m=[0m                                
                                    [48;2;226;226;226m[38;2;226;226;226m.[0m[48;2;46;42;45m[38;2;46;42;45m▒[0m[48;2;159;141;154m[38;2;159;141;154m+[0m[48;2;161;140;155m[38;2;161;140;155m+[0m[48;2;161;140;155m[38;2;161;140;155m+[0m[48;2;161;140;155m[38;2;161;140;155m+[0m[48;2;146;127;140m[38;2;146;127;140m*[0m[48;2;46;33;43m[38;2;46;33;43m▒[0m[48;2;26;15;23m[38;2;26;15;23m▓[0m[48;2;106;95;104m[38;2;106;95;104m%[0m[48;2;29;23;29m[38;2;29;23;29m▓[0m[48;2;41;34;41m[38;2;41;34;41m▒[0m[48;2;88;76;86m[38;2;88;76;86m@[0m[48;2;79;68;78m[38;2;79;68;78m░[0m[48;2;77;63;75m[38;2;77;63;75m░[0m[48;2;78;64;76m[38;2;78;64;76m░[0m[48;2;95;80;92m[38;2;95;80;92m@[0m[48;2;127;110;123m[38;2;127;110;123m#[0m[48;2;155;136;150m[38;2;155;136;150m*[0m[48;2;161;140;155m[38;2;161;140;155m+[0m[48;2;161;140;155m[38;2;161;140;155m+[0m[48;2;161;140;155m[38;2;161;140;155m+[0m[48;2;161;140;155m[38;2;161;140;155m+[0m[48;2;161;140;155m[38;2;161;140;155m+[0m[48;2;160;140;154m[38;2;160;140;154m+[0m[48;2;59;46;54m[38;2;59;46;54m▒[0m[48;2;26;22;30m[38;2;26;22;30m▓[0m[48;2;18;16;25m[38;2;18;16;25m█[0m[48;2;172;170;176m[38;2;172;170;176m=[0m[48;2;221;220;223m[38;2;221;220;223m.[0m[48;2;39;38;40m[38;2;39;38;40m▒[0m                                 
                                    [48;2;232;232;232m[38;2;232;232;232m.[0m[48;2;43;39;42m[38;2;43;39;42m▒[0m[48;2;157;140;152m[38;2;157;140;152m+[0m[48;2;161;140;155m[38;2;161;140;155m+[0m[48;2;161;140;155m[38;2;161;140;155m+[0m[48;2;161;140;155m[38;2;161;140;155m+[0m[48;2;161;140;155m[38;2;161;140;155m+[0m[48;2;158;139;152m[38;2;158;139;152m*[0m[48;2;59;48;56m[38;2;59;48;56m▒[0m[48;2;9;3;10m[38;2;9;3;10m█[0m[48;2;8;5;11m[38;2;8;5;11m█[0m[48;2;29;26;32m[38;2;29;26;32m▓[0m[48;2;72;66;73m[38;2;72;66;73m░[0m[48;2;121;110;119m[38;2;121;110;119m#[0m[48;2;158;140;154m[38;2;158;140;154m+[0m[48;2;161;140;155m[38;2;161;140;155m+[0m[48;2;161;140;155m[38;2;161;140;155m+[0m[48;2;161;140;155m[38;2;161;140;155m+[0m[48;2;161;140;155m[38;2;161;140;155m+[0m[48;2;161;140;155m[38;2;161;140;155m+[0m[48;2;161;140;155m[38;2;161;140;155m+[0m[48;2;161;140;155m[38;2;161;140;155m+[0m[48;2;161;140;155m[38;2;161;140;155m+[0m[48;2;161;140;155m[38;2;161;140;155m+[0m[48;2;151;131;145m[38;2;151;131;145m*[0m[48;2;49;37;44m[38;2;49;37;44m▒[0m[48;2;24;19;28m[38;2;24;19;28m▓[0m[48;2;27;24;34m[38;2;27;24;34m▓[0m[48;2;117;114;120m[38;2;117;114;120m#[0m[48;2;198;197;198m[38;2;198;197;198m-[0m[48;2;53;52;54m[38;2;53;52;54m▒[0m[48;2;122;122;123m[38;2;122;122;123m#[0m[48;2;147;147;147m[38;2;147;147;147m+[0m[48;2;163;163;163m[38;2;163;163;163m+[0m[48;2;198;198;198m[38;2;198;198;198m-[0m[48;2;239;239;239m[38;2;239;239;239m [0m                            
                                    [48;2;186;186;186m[38;2;186;186;186m-[0m[48;2;15;12;14m[38;2;15;12;14m█[0m[48;2;143;129;138m[38;2;143;129;138m*[0m[48;2;161;140;155m[38;2;161;140;155m+[0m[48;2;161;140;155m[38;2;161;140;155m+[0m[48;2;161;140;155m[38;2;161;140;155m+[0m[48;2;161;140;155m[38;2;161;140;155m+[0m[48;2;160;141;155m[38;2;160;141;155m+[0m[48;2;52;42;50m[38;2;52;42;50m▒[0m[48;2;30;25;33m[38;2;30;25;33m▓[0m[48;2;4;1;8m[38;2;4;1;8m█[0m[48;2;16;14;19m[38;2;16;14;19m█[0m[48;2;19;16;22m[38;2;19;16;22m█[0m[48;2;49;41;48m[38;2;49;41;48m▒[0m[48;2;156;138;152m[38;2;156;138;152m*[0m[48;2;161;140;155m[38;2;161;140;155m+[0m[48;2;161;140;155m[38;2;161;140;155m+[0m[48;2;161;140;155m[38;2;161;140;155m+[0m[48;2;161;140;155m[38;2;161;140;155m+[0m[48;2;161;140;155m[38;2;161;140;155m+[0m[48;2;161;140;155m[38;2;161;140;155m+[0m[48;2;161;140;155m[38;2;161;140;155m+[0m[48;2;161;140;155m[38;2;161;140;155m+[0m[48;2;161;140;155m[38;2;161;140;155m+[0m[48;2;161;140;155m[38;2;161;140;155m+[0m[48;2;151;133;145m[38;2;151;133;145m*[0m[48;2;33;26;34m[38;2;33;26;34m▓[0m[48;2;21;18;27m[38;2;21;18;27m▓[0m[48;2;103;100;106m[38;2;103;100;106m%[0m[48;2;149;147;149m[38;2;149;147;149m+[0m[48;2;43;41;42m[38;2;43;41;42m▒[0m[48;2;86;83;87m[38;2;86;83;87m@[0m[48;2;99;97;99m[38;2;99;97;99m%[0m[48;2;55;55;55m[38;2;55;55;55m░[0m[48;2;41;41;41m[38;2;41;41;41m▒[0m[48;2;62;60;61m[38;2;62;60;61m░[0m[48;2;85;81;84m[38;2;85;81;84m@[0m[48;2;149;147;149m[38;2;149;147;149m+[0m                          
                                     [48;2;200;199;200m[38;2;200;199;200m-[0m[48;2;55;49;54m[38;2;55;49;54m▒[0m[48;2;150;134;146m[38;2;150;134;146m*[0m[48;2;160;141;155m[38;2;160;141;155m+[0m[48;2;161;140;155m[38;2;161;140;155m+[0m[48;2;161;140;155m[38;2;161;140;155m+[0m[48;2;161;140;155m[38;2;161;140;155m+[0m[48;2;95;82;93m[38;2;95;82;93m@[0m[48;2;37;30;39m[38;2;37;30;39m▓[0m[48;2;12;7;14m[38;2;12;7;14m█[0m[48;2;11;8;12m[38;2;11;8;12m█[0m[48;2;19;16;21m[38;2;19;16;21m█[0m[48;2;11;7;13m[38;2;11;7;13m█[0m[48;2;70;61;70m[38;2;70;61;70m░[0m[48;2;160;141;155m[38;2;160;141;155m+[0m[48;2;161;140;155m[38;2;161;140;155m+[0m[48;2;161;140;155m[38;2;161;140;155m+[0m[48;2;161;140;155m[38;2;161;140;155m+[0m[48;2;161;140;155m[38;2;161;140;155m+[0m[48;2;161;140;155m[38;2;161;140;155m+[0m[48;2;161;140;155m[38;2;161;140;155m+[0m[48;2;161;140;155m[38;2;161;140;155m+[0m[48;2;161;140;155m[38;2;161;140;155m+[0m[48;2;161;140;155m[38;2;161;140;155m+[0m[48;2;161;140;155m[38;2;161;140;155m+[0m[48;2;145;127;141m[38;2;145;127;141m*[0m[48;2;61;50;61m[38;2;61;50;61m▒[0m[48;2;55;50;57m[38;2;55;50;57m▒[0m[48;2;32;29;32m[38;2;32;29;32m▓[0m[48;2;127;124;127m[38;2;127;124;127m#[0m[48;2;197;195;199m[38;2;197;195;199m-[0m[48;2;188;185;189m[38;2;188;185;189m-[0m[48;2;179;176;180m[38;2;179;176;180m=[0m[48;2;84;80;83m[38;2;84;80;83m@[0m[48;2;86;78;84m[38;2;86;78;84m@[0m[48;2;155;139;149m[38;2;155;139;149m*[0m[48;2;102;89;98m[38;2;102;89;98m%[0m[48;2;114;110;114m[38;2;114;110;114m#[0m                         
                                      [48;2;154;151;155m[38;2;154;151;155m+[0m[48;2;28;22;28m[38;2;28;22;28m▓[0m[48;2;106;94;104m[38;2;106;94;104m%[0m[48;2;156;140;152m[38;2;156;140;152m*[0m[48;2;160;141;155m[38;2;160;141;155m+[0m[48;2;161;140;155m[38;2;161;140;155m+[0m[48;2;160;142;154m[38;2;160;142;154m+[0m[48;2;156;139;150m[38;2;156;139;150m*[0m[48;2;59;48;58m[38;2;59;48;58m▒[0m[48;2;37;28;37m[38;2;37;28;37m▓[0m[48;2;22;16;23m[38;2;22;16;23m▓[0m[48;2;76;70;77m[38;2;76;70;77m░[0m[48;2;70;62;70m[38;2;70;62;70m░[0m[48;2;76;65;74m[38;2;76;65;74m░[0m[48;2;110;96;108m[38;2;110;96;108m%[0m[48;2;145;128;142m[38;2;145;128;142m*[0m[48;2;160;141;155m[38;2;160;141;155m+[0m[48;2;161;140;155m[38;2;161;140;155m+[0m[48;2;161;140;155m[38;2;161;140;155m+[0m[48;2;161;140;155m[38;2;161;140;155m+[0m[48;2;161;140;155m[38;2;161;140;155m+[0m[48;2;161;140;155m[38;2;161;140;155m+[0m[48;2;161;140;155m[38;2;161;140;155m+[0m[48;2;161;140;155m[38;2;161;140;155m+[0m[48;2;161;140;155m[38;2;161;140;155m+[0m[48;2;161;140;155m[38;2;161;140;155m+[0m[48;2;152;134;147m[38;2;152;134;147m*[0m[48;2;131;115;127m[38;2;131;115;127m#[0m[48;2;116;103;113m[38;2;116;103;113m%[0m[48;2;103;93;101m[38;2;103;93;101m%[0m[48;2;111;102;109m[38;2;111;102;109m%[0m[48;2;112;102;109m[38;2;112;102;109m%[0m[48;2;134;122;130m[38;2;134;122;130m#[0m[48;2;152;136;146m[38;2;152;136;146m*[0m[48;2;135;120;130m[38;2;135;120;130m#[0m[48;2;82;70;79m[38;2;82;70;79m@[0m[48;2;35;29;35m[38;2;35;29;35m▓[0m[48;2;195;193;196m[38;2;195;193;196m-[0m                        
                                       [48;2;74;72;74m[38;2;74;72;74m░[0m[48;2;82;79;81m[38;2;82;79;81m@[0m[48;2;60;54;59m[38;2;60;54;59m░[0m[48;2;145;131;142m[38;2;145;131;142m*[0m[48;2;159;141;155m[38;2;159;141;155m+[0m[48;2;161;140;155m[38;2;161;140;155m+[0m[48;2;161;140;155m[38;2;161;140;155m+[0m[48;2;161;141;155m[38;2;161;141;155m+[0m[48;2;161;140;155m[38;2;161;140;155m+[0m[48;2;149;129;143m[38;2;149;129;143m*[0m[48;2;76;61;72m[38;2;76;61;72m░[0m[48;2;76;64;74m[38;2;76;64;74m░[0m[48;2;61;54;61m[38;2;61;54;61m░[0m[48;2;12;8;13m[38;2;12;8;13m█[0m[48;2;23;16;23m[38;2;23;16;23m▓[0m[48;2;108;94;106m[38;2;108;94;106m%[0m[48;2;161;140;155m[38;2;161;140;155m+[0m[48;2;123;104;118m[38;2;123;104;118m#[0m[48;2;153;134;148m[38;2;153;134;148m*[0m[48;2;161;140;155m[38;2;161;140;155m+[0m[48;2;161;140;155m[38;2;161;140;155m+[0m[48;2;154;134;149m[38;2;154;134;149m*[0m[48;2;158;138;153m[38;2;158;138;153m*[0m[48;2;161;140;155m[38;2;161;140;155m+[0m[48;2;161;140;155m[38;2;161;140;155m+[0m[48;2;161;140;155m[38;2;161;140;155m+[0m[48;2;160;141;155m[38;2;160;141;155m+[0m[48;2;136;118;132m[38;2;136;118;132m#[0m[48;2;87;72;84m[38;2;87;72;84m@[0m[48;2;82;67;79m[38;2;82;67;79m░[0m[48;2;81;67;79m[38;2;81;67;79m░[0m[48;2;81;67;79m[38;2;81;67;79m░[0m[48;2;85;71;82m[38;2;85;71;82m@[0m[48;2;101;89;98m[38;2;101;89;98m%[0m[48;2;125;114;123m[38;2;125;114;123m#[0m[48;2;103;92;101m[38;2;103;92;101m%[0m[48;2;104;99;104m[38;2;104;99;104m%[0m                        
                                        [48;2;144;144;144m[38;2;144;144;144m*[0m[48;2;121;120;121m[38;2;121;120;121m#[0m[48;2;65;59;63m[38;2;65;59;63m░[0m[48;2;93;80;91m[38;2;93;80;91m@[0m[48;2;152;134;149m[38;2;152;134;149m*[0m[48;2;161;140;155m[38;2;161;140;155m+[0m[48;2;161;140;155m[38;2;161;140;155m+[0m[48;2;161;140;155m[38;2;161;140;155m+[0m[48;2;161;140;155m[38;2;161;140;155m+[0m[48;2;160;139;154m[38;2;160;139;154m+[0m[48;2;154;133;148m[38;2;154;133;148m*[0m[48;2;127;110;123m[38;2;127;110;123m#[0m[48;2;117;102;114m[38;2;117;102;114m%[0m[48;2;154;137;149m[38;2;154;137;149m*[0m[48;2;159;140;154m[38;2;159;140;154m+[0m[48;2;161;140;155m[38;2;161;140;155m+[0m[48;2;128;110;123m[38;2;128;110;123m#[0m[48;2;79;61;74m[38;2;79;61;74m░[0m[48;2;80;63;76m[38;2;80;63;76m░[0m[48;2;80;67;79m[38;2;80;67;79m░[0m[48;2;47;35;46m[38;2;47;35;46m▒[0m[48;2;19;8;18m[38;2;19;8;18m█[0m[48;2;35;26;34m[38;2;35;26;34m▓[0m[48;2;46;37;45m[38;2;46;37;45m▒[0m[48;2;55;45;54m[38;2;55;45;54m▒[0m[48;2;68;58;66m[38;2;68;58;66m░[0m[48;2;75;63;72m[38;2;75;63;72m░[0m[48;2;77;65;74m[38;2;77;65;74m░[0m[48;2;79;66;75m[38;2;79;66;75m░[0m[48;2;79;67;76m[38;2;79;67;76m░[0m[48;2;72;61;70m[38;2;72;61;70m░[0m[48;2;60;51;59m[38;2;60;51;59m▒[0m[48;2;88;80;88m[38;2;88;80;88m@[0m[48;2;97;90;96m[38;2;97;90;96m%[0m[48;2;108;103;108m[38;2;108;103;108m%[0m[48;2;235;231;236m[38;2;235;231;236m.[0m                        
                                         [48;2;191;190;192m[38;2;191;190;192m-[0m[48;2;13;11;16m[38;2;13;11;16m█[0m[48;2;13;9;17m[38;2;13;9;17m█[0m[48;2;17;12;22m[38;2;17;12;22m█[0m[48;2;77;65;84m[38;2;77;65;84m░[0m[48;2;127;110;123m[38;2;127;110;123m#[0m[48;2;156;136;151m[38;2;156;136;151m*[0m[48;2;161;140;155m[38;2;161;140;155m+[0m[48;2;161;140;155m[38;2;161;140;155m+[0m[48;2;161;140;155m[38;2;161;140;155m+[0m[48;2;161;140;155m[38;2;161;140;155m+[0m[48;2;101;83;96m[38;2;101;83;96m@[0m[48;2;74;60;72m[38;2;74;60;72m░[0m[48;2;117;102;114m[38;2;117;102;114m%[0m[48;2;139;123;135m[38;2;139;123;135m*[0m[48;2;156;139;152m[38;2;156;139;152m*[0m[48;2;160;141;155m[38;2;160;141;155m+[0m[48;2;160;141;155m[38;2;160;141;155m+[0m[48;2;158;139;153m[38;2;158;139;153m*[0m[48;2;153;135;148m[38;2;153;135;148m*[0m[48;2;150;132;145m[38;2;150;132;145m*[0m[48;2;150;132;145m[38;2;150;132;145m*[0m[48;2;152;135;148m[38;2;152;135;148m*[0m[48;2;154;137;150m[38;2;154;137;150m*[0m[48;2;158;141;153m[38;2;158;141;153m+[0m[48;2;159;142;153m[38;2;159;142;153m+[0m[48;2;155;139;150m[38;2;155;139;150m*[0m[48;2;130;115;127m[38;2;130;115;127m#[0m[48;2;89;77;86m[38;2;89;77;86m@[0m[48;2;82;73;81m[38;2;82;73;81m@[0m[48;2;171;167;172m[38;2;171;167;172m=[0m                            
                                        [48;2;224;224;224m[38;2;224;224;224m.[0m[48;2;29;28;32m[38;2;29;28;32m▓[0m[48;2;34;30;44m[38;2;34;30;44m▓[0m[48;2;21;17;31m[38;2;21;17;31m▓[0m[48;2;9;4;19m[38;2;9;4;19m█[0m[48;2;83;69;138m[38;2;83;69;138m@[0m[48;2;68;58;106m[38;2;68;58;106m░[0m[48;2;38;27;74m[38;2;38;27;74m▓[0m[48;2;42;35;48m[38;2;42;35;48m▒[0m[48;2;73;63;82m[38;2;73;63;82m░[0m[48;2;98;84;97m[38;2;98;84;97m@[0m[48;2;120;106;118m[38;2;120;106;118m#[0m[48;2;138;121;134m[38;2;138;121;134m#[0m[48;2;145;130;143m[38;2;145;130;143m*[0m[48;2;104;92;103m[38;2;104;92;103m%[0m[48;2;59;52;59m[38;2;59;52;59m░[0m[48;2;31;24;32m[38;2;31;24;32m▓[0m[48;2;29;23;29m[38;2;29;23;29m▓[0m[48;2;47;40;46m[38;2;47;40;46m▒[0m[48;2;61;54;61m[38;2;61;54;61m░[0m[48;2;70;61;70m[38;2;70;61;70m░[0m[48;2;76;67;77m[38;2;76;67;77m░[0m[48;2;79;68;78m[38;2;79;68;78m░[0m[48;2;78;67;77m[38;2;78;67;77m░[0m[48;2;70;61;70m[38;2;70;61;70m░[0m[48;2;54;47;54m[38;2;54;47;54m▒[0m[48;2;36;31;37m[38;2;36;31;37m▓[0m[48;2;80;75;80m[38;2;80;75;80m@[0m[48;2;153;149;152m[38;2;153;149;152m+[0m[48;2;218;216;218m[38;2;218;216;218m:[0m                              
                                        [48;2;73;72;75m[38;2;73;72;75m░[0m[48;2;28;26;36m[38;2;28;26;36m▓[0m[48;2;37;31;51m[38;2;37;31;51m▓[0m[48;2;37;31;51m[38;2;37;31;51m▓[0m[48;2;11;7;23m[38;2;11;7;23m█[0m[48;2;85;73;142m[38;2;85;73;142m@[0m[48;2;95;84;149m[38;2;95;84;149m%[0m[48;2;72;55;151m[38;2;72;55;151m░[0m[48;2;8;3;34m[38;2;8;3;34m█[0m[48;2;48;36;107m[38;2;48;36;107m▒[0m[48;2;69;57;138m[38;2;69;57;138m░[0m[48;2;54;40;131m[38;2;54;40;131m▒[0m[48;2;46;36;104m[38;2;46;36;104m▒[0m[48;2;40;25;106m[38;2;40;25;106m▒[0m[48;2;48;39;77m[38;2;48;39;77m▒[0m[48;2;31;24;51m[38;2;31;24;51m▓[0m[48;2;32;28;35m[38;2;32;28;35m▓[0m[48;2;33;30;38m[38;2;33;30;38m▓[0m[48;2;15;12;21m[38;2;15;12;21m█[0m[48;2;11;8;17m[38;2;11;8;17m█[0m[48;2;11;8;18m[38;2;11;8;18m█[0m[48;2;11;9;18m[38;2;11;9;18m█[0m[48;2;12;9;17m[38;2;12;9;17m█[0m[48;2;14;10;20m[38;2;14;10;20m█[0m[48;2;18;14;25m[38;2;18;14;25m█[0m[48;2;23;18;33m[38;2;23;18;33m▓[0m[48;2;27;22;39m[38;2;27;22;39m▓[0m[48;2;23;19;34m[38;2;23;19;34m▓[0m[48;2;41;37;49m[38;2;41;37;49m▒[0m[48;2;100;97;105m[38;2;100;97;105m%[0m[48;2;180;179;181m[38;2;180;179;181m=[0m                             
                                       [48;2;181;181;181m[38;2;181;181;181m=[0m[48;2;17;15;23m[38;2;17;15;23m█[0m[48;2;37;32;51m[38;2;37;32;51m▓[0m[48;2;37;31;52m[38;2;37;31;52m▓[0m[48;2;37;31;51m[38;2;37;31;51m▓[0m[48;2;12;9;22m[38;2;12;9;22m█[0m[48;2;76;67;123m[38;2;76;67;123m@[0m[48;2;88;75;153m[38;2;88;75;153m@[0m[48;2;85;70;154m[38;2;85;70;154m@[0m[48;2;20;9;71m[38;2;20;9;71m▓[0m[48;2;75;72;80m[38;2;75;72;80m@[0m[48;2;39;29;87m[38;2;39;29;87m▒[0m[48;2;81;67;157m[38;2;81;67;157m@[0m[48;2;75;61;162m[38;2;75;61;162m@[0m[48;2;79;65;162m[38;2;79;65;162m@[0m[48;2;70;53;164m[38;2;70;53;164m░[0m[48;2;42;33;80m[38;2;42;33;80m▒[0m[48;2;24;20;32m[38;2;24;20;32m▓[0m[48;2;35;31;42m[38;2;35;31;42m▓[0m[48;2;38;33;50m[38;2;38;33;50m▓[0m[48;2;37;32;51m[38;2;37;32;51m▓[0m[48;2;37;31;52m[38;2;37;31;52m▓[0m[48;2;37;31;52m[38;2;37;31;52m▓[0m[48;2;37;31;52m[38;2;37;31;52m▓[0m[48;2;37;31;52m[38;2;37;31;52m▓[0m[48;2;37;31;52m[38;2;37;31;52m▓[0m[48;2;37;31;52m[38;2;37;31;52m▓[0m[48;2;37;31;52m[38;2;37;31;52m▓[0m[48;2;37;31;52m[38;2;37;31;52m▓[0m[48;2;37;31;52m[38;2;37;31;52m▓[0m[48;2;36;30;50m[38;2;36;30;50m▓[0m[48;2;26;21;38m[38;2;26;21;38m▓[0m[48;2;38;35;44m[38;2;38;35;44m▒[0m[48;2;131;130;134m[38;2;131;130;134m*[0m[48;2;235;235;237m[38;2;235;235;237m.[0m                          
                                       [48;2;75;74;77m[38;2;75;74;77m@[0m[48;2;31;28;41m[38;2;31;28;41m▓[0m[48;2;37;31;52m[38;2;37;31;52m▓[0m[48;2;37;31;52m[38;2;37;31;52m▓[0m[48;2;37;31;52m[38;2;37;31;52m▓[0m[48;2;28;23;41m[38;2;28;23;41m▓[0m[48;2;25;20;38m[38;2;25;20;38m▓[0m[48;2;36;31;54m[38;2;36;31;54m▓[0m[48;2;44;37;67m[38;2;44;37;67m▒[0m[48;2;22;13;56m[38;2;22;13;56m▓[0m[48;2;110;106;113m[38;2;110;106;113m%[0m[48;2;163;160;164m[38;2;163;160;164m+[0m[48;2;44;37;64m[38;2;44;37;64m▒[0m[48;2;64;51;123m[38;2;64;51;123m░[0m[48;2;52;42;102m[38;2;52;42;102m▒[0m[48;2;73;71;80m[38;2;73;71;80m░[0m[48;2;132;130;133m[38;2;132;130;133m*[0m[48;2;46;42;49m[38;2;46;42;49m▒[0m[48;2;49;45;56m[38;2;49;45;56m▒[0m[48;2;62;57;73m[38;2;62;57;73m░[0m[48;2;53;48;66m[38;2;53;48;66m▒[0m[48;2;38;33;51m[38;2;38;33;51m▓[0m[48;2;37;31;52m[38;2;37;31;52m▓[0m[48;2;37;31;52m[38;2;37;31;52m▓[0m[48;2;37;31;52m[38;2;37;31;52m▓[0m[48;2;37;31;52m[38;2;37;31;52m▓[0m[48;2;37;31;52m[38;2;37;31;52m▓[0m[48;2;37;31;52m[38;2;37;31;52m▓[0m[48;2;37;31;52m[38;2;37;31;52m▓[0m[48;2;37;31;52m[38;2;37;31;52m▓[0m[48;2;37;31;52m[38;2;37;31;52m▓[0m[48;2;37;31;52m[38;2;37;31;52m▓[0m[48;2;37;31;51m[38;2;37;31;51m▓[0m[48;2;32;27;44m[38;2;32;27;44m▓[0m[48;2;32;28;40m[38;2;32;28;40m▓[0m[48;2;150;148;154m[38;2;150;148;154m+[0m                         
                                       [48;2;17;16;20m[38;2;17;16;20m█[0m[48;2;36;33;49m[38;2;36;33;49m▓[0m[48;2;37;31;52m[38;2;37;31;52m▓[0m[48;2;37;31;52m[38;2;37;31;52m▓[0m[48;2;37;31;52m[38;2;37;31;52m▓[0m[48;2;37;31;52m[38;2;37;31;52m▓[0m[48;2;37;31;52m[38;2;37;31;52m▓[0m[48;2;37;31;52m[38;2;37;31;52m▓[0m[48;2;67;63;78m[38;2;67;63;78m░[0m[48;2;25;22;27m[38;2;25;22;27m▓[0m[48;2;5;2;8m[38;2;5;2;8m█[0m[48;2;111;108;113m[38;2;111;108;113m%[0m[48;2;214;211;216m[38;2;214;211;216m:[0m[48;2;149;146;151m[38;2;149;146;151m+[0m[48;2;26;23;28m[38;2;26;23;28m▓[0m[48;2;119;116;118m[38;2;119;116;118m#[0m[48;2;219;217;219m[38;2;219;217;219m:[0m[48;2;242;239;243m[38;2;242;239;243m [0m[48;2;120;117;123m[38;2;120;117;123m#[0m[48;2;33;30;37m[38;2;33;30;37m▓[0m[48;2;33;29;39m[38;2;33;29;39m▓[0m[48;2;56;52;65m[38;2;56;52;65m▒[0m[48;2;62;57;71m[38;2;62;57;71m░[0m[48;2;47;42;58m[38;2;47;42;58m▒[0m[48;2;37;31;52m[38;2;37;31;52m▓[0m[48;2;37;31;52m[38;2;37;31;52m▓[0m[48;2;37;31;52m[38;2;37;31;52m▓[0m[48;2;37;31;52m[38;2;37;31;52m▓[0m[48;2;37;31;52m[38;2;37;31;52m▓[0m[48;2;37;31;52m[38;2;37;31;52m▓[0m[48;2;37;31;52m[38;2;37;31;52m▓[0m[48;2;37;31;52m[38;2;37;31;52m▓[0m[48;2;37;31;52m[38;2;37;31;52m▓[0m[48;2;37;31;52m[38;2;37;31;52m▓[0m[48;2;37;31;51m[38;2;37;31;51m▓[0m[48;2;25;20;35m[38;2;25;20;35m▓[0m[48;2;89;87;92m[38;2;89;87;92m@[0m                        