                                                                                                    
                                                                                                    
                                                                                                    
                                                                                                    
                                                                                                    
                                                                                                    
                                                                                                    
                                                                                                    
                                                                                                    
                                                                                                    
                                                                                                    
                                                [48;2;222;222;222m[38;2;222;222;222m.[0m[48;2;205;205;205m[38;2;205;205;205m:[0m[48;2;202;202;202m[38;2;202;202;202m:[0m[48;2;198;198;198m[38;2;198;198;198m-[0m[48;2;204;204;204m[38;2;204;204;204m:[0m[48;2;229;229;229m[38;2;229;229;229m.[0m                                              
                                            [48;2;166;166;167m[38;2;166;166;167m=[0m[48;2;96;95;99m[38;2;96;95;99m%[0m[48;2;52;50;56m[38;2;52;50;56m▒[0m[48;2;26;25;33m[38;2;26;25;33m▓[0m[48;2;26;24;35m[38;2;26;24;35m▓[0m[48;2;30;28;39m[38;2;30;28;39m▓[0m[48;2;32;30;42m[38;2;32;30;42m▓[0m[48;2;31;29;41m[38;2;31;29;41m▓[0m[48;2;30;28;40m[38;2;30;28;40m▓[0m[48;2;25;23;35m[38;2;25;23;35m▓[0m[48;2;34;32;43m[38;2;34;32;43m▓[0m[48;2;70;68;78m[38;2;70;68;78m░[0m[48;2;113;112;118m[38;2;113;112;118m#[0m[48;2;170;169;172m[38;2;170;169;172m=[0m                                          
                                         [48;2;234;234;234m[38;2;234;234;234m.[0m[48;2;119;118;121m[38;2;119;118;121m#[0m[48;2;33;32;39m[38;2;33;32;39m▓[0m[48;2;33;31;44m[38;2;33;31;44m▓[0m[48;2;45;43;59m[38;2;45;43;59m▒[0m[48;2;59;56;72m[38;2;59;56;72m░[0m[48;2;57;55;70m[38;2;57;55;70m░[0m[48;2;33;31;44m[38;2;33;31;44m▓[0m[48;2;44;41;53m[38;2;44;41;53m▒[0m[48;2;39;37;48m[38;2;39;37;48m▒[0m[48;2;29;27;39m[38;2;29;27;39m▓[0m[48;2;30;28;41m[38;2;30;28;41m▓[0m[48;2;34;33;47m[38;2;34;33;47m▓[0m[48;2;40;39;54m[38;2;40;39;54m▒[0m[48;2;43;42;59m[38;2;43;42;59m▒[0m[48;2;44;41;60m[38;2;44;41;60m▒[0m[48;2;34;31;47m[38;2;34;31;47m▓[0m[48;2;33;31;43m[38;2;33;31;43m▓[0m[48;2;126;125;130m[38;2;126;125;130m#[0m[48;2;238;238;239m[38;2;238;238;239m [0m                                       
                                        [48;2;155;154;157m[38;2;155;154;157m+[0m[48;2;29;28;33m[38;2;29;28;33m▓[0m[48;2;25;23;33m[38;2;25;23;33m▓[0m[48;2;32;29;41m[38;2;32;29;41m▓[0m[48;2;45;42;53m[38;2;45;42;53m▒[0m[48;2;45;41;52m[38;2;45;41;52m▒[0m[48;2;57;51;61m[38;2;57;51;61m▒[0m[48;2;51;42;52m[38;2;51;42;52m▒[0m[48;2;73;62;72m[38;2;73;62;72m░[0m[48;2;93;79;89m[38;2;93;79;89m@[0m[48;2;126;112;122m[38;2;126;112;122m#[0m[48;2;141;126;136m[38;2;141;126;136m*[0m[48;2;127;112;122m[38;2;127;112;122m#[0m[48;2;107;93;103m[38;2;107;93;103m%[0m[48;2;79;68;76m[38;2;79;68;76m░[0m[48;2;43;33;43m[38;2;43;33;43m▒[0m[48;2;38;32;46m[38;2;38;32;46m▓[0m[48;2;63;59;73m[38;2;63;59;73m░[0m[48;2;56;52;67m[38;2;56;52;67m░[0m[48;2;38;35;46m[38;2;38;35;46m▒[0m[48;2;42;40;45m[38;2;42;40;45m▒[0m[48;2;190;189;192m[38;2;190;189;192m-[0m                                      
                                       [48;2;85;84;87m[38;2;85;84;87m@[0m[48;2;26;22;29m[38;2;26;22;29m▓[0m[48;2;74;65;76m[38;2;74;65;76m░[0m[48;2;70;60;71m[38;2;70;60;71m░[0m[48;2;92;80;90m[38;2;92;80;90m@[0m[48;2;137;124;134m[38;2;137;124;134m*[0m[48;2;144;129;140m[38;2;144;129;140m*[0m[48;2;152;134;148m[38;2;152;134;148m*[0m[48;2;134;116;129m[38;2;134;116;129m#[0m[48;2;143;125;138m[38;2;143;125;138m*[0m[48;2;135;117;130m[38;2;135;117;130m#[0m[48;2;129;111;123m[38;2;129;111;123m#[0m[48;2;160;140;153m[38;2;160;140;153m+[0m[48;2;159;138;152m[38;2;159;138;152m*[0m[48;2;161;140;154m[38;2;161;140;154m+[0m[48;2;160;139;153m[38;2;160;139;153m+[0m[48;2;158;139;152m[38;2;158;139;152m*[0m[48;2;119;104;116m[38;2;119;104;116m#[0m[48;2;48;37;47m[38;2;48;37;47m▒[0m[48;2;41;33;44m[38;2;41;33;44m▒[0m[48;2;49;43;55m[38;2;49;43;55m▒[0m[48;2;23;19;30m[38;2;23;19;30m▓[0m[48;2;12;8;18m[38;2;12;8;18m█[0m[48;2;129;127;131m[38;2;129;127;131m*[0m                                     
                                      [48;2;91;89;92m[38;2;91;89;92m@[0m[48;2;90;82;90m[38;2;90;82;90m@[0m[48;2;81;69;79m[38;2;81;69;79m@[0m[48;2;70;59;69m[38;2;70;59;69m░[0m[48;2;121;106;118m[38;2;121;106;118m#[0m[48;2;152;134;148m[38;2;152;134;148m*[0m[48;2;160;141;155m[38;2;160;141;155m+[0m[48;2;161;140;155m[38;2;161;140;155m+[0m[48;2;160;139;154m[38;2;160;139;154m+[0m[48;2;159;138;153m[38;2;159;138;153m*[0m[48;2;151;130;145m[38;2;151;130;145m*[0m[48;2;152;132;146m[38;2;152;132;146m*[0m[48;2;161;140;155m[38;2;161;140;155m+[0m[48;2;161;140;155m[38;2;161;140;155m+[0m[48;2;161;140;155m[38;2;161;140;155m+[0m[48;2;161;140;155m[38;2;161;140;155m+[0m[48;2;132;112;127m[38;2;132;112;127m#[0m[48;2;69;52;65m[38;2;69;52;65m░[0m[48;2;159;139;153m[38;2;159;139;153m+[0m[48;2;158;139;153m[38;2;158;139;153m*[0m[48;2;80;67;77m[38;2;80;67;77m░[0m[48;2;44;30;61m[38;2;44;30;61m▒[0m[48;2;43;30;71m[38;2;43;30;71m▒[0m[48;2;56;41;85m[38;2;56;41;85m▒[0m[48;2;30;20;43m[38;2;30;20;43m▓[0m[48;2;106;106;107m[38;2;106;106;107m%[0m                                    
                                     [48;2;83;82;84m[38;2;83;82;84m@[0m[48;2;115;104;113m[38;2;115;104;113m%[0m[48;2;157;138;152m[38;2;157;138;152m*[0m[48;2;128;111;124m[38;2;128;111;124m#[0m[48;2;159;141;154m[38;2;159;141;154m+[0m[48;2;161;140;155m[38;2;161;140;155m+[0m[48;2;161;140;155m[38;2;161;140;155m+[0m[48;2;161;140;155m[38;2;161;140;155m+[0m[48;2;161;140;155m[38;2;161;140;155m+[0m[48;2;161;140;155m[38;2;161;140;155m+[0m[48;2;155;135;150m[38;2;155;135;150m*[0m[48;2;126;108;121m[38;2;126;108;121m#[0m[48;2;61;46;58m[38;2;61;46;58m▒[0m[48;2;156;137;151m[38;2;156;137;151m*[0m[48;2;161;140;155m[38;2;161;140;155m+[0m[48;2;135;115;130m[38;2;135;115;130m#[0m[48;2;158;137;152m[38;2;158;137;152m*[0m[48;2;161;140;155m[38;2;161;140;155m+[0m[48;2;107;90;103m[38;2;107;90;103m%[0m[48;2;67;53;64m[38;2;67;53;64m░[0m[48;2;153;136;148m[38;2;153;136;148m*[0m[48;2;158;141;155m[38;2;158;141;155m+[0m[48;2;79;65;77m[38;2;79;65;77m░[0m[48;2;75;56;110m[38;2;75;56;110m░[0m[48;2;100;75;156m[38;2;100;75;156m%[0m[48;2;58;42;84m[38;2;58;42;84m▒[0m[48;2;8;3;14m[38;2;8;3;14m█[0m[48;2;156;156;156m[38;2;156;156;156m+[0m                                   
                                    [48;2;153;152;153m[38;2;153;152;153m+[0m[48;2;83;76;82m[38;2;83;76;82m@[0m[48;2;131;116;128m[38;2;131;116;128m#[0m[48;2;134;117;130m[38;2;134;117;130m#[0m[48;2;160;142;155m[38;2;160;142;155m+[0m[48;2;74;58;70m[38;2;74;58;70m░[0m[48;2;134;118;131m[38;2;134;118;131m#[0m[48;2;91;74;87m[38;2;91;74;87m@[0m[48;2;161;140;155m[38;2;161;140;155m+[0m[48;2;161;140;155m[38;2;161;140;155m+[0m[48;2;158;138;153m[38;2;158;138;153m*[0m[48;2;38;25;36m[38;2;38;25;36m▓[0m[48;2;150;136;148m[38;2;150;136;148m*[0m[48;2;78;65;76m[38;2;78;65;76m░[0m[48;2;44;31;40m[38;2;44;31;40m▓[0m[48;2;111;96;108m[38;2;111;96;108m%[0m[48;2;108;94;105m[38;2;108;94;105m%[0m[48;2;57;45;55m[38;2;57;45;55m▒[0m[48;2;147;131;143m[38;2;147;131;143m*[0m[48;2;160;140;155m[38;2;160;140;155m+[0m[48;2;120;105;117m[38;2;120;105;117m#[0m[48;2;58;44;55m[38;2;58;44;55m▒[0m[48;2;134;119;131m[38;2;134;119;131m#[0m[48;2;153;139;152m[38;2;153;139;152m*[0m[48;2;75;64;75m[38;2;75;64;75m░[0m[48;2;30;20;37m[38;2;30;20;37m▓[0m[48;2;9;2;9m[38;2;9;2;9m█[0m[48;2;22;17;26m[38;2;22;17;26m▓[0m[48;2;37;35;38m[38;2;37;35;38m▓[0m                                   
                                    [48;2;49;46;48m[38;2;49;46;48m▒[0m[48;2;150;139;148m[38;2;150;139;148m*[0m[48;2;57;46;54m[38;2;57;46;54m▒[0m[48;2;133;120;131m[38;2;133;120;131m#[0m[48;2;99;84;96m[38;2;99;84;96m@[0m[48;2;26;17;25m[38;2;26;17;25m▓[0m[48;2;102;91;100m[38;2;102;91;100m%[0m[48;2;78;66;77m[38;2;78;66;77m░[0m[48;2;154;136;150m[38;2;154;136;150m*[0m[48;2;160;141;155m[38;2;160;141;155m+[0m[48;2;160;141;155m[38;2;160;141;155m+[0m[48;2;59;46;56m[38;2;59;46;56m▒[0m[48;2;49;39;47m[38;2;49;39;47m▒[0m[48;2;146;130;142m[38;2;146;130;142m*[0m[48;2;62;50;60m[38;2;62;50;60m▒[0m[48;2;100;89;99m[38;2;100;89;99m%[0m[48;2;85;76;84m[38;2;85;76;84m@[0m[48;2;41;33;40m[38;2;41;33;40m▓[0m[48;2;26;19;25m[38;2;26;19;25m▓[0m[48;2;93;80;91m[38;2;93;80;91m@[0m[48;2;146;129;142m[38;2;146;129;142m*[0m[48;2;148;131;144m[38;2;148;131;144m*[0m[48;2;74;60;71m[38;2;74;60;71m░[0m[48;2;82;70;80m[38;2;82;70;80m@[0m[48;2;143;129;141m[38;2;143;129;141m*[0m[48;2;108;96;106m[38;2;108;96;106m%[0m[48;2;36;28;36m[38;2;36;28;36m▓[0m[48;2;27;20;28m[38;2;27;20;28m▓[0m[48;2;14;9;15m[38;2;14;9;15m█[0m[48;2;214;213;213m[38;2;214;213;213m:[0m                                  
                                   [48;2;211;211;211m[38;2;211;211;211m:[0m[48;2;55;50;53m[38;2;55;50;53m▒[0m[48;2;157;143;153m[38;2;157;143;153m+[0m[48;2;34;23;31m[38;2;34;23;31m▓[0m[48;2;31;24;30m[38;2;31;24;30m▓[0m[48;2;133;126;133m[38;2;133;126;133m*[0m[48;2;39;33;39m[38;2;39;33;39m▓[0m[48;2;74;66;73m[38;2;74;66;73m░[0m[48;2;38;30;38m[38;2;38;30;38m▓[0m[48;2;19;10;18m[38;2;19;10;18m█[0m[48;2;120;107;117m[38;2;120;107;117m#[0m[48;2;151;135;148m[38;2;151;135;148m*[0m[48;2;109;96;107m[38;2;109;96;107m%[0m[48;2;15;8;13m[38;2;15;8;13m█[0m[48;2;27;17;26m[38;2;27;17;26m▓[0m[48;2;60;46;79m[38;2;60;46;79m▒[0m[48;2;34;16;69m[38;2;34;16;69m▓[0m[48;2;24;10;43m[38;2;24;10;43m█[0m[48;2;117;111;115m[38;2;117;111;115m#[0m[48;2;19;13;15m[38;2;19;13;15m█[0m[48;2;50;42;45m[38;2;50;42;45m▒[0m[48;2;84;73;81m[38;2;84;73;81m@[0m[48;2;73;62;72m[38;2;73;62;72m░[0m[48;2;78;66;76m[38;2;78;66;76m░[0m[48;2;63;51;62m[38;2;63;51;62m░[0m[48;2;21;12;20m[38;2;21;12;20m█[0m[48;2;34;25;32m[38;2;34;25;32m▓[0m[48;2;42;35;42m[38;2;42;35;42m▒[0m[48;2;52;43;52m[38;2;52;43;52m▒[0m[48;2;107;98;106m[38;2;107;98;106m%[0m[48;2;80;72;80m[38;2;80;72;80m@[0m[48;2;96;93;96m[38;2;96;93;96m%[0m[48;2;174;171;174m[38;2;174;171;174m=[0m                                
                                   [48;2;172;172;172m[38;2;172;172;172m=[0m[48;2;80;73;78m[38;2;80;73;78m@[0m[48;2;157;142;152m[38;2;157;142;152m+[0m[48;2;27;19;25m[38;2;27;19;25m▓[0m[48;2;30;24;29m[38;2;30;24;29m▓[0m[48;2;113;107;112m[38;2;113;107;112m%[0m[48;2;18;13;20m[38;2;18;13;20m█[0m[48;2;40;22;76m[38;2;40;22;76m▓[0m[48;2;44;22;82m[38;2;44;22;82m▓[0m[48;2;26;9;51m[38;2;26;9;51m▓[0m[48;2;80;71;75m[38;2;80;71;75m@[0m[48;2;126;117;120m[38;2;126;117;120m#[0m[48;2;162;152;155m[38;2;162;152;155m+[0m[48;2;198;188;191m[38;2;198;188;191m-[0m[48;2;53;44;53m[38;2;53;44;53m▒[0m[48;2;120;91;162m[38;2;120;91;162m%[0m[48;2;140;93;183m[38;2;140;93;183m#[0m[48;2;105;67;133m[38;2;105;67;133m@[0m[48;2;119;112;116m[38;2;119;112;116m#[0m[48;2;238;226;225m[38;2;238;226;225m.[0m[48;2;128;116;116m[38;2;128;116;116m#[0m[48;2;84;72;80m[38;2;84;72;80m@[0m[48;2;156;141;152m[38;2;156;141;152m+[0m[48;2;157;140;154m[38;2;157;140;154m+[0m[48;2;76;63;74m[38;2;76;63;74m░[0m[48;2;69;58;69m[38;2;69;58;69m░[0m[48;2;134;123;133m[38;2;134;123;133m#[0m[48;2;148;135;145m[38;2;148;135;145m*[0m[48;2;158;142;152m[38;2;158;142;152m+[0m[48;2;159;141;154m[38;2;159;141;154m+[0m[48;2;160;141;155m[38;2;160;141;155m+[0m[48;2;157;138;151m[38;2;157;138;151m*[0m[48;2;114;99;110m[38;2;114;99;110m%[0m[48;2;75;67;74m[38;2;75;67;74m░[0m[48;2;139;136;139m[38;2;139;136;139m*[0m[48;2;238;237;238m[38;2;238;237;238m.[0m                             
                                   [48;2;208;208;208m[38;2;208;208;208m:[0m[48;2;58;50;55m[38;2;58;50;55m▒[0m[48;2;159;142;153m[38;2;159;142;153m+[0m[48;2;63;52;60m[38;2;63;52;60m░[0m[48;2;94;86;90m[38;2;94;86;90m@[0m[48;2;243;233;233m[38;2;243;233;233m.[0m[48;2;55;45;51m[38;2;55;45;51m▒[0m[48;2;128;97;170m[38;2;128;97;170m#[0m[48;2;141;94;182m[38;2;141;94;182m#[0m[48;2;101;65;133m[38;2;101;65;133m@[0m[48;2;124;114;117m[38;2;124;114;117m#[0m[48;2;248;235;232m[38;2;248;235;232m [0m[48;2;249;234;230m[38;2;249;234;230m [0m[48;2;251;236;232m[38;2;251;236;232m [0m[48;2;197;183;181m[38;2;197;183;181m-[0m[48;2;76;60;72m[38;2;76;60;72m░[0m[48;2;156;119;153m[38;2;156;119;153m*[0m[48;2;99;69;98m[38;2;99;69;98m@[0m[48;2;159;149;151m[38;2;159;149;151m+[0m[48;2;242;220;211m[38;2;242;220;211m.[0m[48;2;241;209;199m[38;2;241;209;199m:[0m[48;2;168;149;147m[38;2;168;149;147m+[0m[48;2;68;56;62m[38;2;68;56;62m░[0m[48;2;142;128;139m[38;2;142;128;139m*[0m[48;2;159;142;155m[38;2;159;142;155m+[0m[48;2;119;104;115m[38;2;119;104;115m#[0m[48;2;68;54;64m[38;2;68;54;64m░[0m[48;2;93;79;89m[38;2;93;79;89m@[0m[48;2;144;128;140m[38;2;144;128;140m*[0m[48;2;157;139;152m[38;2;157;139;152m*[0m[48;2;161;140;155m[38;2;161;140;155m+[0m[48;2;161;140;155m[38;2;161;140;155m+[0m[48;2;161;140;155m[38;2;161;140;155m+[0m[48;2;158;142;155m[38;2;158;142;155m+[0m[48;2;126;115;125m[38;2;126;115;125m#[0m[48;2;56;50;56m[38;2;56;50;56m▒[0m[48;2;217;216;217m[38;2;217;216;217m:[0m                            
                                    [48;2;66;63;65m[38;2;66;63;65m░[0m[48;2;137;124;133m[38;2;137;124;133m*[0m[48;2;136;123;133m[38;2;136;123;133m*[0m[48;2;46;37;44m[38;2;46;37;44m▒[0m[48;2;219;211;210m[38;2;219;211;210m:[0m[48;2;174;162;161m[38;2;174;162;161m=[0m[48;2;89;68;85m[38;2;89;68;85m@[0m[48;2;191;148;187m[38;2;191;148;187m=[0m[48;2;104;74;103m[38;2;104;74;103m@[0m[48;2;161;150;152m[38;2;161;150;152m+[0m[48;2;250;237;233m[38;2;250;237;233m [0m[48;2;220;208;204m[38;2;220;208;204m:[0m[48;2;188;175;171m[38;2;188;175;171m=[0m[48;2;251;236;232m[38;2;251;236;232m [0m[48;2;239;224;220m[38;2;239;224;220m.[0m[48;2;191;178;174m[38;2;191;178;174m=[0m[48;2;213;200;195m[38;2;213;200;195m:[0m[48;2;249;235;228m[38;2;249;235;228m [0m[48;2;242;218;209m[38;2;242;218;209m.[0m[48;2;247;227;220m[38;2;247;227;220m.[0m[48;2;250;234;230m[38;2;250;234;230m [0m[48;2;203;189;190m[38;2;203;189;190m-[0m[48;2;33;21;28m[38;2;33;21;28m▓[0m[48;2;80;69;77m[38;2;80;69;77m@[0m[48;2;119;106;116m[38;2;119;106;116m#[0m[48;2;80;69;78m[38;2;80;69;78m@[0m[48;2;117;106;115m[38;2;117;106;115m#[0m[48;2;85;74;83m[38;2;85;74;83m@[0m[48;2;73;61;70m[38;2;73;61;70m░[0m[48;2;72;60;71m[38;2;72;60;71m░[0m[48;2;59;48;58m[38;2;59;48;58m▒[0m[48;2;55;43;54m[38;2;55;43;54m▒[0m[48;2;74;59;71m[38;2;74;59;71m░[0m[48;2;157;140;151m[38;2;157;140;151m+[0m[48;2;134;120;130m[38;2;134;120;130m#[0m[48;2;78;73;79m[38;2;78;73;79m@[0m                            
                                    [48;2;153;153;153m[38;2;153;153;153m+[0m[48;2;30;27;30m[38;2;30;27;30m▓[0m[48;2;119;110;117m[38;2;119;110;117m#[0m[48;2;130;119;128m[38;2;130;119;128m#[0m[48;2;70;59;63m[38;2;70;59;63m░[0m[48;2;169;154;152m[38;2;169;154;152m+[0m[48;2;198;185;183m[38;2;198;185;183m-[0m[48;2;146;133;131m[38;2;146;133;131m*[0m[48;2;191;178;176m[38;2;191;178;176m=[0m[48;2;249;234;228m[38;2;249;234;228m [0m[48;2;251;235;228m[38;2;251;235;228m [0m[48;2;215;200;196m[38;2;215;200;196m:[0m[48;2;205;191;187m[38;2;205;191;187m-[0m[48;2;250;235;229m[38;2;250;235;229m [0m[48;2;250;234;228m[38;2;250;234;228m [0m[48;2;250;234;228m[38;2;250;234;228m [0m[48;2;250;234;228m[38;2;250;234;228m [0m[48;2;250;235;227m[38;2;250;235;227m [0m[48;2;250;235;226m[38;2;250;235;226m [0m[48;2;250;235;228m[38;2;250;235;228m [0m[48;2;226;213;210m[38;2;226;213;210m:[0m[48;2;71;62;63m[38;2;71;62;63m░[0m[48;2;122;113;117m[38;2;122;113;117m#[0m[48;2;135;123;132m[38;2;135;123;132m#[0m[48;2;78;68;76m[38;2;78;68;76m░[0m[48;2;25;16;24m[38;2;25;16;24m▓[0m[48;2;8;1;8m[38;2;8;1;8m█[0m[48;2;17;11;17m[38;2;17;11;17m█[0m[48;2;18;11;16m[38;2;18;11;16m█[0m[48;2;16;9;15m[38;2;16;9;15m█[0m[48;2;35;29;35m[38;2;35;29;35m▓[0m[48;2;98;89;98m[38;2;98;89;98m%[0m[48;2;157;139;151m[38;2;157;139;151m*[0m[48;2;161;140;154m[38;2;161;140;154m+[0m[48;2;159;141;153m[38;2;159;141;153m+[0m[48;2;51;43;50m[38;2;51;43;50m▒[0m[48;2;223;222;224m[38;2;223;222;224m.[0m                           
                                    [48;2;135;135;135m[38;2;135;135;135m*[0m[48;2;25;24;25m[38;2;25;24;25m▓[0m[48;2;38;35;37m[38;2;38;35;37m▓[0m[48;2;113;106;109m[38;2;113;106;109m%[0m[48;2;105;97;99m[38;2;105;97;99m%[0m[48;2;94;87;87m[38;2;94;87;87m@[0m[48;2;191;179;175m[38;2;191;179;175m=[0m[48;2;250;234;229m[38;2;250;234;229m [0m[48;2;250;234;229m[38;2;250;234;229m [0m[48;2;250;235;227m[38;2;250;235;227m [0m[48;2;250;235;227m[38;2;250;235;227m [0m[48;2;250;234;228m[38;2;250;234;228m [0m[48;2;250;235;229m[38;2;250;235;229m [0m[48;2;249;234;229m[38;2;249;234;229m [0m[48;2;242;227;221m[38;2;242;227;221m.[0m[48;2;213;199;194m[38;2;213;199;194m:[0m[48;2;182;169;165m[38;2;182;169;165m=[0m[48;2;148;137;134m[38;2;148;137;134m*[0m[48;2;104;94;91m[38;2;104;94;91m%[0m[48;2;64;58;58m[38;2;64;58;58m░[0m[48;2;15;10;12m[38;2;15;10;12m█[0m[48;2;30;25;27m[38;2;30;25;27m▓[0m[48;2;93;85;89m[38;2;93;85;89m@[0m[48;2;38;31;36m[38;2;38;31;36m▓[0m[48;2;10;5;12m[38;2;10;5;12m█[0m[48;2;18;13;21m[38;2;18;13;21m█[0m[48;2;59;56;62m[38;2;59;56;62m░[0m[48;2;204;201;207m[38;2;204;201;207m:[0m[48;2;98;94;96m[38;2;98;94;96m%[0m[48;2;152;146;149m[38;2;152;146;149m+[0m[48;2;145;137;141m[38;2;145;137;141m*[0m[48;2;43;34;41m[38;2;43;34;41m▒[0m[48;2;155;138;150m[38;2;155;138;150m*[0m[48;2;161;140;155m[38;2;161;140;155m+[0m[48;2;161;140;155m[38;2;161;140;155m+[0m[48;2;62;51;60m[38;2;62;51;60m░[0m[48;2;207;204;207m[38;2;207;204;207m:[0m                           
                                    [48;2;237;237;237m[38;2;237;237;237m.[0m[48;2;219;219;219m[38;2;219;219;219m:[0m[48;2;96;96;96m[38;2;96;96;96m%[0m[48;2;74;70;71m[38;2;74;70;71m░[0m[48;2;133;127;127m[38;2;133;127;127m*[0m[48;2;145;138;137m[38;2;145;138;137m*[0m[48;2;141;135;135m[38;2;141;135;135m*[0m[48;2;140;132;131m[38;2;140;132;131m*[0m[48;2;131;124;122m[38;2;131;124;122m#[0m[48;2;126;119;117m[38;2;126;119;117m#[0m[48;2;111;105;104m[38;2;111;105;104m%[0m[48;2;104;99;99m[38;2;104;99;99m%[0m[48;2;84;80;79m[38;2;84;80;79m@[0m[48;2;98;95;95m[38;2;98;95;95m%[0m[48;2;86;83;85m[38;2;86;83;85m@[0m[48;2;12;9;12m[38;2;12;9;12m█[0m[48;2;32;29;32m[38;2;32;29;32m▓[0m[48;2;36;33;37m[38;2;36;33;37m▓[0m[48;2;12;6;11m[38;2;12;6;11m█[0m[48;2;41;35;41m[38;2;41;35;41m▒[0m[48;2;15;11;18m[38;2;15;11;18m█[0m[48;2;7;4;9m[38;2;7;4;9m█[0m[48;2;38;34;39m[38;2;38;34;39m▓[0m[48;2;24;20;30m[38;2;24;20;30m▓[0m[48;2;34;30;43m[38;2;34;30;43m▓[0m[48;2;17;13;25m[38;2;17;13;25m█[0m[48;2;179;173;178m[38;2;179;173;178m=[0m[48;2;243;240;243m[38;2;243;240;243m [0m[48;2;114;111;113m[38;2;114;111;113m#[0m[48;2;76;71;73m[38;2;76;71;73m░[0m[48;2;87;82;84m[38;2;87;82;84m@[0m[48;2;78;71;76m[38;2;78;71;76m@[0m[48;2;136;121;132m[38;2;136;121;132m#[0m[48;2;160;141;155m[38;2;160;141;155m+[0m[48;2;145;127;140m[38;2;145;127;140m*[0m[48;2;59;50;57m[38;2;59;50;57m▒[0m                            
                                 [48;2;156;156;156m[38;2;156;156;156m+[0m[48;2;93;91;93m[38;2;93;91;93m%[0m[48;2;37;34;39m[38;2;37;34;39m▓[0m[48;2;28;27;34m[38;2;28;27;34m▓[0m[48;2;23;21;31m[38;2;23;21;31m▓[0m[48;2;15;13;22m[38;2;15;13;22m█[0m[48;2;30;28;34m[38;2;30;28;34m▓[0m[48;2;22;19;24m[38;2;22;19;24m▓[0m[48;2;28;24;28m[38;2;28;24;28m▓[0m[48;2;36;33;37m[38;2;36;33;37m▓[0m[48;2;6;3;7m[38;2;6;3;7m█[0m[48;2;30;27;30m[38;2;30;27;30m▓[0m[48;2;42;40;44m[38;2;42;40;44m▒[0m[48;2;35;33;37m[38;2;35;33;37m▓[0m[48;2;21;20;23m[38;2;21;20;23m▓[0m[48;2;138;137;139m[38;2;138;137;139m*[0m[48;2;66;64;67m[38;2;66;64;67m░[0m[48;2;8;8;9m[38;2;8;8;9m█[0m[48;2;42;40;41m[38;2;42;40;41m▒[0m[48;2;33;31;34m[38;2;33;31;34m▓[0m[48;2;43;38;41m[38;2;43;38;41m▒[0m[48;2;62;54;55m[38;2;62;54;55m░[0m[48;2;107;99;92m[38;2;107;99;92m%[0m[48;2;37;30;44m[38;2;37;30;44m▓[0m[48;2;16;11;26m[38;2;16;11;26m█[0m[48;2;5;2;8m[38;2;5;2;8m█[0m[48;2;21;17;28m[38;2;21;17;28m▓[0m[48;2;35;31;46m[38;2;35;31;46m▓[0m[48;2;18;13;26m[38;2;18;13;26m█[0m[48;2;233;227;232m[38;2;233;227;232m.[0m[48;2;243;240;242m[38;2;243;240;242m [0m[48;2;185;182;183m[38;2;185;182;183m-[0m[48;2;83;79;83m[38;2;83;79;83m@[0m[48;2;137;134;137m[38;2;137;134;137m*[0m[48;2;42;37;42m[38;2;42;37;42m▒[0m[48;2;137;128;135m[38;2;137;128;135m*[0m[48;2;144;130;141m[38;2;144;130;141m*[0m[48;2;62;51;59m[38;2;62;51;59m░[0m[48;2;205;200;205m[38;2;205;200;205m:[0m                            
                               [48;2;218;217;218m[38;2;218;217;218m:[0m[48;2;69;68;69m[38;2;69;68;69m░[0m[48;2;62;61;62m[38;2;62;61;62m░[0m[48;2;181;179;183m[38;2;181;179;183m=[0m[48;2;109;108;112m[38;2;109;108;112m%[0m[48;2;26;24;37m[38;2;26;24;37m▓[0m[48;2;36;32;51m[38;2;36;32;51m▓[0m[48;2;36;31;51m[38;2;36;31;51m▓[0m[48;2;36;30;51m[38;2;36;30;51m▓[0m[48;2;26;22;35m[38;2;26;22;35m▓[0m[48;2;15;12;21m[38;2;15;12;21m█[0m[48;2;11;8;18m[38;2;11;8;18m█[0m[48;2;25;21;32m[38;2;25;21;32m▓[0m[48;2;14;12;22m[38;2;14;12;22m█[0m[48;2;20;17;24m[38;2;20;17;24m▓[0m[48;2;20;17;24m[38;2;20;17;24m▓[0m[48;2;16;14;20m[38;2;16;14;20m█[0m[48;2;94;93;96m[38;2;94;93;96m%[0m[48;2;12;11;15m[38;2;12;11;15m█[0m[48;2;36;34;38m[38;2;36;34;38m▓[0m[48;2;12;8;11m[38;2;12;8;11m█[0m[48;2;55;49;50m[38;2;55;49;50m▒[0m[48;2;88;81;83m[38;2;88;81;83m@[0m[48;2;63;54;59m[38;2;63;54;59m░[0m[48;2;113;103;98m[38;2;113;103;98m%[0m[48;2;42;35;47m[38;2;42;35;47m▒[0m[48;2;36;30;51m[38;2;36;30;51m▓[0m[48;2;20;16;31m[38;2;20;16;31m▓[0m[48;2;8;4;14m[38;2;8;4;14m█[0m[48;2;46;43;52m[38;2;46;43;52m▒[0m[48;2;31;27;36m[38;2;31;27;36m▓[0m[48;2;110;105;111m[38;2;110;105;111m%[0m[48;2;131;128;132m[38;2;131;128;132m*[0m[48;2;144;141;144m[38;2;144;141;144m*[0m[48;2;41;38;43m[38;2;41;38;43m▒[0m[48;2;48;42;48m[38;2;48;42;48m▒[0m[48;2;121;115;120m[38;2;121;115;120m#[0m[48;2;122;113;120m[38;2;122;113;120m#[0m[48;2;64;57;63m[38;2;64;57;63m░[0m[48;2;214;210;214m[38;2;214;210;214m:[0m                             
                               [48;2;236;236;236m[38;2;236;236;236m.[0m[48;2;148;148;148m[38;2;148;148;148m+[0m[48;2;104;104;105m[38;2;104;104;105m%[0m[48;2;115;113;116m[38;2;115;113;116m#[0m[48;2;230;229;232m[38;2;230;229;232m.[0m[48;2;41;39;45m[38;2;41;39;45m▒[0m[48;2;32;29;42m[38;2;32;29;42m▓[0m[48;2;37;32;51m[38;2;37;32;51m▓[0m[48;2;37;31;52m[38;2;37;31;52m▓[0m[48;2;20;16;30m[38;2;20;16;30m▓[0m[48;2;15;11;22m[38;2;15;11;22m█[0m[48;2;11;7;18m[38;2;11;7;18m█[0m[48;2;34;30;47m[38;2;34;30;47m▓[0m[48;2;28;25;40m[38;2;28;25;40m▓[0m[48;2;6;3;11m[38;2;6;3;11m█[0m[48;2;53;50;47m[38;2;53;50;47m▒[0m[48;2;15;11;13m[38;2;15;11;13m█[0m[48;2;5;2;8m[38;2;5;2;8m█[0m[48;2;15;10;20m[38;2;15;10;20m█[0m[48;2;130;122;104m[38;2;130;122;104m#[0m[48;2;168;157;130m[38;2;168;157;130m+[0m[48;2;35;25;21m[38;2;35;25;21m▓[0m[48;2;75;65;65m[38;2;75;65;65m░[0m[48;2;84;73;73m[38;2;84;73;73m@[0m[48;2;72;60;65m[38;2;72;60;65m░[0m[48;2;38;29;47m[38;2;38;29;47m▓[0m[48;2;32;27;47m[38;2;32;27;47m▓[0m[48;2;34;29;49m[38;2;34;29;49m▓[0m[48;2;28;23;39m[38;2;28;23;39m▓[0m[48;2;27;23;34m[38;2;27;23;34m▓[0m[48;2;48;44;50m[38;2;48;44;50m▒[0m[48;2;49;45;50m[38;2;49;45;50m▒[0m[48;2;23;20;24m[38;2;23;20;24m▓[0m[48;2;83;75;82m[38;2;83;75;82m@[0m[48;2;134;123;132m[38;2;134;123;132m#[0m[48;2;106;98;106m[38;2;106;98;106m%[0m[48;2;74;67;72m[38;2;74;67;72m░[0m[48;2;139;134;138m[38;2;139;134;138m*[0m[48;2;242;239;242m[38;2;242;239;242m [0m                              
                                  [48;2;86;84;85m[38;2;86;84;85m@[0m[48;2;189;186;190m[38;2;189;186;190m-[0m[48;2;216;213;217m[38;2;216;213;217m:[0m[48;2;62;59;66m[38;2;62;59;66m░[0m[48;2;23;19;28m[38;2;23;19;28m▓[0m[48;2;21;17;29m[38;2;21;17;29m▓[0m[48;2;20;16;27m[38;2;20;16;27m▓[0m[48;2;40;36;45m[38;2;40;36;45m▒[0m[48;2;18;14;26m[38;2;18;14;26m█[0m[48;2;36;31;49m[38;2;36;31;49m▓[0m[48;2;35;30;48m[38;2;35;30;48m▓[0m[48;2;17;10;22m[38;2;17;10;22m█[0m[48;2;95;89;78m[38;2;95;89;78m@[0m[48;2;160;149;123m[38;2;160;149;123m+[0m[48;2;156;141;115m[38;2;156;141;115m*[0m[48;2;182;166;135m[38;2;182;166;135m=[0m[48;2;142;127;104m[38;2;142;127;104m*[0m[48;2;60;48;43m[38;2;60;48;43m▒[0m[48;2;17;13;15m[38;2;17;13;15m█[0m[48;2;19;17;22m[38;2;19;17;22m█[0m[48;2;36;33;38m[38;2;36;33;38m▓[0m[48;2;41;39;44m[38;2;41;39;44m▒[0m[48;2;49;47;53m[38;2;49;47;53m▒[0m[48;2;53;51;57m[38;2;53;51;57m▒[0m[48;2;48;46;52m[38;2;48;46;52m▒[0m[48;2;44;42;48m[38;2;44;42;48m▒[0m[48;2;42;40;45m[38;2;42;40;45m▒[0m[48;2;37;36;40m[38;2;37;36;40m▒[0m[48;2;41;39;43m[38;2;41;39;43m▒[0m[48;2;50;47;52m[38;2;50;47;52m▒[0m[48;2;89;80;88m[38;2;89;80;88m@[0m[48;2;89;79;88m[38;2;89;79;88m@[0m[48;2;161;156;162m[38;2;161;156;162m+[0m                                 
                                  [48;2;240;240;240m[38;2;240;240;240m [0m[48;2;104;102;104m[38;2;104;102;104m%[0m[48;2;123;118;122m[38;2;123;118;122m#[0m[48;2;117;112;116m[38;2;117;112;116m#[0m[48;2;89;85;90m[38;2;89;85;90m@[0m[48;2;150;147;153m[38;2;150;147;153m+[0m[48;2;130;127;133m[38;2;130;127;133m*[0m[48;2;38;34;42m[38;2;38;34;42m▓[0m[48;2;26;22;34m[38;2;26;22;34m▓[0m[48;2;26;21;36m[38;2;26;21;36m▓[0m[48;2;24;20;28m[38;2;24;20;28m▓[0m[48;2;48;45;51m[38;2;48;45;51m▒[0m[48;2;23;18;24m[38;2;23;18;24m▓[0m[48;2;23;17;23m[38;2;23;17;23m▓[0m[48;2;24;19;20m[38;2;24;19;20m▓[0m[48;2;35;31;30m[38;2;35;31;30m▓[0m[48;2;27;24;27m[38;2;27;24;27m▓[0m[48;2;32;29;36m[38;2;32;29;36m▓[0m[48;2;28;24;38m[38;2;28;24;38m▓[0m[48;2;28;18;65m[38;2;28;18;65m▓[0m[48;2;27;20;47m[38;2;27;20;47m▓[0m[48;2;15;13;21m[38;2;15;13;21m█[0m[48;2;20;18;28m[38;2;20;18;28m▓[0m[48;2;20;18;30m[38;2;20;18;30m▓[0m[48;2;29;26;38m[38;2;29;26;38m▓[0m[48;2;34;32;43m[38;2;34;32;43m▓[0m[48;2;37;35;46m[38;2;37;35;46m▒[0m[48;2;36;33;44m[38;2;36;33;44m▓[0m[48;2;29;26;37m[38;2;29;26;37m▓[0m[48;2;12;10;20m[38;2;12;10;20m█[0m[48;2;104;101;107m[38;2;104;101;107m%[0m[48;2;217;213;218m[38;2;217;213;218m:[0m                                  
                                   [48;2;225;225;225m[38;2;225;225;225m.[0m[48;2;133;132;132m[38;2;133;132;132m*[0m[48;2;132;126;131m[38;2;132;126;131m*[0m[48;2;113;108;112m[38;2;113;108;112m#[0m[48;2;89;85;91m[38;2;89;85;91m@[0m[48;2;84;79;85m[38;2;84;79;85m@[0m[48;2;24;20;27m[38;2;24;20;27m▓[0m[48;2;20;17;25m[38;2;20;17;25m▓[0m[48;2;45;43;49m[38;2;45;43;49m▒[0m[48;2;59;56;61m[38;2;59;56;61m░[0m[48;2;8;5;11m[38;2;8;5;11m█[0m[48;2;159;154;161m[38;2;159;154;161m+[0m[48;2;228;223;229m[38;2;228;223;229m.[0m[48;2;74;70;75m[38;2;74;70;75m░[0m[48;2;24;15;72m[38;2;24;15;72m▓[0m[48;2;30;16;97m[38;2;30;16;97m▓[0m[48;2;14;8;31m[38;2;14;8;31m█[0m[48;2;22;12;62m[38;2;22;12;62m▓[0m[48;2;48;35;88m[38;2;48;35;88m▒[0m[48;2;49;39;76m[38;2;49;39;76m▒[0m[48;2;8;6;13m[38;2;8;6;13m█[0m[48;2;35;31;47m[38;2;35;31;47m▓[0m[48;2;37;31;52m[38;2;37;31;52m▓[0m[48;2;37;31;52m[38;2;37;31;52m▓[0m[48;2;37;31;52m[38;2;37;31;52m▓[0m[48;2;37;31;52m[38;2;37;31;52m▓[0m[48;2;37;31;52m[38;2;37;31;52m▓[0m[48;2;37;31;52m[38;2;37;31;52m▓[0m[48;2;37;31;52m[38;2;37;31;52m▓[0m[48;2;31;26;44m[38;2;31;26;44m▓[0m[48;2;21;17;30m[38;2;21;17;30m▓[0m[48;2;48;45;53m[38;2;48;45;53m▒[0m[48;2;112;110;116m[38;2;112;110;116m#[0m[48;2;194;192;195m[38;2;194;192;195m-[0m                               
                                   [48;2;235;235;235m[38;2;235;235;235m.[0m[48;2;140;140;140m[38;2;140;140;140m*[0m[48;2;96;93;95m[38;2;96;93;95m%[0m[48;2;91;87;91m[38;2;91;87;91m@[0m[48;2;83;79;83m[38;2;83;79;83m@[0m[48;2;72;67;73m[38;2;72;67;73m░[0m[48;2;15;12;17m[38;2;15;12;17m█[0m[48;2;65;64;69m[38;2;65;64;69m░[0m[48;2;37;35;41m[38;2;37;35;41m▓[0m[48;2;29;24;36m[38;2;29;24;36m▓[0m[48;2;17;14;23m[38;2;17;14;23m█[0m[48;2;229;225;231m[38;2;229;225;231m.[0m [48;2;226;224;226m[38;2;226;224;226m.[0m[48;2;53;49;62m[38;2;53;49;62m▒[0m[48;2;97;82;138m[38;2;97;82;138m%[0m[48;2;57;43;81m[38;2;57;43;81m▒[0m[48;2;16;9;41m[38;2;16;9;41m█[0m[48;2;42;27;90m[38;2;42;27;90m▒[0m[48;2;34;25;51m[38;2;34;25;51m▓[0m[48;2;78;75;81m[38;2;78;75;81m@[0m[48;2;50;47;57m[38;2;50;47;57m▒[0m[48;2;24;19;36m[38;2;24;19;36m▓[0m[48;2;35;29;49m[38;2;35;29;49m▓[0m[48;2;37;31;51m[38;2;37;31;51m▓[0m[48;2;37;31;52m[38;2;37;31;52m▓[0m[48;2;37;31;52m[38;2;37;31;52m▓[0m[48;2;37;31;52m[38;2;37;31;52m▓[0m[48;2;37;31;52m[38;2;37;31;52m▓[0m[48;2;37;31;52m[38;2;37;31;52m▓[0m[48;2;37;31;52m[38;2;37;31;52m▓[0m[48;2;37;31;51m[38;2;37;31;51m▓[0m[48;2;36;30;50m[38;2;36;30;50m▓[0m[48;2;25;20;37m[38;2;25;20;37m▓[0m[48;2;44;41;49m[38;2;44;41;49m▒[0m[48;2;131;130;133m[38;2;131;130;133m*[0m[48;2;229;229;230m[38;2;229;229;230m.[0m                            
                                        [48;2;162;161;162m[38;2;162;161;162m+[0m[48;2;27;25;29m[38;2;27;25;29m▓[0m[48;2;20;18;28m[38;2;20;18;28m▓[0m[48;2;35;31;47m[38;2;35;31;47m▓[0m[48;2;35;29;48m[38;2;35;29;48m▓[0m[48;2;44;41;50m[38;2;44;41;50m▒[0m   [48;2;232;230;233m[38;2;232;230;233m.[0m[48;2;167;165;169m[38;2;167;165;169m=[0m[48;2;197;193;197m[38;2;197;193;197m-[0m[48;2;109;106;114m[38;2;109;106;114m%[0m[48;2;57;48;82m[38;2;57;48;82m▒[0m[48;2;58;47;79m[38;2;58;47;79m▒[0m[48;2;151;149;154m[38;2;151;149;154m+[0m[48;2;241;239;243m[38;2;241;239;243m [0m[48;2;184;183;187m[38;2;184;183;187m-[0m[48;2;103;101;107m[38;2;103;101;107m%[0m[48;2;34;31;40m[38;2;34;31;40m▓[0m[48;2;25;21;34m[38;2;25;21;34m▓[0m[48;2;34;29;44m[38;2;34;29;44m▓[0m[48;2;37;31;50m[38;2;37;31;50m▓[0m[48;2;37;31;52m[38;2;37;31;52m▓[0m[48;2;37;31;52m[38;2;37;31;52m▓[0m[48;2;37;31;52m[38;2;37;31;52m▓[0m[48;2;37;31;52m[38;2;37;31;52m▓[0m[48;2;37;31;52m[38;2;37;31;52m▓[0m[48;2;37;31;52m[38;2;37;31;52m▓[0m[48;2;37;31;51m[38;2;37;31;51m▓[0m[48;2;33;28;46m[38;2;33;28;46m▓[0m[48;2;25;21;34m[38;2;25;21;34m▓[0m[48;2;107;106;111m[38;2;107;106;111m%[0m[48;2;227;227;228m[38;2;227;227;228m.[0m                          
                                        [48;2;168;168;169m[38;2;168;168;169m=[0m[48;2;19;17;23m[38;2;19;17;23m█[0m[48;2;37;32;50m[38;2;37;32;50m▓[0m[48;2;37;31;52m[38;2;37;31;52m▓[0m[48;2;32;26;45m[38;2;32;26;45m▓[0m[48;2;83;81;86m[38;2;83;81;86m@[0m       [48;2;221;220;222m[38;2;221;220;222m.[0m[48;2;197;196;198m[38;2;197;196;198m-[0m   [48;2;181;181;181m[38;2;181;181;181m=[0m[48;2;80;79;82m[38;2;80;79;82m@[0m[48;2;104;101;107m[38;2;104;101;107m%[0m[48;2;13;10;19m[38;2;13;10;19m█[0m[48;2;18;10;45m[38;2;18;10;45m█[0m[48;2;19;13;42m[38;2;19;13;42m█[0m[48;2;25;20;38m[38;2;25;20;38m▓[0m[48;2;35;29;50m[38;2;35;29;50m▓[0m[48;2;37;31;52m[38;2;37;31;52m▓[0m[48;2;37;31;52m[38;2;37;31;52m▓[0m[48;2;37;31;52m[38;2;37;31;52m▓[0m[48;2;37;31;52m[38;2;37;31;52m▓[0m[48;2;37;31;52m[38;2;37;31;52m▓[0m[48;2;37;31;51m[38;2;37;31;51m▓[0m[48;2;32;28;44m[38;2;32;28;44m▓[0m[48;2;30;28;36m[38;2;30;28;36m▓[0m[48;2;200;200;201m[38;2;200;200;201m-[0m                         