                                                                                                              
                                                                                                              
                                                                                                              
                                                                                                              
                                                                                                              
                                                                                                              
                                                                                                              
                                                                                                              
                                                                                                              
                                                                                                              
                                                                                                              
                                                                                                              
                                                                                                              
                                                   [48;2;187;187;188m[38;2;187;187;188m-[0m[48;2;130;130;132m[38;2;130;130;132m*[0m[48;2;92;91;94m[38;2;92;91;94m%[0m[48;2;66;66;70m[38;2;66;66;70m░[0m[48;2;57;56;60m[38;2;57;56;60m░[0m[48;2;53;52;56m[38;2;53;52;56m▒[0m[48;2;57;56;60m[38;2;57;56;60m░[0m[48;2;71;70;75m[38;2;71;70;75m░[0m[48;2;100;99;103m[38;2;100;99;103m%[0m[48;2;143;142;146m[38;2;143;142;146m*[0m[48;2;198;197;200m[38;2;198;197;200m-[0m                                                
                                                [48;2;215;214;215m[38;2;215;214;215m:[0m[48;2;100;99;103m[38;2;100;99;103m%[0m[48;2;29;28;35m[38;2;29;28;35m▓[0m[48;2;28;26;37m[38;2;28;26;37m▓[0m[48;2;39;36;50m[38;2;39;36;50m▒[0m[48;2;44;41;58m[38;2;44;41;58m▒[0m[48;2;46;43;60m[38;2;46;43;60m▒[0m[48;2;47;44;60m[38;2;47;44;60m▒[0m[48;2;48;45;60m[38;2;48;45;60m▒[0m[48;2;46;43;58m[38;2;46;43;58m▒[0m[48;2;45;42;57m[38;2;45;42;57m▒[0m[48;2;43;40;56m[38;2;43;40;56m▒[0m[48;2;37;34;51m[38;2;37;34;51m▒[0m[48;2;27;25;41m[38;2;27;25;41m▓[0m[48;2;35;33;44m[38;2;35;33;44m▓[0m[48;2;101;100;105m[38;2;101;100;105m%[0m[48;2;198;196;201m[38;2;198;196;201m-[0m                                             
                                              [48;2;236;236;236m[38;2;236;236;236m.[0m[48;2;120;119;122m[38;2;120;119;122m#[0m[48;2;25;23;31m[38;2;25;23;31m▓[0m[48;2;38;35;49m[38;2;38;35;49m▒[0m[48;2;46;43;58m[38;2;46;43;58m▒[0m[48;2;43;40;55m[38;2;43;40;55m▒[0m[48;2;34;31;45m[38;2;34;31;45m▓[0m[48;2;28;24;39m[38;2;28;24;39m▓[0m[48;2;28;25;37m[38;2;28;25;37m▓[0m[48;2;40;37;46m[38;2;40;37;46m▒[0m[48;2;46;42;51m[38;2;46;42;51m▒[0m[48;2;26;22;32m[38;2;26;22;32m▓[0m[48;2;46;43;54m[38;2;46;43;54m▒[0m[48;2;66;62;74m[38;2;66;62;74m░[0m[48;2;66;61;74m[38;2;66;61;74m░[0m[48;2;49;45;59m[38;2;49;45;59m▒[0m[48;2;44;42;57m[38;2;44;42;57m▒[0m[48;2;40;38;50m[38;2;40;38;50m▒[0m[48;2;26;23;34m[38;2;26;23;34m▓[0m[48;2;72;70;76m[38;2;72;70;76m░[0m[48;2;205;205;207m[38;2;205;205;207m:[0m                                           
                                             [48;2;190;189;190m[38;2;190;189;190m-[0m[48;2;37;35;41m[38;2;37;35;41m▓[0m[48;2;38;35;48m[38;2;38;35;48m▒[0m[48;2;46;43;58m[38;2;46;43;58m▒[0m[48;2;34;31;45m[38;2;34;31;45m▓[0m[48;2;25;20;31m[38;2;25;20;31m▓[0m[48;2;70;62;73m[38;2;70;62;73m░[0m[48;2;106;94;107m[38;2;106;94;107m%[0m[48;2;134;119;133m[38;2;134;119;133m#[0m[48;2;149;134;146m[38;2;149;134;146m*[0m[48;2;155;139;149m[38;2;155;139;149m*[0m[48;2;147;131;141m[38;2;147;131;141m*[0m[48;2;130;114;125m[38;2;130;114;125m#[0m[48;2;106;92;102m[38;2;106;92;102m%[0m[48;2;78;66;75m[38;2;78;66;75m░[0m[48;2;39;30;37m[38;2;39;30;37m▓[0m[48;2;56;48;56m[38;2;56;48;56m▒[0m[48;2;66;57;65m[38;2;66;57;65m░[0m[48;2;67;58;66m[38;2;67;58;66m░[0m[48;2;54;45;54m[38;2;54;45;54m▒[0m[48;2;26;19;27m[38;2;26;19;27m▓[0m[48;2;9;7;12m[38;2;9;7;12m█[0m[48;2;143;141;145m[38;2;143;141;145m*[0m                                          
                                            [48;2;173;173;173m[38;2;173;173;173m=[0m[48;2;20;19;24m[38;2;20;19;24m▓[0m[48;2;43;41;53m[38;2;43;41;53m▒[0m[48;2;42;39;53m[38;2;42;39;53m▒[0m[48;2;22;19;31m[38;2;22;19;31m▓[0m[48;2;53;46;56m[38;2;53;46;56m▒[0m[48;2;145;128;141m[38;2;145;128;141m*[0m[48;2;160;140;154m[38;2;160;140;154m+[0m[48;2;161;140;155m[38;2;161;140;155m+[0m[48;2;159;139;154m[38;2;159;139;154m+[0m[48;2;117;97;111m[38;2;117;97;111m%[0m[48;2;72;56;67m[38;2;72;56;67m░[0m[48;2;78;63;74m[38;2;78;63;74m░[0m[48;2;86;71;81m[38;2;86;71;81m@[0m[48;2;90;75;86m[38;2;90;75;86m@[0m[48;2;154;137;148m[38;2;154;137;148m*[0m[48;2;158;139;151m[38;2;158;139;151m*[0m[48;2;161;141;154m[38;2;161;141;154m+[0m[48;2;161;142;154m[38;2;161;142;154m+[0m[48;2;151;133;145m[38;2;151;133;145m*[0m[48;2;73;59;69m[38;2;73;59;69m░[0m[48;2;81;69;78m[38;2;81;69;78m@[0m[48;2;87;77;85m[38;2;87;77;85m@[0m[48;2;36;30;36m[38;2;36;30;36m▓[0m[48;2;135;132;136m[38;2;135;132;136m*[0m                                         
                                           [48;2;203;203;204m[38;2;203;203;204m:[0m[48;2;20;19;23m[38;2;20;19;23m▓[0m[48;2;42;40;50m[38;2;42;40;50m▒[0m[48;2;25;23;32m[38;2;25;23;32m▓[0m[48;2;23;18;27m[38;2;23;18;27m▓[0m[48;2;118;106;118m[38;2;118;106;118m#[0m[48;2;159;141;155m[38;2;159;141;155m+[0m[48;2;161;140;155m[38;2;161;140;155m+[0m[48;2;161;140;155m[38;2;161;140;155m+[0m[48;2;161;140;155m[38;2;161;140;155m+[0m[48;2;160;139;154m[38;2;160;139;154m+[0m[48;2;161;140;155m[38;2;161;140;155m+[0m[48;2;161;140;155m[38;2;161;140;155m+[0m[48;2;161;140;155m[38;2;161;140;155m+[0m[48;2;161;140;155m[38;2;161;140;155m+[0m[48;2;161;140;155m[38;2;161;140;155m+[0m[48;2;161;140;155m[38;2;161;140;155m+[0m[48;2;161;140;155m[38;2;161;140;155m+[0m[48;2;161;140;155m[38;2;161;140;155m+[0m[48;2;161;140;155m[38;2;161;140;155m+[0m[48;2;161;140;155m[38;2;161;140;155m+[0m[48;2;160;140;154m[38;2;160;140;154m+[0m[48;2;140;122;136m[38;2;140;122;136m*[0m[48;2;109;95;106m[38;2;109;95;106m%[0m[48;2;115;104;112m[38;2;115;104;112m%[0m[48;2;17;10;15m[38;2;17;10;15m█[0m[48;2;56;54;57m[38;2;56;54;57m░[0m[48;2;96;93;103m[38;2;96;93;103m%[0m[48;2;207;207;207m[38;2;207;207;207m:[0m                                      
                                           [48;2;53;52;55m[38;2;53;52;55m▒[0m[48;2;32;30;37m[38;2;32;30;37m▓[0m[48;2;12;10;17m[38;2;12;10;17m█[0m[48;2;21;17;24m[38;2;21;17;24m▓[0m[48;2;136;124;133m[38;2;136;124;133m*[0m[48;2;160;141;154m[38;2;160;141;154m+[0m[48;2;161;140;155m[38;2;161;140;155m+[0m[48;2;161;140;155m[38;2;161;140;155m+[0m[48;2;161;140;155m[38;2;161;140;155m+[0m[48;2;160;139;154m[38;2;160;139;154m+[0m[48;2;159;138;153m[38;2;159;138;153m*[0m[48;2;159;138;153m[38;2;159;138;153m*[0m[48;2;159;138;153m[38;2;159;138;153m*[0m[48;2;161;140;155m[38;2;161;140;155m+[0m[48;2;161;140;155m[38;2;161;140;155m+[0m[48;2;161;140;155m[38;2;161;140;155m+[0m[48;2;161;140;155m[38;2;161;140;155m+[0m[48;2;161;140;155m[38;2;161;140;155m+[0m[48;2;161;140;155m[38;2;161;140;155m+[0m[48;2;161;140;155m[38;2;161;140;155m+[0m[48;2;161;140;155m[38;2;161;140;155m+[0m[48;2;149;128;143m[38;2;149;128;143m*[0m[48;2;138;118;132m[38;2;138;118;132m#[0m[48;2;159;140;154m[38;2;159;140;154m+[0m[48;2;159;142;154m[38;2;159;142;154m+[0m[48;2;124;112;120m[38;2;124;112;120m#[0m[48;2;13;7;12m[38;2;13;7;12m█[0m[48;2;54;43;78m[38;2;54;43;78m▒[0m[48;2;86;83;88m[38;2;86;83;88m@[0m                                      
                                          [48;2;176;176;176m[38;2;176;176;176m=[0m[48;2;11;9;12m[38;2;11;9;12m█[0m[48;2;23;20;26m[38;2;23;20;26m▓[0m[48;2;18;13;19m[38;2;18;13;19m█[0m[48;2;125;113;122m[38;2;125;113;122m#[0m[48;2;161;143;155m[38;2;161;143;155m+[0m[48;2;161;140;155m[38;2;161;140;155m+[0m[48;2;161;140;155m[38;2;161;140;155m+[0m[48;2;160;141;155m[38;2;160;141;155m+[0m[48;2;130;113;126m[38;2;130;113;126m#[0m[48;2;55;40;52m[38;2;55;40;52m▒[0m[48;2;113;99;111m[38;2;113;99;111m%[0m[48;2;52;38;50m[38;2;52;38;50m▒[0m[48;2;158;140;154m[38;2;158;140;154m+[0m[48;2;100;82;96m[38;2;100;82;96m@[0m[48;2;138;119;133m[38;2;138;119;133m#[0m[48;2;161;140;155m[38;2;161;140;155m+[0m[48;2;161;140;155m[38;2;161;140;155m+[0m[48;2;161;140;155m[38;2;161;140;155m+[0m[48;2;161;140;155m[38;2;161;140;155m+[0m[48;2;149;129;143m[38;2;149;129;143m*[0m[48;2;132;114;128m[38;2;132;114;128m#[0m[48;2;130;113;126m[38;2;130;113;126m#[0m[48;2;53;38;49m[38;2;53;38;49m▒[0m[48;2;159;140;154m[38;2;159;140;154m+[0m[48;2;160;140;155m[38;2;160;140;155m+[0m[48;2;160;141;155m[38;2;160;141;155m+[0m[48;2;96;81;92m[38;2;96;81;92m@[0m[48;2;14;6;16m[38;2;14;6;16m█[0m[48;2;38;30;54m[38;2;38;30;54m▓[0m[48;2;194;193;195m[38;2;194;193;195m-[0m                                     
                                          [48;2;94;94;94m[38;2;94;94;94m%[0m[48;2;12;9;11m[38;2;12;9;11m█[0m[48;2;89;82;89m[38;2;89;82;89m@[0m[48;2;56;47;56m[38;2;56;47;56m▒[0m[48;2;160;144;155m[38;2;160;144;155m+[0m[48;2;162;141;156m[38;2;162;141;156m+[0m[48;2;161;140;155m[38;2;161;140;155m+[0m[48;2;160;141;155m[38;2;160;141;155m+[0m[48;2;148;132;145m[38;2;148;132;145m*[0m[48;2;33;23;32m[38;2;33;23;32m▓[0m[48;2;56;49;56m[38;2;56;49;56m▒[0m[48;2;12;6;12m[38;2;12;6;12m█[0m[48;2;102;92;101m[38;2;102;92;101m%[0m[48;2;108;94;105m[38;2;108;94;105m%[0m[48;2;42;31;40m[38;2;42;31;40m▓[0m[48;2;131;116;129m[38;2;131;116;129m#[0m[48;2;159;140;154m[38;2;159;140;154m+[0m[48;2;161;140;155m[38;2;161;140;155m+[0m[48;2;161;140;155m[38;2;161;140;155m+[0m[48;2;161;140;155m[38;2;161;140;155m+[0m[48;2;112;95;109m[38;2;112;95;109m%[0m[48;2;62;50;62m[38;2;62;50;62m░[0m[48;2;157;141;154m[38;2;157;141;154m+[0m[48;2;56;42;54m[38;2;56;42;54m▒[0m[48;2;120;104;117m[38;2;120;104;117m#[0m[48;2;160;141;155m[38;2;160;141;155m+[0m[48;2;160;141;155m[38;2;160;141;155m+[0m[48;2;156;138;151m[38;2;156;138;151m*[0m[48;2;38;27;36m[38;2;38;27;36m▓[0m[48;2;26;18;36m[38;2;26;18;36m▓[0m[48;2;189;187;189m[38;2;189;187;189m-[0m                                     
                                          [48;2;50;49;49m[38;2;50;49;49m▒[0m[48;2;93;84;90m[38;2;93;84;90m@[0m[48;2;78;67;75m[38;2;78;67;75m░[0m[48;2;101;90;99m[38;2;101;90;99m%[0m[48;2;161;142;155m[38;2;161;142;155m+[0m[48;2;161;140;155m[38;2;161;140;155m+[0m[48;2;161;140;155m[38;2;161;140;155m+[0m[48;2;160;141;155m[38;2;160;141;155m+[0m[48;2;78;65;75m[38;2;78;65;75m░[0m[48;2;6;0;5m[38;2;6;0;5m█[0m[48;2;60;55;59m[38;2;60;55;59m░[0m[48;2;21;17;20m[38;2;21;17;20m▓[0m[48;2;87;82;88m[38;2;87;82;88m@[0m[48;2;25;20;26m[38;2;25;20;26m▓[0m[48;2;19;14;20m[38;2;19;14;20m█[0m[48;2;7;1;7m[38;2;7;1;7m█[0m[48;2;64;53;62m[38;2;64;53;62m░[0m[48;2;154;136;149m[38;2;154;136;149m*[0m[48;2;160;141;154m[38;2;160;141;154m+[0m[48;2;160;141;154m[38;2;160;141;154m+[0m[48;2;136;121;132m[38;2;136;121;132m#[0m[48;2;9;2;8m[38;2;9;2;8m█[0m[48;2;88;78;86m[38;2;88;78;86m@[0m[48;2;132;120;128m[38;2;132;120;128m#[0m[48;2;26;16;24m[38;2;26;16;24m▓[0m[48;2;99;86;96m[38;2;99;86;96m@[0m[48;2;151;137;148m[38;2;151;137;148m*[0m[48;2;132;117;129m[38;2;132;117;129m#[0m[48;2;124;112;122m[38;2;124;112;122m#[0m[48;2;40;35;41m[38;2;40;35;41m▒[0m[48;2;118;115;119m[38;2;118;115;119m#[0m[48;2;216;214;216m[38;2;216;214;216m:[0m                                    
                                         [48;2;235;235;235m[38;2;235;235;235m.[0m[48;2;31;27;30m[38;2;31;27;30m▓[0m[48;2;154;140;149m[38;2;154;140;149m*[0m[48;2;69;58;66m[38;2;69;58;66m░[0m[48;2;112;100;109m[38;2;112;100;109m%[0m[48;2;161;142;155m[38;2;161;142;155m+[0m[48;2;161;140;155m[38;2;161;140;155m+[0m[48;2;161;140;155m[38;2;161;140;155m+[0m[48;2;160;140;154m[38;2;160;140;154m+[0m[48;2;37;26;34m[38;2;37;26;34m▓[0m[48;2;82;73;78m[38;2;82;73;78m@[0m[48;2;215;206;208m[38;2;215;206;208m:[0m[48;2;71;62;67m[38;2;71;62;67m░[0m[48;2;51;28;102m[38;2;51;28;102m▒[0m[48;2;62;31;130m[38;2;62;31;130m▒[0m[48;2;34;14;75m[38;2;34;14;75m▓[0m[48;2;97;88;92m[38;2;97;88;92m@[0m[48;2;153;144;145m[38;2;153;144;145m+[0m[48;2;108;98;100m[38;2;108;98;100m%[0m[48;2;103;92;94m[38;2;103;92;94m%[0m[48;2;103;91;93m[38;2;103;91;93m%[0m[48;2;86;77;79m[38;2;86;77;79m@[0m[48;2;11;4;14m[38;2;11;4;14m█[0m[48;2;31;13;65m[38;2;31;13;65m▓[0m[48;2;47;27;78m[38;2;47;27;78m▒[0m[48;2;20;12;26m[38;2;20;12;26m█[0m[48;2;23;17;21m[38;2;23;17;21m▓[0m[48;2;18;11;16m[38;2;18;11;16m█[0m[48;2;21;15;20m[38;2;21;15;20m█[0m[48;2;30;23;29m[38;2;30;23;29m▓[0m[48;2;52;46;52m[38;2;52;46;52m▒[0m[48;2;48;43;47m[38;2;48;43;47m▒[0m[48;2;12;9;12m[38;2;12;9;12m█[0m[48;2;138;137;137m[38;2;138;137;137m*[0m                                   
                                         [48;2;182;182;182m[38;2;182;182;182m=[0m[48;2;61;55;59m[38;2;61;55;59m░[0m[48;2;158;143;153m[38;2;158;143;153m+[0m[48;2;89;77;86m[38;2;89;77;86m@[0m[48;2;88;78;86m[38;2;88;78;86m@[0m[48;2;160;142;155m[38;2;160;142;155m+[0m[48;2;161;140;155m[38;2;161;140;155m+[0m[48;2;161;140;155m[38;2;161;140;155m+[0m[48;2;158;138;153m[38;2;158;138;153m*[0m[48;2;37;25;33m[38;2;37;25;33m▓[0m[48;2;242;231;233m[38;2;242;231;233m.[0m[48;2;249;237;235m[38;2;249;237;235m [0m[48;2;50;39;44m[38;2;50;39;44m▒[0m[48;2;178;151;198m[38;2;178;151;198m+[0m[48;2;150;103;186m[38;2;150;103;186m#[0m[48;2;62;36;84m[38;2;62;36;84m▒[0m[48;2;162;150;150m[38;2;162;150;150m+[0m[48;2;250;237;230m[38;2;250;237;230m [0m[48;2;251;237;230m[38;2;251;237;230m [0m[48;2;251;236;229m[38;2;251;236;229m [0m[48;2;251;237;231m[38;2;251;237;231m [0m[48;2;191;179;177m[38;2;191;179;177m=[0m[48;2;31;17;44m[38;2;31;17;44m▓[0m[48;2;111;76;172m[38;2;111;76;172m%[0m[48;2;76;38;148m[38;2;76;38;148m░[0m[48;2;35;26;44m[38;2;35;26;44m▓[0m[48;2;221;214;215m[38;2;221;214;215m:[0m[48;2;59;52;54m[38;2;59;52;54m▒[0m[48;2;143;137;141m[38;2;143;137;141m*[0m[48;2;12;8;12m[38;2;12;8;12m█[0m[48;2;32;26;31m[38;2;32;26;31m▓[0m[48;2;130;125;129m[38;2;130;125;129m#[0m[48;2;237;234;236m[38;2;237;234;236m.[0m                                    
                                         [48;2;178;178;178m[38;2;178;178;178m=[0m[48;2;63;59;62m[38;2;63;59;62m░[0m[48;2;158;142;152m[38;2;158;142;152m+[0m[48;2;145;131;141m[38;2;145;131;141m*[0m[48;2;22;15;22m[38;2;22;15;22m█[0m[48;2;129;116;126m[38;2;129;116;126m#[0m[48;2;160;140;155m[38;2;160;140;155m+[0m[48;2;161;140;155m[38;2;161;140;155m+[0m[48;2;159;140;154m[38;2;159;140;154m+[0m[48;2;37;27;35m[38;2;37;27;35m▓[0m[48;2;213;195;199m[38;2;213;195;199m-[0m[48;2;247;227;224m[38;2;247;227;224m.[0m[48;2;91;80;82m[38;2;91;80;82m@[0m[48;2;143;114;143m[38;2;143;114;143m#[0m[48;2;166;123;164m[38;2;166;123;164m*[0m[48;2;62;47;59m[38;2;62;47;59m▒[0m[48;2;237;226;224m[38;2;237;226;224m.[0m[48;2;249;235;226m[38;2;249;235;226m [0m[48;2;250;235;226m[38;2;250;235;226m [0m[48;2;250;235;226m[38;2;250;235;226m [0m[48;2;250;235;226m[38;2;250;235;226m [0m[48;2;217;204;202m[38;2;217;204;202m:[0m[48;2;51;35;46m[38;2;51;35;46m▒[0m[48;2;216;173;220m[38;2;216;173;220m-[0m[48;2;114;81;122m[38;2;114;81;122m%[0m[48;2;122;111;112m[38;2;122;111;112m#[0m[48;2;246;233;228m[38;2;246;233;228m.[0m[48;2;244;230;225m[38;2;244;230;225m.[0m[48;2;177;165;164m[38;2;177;165;164m=[0m[48;2;59;50;54m[38;2;59;50;54m▒[0m[48;2;68;57;66m[38;2;68;57;66m░[0m[48;2;76;71;76m[38;2;76;71;76m░[0m                                     
                                         [48;2;232;232;232m[38;2;232;232;232m.[0m[48;2;39;36;38m[38;2;39;36;38m▒[0m[48;2;110;99;107m[38;2;110;99;107m%[0m[48;2;80;69;77m[38;2;80;69;77m@[0m[48;2;10;4;9m[38;2;10;4;9m█[0m[48;2;12;5;11m[38;2;12;5;11m█[0m[48;2;77;67;75m[38;2;77;67;75m░[0m[48;2;129;115;126m[38;2;129;115;126m#[0m[48;2;153;138;149m[38;2;153;138;149m*[0m[48;2;104;95;102m[38;2;104;95;102m%[0m[48;2;78;67;70m[38;2;78;67;70m░[0m[48;2;237;224;221m[38;2;237;224;221m.[0m[48;2;234;221;217m[38;2;234;221;217m.[0m[48;2;149;137;134m[38;2;149;137;134m*[0m[48;2;147;134;132m[38;2;147;134;132m*[0m[48;2;229;216;212m[38;2;229;216;212m:[0m[48;2;249;235;226m[38;2;249;235;226m [0m[48;2;247;232;223m[38;2;247;232;223m.[0m[48;2;173;158;151m[38;2;173;158;151m+[0m[48;2;223;208;200m[38;2;223;208;200m:[0m[48;2;250;235;226m[38;2;250;235;226m [0m[48;2;249;234;228m[38;2;249;234;228m [0m[48;2;138;122;122m[38;2;138;122;122m#[0m[48;2;93;74;82m[38;2;93;74;82m@[0m[48;2;110;93;96m[38;2;110;93;96m%[0m[48;2;240;224;216m[38;2;240;224;216m.[0m[48;2;241;212;198m[38;2;241;212;198m:[0m[48;2;244;216;206m[38;2;244;216;206m.[0m[48;2;178;164;163m[38;2;178;164;163m=[0m[48;2;64;56;59m[38;2;64;56;59m░[0m[48;2;145;133;140m[38;2;145;133;140m*[0m[48;2;36;30;35m[38;2;36;30;35m▓[0m                                     
                                          [48;2;72;71;71m[38;2;72;71;71m░[0m[48;2;34;32;33m[38;2;34;32;33m▓[0m[48;2;118;114;115m[38;2;118;114;115m#[0m[48;2;226;216;218m[38;2;226;216;218m:[0m[48;2;174;164;165m[38;2;174;164;165m=[0m[48;2;16;10;11m[38;2;16;10;11m█[0m[48;2;4;2;3m[38;2;4;2;3m█[0m[48;2;17;15;16m[38;2;17;15;16m█[0m[48;2;93;88;90m[38;2;93;88;90m@[0m[48;2;69;64;66m[38;2;69;64;66m░[0m[48;2;78;70;70m[38;2;78;70;70m░[0m[48;2;181;169;164m[38;2;181;169;164m=[0m[48;2;250;237;230m[38;2;250;237;230m [0m[48;2;250;234;228m[38;2;250;234;228m [0m[48;2;250;235;226m[38;2;250;235;226m [0m[48;2;250;235;226m[38;2;250;235;226m [0m[48;2;249;234;225m[38;2;249;234;225m.[0m[48;2;200;185;177m[38;2;200;185;177m-[0m[48;2;227;212;204m[38;2;227;212;204m:[0m[48;2;250;235;226m[38;2;250;235;226m [0m[48;2;250;235;226m[38;2;250;235;226m [0m[48;2;250;235;226m[38;2;250;235;226m [0m[48;2;250;235;226m[38;2;250;235;226m [0m[48;2;250;235;226m[38;2;250;235;226m [0m[48;2;244;225;216m[38;2;244;225;216m.[0m[48;2;241;214;204m[38;2;241;214;204m.[0m[48;2;248;226;219m[38;2;248;226;219m.[0m[48;2;135;122;120m[38;2;135;122;120m#[0m[48;2;39;30;34m[38;2;39;30;34m▓[0m[48;2;34;25;30m[38;2;34;25;30m▓[0m[48;2;184;179;184m[38;2;184;179;184m=[0m                                     
                                         [48;2;166;166;166m[38;2;166;166;166m=[0m[48;2;86;84;85m[38;2;86;84;85m@[0m[48;2;193;191;192m[38;2;193;191;192m-[0m[48;2;78;75;76m[38;2;78;75;76m@[0m[48;2;116;109;111m[38;2;116;109;111m#[0m[48;2;225;215;217m[38;2;225;215;217m:[0m[48;2;114;104;107m[38;2;114;104;107m%[0m[48;2;84;80;82m[38;2;84;80;82m@[0m[48;2;9;7;8m[38;2;9;7;8m█[0m[48;2;75;71;73m[38;2;75;71;73m░[0m[48;2;211;204;206m[38;2;211;204;206m:[0m[48;2;247;236;233m[38;2;247;236;233m [0m[48;2;251;236;232m[38;2;251;236;232m [0m[48;2;251;236;232m[38;2;251;236;232m [0m[48;2;251;235;230m[38;2;251;235;230m [0m[48;2;251;235;229m[38;2;251;235;229m [0m[48;2;251;235;228m[38;2;251;235;228m [0m[48;2;250;235;227m[38;2;250;235;227m [0m[48;2;250;235;227m[38;2;250;235;227m [0m[48;2;250;235;227m[38;2;250;235;227m [0m[48;2;250;235;227m[38;2;250;235;227m [0m[48;2;250;235;227m[38;2;250;235;227m [0m[48;2;250;235;227m[38;2;250;235;227m [0m[48;2;250;235;227m[38;2;250;235;227m [0m[48;2;250;235;227m[38;2;250;235;227m [0m[48;2;252;236;230m[38;2;252;236;230m [0m[48;2;250;236;233m[38;2;250;236;233m [0m[48;2;185;171;171m[38;2;185;171;171m=[0m[48;2;46;37;39m[38;2;46;37;39m▒[0m[48;2;96;89;94m[38;2;96;89;94m%[0m[48;2;57;51;56m[38;2;57;51;56m▒[0m                                      
                                         [48;2;117;117;117m[38;2;117;117;117m#[0m[48;2;117;115;116m[38;2;117;115;116m#[0m[48;2;202;201;204m[38;2;202;201;204m:[0m[48;2;144;143;146m[38;2;144;143;146m*[0m[48;2;2;1;3m[38;2;2;1;3m█[0m[48;2;13;9;13m[38;2;13;9;13m█[0m[48;2;34;29;34m[38;2;34;29;34m▓[0m[48;2;113;110;112m[38;2;113;110;112m#[0m[48;2;137;135;136m[38;2;137;135;136m*[0m[48;2;40;37;38m[38;2;40;37;38m▒[0m[48;2;54;50;51m[38;2;54;50;51m▒[0m[48;2;27;22;23m[38;2;27;22;23m▓[0m[48;2;50;44;45m[38;2;50;44;45m▒[0m[48;2;75;69;71m[38;2;75;69;71m░[0m[48;2;99;92;94m[38;2;99;92;94m%[0m[48;2;117;109;111m[38;2;117;109;111m#[0m[48;2;134;127;128m[38;2;134;127;128m*[0m[48;2;152;142;142m[38;2;152;142;142m*[0m[48;2;167;157;156m[38;2;167;157;156m+[0m[48;2;176;165;164m[38;2;176;165;164m=[0m[48;2;183;172;170m[38;2;183;172;170m=[0m[48;2;184;174;171m[38;2;184;174;171m=[0m[48;2;180;168;166m[38;2;180;168;166m=[0m[48;2;169;157;155m[38;2;169;157;155m+[0m[48;2;149;138;135m[38;2;149;138;135m*[0m[48;2;115;105;105m[38;2;115;105;105m%[0m[48;2;60;52;56m[38;2;60;52;56m▒[0m[48;2;20;14;21m[38;2;20;14;21m█[0m[48;2;14;9;15m[38;2;14;9;15m█[0m[48;2;28;24;29m[38;2;28;24;29m▓[0m[48;2;216;212;216m[38;2;216;212;216m:[0m                                      
                                       [48;2;164;162;164m[38;2;164;162;164m+[0m[48;2;70;66;69m[38;2;70;66;69m░[0m[48;2;48;45;48m[38;2;48;45;48m▒[0m[48;2;102;100;103m[38;2;102;100;103m%[0m[48;2;202;201;204m[38;2;202;201;204m:[0m[48;2;137;136;139m[38;2;137;136;139m*[0m[48;2;2;1;4m[38;2;2;1;4m█[0m[48;2;10;8;11m[38;2;10;8;11m█[0m[48;2;6;5;9m[38;2;6;5;9m█[0m[48;2;118;117;119m[38;2;118;117;119m#[0m [48;2;41;40;41m[38;2;41;40;41m▒[0m[48;2;10;9;10m[38;2;10;9;10m█[0m[48;2;15;14;17m[38;2;15;14;17m█[0m[48;2;3;2;7m[38;2;3;2;7m█[0m[48;2;4;3;8m[38;2;4;3;8m█[0m[48;2;20;18;25m[38;2;20;18;25m▓[0m[48;2;31;28;37m[38;2;31;28;37m▓[0m[48;2;27;24;34m[38;2;27;24;34m▓[0m[48;2;25;20;29m[38;2;25;20;29m▓[0m[48;2;113;108;114m[38;2;113;108;114m#[0m[48;2;61;55;60m[38;2;61;55;60m░[0m[48;2;21;16;20m[38;2;21;16;20m█[0m[48;2;63;58;61m[38;2;63;58;61m░[0m[48;2;72;67;70m[38;2;72;67;70m░[0m[48;2;11;8;11m[38;2;11;8;11m█[0m[48;2;7;5;7m[38;2;7;5;7m█[0m[48;2;5;3;7m[38;2;5;3;7m█[0m[48;2;32;29;42m[38;2;32;29;42m▓[0m[48;2;28;26;40m[38;2;28;26;40m▓[0m[48;2;6;4;12m[38;2;6;4;12m█[0m[48;2;53;50;53m[38;2;53;50;53m▒[0m                                       
                                     [48;2;226;225;226m[38;2;226;225;226m.[0m[48;2;76;72;75m[38;2;76;72;75m@[0m[48;2;93;84;92m[38;2;93;84;92m@[0m[48;2;152;136;147m[38;2;152;136;147m*[0m[48;2;140;126;136m[38;2;140;126;136m*[0m[48;2;41;37;42m[38;2;41;37;42m▒[0m[48;2;193;190;194m[38;2;193;190;194m-[0m[48;2;189;186;190m[38;2;189;186;190m-[0m[48;2;24;22;25m[38;2;24;22;25m▓[0m[48;2;8;7;10m[38;2;8;7;10m█[0m[48;2;13;11;16m[38;2;13;11;16m█[0m[48;2;204;203;206m[38;2;204;203;206m:[0m[48;2;226;225;228m[38;2;226;225;228m.[0m[48;2;23;22;26m[38;2;23;22;26m▓[0m[48;2;12;11;15m[38;2;12;11;15m█[0m[48;2;24;22;31m[38;2;24;22;31m▓[0m[48;2;27;23;37m[38;2;27;23;37m▓[0m[48;2;28;25;36m[38;2;28;25;36m▓[0m[48;2;22;19;27m[38;2;22;19;27m▓[0m[48;2;6;4;10m[38;2;6;4;10m█[0m[48;2;45;42;49m[38;2;45;42;49m▒[0m[48;2;16;13;19m[38;2;16;13;19m█[0m[48;2;6;3;9m[38;2;6;3;9m█[0m[48;2;55;51;56m[38;2;55;51;56m▒[0m[48;2;179;175;180m[38;2;179;175;180m=[0m[48;2;78;75;77m[38;2;78;75;77m@[0m[48;2;45;43;45m[38;2;45;43;45m▒[0m[48;2;19;15;19m[38;2;19;15;19m█[0m[48;2;77;73;69m[38;2;77;73;69m@[0m[48;2;8;4;11m[38;2;8;4;11m█[0m[48;2;33;28;42m[38;2;33;28;42m▓[0m[48;2;23;20;32m[38;2;23;20;32m▓[0m[48;2;164;163;169m[38;2;164;163;169m+[0m[48;2;241;240;242m[38;2;241;240;242m [0m                                       
                                    [48;2;237;237;237m[38;2;237;237;237m.[0m[48;2;47;44;47m[38;2;47;44;47m▒[0m[48;2;129;116;125m[38;2;129;116;125m#[0m[48;2;158;141;152m[38;2;158;141;152m+[0m[48;2;158;140;151m[38;2;158;140;151m+[0m[48;2;143;128;138m[38;2;143;128;138m*[0m[48;2;53;48;53m[38;2;53;48;53m▒[0m[48;2;53;50;54m[38;2;53;50;54m▒[0m[48;2;158;155;159m[38;2;158;155;159m+[0m[48;2;108;106;110m[38;2;108;106;110m%[0m[48;2;13;10;14m[38;2;13;10;14m█[0m[48;2;141;138;143m[38;2;141;138;143m*[0m[48;2;156;153;159m[38;2;156;153;159m+[0m[48;2;43;40;47m[38;2;43;40;47m▒[0m[48;2;25;23;33m[38;2;25;23;33m▓[0m[48;2;17;15;25m[38;2;17;15;25m█[0m[48;2;18;16;28m[38;2;18;16;28m█[0m[48;2;37;32;51m[38;2;37;32;51m▓[0m[48;2;37;31;50m[38;2;37;31;50m▓[0m[48;2;37;31;49m[38;2;37;31;49m▓[0m[48;2;25;20;36m[38;2;25;20;36m▓[0m[48;2;16;12;22m[38;2;16;12;22m█[0m[48;2;69;65;61m[38;2;69;65;61m░[0m[48;2;43;37;29m[38;2;43;37;29m▒[0m[48;2;15;10;11m[38;2;15;10;11m█[0m[48;2;4;0;3m[38;2;4;0;3m█[0m[48;2;8;3;3m[38;2;8;3;3m█[0m[48;2;77;71;65m[38;2;77;71;65m░[0m[48;2;36;29;28m[38;2;36;29;28m▓[0m[48;2;129;124;110m[38;2;129;124;110m#[0m[48;2;8;4;8m[38;2;8;4;8m█[0m[48;2;22;19;28m[38;2;22;19;28m▓[0m[48;2;179;177;185m[38;2;179;177;185m=[0m                                         
                                    [48;2;140;139;139m[38;2;140;139;139m*[0m[48;2;82;74;79m[38;2;82;74;79m@[0m[48;2;158;141;152m[38;2;158;141;152m+[0m[48;2;160;142;153m[38;2;160;142;153m+[0m[48;2;114;99;109m[38;2;114;99;109m%[0m[48;2;71;62;70m[38;2;71;62;70m░[0m[48;2;188;184;189m[38;2;188;184;189m-[0m[48;2;135;132;136m[38;2;135;132;136m*[0m[48;2;21;17;22m[38;2;21;17;22m▓[0m[48;2;59;55;59m[38;2;59;55;59m░[0m[48;2;41;37;41m[38;2;41;37;41m▒[0m[48;2;30;26;32m[38;2;30;26;32m▓[0m[48;2;8;5;11m[38;2;8;5;11m█[0m[48;2;15;11;22m[38;2;15;11;22m█[0m[48;2;16;13;28m[38;2;16;13;28m█[0m[48;2;23;20;35m[38;2;23;20;35m▓[0m[48;2;35;31;49m[38;2;35;31;49m▓[0m[48;2;37;31;52m[38;2;37;31;52m▓[0m[48;2;37;31;52m[38;2;37;31;52m▓[0m[48;2;37;31;52m[38;2;37;31;52m▓[0m[48;2;37;31;52m[38;2;37;31;52m▓[0m[48;2;26;21;37m[38;2;26;21;37m▓[0m[48;2;90;82;76m[38;2;90;82;76m@[0m[48;2;223;207;164m[38;2;223;207;164m:[0m[48;2;195;177;137m[38;2;195;177;137m=[0m[48;2;132;115;84m[38;2;132;115;84m#[0m[48;2;173;155;120m[38;2;173;155;120m+[0m[48;2;223;205;161m[38;2;223;205;161m:[0m[48;2;54;46;36m[38;2;54;46;36m▒[0m[48;2;47;41;43m[38;2;47;41;43m▒[0m[48;2;18;14;22m[38;2;18;14;22m█[0m[48;2;118;116;121m[38;2;118;116;121m#[0m                                          
                                    [48;2;134;133;134m[38;2;134;133;134m*[0m[48;2;89;80;84m[38;2;89;80;84m@[0m[48;2;158;141;152m[38;2;158;141;152m+[0m[48;2;154;137;147m[38;2;154;137;147m*[0m[48;2;40;28;37m[38;2;40;28;37m▓[0m[48;2;161;154;160m[38;2;161;154;160m+[0m[48;2;46;40;46m[38;2;46;40;46m▒[0m[48;2;77;69;75m[38;2;77;69;75m░[0m[48;2;148;134;144m[38;2;148;134;144m*[0m[48;2;159;142;153m[38;2;159;142;153m+[0m[48;2;159;143;153m[38;2;159;143;153m+[0m[48;2;155;144;153m[38;2;155;144;153m+[0m[48;2;25;22;28m[38;2;25;22;28m▓[0m[48;2;34;31;45m[38;2;34;31;45m▓[0m[48;2;36;31;51m[38;2;36;31;51m▓[0m[48;2;36;31;52m[38;2;36;31;52m▓[0m[48;2;37;31;52m[38;2;37;31;52m▓[0m[48;2;37;31;52m[38;2;37;31;52m▓[0m[48;2;37;31;52m[38;2;37;31;52m▓[0m[48;2;37;31;51m[38;2;37;31;51m▓[0m[48;2;28;24;39m[38;2;28;24;39m▓[0m[48;2;11;8;19m[38;2;11;8;19m█[0m[48;2;24;20;25m[38;2;24;20;25m▓[0m[48;2;87;78;71m[38;2;87;78;71m@[0m[48;2;153;141;118m[38;2;153;141;118m*[0m[48;2;206;191;154m[38;2;206;191;154m-[0m[48;2;190;172;140m[38;2;190;172;140m=[0m[48;2;86;71;62m[38;2;86;71;62m@[0m[48;2;19;11;13m[38;2;19;11;13m█[0m[48;2;5;1;6m[38;2;5;1;6m█[0m[48;2;20;17;23m[38;2;20;17;23m▓[0m[48;2;7;4;9m[38;2;7;4;9m█[0m[48;2;113;111;115m[38;2;113;111;115m#[0m[48;2;178;177;179m[38;2;178;177;179m=[0m[48;2;211;211;211m[38;2;211;211;211m:[0m                                       
                                    [48;2;232;231;232m[38;2;232;231;232m.[0m[48;2;63;57;60m[38;2;63;57;60m░[0m[48;2;114;101;109m[38;2;114;101;109m%[0m[48;2;155;140;151m[38;2;155;140;151m*[0m[48;2;70;59;68m[38;2;70;59;68m░[0m[48;2;16;9;15m[38;2;16;9;15m█[0m[48;2;51;45;50m[38;2;51;45;50m▒[0m[48;2;100;92;98m[38;2;100;92;98m%[0m[48;2;132;120;128m[38;2;132;120;128m#[0m[48;2;117;103;113m[38;2;117;103;113m%[0m[48;2;72;59;68m[38;2;72;59;68m░[0m[48;2;86;76;85m[38;2;86;76;85m@[0m[48;2;11;8;14m[38;2;11;8;14m█[0m[48;2;33;30;44m[38;2;33;30;44m▓[0m[48;2;36;31;51m[38;2;36;31;51m▓[0m[48;2;37;31;52m[38;2;37;31;52m▓[0m[48;2;36;30;51m[38;2;36;30;51m▓[0m[48;2;34;28;48m[38;2;34;28;48m▓[0m[48;2;15;11;25m[38;2;15;11;25m█[0m[48;2;10;6;16m[38;2;10;6;16m█[0m[48;2;17;15;20m[38;2;17;15;20m█[0m[48;2;51;48;52m[38;2;51;48;52m▒[0m[48;2;9;7;9m[38;2;9;7;9m█[0m[48;2;74;69;73m[38;2;74;69;73m░[0m[48;2;49;45;47m[38;2;49;45;47m▒[0m[48;2;24;22;23m[38;2;24;22;23m▓[0m[48;2;13;11;13m[38;2;13;11;13m█[0m[48;2;16;13;20m[38;2;16;13;20m█[0m[48;2;39;37;41m[38;2;39;37;41m▒[0m[48;2;5;4;7m[38;2;5;4;7m█[0m[48;2;33;31;35m[38;2;33;31;35m▓[0m[48;2;47;45;50m[38;2;47;45;50m▒[0m[48;2;35;34;39m[38;2;35;34;39m▓[0m[48;2;35;34;38m[38;2;35;34;38m▓[0m[48;2;26;25;28m[38;2;26;25;28m▓[0m                                       
                                      [48;2;127;127;127m[38;2;127;127;127m#[0m[48;2;35;30;34m[38;2;35;30;34m▓[0m[48;2;81;71;79m[38;2;81;71;79m@[0m[48;2;102;91;101m[38;2;102;91;101m%[0m[48;2;96;85;95m[38;2;96;85;95m@[0m[48;2;77;66;76m[38;2;77;66;76m░[0m[48;2;55;46;53m[38;2;55;46;53m▒[0m[48;2;25;17;24m[38;2;25;17;24m▓[0m[48;2;8;2;8m[38;2;8;2;8m█[0m[48;2;24;18;25m[38;2;24;18;25m▓[0m[48;2;12;9;15m[38;2;12;9;15m█[0m[48;2;9;6;15m[38;2;9;6;15m█[0m[48;2;24;19;34m[38;2;24;19;34m▓[0m[48;2;27;22;38m[38;2;27;22;38m▓[0m[48;2;26;21;37m[38;2;26;21;37m▓[0m[48;2;9;6;17m[38;2;9;6;17m█[0m[48;2;4;1;6m[38;2;4;1;6m█[0m[48;2;35;33;35m[38;2;35;33;35m▓[0m[48;2;59;57;58m[38;2;59;57;58m░[0m[48;2;8;6;8m[38;2;8;6;8m█[0m[48;2;16;13;17m[38;2;16;13;17m█[0m[48;2;104;101;104m[38;2;104;101;104m%[0m[48;2;103;99;103m[38;2;103;99;103m%[0m[48;2;84;83;86m[38;2;84;83;86m@[0m[48;2;73;72;75m[38;2;73;72;75m░[0m[48;2;70;68;78m[38;2;70;68;78m░[0m[48;2;20;17;32m[38;2;20;17;32m▓[0m[48;2;25;18;59m[38;2;25;18;59m▓[0m[48;2;9;6;19m[38;2;9;6;19m█[0m[48;2;27;23;35m[38;2;27;23;35m▓[0m[48;2;35;30;47m[38;2;35;30;47m▓[0m[48;2;34;29;47m[38;2;34;29;47m▓[0m[48;2;22;18;34m[38;2;22;18;34m▓[0m[48;2;57;54;63m[38;2;57;54;63m░[0m[48;2;173;172;174m[38;2;173;172;174m=[0m                                     
                                       [48;2;82;80;81m[38;2;82;80;81m@[0m[48;2;68;63;67m[38;2;68;63;67m░[0m[48;2;108;98;107m[38;2;108;98;107m%[0m[48;2;114;102;114m[38;2;114;102;114m%[0m[48;2;115;101;113m[38;2;115;101;113m%[0m[48;2;118;104;116m[38;2;118;104;116m%[0m[48;2;127;113;125m[38;2;127;113;125m#[0m[48;2;124;112;123m[38;2;124;112;123m#[0m[48;2;116;104;115m[38;2;116;104;115m%[0m[48;2;113;99;111m[38;2;113;99;111m%[0m[48;2;108;95;107m[38;2;108;95;107m%[0m[48;2;107;94;106m[38;2;107;94;106m%[0m[48;2;105;93;104m[38;2;105;93;104m%[0m[48;2;103;92;103m[38;2;103;92;103m%[0m[48;2;97;89;97m[38;2;97;89;97m%[0m[48;2;67;62;67m[38;2;67;62;67m░[0m[48;2;25;21;26m[38;2;25;21;26m▓[0m[48;2;12;8;14m[38;2;12;8;14m█[0m[48;2;28;22;34m[38;2;28;22;34m▓[0m[48;2;36;30;43m[38;2;36;30;43m▓[0m[48;2;27;22;33m[38;2;27;22;33m▓[0m[48;2;211;207;215m[38;2;211;207;215m:[0m [48;2;163;163;167m[38;2;163;163;167m+[0m[48;2;38;34;50m[38;2;38;34;50m▒[0m[48;2;38;29;61m[38;2;38;29;61m▓[0m[48;2;18;12;26m[38;2;18;12;26m█[0m[48;2;13;9;21m[38;2;13;9;21m█[0m[48;2;6;4;9m[38;2;6;4;9m█[0m[48;2;32;28;43m[38;2;32;28;43m▓[0m[48;2;37;31;52m[38;2;37;31;52m▓[0m[48;2;37;31;52m[38;2;37;31;52m▓[0m[48;2;35;30;50m[38;2;35;30;50m▓[0m[48;2;22;18;32m[38;2;22;18;32m▓[0m[48;2;54;52;58m[38;2;54;52;58m▒[0m[48;2;184;184;186m[38;2;184;184;186m-[0m                                   
                                        [48;2;185;184;184m[38;2;185;184;184m-[0m[48;2;119;116;119m[38;2;119;116;119m#[0m[48;2;90;84;90m[38;2;90;84;90m@[0m[48;2;86;80;87m[38;2;86;80;87m@[0m[48;2;92;85;93m[38;2;92;85;93m@[0m[48;2;75;68;76m[38;2;75;68;76m░[0m[48;2;72;65;73m[38;2;72;65;73m░[0m[48;2;75;67;75m[38;2;75;67;75m░[0m[48;2;75;68;76m[38;2;75;68;76m░[0m[48;2;69;62;72m[38;2;69;62;72m░[0m[48;2;63;56;67m[38;2;63;56;67m░[0m[48;2;52;45;56m[38;2;52;45;56m▒[0m[48;2;29;23;34m[38;2;29;23;34m▓[0m[48;2;22;16;29m[38;2;22;16;29m▓[0m[48;2;22;17;33m[38;2;22;17;33m▓[0m[48;2;32;27;44m[38;2;32;27;44m▓[0m[48;2;37;31;51m[38;2;37;31;51m▓[0m[48;2;37;31;52m[38;2;37;31;52m▓[0m[48;2;37;31;52m[38;2;37;31;52m▓[0m[48;2;30;25;42m[38;2;30;25;42m▓[0m[48;2;46;42;55m[38;2;46;42;55m▒[0m[48;2;224;223;229m[38;2;224;223;229m.[0m [48;2;236;235;238m[38;2;236;235;238m.[0m[48;2;170;169;172m[38;2;170;169;172m=[0m[48;2;51;49;58m[38;2;51;49;58m▒[0m[48;2;57;54;65m[38;2;57;54;65m░[0m[48;2;22;21;24m[38;2;22;21;24m▓[0m[48;2;8;6;16m[38;2;8;6;16m█[0m[48;2;32;27;46m[38;2;32;27;46m▓[0m[48;2;37;31;52m[38;2;37;31;52m▓[0m[48;2;37;31;52m[38;2;37;31;52m▓[0m[48;2;37;31;52m[38;2;37;31;52m▓[0m[48;2;35;29;48m[38;2;35;29;48m▓[0m[48;2;20;15;30m[38;2;20;15;30m█[0m[48;2;87;85;92m[38;2;87;85;92m@[0m[48;2;233;233;233m[38;2;233;233;233m.[0m                                 
                                               [48;2;241;240;241m[38;2;241;240;241m [0m[48;2;122;121;122m[38;2;122;121;122m#[0m[48;2;22;18;27m[38;2;22;18;27m▓[0m[48;2;36;31;48m[38;2;36;31;48m▓[0m[48;2;37;31;51m[38;2;37;31;51m▓[0m[48;2;36;31;51m[38;2;36;31;51m▓[0m[48;2;37;31;52m[38;2;37;31;52m▓[0m[48;2;36;30;52m[38;2;36;30;52m▓[0m[48;2;36;30;52m[38;2;36;30;52m▓[0m[48;2;37;31;52m[38;2;37;31;52m▓[0m[48;2;37;31;52m[38;2;37;31;52m▓[0m[48;2;37;31;52m[38;2;37;31;52m▓[0m[48;2;37;31;52m[38;2;37;31;52m▓[0m[48;2;28;23;41m[38;2;28;23;41m▓[0m[48;2;53;50;60m[38;2;53;50;60m▒[0m[48;2;224;223;227m[38;2;224;223;227m.[0m  [48;2;237;237;238m[38;2;237;237;238m.[0m[48;2;235;235;236m[38;2;235;235;236m.[0m[48;2;119;118;121m[38;2;119;118;121m#[0m[48;2;24;16;66m[38;2;24;16;66m▓[0m[48;2;13;7;45m[38;2;13;7;45m█[0m[48;2;30;25;44m[38;2;30;25;44m▓[0m[48;2;37;31;52m[38;2;37;31;52m▓[0m[48;2;37;31;52m[38;2;37;31;52m▓[0m[48;2;37;31;52m[38;2;37;31;52m▓[0m[48;2;37;32;50m[38;2;37;32;50m▓[0m[48;2;30;25;40m[38;2;30;25;40m▓[0m[48;2;41;38;45m[38;2;41;38;45m▒[0m[48;2;217;217;218m[38;2;217;217;218m:[0m                                