                                                                                                              
                                                                                                              
                                                                                                              
                                                                                                              
                                                                                                              
                                                                                                              
                                                                                                              
                                                                                                              
                                                                                                              
                                                                                                              
                                                                                                              
                                                                                                              
                                                                                                              
                                               [48;2;200;199;200m[38;2;200;199;200m-[0m[48;2;127;127;129m[38;2;127;127;129m#[0m[48;2;83;82;85m[38;2;83;82;85m@[0m[48;2;62;61;65m[38;2;62;61;65m░[0m[48;2;54;53;57m[38;2;54;53;57m▒[0m[48;2;56;55;59m[38;2;56;55;59m░[0m[48;2;64;63;68m[38;2;64;63;68m░[0m[48;2;75;74;79m[38;2;75;74;79m@[0m[48;2;95;94;97m[38;2;95;94;97m%[0m[48;2;122;121;123m[38;2;122;121;123m#[0m[48;2;152;152;154m[38;2;152;152;154m+[0m[48;2;199;199;200m[38;2;199;199;200m-[0m                                                   
                                             [48;2;216;216;216m[38;2;216;216;216m:[0m[48;2;41;40;44m[38;2;41;40;44m▒[0m[48;2;12;11;18m[38;2;12;11;18m█[0m[48;2;32;30;42m[38;2;32;30;42m▓[0m[48;2;43;41;56m[38;2;43;41;56m▒[0m[48;2;44;43;58m[38;2;44;43;58m▒[0m[48;2;43;43;59m[38;2;43;43;59m▒[0m[48;2;43;43;59m[38;2;43;43;59m▒[0m[48;2;42;43;59m[38;2;42;43;59m▒[0m[48;2;42;43;59m[38;2;42;43;59m▒[0m[48;2;41;43;57m[38;2;41;43;57m▒[0m[48;2;37;38;53m[38;2;37;38;53m▒[0m[48;2;33;32;47m[38;2;33;32;47m▓[0m[48;2;26;25;39m[38;2;26;25;39m▓[0m[48;2;25;24;37m[38;2;25;24;37m▓[0m[48;2;69;68;77m[38;2;69;68;77m░[0m[48;2;140;139;143m[38;2;140;139;143m*[0m[48;2;229;229;231m[38;2;229;229;231m.[0m                                               
                                             [48;2;81;80;83m[38;2;81;80;83m@[0m[48;2;26;25;34m[38;2;26;25;34m▓[0m[48;2;44;42;56m[38;2;44;42;56m▒[0m[48;2;42;42;58m[38;2;42;42;58m▒[0m[48;2;42;43;59m[38;2;42;43;59m▒[0m[48;2;41;43;59m[38;2;41;43;59m▒[0m[48;2;40;44;59m[38;2;40;44;59m▒[0m[48;2;40;44;59m[38;2;40;44;59m▒[0m[48;2;40;44;59m[38;2;40;44;59m▒[0m[48;2;40;44;59m[38;2;40;44;59m▒[0m[48;2;40;44;59m[38;2;40;44;59m▒[0m[48;2;40;44;59m[38;2;40;44;59m▒[0m[48;2;40;44;59m[38;2;40;44;59m▒[0m[48;2;40;44;59m[38;2;40;44;59m▒[0m[48;2;41;43;59m[38;2;41;43;59m▒[0m[48;2;40;43;59m[38;2;40;43;59m▒[0m[48;2;33;33;48m[38;2;33;33;48m▓[0m[48;2;24;23;33m[38;2;24;23;33m▓[0m[48;2;114;113;118m[38;2;114;113;118m#[0m[48;2;238;238;238m[38;2;238;238;238m [0m                                             
                                            [48;2;110;109;110m[38;2;110;109;110m%[0m[48;2;39;37;45m[38;2;39;37;45m▒[0m[48;2;44;43;58m[38;2;44;43;58m▒[0m[48;2;42;43;59m[38;2;42;43;59m▒[0m[48;2;40;44;59m[38;2;40;44;59m▒[0m[48;2;40;44;59m[38;2;40;44;59m▒[0m[48;2;40;44;59m[38;2;40;44;59m▒[0m[48;2;40;44;59m[38;2;40;44;59m▒[0m[48;2;40;44;59m[38;2;40;44;59m▒[0m[48;2;40;44;59m[38;2;40;44;59m▒[0m[48;2;40;44;59m[38;2;40;44;59m▒[0m[48;2;40;44;59m[38;2;40;44;59m▒[0m[48;2;40;44;59m[38;2;40;44;59m▒[0m[48;2;40;44;59m[38;2;40;44;59m▒[0m[48;2;40;44;59m[38;2;40;44;59m▒[0m[48;2;40;44;59m[38;2;40;44;59m▒[0m[48;2;40;44;59m[38;2;40;44;59m▒[0m[48;2;40;44;59m[38;2;40;44;59m▒[0m[48;2;42;43;58m[38;2;42;43;58m▒[0m[48;2;32;31;43m[38;2;32;31;43m▓[0m[48;2;39;38;43m[38;2;39;38;43m▒[0m[48;2;207;207;208m[38;2;207;207;208m:[0m                                            
                                          [48;2;206;206;207m[38;2;206;206;207m:[0m[48;2;56;54;58m[38;2;56;54;58m░[0m[48;2;8;5;10m[38;2;8;5;10m█[0m[48;2;74;72;81m[38;2;74;72;81m@[0m[48;2;42;43;59m[38;2;42;43;59m▒[0m[48;2;40;44;59m[38;2;40;44;59m▒[0m[48;2;40;44;59m[38;2;40;44;59m▒[0m[48;2;40;44;59m[38;2;40;44;59m▒[0m[48;2;40;44;59m[38;2;40;44;59m▒[0m[48;2;40;44;59m[38;2;40;44;59m▒[0m[48;2;40;44;59m[38;2;40;44;59m▒[0m[48;2;40;44;59m[38;2;40;44;59m▒[0m[48;2;40;44;59m[38;2;40;44;59m▒[0m[48;2;40;44;59m[38;2;40;44;59m▒[0m[48;2;40;44;59m[38;2;40;44;59m▒[0m[48;2;40;44;59m[38;2;40;44;59m▒[0m[48;2;40;44;59m[38;2;40;44;59m▒[0m[48;2;40;44;59m[38;2;40;44;59m▒[0m[48;2;40;44;59m[38;2;40;44;59m▒[0m[48;2;40;44;59m[38;2;40;44;59m▒[0m[48;2;40;44;59m[38;2;40;44;59m▒[0m[48;2;41;43;59m[38;2;41;43;59m▒[0m[48;2;39;37;51m[38;2;39;37;51m▒[0m[48;2;26;24;31m[38;2;26;24;31m▓[0m[48;2;192;191;193m[38;2;192;191;193m-[0m                                           
                                         [48;2;179;178;178m[38;2;179;178;178m=[0m[48;2;51;45;52m[38;2;51;45;52m▒[0m[48;2;126;118;126m[38;2;126;118;126m#[0m[48;2;14;9;14m[38;2;14;9;14m█[0m[48;2;80;76;85m[38;2;80;76;85m@[0m[48;2;44;42;59m[38;2;44;42;59m▒[0m[48;2;40;44;59m[38;2;40;44;59m▒[0m[48;2;40;44;59m[38;2;40;44;59m▒[0m[48;2;40;44;59m[38;2;40;44;59m▒[0m[48;2;40;44;59m[38;2;40;44;59m▒[0m[48;2;40;44;59m[38;2;40;44;59m▒[0m[48;2;40;44;59m[38;2;40;44;59m▒[0m[48;2;40;44;59m[38;2;40;44;59m▒[0m[48;2;40;44;59m[38;2;40;44;59m▒[0m[48;2;40;44;59m[38;2;40;44;59m▒[0m[48;2;40;44;59m[38;2;40;44;59m▒[0m[48;2;40;44;59m[38;2;40;44;59m▒[0m[48;2;40;44;59m[38;2;40;44;59m▒[0m[48;2;40;44;59m[38;2;40;44;59m▒[0m[48;2;40;44;59m[38;2;40;44;59m▒[0m[48;2;40;44;59m[38;2;40;44;59m▒[0m[48;2;40;44;59m[38;2;40;44;59m▒[0m[48;2;40;44;59m[38;2;40;44;59m▒[0m[48;2;41;43;59m[38;2;41;43;59m▒[0m[48;2;40;39;54m[38;2;40;39;54m▒[0m[48;2;26;24;31m[38;2;26;24;31m▓[0m[48;2;211;210;211m[38;2;211;210;211m:[0m                                          
                                        [48;2;193;193;193m[38;2;193;193;193m-[0m[48;2;29;26;30m[38;2;29;26;30m▓[0m[48;2;75;66;76m[38;2;75;66;76m░[0m[48;2;95;84;96m[38;2;95;84;96m@[0m[48;2;13;7;14m[38;2;13;7;14m█[0m[48;2;79;76;82m[38;2;79;76;82m@[0m[48;2;49;48;60m[38;2;49;48;60m▒[0m[48;2;40;44;59m[38;2;40;44;59m▒[0m[48;2;40;44;59m[38;2;40;44;59m▒[0m[48;2;40;44;59m[38;2;40;44;59m▒[0m[48;2;40;44;59m[38;2;40;44;59m▒[0m[48;2;40;44;59m[38;2;40;44;59m▒[0m[48;2;40;44;59m[38;2;40;44;59m▒[0m[48;2;40;44;59m[38;2;40;44;59m▒[0m[48;2;40;44;59m[38;2;40;44;59m▒[0m[48;2;40;44;59m[38;2;40;44;59m▒[0m[48;2;40;44;59m[38;2;40;44;59m▒[0m[48;2;40;44;59m[38;2;40;44;59m▒[0m[48;2;40;44;59m[38;2;40;44;59m▒[0m[48;2;40;44;59m[38;2;40;44;59m▒[0m[48;2;40;44;59m[38;2;40;44;59m▒[0m[48;2;40;44;59m[38;2;40;44;59m▒[0m[48;2;40;44;59m[38;2;40;44;59m▒[0m[48;2;40;44;59m[38;2;40;44;59m▒[0m[48;2;40;44;59m[38;2;40;44;59m▒[0m[48;2;41;43;59m[38;2;41;43;59m▒[0m[48;2;36;35;48m[38;2;36;35;48m▒[0m[48;2;59;56;62m[38;2;59;56;62m░[0m                                          
                                        [48;2;58;56;58m[38;2;58;56;58m░[0m[48;2;52;45;53m[38;2;52;45;53m▒[0m[48;2;23;15;35m[38;2;23;15;35m▓[0m[48;2;52;36;80m[38;2;52;36;80m▒[0m[48;2;45;32;66m[38;2;45;32;66m▒[0m[48;2;32;24;50m[38;2;32;24;50m▓[0m[48;2;47;44;58m[38;2;47;44;58m▒[0m[48;2;42;43;59m[38;2;42;43;59m▒[0m[48;2;41;43;59m[38;2;41;43;59m▒[0m[48;2;40;44;59m[38;2;40;44;59m▒[0m[48;2;40;44;59m[38;2;40;44;59m▒[0m[48;2;40;44;59m[38;2;40;44;59m▒[0m[48;2;40;44;59m[38;2;40;44;59m▒[0m[48;2;40;44;59m[38;2;40;44;59m▒[0m[48;2;40;44;59m[38;2;40;44;59m▒[0m[48;2;40;44;59m[38;2;40;44;59m▒[0m[48;2;40;44;59m[38;2;40;44;59m▒[0m[48;2;40;44;59m[38;2;40;44;59m▒[0m[48;2;40;44;59m[38;2;40;44;59m▒[0m[48;2;40;44;59m[38;2;40;44;59m▒[0m[48;2;40;44;59m[38;2;40;44;59m▒[0m[48;2;40;44;59m[38;2;40;44;59m▒[0m[48;2;40;44;59m[38;2;40;44;59m▒[0m[48;2;40;44;59m[38;2;40;44;59m▒[0m[48;2;40;44;59m[38;2;40;44;59m▒[0m[48;2;41;43;59m[38;2;41;43;59m▒[0m[48;2;43;42;57m[38;2;43;42;57m▒[0m[48;2;10;9;17m[38;2;10;9;17m█[0m[48;2;224;224;226m[38;2;224;224;226m.[0m                                         
                                       [48;2;201;201;202m[38;2;201;201;202m-[0m[48;2;39;37;39m[38;2;39;37;39m▒[0m[48;2;16;11;18m[38;2;16;11;18m█[0m[48;2;45;35;63m[38;2;45;35;63m▒[0m[48;2;86;65;131m[38;2;86;65;131m@[0m[48;2;67;49;96m[38;2;67;49;96m░[0m[48;2;27;16;38m[38;2;27;16;38m▓[0m[48;2;53;48;61m[38;2;53;48;61m▒[0m[48;2;54;51;67m[38;2;54;51;67m▒[0m[48;2;41;43;59m[38;2;41;43;59m▒[0m[48;2;41;43;59m[38;2;41;43;59m▒[0m[48;2;40;44;59m[38;2;40;44;59m▒[0m[48;2;40;44;59m[38;2;40;44;59m▒[0m[48;2;40;44;59m[38;2;40;44;59m▒[0m[48;2;40;44;59m[38;2;40;44;59m▒[0m[48;2;40;44;59m[38;2;40;44;59m▒[0m[48;2;40;44;59m[38;2;40;44;59m▒[0m[48;2;40;44;59m[38;2;40;44;59m▒[0m[48;2;40;44;59m[38;2;40;44;59m▒[0m[48;2;40;44;59m[38;2;40;44;59m▒[0m[48;2;40;44;59m[38;2;40;44;59m▒[0m[48;2;40;44;59m[38;2;40;44;59m▒[0m[48;2;40;44;59m[38;2;40;44;59m▒[0m[48;2;40;44;59m[38;2;40;44;59m▒[0m[48;2;40;44;59m[38;2;40;44;59m▒[0m[48;2;40;44;59m[38;2;40;44;59m▒[0m[48;2;41;43;59m[38;2;41;43;59m▒[0m[48;2;40;39;55m[38;2;40;39;55m▒[0m[48;2;26;23;31m[38;2;26;23;31m▓[0m                                          
                                       [48;2;168;167;168m[38;2;168;167;168m=[0m[48;2;36;34;36m[38;2;36;34;36m▓[0m[48;2;5;2;5m[38;2;5;2;5m█[0m[48;2;25;19;31m[38;2;25;19;31m▓[0m[48;2;30;20;39m[38;2;30;20;39m▓[0m[48;2;50;40;55m[38;2;50;40;55m▒[0m[48;2;52;42;55m[38;2;52;42;55m▒[0m[48;2;27;20;32m[38;2;27;20;32m▓[0m[48;2;79;76;89m[38;2;79;76;89m@[0m[48;2;51;49;65m[38;2;51;49;65m▒[0m[48;2;42;43;59m[38;2;42;43;59m▒[0m[48;2;40;44;59m[38;2;40;44;59m▒[0m[48;2;40;44;59m[38;2;40;44;59m▒[0m[48;2;40;44;59m[38;2;40;44;59m▒[0m[48;2;40;44;59m[38;2;40;44;59m▒[0m[48;2;40;44;59m[38;2;40;44;59m▒[0m[48;2;40;44;59m[38;2;40;44;59m▒[0m[48;2;40;44;59m[38;2;40;44;59m▒[0m[48;2;40;44;59m[38;2;40;44;59m▒[0m[48;2;40;44;59m[38;2;40;44;59m▒[0m[48;2;40;44;59m[38;2;40;44;59m▒[0m[48;2;40;44;59m[38;2;40;44;59m▒[0m[48;2;40;44;59m[38;2;40;44;59m▒[0m[48;2;40;44;59m[38;2;40;44;59m▒[0m[48;2;40;44;59m[38;2;40;44;59m▒[0m[48;2;41;43;58m[38;2;41;43;58m▒[0m[48;2;38;38;53m[38;2;38;38;53m▒[0m[48;2;14;13;26m[38;2;14;13;26m█[0m[48;2;79;77;84m[38;2;79;77;84m@[0m                                          
                                       [48;2;228;228;228m[38;2;228;228;228m.[0m[48;2;33;32;33m[38;2;33;32;33m▓[0m[48;2;89;87;88m[38;2;89;87;88m@[0m[48;2;42;37;48m[38;2;42;37;48m▒[0m[48;2;155;141;153m[38;2;155;141;153m+[0m[48;2;102;89;99m[38;2;102;89;99m%[0m[48;2;80;68;77m[38;2;80;68;77m░[0m[48;2;109;97;108m[38;2;109;97;108m%[0m[48;2;31;24;35m[38;2;31;24;35m▓[0m[48;2;61;55;68m[38;2;61;55;68m░[0m[48;2;66;61;76m[38;2;66;61;76m░[0m[48;2;44;43;58m[38;2;44;43;58m▒[0m[48;2;41;43;59m[38;2;41;43;59m▒[0m[48;2;40;44;59m[38;2;40;44;59m▒[0m[48;2;40;44;59m[38;2;40;44;59m▒[0m[48;2;40;44;59m[38;2;40;44;59m▒[0m[48;2;40;44;59m[38;2;40;44;59m▒[0m[48;2;40;44;59m[38;2;40;44;59m▒[0m[48;2;40;44;59m[38;2;40;44;59m▒[0m[48;2;40;44;59m[38;2;40;44;59m▒[0m[48;2;40;44;59m[38;2;40;44;59m▒[0m[48;2;40;44;59m[38;2;40;44;59m▒[0m[48;2;40;44;59m[38;2;40;44;59m▒[0m[48;2;41;43;59m[38;2;41;43;59m▒[0m[48;2;42;41;58m[38;2;42;41;58m▒[0m[48;2;29;25;40m[38;2;29;25;40m▓[0m[48;2;10;5;18m[38;2;10;5;18m█[0m[48;2;62;57;67m[38;2;62;57;67m░[0m[48;2;58;55;59m[38;2;58;55;59m░[0m                                          
                                        [48;2;104;103;103m[38;2;104;103;103m%[0m[48;2;170;166;167m[38;2;170;166;167m=[0m[48;2;68;59;62m[38;2;68;59;62m░[0m[48;2;125;112;122m[38;2;125;112;122m#[0m[48;2;142;127;138m[38;2;142;127;138m*[0m[48;2;27;18;26m[38;2;27;18;26m▓[0m[48;2;137;123;134m[38;2;137;123;134m*[0m[48;2;148;131;144m[38;2;148;131;144m*[0m[48;2;87;73;87m[38;2;87;73;87m@[0m[48;2;49;37;49m[38;2;49;37;49m▒[0m[48;2;59;50;62m[38;2;59;50;62m▒[0m[48;2;55;51;65m[38;2;55;51;65m▒[0m[48;2;47;46;62m[38;2;47;46;62m▒[0m[48;2;41;43;59m[38;2;41;43;59m▒[0m[48;2;40;44;59m[38;2;40;44;59m▒[0m[48;2;40;44;59m[38;2;40;44;59m▒[0m[48;2;40;44;59m[38;2;40;44;59m▒[0m[48;2;40;44;59m[38;2;40;44;59m▒[0m[48;2;41;43;59m[38;2;41;43;59m▒[0m[48;2;42;43;59m[38;2;42;43;59m▒[0m[48;2;39;40;55m[38;2;39;40;55m▒[0m[48;2;33;33;46m[38;2;33;33;46m▓[0m[48;2;24;23;35m[38;2;24;23;35m▓[0m[48;2;44;41;52m[38;2;44;41;52m▒[0m[48;2;54;49;58m[38;2;54;49;58m▒[0m[48;2;49;40;51m[38;2;49;40;51m▒[0m[48;2;146;135;146m[38;2;146;135;146m*[0m[48;2;51;43;50m[38;2;51;43;50m▒[0m[48;2;190;188;190m[38;2;190;188;190m-[0m                                         
                                        [48;2;144;144;145m[38;2;144;144;145m*[0m[48;2;118;111;114m[38;2;118;111;114m#[0m[48;2;215;204;204m[38;2;215;204;204m:[0m[48;2;51;39;45m[38;2;51;39;45m▒[0m[48;2;140;125;137m[38;2;140;125;137m*[0m[48;2;130;115;128m[38;2;130;115;128m#[0m[48;2;45;35;43m[38;2;45;35;43m▒[0m[48;2;144;127;140m[38;2;144;127;140m*[0m[48;2;160;141;155m[38;2;160;141;155m+[0m[48;2;159;141;153m[38;2;159;141;153m+[0m[48;2;129;113;125m[38;2;129;113;125m#[0m[48;2;87;74;86m[38;2;87;74;86m@[0m[48;2;64;53;65m[38;2;64;53;65m░[0m[48;2;38;30;41m[38;2;38;30;41m▓[0m[48;2;18;15;27m[38;2;18;15;27m█[0m[48;2;18;18;31m[38;2;18;18;31m▓[0m[48;2;23;22;35m[38;2;23;22;35m▓[0m[48;2;24;23;35m[38;2;24;23;35m▓[0m[48;2;29;26;38m[38;2;29;26;38m▓[0m[48;2;45;39;50m[38;2;45;39;50m▒[0m[48;2;66;58;68m[38;2;66;58;68m░[0m[48;2;93;82;94m[38;2;93;82;94m@[0m[48;2;124;114;123m[38;2;124;114;123m#[0m[48;2;66;55;63m[38;2;66;55;63m░[0m[48;2;66;55;62m[38;2;66;55;62m░[0m[48;2;148;136;146m[38;2;148;136;146m*[0m[48;2;158;143;153m[38;2;158;143;153m+[0m[48;2;141;125;136m[38;2;141;125;136m*[0m[48;2;48;42;47m[38;2;48;42;47m▒[0m[48;2;196;194;196m[38;2;196;194;196m-[0m                                        
                                        [48;2;105;105;105m[38;2;105;105;105m%[0m[48;2;23;18;20m[38;2;23;18;20m▓[0m[48;2;66;58;59m[38;2;66;58;59m░[0m[48;2;99;88;91m[38;2;99;88;91m%[0m[48;2;29;20;27m[38;2;29;20;27m▓[0m[48;2;125;112;122m[38;2;125;112;122m#[0m[48;2;126;114;124m[38;2;126;114;124m#[0m[48;2;48;36;45m[38;2;48;36;45m▒[0m[48;2;123;108;119m[38;2;123;108;119m#[0m[48;2;160;141;155m[38;2;160;141;155m+[0m[48;2;161;140;155m[38;2;161;140;155m+[0m[48;2;160;140;155m[38;2;160;140;155m+[0m[48;2;160;141;155m[38;2;160;141;155m+[0m[48;2;158;139;153m[38;2;158;139;153m*[0m[48;2;113;99;112m[38;2;113;99;112m%[0m[48;2;74;63;73m[38;2;74;63;73m░[0m[48;2;66;55;65m[38;2;66;55;65m░[0m[48;2;67;56;66m[38;2;67;56;66m░[0m[48;2;72;61;70m[38;2;72;61;70m░[0m[48;2;73;61;70m[38;2;73;61;70m░[0m[48;2;59;48;57m[38;2;59;48;57m▒[0m[48;2;35;23;34m[38;2;35;23;34m▓[0m[48;2;13;5;13m[38;2;13;5;13m█[0m[48;2;26;21;27m[38;2;26;21;27m▓[0m[48;2;29;22;29m[38;2;29;22;29m▓[0m[48;2;26;18;26m[38;2;26;18;26m▓[0m[48;2;119;105;115m[38;2;119;105;115m#[0m[48;2;160;141;155m[38;2;160;141;155m+[0m[48;2;134;119;129m[38;2;134;119;129m#[0m[48;2;29;21;27m[38;2;29;21;27m▓[0m[48;2;33;28;33m[38;2;33;28;33m▓[0m[48;2;96;92;95m[38;2;96;92;95m%[0m[48;2;159;156;159m[38;2;159;156;159m+[0m[48;2;233;232;233m[38;2;233;232;233m.[0m                                    
                                        [48;2;67;64;66m[38;2;67;64;66m░[0m[48;2;159;153;156m[38;2;159;153;156m+[0m[48;2;147;140;142m[38;2;147;140;142m*[0m[48;2;49;44;46m[38;2;49;44;46m▒[0m[48;2;45;39;44m[38;2;45;39;44m▒[0m[48;2;55;49;54m[38;2;55;49;54m▒[0m[48;2;38;31;38m[38;2;38;31;38m▓[0m[48;2;62;55;61m[38;2;62;55;61m░[0m[48;2;46;38;44m[38;2;46;38;44m▒[0m[48;2;71;61;69m[38;2;71;61;69m░[0m[48;2;143;126;139m[38;2;143;126;139m*[0m[48;2;161;140;155m[38;2;161;140;155m+[0m[48;2;161;140;155m[38;2;161;140;155m+[0m[48;2;161;140;155m[38;2;161;140;155m+[0m[48;2;161;140;155m[38;2;161;140;155m+[0m[48;2;161;140;155m[38;2;161;140;155m+[0m[48;2;161;140;155m[38;2;161;140;155m+[0m[48;2;162;140;155m[38;2;162;140;155m+[0m[48;2;161;141;155m[38;2;161;141;155m+[0m[48;2;157;140;152m[38;2;157;140;152m+[0m[48;2;51;39;48m[38;2;51;39;48m▒[0m[48;2;20;12;20m[38;2;20;12;20m█[0m[48;2;4;0;6m[38;2;4;0;6m█[0m[48;2;10;8;13m[38;2;10;8;13m█[0m[48;2;26;23;32m[38;2;26;23;32m▓[0m[48;2;13;8;18m[38;2;13;8;18m█[0m[48;2;115;105;115m[38;2;115;105;115m%[0m[48;2;159;141;154m[38;2;159;141;154m+[0m[48;2;159;140;154m[38;2;159;140;154m+[0m[48;2;146;129;142m[38;2;146;129;142m*[0m[48;2;68;56;65m[38;2;68;56;65m░[0m[48;2;73;64;70m[38;2;73;64;70m░[0m[48;2;109;98;107m[38;2;109;98;107m%[0m[48;2;66;59;65m[38;2;66;59;65m░[0m[48;2;112;109;112m[38;2;112;109;112m#[0m[48;2;234;234;234m[38;2;234;234;234m.[0m                                  
                                        [48;2;82;82;82m[38;2;82;82;82m@[0m[48;2;79;76;78m[38;2;79;76;78m@[0m[48;2;87;81;84m[38;2;87;81;84m@[0m[48;2;77;73;75m[38;2;77;73;75m@[0m[48;2;54;49;52m[38;2;54;49;52m▒[0m[48;2;237;232;236m[38;2;237;232;236m.[0m[48;2;35;31;34m[38;2;35;31;34m▓[0m[48;2;74;69;73m[38;2;74;69;73m░[0m[48;2;87;78;84m[38;2;87;78;84m@[0m[48;2;64;56;61m[38;2;64;56;61m░[0m[48;2;48;40;47m[38;2;48;40;47m▒[0m[48;2;98;85;95m[38;2;98;85;95m@[0m[48;2;161;140;155m[38;2;161;140;155m+[0m[48;2;161;140;155m[38;2;161;140;155m+[0m[48;2;161;140;155m[38;2;161;140;155m+[0m[48;2;161;140;155m[38;2;161;140;155m+[0m[48;2;161;140;155m[38;2;161;140;155m+[0m[48;2;161;140;155m[38;2;161;140;155m+[0m[48;2;161;140;155m[38;2;161;140;155m+[0m[48;2;149;130;144m[38;2;149;130;144m*[0m[48;2;19;7;16m[38;2;19;7;16m█[0m[48;2;24;17;24m[38;2;24;17;24m▓[0m[48;2;7;3;9m[38;2;7;3;9m█[0m[48;2;9;5;12m[38;2;9;5;12m█[0m[48;2;7;2;10m[38;2;7;2;10m█[0m[48;2;19;14;22m[38;2;19;14;22m█[0m[48;2;25;19;26m[38;2;25;19;26m▓[0m[48;2;147;133;143m[38;2;147;133;143m*[0m[48;2;160;141;155m[38;2;160;141;155m+[0m[48;2;161;140;155m[38;2;161;140;155m+[0m[48;2;160;140;155m[38;2;160;140;155m+[0m[48;2;132;115;127m[38;2;132;115;127m#[0m[48;2;154;137;149m[38;2;154;137;149m*[0m[48;2;158;142;154m[38;2;158;142;154m+[0m[48;2;122;110;119m[38;2;122;110;119m#[0m[48;2;54;47;53m[38;2;54;47;53m▒[0m[48;2;208;207;208m[38;2;208;207;208m:[0m                                 
                                        [48;2;87;87;87m[38;2;87;87;87m@[0m[48;2;155;154;156m[38;2;155;154;156m+[0m[48;2;202;201;204m[38;2;202;201;204m:[0m[48;2;193;192;195m[38;2;193;192;195m-[0m[48;2;34;33;36m[38;2;34;33;36m▓[0m[48;2;239;238;241m[38;2;239;238;241m [0m[48;2;107;105;108m[38;2;107;105;108m%[0m[48;2;83;78;82m[38;2;83;78;82m@[0m[48;2;155;140;149m[38;2;155;140;149m*[0m[48;2;157;139;151m[38;2;157;139;151m*[0m[48;2;159;139;152m[38;2;159;139;152m+[0m[48;2;160;140;154m[38;2;160;140;154m+[0m[48;2;161;140;155m[38;2;161;140;155m+[0m[48;2;161;140;155m[38;2;161;140;155m+[0m[48;2;161;140;155m[38;2;161;140;155m+[0m[48;2;161;140;155m[38;2;161;140;155m+[0m[48;2;161;140;155m[38;2;161;140;155m+[0m[48;2;161;140;155m[38;2;161;140;155m+[0m[48;2;161;140;155m[38;2;161;140;155m+[0m[48;2;161;140;155m[38;2;161;140;155m+[0m[48;2;148;131;144m[38;2;148;131;144m*[0m[48;2;145;131;143m[38;2;145;131;143m*[0m[48;2;101;89;100m[38;2;101;89;100m%[0m[48;2;19;12;21m[38;2;19;12;21m█[0m[48;2;17;10;19m[38;2;17;10;19m█[0m[48;2;47;39;46m[38;2;47;39;46m▒[0m[48;2;51;43;50m[38;2;51;43;50m▒[0m[48;2;95;82;92m[38;2;95;82;92m@[0m[48;2;148;130;143m[38;2;148;130;143m*[0m[48;2;161;140;155m[38;2;161;140;155m+[0m[48;2;161;140;155m[38;2;161;140;155m+[0m[48;2;161;140;155m[38;2;161;140;155m+[0m[48;2;161;140;155m[38;2;161;140;155m+[0m[48;2;161;140;155m[38;2;161;140;155m+[0m[48;2;160;141;154m[38;2;160;141;154m+[0m[48;2;135;120;131m[38;2;135;120;131m#[0m[48;2;52;47;52m[38;2;52;47;52m▒[0m                                 
                                        [48;2;139;139;139m[38;2;139;139;139m*[0m[48;2;112;109;112m[38;2;112;109;112m#[0m[48;2;202;200;204m[38;2;202;200;204m-[0m[48;2;178;178;181m[38;2;178;178;181m=[0m[48;2;50;49;52m[38;2;50;49;52m▒[0m[48;2;241;240;243m[38;2;241;240;243m [0m[48;2;151;149;153m[38;2;151;149;153m+[0m[48;2;9;6;10m[38;2;9;6;10m█[0m[48;2;118;104;114m[38;2;118;104;114m%[0m[48;2;159;139;151m[38;2;159;139;151m+[0m[48;2;161;140;155m[38;2;161;140;155m+[0m[48;2;161;140;155m[38;2;161;140;155m+[0m[48;2;161;140;155m[38;2;161;140;155m+[0m[48;2;161;140;155m[38;2;161;140;155m+[0m[48;2;161;140;155m[38;2;161;140;155m+[0m[48;2;161;140;155m[38;2;161;140;155m+[0m[48;2;161;140;155m[38;2;161;140;155m+[0m[48;2;161;140;155m[38;2;161;140;155m+[0m[48;2;161;140;155m[38;2;161;140;155m+[0m[48;2;161;140;155m[38;2;161;140;155m+[0m[48;2;161;140;155m[38;2;161;140;155m+[0m[48;2;161;140;155m[38;2;161;140;155m+[0m[48;2;161;140;155m[38;2;161;140;155m+[0m[48;2;152;132;146m[38;2;152;132;146m*[0m[48;2;151;134;148m[38;2;151;134;148m*[0m[48;2;86;72;83m[38;2;86;72;83m@[0m[48;2;58;47;55m[38;2;58;47;55m▒[0m[48;2;14;5;13m[38;2;14;5;13m█[0m[48;2;16;5;13m[38;2;16;5;13m█[0m[48;2;55;40;51m[38;2;55;40;51m▒[0m[48;2;126;107;121m[38;2;126;107;121m#[0m[48;2;160;140;154m[38;2;160;140;154m+[0m[48;2;161;140;155m[38;2;161;140;155m+[0m[48;2;161;140;155m[38;2;161;140;155m+[0m[48;2;161;140;155m[38;2;161;140;155m+[0m[48;2;161;140;155m[38;2;161;140;155m+[0m[48;2;65;54;62m[38;2;65;54;62m░[0m[48;2;177;174;177m[38;2;177;174;177m=[0m                                
                                        [48;2;209;209;209m[38;2;209;209;209m:[0m[48;2;51;47;51m[38;2;51;47;51m▒[0m[48;2;200;198;202m[38;2;200;198;202m-[0m[48;2;90;87;91m[38;2;90;87;91m@[0m[48;2;151;150;154m[38;2;151;150;154m+[0m [48;2;171;169;172m[38;2;171;169;172m=[0m[48;2;8;6;9m[38;2;8;6;9m█[0m[48;2;15;8;15m[38;2;15;8;15m█[0m[48;2;110;95;106m[38;2;110;95;106m%[0m[48;2;159;141;154m[38;2;159;141;154m+[0m[48;2;160;141;155m[38;2;160;141;155m+[0m[48;2;161;140;155m[38;2;161;140;155m+[0m[48;2;161;140;155m[38;2;161;140;155m+[0m[48;2;161;140;155m[38;2;161;140;155m+[0m[48;2;161;140;155m[38;2;161;140;155m+[0m[48;2;161;140;155m[38;2;161;140;155m+[0m[48;2;161;140;155m[38;2;161;140;155m+[0m[48;2;161;140;155m[38;2;161;140;155m+[0m[48;2;161;140;155m[38;2;161;140;155m+[0m[48;2;161;140;155m[38;2;161;140;155m+[0m[48;2;161;140;155m[38;2;161;140;155m+[0m[48;2;161;140;155m[38;2;161;140;155m+[0m[48;2;161;140;155m[38;2;161;140;155m+[0m[48;2;161;140;155m[38;2;161;140;155m+[0m[48;2;161;140;155m[38;2;161;140;155m+[0m[48;2;155;136;150m[38;2;155;136;150m*[0m[48;2;122;106;118m[38;2;122;106;118m#[0m[48;2;87;74;84m[38;2;87;74;84m@[0m[48;2;54;41;52m[38;2;54;41;52m▒[0m[48;2;85;71;82m[38;2;85;71;82m@[0m[48;2;137;119;133m[38;2;137;119;133m#[0m[48;2;161;140;155m[38;2;161;140;155m+[0m[48;2;161;140;155m[38;2;161;140;155m+[0m[48;2;161;140;155m[38;2;161;140;155m+[0m[48;2;161;140;155m[38;2;161;140;155m+[0m[48;2;78;66;75m[38;2;78;66;75m░[0m[48;2;162;157;161m[38;2;162;157;161m+[0m                                
                                         [48;2;129;127;130m[38;2;129;127;130m#[0m[48;2;44;41;45m[38;2;44;41;45m▒[0m[48;2;43;41;45m[38;2;43;41;45m▒[0m[48;2;153;150;155m[38;2;153;150;155m+[0m[48;2;139;136;142m[38;2;139;136;142m*[0m[48;2;71;69;73m[38;2;71;69;73m░[0m[48;2;11;8;14m[38;2;11;8;14m█[0m[48;2;27;22;35m[38;2;27;22;35m▓[0m[48;2;21;15;29m[38;2;21;15;29m▓[0m[48;2;60;52;61m[38;2;60;52;61m░[0m[48;2;143;129;141m[38;2;143;129;141m*[0m[48;2;160;141;155m[38;2;160;141;155m+[0m[48;2;161;140;155m[38;2;161;140;155m+[0m[48;2;161;140;155m[38;2;161;140;155m+[0m[48;2;161;140;155m[38;2;161;140;155m+[0m[48;2;161;140;155m[38;2;161;140;155m+[0m[48;2;161;140;155m[38;2;161;140;155m+[0m[48;2;161;140;155m[38;2;161;140;155m+[0m[48;2;161;140;155m[38;2;161;140;155m+[0m[48;2;161;140;155m[38;2;161;140;155m+[0m[48;2;161;140;155m[38;2;161;140;155m+[0m[48;2;161;140;155m[38;2;161;140;155m+[0m[48;2;161;140;155m[38;2;161;140;155m+[0m[48;2;161;140;155m[38;2;161;140;155m+[0m[48;2;161;140;155m[38;2;161;140;155m+[0m[48;2;161;140;155m[38;2;161;140;155m+[0m[48;2;161;140;155m[38;2;161;140;155m+[0m[48;2;161;140;155m[38;2;161;140;155m+[0m[48;2;160;141;155m[38;2;160;141;155m+[0m[48;2;126;109;122m[38;2;126;109;122m#[0m[48;2;78;63;74m[38;2;78;63;74m░[0m[48;2;69;54;66m[38;2;69;54;66m░[0m[48;2;72;57;70m[38;2;72;57;70m░[0m[48;2;76;61;73m[38;2;76;61;73m░[0m[48;2;75;62;73m[38;2;75;62;73m░[0m[48;2;26;15;25m[38;2;26;15;25m▓[0m[48;2;76;68;75m[38;2;76;68;75m░[0m                                
                                          [48;2;227;226;227m[38;2;227;226;227m.[0m[48;2;201;200;202m[38;2;201;200;202m-[0m[48;2;200;199;201m[38;2;200;199;201m-[0m[48;2;189;187;191m[38;2;189;187;191m-[0m[48;2;11;8;14m[38;2;11;8;14m█[0m[48;2;33;29;41m[38;2;33;29;41m▓[0m[48;2;36;31;49m[38;2;36;31;49m▓[0m[48;2;37;31;51m[38;2;37;31;51m▓[0m[48;2;29;24;42m[38;2;29;24;42m▓[0m[48;2;22;17;29m[38;2;22;17;29m▓[0m[48;2;78;67;80m[38;2;78;67;80m░[0m[48;2;139;123;137m[38;2;139;123;137m*[0m[48;2;161;141;156m[38;2;161;141;156m+[0m[48;2;161;140;155m[38;2;161;140;155m+[0m[48;2;161;140;155m[38;2;161;140;155m+[0m[48;2;161;140;155m[38;2;161;140;155m+[0m[48;2;161;140;155m[38;2;161;140;155m+[0m[48;2;161;140;155m[38;2;161;140;155m+[0m[48;2;161;140;155m[38;2;161;140;155m+[0m[48;2;161;140;155m[38;2;161;140;155m+[0m[48;2;161;140;155m[38;2;161;140;155m+[0m[48;2;161;140;155m[38;2;161;140;155m+[0m[48;2;161;140;155m[38;2;161;140;155m+[0m[48;2;161;140;155m[38;2;161;140;155m+[0m[48;2;161;140;155m[38;2;161;140;155m+[0m[48;2;161;140;155m[38;2;161;140;155m+[0m[48;2;161;140;155m[38;2;161;140;155m+[0m[48;2;161;140;155m[38;2;161;140;155m+[0m[48;2;161;141;155m[38;2;161;141;155m+[0m[48;2;161;141;155m[38;2;161;141;155m+[0m[48;2;161;141;155m[38;2;161;141;155m+[0m[48;2;159;140;154m[38;2;159;140;154m+[0m[48;2;153;135;149m[38;2;153;135;149m*[0m[48;2;151;134;147m[38;2;151;134;147m*[0m[48;2;134;119;132m[38;2;134;119;132m#[0m[48;2;62;54;61m[38;2;62;54;61m░[0m                                
                                             [48;2;226;225;226m[38;2;226;225;226m.[0m[48;2;9;6;12m[38;2;9;6;12m█[0m[48;2;21;17;30m[38;2;21;17;30m▓[0m[48;2;33;28;46m[38;2;33;28;46m▓[0m[48;2;37;31;51m[38;2;37;31;51m▓[0m[48;2;36;30;51m[38;2;36;30;51m▓[0m[48;2;36;30;50m[38;2;36;30;50m▓[0m[48;2;24;19;35m[38;2;24;19;35m▓[0m[48;2;15;8;33m[38;2;15;8;33m█[0m[48;2;53;42;71m[38;2;53;42;71m▒[0m[48;2;97;86;96m[38;2;97;86;96m@[0m[48;2;141;126;138m[38;2;141;126;138m*[0m[48;2;159;141;155m[38;2;159;141;155m+[0m[48;2;160;141;155m[38;2;160;141;155m+[0m[48;2;161;140;155m[38;2;161;140;155m+[0m[48;2;161;140;155m[38;2;161;140;155m+[0m[48;2;161;140;155m[38;2;161;140;155m+[0m[48;2;161;140;155m[38;2;161;140;155m+[0m[48;2;161;140;155m[38;2;161;140;155m+[0m[48;2;161;140;155m[38;2;161;140;155m+[0m[48;2;161;140;155m[38;2;161;140;155m+[0m[48;2;161;140;155m[38;2;161;140;155m+[0m[48;2;161;140;155m[38;2;161;140;155m+[0m[48;2;161;140;155m[38;2;161;140;155m+[0m[48;2;161;140;155m[38;2;161;140;155m+[0m[48;2;161;140;155m[38;2;161;140;155m+[0m[48;2;161;140;155m[38;2;161;140;155m+[0m[48;2;161;140;155m[38;2;161;140;155m+[0m[48;2;161;140;155m[38;2;161;140;155m+[0m[48;2;160;141;154m[38;2;160;141;154m+[0m[48;2;142;126;137m[38;2;142;126;137m*[0m[48;2;53;43;50m[38;2;53;43;50m▒[0m[48;2;189;185;189m[38;2;189;185;189m-[0m                                
                                              [48;2;18;16;21m[38;2;18;16;21m█[0m[48;2;24;20;31m[38;2;24;20;31m▓[0m[48;2;17;13;27m[38;2;17;13;27m█[0m[48;2;15;11;25m[38;2;15;11;25m█[0m[48;2;17;13;27m[38;2;17;13;27m█[0m[48;2;20;15;30m[38;2;20;15;30m█[0m[48;2;17;13;27m[38;2;17;13;27m█[0m[48;2;13;7;34m[38;2;13;7;34m█[0m[48;2;80;62;159m[38;2;80;62;159m@[0m[48;2;55;41;128m[38;2;55;41;128m░[0m[48;2;43;35;75m[38;2;43;35;75m▒[0m[48;2;47;39;73m[38;2;47;39;73m▒[0m[48;2;64;56;77m[38;2;64;56;77m░[0m[48;2;98;88;97m[38;2;98;88;97m%[0m[48;2;125;113;122m[38;2;125;113;122m#[0m[48;2;148;133;145m[38;2;148;133;145m*[0m[48;2;158;140;154m[38;2;158;140;154m+[0m[48;2;159;140;155m[38;2;159;140;155m+[0m[48;2;160;141;155m[38;2;160;141;155m+[0m[48;2;160;141;155m[38;2;160;141;155m+[0m[48;2;161;140;155m[38;2;161;140;155m+[0m[48;2;161;140;155m[38;2;161;140;155m+[0m[48;2;161;140;155m[38;2;161;140;155m+[0m[48;2;161;140;155m[38;2;161;140;155m+[0m[48;2;160;141;155m[38;2;160;141;155m+[0m[48;2;157;138;153m[38;2;157;138;153m*[0m[48;2;139;121;135m[38;2;139;121;135m#[0m[48;2;101;85;96m[38;2;101;85;96m@[0m[48;2;57;45;54m[38;2;57;45;54m▒[0m[48;2;87;79;86m[38;2;87;79;86m@[0m[48;2;210;205;209m[38;2;210;205;209m:[0m                                 
                                              [48;2;54;53;57m[38;2;54;53;57m▒[0m[48;2;32;28;40m[38;2;32;28;40m▓[0m[48;2;36;30;49m[38;2;36;30;49m▓[0m[48;2;36;30;50m[38;2;36;30;50m▓[0m[48;2;34;29;48m[38;2;34;29;48m▓[0m[48;2;33;28;45m[38;2;33;28;45m▓[0m[48;2;32;27;43m[38;2;32;27;43m▓[0m[48;2;13;9;25m[38;2;13;9;25m█[0m[48;2;55;39;125m[38;2;55;39;125m▒[0m[48;2;79;65;155m[38;2;79;65;155m@[0m[48;2;83;70;155m[38;2;83;70;155m@[0m[48;2;85;70;164m[38;2;85;70;164m@[0m[48;2;39;24;117m[38;2;39;24;117m▒[0m[48;2;4;1;9m[38;2;4;1;9m█[0m[48;2;16;9;41m[38;2;16;9;41m█[0m[48;2;38;23;95m[38;2;38;23;95m▓[0m[48;2;41;31;66m[38;2;41;31;66m▒[0m[48;2;46;35;80m[38;2;46;35;80m▒[0m[48;2;57;48;69m[38;2;57;48;69m▒[0m[48;2;63;53;74m[38;2;63;53;74m░[0m[48;2;63;53;72m[38;2;63;53;72m░[0m[48;2;63;54;62m[38;2;63;54;62m░[0m[48;2;62;54;62m[38;2;62;54;62m░[0m[48;2;57;48;59m[38;2;57;48;59m▒[0m[48;2;43;35;45m[38;2;43;35;45m▒[0m[48;2;22;16;26m[38;2;22;16;26m▓[0m[48;2;19;14;22m[38;2;19;14;22m█[0m[48;2;142;138;142m[38;2;142;138;142m*[0m[48;2;232;228;231m[38;2;232;228;231m.[0m                                   
                                              [48;2;136;135;137m[38;2;136;135;137m*[0m[48;2;20;18;27m[38;2;20;18;27m▓[0m[48;2;37;31;51m[38;2;37;31;51m▓[0m[48;2;37;31;52m[38;2;37;31;52m▓[0m[48;2;37;31;52m[38;2;37;31;52m▓[0m[48;2;37;31;52m[38;2;37;31;52m▓[0m[48;2;37;31;52m[38;2;37;31;52m▓[0m[48;2;29;24;42m[38;2;29;24;42m▓[0m[48;2;19;12;42m[38;2;19;12;42m█[0m[48;2;76;66;122m[38;2;76;66;122m@[0m[48;2;83;69;154m[38;2;83;69;154m@[0m[48;2;76;57;167m[38;2;76;57;167m@[0m[48;2;77;61;153m[38;2;77;61;153m@[0m[48;2;18;10;55m[38;2;18;10;55m█[0m[48;2;68;64;72m[38;2;68;64;72m░[0m[48;2;33;21;79m[38;2;33;21;79m▓[0m[48;2;83;67;155m[38;2;83;67;155m@[0m[48;2;67;47;157m[38;2;67;47;157m░[0m[48;2;81;65;149m[38;2;81;65;149m@[0m[48;2;57;44;111m[38;2;57;44;111m░[0m[48;2;34;28;50m[38;2;34;28;50m▓[0m[48;2;9;5;11m[38;2;9;5;11m█[0m[48;2;66;59;69m[38;2;66;59;69m░[0m[48;2;46;39;52m[38;2;46;39;52m▒[0m[48;2;39;31;49m[38;2;39;31;49m▓[0m[48;2;37;31;51m[38;2;37;31;51m▓[0m[48;2;33;27;47m[38;2;33;27;47m▓[0m[48;2;20;16;30m[38;2;20;16;30m▓[0m[48;2;55;52;61m[38;2;55;52;61m▒[0m[48;2;150;149;151m[38;2;150;149;151m+[0m[48;2;240;240;241m[38;2;240;240;241m [0m                                 
                                              [48;2;225;225;226m[38;2;225;225;226m.[0m[48;2;19;17;22m[38;2;19;17;22m█[0m[48;2;35;30;48m[38;2;35;30;48m▓[0m[48;2;37;31;52m[38;2;37;31;52m▓[0m[48;2;37;31;52m[38;2;37;31;52m▓[0m[48;2;37;31;52m[38;2;37;31;52m▓[0m[48;2;37;31;52m[38;2;37;31;52m▓[0m[48;2;37;31;52m[38;2;37;31;52m▓[0m[48;2;31;25;46m[38;2;31;25;46m▓[0m[48;2;22;17;33m[38;2;22;17;33m▓[0m[48;2;27;22;40m[38;2;27;22;40m▓[0m[48;2;33;25;58m[38;2;33;25;58m▓[0m[48;2;50;43;77m[38;2;50;43;77m▒[0m[48;2;25;15;68m[38;2;25;15;68m▓[0m[48;2;69;66;73m[38;2;69;66;73m░[0m[48;2;122;119;125m[38;2;122;119;125m#[0m[48;2;18;13;31m[38;2;18;13;31m█[0m[48;2;59;55;72m[38;2;59;55;72m░[0m[48;2;103;100;111m[38;2;103;100;111m%[0m[48;2;170;166;175m[38;2;170;166;175m=[0m[48;2;234;232;236m[38;2;234;232;236m.[0m[48;2;165;162;164m[38;2;165;162;164m+[0m[48;2;27;21;28m[38;2;27;21;28m▓[0m[48;2;59;53;64m[38;2;59;53;64m░[0m[48;2;65;58;72m[38;2;65;58;72m░[0m[48;2;40;33;49m[38;2;40;33;49m▒[0m[48;2;38;31;51m[38;2;38;31;51m▓[0m[48;2;37;31;52m[38;2;37;31;52m▓[0m[48;2;36;31;51m[38;2;36;31;51m▓[0m[48;2;27;23;39m[38;2;27;23;39m▓[0m[48;2;33;30;39m[38;2;33;30;39m▓[0m[48;2;150;149;153m[38;2;150;149;153m+[0m                                
                                               [48;2;121;118;123m[38;2;121;118;123m#[0m[48;2;22;17;31m[38;2;22;17;31m▓[0m[48;2;37;32;51m[38;2;37;32;51m▓[0m[48;2;37;31;52m[38;2;37;31;52m▓[0m[48;2;37;31;52m[38;2;37;31;52m▓[0m[48;2;37;31;52m[38;2;37;31;52m▓[0m[48;2;37;31;52m[38;2;37;31;52m▓[0m[48;2;37;31;52m[38;2;37;31;52m▓[0m[48;2;37;32;50m[38;2;37;32;50m▓[0m[48;2;75;70;86m[38;2;75;70;86m@[0m[48;2;17;14;26m[38;2;17;14;26m█[0m[48;2;52;50;57m[38;2;52;50;57m▒[0m[48;2;155;152;160m[38;2;155;152;160m+[0m[48;2;201;199;204m[38;2;201;199;204m-[0m[48;2;189;186;190m[38;2;189;186;190m-[0m[48;2;44;42;44m[38;2;44;42;44m▒[0m[48;2;88;86;89m[38;2;88;86;89m@[0m[48;2;119;117;122m[38;2;119;117;122m#[0m[48;2;213;210;215m[38;2;213;210;215m:[0m [48;2;230;228;229m[38;2;230;228;229m.[0m[48;2;44;39;43m[38;2;44;39;43m▒[0m[48;2;130;125;132m[38;2;130;125;132m#[0m[48;2;40;34;41m[38;2;40;34;41m▒[0m[48;2;58;52;59m[38;2;58;52;59m▒[0m[48;2;67;61;71m[38;2;67;61;71m░[0m[48;2;41;34;53m[38;2;41;34;53m▒[0m[48;2;37;31;52m[38;2;37;31;52m▓[0m[48;2;37;31;52m[38;2;37;31;52m▓[0m[48;2;36;31;51m[38;2;36;31;51m▓[0m[48;2;22;18;32m[38;2;22;18;32m▓[0m[48;2;80;78;83m[38;2;80;78;83m@[0m                               