                                                                                                              
                                                                                                              
                                                                                                              
                                                                                                              
                                                                                                              
                                                                                                              
                                                                                                              
                                                                                                              
                                                                                                              
                                                                                                              
                                                                                                              
                                                                                                              
                                                                                                              
                                                   [48;2;187;187;187m[38;2;187;187;187m-[0m[48;2;130;130;132m[38;2;130;130;132m*[0m[48;2;93;92;96m[38;2;93;92;96m%[0m[48;2;66;65;69m[38;2;66;65;69m░[0m[48;2;57;56;61m[38;2;57;56;61m░[0m[48;2;53;52;57m[38;2;53;52;57m▒[0m[48;2;57;56;61m[38;2;57;56;61m░[0m[48;2;71;70;75m[38;2;71;70;75m░[0m[48;2;100;99;103m[38;2;100;99;103m%[0m[48;2;143;142;146m[38;2;143;142;146m*[0m[48;2;198;198;200m[38;2;198;198;200m-[0m                                                
                                                [48;2;215;215;215m[38;2;215;215;215m:[0m[48;2;100;100;103m[38;2;100;100;103m%[0m[48;2;29;27;35m[38;2;29;27;35m▓[0m[48;2;28;26;38m[38;2;28;26;38m▓[0m[48;2;39;36;52m[38;2;39;36;52m▒[0m[48;2;45;42;58m[38;2;45;42;58m▒[0m[48;2;46;43;60m[38;2;46;43;60m▒[0m[48;2;47;44;62m[38;2;47;44;62m▒[0m[48;2;48;44;62m[38;2;48;44;62m▒[0m[48;2;45;42;59m[38;2;45;42;59m▒[0m[48;2;45;42;58m[38;2;45;42;58m▒[0m[48;2;43;40;57m[38;2;43;40;57m▒[0m[48;2;36;34;50m[38;2;36;34;50m▓[0m[48;2;27;25;40m[38;2;27;25;40m▓[0m[48;2;36;33;45m[38;2;36;33;45m▓[0m[48;2;100;99;105m[38;2;100;99;105m%[0m[48;2;198;197;200m[38;2;198;197;200m-[0m                                             
                                              [48;2;236;236;236m[38;2;236;236;236m.[0m[48;2;120;119;122m[38;2;120;119;122m#[0m[48;2;25;24;31m[38;2;25;24;31m▓[0m[48;2;37;35;47m[38;2;37;35;47m▒[0m[48;2;45;42;57m[38;2;45;42;57m▒[0m[48;2;42;39;55m[38;2;42;39;55m▒[0m[48;2;33;31;45m[38;2;33;31;45m▓[0m[48;2;28;24;37m[38;2;28;24;37m▓[0m[48;2;28;24;35m[38;2;28;24;35m▓[0m[48;2;40;38;47m[38;2;40;38;47m▒[0m[48;2;46;42;52m[38;2;46;42;52m▒[0m[48;2;26;23;33m[38;2;26;23;33m▓[0m[48;2;46;42;54m[38;2;46;42;54m▒[0m[48;2;65;61;74m[38;2;65;61;74m░[0m[48;2;65;61;74m[38;2;65;61;74m░[0m[48;2;48;46;58m[38;2;48;46;58m▒[0m[48;2;45;42;56m[38;2;45;42;56m▒[0m[48;2;40;38;51m[38;2;40;38;51m▒[0m[48;2;26;24;34m[38;2;26;24;34m▓[0m[48;2;71;70;75m[38;2;71;70;75m░[0m[48;2;205;204;206m[38;2;205;204;206m:[0m                                           
                                             [48;2;190;189;191m[38;2;190;189;191m-[0m[48;2;37;35;41m[38;2;37;35;41m▓[0m[48;2;37;34;47m[38;2;37;34;47m▓[0m[48;2;45;42;57m[38;2;45;42;57m▒[0m[48;2;34;32;45m[38;2;34;32;45m▓[0m[48;2;27;21;33m[38;2;27;21;33m▓[0m[48;2;71;62;73m[38;2;71;62;73m░[0m[48;2;107;94;105m[38;2;107;94;105m%[0m[48;2;135;122;132m[38;2;135;122;132m#[0m[48;2;149;135;145m[38;2;149;135;145m*[0m[48;2;153;139;149m[38;2;153;139;149m*[0m[48;2;146;131;142m[38;2;146;131;142m*[0m[48;2;131;115;126m[38;2;131;115;126m#[0m[48;2;105;91;101m[38;2;105;91;101m%[0m[48;2;78;67;76m[38;2;78;67;76m░[0m[48;2;38;30;37m[38;2;38;30;37m▓[0m[48;2;55;48;55m[38;2;55;48;55m▒[0m[48;2;65;57;66m[38;2;65;57;66m░[0m[48;2;67;59;67m[38;2;67;59;67m░[0m[48;2;52;47;54m[38;2;52;47;54m▒[0m[48;2;24;20;26m[38;2;24;20;26m▓[0m[48;2;9;7;10m[38;2;9;7;10m█[0m[48;2;143;142;144m[38;2;143;142;144m*[0m                                          
                                            [48;2;173;172;173m[38;2;173;172;173m=[0m[48;2;20;19;24m[38;2;20;19;24m▓[0m[48;2;43;40;52m[38;2;43;40;52m▒[0m[48;2;41;38;52m[38;2;41;38;52m▒[0m[48;2;22;19;32m[38;2;22;19;32m▓[0m[48;2;52;46;55m[38;2;52;46;55m▒[0m[48;2;144;129;142m[38;2;144;129;142m*[0m[48;2;159;141;154m[38;2;159;141;154m+[0m[48;2;160;141;155m[38;2;160;141;155m+[0m[48;2;161;142;156m[38;2;161;142;156m+[0m[48;2;116;97;111m[38;2;116;97;111m%[0m[48;2;71;56;68m[38;2;71;56;68m░[0m[48;2;78;64;74m[38;2;78;64;74m░[0m[48;2;86;71;81m[38;2;86;71;81m@[0m[48;2;89;75;85m[38;2;89;75;85m@[0m[48;2;154;137;148m[38;2;154;137;148m*[0m[48;2;158;140;151m[38;2;158;140;151m+[0m[48;2;160;142;153m[38;2;160;142;153m+[0m[48;2;161;142;154m[38;2;161;142;154m+[0m[48;2;152;133;145m[38;2;152;133;145m*[0m[48;2;74;59;70m[38;2;74;59;70m░[0m[48;2;81;69;78m[38;2;81;69;78m@[0m[48;2;86;77;84m[38;2;86;77;84m@[0m[48;2;37;31;35m[38;2;37;31;35m▓[0m[48;2;135;132;136m[38;2;135;132;136m*[0m                                         
                                           [48;2;203;203;204m[38;2;203;203;204m:[0m[48;2;19;18;23m[38;2;19;18;23m▓[0m[48;2;41;39;50m[38;2;41;39;50m▒[0m[48;2;25;22;33m[38;2;25;22;33m▓[0m[48;2;23;18;29m[38;2;23;18;29m▓[0m[48;2;120;106;120m[38;2;120;106;120m#[0m[48;2;160;142;156m[38;2;160;142;156m+[0m[48;2;161;140;155m[38;2;161;140;155m+[0m[48;2;161;140;155m[38;2;161;140;155m+[0m[48;2;161;140;155m[38;2;161;140;155m+[0m[48;2;162;141;156m[38;2;162;141;156m+[0m[48;2;162;141;156m[38;2;162;141;156m+[0m[48;2;161;140;155m[38;2;161;140;155m+[0m[48;2;161;140;155m[38;2;161;140;155m+[0m[48;2;161;140;155m[38;2;161;140;155m+[0m[48;2;161;140;155m[38;2;161;140;155m+[0m[48;2;161;140;155m[38;2;161;140;155m+[0m[48;2;161;140;155m[38;2;161;140;155m+[0m[48;2;161;140;155m[38;2;161;140;155m+[0m[48;2;161;140;155m[38;2;161;140;155m+[0m[48;2;161;140;155m[38;2;161;140;155m+[0m[48;2;161;140;155m[38;2;161;140;155m+[0m[48;2;141;122;135m[38;2;141;122;135m*[0m[48;2;109;95;104m[38;2;109;95;104m%[0m[48;2;115;104;112m[38;2;115;104;112m%[0m[48;2;16;10;15m[38;2;16;10;15m█[0m[48;2;56;54;57m[38;2;56;54;57m░[0m[48;2;95;94;102m[38;2;95;94;102m%[0m[48;2;207;207;208m[38;2;207;207;208m:[0m                                      
                                           [48;2;52;52;54m[38;2;52;52;54m▒[0m[48;2;32;30;37m[38;2;32;30;37m▓[0m[48;2;12;10;18m[38;2;12;10;18m█[0m[48;2;22;17;25m[38;2;22;17;25m▓[0m[48;2;137;122;134m[38;2;137;122;134m#[0m[48;2;161;140;155m[38;2;161;140;155m+[0m[48;2;161;140;155m[38;2;161;140;155m+[0m[48;2;161;140;155m[38;2;161;140;155m+[0m[48;2;161;140;155m[38;2;161;140;155m+[0m[48;2;159;138;153m[38;2;159;138;153m*[0m[48;2;159;138;153m[38;2;159;138;153m*[0m[48;2;159;138;153m[38;2;159;138;153m*[0m[48;2;159;138;153m[38;2;159;138;153m*[0m[48;2;161;140;155m[38;2;161;140;155m+[0m[48;2;161;140;155m[38;2;161;140;155m+[0m[48;2;161;140;155m[38;2;161;140;155m+[0m[48;2;161;140;155m[38;2;161;140;155m+[0m[48;2;161;140;155m[38;2;161;140;155m+[0m[48;2;161;140;155m[38;2;161;140;155m+[0m[48;2;161;140;155m[38;2;161;140;155m+[0m[48;2;161;140;155m[38;2;161;140;155m+[0m[48;2;149;128;143m[38;2;149;128;143m*[0m[48;2;137;118;132m[38;2;137;118;132m#[0m[48;2;160;141;155m[38;2;160;141;155m+[0m[48;2;160;141;155m[38;2;160;141;155m+[0m[48;2;125;111;122m[38;2;125;111;122m#[0m[48;2;14;8;14m[38;2;14;8;14m█[0m[48;2;53;43;78m[38;2;53;43;78m▒[0m[48;2;85;83;88m[38;2;85;83;88m@[0m                                      
                                          [48;2;176;176;176m[38;2;176;176;176m=[0m[48;2;11;10;13m[38;2;11;10;13m█[0m[48;2;23;20;26m[38;2;23;20;26m▓[0m[48;2;19;13;20m[38;2;19;13;20m█[0m[48;2;126;112;124m[38;2;126;112;124m#[0m[48;2;162;143;156m[38;2;162;143;156m+[0m[48;2;161;140;155m[38;2;161;140;155m+[0m[48;2;160;141;155m[38;2;160;141;155m+[0m[48;2;159;141;155m[38;2;159;141;155m+[0m[48;2;130;113;126m[38;2;130;113;126m#[0m[48;2;55;40;52m[38;2;55;40;52m▒[0m[48;2;114;100;112m[38;2;114;100;112m%[0m[48;2;51;38;49m[38;2;51;38;49m▒[0m[48;2;157;140;154m[38;2;157;140;154m+[0m[48;2;99;82;96m[38;2;99;82;96m@[0m[48;2;139;119;134m[38;2;139;119;134m#[0m[48;2;161;140;155m[38;2;161;140;155m+[0m[48;2;161;140;155m[38;2;161;140;155m+[0m[48;2;161;140;155m[38;2;161;140;155m+[0m[48;2;161;140;155m[38;2;161;140;155m+[0m[48;2;149;129;143m[38;2;149;129;143m*[0m[48;2;134;115;129m[38;2;134;115;129m#[0m[48;2;129;114;125m[38;2;129;114;125m#[0m[48;2;50;38;47m[38;2;50;38;47m▒[0m[48;2;157;140;153m[38;2;157;140;153m+[0m[48;2;160;140;155m[38;2;160;140;155m+[0m[48;2;160;141;155m[38;2;160;141;155m+[0m[48;2;95;82;91m[38;2;95;82;91m@[0m[48;2;14;5;14m[38;2;14;5;14m█[0m[48;2;36;30;53m[38;2;36;30;53m▓[0m[48;2;194;193;194m[38;2;194;193;194m-[0m                                     
                                          [48;2;94;94;94m[38;2;94;94;94m%[0m[48;2;11;9;12m[38;2;11;9;12m█[0m[48;2;87;83;89m[38;2;87;83;89m@[0m[48;2;55;47;55m[38;2;55;47;55m▒[0m[48;2;159;142;155m[38;2;159;142;155m+[0m[48;2;161;141;156m[38;2;161;141;156m+[0m[48;2;161;140;155m[38;2;161;140;155m+[0m[48;2;161;140;155m[38;2;161;140;155m+[0m[48;2;149;131;145m[38;2;149;131;145m*[0m[48;2;33;23;32m[38;2;33;23;32m▓[0m[48;2;55;49;56m[38;2;55;49;56m▒[0m[48;2;11;7;11m[38;2;11;7;11m█[0m[48;2;101;92;100m[38;2;101;92;100m%[0m[48;2;107;94;105m[38;2;107;94;105m%[0m[48;2;41;30;39m[38;2;41;30;39m▓[0m[48;2;131;116;129m[38;2;131;116;129m#[0m[48;2;158;141;154m[38;2;158;141;154m+[0m[48;2;161;140;155m[38;2;161;140;155m+[0m[48;2;161;140;155m[38;2;161;140;155m+[0m[48;2;161;140;155m[38;2;161;140;155m+[0m[48;2;113;94;108m[38;2;113;94;108m%[0m[48;2;65;50;62m[38;2;65;50;62m░[0m[48;2;156;142;154m[38;2;156;142;154m+[0m[48;2;54;42;52m[38;2;54;42;52m▒[0m[48;2;119;104;117m[38;2;119;104;117m#[0m[48;2;160;140;154m[38;2;160;140;154m+[0m[48;2;161;140;155m[38;2;161;140;155m+[0m[48;2;157;138;152m[38;2;157;138;152m*[0m[48;2;38;28;36m[38;2;38;28;36m▓[0m[48;2;24;18;35m[38;2;24;18;35m▓[0m[48;2;188;187;188m[38;2;188;187;188m-[0m                                     
                                          [48;2;50;49;49m[38;2;50;49;49m▒[0m[48;2;90;84;89m[38;2;90;84;89m@[0m[48;2;77;68;76m[38;2;77;68;76m░[0m[48;2;100;89;98m[38;2;100;89;98m%[0m[48;2;161;141;155m[38;2;161;141;155m+[0m[48;2;161;140;155m[38;2;161;140;155m+[0m[48;2;161;140;155m[38;2;161;140;155m+[0m[48;2;161;140;155m[38;2;161;140;155m+[0m[48;2;80;66;77m[38;2;80;66;77m░[0m[48;2;8;0;7m[38;2;8;0;7m█[0m[48;2;59;55;58m[38;2;59;55;58m░[0m[48;2;21;18;19m[38;2;21;18;19m▓[0m[48;2;88;82;87m[38;2;88;82;87m@[0m[48;2;27;20;25m[38;2;27;20;25m▓[0m[48;2;20;14;19m[38;2;20;14;19m█[0m[48;2;7;1;6m[38;2;7;1;6m█[0m[48;2;63;53;62m[38;2;63;53;62m░[0m[48;2;153;137;149m[38;2;153;137;149m*[0m[48;2;160;141;154m[38;2;160;141;154m+[0m[48;2;160;141;154m[38;2;160;141;154m+[0m[48;2;136;121;133m[38;2;136;121;133m#[0m[48;2;10;3;8m[38;2;10;3;8m█[0m[48;2;89;78;86m[38;2;89;78;86m@[0m[48;2;131;118;129m[38;2;131;118;129m#[0m[48;2;26;15;24m[38;2;26;15;24m▓[0m[48;2;99;86;97m[38;2;99;86;97m@[0m[48;2;152;137;149m[38;2;152;137;149m*[0m[48;2;132;117;129m[38;2;132;117;129m#[0m[48;2;125;113;122m[38;2;125;113;122m#[0m[48;2;43;34;42m[38;2;43;34;42m▒[0m[48;2;120;115;120m[38;2;120;115;120m#[0m[48;2;215;213;216m[38;2;215;213;216m:[0m                                    
                                         [48;2;235;235;235m[38;2;235;235;235m.[0m[48;2;30;28;29m[38;2;30;28;29m▓[0m[48;2;153;139;148m[38;2;153;139;148m*[0m[48;2;70;58;67m[38;2;70;58;67m░[0m[48;2;113;101;111m[38;2;113;101;111m%[0m[48;2;161;140;155m[38;2;161;140;155m+[0m[48;2;161;140;155m[38;2;161;140;155m+[0m[48;2;161;140;155m[38;2;161;140;155m+[0m[48;2;160;140;154m[38;2;160;140;154m+[0m[48;2;38;26;34m[38;2;38;26;34m▓[0m[48;2;83;73;79m[38;2;83;73;79m@[0m[48;2;215;205;208m[38;2;215;205;208m:[0m[48;2;70;62;65m[38;2;70;62;65m░[0m[48;2;52;29;102m[38;2;52;29;102m▒[0m[48;2;61;30;130m[38;2;61;30;130m▒[0m[48;2;34;14;75m[38;2;34;14;75m▓[0m[48;2;96;88;93m[38;2;96;88;93m@[0m[48;2;153;144;143m[38;2;153;144;143m+[0m[48;2;108;98;98m[38;2;108;98;98m%[0m[48;2;104;92;94m[38;2;104;92;94m%[0m[48;2;103;92;95m[38;2;103;92;95m%[0m[48;2;87;76;80m[38;2;87;76;80m@[0m[48;2;13;4;17m[38;2;13;4;17m█[0m[48;2;34;14;68m[38;2;34;14;68m▓[0m[48;2;48;29;78m[38;2;48;29;78m▒[0m[48;2;21;12;28m[38;2;21;12;28m█[0m[48;2;23;16;22m[38;2;23;16;22m▓[0m[48;2;18;12;17m[38;2;18;12;17m█[0m[48;2;22;15;20m[38;2;22;15;20m█[0m[48;2;30;23;28m[38;2;30;23;28m▓[0m[48;2;53;46;51m[38;2;53;46;51m▒[0m[48;2;47;41;47m[38;2;47;41;47m▒[0m[48;2;13;8;13m[38;2;13;8;13m█[0m[48;2;138;135;139m[38;2;138;135;139m*[0m                                   
                                         [48;2;182;182;182m[38;2;182;182;182m=[0m[48;2;62;56;59m[38;2;62;56;59m░[0m[48;2;160;142;153m[38;2;160;142;153m+[0m[48;2;88;77;86m[38;2;88;77;86m@[0m[48;2;88;78;87m[38;2;88;78;87m@[0m[48;2;161;141;155m[38;2;161;141;155m+[0m[48;2;161;140;155m[38;2;161;140;155m+[0m[48;2;161;140;155m[38;2;161;140;155m+[0m[48;2;158;139;153m[38;2;158;139;153m*[0m[48;2;34;25;30m[38;2;34;25;30m▓[0m[48;2;243;233;235m[38;2;243;233;235m.[0m[48;2;250;237;237m[38;2;250;237;237m [0m[48;2;50;39;44m[38;2;50;39;44m▒[0m[48;2;180;152;197m[38;2;180;152;197m=[0m[48;2;150;102;182m[38;2;150;102;182m#[0m[48;2;63;35;83m[38;2;63;35;83m▒[0m[48;2;162;151;152m[38;2;162;151;152m+[0m[48;2;250;237;229m[38;2;250;237;229m [0m[48;2;251;237;228m[38;2;251;237;228m [0m[48;2;250;235;228m[38;2;250;235;228m [0m[48;2;249;235;229m[38;2;249;235;229m [0m[48;2;191;178;175m[38;2;191;178;175m=[0m[48;2;31;17;43m[38;2;31;17;43m▓[0m[48;2;111;76;171m[38;2;111;76;171m%[0m[48;2;77;38;148m[38;2;77;38;148m░[0m[48;2;37;25;44m[38;2;37;25;44m▓[0m[48;2;221;213;215m[38;2;221;213;215m:[0m[48;2;59;53;53m[38;2;59;53;53m▒[0m[48;2;142;137;137m[38;2;142;137;137m*[0m[48;2;13;8;11m[38;2;13;8;11m█[0m[48;2;31;25;30m[38;2;31;25;30m▓[0m[48;2;126;123;127m[38;2;126;123;127m#[0m[48;2;232;231;233m[38;2;232;231;233m.[0m                                    
                                         [48;2;177;177;177m[38;2;177;177;177m=[0m[48;2;65;58;62m[38;2;65;58;62m░[0m[48;2;160;141;153m[38;2;160;141;153m+[0m[48;2;147;131;143m[38;2;147;131;143m*[0m[48;2;23;15;23m[38;2;23;15;23m▓[0m[48;2;129;114;126m[38;2;129;114;126m#[0m[48;2;160;141;155m[38;2;160;141;155m+[0m[48;2;161;140;155m[38;2;161;140;155m+[0m[48;2;159;140;154m[38;2;159;140;154m+[0m[48;2;38;28;33m[38;2;38;28;33m▓[0m[48;2;214;197;199m[38;2;214;197;199m:[0m[48;2;248;227;226m[38;2;248;227;226m.[0m[48;2;92;79;82m[38;2;92;79;82m@[0m[48;2;141;113;143m[38;2;141;113;143m#[0m[48;2;166;123;165m[38;2;166;123;165m*[0m[48;2;62;47;59m[38;2;62;47;59m▒[0m[48;2;238;226;223m[38;2;238;226;223m.[0m[48;2;250;235;226m[38;2;250;235;226m [0m[48;2;250;235;226m[38;2;250;235;226m [0m[48;2;250;235;227m[38;2;250;235;227m [0m[48;2;250;234;228m[38;2;250;234;228m [0m[48;2;220;205;200m[38;2;220;205;200m:[0m[48;2;51;36;44m[38;2;51;36;44m▒[0m[48;2;215;172;218m[38;2;215;172;218m-[0m[48;2;114;80;121m[38;2;114;80;121m%[0m[48;2;122;110;111m[38;2;122;110;111m#[0m[48;2;245;233;229m[38;2;245;233;229m.[0m[48;2;242;231;227m[38;2;242;231;227m.[0m[48;2;175;166;163m[38;2;175;166;163m=[0m[48;2;57;50;53m[38;2;57;50;53m▒[0m[48;2;66;58;64m[38;2;66;58;64m░[0m[48;2;76;72;76m[38;2;76;72;76m@[0m                                     
                                         [48;2;233;233;233m[38;2;233;233;233m.[0m[48;2;41;36;39m[38;2;41;36;39m▒[0m[48;2;112;99;109m[38;2;112;99;109m%[0m[48;2;80;68;77m[38;2;80;68;77m░[0m[48;2;11;4;11m[38;2;11;4;11m█[0m[48;2;13;5;12m[38;2;13;5;12m█[0m[48;2;77;67;76m[38;2;77;67;76m░[0m[48;2;129;115;125m[38;2;129;115;125m#[0m[48;2;153;138;149m[38;2;153;138;149m*[0m[48;2;106;94;101m[38;2;106;94;101m%[0m[48;2;79;68;69m[38;2;79;68;69m░[0m[48;2;238;224;222m[38;2;238;224;222m.[0m[48;2;235;222;219m[38;2;235;222;219m.[0m[48;2;149;136;134m[38;2;149;136;134m*[0m[48;2;147;134;132m[38;2;147;134;132m*[0m[48;2;230;216;213m[38;2;230;216;213m.[0m[48;2;250;234;228m[38;2;250;234;228m [0m[48;2;247;231;224m[38;2;247;231;224m.[0m[48;2;173;157;152m[38;2;173;157;152m+[0m[48;2;224;208;201m[38;2;224;208;201m:[0m[48;2;250;235;227m[38;2;250;235;227m [0m[48;2;250;234;228m[38;2;250;234;228m [0m[48;2;139;124;122m[38;2;139;124;122m*[0m[48;2;92;74;82m[38;2;92;74;82m@[0m[48;2;110;92;97m[38;2;110;92;97m%[0m[48;2;239;222;216m[38;2;239;222;216m.[0m[48;2;243;211;201m[38;2;243;211;201m:[0m[48;2;243;217;207m[38;2;243;217;207m.[0m[48;2;177;165;164m[38;2;177;165;164m=[0m[48;2;64;55;59m[38;2;64;55;59m░[0m[48;2;144;133;140m[38;2;144;133;140m*[0m[48;2;35;29;34m[38;2;35;29;34m▓[0m                                     
                                          [48;2;71;70;71m[38;2;71;70;71m░[0m[48;2;35;33;35m[38;2;35;33;35m▓[0m[48;2;118;113;115m[38;2;118;113;115m#[0m[48;2;227;216;215m[38;2;227;216;215m:[0m[48;2;175;165;162m[38;2;175;165;162m=[0m[48;2;15;10;10m[38;2;15;10;10m█[0m[48;2;4;1;4m[38;2;4;1;4m█[0m[48;2;17;14;16m[38;2;17;14;16m█[0m[48;2;91;86;88m[38;2;91;86;88m@[0m[48;2;69;64;66m[38;2;69;64;66m░[0m[48;2;78;70;69m[38;2;78;70;69m░[0m[48;2;181;169;165m[38;2;181;169;165m=[0m[48;2;250;236;230m[38;2;250;236;230m [0m[48;2;250;234;228m[38;2;250;234;228m [0m[48;2;250;235;226m[38;2;250;235;226m [0m[48;2;250;235;226m[38;2;250;235;226m [0m[48;2;249;234;225m[38;2;249;234;225m.[0m[48;2;201;185;179m[38;2;201;185;179m-[0m[48;2;227;211;205m[38;2;227;211;205m:[0m[48;2;250;234;228m[38;2;250;234;228m [0m[48;2;250;235;226m[38;2;250;235;226m [0m[48;2;251;236;227m[38;2;251;236;227m [0m[48;2;252;237;228m[38;2;252;237;228m [0m[48;2;252;237;228m[38;2;252;237;228m [0m[48;2;244;226;217m[38;2;244;226;217m.[0m[48;2;240;215;205m[38;2;240;215;205m.[0m[48;2;249;227;221m[38;2;249;227;221m.[0m[48;2;135;123;125m[38;2;135;123;125m#[0m[48;2;39;30;35m[38;2;39;30;35m▓[0m[48;2;34;25;31m[38;2;34;25;31m▓[0m[48;2;185;180;184m[38;2;185;180;184m=[0m                                     
                                         [48;2;166;166;166m[38;2;166;166;166m=[0m[48;2;86;86;86m[38;2;86;86;86m@[0m[48;2;193;193;193m[38;2;193;193;193m-[0m[48;2;77;76;76m[38;2;77;76;76m@[0m[48;2;115;109;108m[38;2;115;109;108m#[0m[48;2;224;216;214m[38;2;224;216;214m:[0m[48;2;112;106;105m[38;2;112;106;105m%[0m[48;2;82;79;79m[38;2;82;79;79m@[0m[48;2;9;7;8m[38;2;9;7;8m█[0m[48;2;74;70;70m[38;2;74;70;70m░[0m[48;2;210;203;203m[38;2;210;203;203m:[0m[48;2;247;237;234m[38;2;247;237;234m [0m[48;2;249;236;232m[38;2;249;236;232m [0m[48;2;250;234;229m[38;2;250;234;229m [0m[48;2;250;235;231m[38;2;250;235;231m [0m[48;2;251;235;229m[38;2;251;235;229m [0m[48;2;251;235;228m[38;2;251;235;228m [0m[48;2;250;235;227m[38;2;250;235;227m [0m[48;2;250;235;226m[38;2;250;235;226m [0m[48;2;250;235;226m[38;2;250;235;226m [0m[48;2;250;235;226m[38;2;250;235;226m [0m[48;2;250;235;226m[38;2;250;235;226m [0m[48;2;250;235;226m[38;2;250;235;226m [0m[48;2;250;235;226m[38;2;250;235;226m [0m[48;2;250;235;227m[38;2;250;235;227m [0m[48;2;251;237;230m[38;2;251;237;230m [0m[48;2;249;236;232m[38;2;249;236;232m [0m[48;2;185;173;172m[38;2;185;173;172m=[0m[48;2;47;37;40m[38;2;47;37;40m▒[0m[48;2;96;89;92m[38;2;96;89;92m@[0m[48;2;57;51;55m[38;2;57;51;55m▒[0m                                      
                                         [48;2;120;120;120m[38;2;120;120;120m#[0m[48;2;117;117;117m[38;2;117;117;117m#[0m[48;2;202;202;202m[38;2;202;202;202m:[0m[48;2;144;143;144m[38;2;144;143;144m*[0m[48;2;2;1;4m[38;2;2;1;4m█[0m[48;2;12;9;12m[38;2;12;9;12m█[0m[48;2;33;30;32m[38;2;33;30;32m▓[0m[48;2;113;111;112m[38;2;113;111;112m#[0m[48;2;136;134;135m[38;2;136;134;135m*[0m[48;2;41;36;38m[38;2;41;36;38m▒[0m[48;2;53;49;52m[38;2;53;49;52m▒[0m[48;2;26;23;26m[38;2;26;23;26m▓[0m[48;2;50;44;47m[38;2;50;44;47m▒[0m[48;2;75;69;71m[38;2;75;69;71m░[0m[48;2;99;91;93m[38;2;99;91;93m%[0m[48;2;118;109;110m[38;2;118;109;110m#[0m[48;2;135;126;126m[38;2;135;126;126m*[0m[48;2;152;142;142m[38;2;152;142;142m*[0m[48;2;167;157;156m[38;2;167;157;156m+[0m[48;2;176;166;165m[38;2;176;166;165m=[0m[48;2;184;173;173m[38;2;184;173;173m=[0m[48;2;185;173;173m[38;2;185;173;173m=[0m[48;2;181;169;168m[38;2;181;169;168m=[0m[48;2;169;158;156m[38;2;169;158;156m+[0m[48;2;149;138;137m[38;2;149;138;137m*[0m[48;2;115;106;106m[38;2;115;106;106m%[0m[48;2;60;51;58m[38;2;60;51;58m▒[0m[48;2;20;13;24m[38;2;20;13;24m█[0m[48;2;16;10;19m[38;2;16;10;19m█[0m[48;2;29;25;30m[38;2;29;25;30m▓[0m[48;2;215;213;217m[38;2;215;213;217m:[0m                                      
                                       [48;2;164;163;164m[38;2;164;163;164m+[0m[48;2;68;66;68m[38;2;68;66;68m░[0m[48;2;48;44;47m[38;2;48;44;47m▒[0m[48;2;101;100;102m[38;2;101;100;102m%[0m[48;2;202;201;204m[38;2;202;201;204m:[0m[48;2;137;136;139m[38;2;137;136;139m*[0m[48;2;3;1;5m[38;2;3;1;5m█[0m[48;2;11;8;12m[38;2;11;8;12m█[0m[48;2;6;4;7m[38;2;6;4;7m█[0m[48;2;120;118;121m[38;2;120;118;121m#[0m [48;2;41;39;42m[38;2;41;39;42m▒[0m[48;2;9;7;10m[38;2;9;7;10m█[0m[48;2;14;13;17m[38;2;14;13;17m█[0m[48;2;3;1;6m[38;2;3;1;6m█[0m[48;2;5;3;8m[38;2;5;3;8m█[0m[48;2;20;18;26m[38;2;20;18;26m▓[0m[48;2;32;29;39m[38;2;32;29;39m▓[0m[48;2;28;24;34m[38;2;28;24;34m▓[0m[48;2;25;20;27m[38;2;25;20;27m▓[0m[48;2;112;107;112m[38;2;112;107;112m%[0m[48;2;61;56;60m[38;2;61;56;60m░[0m[48;2;22;16;19m[38;2;22;16;19m█[0m[48;2;62;57;59m[38;2;62;57;59m░[0m[48;2;73;68;70m[38;2;73;68;70m░[0m[48;2;12;9;11m[38;2;12;9;11m█[0m[48;2;7;5;7m[38;2;7;5;7m█[0m[48;2;5;3;8m[38;2;5;3;8m█[0m[48;2;33;30;43m[38;2;33;30;43m▓[0m[48;2;30;26;41m[38;2;30;26;41m▓[0m[48;2;7;3;13m[38;2;7;3;13m█[0m[48;2;55;51;57m[38;2;55;51;57m▒[0m                                       
                                     [48;2;226;225;226m[38;2;226;225;226m.[0m[48;2;74;72;76m[38;2;74;72;76m░[0m[48;2;91;83;90m[38;2;91;83;90m@[0m[48;2;151;136;147m[38;2;151;136;147m*[0m[48;2;140;124;136m[38;2;140;124;136m*[0m[48;2;41;37;42m[38;2;41;37;42m▒[0m[48;2;193;191;194m[38;2;193;191;194m-[0m[48;2;190;188;191m[38;2;190;188;191m-[0m[48;2;23;21;25m[38;2;23;21;25m▓[0m[48;2;9;8;11m[38;2;9;8;11m█[0m[48;2;12;11;14m[38;2;12;11;14m█[0m[48;2;204;202;206m[38;2;204;202;206m:[0m[48;2;225;223;227m[38;2;225;223;227m.[0m[48;2;25;22;28m[38;2;25;22;28m▓[0m[48;2;13;11;16m[38;2;13;11;16m█[0m[48;2;24;22;32m[38;2;24;22;32m▓[0m[48;2;25;23;37m[38;2;25;23;37m▓[0m[48;2;28;26;35m[38;2;28;26;35m▓[0m[48;2;22;19;27m[38;2;22;19;27m▓[0m[48;2;7;4;12m[38;2;7;4;12m█[0m[48;2;45;42;50m[38;2;45;42;50m▒[0m[48;2;16;13;20m[38;2;16;13;20m█[0m[48;2;6;3;8m[38;2;6;3;8m█[0m[48;2;55;52;57m[38;2;55;52;57m▒[0m[48;2;178;174;179m[38;2;178;174;179m=[0m[48;2;79;75;78m[38;2;79;75;78m@[0m[48;2;47;42;46m[38;2;47;42;46m▒[0m[48;2;20;15;19m[38;2;20;15;19m█[0m[48;2;78;73;70m[38;2;78;73;70m@[0m[48;2;8;4;11m[38;2;8;4;11m█[0m[48;2;33;28;42m[38;2;33;28;42m▓[0m[48;2;23;19;30m[38;2;23;19;30m▓[0m[48;2;164;161;167m[38;2;164;161;167m+[0m[48;2;242;239;242m[38;2;242;239;242m [0m                                       
                                    [48;2;237;237;237m[38;2;237;237;237m.[0m[48;2;48;45;48m[38;2;48;45;48m▒[0m[48;2;130;116;126m[38;2;130;116;126m#[0m[48;2;157;141;152m[38;2;157;141;152m+[0m[48;2;157;139;150m[38;2;157;139;150m*[0m[48;2;143;128;138m[38;2;143;128;138m*[0m[48;2;55;48;55m[38;2;55;48;55m▒[0m[48;2;53;49;55m[38;2;53;49;55m▒[0m[48;2;159;155;161m[38;2;159;155;161m+[0m[48;2;108;107;110m[38;2;108;107;110m%[0m[48;2;13;12;15m[38;2;13;12;15m█[0m[48;2;139;138;143m[38;2;139;138;143m*[0m[48;2;155;154;157m[38;2;155;154;157m+[0m[48;2;42;40;47m[38;2;42;40;47m▒[0m[48;2;25;22;33m[38;2;25;22;33m▓[0m[48;2;18;15;26m[38;2;18;15;26m█[0m[48;2;19;15;28m[38;2;19;15;28m█[0m[48;2;36;31;51m[38;2;36;31;51m▓[0m[48;2;36;31;51m[38;2;36;31;51m▓[0m[48;2;37;31;50m[38;2;37;31;50m▓[0m[48;2;26;21;37m[38;2;26;21;37m▓[0m[48;2;15;12;21m[38;2;15;12;21m█[0m[48;2;69;65;61m[38;2;69;65;61m░[0m[48;2;44;37;31m[38;2;44;37;31m▒[0m[48;2;14;10;11m[38;2;14;10;11m█[0m[48;2;3;0;2m[38;2;3;0;2m█[0m[48;2;7;3;5m[38;2;7;3;5m█[0m[48;2;77;71;67m[38;2;77;71;67m░[0m[48;2;36;30;29m[38;2;36;30;29m▓[0m[48;2;129;125;108m[38;2;129;125;108m#[0m[48;2;8;3;8m[38;2;8;3;8m█[0m[48;2;23;19;28m[38;2;23;19;28m▓[0m[48;2;180;177;185m[38;2;180;177;185m=[0m                                         
                                    [48;2;141;139;140m[38;2;141;139;140m*[0m[48;2;81;74;80m[38;2;81;74;80m@[0m[48;2;158;141;154m[38;2;158;141;154m+[0m[48;2;159;141;153m[38;2;159;141;153m+[0m[48;2;113;99;109m[38;2;113;99;109m%[0m[48;2;70;62;70m[38;2;70;62;70m░[0m[48;2;188;184;189m[38;2;188;184;189m-[0m[48;2;135;132;136m[38;2;135;132;136m*[0m[48;2;21;18;23m[38;2;21;18;23m▓[0m[48;2;58;54;60m[38;2;58;54;60m░[0m[48;2;40;37;41m[38;2;40;37;41m▒[0m[48;2;29;27;31m[38;2;29;27;31m▓[0m[48;2;7;5;8m[38;2;7;5;8m█[0m[48;2;14;12;20m[38;2;14;12;20m█[0m[48;2;16;13;27m[38;2;16;13;27m█[0m[48;2;24;19;35m[38;2;24;19;35m▓[0m[48;2;36;31;49m[38;2;36;31;49m▓[0m[48;2;37;31;52m[38;2;37;31;52m▓[0m[48;2;37;31;52m[38;2;37;31;52m▓[0m[48;2;37;31;52m[38;2;37;31;52m▓[0m[48;2;37;31;52m[38;2;37;31;52m▓[0m[48;2;25;22;37m[38;2;25;22;37m▓[0m[48;2;91;82;74m[38;2;91;82;74m@[0m[48;2;223;208;165m[38;2;223;208;165m:[0m[48;2;195;178;136m[38;2;195;178;136m=[0m[48;2;133;115;85m[38;2;133;115;85m#[0m[48;2;174;155;121m[38;2;174;155;121m+[0m[48;2;222;207;162m[38;2;222;207;162m:[0m[48;2;55;46;37m[38;2;55;46;37m▒[0m[48;2;47;41;42m[38;2;47;41;42m▒[0m[48;2;18;14;23m[38;2;18;14;23m█[0m[48;2;117;114;122m[38;2;117;114;122m#[0m                                          
                                    [48;2;136;132;133m[38;2;136;132;133m*[0m[48;2;89;80;87m[38;2;89;80;87m@[0m[48;2;158;140;154m[38;2;158;140;154m+[0m[48;2;153;136;150m[38;2;153;136;150m*[0m[48;2;37;27;37m[38;2;37;27;37m▓[0m[48;2;159;153;161m[38;2;159;153;161m+[0m[48;2;45;41;47m[38;2;45;41;47m▒[0m[48;2;77;70;77m[38;2;77;70;77m░[0m[48;2;146;135;144m[38;2;146;135;144m*[0m[48;2;157;142;152m[38;2;157;142;152m+[0m[48;2;158;144;152m[38;2;158;144;152m+[0m[48;2;155;144;152m[38;2;155;144;152m+[0m[48;2;26;22;27m[38;2;26;22;27m▓[0m[48;2;34;30;42m[38;2;34;30;42m▓[0m[48;2;37;31;50m[38;2;37;31;50m▓[0m[48;2;37;31;51m[38;2;37;31;51m▓[0m[48;2;37;31;52m[38;2;37;31;52m▓[0m[48;2;37;31;52m[38;2;37;31;52m▓[0m[48;2;37;31;52m[38;2;37;31;52m▓[0m[48;2;37;31;50m[38;2;37;31;50m▓[0m[48;2;28;23;39m[38;2;28;23;39m▓[0m[48;2;11;8;21m[38;2;11;8;21m█[0m[48;2;23;20;25m[38;2;23;20;25m▓[0m[48;2;84;78;70m[38;2;84;78;70m@[0m[48;2;154;142;118m[38;2;154;142;118m*[0m[48;2;206;192;154m[38;2;206;192;154m-[0m[48;2;188;173;141m[38;2;188;173;141m=[0m[48;2;86;71;60m[38;2;86;71;60m@[0m[48;2;19;10;13m[38;2;19;10;13m█[0m[48;2;5;1;7m[38;2;5;1;7m█[0m[48;2;20;17;23m[38;2;20;17;23m▓[0m[48;2;7;5;10m[38;2;7;5;10m█[0m[48;2;114;112;115m[38;2;114;112;115m#[0m[48;2;178;177;178m[38;2;178;177;178m=[0m[48;2;212;212;212m[38;2;212;212;212m:[0m                                       
                                    [48;2;232;232;232m[38;2;232;232;232m.[0m[48;2;62;57;61m[38;2;62;57;61m░[0m[48;2;111;101;109m[38;2;111;101;109m%[0m[48;2;154;140;150m[38;2;154;140;150m*[0m[48;2;70;59;68m[38;2;70;59;68m░[0m[48;2;17;9;15m[38;2;17;9;15m█[0m[48;2;52;45;52m[38;2;52;45;52m▒[0m[48;2;102;91;100m[38;2;102;91;100m%[0m[48;2;132;119;128m[38;2;132;119;128m#[0m[48;2;116;103;112m[38;2;116;103;112m%[0m[48;2;71;59;67m[38;2;71;59;67m░[0m[48;2;85;76;85m[38;2;85;76;85m@[0m[48;2;12;7;15m[38;2;12;7;15m█[0m[48;2;33;29;42m[38;2;33;29;42m▓[0m[48;2;37;32;51m[38;2;37;32;51m▓[0m[48;2;37;31;52m[38;2;37;31;52m▓[0m[48;2;37;31;52m[38;2;37;31;52m▓[0m[48;2;34;29;46m[38;2;34;29;46m▓[0m[48;2;15;11;25m[38;2;15;11;25m█[0m[48;2;9;6;17m[38;2;9;6;17m█[0m[48;2;16;14;18m[38;2;16;14;18m█[0m[48;2;50;48;50m[38;2;50;48;50m▒[0m[48;2;9;7;10m[38;2;9;7;10m█[0m[48;2;72;70;72m[38;2;72;70;72m░[0m[48;2;48;45;46m[38;2;48;45;46m▒[0m[48;2;25;22;22m[38;2;25;22;22m▓[0m[48;2;14;11;12m[38;2;14;11;12m█[0m[48;2;16;12;19m[38;2;16;12;19m█[0m[48;2;40;37;41m[38;2;40;37;41m▒[0m[48;2;6;3;8m[38;2;6;3;8m█[0m[48;2;34;31;35m[38;2;34;31;35m▓[0m[48;2;48;45;51m[38;2;48;45;51m▒[0m[48;2;36;34;39m[38;2;36;34;39m▓[0m[48;2;36;33;38m[38;2;36;33;38m▓[0m[48;2;28;26;30m[38;2;28;26;30m▓[0m                                       
                                      [48;2;128;127;128m[38;2;128;127;128m#[0m[48;2;35;30;34m[38;2;35;30;34m▓[0m[48;2;82;71;79m[38;2;82;71;79m@[0m[48;2;102;91;100m[38;2;102;91;100m%[0m[48;2;94;86;94m[38;2;94;86;94m@[0m[48;2;76;66;74m[38;2;76;66;74m░[0m[48;2;56;45;54m[38;2;56;45;54m▒[0m[48;2;24;17;24m[38;2;24;17;24m▓[0m[48;2;6;1;7m[38;2;6;1;7m█[0m[48;2;23;18;24m[38;2;23;18;24m▓[0m[48;2;13;8;14m[38;2;13;8;14m█[0m[48;2;9;6;14m[38;2;9;6;14m█[0m[48;2;24;20;31m[38;2;24;20;31m▓[0m[48;2;28;24;39m[38;2;28;24;39m▓[0m[48;2;27;22;37m[38;2;27;22;37m▓[0m[48;2;9;6;15m[38;2;9;6;15m█[0m[48;2;4;1;6m[38;2;4;1;6m█[0m[48;2;35;33;36m[38;2;35;33;36m▓[0m[48;2;58;56;59m[38;2;58;56;59m░[0m[48;2;8;5;9m[38;2;8;5;9m█[0m[48;2;15;12;18m[38;2;15;12;18m█[0m[48;2;104;101;105m[38;2;104;101;105m%[0m[48;2;103;100;103m[38;2;103;100;103m%[0m[48;2;85;83;85m[38;2;85;83;85m@[0m[48;2;76;73;76m[38;2;76;73;76m@[0m[48;2;71;67;80m[38;2;71;67;80m░[0m[48;2;21;17;32m[38;2;21;17;32m▓[0m[48;2;26;18;58m[38;2;26;18;58m▓[0m[48;2;9;6;18m[38;2;9;6;18m█[0m[48;2;26;22;34m[38;2;26;22;34m▓[0m[48;2;34;29;46m[38;2;34;29;46m▓[0m[48;2;33;28;46m[38;2;33;28;46m▓[0m[48;2;22;17;35m[38;2;22;17;35m▓[0m[48;2;58;55;65m[38;2;58;55;65m░[0m[48;2;174;172;175m[38;2;174;172;175m=[0m                                     
                                       [48;2;82;81;82m[38;2;82;81;82m@[0m[48;2;69;64;69m[38;2;69;64;69m░[0m[48;2;108;98;107m[38;2;108;98;107m%[0m[48;2;114;102;111m[38;2;114;102;111m%[0m[48;2;115;102;111m[38;2;115;102;111m%[0m[48;2;118;105;114m[38;2;118;105;114m#[0m[48;2;129;115;125m[38;2;129;115;125m#[0m[48;2;126;114;123m[38;2;126;114;123m#[0m[48;2;116;105;114m[38;2;116;105;114m%[0m[48;2;114;100;110m[38;2;114;100;110m%[0m[48;2;110;96;106m[38;2;110;96;106m%[0m[48;2;108;95;104m[38;2;108;95;104m%[0m[48;2;106;92;104m[38;2;106;92;104m%[0m[48;2;104;92;102m[38;2;104;92;102m%[0m[48;2;97;90;97m[38;2;97;90;97m%[0m[48;2;67;62;68m[38;2;67;62;68m░[0m[48;2;24;21;27m[38;2;24;21;27m▓[0m[48;2;11;8;15m[38;2;11;8;15m█[0m[48;2;28;22;35m[38;2;28;22;35m▓[0m[48;2;35;30;44m[38;2;35;30;44m▓[0m[48;2;27;22;34m[38;2;27;22;34m▓[0m[48;2;211;205;214m[38;2;211;205;214m:[0m [48;2;165;162;166m[38;2;165;162;166m+[0m[48;2;39;34;50m[38;2;39;34;50m▒[0m[48;2;36;29;58m[38;2;36;29;58m▓[0m[48;2;17;12;27m[38;2;17;12;27m█[0m[48;2;12;8;22m[38;2;12;8;22m█[0m[48;2;6;4;11m[38;2;6;4;11m█[0m[48;2;32;28;42m[38;2;32;28;42m▓[0m[48;2;37;32;51m[38;2;37;32;51m▓[0m[48;2;37;31;52m[38;2;37;31;52m▓[0m[48;2;35;30;49m[38;2;35;30;49m▓[0m[48;2;23;19;33m[38;2;23;19;33m▓[0m[48;2;55;52;60m[38;2;55;52;60m▒[0m[48;2;185;184;187m[38;2;185;184;187m-[0m                                   
                                        [48;2;185;184;185m[38;2;185;184;185m-[0m[48;2;119;116;119m[38;2;119;116;119m#[0m[48;2;90;85;89m[38;2;90;85;89m@[0m[48;2;87;80;85m[38;2;87;80;85m@[0m[48;2;92;85;91m[38;2;92;85;91m@[0m[48;2;77;69;76m[38;2;77;69;76m░[0m[48;2;73;65;72m[38;2;73;65;72m░[0m[48;2;76;67;75m[38;2;76;67;75m░[0m[48;2;76;67;75m[38;2;76;67;75m░[0m[48;2;70;62;69m[38;2;70;62;69m░[0m[48;2;63;56;65m[38;2;63;56;65m░[0m[48;2;51;45;54m[38;2;51;45;54m▒[0m[48;2;29;23;34m[38;2;29;23;34m▓[0m[48;2;22;16;29m[38;2;22;16;29m▓[0m[48;2;24;18;34m[38;2;24;18;34m▓[0m[48;2;33;28;44m[38;2;33;28;44m▓[0m[48;2;37;32;50m[38;2;37;32;50m▓[0m[48;2;37;31;52m[38;2;37;31;52m▓[0m[48;2;37;31;52m[38;2;37;31;52m▓[0m[48;2;30;24;43m[38;2;30;24;43m▓[0m[48;2;48;42;53m[38;2;48;42;53m▒[0m[48;2;226;221;227m[38;2;226;221;227m.[0m [48;2;235;234;235m[38;2;235;234;235m.[0m[48;2;170;169;171m[38;2;170;169;171m=[0m[48;2;51;48;57m[38;2;51;48;57m▒[0m[48;2;58;54;67m[38;2;58;54;67m░[0m[48;2;22;20;24m[38;2;22;20;24m▓[0m[48;2;8;6;18m[38;2;8;6;18m█[0m[48;2;32;27;45m[38;2;32;27;45m▓[0m[48;2;37;31;52m[38;2;37;31;52m▓[0m[48;2;37;31;52m[38;2;37;31;52m▓[0m[48;2;37;31;52m[38;2;37;31;52m▓[0m[48;2;35;29;48m[38;2;35;29;48m▓[0m[48;2;21;16;31m[38;2;21;16;31m▓[0m[48;2;88;85;93m[38;2;88;85;93m@[0m[48;2;233;232;235m[38;2;233;232;235m.[0m                                 
                                                [48;2;121;120;121m[38;2;121;120;121m#[0m[48;2;21;19;25m[38;2;21;19;25m▓[0m[48;2;36;31;51m[38;2;36;31;51m▓[0m[48;2;37;31;51m[38;2;37;31;51m▓[0m[48;2;36;31;50m[38;2;36;31;50m▓[0m[48;2;37;31;52m[38;2;37;31;52m▓[0m[48;2;37;31;52m[38;2;37;31;52m▓[0m[48;2;37;31;52m[38;2;37;31;52m▓[0m[48;2;37;31;52m[38;2;37;31;52m▓[0m[48;2;37;31;52m[38;2;37;31;52m▓[0m[48;2;37;31;52m[38;2;37;31;52m▓[0m[48;2;37;31;52m[38;2;37;31;52m▓[0m[48;2;28;23;39m[38;2;28;23;39m▓[0m[48;2;54;50;58m[38;2;54;50;58m▒[0m[48;2;225;224;226m[38;2;225;224;226m.[0m  [48;2;237;236;238m[38;2;237;236;238m.[0m[48;2;236;233;236m[38;2;236;233;236m.[0m[48;2;118;117;118m[38;2;118;117;118m#[0m[48;2;24;15;68m[38;2;24;15;68m▓[0m[48;2;14;7;46m[38;2;14;7;46m█[0m[48;2;30;24;43m[38;2;30;24;43m▓[0m[48;2;37;31;52m[38;2;37;31;52m▓[0m[48;2;37;31;52m[38;2;37;31;52m▓[0m[48;2;37;31;52m[38;2;37;31;52m▓[0m[48;2;37;31;52m[38;2;37;31;52m▓[0m[48;2;30;25;42m[38;2;30;25;42m▓[0m[48;2;41;38;46m[38;2;41;38;46m▒[0m[48;2;217;216;217m[38;2;217;216;217m:[0m                                