                                                                                                    
                                                                                                    
                                                                                                    
                                                                                                    
                                                                                                    
                                                                                                    
                                                                                                    
                                                                                                    
                                                                                                    
                                                                                                    
                                                                                                    
                                                 [48;2;232;232;232m[38;2;232;232;232m.[0m[48;2;214;214;214m[38;2;214;214;214m:[0m[48;2;204;204;205m[38;2;204;204;205m:[0m[48;2;206;205;206m[38;2;206;205;206m:[0m[48;2;219;218;219m[38;2;219;218;219m:[0m[48;2;240;240;241m[38;2;240;240;241m [0m                                             
                                             [48;2;211;211;211m[38;2;211;211;211m:[0m[48;2;110;110;112m[38;2;110;110;112m#[0m[48;2;59;58;64m[38;2;59;58;64m░[0m[48;2;33;32;40m[38;2;33;32;40m▓[0m[48;2;26;24;34m[38;2;26;24;34m▓[0m[48;2;29;27;37m[38;2;29;27;37m▓[0m[48;2;29;28;39m[38;2;29;28;39m▓[0m[48;2;29;28;39m[38;2;29;28;39m▓[0m[48;2;28;26;38m[38;2;28;26;38m▓[0m[48;2;23;22;33m[38;2;23;22;33m▓[0m[48;2;47;45;56m[38;2;47;45;56m▒[0m[48;2;93;92;100m[38;2;93;92;100m%[0m[48;2;161;160;164m[38;2;161;160;164m+[0m[48;2;239;239;240m[38;2;239;239;240m [0m                                         
                                            [48;2;130;129;131m[38;2;130;129;131m*[0m[48;2;25;24;32m[38;2;25;24;32m▓[0m[48;2;40;38;53m[38;2;40;38;53m▒[0m[48;2;44;42;59m[38;2;44;42;59m▒[0m[48;2;42;43;59m[38;2;42;43;59m▒[0m[48;2;42;43;59m[38;2;42;43;59m▒[0m[48;2;41;43;59m[38;2;41;43;59m▒[0m[48;2;41;43;59m[38;2;41;43;59m▒[0m[48;2;40;44;59m[38;2;40;44;59m▒[0m[48;2;41;44;59m[38;2;41;44;59m▒[0m[48;2;41;44;59m[38;2;41;44;59m▒[0m[48;2;41;43;59m[38;2;41;43;59m▒[0m[48;2;41;42;58m[38;2;41;42;58m▒[0m[48;2;33;32;47m[38;2;33;32;47m▓[0m[48;2;32;30;41m[38;2;32;30;41m▓[0m[48;2;121;119;124m[38;2;121;119;124m#[0m[48;2;209;208;210m[38;2;209;208;210m:[0m                                       
                                           [48;2;100;100;102m[38;2;100;100;102m%[0m[48;2;30;28;38m[38;2;30;28;38m▓[0m[48;2;43;42;59m[38;2;43;42;59m▒[0m[48;2;41;43;59m[38;2;41;43;59m▒[0m[48;2;40;44;59m[38;2;40;44;59m▒[0m[48;2;40;44;59m[38;2;40;44;59m▒[0m[48;2;40;44;59m[38;2;40;44;59m▒[0m[48;2;40;44;59m[38;2;40;44;59m▒[0m[48;2;40;44;59m[38;2;40;44;59m▒[0m[48;2;40;44;59m[38;2;40;44;59m▒[0m[48;2;40;44;59m[38;2;40;44;59m▒[0m[48;2;40;44;59m[38;2;40;44;59m▒[0m[48;2;40;44;59m[38;2;40;44;59m▒[0m[48;2;41;43;59m[38;2;41;43;59m▒[0m[48;2;41;43;59m[38;2;41;43;59m▒[0m[48;2;43;42;58m[38;2;43;42;58m▒[0m[48;2;53;51;62m[38;2;53;51;62m▒[0m[48;2;7;5;9m[38;2;7;5;9m█[0m[48;2;78;76;79m[38;2;78;76;79m@[0m[48;2;216;215;216m[38;2;216;215;216m:[0m                                     
                                         [48;2;162;161;162m[38;2;162;161;162m+[0m[48;2;11;10;14m[38;2;11;10;14m█[0m[48;2;27;25;34m[38;2;27;25;34m▓[0m[48;2;44;43;58m[38;2;44;43;58m▒[0m[48;2;42;43;59m[38;2;42;43;59m▒[0m[48;2;40;44;59m[38;2;40;44;59m▒[0m[48;2;40;44;59m[38;2;40;44;59m▒[0m[48;2;40;44;59m[38;2;40;44;59m▒[0m[48;2;40;44;59m[38;2;40;44;59m▒[0m[48;2;40;44;59m[38;2;40;44;59m▒[0m[48;2;40;44;59m[38;2;40;44;59m▒[0m[48;2;40;44;59m[38;2;40;44;59m▒[0m[48;2;40;44;59m[38;2;40;44;59m▒[0m[48;2;40;44;59m[38;2;40;44;59m▒[0m[48;2;40;44;59m[38;2;40;44;59m▒[0m[48;2;40;44;59m[38;2;40;44;59m▒[0m[48;2;40;44;59m[38;2;40;44;59m▒[0m[48;2;44;46;61m[38;2;44;46;61m▒[0m[48;2;75;74;82m[38;2;75;74;82m@[0m[48;2;15;13;19m[38;2;15;13;19m█[0m[48;2;116;108;114m[38;2;116;108;114m#[0m[48;2;57;51;55m[38;2;57;51;55m▒[0m[48;2;208;207;208m[38;2;208;207;208m:[0m                                    
                                         [48;2;28;27;30m[38;2;28;27;30m▓[0m[48;2;14;13;21m[38;2;14;13;21m█[0m[48;2;44;42;58m[38;2;44;42;58m▒[0m[48;2;41;43;59m[38;2;41;43;59m▒[0m[48;2;40;44;59m[38;2;40;44;59m▒[0m[48;2;40;44;59m[38;2;40;44;59m▒[0m[48;2;40;44;59m[38;2;40;44;59m▒[0m[48;2;40;44;59m[38;2;40;44;59m▒[0m[48;2;40;44;59m[38;2;40;44;59m▒[0m[48;2;40;44;59m[38;2;40;44;59m▒[0m[48;2;40;44;59m[38;2;40;44;59m▒[0m[48;2;40;44;59m[38;2;40;44;59m▒[0m[48;2;40;44;59m[38;2;40;44;59m▒[0m[48;2;40;44;59m[38;2;40;44;59m▒[0m[48;2;40;44;59m[38;2;40;44;59m▒[0m[48;2;40;44;59m[38;2;40;44;59m▒[0m[48;2;40;44;59m[38;2;40;44;59m▒[0m[48;2;56;58;73m[38;2;56;58;73m░[0m[48;2;46;45;58m[38;2;46;45;58m▒[0m[48;2;18;14;23m[38;2;18;14;23m█[0m[48;2;110;99;107m[38;2;110;99;107m%[0m[48;2;119;107;116m[38;2;119;107;116m#[0m[48;2;61;55;61m[38;2;61;55;61m░[0m                                    
                                       [48;2;233;233;234m[38;2;233;233;234m.[0m[48;2;65;63;66m[38;2;65;63;66m░[0m[48;2;29;26;31m[38;2;29;26;31m▓[0m[48;2;31;28;39m[38;2;31;28;39m▓[0m[48;2;42;42;59m[38;2;42;42;59m▒[0m[48;2;40;44;59m[38;2;40;44;59m▒[0m[48;2;40;44;59m[38;2;40;44;59m▒[0m[48;2;40;44;59m[38;2;40;44;59m▒[0m[48;2;40;44;59m[38;2;40;44;59m▒[0m[48;2;40;44;59m[38;2;40;44;59m▒[0m[48;2;40;44;59m[38;2;40;44;59m▒[0m[48;2;40;44;59m[38;2;40;44;59m▒[0m[48;2;40;44;59m[38;2;40;44;59m▒[0m[48;2;40;44;59m[38;2;40;44;59m▒[0m[48;2;40;44;59m[38;2;40;44;59m▒[0m[48;2;40;44;59m[38;2;40;44;59m▒[0m[48;2;42;43;59m[38;2;42;43;59m▒[0m[48;2;43;42;59m[38;2;43;42;59m▒[0m[48;2;61;61;77m[38;2;61;61;77m░[0m[48;2;59;59;74m[38;2;59;59;74m░[0m[48;2;23;19;31m[38;2;23;19;31m▓[0m[48;2;98;88;100m[38;2;98;88;100m%[0m[48;2;105;93;103m[38;2;105;93;103m%[0m[48;2;41;30;39m[38;2;41;30;39m▓[0m[48;2;75;67;74m[38;2;75;67;74m░[0m[48;2;178;176;178m[38;2;178;176;178m=[0m                                   
                                       [48;2;56;54;57m[38;2;56;54;57m░[0m[48;2;105;96;104m[38;2;105;96;104m%[0m[48;2;67;60;68m[38;2;67;60;68m░[0m[48;2;33;32;44m[38;2;33;32;44m▓[0m[48;2;41;43;59m[38;2;41;43;59m▒[0m[48;2;40;44;59m[38;2;40;44;59m▒[0m[48;2;40;44;59m[38;2;40;44;59m▒[0m[48;2;40;44;59m[38;2;40;44;59m▒[0m[48;2;40;44;59m[38;2;40;44;59m▒[0m[48;2;40;44;59m[38;2;40;44;59m▒[0m[48;2;40;44;59m[38;2;40;44;59m▒[0m[48;2;40;44;59m[38;2;40;44;59m▒[0m[48;2;40;44;59m[38;2;40;44;59m▒[0m[48;2;40;44;59m[38;2;40;44;59m▒[0m[48;2;41;43;59m[38;2;41;43;59m▒[0m[48;2;43;42;59m[38;2;43;42;59m▒[0m[48;2;47;46;63m[38;2;47;46;63m▒[0m[48;2;70;68;83m[38;2;70;68;83m░[0m[48;2;50;47;60m[38;2;50;47;60m▒[0m[48;2;32;26;38m[38;2;32;26;38m▓[0m[48;2;115;101;114m[38;2;115;101;114m%[0m[48;2;159;141;155m[38;2;159;141;155m+[0m[48;2;158;141;154m[38;2;158;141;154m+[0m[48;2;51;41;49m[38;2;51;41;49m▒[0m[48;2;83;75;81m[38;2;83;75;81m@[0m[48;2;127;126;127m[38;2;127;126;127m#[0m                                   
                                      [48;2;109;109;109m[38;2;109;109;109m%[0m[48;2;89;80;87m[38;2;89;80;87m@[0m[48;2;157;142;152m[38;2;157;142;152m+[0m[48;2;98;83;95m[38;2;98;83;95m@[0m[48;2;27;23;35m[38;2;27;23;35m▓[0m[48;2;41;43;58m[38;2;41;43;58m▒[0m[48;2;40;44;59m[38;2;40;44;59m▒[0m[48;2;40;44;59m[38;2;40;44;59m▒[0m[48;2;40;44;59m[38;2;40;44;59m▒[0m[48;2;40;44;59m[38;2;40;44;59m▒[0m[48;2;40;44;59m[38;2;40;44;59m▒[0m[48;2;40;44;59m[38;2;40;44;59m▒[0m[48;2;40;44;59m[38;2;40;44;59m▒[0m[48;2;40;44;59m[38;2;40;44;59m▒[0m[48;2;41;43;59m[38;2;41;43;59m▒[0m[48;2;51;50;65m[38;2;51;50;65m▒[0m[48;2;69;65;79m[38;2;69;65;79m░[0m[48;2;60;56;69m[38;2;60;56;69m░[0m[48;2;32;27;38m[38;2;32;27;38m▓[0m[48;2;83;73;84m[38;2;83;73;84m@[0m[48;2;151;134;148m[38;2;151;134;148m*[0m[48;2;160;141;155m[38;2;160;141;155m+[0m[48;2;161;140;155m[38;2;161;140;155m+[0m[48;2;161;140;155m[38;2;161;140;155m+[0m[48;2;81;69;79m[38;2;81;69;79m@[0m[48;2;34;29;34m[38;2;34;29;34m▓[0m[48;2;130;128;130m[38;2;130;128;130m*[0m                                   
                                     [48;2;214;213;214m[38;2;214;213;214m:[0m[48;2;47;42;45m[38;2;47;42;45m▒[0m[48;2;156;140;152m[38;2;156;140;152m*[0m[48;2;161;142;153m[38;2;161;142;153m+[0m[48;2;82;67;79m[38;2;82;67;79m░[0m[48;2;30;22;32m[38;2;30;22;32m▓[0m[48;2;33;29;42m[38;2;33;29;42m▓[0m[48;2;42;42;59m[38;2;42;42;59m▒[0m[48;2;41;43;59m[38;2;41;43;59m▒[0m[48;2;40;44;59m[38;2;40;44;59m▒[0m[48;2;40;44;59m[38;2;40;44;59m▒[0m[48;2;40;44;59m[38;2;40;44;59m▒[0m[48;2;43;46;60m[38;2;43;46;60m▒[0m[48;2;60;59;75m[38;2;60;59;75m░[0m[48;2;51;48;64m[38;2;51;48;64m▒[0m[48;2;61;57;71m[38;2;61;57;71m░[0m[48;2;44;39;50m[38;2;44;39;50m▒[0m[48;2;47;40;50m[38;2;47;40;50m▒[0m[48;2;96;85;95m[38;2;96;85;95m@[0m[48;2;150;133;146m[38;2;150;133;146m*[0m[48;2;160;140;154m[38;2;160;140;154m+[0m[48;2;161;140;155m[38;2;161;140;155m+[0m[48;2;161;140;155m[38;2;161;140;155m+[0m[48;2;161;140;155m[38;2;161;140;155m+[0m[48;2;161;140;155m[38;2;161;140;155m+[0m[48;2;92;80;90m[38;2;92;80;90m@[0m[48;2;15;12;15m[38;2;15;12;15m█[0m[48;2;195;193;196m[38;2;195;193;196m-[0m                                   
                                     [48;2;99;97;98m[38;2;99;97;98m%[0m[48;2;122;111;120m[38;2;122;111;120m#[0m[48;2;161;141;155m[38;2;161;141;155m+[0m[48;2;161;141;155m[38;2;161;141;155m+[0m[48;2;103;88;100m[38;2;103;88;100m%[0m[48;2;83;72;82m[38;2;83;72;82m@[0m[48;2;58;48;59m[38;2;58;48;59m▒[0m[48;2;28;22;36m[38;2;28;22;36m▓[0m[48;2;41;38;54m[38;2;41;38;54m▒[0m[48;2;43;43;58m[38;2;43;43;58m▒[0m[48;2;55;55;70m[38;2;55;55;70m░[0m[48;2;65;63;76m[38;2;65;63;76m░[0m[48;2;59;56;66m[38;2;59;56;66m░[0m[48;2;29;24;34m[38;2;29;24;34m▓[0m[48;2;47;39;49m[38;2;47;39;49m▒[0m[48;2;88;76;88m[38;2;88;76;88m@[0m[48;2;136;119;132m[38;2;136;119;132m#[0m[48;2;158;140;153m[38;2;158;140;153m+[0m[48;2;160;140;155m[38;2;160;140;155m+[0m[48;2;157;136;151m[38;2;157;136;151m*[0m[48;2;161;140;155m[38;2;161;140;155m+[0m[48;2;161;140;155m[38;2;161;140;155m+[0m[48;2;161;140;155m[38;2;161;140;155m+[0m[48;2;161;140;155m[38;2;161;140;155m+[0m[48;2;161;140;155m[38;2;161;140;155m+[0m[48;2;61;51;60m[38;2;61;51;60m░[0m[48;2;149;146;150m[38;2;149;146;150m+[0m[48;2;152;151;154m[38;2;152;151;154m+[0m[48;2;177;176;177m[38;2;177;176;177m=[0m[48;2;204;204;204m[38;2;204;204;204m:[0m                                 
                                     [48;2;41;37;40m[38;2;41;37;40m▒[0m[48;2;157;141;153m[38;2;157;141;153m+[0m[48;2;161;140;155m[38;2;161;140;155m+[0m[48;2;161;140;155m[38;2;161;140;155m+[0m[48;2;157;138;152m[38;2;157;138;152m*[0m[48;2;49;38;48m[38;2;49;38;48m▒[0m[48;2;103;90;101m[38;2;103;90;101m%[0m[48;2;101;87;99m[38;2;101;87;99m%[0m[48;2;84;72;84m[38;2;84;72;84m@[0m[48;2;70;62;71m[38;2;70;62;71m░[0m[48;2;30;23;30m[38;2;30;23;30m▓[0m[48;2;80;70;78m[38;2;80;70;78m@[0m[48;2;111;97;107m[38;2;111;97;107m%[0m[48;2;145;129;141m[38;2;145;129;141m*[0m[48;2;158;140;154m[38;2;158;140;154m+[0m[48;2;142;124;137m[38;2;142;124;137m*[0m[48;2;109;94;105m[38;2;109;94;105m%[0m[48;2;79;65;76m[38;2;79;65;76m░[0m[48;2;73;61;71m[38;2;73;61;71m░[0m[48;2;112;96;108m[38;2;112;96;108m%[0m[48;2;161;141;155m[38;2;161;141;155m+[0m[48;2;161;140;155m[38;2;161;140;155m+[0m[48;2;161;140;155m[38;2;161;140;155m+[0m[48;2;161;140;155m[38;2;161;140;155m+[0m[48;2;143;123;137m[38;2;143;123;137m*[0m[48;2;16;8;16m[38;2;16;8;16m█[0m[48;2;22;16;22m[38;2;22;16;22m▓[0m[48;2;198;196;200m[38;2;198;196;200m-[0m[48;2;67;64;68m[38;2;67;64;68m░[0m[48;2;40;38;41m[38;2;40;38;41m▒[0m[48;2;172;171;172m[38;2;172;171;172m=[0m                                
                                    [48;2;227;227;227m[38;2;227;227;227m.[0m[48;2;46;41;45m[38;2;46;41;45m▒[0m[48;2;159;142;155m[38;2;159;142;155m+[0m[48;2;161;140;155m[38;2;161;140;155m+[0m[48;2;161;140;155m[38;2;161;140;155m+[0m[48;2;161;140;155m[38;2;161;140;155m+[0m[48;2;144;129;142m[38;2;144;129;142m*[0m[48;2;44;33;43m[38;2;44;33;43m▒[0m[48;2;25;15;23m[38;2;25;15;23m▓[0m[48;2;105;94;102m[38;2;105;94;102m%[0m[48;2;30;23;28m[38;2;30;23;28m▓[0m[48;2;39;33;38m[38;2;39;33;38m▓[0m[48;2;85;76;84m[38;2;85;76;84m@[0m[48;2;78;69;79m[38;2;78;69;79m░[0m[48;2;72;63;71m[38;2;72;63;71m░[0m[48;2;74;64;73m[38;2;74;64;73m░[0m[48;2;94;81;91m[38;2;94;81;91m@[0m[48;2;126;111;121m[38;2;126;111;121m#[0m[48;2;156;138;151m[38;2;156;138;151m*[0m[48;2;161;140;155m[38;2;161;140;155m+[0m[48;2;161;140;155m[38;2;161;140;155m+[0m[48;2;161;140;155m[38;2;161;140;155m+[0m[48;2;161;140;155m[38;2;161;140;155m+[0m[48;2;161;140;155m[38;2;161;140;155m+[0m[48;2;160;140;155m[38;2;160;140;155m+[0m[48;2;59;45;56m[38;2;59;45;56m▒[0m[48;2;27;21;31m[38;2;27;21;31m▓[0m[48;2;19;15;24m[38;2;19;15;24m█[0m[48;2;174;171;176m[38;2;174;171;176m=[0m[48;2;225;222;226m[38;2;225;222;226m.[0m[48;2;41;39;42m[38;2;41;39;42m▒[0m                                 
                                    [48;2;233;233;233m[38;2;233;233;233m.[0m[48;2;45;39;43m[38;2;45;39;43m▒[0m[48;2;159;142;155m[38;2;159;142;155m+[0m[48;2;161;140;155m[38;2;161;140;155m+[0m[48;2;161;140;155m[38;2;161;140;155m+[0m[48;2;161;140;155m[38;2;161;140;155m+[0m[48;2;161;140;155m[38;2;161;140;155m+[0m[48;2;157;138;153m[38;2;157;138;153m*[0m[48;2;61;47;59m[38;2;61;47;59m▒[0m[48;2;9;2;11m[38;2;9;2;11m█[0m[48;2;8;6;12m[38;2;8;6;12m█[0m[48;2;27;24;30m[38;2;27;24;30m▓[0m[48;2;73;65;74m[38;2;73;65;74m░[0m[48;2;123;109;122m[38;2;123;109;122m#[0m[48;2;157;140;153m[38;2;157;140;153m+[0m[48;2;160;140;155m[38;2;160;140;155m+[0m[48;2;161;140;155m[38;2;161;140;155m+[0m[48;2;161;140;155m[38;2;161;140;155m+[0m[48;2;161;140;155m[38;2;161;140;155m+[0m[48;2;161;140;155m[38;2;161;140;155m+[0m[48;2;161;140;155m[38;2;161;140;155m+[0m[48;2;161;140;155m[38;2;161;140;155m+[0m[48;2;161;140;155m[38;2;161;140;155m+[0m[48;2;161;140;155m[38;2;161;140;155m+[0m[48;2;152;132;146m[38;2;152;132;146m*[0m[48;2;48;37;48m[38;2;48;37;48m▒[0m[48;2;25;19;30m[38;2;25;19;30m▓[0m[48;2;26;22;33m[38;2;26;22;33m▓[0m[48;2;116;114;118m[38;2;116;114;118m#[0m[48;2;201;198;202m[38;2;201;198;202m-[0m[48;2;54;51;55m[38;2;54;51;55m▒[0m[48;2;124;122;124m[38;2;124;122;124m#[0m[48;2;147;147;147m[38;2;147;147;147m+[0m[48;2;163;163;163m[38;2;163;163;163m+[0m[48;2;197;197;197m[38;2;197;197;197m-[0m[48;2;239;239;239m[38;2;239;239;239m [0m                            
                                    [48;2;186;185;185m[38;2;186;185;185m-[0m[48;2;14;10;12m[38;2;14;10;12m█[0m[48;2;142;127;138m[38;2;142;127;138m*[0m[48;2;161;140;155m[38;2;161;140;155m+[0m[48;2;161;140;155m[38;2;161;140;155m+[0m[48;2;161;140;155m[38;2;161;140;155m+[0m[48;2;161;140;155m[38;2;161;140;155m+[0m[48;2;161;140;155m[38;2;161;140;155m+[0m[48;2;56;42;53m[38;2;56;42;53m▒[0m[48;2;32;25;35m[38;2;32;25;35m▓[0m[48;2;3;2;8m[38;2;3;2;8m█[0m[48;2;15;14;19m[38;2;15;14;19m█[0m[48;2;19;15;22m[38;2;19;15;22m█[0m[48;2;48;39;50m[38;2;48;39;50m▒[0m[48;2;153;137;150m[38;2;153;137;150m*[0m[48;2;160;139;154m[38;2;160;139;154m+[0m[48;2;161;140;155m[38;2;161;140;155m+[0m[48;2;161;140;155m[38;2;161;140;155m+[0m[48;2;161;140;155m[38;2;161;140;155m+[0m[48;2;161;140;155m[38;2;161;140;155m+[0m[48;2;161;140;155m[38;2;161;140;155m+[0m[48;2;161;140;155m[38;2;161;140;155m+[0m[48;2;161;140;155m[38;2;161;140;155m+[0m[48;2;161;140;155m[38;2;161;140;155m+[0m[48;2;161;140;155m[38;2;161;140;155m+[0m[48;2;149;133;146m[38;2;149;133;146m*[0m[48;2;34;26;35m[38;2;34;26;35m▓[0m[48;2;22;18;26m[38;2;22;18;26m▓[0m[48;2;102;99;105m[38;2;102;99;105m%[0m[48;2;151;148;152m[38;2;151;148;152m+[0m[48;2;43;40;44m[38;2;43;40;44m▒[0m[48;2;86;84;87m[38;2;86;84;87m@[0m[48;2;97;96;98m[38;2;97;96;98m%[0m[48;2;55;54;55m[38;2;55;54;55m▒[0m[48;2;41;38;41m[38;2;41;38;41m▒[0m[48;2;66;61;65m[38;2;66;61;65m░[0m[48;2;88;82;88m[38;2;88;82;88m@[0m[48;2;150;147;150m[38;2;150;147;150m+[0m                          
                                     [48;2;201;199;200m[38;2;201;199;200m-[0m[48;2;55;48;53m[38;2;55;48;53m▒[0m[48;2;150;134;145m[38;2;150;134;145m*[0m[48;2;161;140;155m[38;2;161;140;155m+[0m[48;2;161;140;155m[38;2;161;140;155m+[0m[48;2;161;140;155m[38;2;161;140;155m+[0m[48;2;161;140;155m[38;2;161;140;155m+[0m[48;2;96;82;94m[38;2;96;82;94m@[0m[48;2;34;29;37m[38;2;34;29;37m▓[0m[48;2;10;8;13m[38;2;10;8;13m█[0m[48;2;10;9;13m[38;2;10;9;13m█[0m[48;2;20;17;23m[38;2;20;17;23m▓[0m[48;2;11;7;15m[38;2;11;7;15m█[0m[48;2;70;61;71m[38;2;70;61;71m░[0m[48;2;157;139;153m[38;2;157;139;153m*[0m[48;2;161;140;155m[38;2;161;140;155m+[0m[48;2;161;140;155m[38;2;161;140;155m+[0m[48;2;161;140;155m[38;2;161;140;155m+[0m[48;2;161;140;155m[38;2;161;140;155m+[0m[48;2;161;140;155m[38;2;161;140;155m+[0m[48;2;161;140;155m[38;2;161;140;155m+[0m[48;2;161;140;155m[38;2;161;140;155m+[0m[48;2;161;140;155m[38;2;161;140;155m+[0m[48;2;161;140;155m[38;2;161;140;155m+[0m[48;2;160;139;154m[38;2;160;139;154m+[0m[48;2;145;127;140m[38;2;145;127;140m*[0m[48;2;59;49;58m[38;2;59;49;58m▒[0m[48;2;55;50;55m[38;2;55;50;55m▒[0m[48;2;33;30;33m[38;2;33;30;33m▓[0m[48;2;128;125;129m[38;2;128;125;129m#[0m[48;2;195;193;196m[38;2;195;193;196m-[0m[48;2;186;184;187m[38;2;186;184;187m-[0m[48;2;178;176;179m[38;2;178;176;179m=[0m[48;2;83;80;83m[38;2;83;80;83m@[0m[48;2;87;78;85m[38;2;87;78;85m@[0m[48;2;156;142;152m[38;2;156;142;152m+[0m[48;2;102;90;98m[38;2;102;90;98m%[0m[48;2;115;110;114m[38;2;115;110;114m#[0m                         
                                      [48;2;153;151;153m[38;2;153;151;153m+[0m[48;2;28;22;28m[38;2;28;22;28m▓[0m[48;2;106;93;104m[38;2;106;93;104m%[0m[48;2;157;139;153m[38;2;157;139;153m*[0m[48;2;161;140;154m[38;2;161;140;154m+[0m[48;2;161;140;155m[38;2;161;140;155m+[0m[48;2;161;140;155m[38;2;161;140;155m+[0m[48;2;156;138;152m[38;2;156;138;152m*[0m[48;2;60;48;59m[38;2;60;48;59m▒[0m[48;2;36;28;37m[38;2;36;28;37m▓[0m[48;2;22;15;24m[38;2;22;15;24m█[0m[48;2;79;69;79m[38;2;79;69;79m░[0m[48;2;72;62;70m[38;2;72;62;70m░[0m[48;2;77;64;75m[38;2;77;64;75m░[0m[48;2;111;96;109m[38;2;111;96;109m%[0m[48;2;146;128;142m[38;2;146;128;142m*[0m[48;2;160;140;155m[38;2;160;140;155m+[0m[48;2;161;140;155m[38;2;161;140;155m+[0m[48;2;161;140;155m[38;2;161;140;155m+[0m[48;2;161;140;155m[38;2;161;140;155m+[0m[48;2;161;140;155m[38;2;161;140;155m+[0m[48;2;161;140;155m[38;2;161;140;155m+[0m[48;2;161;140;155m[38;2;161;140;155m+[0m[48;2;161;140;155m[38;2;161;140;155m+[0m[48;2;161;140;155m[38;2;161;140;155m+[0m[48;2;161;140;155m[38;2;161;140;155m+[0m[48;2;151;133;147m[38;2;151;133;147m*[0m[48;2;130;116;127m[38;2;130;116;127m#[0m[48;2;116;103;114m[38;2;116;103;114m%[0m[48;2;105;95;103m[38;2;105;95;103m%[0m[48;2;110;102;109m[38;2;110;102;109m%[0m[48;2;112;103;111m[38;2;112;103;111m%[0m[48;2;133;123;132m[38;2;133;123;132m#[0m[48;2;150;138;147m[38;2;150;138;147m*[0m[48;2;132;118;128m[38;2;132;118;128m#[0m[48;2;83;70;79m[38;2;83;70;79m@[0m[48;2;37;30;37m[38;2;37;30;37m▓[0m[48;2;197;195;197m[38;2;197;195;197m-[0m                        
                                       [48;2;76;73;76m[38;2;76;73;76m@[0m[48;2;84;78;85m[38;2;84;78;85m@[0m[48;2;60;51;60m[38;2;60;51;60m▒[0m[48;2;147;131;142m[38;2;147;131;142m*[0m[48;2;160;141;154m[38;2;160;141;154m+[0m[48;2;161;140;155m[38;2;161;140;155m+[0m[48;2;162;141;156m[38;2;162;141;156m+[0m[48;2;161;140;155m[38;2;161;140;155m+[0m[48;2;161;140;155m[38;2;161;140;155m+[0m[48;2;149;129;143m[38;2;149;129;143m*[0m[48;2;79;63;74m[38;2;79;63;74m░[0m[48;2;77;65;74m[38;2;77;65;74m░[0m[48;2;63;53;61m[38;2;63;53;61m░[0m[48;2;14;8;15m[38;2;14;8;15m█[0m[48;2;23;16;23m[38;2;23;16;23m▓[0m[48;2;109;97;108m[38;2;109;97;108m%[0m[48;2;161;140;155m[38;2;161;140;155m+[0m[48;2;122;103;117m[38;2;122;103;117m#[0m[48;2;154;134;148m[38;2;154;134;148m*[0m[48;2;160;140;155m[38;2;160;140;155m+[0m[48;2;161;140;155m[38;2;161;140;155m+[0m[48;2;153;134;147m[38;2;153;134;147m*[0m[48;2;158;138;153m[38;2;158;138;153m*[0m[48;2;160;140;155m[38;2;160;140;155m+[0m[48;2;161;140;155m[38;2;161;140;155m+[0m[48;2;161;140;155m[38;2;161;140;155m+[0m[48;2;160;140;155m[38;2;160;140;155m+[0m[48;2;137;118;132m[38;2;137;118;132m#[0m[48;2;87;71;82m[38;2;87;71;82m@[0m[48;2;81;68;78m[38;2;81;68;78m░[0m[48;2;81;68;78m[38;2;81;68;78m░[0m[48;2;80;67;76m[38;2;80;67;76m░[0m[48;2;84;72;81m[38;2;84;72;81m@[0m[48;2;102;90;99m[38;2;102;90;99m%[0m[48;2;128;114;124m[38;2;128;114;124m#[0m[48;2;103;93;102m[38;2;103;93;102m%[0m[48;2;103;98;103m[38;2;103;98;103m%[0m                        
                                        [48;2;146;146;146m[38;2;146;146;146m*[0m[48;2;122;120;123m[38;2;122;120;123m#[0m[48;2;63;58;64m[38;2;63;58;64m░[0m[48;2;93;81;91m[38;2;93;81;91m@[0m[48;2;151;134;147m[38;2;151;134;147m*[0m[48;2;160;140;155m[38;2;160;140;155m+[0m[48;2;161;140;155m[38;2;161;140;155m+[0m[48;2;161;140;155m[38;2;161;140;155m+[0m[48;2;161;140;155m[38;2;161;140;155m+[0m[48;2;161;140;155m[38;2;161;140;155m+[0m[48;2;153;134;148m[38;2;153;134;148m*[0m[48;2;127;109;122m[38;2;127;109;122m#[0m[48;2;118;102;113m[38;2;118;102;113m%[0m[48;2;154;137;150m[38;2;154;137;150m*[0m[48;2;158;139;153m[38;2;158;139;153m*[0m[48;2;161;140;155m[38;2;161;140;155m+[0m[48;2;128;108;122m[38;2;128;108;122m#[0m[48;2;77;61;73m[38;2;77;61;73m░[0m[48;2;77;63;73m[38;2;77;63;73m░[0m[48;2;83;68;78m[38;2;83;68;78m@[0m[48;2;48;36;45m[38;2;48;36;45m▒[0m[48;2;19;8;17m[38;2;19;8;17m█[0m[48;2;36;26;34m[38;2;36;26;34m▓[0m[48;2;45;36;44m[38;2;45;36;44m▒[0m[48;2;56;46;54m[38;2;56;46;54m▒[0m[48;2;67;57;66m[38;2;67;57;66m░[0m[48;2;73;63;72m[38;2;73;63;72m░[0m[48;2;77;64;74m[38;2;77;64;74m░[0m[48;2;77;66;75m[38;2;77;66;75m░[0m[48;2;77;66;75m[38;2;77;66;75m░[0m[48;2;71;60;70m[38;2;71;60;70m░[0m[48;2;59;50;59m[38;2;59;50;59m▒[0m[48;2;89;80;88m[38;2;89;80;88m@[0m[48;2;96;89;96m[38;2;96;89;96m%[0m[48;2;108;103;108m[38;2;108;103;108m%[0m[48;2;235;232;235m[38;2;235;232;235m.[0m                        
                                         [48;2;191;191;191m[38;2;191;191;191m-[0m[48;2;11;10;14m[38;2;11;10;14m█[0m[48;2;12;9;17m[38;2;12;9;17m█[0m[48;2;18;13;23m[38;2;18;13;23m█[0m[48;2;77;65;82m[38;2;77;65;82m░[0m[48;2;127;111;124m[38;2;127;111;124m#[0m[48;2;156;137;151m[38;2;156;137;151m*[0m[48;2;161;140;155m[38;2;161;140;155m+[0m[48;2;161;140;155m[38;2;161;140;155m+[0m[48;2;161;140;155m[38;2;161;140;155m+[0m[48;2;161;140;155m[38;2;161;140;155m+[0m[48;2;102;83;97m[38;2;102;83;97m@[0m[48;2;77;60;73m[38;2;77;60;73m░[0m[48;2;118;102;115m[38;2;118;102;115m%[0m[48;2;139;121;135m[38;2;139;121;135m#[0m[48;2;157;138;152m[38;2;157;138;152m*[0m[48;2;161;140;155m[38;2;161;140;155m+[0m[48;2;160;140;154m[38;2;160;140;154m+[0m[48;2;158;139;153m[38;2;158;139;153m*[0m[48;2;153;135;148m[38;2;153;135;148m*[0m[48;2;152;133;146m[38;2;152;133;146m*[0m[48;2;152;134;146m[38;2;152;134;146m*[0m[48;2;153;136;148m[38;2;153;136;148m*[0m[48;2;155;139;150m[38;2;155;139;150m*[0m[48;2;158;141;153m[38;2;158;141;153m+[0m[48;2;159;142;154m[38;2;159;142;154m+[0m[48;2;155;137;151m[38;2;155;137;151m*[0m[48;2;130;115;126m[38;2;130;115;126m#[0m[48;2;91;78;88m[38;2;91;78;88m@[0m[48;2;81;72;81m[38;2;81;72;81m@[0m[48;2;171;168;173m[38;2;171;168;173m=[0m                            
                                        [48;2;224;224;224m[38;2;224;224;224m.[0m[48;2;29;28;34m[38;2;29;28;34m▓[0m[48;2;33;30;45m[38;2;33;30;45m▓[0m[48;2;20;17;30m[38;2;20;17;30m▓[0m[48;2;8;4;19m[38;2;8;4;19m█[0m[48;2;82;70;134m[38;2;82;70;134m@[0m[48;2;68;58;109m[38;2;68;58;109m░[0m[48;2;38;26;74m[38;2;38;26;74m▓[0m[48;2;43;34;47m[38;2;43;34;47m▒[0m[48;2;73;62;83m[38;2;73;62;83m░[0m[48;2;97;85;99m[38;2;97;85;99m@[0m[48;2;120;105;119m[38;2;120;105;119m#[0m[48;2;139;121;136m[38;2;139;121;136m*[0m[48;2;145;129;141m[38;2;145;129;141m*[0m[48;2;107;93;103m[38;2;107;93;103m%[0m[48;2;61;52;61m[38;2;61;52;61m░[0m[48;2;30;22;30m[38;2;30;22;30m▓[0m[48;2;30;22;31m[38;2;30;22;31m▓[0m[48;2;48;39;46m[38;2;48;39;46m▒[0m[48;2;62;53;61m[38;2;62;53;61m░[0m[48;2;70;62;69m[38;2;70;62;69m░[0m[48;2;76;68;75m[38;2;76;68;75m░[0m[48;2;77;69;75m[38;2;77;69;75m░[0m[48;2;76;68;74m[38;2;76;68;74m░[0m[48;2;69;62;68m[38;2;69;62;68m░[0m[48;2;56;47;54m[38;2;56;47;54m▒[0m[48;2;40;31;40m[38;2;40;31;40m▓[0m[48;2;82;76;84m[38;2;82;76;84m@[0m[48;2;154;150;156m[38;2;154;150;156m+[0m[48;2;218;216;219m[38;2;218;216;219m:[0m                              
                                        [48;2;74;73;75m[38;2;74;73;75m@[0m[48;2;28;26;37m[38;2;28;26;37m▓[0m[48;2;36;32;51m[38;2;36;32;51m▓[0m[48;2;37;32;49m[38;2;37;32;49m▓[0m[48;2;11;7;22m[38;2;11;7;22m█[0m[48;2;84;72;141m[38;2;84;72;141m@[0m[48;2;95;84;150m[38;2;95;84;150m%[0m[48;2;73;57;151m[38;2;73;57;151m░[0m[48;2;8;3;29m[38;2;8;3;29m█[0m[48;2;49;37;105m[38;2;49;37;105m▒[0m[48;2;70;57;136m[38;2;70;57;136m░[0m[48;2;55;40;130m[38;2;55;40;130m▒[0m[48;2;47;35;101m[38;2;47;35;101m▒[0m[48;2;40;25;105m[38;2;40;25;105m▒[0m[48;2;48;40;74m[38;2;48;40;74m▒[0m[48;2;32;22;52m[38;2;32;22;52m▓[0m[48;2;34;27;37m[38;2;34;27;37m▓[0m[48;2;36;30;40m[38;2;36;30;40m▓[0m[48;2;18;12;22m[38;2;18;12;22m█[0m[48;2;13;8;18m[38;2;13;8;18m█[0m[48;2;11;8;17m[38;2;11;8;17m█[0m[48;2;12;9;18m[38;2;12;9;18m█[0m[48;2;12;9;19m[38;2;12;9;19m█[0m[48;2;13;10;20m[38;2;13;10;20m█[0m[48;2;18;15;25m[38;2;18;15;25m█[0m[48;2;25;19;34m[38;2;25;19;34m▓[0m[48;2;28;23;39m[38;2;28;23;39m▓[0m[48;2;23;19;34m[38;2;23;19;34m▓[0m[48;2;41;37;48m[38;2;41;37;48m▒[0m[48;2;101;99;105m[38;2;101;99;105m%[0m[48;2;182;180;183m[38;2;182;180;183m=[0m                             
                                       [48;2;181;181;181m[38;2;181;181;181m=[0m[48;2;15;14;19m[38;2;15;14;19m█[0m[48;2;37;32;50m[38;2;37;32;50m▓[0m[48;2;37;31;52m[38;2;37;31;52m▓[0m[48;2;37;31;51m[38;2;37;31;51m▓[0m[48;2;13;9;26m[38;2;13;9;26m█[0m[48;2;77;65;125m[38;2;77;65;125m@[0m[48;2;89;75;151m[38;2;89;75;151m@[0m[48;2;85;71;155m[38;2;85;71;155m@[0m[48;2;20;10;74m[38;2;20;10;74m▓[0m[48;2;74;72;81m[38;2;74;72;81m@[0m[48;2;40;30;90m[38;2;40;30;90m▒[0m[48;2;80;66;155m[38;2;80;66;155m@[0m[48;2;76;62;161m[38;2;76;62;161m@[0m[48;2;79;64;164m[38;2;79;64;164m@[0m[48;2;70;53;162m[38;2;70;53;162m░[0m[48;2;42;33;78m[38;2;42;33;78m▒[0m[48;2;26;21;31m[38;2;26;21;31m▓[0m[48;2;36;31;43m[38;2;36;31;43m▓[0m[48;2;38;33;50m[38;2;38;33;50m▓[0m[48;2;37;32;50m[38;2;37;32;50m▓[0m[48;2;37;31;52m[38;2;37;31;52m▓[0m[48;2;37;31;52m[38;2;37;31;52m▓[0m[48;2;37;31;52m[38;2;37;31;52m▓[0m[48;2;36;30;51m[38;2;36;30;51m▓[0m[48;2;36;30;51m[38;2;36;30;51m▓[0m[48;2;37;31;52m[38;2;37;31;52m▓[0m[48;2;37;31;52m[38;2;37;31;52m▓[0m[48;2;37;31;52m[38;2;37;31;52m▓[0m[48;2;37;31;52m[38;2;37;31;52m▓[0m[48;2;36;30;50m[38;2;36;30;50m▓[0m[48;2;26;21;39m[38;2;26;21;39m▓[0m[48;2;40;36;48m[38;2;40;36;48m▒[0m[48;2;132;129;135m[38;2;132;129;135m*[0m[48;2;236;235;236m[38;2;236;235;236m.[0m                          
                                       [48;2;73;73;73m[38;2;73;73;73m░[0m[48;2;31;28;41m[38;2;31;28;41m▓[0m[48;2;37;31;52m[38;2;37;31;52m▓[0m[48;2;37;31;52m[38;2;37;31;52m▓[0m[48;2;37;31;52m[38;2;37;31;52m▓[0m[48;2;28;23;42m[38;2;28;23;42m▓[0m[48;2;26;21;39m[38;2;26;21;39m▓[0m[48;2;36;30;54m[38;2;36;30;54m▓[0m[48;2;45;38;68m[38;2;45;38;68m▒[0m[48;2;21;12;57m[38;2;21;12;57m▓[0m[48;2;110;107;111m[38;2;110;107;111m%[0m[48;2;163;162;166m[38;2;163;162;166m+[0m[48;2;43;38;65m[38;2;43;38;65m▒[0m[48;2;63;51;123m[38;2;63;51;123m░[0m[48;2;53;43;102m[38;2;53;43;102m▒[0m[48;2;73;71;83m[38;2;73;71;83m░[0m[48;2;132;130;137m[38;2;132;130;137m*[0m[48;2;44;41;47m[38;2;44;41;47m▒[0m[48;2;48;44;55m[38;2;48;44;55m▒[0m[48;2;61;57;72m[38;2;61;57;72m░[0m[48;2;53;48;66m[38;2;53;48;66m▒[0m[48;2;38;32;52m[38;2;38;32;52m▓[0m[48;2;37;31;52m[38;2;37;31;52m▓[0m[48;2;37;31;52m[38;2;37;31;52m▓[0m[48;2;37;31;52m[38;2;37;31;52m▓[0m[48;2;37;31;52m[38;2;37;31;52m▓[0m[48;2;37;31;52m[38;2;37;31;52m▓[0m[48;2;37;31;52m[38;2;37;31;52m▓[0m[48;2;37;31;52m[38;2;37;31;52m▓[0m[48;2;37;31;52m[38;2;37;31;52m▓[0m[48;2;37;31;52m[38;2;37;31;52m▓[0m[48;2;37;31;52m[38;2;37;31;52m▓[0m[48;2;37;31;52m[38;2;37;31;52m▓[0m[48;2;32;26;44m[38;2;32;26;44m▓[0m[48;2;32;28;39m[38;2;32;28;39m▓[0m[48;2;151;149;152m[38;2;151;149;152m+[0m                         
                                       [48;2;18;17;18m[38;2;18;17;18m█[0m[48;2;36;32;48m[38;2;36;32;48m▓[0m[48;2;37;31;52m[38;2;37;31;52m▓[0m[48;2;37;31;52m[38;2;37;31;52m▓[0m[48;2;37;31;52m[38;2;37;31;52m▓[0m[48;2;37;31;52m[38;2;37;31;52m▓[0m[48;2;37;31;52m[38;2;37;31;52m▓[0m[48;2;37;31;51m[38;2;37;31;51m▓[0m[48;2;66;62;77m[38;2;66;62;77m░[0m[48;2;27;23;31m[38;2;27;23;31m▓[0m[48;2;4;2;8m[38;2;4;2;8m█[0m[48;2;112;110;115m[38;2;112;110;115m#[0m[48;2;215;214;218m[38;2;215;214;218m:[0m[48;2;148;146;150m[38;2;148;146;150m+[0m[48;2;27;25;30m[38;2;27;25;30m▓[0m[48;2;117;114;120m[38;2;117;114;120m#[0m[48;2;218;216;220m[38;2;218;216;220m:[0m[48;2;241;239;242m[38;2;241;239;242m [0m[48;2;118;117;120m[38;2;118;117;120m#[0m[48;2;35;32;40m[38;2;35;32;40m▓[0m[48;2;35;31;40m[38;2;35;31;40m▓[0m[48;2;56;52;64m[38;2;56;52;64m▒[0m[48;2;63;58;73m[38;2;63;58;73m░[0m[48;2;47;41;61m[38;2;47;41;61m▒[0m[48;2;37;31;52m[38;2;37;31;52m▓[0m[48;2;37;31;52m[38;2;37;31;52m▓[0m[48;2;37;31;52m[38;2;37;31;52m▓[0m[48;2;37;31;52m[38;2;37;31;52m▓[0m[48;2;37;31;52m[38;2;37;31;52m▓[0m[48;2;37;31;52m[38;2;37;31;52m▓[0m[48;2;37;31;52m[38;2;37;31;52m▓[0m[48;2;37;31;52m[38;2;37;31;52m▓[0m[48;2;37;31;52m[38;2;37;31;52m▓[0m[48;2;37;31;52m[38;2;37;31;52m▓[0m[48;2;37;31;52m[38;2;37;31;52m▓[0m[48;2;25;20;36m[38;2;25;20;36m▓[0m[48;2;89;87;93m[38;2;89;87;93m@[0m                        