                                                                                                    
                                                                                                    
                                                                                                    
                                                                                                    
                                                                                                    
                                                                                                    
                                                                                                    
                                                                                                    
                                                                                                    
                                                                                                    
                                                                                                    
                                             [48;2;231;231;231m[38;2;231;231;231m.[0m[48;2;217;217;217m[38;2;217;217;217m:[0m[48;2;215;215;215m[38;2;215;215;215m:[0m[48;2;221;221;222m[38;2;221;221;222m.[0m[48;2;238;237;238m[38;2;238;237;238m.[0m                                                  
                                          [48;2;162;162;163m[38;2;162;162;163m+[0m[48;2;82;81;84m[38;2;82;81;84m@[0m[48;2;31;30;36m[38;2;31;30;36m▓[0m[48;2;25;24;33m[38;2;25;24;33m▓[0m[48;2;28;26;37m[38;2;28;26;37m▓[0m[48;2;30;28;39m[38;2;30;28;39m▓[0m[48;2;28;26;38m[38;2;28;26;38m▓[0m[48;2;24;22;34m[38;2;24;22;34m▓[0m[48;2;30;29;39m[38;2;30;29;39m▓[0m[48;2;52;50;59m[38;2;52;50;59m▒[0m[48;2;81;80;87m[38;2;81;80;87m@[0m[48;2;122;121;126m[38;2;122;121;126m#[0m[48;2;175;174;177m[38;2;175;174;177m=[0m[48;2;237;237;238m[38;2;237;237;238m.[0m                                            
                                         [48;2;125;124;127m[38;2;125;124;127m#[0m[48;2;15;14;20m[38;2;15;14;20m█[0m[48;2;39;37;48m[38;2;39;37;48m▒[0m[48;2;45;42;59m[38;2;45;42;59m▒[0m[48;2;42;42;59m[38;2;42;42;59m▒[0m[48;2;41;43;59m[38;2;41;43;59m▒[0m[48;2;41;43;59m[38;2;41;43;59m▒[0m[48;2;41;44;59m[38;2;41;44;59m▒[0m[48;2;41;43;59m[38;2;41;43;59m▒[0m[48;2;41;43;59m[38;2;41;43;59m▒[0m[48;2;42;43;59m[38;2;42;43;59m▒[0m[48;2;42;43;59m[38;2;42;43;59m▒[0m[48;2;40;40;57m[38;2;40;40;57m▒[0m[48;2;32;31;46m[38;2;32;31;46m▓[0m[48;2;26;25;37m[38;2;26;25;37m▓[0m[48;2;87;86;94m[38;2;87;86;94m@[0m[48;2;193;192;196m[38;2;193;192;196m-[0m                                          
                                        [48;2;172;172;173m[38;2;172;172;173m=[0m[48;2;30;28;36m[38;2;30;28;36m▓[0m[48;2;45;43;57m[38;2;45;43;57m▒[0m[48;2;43;42;59m[38;2;43;42;59m▒[0m[48;2;41;43;59m[38;2;41;43;59m▒[0m[48;2;40;44;59m[38;2;40;44;59m▒[0m[48;2;40;44;59m[38;2;40;44;59m▒[0m[48;2;40;44;59m[38;2;40;44;59m▒[0m[48;2;40;44;59m[38;2;40;44;59m▒[0m[48;2;40;44;59m[38;2;40;44;59m▒[0m[48;2;40;44;59m[38;2;40;44;59m▒[0m[48;2;40;44;59m[38;2;40;44;59m▒[0m[48;2;40;44;59m[38;2;40;44;59m▒[0m[48;2;40;44;59m[38;2;40;44;59m▒[0m[48;2;40;44;59m[38;2;40;44;59m▒[0m[48;2;41;43;59m[38;2;41;43;59m▒[0m[48;2;41;40;56m[38;2;41;40;56m▒[0m[48;2;24;22;34m[38;2;24;22;34m▓[0m[48;2;99;97;102m[38;2;99;97;102m%[0m[48;2;239;238;239m[38;2;239;238;239m [0m                                        
                                       [48;2;114;113;116m[38;2;114;113;116m#[0m[48;2;16;14;18m[38;2;16;14;18m█[0m[48;2;67;65;74m[38;2;67;65;74m░[0m[48;2;43;43;59m[38;2;43;43;59m▒[0m[48;2;40;43;60m[38;2;40;43;60m▒[0m[48;2;40;44;59m[38;2;40;44;59m▒[0m[48;2;40;44;59m[38;2;40;44;59m▒[0m[48;2;40;44;59m[38;2;40;44;59m▒[0m[48;2;40;44;59m[38;2;40;44;59m▒[0m[48;2;40;44;59m[38;2;40;44;59m▒[0m[48;2;40;44;59m[38;2;40;44;59m▒[0m[48;2;40;44;59m[38;2;40;44;59m▒[0m[48;2;40;44;59m[38;2;40;44;59m▒[0m[48;2;40;44;59m[38;2;40;44;59m▒[0m[48;2;40;44;59m[38;2;40;44;59m▒[0m[48;2;40;44;59m[38;2;40;44;59m▒[0m[48;2;40;44;59m[38;2;40;44;59m▒[0m[48;2;40;44;59m[38;2;40;44;59m▒[0m[48;2;41;43;59m[38;2;41;43;59m▒[0m[48;2;34;32;48m[38;2;34;32;48m▓[0m[48;2;59;57;64m[38;2;59;57;64m░[0m[48;2;229;228;229m[38;2;229;228;229m.[0m                                       
                                     [48;2;230;230;230m[38;2;230;230;230m.[0m[48;2;70;68;71m[38;2;70;68;71m░[0m[48;2;102;95;101m[38;2;102;95;101m%[0m[48;2;21;16;20m[38;2;21;16;20m█[0m[48;2;74;69;79m[38;2;74;69;79m░[0m[48;2;43;43;57m[38;2;43;43;57m▒[0m[48;2;40;44;59m[38;2;40;44;59m▒[0m[48;2;40;44;59m[38;2;40;44;59m▒[0m[48;2;40;44;59m[38;2;40;44;59m▒[0m[48;2;40;44;59m[38;2;40;44;59m▒[0m[48;2;40;44;59m[38;2;40;44;59m▒[0m[48;2;40;44;59m[38;2;40;44;59m▒[0m[48;2;40;44;59m[38;2;40;44;59m▒[0m[48;2;40;44;59m[38;2;40;44;59m▒[0m[48;2;40;44;59m[38;2;40;44;59m▒[0m[48;2;40;44;59m[38;2;40;44;59m▒[0m[48;2;40;44;59m[38;2;40;44;59m▒[0m[48;2;40;44;59m[38;2;40;44;59m▒[0m[48;2;40;44;59m[38;2;40;44;59m▒[0m[48;2;40;44;59m[38;2;40;44;59m▒[0m[48;2;40;44;59m[38;2;40;44;59m▒[0m[48;2;41;43;59m[38;2;41;43;59m▒[0m[48;2;35;36;50m[38;2;35;36;50m▒[0m[48;2;52;51;57m[38;2;52;51;57m▒[0m[48;2;236;235;236m[38;2;236;235;236m.[0m                                      
                                    [48;2;240;240;240m[38;2;240;240;240m [0m[48;2;57;55;58m[38;2;57;55;58m░[0m[48;2;67;58;67m[38;2;67;58;67m░[0m[48;2;95;87;97m[38;2;95;87;97m@[0m[48;2;16;10;17m[38;2;16;10;17m█[0m[48;2;80;73;85m[38;2;80;73;85m@[0m[48;2;43;43;58m[38;2;43;43;58m▒[0m[48;2;40;44;59m[38;2;40;44;59m▒[0m[48;2;40;44;59m[38;2;40;44;59m▒[0m[48;2;40;44;59m[38;2;40;44;59m▒[0m[48;2;40;44;59m[38;2;40;44;59m▒[0m[48;2;40;44;59m[38;2;40;44;59m▒[0m[48;2;40;44;59m[38;2;40;44;59m▒[0m[48;2;40;44;59m[38;2;40;44;59m▒[0m[48;2;40;44;59m[38;2;40;44;59m▒[0m[48;2;40;44;59m[38;2;40;44;59m▒[0m[48;2;40;44;59m[38;2;40;44;59m▒[0m[48;2;40;44;59m[38;2;40;44;59m▒[0m[48;2;40;44;59m[38;2;40;44;59m▒[0m[48;2;40;44;59m[38;2;40;44;59m▒[0m[48;2;40;44;59m[38;2;40;44;59m▒[0m[48;2;40;44;59m[38;2;40;44;59m▒[0m[48;2;40;44;59m[38;2;40;44;59m▒[0m[48;2;41;45;60m[38;2;41;45;60m▒[0m[48;2;31;31;41m[38;2;31;31;41m▓[0m[48;2;105;103;105m[38;2;105;103;105m%[0m                                      
                                    [48;2;131;131;131m[38;2;131;131;131m*[0m[48;2;51;44;53m[38;2;51;44;53m▒[0m[48;2;16;9;23m[38;2;16;9;23m█[0m[48;2;56;42;88m[38;2;56;42;88m▒[0m[48;2;55;39;84m[38;2;55;39;84m▒[0m[48;2;36;26;51m[38;2;36;26;51m▓[0m[48;2;45;43;59m[38;2;45;43;59m▒[0m[48;2;41;43;59m[38;2;41;43;59m▒[0m[48;2;40;44;59m[38;2;40;44;59m▒[0m[48;2;40;44;59m[38;2;40;44;59m▒[0m[48;2;40;44;59m[38;2;40;44;59m▒[0m[48;2;40;44;59m[38;2;40;44;59m▒[0m[48;2;40;44;59m[38;2;40;44;59m▒[0m[48;2;40;44;59m[38;2;40;44;59m▒[0m[48;2;40;44;59m[38;2;40;44;59m▒[0m[48;2;40;44;59m[38;2;40;44;59m▒[0m[48;2;40;44;59m[38;2;40;44;59m▒[0m[48;2;40;44;59m[38;2;40;44;59m▒[0m[48;2;40;44;59m[38;2;40;44;59m▒[0m[48;2;40;44;59m[38;2;40;44;59m▒[0m[48;2;40;44;59m[38;2;40;44;59m▒[0m[48;2;40;44;59m[38;2;40;44;59m▒[0m[48;2;40;44;59m[38;2;40;44;59m▒[0m[48;2;40;44;59m[38;2;40;44;59m▒[0m[48;2;42;41;55m[38;2;42;41;55m▒[0m[48;2;29;26;32m[38;2;29;26;32m▓[0m                                      
                                    [48;2;50;48;50m[38;2;50;48;50m▒[0m[48;2;39;32;41m[38;2;39;32;41m▓[0m[48;2;37;28;50m[38;2;37;28;50m▓[0m[48;2;72;57;106m[38;2;72;57;106m░[0m[48;2;54;39;79m[38;2;54;39;79m▒[0m[48;2;19;11;24m[38;2;19;11;24m█[0m[48;2;64;60;72m[38;2;64;60;72m░[0m[48;2;47;46;62m[38;2;47;46;62m▒[0m[48;2;42;43;59m[38;2;42;43;59m▒[0m[48;2;40;44;59m[38;2;40;44;59m▒[0m[48;2;40;44;59m[38;2;40;44;59m▒[0m[48;2;40;44;59m[38;2;40;44;59m▒[0m[48;2;40;44;59m[38;2;40;44;59m▒[0m[48;2;40;44;59m[38;2;40;44;59m▒[0m[48;2;40;44;59m[38;2;40;44;59m▒[0m[48;2;40;44;59m[38;2;40;44;59m▒[0m[48;2;40;44;59m[38;2;40;44;59m▒[0m[48;2;40;44;59m[38;2;40;44;59m▒[0m[48;2;40;44;59m[38;2;40;44;59m▒[0m[48;2;40;44;59m[38;2;40;44;59m▒[0m[48;2;40;44;59m[38;2;40;44;59m▒[0m[48;2;40;44;59m[38;2;40;44;59m▒[0m[48;2;40;43;60m[38;2;40;43;60m▒[0m[48;2;41;43;59m[38;2;41;43;59m▒[0m[48;2;35;34;48m[38;2;35;34;48m▓[0m[48;2;72;70;75m[38;2;72;70;75m░[0m                                      
                                    [48;2;39;37;39m[38;2;39;37;39m▒[0m[48;2;26;19;25m[38;2;26;19;25m▓[0m[48;2;22;15;23m[38;2;22;15;23m█[0m[48;2;65;57;68m[38;2;65;57;68m░[0m[48;2;69;60;72m[38;2;69;60;72m░[0m[48;2;79;71;80m[38;2;79;71;80m@[0m[48;2;30;24;34m[38;2;30;24;34m▓[0m[48;2;74;69;82m[38;2;74;69;82m░[0m[48;2;54;49;65m[38;2;54;49;65m▒[0m[48;2;41;43;59m[38;2;41;43;59m▒[0m[48;2;40;44;59m[38;2;40;44;59m▒[0m[48;2;40;44;59m[38;2;40;44;59m▒[0m[48;2;40;44;59m[38;2;40;44;59m▒[0m[48;2;40;44;59m[38;2;40;44;59m▒[0m[48;2;40;44;59m[38;2;40;44;59m▒[0m[48;2;40;44;59m[38;2;40;44;59m▒[0m[48;2;40;44;59m[38;2;40;44;59m▒[0m[48;2;40;44;59m[38;2;40;44;59m▒[0m[48;2;40;44;59m[38;2;40;44;59m▒[0m[48;2;40;44;59m[38;2;40;44;59m▒[0m[48;2;40;44;59m[38;2;40;44;59m▒[0m[48;2;40;44;59m[38;2;40;44;59m▒[0m[48;2;42;42;59m[38;2;42;42;59m▒[0m[48;2;33;31;45m[38;2;33;31;45m▓[0m[48;2;16;13;24m[38;2;16;13;24m█[0m[48;2;118;116;120m[38;2;118;116;120m#[0m                                      
                                    [48;2;155;154;155m[38;2;155;154;155m+[0m[48;2;97;92;96m[38;2;97;92;96m%[0m[48;2;52;45;50m[38;2;52;45;50m▒[0m[48;2;150;135;146m[38;2;150;135;146m*[0m[48;2;95;82;93m[38;2;95;82;93m@[0m[48;2;64;55;64m[38;2;64;55;64m░[0m[48;2;129;117;128m[38;2;129;117;128m#[0m[48;2;51;42;53m[38;2;51;42;53m▒[0m[48;2;51;42;55m[38;2;51;42;55m▒[0m[48;2;69;63;77m[38;2;69;63;77m░[0m[48;2;46;46;60m[38;2;46;46;60m▒[0m[48;2;41;43;58m[38;2;41;43;58m▒[0m[48;2;40;44;59m[38;2;40;44;59m▒[0m[48;2;40;44;59m[38;2;40;44;59m▒[0m[48;2;40;44;59m[38;2;40;44;59m▒[0m[48;2;40;44;59m[38;2;40;44;59m▒[0m[48;2;41;43;59m[38;2;41;43;59m▒[0m[48;2;40;44;59m[38;2;40;44;59m▒[0m[48;2;40;44;59m[38;2;40;44;59m▒[0m[48;2;41;43;59m[38;2;41;43;59m▒[0m[48;2;40;42;58m[38;2;40;42;58m▒[0m[48;2;31;33;48m[38;2;31;33;48m▓[0m[48;2;27;24;38m[38;2;27;24;38m▓[0m[48;2;10;6;17m[38;2;10;6;17m█[0m[48;2;95;88;97m[38;2;95;88;97m@[0m[48;2;70;67;71m[38;2;70;67;71m░[0m                                      
                                    [48;2;192;191;191m[38;2;192;191;191m-[0m[48;2;103;99;101m[38;2;103;99;101m%[0m[48;2;170;162;164m[38;2;170;162;164m=[0m[48;2;70;59;66m[38;2;70;59;66m░[0m[48;2;155;140;150m[38;2;155;140;150m*[0m[48;2;54;44;52m[38;2;54;44;52m▒[0m[48;2;118;105;116m[38;2;118;105;116m#[0m[48;2;158;141;154m[38;2;158;141;154m+[0m[48;2;127;111;125m[38;2;127;111;125m#[0m[48;2;79;65;76m[38;2;79;65;76m░[0m[48;2;55;47;57m[38;2;55;47;57m▒[0m[48;2;37;32;42m[38;2;37;32;42m▓[0m[48;2;35;29;41m[38;2;35;29;41m▓[0m[48;2;36;33;46m[38;2;36;33;46m▓[0m[48;2;37;37;51m[38;2;37;37;51m▒[0m[48;2;37;37;52m[38;2;37;37;52m▒[0m[48;2;36;36;50m[38;2;36;36;50m▒[0m[48;2;32;32;46m[38;2;32;32;46m▓[0m[48;2;25;25;38m[38;2;25;25;38m▓[0m[48;2;30;27;36m[38;2;30;27;36m▓[0m[48;2;56;51;60m[38;2;56;51;60m▒[0m[48;2;87;79;88m[38;2;87;79;88m@[0m[48;2;54;46;54m[38;2;54;46;54m▒[0m[48;2;106;95;105m[38;2;106;95;105m%[0m[48;2;157;141;154m[38;2;157;141;154m+[0m[48;2;75;64;74m[38;2;75;64;74m░[0m[48;2;161;158;161m[38;2;161;158;161m+[0m                                     
                                    [48;2;212;212;212m[38;2;212;212;212m:[0m[48;2;42;40;41m[38;2;42;40;41m▒[0m[48;2;139;132;134m[38;2;139;132;134m*[0m[48;2;116;107;108m[38;2;116;107;108m#[0m[48;2;75;64;70m[38;2;75;64;70m░[0m[48;2;149;135;145m[38;2;149;135;145m*[0m[48;2;61;49;58m[38;2;61;49;58m▒[0m[48;2;108;95;106m[38;2;108;95;106m%[0m[48;2;158;142;155m[38;2;158;142;155m+[0m[48;2;160;141;155m[38;2;160;141;155m+[0m[48;2;158;141;154m[38;2;158;141;154m+[0m[48;2;150;131;145m[38;2;150;131;145m*[0m[48;2;123;105;119m[38;2;123;105;119m#[0m[48;2;61;49;61m[38;2;61;49;61m▒[0m[48;2;21;15;23m[38;2;21;15;23m█[0m[48;2;23;18;27m[38;2;23;18;27m▓[0m[48;2;36;31;39m[38;2;36;31;39m▓[0m[48;2;50;45;52m[38;2;50;45;52m▒[0m[48;2;71;66;73m[38;2;71;66;73m░[0m[48;2;94;86;93m[38;2;94;86;93m@[0m[48;2;59;50;59m[38;2;59;50;59m▒[0m[48;2;26;20;27m[38;2;26;20;27m▓[0m[48;2;43;37;44m[38;2;43;37;44m▒[0m[48;2;74;64;72m[38;2;74;64;72m░[0m[48;2;146;131;141m[38;2;146;131;141m*[0m[48;2;152;137;147m[38;2;152;137;147m*[0m[48;2;63;54;61m[38;2;63;54;61m░[0m[48;2;79;76;79m[38;2;79;76;79m@[0m[48;2;138;136;138m[38;2;138;136;138m*[0m[48;2;210;209;210m[38;2;210;209;210m:[0m                                  
                                    [48;2;120;120;120m[38;2;120;120;120m#[0m[48;2;112;109;110m[38;2;112;109;110m#[0m[48;2;96;92;95m[38;2;96;92;95m%[0m[48;2;16;13;14m[38;2;16;13;14m█[0m[48;2;24;19;23m[38;2;24;19;23m▓[0m[48;2;44;38;43m[38;2;44;38;43m▒[0m[48;2;79;70;77m[38;2;79;70;77m@[0m[48;2;66;56;64m[38;2;66;56;64m░[0m[48;2;71;60;68m[38;2;71;60;68m░[0m[48;2;144;129;140m[38;2;144;129;140m*[0m[48;2;161;141;156m[38;2;161;141;156m+[0m[48;2;161;140;155m[38;2;161;140;155m+[0m[48;2;161;140;155m[38;2;161;140;155m+[0m[48;2;161;140;155m[38;2;161;140;155m+[0m[48;2;160;140;154m[38;2;160;140;154m+[0m[48;2;153;135;148m[38;2;153;135;148m*[0m[48;2;146;126;141m[38;2;146;126;141m*[0m[48;2;142;124;138m[38;2;142;124;138m*[0m[48;2;121;108;120m[38;2;121;108;120m#[0m[48;2;15;6;15m[38;2;15;6;15m█[0m[48;2;6;2;8m[38;2;6;2;8m█[0m[48;2;16;14;20m[38;2;16;14;20m█[0m[48;2;33;31;39m[38;2;33;31;39m▓[0m[48;2;22;17;24m[38;2;22;17;24m▓[0m[48;2;122;110;120m[38;2;122;110;120m#[0m[48;2;158;142;153m[38;2;158;142;153m+[0m[48;2;158;140;152m[38;2;158;140;152m+[0m[48;2;86;75;83m[38;2;86;75;83m@[0m[48;2;51;43;50m[38;2;51;43;50m▒[0m[48;2;83;73;82m[38;2;83;73;82m@[0m[48;2;78;72;77m[38;2;78;72;77m@[0m[48;2;146;144;146m[38;2;146;144;146m*[0m                                
                                    [48;2;172;172;172m[38;2;172;172;172m=[0m[48;2;46;43;44m[38;2;46;43;44m▒[0m[48;2;102;98;100m[38;2;102;98;100m%[0m[48;2;94;90;92m[38;2;94;90;92m@[0m[48;2;79;76;78m[38;2;79;76;78m@[0m[48;2;199;195;196m[38;2;199;195;196m-[0m[48;2;14;9;11m[38;2;14;9;11m█[0m[48;2;71;66;70m[38;2;71;66;70m░[0m[48;2;59;52;58m[38;2;59;52;58m▒[0m[48;2;41;33;40m[38;2;41;33;40m▓[0m[48;2;77;66;75m[38;2;77;66;75m░[0m[48;2;158;138;152m[38;2;158;138;152m*[0m[48;2;161;140;155m[38;2;161;140;155m+[0m[48;2;161;140;155m[38;2;161;140;155m+[0m[48;2;161;140;155m[38;2;161;140;155m+[0m[48;2;161;140;155m[38;2;161;140;155m+[0m[48;2;161;140;155m[38;2;161;140;155m+[0m[48;2;161;140;155m[38;2;161;140;155m+[0m[48;2;87;72;84m[38;2;87;72;84m@[0m[48;2;22;14;23m[38;2;22;14;23m█[0m[48;2;14;8;17m[38;2;14;8;17m█[0m[48;2;4;2;9m[38;2;4;2;9m█[0m[48;2;3;1;8m[38;2;3;1;8m█[0m[48;2;15;12;18m[38;2;15;12;18m█[0m[48;2;37;31;37m[38;2;37;31;37m▓[0m[48;2;156;139;152m[38;2;156;139;152m*[0m[48;2;161;140;155m[38;2;161;140;155m+[0m[48;2;161;141;155m[38;2;161;141;155m+[0m[48;2;137;119;133m[38;2;137;119;133m#[0m[48;2;123;108;120m[38;2;123;108;120m#[0m[48;2;158;141;153m[38;2;158;141;153m+[0m[48;2;116;105;114m[38;2;116;105;114m%[0m[48;2;66;62;66m[38;2;66;62;66m░[0m[48;2;215;214;215m[38;2;215;214;215m:[0m                              
                                    [48;2;168;168;168m[38;2;168;168;168m=[0m[48;2;105;103;105m[38;2;105;103;105m%[0m[48;2;200;198;200m[38;2;200;198;200m-[0m[48;2;184;182;184m[38;2;184;182;184m=[0m[48;2;51;49;51m[38;2;51;49;51m▒[0m [48;2;52;51;51m[38;2;52;51;51m▒[0m[48;2;129;121;127m[38;2;129;121;127m#[0m[48;2;155;138;148m[38;2;155;138;148m*[0m[48;2;158;139;151m[38;2;158;139;151m*[0m[48;2;159;139;152m[38;2;159;139;152m+[0m[48;2;160;140;155m[38;2;160;140;155m+[0m[48;2;161;140;155m[38;2;161;140;155m+[0m[48;2;161;140;155m[38;2;161;140;155m+[0m[48;2;161;140;155m[38;2;161;140;155m+[0m[48;2;161;140;155m[38;2;161;140;155m+[0m[48;2;161;140;155m[38;2;161;140;155m+[0m[48;2;161;140;155m[38;2;161;140;155m+[0m[48;2;154;134;149m[38;2;154;134;149m*[0m[48;2;131;117;129m[38;2;131;117;129m#[0m[48;2;123;111;122m[38;2;123;111;122m#[0m[48;2;26;19;28m[38;2;26;19;28m▓[0m[48;2;18;12;20m[38;2;18;12;20m█[0m[48;2;39;34;40m[38;2;39;34;40m▓[0m[48;2;52;45;52m[38;2;52;45;52m▒[0m[48;2;108;94;105m[38;2;108;94;105m%[0m[48;2;156;137;151m[38;2;156;137;151m*[0m[48;2;161;140;155m[38;2;161;140;155m+[0m[48;2;161;140;155m[38;2;161;140;155m+[0m[48;2;161;140;155m[38;2;161;140;155m+[0m[48;2;161;140;155m[38;2;161;140;155m+[0m[48;2;160;140;154m[38;2;160;140;154m+[0m[48;2;139;123;135m[38;2;139;123;135m*[0m[48;2;61;55;61m[38;2;61;55;61m░[0m                              
                                    [48;2;215;215;215m[38;2;215;215;215m:[0m[48;2;64;62;65m[38;2;64;62;65m░[0m[48;2;202;200;204m[38;2;202;200;204m-[0m[48;2;179;178;181m[38;2;179;178;181m=[0m[48;2;68;67;69m[38;2;68;67;69m░[0m [48;2;94;93;95m[38;2;94;93;95m%[0m[48;2;34;28;33m[38;2;34;28;33m▓[0m[48;2;146;128;139m[38;2;146;128;139m*[0m[48;2;160;139;154m[38;2;160;139;154m+[0m[48;2;161;140;155m[38;2;161;140;155m+[0m[48;2;161;140;155m[38;2;161;140;155m+[0m[48;2;161;140;155m[38;2;161;140;155m+[0m[48;2;161;140;155m[38;2;161;140;155m+[0m[48;2;161;140;155m[38;2;161;140;155m+[0m[48;2;161;140;155m[38;2;161;140;155m+[0m[48;2;161;140;155m[38;2;161;140;155m+[0m[48;2;161;140;155m[38;2;161;140;155m+[0m[48;2;160;141;155m[38;2;160;141;155m+[0m[48;2;161;140;155m[38;2;161;140;155m+[0m[48;2;161;140;155m[38;2;161;140;155m+[0m[48;2;156;136;151m[38;2;156;136;151m*[0m[48;2;156;136;150m[38;2;156;136;150m*[0m[48;2;98;81;93m[38;2;98;81;93m@[0m[48;2;63;51;61m[38;2;63;51;61m░[0m[48;2;9;2;8m[38;2;9;2;8m█[0m[48;2;20;12;18m[38;2;20;12;18m█[0m[48;2;72;57;68m[38;2;72;57;68m░[0m[48;2;154;136;149m[38;2;154;136;149m*[0m[48;2;161;140;155m[38;2;161;140;155m+[0m[48;2;161;140;155m[38;2;161;140;155m+[0m[48;2;161;140;155m[38;2;161;140;155m+[0m[48;2;161;140;155m[38;2;161;140;155m+[0m[48;2;76;63;73m[38;2;76;63;73m░[0m[48;2;180;177;181m[38;2;180;177;181m=[0m                             
                                     [48;2;63;60;64m[38;2;63;60;64m░[0m[48;2;177;175;179m[38;2;177;175;179m=[0m[48;2;81;79;83m[38;2;81;79;83m@[0m[48;2;177;176;179m[38;2;177;176;179m=[0m [48;2;110;109;112m[38;2;110;109;112m%[0m[48;2;10;7;11m[38;2;10;7;11m█[0m[48;2;33;25;34m[38;2;33;25;34m▓[0m[48;2;132;117;129m[38;2;132;117;129m#[0m[48;2;160;140;155m[38;2;160;140;155m+[0m[48;2;161;140;155m[38;2;161;140;155m+[0m[48;2;161;140;155m[38;2;161;140;155m+[0m[48;2;161;140;155m[38;2;161;140;155m+[0m[48;2;161;140;155m[38;2;161;140;155m+[0m[48;2;161;140;155m[38;2;161;140;155m+[0m[48;2;161;140;155m[38;2;161;140;155m+[0m[48;2;161;140;155m[38;2;161;140;155m+[0m[48;2;161;140;155m[38;2;161;140;155m+[0m[48;2;161;140;155m[38;2;161;140;155m+[0m[48;2;161;140;155m[38;2;161;140;155m+[0m[48;2;161;140;155m[38;2;161;140;155m+[0m[48;2;161;140;155m[38;2;161;140;155m+[0m[48;2;161;140;155m[38;2;161;140;155m+[0m[48;2;159;138;153m[38;2;159;138;153m*[0m[48;2;137;119;132m[38;2;137;119;132m#[0m[48;2;97;83;94m[38;2;97;83;94m@[0m[48;2;69;56;67m[38;2;69;56;67m░[0m[48;2;85;71;82m[38;2;85;71;82m@[0m[48;2;140;120;134m[38;2;140;120;134m#[0m[48;2;160;139;154m[38;2;160;139;154m+[0m[48;2;160;140;155m[38;2;160;140;155m+[0m[48;2;160;140;155m[38;2;160;140;155m+[0m[48;2;79;66;75m[38;2;79;66;75m░[0m[48;2;162;159;162m[38;2;162;159;162m+[0m                             
                                     [48;2;213;213;213m[38;2;213;213;213m:[0m[48;2;75;73;75m[38;2;75;73;75m@[0m[48;2;60;58;61m[38;2;60;58;61m░[0m[48;2;120;119;122m[38;2;120;119;122m#[0m[48;2;97;96;99m[38;2;97;96;99m%[0m[48;2;21;20;24m[38;2;21;20;24m▓[0m[48;2;26;22;32m[38;2;26;22;32m▓[0m[48;2;32;27;45m[38;2;32;27;45m▓[0m[48;2;22;14;29m[38;2;22;14;29m█[0m[48;2;79;68;81m[38;2;79;68;81m░[0m[48;2;150;133;148m[38;2;150;133;148m*[0m[48;2;161;140;155m[38;2;161;140;155m+[0m[48;2;161;140;155m[38;2;161;140;155m+[0m[48;2;161;140;155m[38;2;161;140;155m+[0m[48;2;161;140;155m[38;2;161;140;155m+[0m[48;2;161;140;155m[38;2;161;140;155m+[0m[48;2;161;140;155m[38;2;161;140;155m+[0m[48;2;161;140;155m[38;2;161;140;155m+[0m[48;2;161;140;155m[38;2;161;140;155m+[0m[48;2;161;140;155m[38;2;161;140;155m+[0m[48;2;161;140;155m[38;2;161;140;155m+[0m[48;2;161;140;155m[38;2;161;140;155m+[0m[48;2;161;140;155m[38;2;161;140;155m+[0m[48;2;161;140;155m[38;2;161;140;155m+[0m[48;2;161;140;155m[38;2;161;140;155m+[0m[48;2;161;140;155m[38;2;161;140;155m+[0m[48;2;161;140;155m[38;2;161;140;155m+[0m[48;2;135;118;130m[38;2;135;118;130m#[0m[48;2;96;79;92m[38;2;96;79;92m@[0m[48;2;81;65;78m[38;2;81;65;78m░[0m[48;2;80;65;77m[38;2;80;65;77m░[0m[48;2;80;65;77m[38;2;80;65;77m░[0m[48;2;59;47;58m[38;2;59;47;58m▒[0m[48;2;74;68;74m[38;2;74;68;74m░[0m                             
                                         [48;2;182;181;182m[38;2;182;181;182m=[0m[48;2;15;14;21m[38;2;15;14;21m█[0m[48;2;34;31;46m[38;2;34;31;46m▓[0m[48;2;37;31;51m[38;2;37;31;51m▓[0m[48;2;37;32;49m[38;2;37;32;49m▓[0m[48;2;30;25;42m[38;2;30;25;42m▓[0m[48;2;25;18;31m[38;2;25;18;31m▓[0m[48;2;76;64;77m[38;2;76;64;77m░[0m[48;2;132;116;130m[38;2;132;116;130m#[0m[48;2;160;140;155m[38;2;160;140;155m+[0m[48;2;161;140;155m[38;2;161;140;155m+[0m[48;2;161;140;155m[38;2;161;140;155m+[0m[48;2;161;140;155m[38;2;161;140;155m+[0m[48;2;161;140;155m[38;2;161;140;155m+[0m[48;2;161;140;155m[38;2;161;140;155m+[0m[48;2;161;140;155m[38;2;161;140;155m+[0m[48;2;161;140;155m[38;2;161;140;155m+[0m[48;2;161;140;155m[38;2;161;140;155m+[0m[48;2;161;140;155m[38;2;161;140;155m+[0m[48;2;161;140;155m[38;2;161;140;155m+[0m[48;2;161;140;155m[38;2;161;140;155m+[0m[48;2;161;140;155m[38;2;161;140;155m+[0m[48;2;161;140;155m[38;2;161;140;155m+[0m[48;2;161;140;155m[38;2;161;140;155m+[0m[48;2;161;140;155m[38;2;161;140;155m+[0m[48;2;161;140;155m[38;2;161;140;155m+[0m[48;2;161;140;155m[38;2;161;140;155m+[0m[48;2;160;141;155m[38;2;160;141;155m+[0m[48;2;116;101;113m[38;2;116;101;113m%[0m[48;2;113;105;112m[38;2;113;105;112m%[0m                             
                                         [48;2;193;193;194m[38;2;193;193;194m-[0m[48;2;7;5;13m[38;2;7;5;13m█[0m[48;2;14;11;24m[38;2;14;11;24m█[0m[48;2;23;19;32m[38;2;23;19;32m▓[0m[48;2;30;25;41m[38;2;30;25;41m▓[0m[48;2;34;29;46m[38;2;34;29;46m▓[0m[48;2;32;27;43m[38;2;32;27;43m▓[0m[48;2;12;6;31m[38;2;12;6;31m█[0m[48;2;49;34;110m[38;2;49;34;110m▒[0m[48;2;47;36;77m[38;2;47;36;77m▒[0m[48;2;76;65;80m[38;2;76;65;80m░[0m[48;2;113;99;113m[38;2;113;99;113m%[0m[48;2;146;128;142m[38;2;146;128;142m*[0m[48;2;160;141;155m[38;2;160;141;155m+[0m[48;2;161;140;155m[38;2;161;140;155m+[0m[48;2;161;140;155m[38;2;161;140;155m+[0m[48;2;161;140;155m[38;2;161;140;155m+[0m[48;2;161;140;155m[38;2;161;140;155m+[0m[48;2;161;140;155m[38;2;161;140;155m+[0m[48;2;161;140;155m[38;2;161;140;155m+[0m[48;2;161;140;155m[38;2;161;140;155m+[0m[48;2;161;140;155m[38;2;161;140;155m+[0m[48;2;161;140;155m[38;2;161;140;155m+[0m[48;2;161;140;155m[38;2;161;140;155m+[0m[48;2;161;140;155m[38;2;161;140;155m+[0m[48;2;160;140;155m[38;2;160;140;155m+[0m[48;2;135;118;131m[38;2;135;118;131m#[0m[48;2;83;70;81m[38;2;83;70;81m@[0m[48;2;100;93;100m[38;2;100;93;100m%[0m[48;2;240;238;241m[38;2;240;238;241m [0m                             
                                         [48;2;229;228;230m[38;2;229;228;230m.[0m[48;2;13;11;19m[38;2;13;11;19m█[0m[48;2;36;31;49m[38;2;36;31;49m▓[0m[48;2;32;27;44m[38;2;32;27;44m▓[0m[48;2;24;20;37m[38;2;24;20;37m▓[0m[48;2;21;17;33m[38;2;21;17;33m▓[0m[48;2;20;16;32m[38;2;20;16;32m▓[0m[48;2;10;7;20m[38;2;10;7;20m█[0m[48;2;62;47;137m[38;2;62;47;137m░[0m[48;2;79;63;160m[38;2;79;63;160m@[0m[48;2;74;60;144m[38;2;74;60;144m@[0m[48;2;64;52;123m[38;2;64;52;123m░[0m[48;2;12;4;44m[38;2;12;4;44m█[0m[48;2;26;20;30m[38;2;26;20;30m▓[0m[48;2;58;48;84m[38;2;58;48;84m░[0m[48;2;74;63;82m[38;2;74;63;82m░[0m[48;2;89;76;92m[38;2;89;76;92m@[0m[48;2;105;90;105m[38;2;105;90;105m%[0m[48;2;114;99;112m[38;2;114;99;112m%[0m[48;2;118;103;113m[38;2;118;103;113m%[0m[48;2;120;105;116m[38;2;120;105;116m#[0m[48;2;118;103;115m[38;2;118;103;115m%[0m[48;2;105;92;103m[38;2;105;92;103m%[0m[48;2;85;75;84m[38;2;85;75;84m@[0m[48;2;59;51;58m[38;2;59;51;58m▒[0m[48;2;89;82;89m[38;2;89;82;89m@[0m[48;2;125;121;125m[38;2;125;121;125m#[0m[48;2;204;201;204m[38;2;204;201;204m:[0m                               
                                          [48;2;59;57;62m[38;2;59;57;62m░[0m[48;2;34;29;45m[38;2;34;29;45m▓[0m[48;2;37;31;51m[38;2;37;31;51m▓[0m[48;2;37;31;52m[38;2;37;31;52m▓[0m[48;2;37;31;52m[38;2;37;31;52m▓[0m[48;2;37;31;52m[38;2;37;31;52m▓[0m[48;2;28;23;39m[38;2;28;23;39m▓[0m[48;2;25;16;60m[38;2;25;16;60m▓[0m[48;2;85;72;147m[38;2;85;72;147m@[0m[48;2;83;69;155m[38;2;83;69;155m@[0m[48;2;82;65;162m[38;2;82;65;162m@[0m[48;2;38;22;117m[38;2;38;22;117m▒[0m[48;2;35;32;40m[38;2;35;32;40m▓[0m[48;2;32;23;70m[38;2;32;23;70m▓[0m[48;2;80;64;157m[38;2;80;64;157m@[0m[48;2;63;44;154m[38;2;63;44;154m░[0m[48;2;69;54;142m[38;2;69;54;142m░[0m[48;2;60;47;116m[38;2;60;47;116m░[0m[48;2;22;15;46m[38;2;22;15;46m▓[0m[48;2;14;11;15m[38;2;14;11;15m█[0m[48;2;43;40;46m[38;2;43;40;46m▒[0m[48;2;31;27;39m[38;2;31;27;39m▓[0m[48;2;33;29;45m[38;2;33;29;45m▓[0m[48;2;30;25;43m[38;2;30;25;43m▓[0m[48;2;30;26;39m[38;2;30;26;39m▓[0m[48;2;98;95;103m[38;2;98;95;103m%[0m[48;2;196;196;197m[38;2;196;196;197m-[0m                               
                                          [48;2;154;152;156m[38;2;154;152;156m+[0m[48;2;22;19;32m[38;2;22;19;32m▓[0m[48;2;37;31;52m[38;2;37;31;52m▓[0m[48;2;37;31;52m[38;2;37;31;52m▓[0m[48;2;37;31;52m[38;2;37;31;52m▓[0m[48;2;37;31;52m[38;2;37;31;52m▓[0m[48;2;37;31;51m[38;2;37;31;51m▓[0m[48;2;27;22;40m[38;2;27;22;40m▓[0m[48;2;24;19;37m[38;2;24;19;37m▓[0m[48;2;39;33;56m[38;2;39;33;56m▒[0m[48;2;42;33;81m[38;2;42;33;81m▒[0m[48;2;53;43;98m[38;2;53;43;98m▒[0m[48;2;20;14;40m[38;2;20;14;40m▓[0m[48;2;141;138;143m[38;2;141;138;143m*[0m[48;2;24;20;42m[38;2;24;20;42m▓[0m[48;2;53;48;73m[38;2;53;48;73m▒[0m[48;2;73;68;91m[38;2;73;68;91m░[0m[48;2;125;123;129m[38;2;125;123;129m#[0m[48;2;195;194;196m[38;2;195;194;196m-[0m[48;2;104;102;106m[38;2;104;102;106m%[0m[48;2;36;33;39m[38;2;36;33;39m▓[0m[48;2;67;63;75m[38;2;67;63;75m░[0m[48;2;46;41;56m[38;2;46;41;56m▒[0m[48;2;37;31;51m[38;2;37;31;51m▓[0m[48;2;37;31;52m[38;2;37;31;52m▓[0m[48;2;35;29;49m[38;2;35;29;49m▓[0m[48;2;24;19;34m[38;2;24;19;34m▓[0m[48;2;64;61;68m[38;2;64;61;68m░[0m[48;2;191;190;193m[38;2;191;190;193m-[0m                             
                                           [48;2;48;45;54m[38;2;48;45;54m▒[0m[48;2;33;27;47m[38;2;33;27;47m▓[0m[48;2;37;31;52m[38;2;37;31;52m▓[0m[48;2;37;31;52m[38;2;37;31;52m▓[0m[48;2;37;31;52m[38;2;37;31;52m▓[0m[48;2;37;31;52m[38;2;37;31;52m▓[0m[48;2;37;31;52m[38;2;37;31;52m▓[0m[48;2;37;31;52m[38;2;37;31;52m▓[0m[48;2;74;69;83m[38;2;74;69;83m░[0m[48;2;13;10;14m[38;2;13;10;14m█[0m[48;2;77;75;78m[38;2;77;75;78m@[0m[48;2;167;165;167m[38;2;167;165;167m=[0m[48;2;222;219;223m[38;2;222;219;223m.[0m[48;2;48;46;49m[38;2;48;46;49m▒[0m[48;2;97;94;97m[38;2;97;94;97m%[0m[48;2;120;118;120m[38;2;120;118;120m#[0m[48;2;212;210;212m[38;2;212;210;212m:[0m [48;2;199;197;199m[38;2;199;197;199m-[0m[48;2;65;63;67m[38;2;65;63;67m░[0m[48;2;80;78;84m[38;2;80;78;84m@[0m[48;2;43;40;48m[38;2;43;40;48m▒[0m[48;2;62;58;69m[38;2;62;58;69m░[0m[48;2;47;42;58m[38;2;47;42;58m▒[0m[48;2;37;32;51m[38;2;37;32;51m▓[0m[48;2;37;31;52m[38;2;37;31;52m▓[0m[48;2;36;30;50m[38;2;36;30;50m▓[0m[48;2;21;17;31m[38;2;21;17;31m▓[0m[48;2;124;123;126m[38;2;124;123;126m#[0m                            