                                                                                                    
                                                                                                    
                                                                                                    
                                                                                                    
                                                                                                    
                                                                                                    
                                                                                                    
                                                                                                    
                                                                                                    
                                                                                                    
                                                                                                    
                                               [48;2;234;234;234m[38;2;234;234;234m.[0m[48;2;212;212;212m[38;2;212;212;212m:[0m[48;2;198;198;198m[38;2;198;198;198m-[0m[48;2;195;194;195m[38;2;195;194;195m-[0m[48;2;202;202;202m[38;2;202;202;202m:[0m[48;2;212;212;212m[38;2;212;212;212m:[0m[48;2;237;236;237m[38;2;237;236;237m.[0m                                              
                                           [48;2;226;225;226m[38;2;226;225;226m.[0m[48;2;134;133;135m[38;2;134;133;135m*[0m[48;2;78;77;81m[38;2;78;77;81m@[0m[48;2;38;36;43m[38;2;38;36;43m▒[0m[48;2;25;24;33m[38;2;25;24;33m▓[0m[48;2;29;27;38m[38;2;29;27;38m▓[0m[48;2;31;29;41m[38;2;31;29;41m▓[0m[48;2;32;30;43m[38;2;32;30;43m▓[0m[48;2;30;28;40m[38;2;30;28;40m▓[0m[48;2;29;27;39m[38;2;29;27;39m▓[0m[48;2;25;24;34m[38;2;25;24;34m▓[0m[48;2;37;36;45m[38;2;37;36;45m▒[0m[48;2;73;72;81m[38;2;73;72;81m@[0m[48;2;123;122;127m[38;2;123;122;127m#[0m[48;2;206;205;207m[38;2;206;205;207m:[0m                                          
                                          [48;2;160;159;161m[38;2;160;159;161m+[0m[48;2;29;27;35m[38;2;29;27;35m▓[0m[48;2;38;36;50m[38;2;38;36;50m▒[0m[48;2;44;42;59m[38;2;44;42;59m▒[0m[48;2;42;43;59m[38;2;42;43;59m▒[0m[48;2;41;43;59m[38;2;41;43;59m▒[0m[48;2;41;43;59m[38;2;41;43;59m▒[0m[48;2;41;43;59m[38;2;41;43;59m▒[0m[48;2;41;43;59m[38;2;41;43;59m▒[0m[48;2;41;43;59m[38;2;41;43;59m▒[0m[48;2;41;43;59m[38;2;41;43;59m▒[0m[48;2;41;43;59m[38;2;41;43;59m▒[0m[48;2;41;43;59m[38;2;41;43;59m▒[0m[48;2;42;42;60m[38;2;42;42;60m▒[0m[48;2;45;44;58m[38;2;45;44;58m▒[0m[48;2;42;40;49m[38;2;42;40;49m▒[0m[48;2;76;75;82m[38;2;76;75;82m@[0m[48;2;137;136;140m[38;2;137;136;140m*[0m[48;2;212;211;212m[38;2;212;211;212m:[0m                                       
                                         [48;2;128;128;129m[38;2;128;128;129m*[0m[48;2;24;23;32m[38;2;24;23;32m▓[0m[48;2;43;42;58m[38;2;43;42;58m▒[0m[48;2;40;44;59m[38;2;40;44;59m▒[0m[48;2;40;44;59m[38;2;40;44;59m▒[0m[48;2;40;44;59m[38;2;40;44;59m▒[0m[48;2;40;44;59m[38;2;40;44;59m▒[0m[48;2;40;44;59m[38;2;40;44;59m▒[0m[48;2;40;44;59m[38;2;40;44;59m▒[0m[48;2;40;44;59m[38;2;40;44;59m▒[0m[48;2;40;44;59m[38;2;40;44;59m▒[0m[48;2;40;44;59m[38;2;40;44;59m▒[0m[48;2;40;44;59m[38;2;40;44;59m▒[0m[48;2;40;44;59m[38;2;40;44;59m▒[0m[48;2;43;47;62m[38;2;43;47;62m▒[0m[48;2;77;75;89m[38;2;77;75;89m@[0m[48;2;48;44;55m[38;2;48;44;55m▒[0m[48;2;17;13;24m[38;2;17;13;24m█[0m[48;2;130;122;131m[38;2;130;122;131m#[0m[48;2;78;71;79m[38;2;78;71;79m@[0m[48;2;94;91;96m[38;2;94;91;96m%[0m[48;2;240;240;240m[38;2;240;240;240m [0m                                     
                                        [48;2;152;152;153m[38;2;152;152;153m+[0m[48;2;22;21;28m[38;2;22;21;28m▓[0m[48;2;45;43;58m[38;2;45;43;58m▒[0m[48;2;42;43;59m[38;2;42;43;59m▒[0m[48;2;40;44;59m[38;2;40;44;59m▒[0m[48;2;40;44;59m[38;2;40;44;59m▒[0m[48;2;40;44;59m[38;2;40;44;59m▒[0m[48;2;40;44;59m[38;2;40;44;59m▒[0m[48;2;40;44;59m[38;2;40;44;59m▒[0m[48;2;40;44;59m[38;2;40;44;59m▒[0m[48;2;40;44;59m[38;2;40;44;59m▒[0m[48;2;40;44;59m[38;2;40;44;59m▒[0m[48;2;40;44;59m[38;2;40;44;59m▒[0m[48;2;40;44;59m[38;2;40;44;59m▒[0m[48;2;43;47;62m[38;2;43;47;62m▒[0m[48;2;53;56;71m[38;2;53;56;71m░[0m[48;2;45;43;59m[38;2;45;43;59m▒[0m[48;2;25;20;33m[38;2;25;20;33m▓[0m[48;2;94;82;95m[38;2;94;82;95m@[0m[48;2;157;141;154m[38;2;157;141;154m+[0m[48;2;158;139;152m[38;2;158;139;152m*[0m[48;2;127;111;123m[38;2;127;111;123m#[0m[48;2;68;63;68m[38;2;68;63;68m░[0m[48;2;230;230;231m[38;2;230;230;231m.[0m                                    
                                       [48;2;216;216;216m[38;2;216;216;216m:[0m[48;2;25;23;27m[38;2;25;23;27m▓[0m[48;2;43;42;55m[38;2;43;42;55m▒[0m[48;2;42;43;59m[38;2;42;43;59m▒[0m[48;2;40;44;59m[38;2;40;44;59m▒[0m[48;2;40;44;59m[38;2;40;44;59m▒[0m[48;2;40;44;59m[38;2;40;44;59m▒[0m[48;2;40;44;59m[38;2;40;44;59m▒[0m[48;2;40;44;59m[38;2;40;44;59m▒[0m[48;2;40;44;59m[38;2;40;44;59m▒[0m[48;2;40;44;59m[38;2;40;44;59m▒[0m[48;2;40;44;59m[38;2;40;44;59m▒[0m[48;2;40;44;59m[38;2;40;44;59m▒[0m[48;2;40;44;59m[38;2;40;44;59m▒[0m[48;2;48;52;64m[38;2;48;52;64m▒[0m[48;2;71;75;86m[38;2;71;75;86m@[0m[48;2;41;44;57m[38;2;41;44;57m▒[0m[48;2;25;22;37m[38;2;25;22;37m▓[0m[48;2;102;92;106m[38;2;102;92;106m%[0m[48;2;159;140;155m[38;2;159;140;155m+[0m[48;2;161;140;155m[38;2;161;140;155m+[0m[48;2;161;140;155m[38;2;161;140;155m+[0m[48;2;158;139;153m[38;2;158;139;153m*[0m[48;2;115;101;112m[38;2;115;101;112m%[0m[48;2;71;66;71m[38;2;71;66;71m░[0m                                    
                                      [48;2;201;201;202m[38;2;201;201;202m-[0m[48;2;25;24;27m[38;2;25;24;27m▓[0m[48;2;29;27;35m[38;2;29;27;35m▓[0m[48;2;42;43;58m[38;2;42;43;58m▒[0m[48;2;40;44;59m[38;2;40;44;59m▒[0m[48;2;40;44;59m[38;2;40;44;59m▒[0m[48;2;40;44;59m[38;2;40;44;59m▒[0m[48;2;40;44;59m[38;2;40;44;59m▒[0m[48;2;40;44;59m[38;2;40;44;59m▒[0m[48;2;40;44;59m[38;2;40;44;59m▒[0m[48;2;40;44;59m[38;2;40;44;59m▒[0m[48;2;40;44;59m[38;2;40;44;59m▒[0m[48;2;40;44;59m[38;2;40;44;59m▒[0m[48;2;41;45;59m[38;2;41;45;59m▒[0m[48;2;66;67;81m[38;2;66;67;81m░[0m[48;2;66;65;77m[38;2;66;65;77m░[0m[48;2;30;29;39m[38;2;30;29;39m▓[0m[48;2;49;43;53m[38;2;49;43;53m▒[0m[48;2;135;122;135m[38;2;135;122;135m#[0m[48;2;160;141;155m[38;2;160;141;155m+[0m[48;2;161;140;155m[38;2;161;140;155m+[0m[48;2;161;140;155m[38;2;161;140;155m+[0m[48;2;161;140;155m[38;2;161;140;155m+[0m[48;2;143;124;138m[38;2;143;124;138m*[0m[48;2;53;40;50m[38;2;53;40;50m▒[0m[48;2;80;70;78m[38;2;80;70;78m@[0m[48;2;161;158;161m[38;2;161;158;161m+[0m                                   
                                     [48;2;214;214;214m[38;2;214;214;214m:[0m[48;2;51;48;53m[38;2;51;48;53m▒[0m[48;2;52;44;53m[38;2;52;44;53m▒[0m[48;2;37;34;46m[38;2;37;34;46m▓[0m[48;2;41;43;59m[38;2;41;43;59m▒[0m[48;2;40;44;59m[38;2;40;44;59m▒[0m[48;2;40;44;59m[38;2;40;44;59m▒[0m[48;2;40;44;59m[38;2;40;44;59m▒[0m[48;2;40;44;59m[38;2;40;44;59m▒[0m[48;2;40;44;59m[38;2;40;44;59m▒[0m[48;2;40;44;59m[38;2;40;44;59m▒[0m[48;2;40;44;59m[38;2;40;44;59m▒[0m[48;2;51;53;69m[38;2;51;53;69m▒[0m[48;2;65;65;81m[38;2;65;65;81m░[0m[48;2;67;66;81m[38;2;67;66;81m░[0m[48;2;37;35;46m[38;2;37;35;46m▒[0m[48;2;37;31;41m[38;2;37;31;41m▓[0m[48;2;103;91;103m[38;2;103;91;103m%[0m[48;2;156;140;153m[38;2;156;140;153m*[0m[48;2;160;141;155m[38;2;160;141;155m+[0m[48;2;161;140;155m[38;2;161;140;155m+[0m[48;2;161;140;155m[38;2;161;140;155m+[0m[48;2;161;140;155m[38;2;161;140;155m+[0m[48;2;161;140;155m[38;2;161;140;155m+[0m[48;2;130;111;126m[38;2;130;111;126m#[0m[48;2;17;6;15m[38;2;17;6;15m█[0m[48;2;93;83;90m[38;2;93;83;90m@[0m[48;2;105;101;105m[38;2;105;101;105m%[0m                                   
                                     [48;2;59;57;60m[38;2;59;57;60m░[0m[48;2;82;71;81m[38;2;82;71;81m@[0m[48;2;53;42;53m[38;2;53;42;53m▒[0m[48;2;34;31;44m[38;2;34;31;44m▓[0m[48;2;41;44;59m[38;2;41;44;59m▒[0m[48;2;40;44;59m[38;2;40;44;59m▒[0m[48;2;40;44;59m[38;2;40;44;59m▒[0m[48;2;40;44;59m[38;2;40;44;59m▒[0m[48;2;40;44;59m[38;2;40;44;59m▒[0m[48;2;40;44;59m[38;2;40;44;59m▒[0m[48;2;49;51;66m[38;2;49;51;66m▒[0m[48;2;70;70;84m[38;2;70;70;84m░[0m[48;2;45;44;59m[38;2;45;44;59m▒[0m[48;2;33;29;42m[38;2;33;29;42m▓[0m[48;2;37;30;42m[38;2;37;30;42m▓[0m[48;2;97;86;99m[38;2;97;86;99m@[0m[48;2;154;138;151m[38;2;154;138;151m*[0m[48;2;160;140;155m[38;2;160;140;155m+[0m[48;2;161;140;155m[38;2;161;140;155m+[0m[48;2;161;140;155m[38;2;161;140;155m+[0m[48;2;161;140;155m[38;2;161;140;155m+[0m[48;2;161;140;155m[38;2;161;140;155m+[0m[48;2;161;140;155m[38;2;161;140;155m+[0m[48;2;161;140;155m[38;2;161;140;155m+[0m[48;2;87;71;83m[38;2;87;71;83m@[0m[48;2;16;7;15m[38;2;16;7;15m█[0m[48;2;19;14;19m[38;2;19;14;19m█[0m[48;2;150;147;151m[38;2;150;147;151m+[0m                                   
                                    [48;2;160;160;160m[38;2;160;160;160m+[0m[48;2;84;76;83m[38;2;84;76;83m@[0m[48;2;76;65;74m[38;2;76;65;74m░[0m[48;2;92;83;93m[38;2;92;83;93m@[0m[48;2;27;21;32m[38;2;27;21;32m▓[0m[48;2;59;57;70m[38;2;59;57;70m░[0m[48;2;46;47;62m[38;2;46;47;62m▒[0m[48;2;48;48;63m[38;2;48;48;63m▒[0m[48;2;59;58;73m[38;2;59;58;73m░[0m[48;2;66;64;76m[38;2;66;64;76m░[0m[48;2;66;64;76m[38;2;66;64;76m░[0m[48;2;53;50;61m[38;2;53;50;61m▒[0m[48;2;28;24;35m[38;2;28;24;35m▓[0m[48;2;55;48;59m[38;2;55;48;59m▒[0m[48;2;112;99;111m[38;2;112;99;111m%[0m[48;2;157;140;153m[38;2;157;140;153m+[0m[48;2;159;141;155m[38;2;159;141;155m+[0m[48;2;161;140;155m[38;2;161;140;155m+[0m[48;2;161;140;155m[38;2;161;140;155m+[0m[48;2;161;140;155m[38;2;161;140;155m+[0m[48;2;161;140;155m[38;2;161;140;155m+[0m[48;2;161;140;155m[38;2;161;140;155m+[0m[48;2;161;140;155m[38;2;161;140;155m+[0m[48;2;161;140;155m[38;2;161;140;155m+[0m[48;2;153;135;148m[38;2;153;135;148m*[0m[48;2;33;23;31m[38;2;33;23;31m▓[0m[48;2;159;150;157m[38;2;159;150;157m+[0m[48;2;88;82;86m[38;2;88;82;86m@[0m[48;2;204;199;204m[38;2;204;199;204m-[0m                                   
                                    [48;2;80;79;80m[38;2;80;79;80m@[0m[48;2;136;124;132m[38;2;136;124;132m*[0m[48;2;128;113;123m[38;2;128;113;123m#[0m[48;2;58;48;57m[38;2;58;48;57m▒[0m[48;2;135;119;131m[38;2;135;119;131m#[0m[48;2;69;58;70m[38;2;69;58;70m░[0m[48;2;39;31;44m[38;2;39;31;44m▓[0m[48;2;36;30;42m[38;2;36;30;42m▓[0m[48;2;38;32;44m[38;2;38;32;44m▓[0m[48;2;48;39;50m[38;2;48;39;50m▒[0m[48;2;69;59;70m[38;2;69;59;70m░[0m[48;2;106;93;105m[38;2;106;93;105m%[0m[48;2;148;132;145m[38;2;148;132;145m*[0m[48;2;160;141;155m[38;2;160;141;155m+[0m[48;2;160;141;155m[38;2;160;141;155m+[0m[48;2;156;137;151m[38;2;156;137;151m*[0m[48;2;115;100;113m[38;2;115;100;113m%[0m[48;2;78;62;75m[38;2;78;62;75m░[0m[48;2;158;137;152m[38;2;158;137;152m*[0m[48;2;161;140;155m[38;2;161;140;155m+[0m[48;2;161;140;155m[38;2;161;140;155m+[0m[48;2;161;140;155m[38;2;161;140;155m+[0m[48;2;161;140;155m[38;2;161;140;155m+[0m[48;2;160;140;154m[38;2;160;140;154m+[0m[48;2;73;60;70m[38;2;73;60;70m░[0m[48;2;134;127;134m[38;2;134;127;134m*[0m[48;2;132;127;130m[38;2;132;127;130m*[0m[48;2;40;34;38m[38;2;40;34;38m▓[0m[48;2;93;88;92m[38;2;93;88;92m@[0m[48;2;112;110;112m[38;2;112;110;112m#[0m[48;2;191;191;191m[38;2;191;191;191m-[0m                                 
                                    [48;2;51;49;51m[38;2;51;49;51m▒[0m[48;2;155;140;151m[38;2;155;140;151m*[0m[48;2;160;141;154m[38;2;160;141;154m+[0m[48;2;33;24;31m[38;2;33;24;31m▓[0m[48;2;56;44;54m[38;2;56;44;54m▒[0m[48;2;129;114;126m[38;2;129;114;126m#[0m[48;2;157;139;153m[38;2;157;139;153m*[0m[48;2;156;139;152m[38;2;156;139;152m*[0m[48;2;159;142;155m[38;2;159;142;155m+[0m[48;2;159;141;155m[38;2;159;141;155m+[0m[48;2;152;135;149m[38;2;152;135;149m*[0m[48;2;137;120;133m[38;2;137;120;133m#[0m[48;2;112;96;109m[38;2;112;96;109m%[0m[48;2;85;71;83m[38;2;85;71;83m@[0m[48;2;75;62;74m[38;2;75;62;74m░[0m[48;2;75;63;74m[38;2;75;63;74m░[0m[48;2;112;98;110m[38;2;112;98;110m%[0m[48;2;155;137;151m[38;2;155;137;151m*[0m[48;2;161;140;155m[38;2;161;140;155m+[0m[48;2;161;140;155m[38;2;161;140;155m+[0m[48;2;161;140;155m[38;2;161;140;155m+[0m[48;2;161;140;155m[38;2;161;140;155m+[0m[48;2;154;134;149m[38;2;154;134;149m*[0m[48;2;65;53;63m[38;2;65;53;63m░[0m[48;2;16;9;17m[38;2;16;9;17m█[0m[48;2;107;101;107m[38;2;107;101;107m%[0m[48;2;126;121;124m[38;2;126;121;124m#[0m[48;2;130;127;130m[38;2;130;127;130m*[0m[48;2;180;177;180m[38;2;180;177;180m=[0m[48;2;59;57;59m[38;2;59;57;59m░[0m[48;2;162;160;162m[38;2;162;160;162m+[0m                                 
                                    [48;2;56;54;57m[38;2;56;54;57m░[0m[48;2;150;134;146m[38;2;150;134;146m*[0m[48;2;160;140;154m[38;2;160;140;154m+[0m[48;2;21;14;21m[38;2;21;14;21m█[0m[48;2;11;8;14m[38;2;11;8;14m█[0m[48;2;26;22;28m[38;2;26;22;28m▓[0m[48;2;13;10;16m[38;2;13;10;16m█[0m[48;2;24;19;26m[38;2;24;19;26m▓[0m[48;2;68;60;68m[38;2;68;60;68m░[0m[48;2;80;68;78m[38;2;80;68;78m░[0m[48;2;88;75;86m[38;2;88;75;86m@[0m[48;2;102;88;99m[38;2;102;88;99m%[0m[48;2;125;109;122m[38;2;125;109;122m#[0m[48;2;149;132;146m[38;2;149;132;146m*[0m[48;2;160;140;155m[38;2;160;140;155m+[0m[48;2;161;140;155m[38;2;161;140;155m+[0m[48;2;161;140;155m[38;2;161;140;155m+[0m[48;2;161;140;155m[38;2;161;140;155m+[0m[48;2;161;140;155m[38;2;161;140;155m+[0m[48;2;161;140;155m[38;2;161;140;155m+[0m[48;2;161;140;155m[38;2;161;140;155m+[0m[48;2;146;127;141m[38;2;146;127;141m*[0m[48;2;42;29;40m[38;2;42;29;40m▓[0m[48;2;21;12;22m[38;2;21;12;22m█[0m[48;2;51;45;53m[38;2;51;45;53m▒[0m[48;2;246;240;245m[38;2;246;240;245m [0m[48;2;130;124;128m[38;2;130;124;128m#[0m[48;2;59;54;58m[38;2;59;54;58m░[0m[48;2;136;131;135m[38;2;136;131;135m*[0m[48;2;154;149;154m[38;2;154;149;154m+[0m[48;2;97;94;97m[38;2;97;94;97m%[0m                                 
                                    [48;2;86;84;87m[38;2;86;84;87m@[0m[48;2;110;97;108m[38;2;110;97;108m%[0m[48;2;161;141;155m[38;2;161;141;155m+[0m[48;2;30;22;30m[38;2;30;22;30m▓[0m[48;2;26;23;29m[38;2;26;23;29m▓[0m[48;2;18;17;22m[38;2;18;17;22m█[0m[48;2;27;26;31m[38;2;27;26;31m▓[0m[48;2;20;16;22m[38;2;20;16;22m█[0m[48;2;127;118;127m[38;2;127;118;127m#[0m[48;2;158;141;154m[38;2;158;141;154m+[0m[48;2;161;140;155m[38;2;161;140;155m+[0m[48;2;161;140;155m[38;2;161;140;155m+[0m[48;2;161;140;155m[38;2;161;140;155m+[0m[48;2;161;140;155m[38;2;161;140;155m+[0m[48;2;161;140;155m[38;2;161;140;155m+[0m[48;2;161;140;155m[38;2;161;140;155m+[0m[48;2;161;140;155m[38;2;161;140;155m+[0m[48;2;161;140;155m[38;2;161;140;155m+[0m[48;2;161;140;155m[38;2;161;140;155m+[0m[48;2;161;140;155m[38;2;161;140;155m+[0m[48;2;160;140;155m[38;2;160;140;155m+[0m[48;2;50;38;50m[38;2;50;38;50m▒[0m[48;2;33;25;38m[38;2;33;25;38m▓[0m[48;2;28;22;34m[38;2;28;22;34m▓[0m[48;2;126;120;129m[38;2;126;120;129m#[0m [48;2;151;147;151m[38;2;151;147;151m+[0m[48;2;115;110;114m[38;2;115;110;114m#[0m[48;2;204;198;203m[38;2;204;198;203m-[0m[48;2;196;190;195m[38;2;196;190;195m-[0m[48;2;49;45;49m[38;2;49;45;49m▒[0m                                 
                                    [48;2;158;157;158m[38;2;158;157;158m+[0m[48;2;41;34;40m[38;2;41;34;40m▒[0m[48;2;156;139;152m[38;2;156;139;152m*[0m[48;2;114;96;109m[38;2;114;96;109m%[0m[48;2;40;31;39m[38;2;40;31;39m▓[0m[48;2;7;6;11m[38;2;7;6;11m█[0m[48;2;18;17;22m[38;2;18;17;22m█[0m[48;2;24;22;28m[38;2;24;22;28m▓[0m[48;2;31;24;33m[38;2;31;24;33m▓[0m[48;2;144;127;140m[38;2;144;127;140m*[0m[48;2;161;140;155m[38;2;161;140;155m+[0m[48;2;161;140;155m[38;2;161;140;155m+[0m[48;2;161;140;155m[38;2;161;140;155m+[0m[48;2;161;140;155m[38;2;161;140;155m+[0m[48;2;161;140;155m[38;2;161;140;155m+[0m[48;2;161;140;155m[38;2;161;140;155m+[0m[48;2;120;100;114m[38;2;120;100;114m%[0m[48;2;130;112;125m[38;2;130;112;125m#[0m[48;2;158;139;153m[38;2;158;139;153m*[0m[48;2;161;140;155m[38;2;161;140;155m+[0m[48;2;145;125;139m[38;2;145;125;139m*[0m[48;2;16;9;17m[38;2;16;9;17m█[0m[48;2;38;33;48m[38;2;38;33;48m▓[0m[48;2;24;20;32m[38;2;24;20;32m▓[0m[48;2;162;155;165m[38;2;162;155;165m+[0m [48;2;221;219;223m[38;2;221;219;223m.[0m[48;2;55;52;57m[38;2;55;52;57m▒[0m[48;2;198;192;198m[38;2;198;192;198m-[0m[48;2;199;193;198m[38;2;199;193;198m-[0m[48;2;51;46;51m[38;2;51;46;51m▒[0m                                 
                                     [48;2;88;85;87m[38;2;88;85;87m@[0m[48;2;111;100;109m[38;2;111;100;109m%[0m[48;2;160;140;154m[38;2;160;140;154m+[0m[48;2;148;129;143m[38;2;148;129;143m*[0m[48;2;60;50;59m[38;2;60;50;59m▒[0m[48;2;31;25;32m[38;2;31;25;32m▓[0m[48;2;49;45;51m[38;2;49;45;51m▒[0m[48;2;55;49;57m[38;2;55;49;57m▒[0m[48;2;115;102;113m[38;2;115;102;113m%[0m[48;2;157;140;153m[38;2;157;140;153m+[0m[48;2;161;140;155m[38;2;161;140;155m+[0m[48;2;161;140;155m[38;2;161;140;155m+[0m[48;2;161;140;155m[38;2;161;140;155m+[0m[48;2;161;140;155m[38;2;161;140;155m+[0m[48;2;161;140;155m[38;2;161;140;155m+[0m[48;2;150;129;144m[38;2;150;129;144m*[0m[48;2;105;86;100m[38;2;105;86;100m%[0m[48;2;80;64;77m[38;2;80;64;77m░[0m[48;2;80;64;77m[38;2;80;64;77m░[0m[48;2;74;59;72m[38;2;74;59;72m░[0m[48;2;12;5;14m[38;2;12;5;14m█[0m[48;2;28;22;36m[38;2;28;22;36m▓[0m[48;2;19;14;26m[38;2;19;14;26m█[0m[48;2;112;106;115m[38;2;112;106;115m%[0m[48;2;182;176;184m[38;2;182;176;184m=[0m[48;2;189;183;191m[38;2;189;183;191m-[0m[48;2;131;126;133m[38;2;131;126;133m*[0m[48;2;51;46;53m[38;2;51;46;53m▒[0m[48;2;67;62;68m[38;2;67;62;68m░[0m[48;2;54;49;55m[38;2;54;49;55m▒[0m[48;2;112;109;113m[38;2;112;109;113m#[0m[48;2;73;70;74m[38;2;73;70;74m░[0m[48;2;59;58;59m[38;2;59;58;59m░[0m[48;2;137;135;137m[38;2;137;135;137m*[0m                             
                                      [48;2;85;82;85m[38;2;85;82;85m@[0m[48;2;107;94;104m[38;2;107;94;104m%[0m[48;2;160;140;154m[38;2;160;140;154m+[0m[48;2;161;140;155m[38;2;161;140;155m+[0m[48;2;146;127;141m[38;2;146;127;141m*[0m[48;2;61;51;61m[38;2;61;51;61m░[0m[48;2;92;84;92m[38;2;92;84;92m@[0m[48;2;28;22;29m[38;2;28;22;29m▓[0m[48;2;17;12;19m[38;2;17;12;19m█[0m[48;2;71;60;70m[38;2;71;60;70m░[0m[48;2;159;139;154m[38;2;159;139;154m+[0m[48;2;161;140;155m[38;2;161;140;155m+[0m[48;2;161;140;155m[38;2;161;140;155m+[0m[48;2;161;140;155m[38;2;161;140;155m+[0m[48;2;161;140;155m[38;2;161;140;155m+[0m[48;2;161;140;155m[38;2;161;140;155m+[0m[48;2;161;140;155m[38;2;161;140;155m+[0m[48;2;160;140;155m[38;2;160;140;155m+[0m[48;2;158;139;153m[38;2;158;139;153m*[0m[48;2;143;126;139m[38;2;143;126;139m*[0m[48;2;135;119;132m[38;2;135;119;132m#[0m[48;2;127;111;124m[38;2;127;111;124m#[0m[48;2;123;107;120m[38;2;123;107;120m#[0m[48;2;114;100;112m[38;2;114;100;112m%[0m[48;2;101;91;102m[38;2;101;91;102m%[0m[48;2;83;75;85m[38;2;83;75;85m@[0m[48;2;60;53;63m[38;2;60;53;63m░[0m[48;2;42;37;44m[38;2;42;37;44m▒[0m[48;2;27;21;29m[38;2;27;21;29m▓[0m[48;2;13;9;14m[38;2;13;9;14m█[0m[48;2;48;45;50m[38;2;48;45;50m▒[0m[48;2;103;100;104m[38;2;103;100;104m%[0m[48;2;111;108;112m[38;2;111;108;112m%[0m[48;2;177;175;178m[38;2;177;175;178m=[0m                            
                                       [48;2;123;121;123m[38;2;123;121;123m#[0m[48;2;78;68;76m[38;2;78;68;76m░[0m[48;2;155;136;149m[38;2;155;136;149m*[0m[48;2;161;140;155m[38;2;161;140;155m+[0m[48;2;159;139;154m[38;2;159;139;154m+[0m[48;2;125;109;121m[38;2;125;109;121m#[0m[48;2;94;80;90m[38;2;94;80;90m@[0m[48;2;116;102;113m[38;2;116;102;113m%[0m[48;2;82;69;80m[38;2;82;69;80m@[0m[48;2;155;139;152m[38;2;155;139;152m*[0m[48;2;161;140;155m[38;2;161;140;155m+[0m[48;2;161;140;155m[38;2;161;140;155m+[0m[48;2;161;140;155m[38;2;161;140;155m+[0m[48;2;161;140;155m[38;2;161;140;155m+[0m[48;2;161;140;155m[38;2;161;140;155m+[0m[48;2;160;139;154m[38;2;160;139;154m+[0m[48;2;96;77;91m[38;2;96;77;91m@[0m[48;2;81;67;79m[38;2;81;67;79m░[0m[48;2;79;66;78m[38;2;79;66;78m░[0m[48;2;80;67;78m[38;2;80;67;78m░[0m[48;2;79;66;77m[38;2;79;66;77m░[0m[48;2;78;65;77m[38;2;78;65;77m░[0m[48;2;75;63;74m[38;2;75;63;74m░[0m[48;2;81;69;81m[38;2;81;69;81m@[0m[48;2;100;89;100m[38;2;100;89;100m%[0m[48;2;118;107;118m[38;2;118;107;118m#[0m[48;2;112;101;112m[38;2;112;101;112m%[0m[48;2;94;83;94m[38;2;94;83;94m@[0m[48;2;67;58;68m[38;2;67;58;68m░[0m[48;2;74;67;75m[38;2;74;67;75m░[0m[48;2;131;127;132m[38;2;131;127;132m*[0m[48;2;219;217;220m[38;2;219;217;220m:[0m                             
                                        [48;2;192;191;192m[38;2;192;191;192m-[0m[48;2;72;64;71m[38;2;72;64;71m░[0m[48;2;112;98;110m[38;2;112;98;110m%[0m[48;2;157;140;153m[38;2;157;140;153m+[0m[48;2;161;140;155m[38;2;161;140;155m+[0m[48;2;161;140;155m[38;2;161;140;155m+[0m[48;2;161;140;155m[38;2;161;140;155m+[0m[48;2;124;106;119m[38;2;124;106;119m#[0m[48;2;69;55;67m[38;2;69;55;67m░[0m[48;2;82;69;80m[38;2;82;69;80m@[0m[48;2;94;80;92m[38;2;94;80;92m@[0m[48;2;102;88;99m[38;2;102;88;99m%[0m[48;2;108;95;105m[38;2;108;95;105m%[0m[48;2;113;100;110m[38;2;113;100;110m%[0m[48;2;116;103;113m[38;2;116;103;113m%[0m[48;2;118;104;115m[38;2;118;104;115m%[0m[48;2;118;104;115m[38;2;118;104;115m%[0m[48;2;114;101;113m[38;2;114;101;113m%[0m[48;2;105;91;103m[38;2;105;91;103m%[0m[48;2;97;83;95m[38;2;97;83;95m@[0m[48;2;82;71;82m[38;2;82;71;82m@[0m[48;2;78;69;79m[38;2;78;69;79m░[0m[48;2;94;85;95m[38;2;94;85;95m@[0m[48;2;102;95;102m[38;2;102;95;102m%[0m[48;2;92;87;92m[38;2;92;87;92m@[0m[48;2;84;79;86m[38;2;84;79;86m@[0m[48;2;81;76;83m[38;2;81;76;83m@[0m[48;2;150;145;151m[38;2;150;145;151m+[0m                                
                                        [48;2;233;233;233m[38;2;233;233;233m.[0m[48;2;35;33;36m[38;2;35;33;36m▓[0m[48;2;25;20;31m[38;2;25;20;31m▓[0m[48;2;45;36;51m[38;2;45;36;51m▒[0m[48;2;106;93;105m[38;2;106;93;105m%[0m[48;2;153;134;148m[38;2;153;134;148m*[0m[48;2;161;140;155m[38;2;161;140;155m+[0m[48;2;161;140;155m[38;2;161;140;155m+[0m[48;2;160;140;155m[38;2;160;140;155m+[0m[48;2;145;127;140m[38;2;145;127;140m*[0m[48;2;107;91;103m[38;2;107;91;103m%[0m[48;2;78;64;75m[38;2;78;64;75m░[0m[48;2;61;48;58m[38;2;61;48;58m▒[0m[48;2;44;33;42m[38;2;44;33;42m▒[0m[48;2;41;30;39m[38;2;41;30;39m▓[0m[48;2;30;22;29m[38;2;30;22;29m▓[0m[48;2;18;12;19m[38;2;18;12;19m█[0m[48;2;21;16;22m[38;2;21;16;22m█[0m[48;2;24;19;25m[38;2;24;19;25m▓[0m[48;2;28;23;28m[38;2;28;23;28m▓[0m[48;2;33;28;34m[38;2;33;28;34m▓[0m[48;2;43;38;44m[38;2;43;38;44m▒[0m[48;2;43;38;43m[38;2;43;38;43m▒[0m[48;2;19;15;20m[38;2;19;15;20m█[0m[48;2;60;55;60m[38;2;60;55;60m░[0m[48;2;129;125;130m[38;2;129;125;130m#[0m[48;2;216;213;216m[38;2;216;213;216m:[0m                                 
                                        [48;2;91;90;93m[38;2;91;90;93m@[0m[48;2;6;5;11m[38;2;6;5;11m█[0m[48;2;71;62;103m[38;2;71;62;103m░[0m[48;2;16;8;49m[38;2;16;8;49m█[0m[48;2;65;54;108m[38;2;65;54;108m░[0m[48;2;54;41;82m[38;2;54;41;82m▒[0m[48;2;56;44;61m[38;2;56;44;61m▒[0m[48;2;78;65;78m[38;2;78;65;78m░[0m[48;2;94;80;94m[38;2;94;80;94m@[0m[48;2;105;91;104m[38;2;105;91;104m%[0m[48;2;113;98;111m[38;2;113;98;111m%[0m[48;2;118;103;116m[38;2;118;103;116m%[0m[48;2;119;105;118m[38;2;119;105;118m#[0m[48;2;119;106;118m[38;2;119;106;118m#[0m[48;2;118;105;117m[38;2;118;105;117m#[0m[48;2;107;95;105m[38;2;107;95;105m%[0m[48;2;93;83;93m[38;2;93;83;93m@[0m[48;2;76;67;76m[38;2;76;67;76m░[0m[48;2;62;55;65m[38;2;62;55;65m░[0m[48;2;46;40;51m[38;2;46;40;51m▒[0m[48;2;28;22;34m[38;2;28;22;34m▓[0m[48;2;16;10;21m[38;2;16;10;21m█[0m[48;2;93;89;94m[38;2;93;89;94m@[0m[48;2;239;236;239m[38;2;239;236;239m.[0m                                    
                                       [48;2;194;194;195m[38;2;194;194;195m-[0m[48;2;13;12;16m[38;2;13;12;16m█[0m[48;2;12;10;25m[38;2;12;10;25m█[0m[48;2;86;72;145m[38;2;86;72;145m@[0m[48;2;26;18;57m[38;2;26;18;57m▓[0m[48;2;81;70;130m[38;2;81;70;130m@[0m[48;2;91;76;154m[38;2;91;76;154m@[0m[48;2;73;62;112m[38;2;73;62;112m░[0m[48;2;14;9;28m[38;2;14;9;28m█[0m[48;2;31;26;44m[38;2;31;26;44m▓[0m[48;2;31;26;44m[38;2;31;26;44m▓[0m[48;2;29;24;41m[38;2;29;24;41m▓[0m[48;2;29;23;40m[38;2;29;23;40m▓[0m[48;2;29;22;40m[38;2;29;22;40m▓[0m[48;2;29;22;40m[38;2;29;22;40m▓[0m[48;2;29;22;40m[38;2;29;22;40m▓[0m[48;2;30;23;41m[38;2;30;23;41m▓[0m[48;2;33;27;46m[38;2;33;27;46m▓[0m[48;2;35;29;48m[38;2;35;29;48m▓[0m[48;2;37;32;52m[38;2;37;32;52m▓[0m[48;2;36;31;51m[38;2;36;31;51m▓[0m[48;2;32;27;45m[38;2;32;27;45m▓[0m[48;2;17;12;29m[38;2;17;12;29m█[0m[48;2;8;5;16m[38;2;8;5;16m█[0m[48;2;134;131;137m[38;2;134;131;137m*[0m[48;2;237;236;238m[38;2;237;236;238m.[0m                                   
                                       [48;2;67;66;71m[38;2;67;66;71m░[0m[48;2;22;20;28m[38;2;22;20;28m▓[0m[48;2;23;18;44m[38;2;23;18;44m▓[0m[48;2;86;73;143m[38;2;86;73;143m@[0m[48;2;52;45;79m[38;2;52;45;79m▒[0m[48;2;57;46;101m[38;2;57;46;101m░[0m[48;2;82;66;157m[38;2;82;66;157m@[0m[48;2;90;77;155m[38;2;90;77;155m@[0m[48;2;51;40;106m[38;2;51;40;106m▒[0m[48;2;17;12;31m[38;2;17;12;31m█[0m[48;2;35;30;47m[38;2;35;30;47m▓[0m[48;2;37;31;52m[38;2;37;31;52m▓[0m[48;2;37;31;52m[38;2;37;31;52m▓[0m[48;2;37;31;52m[38;2;37;31;52m▓[0m[48;2;37;31;52m[38;2;37;31;52m▓[0m[48;2;37;31;52m[38;2;37;31;52m▓[0m[48;2;37;31;52m[38;2;37;31;52m▓[0m[48;2;37;31;52m[38;2;37;31;52m▓[0m[48;2;37;31;52m[38;2;37;31;52m▓[0m[48;2;37;31;52m[38;2;37;31;52m▓[0m[48;2;37;31;52m[38;2;37;31;52m▓[0m[48;2;37;31;52m[38;2;37;31;52m▓[0m[48;2;37;31;51m[38;2;37;31;51m▓[0m[48;2;33;27;46m[38;2;33;27;46m▓[0m[48;2;26;21;38m[38;2;26;21;38m▓[0m[48;2;24;19;34m[38;2;24;19;34m▓[0m[48;2;39;35;46m[38;2;39;35;46m▒[0m[48;2;61;57;67m[38;2;61;57;67m░[0m[48;2;83;79;88m[38;2;83;79;88m@[0m[48;2;99;96;102m[38;2;99;96;102m%[0m[48;2;110;108;112m[38;2;110;108;112m%[0m[48;2;122;120;124m[38;2;122;120;124m#[0m[48;2;134;133;136m[38;2;134;133;136m*[0m[48;2;145;144;147m[38;2;145;144;147m*[0m[48;2;153;151;154m[38;2;153;151;154m+[0m[48;2;157;155;158m[38;2;157;155;158m+[0m[48;2;159;158;160m[38;2;159;158;160m+[0m[48;2;207;207;207m[38;2;207;207;207m:[0m                       
                                      [48;2;206;206;206m[38;2;206;206;206m:[0m[48;2;13;12;17m[38;2;13;12;17m█[0m[48;2;38;36;47m[38;2;38;36;47m▒[0m[48;2;38;37;45m[38;2;38;37;45m▒[0m[48;2;41;38;45m[38;2;41;38;45m▒[0m[48;2;26;23;37m[38;2;26;23;37m▓[0m[48;2;23;16;54m[38;2;23;16;54m▓[0m[48;2;86;70;156m[38;2;86;70;156m@[0m[48;2;88;73;156m[38;2;88;73;156m@[0m[48;2;65;52;127m[38;2;65;52;127m░[0m[48;2;14;7;39m[38;2;14;7;39m█[0m[48;2;37;32;43m[38;2;37;32;43m▓[0m[48;2;40;36;51m[38;2;40;36;51m▒[0m[48;2;37;32;50m[38;2;37;32;50m▓[0m[48;2;37;31;52m[38;2;37;31;52m▓[0m[48;2;37;31;52m[38;2;37;31;52m▓[0m[48;2;37;31;52m[38;2;37;31;52m▓[0m[48;2;37;31;52m[38;2;37;31;52m▓[0m[48;2;37;31;52m[38;2;37;31;52m▓[0m[48;2;37;31;52m[38;2;37;31;52m▓[0m[48;2;37;31;52m[38;2;37;31;52m▓[0m[48;2;37;31;52m[38;2;37;31;52m▓[0m[48;2;37;31;52m[38;2;37;31;52m▓[0m[48;2;37;31;52m[38;2;37;31;52m▓[0m[48;2;37;31;52m[38;2;37;31;52m▓[0m[48;2;37;31;52m[38;2;37;31;52m▓[0m[48;2;37;31;52m[38;2;37;31;52m▓[0m[48;2;37;31;52m[38;2;37;31;52m▓[0m[48;2;37;31;52m[38;2;37;31;52m▓[0m[48;2;37;31;51m[38;2;37;31;51m▓[0m[48;2;37;31;51m[38;2;37;31;51m▓[0m[48;2;36;30;51m[38;2;36;30;51m▓[0m[48;2;36;30;50m[38;2;36;30;50m▓[0m[48;2;36;30;50m[38;2;36;30;50m▓[0m[48;2;35;29;48m[38;2;35;29;48m▓[0m[48;2;32;27;46m[38;2;32;27;46m▓[0m[48;2;32;27;44m[38;2;32;27;44m▓[0m[48;2;22;19;26m[38;2;22;19;26m▓[0m[48;2;136;135;137m[38;2;136;135;137m*[0m                       
                                      [48;2;114;114;114m[38;2;114;114;114m#[0m[48;2;25;23;32m[38;2;25;23;32m▓[0m[48;2;57;53;69m[38;2;57;53;69m░[0m[48;2;39;37;45m[38;2;39;37;45m▒[0m[48;2;143;142;146m[38;2;143;142;146m*[0m[48;2;78;77;80m[38;2;78;77;80m@[0m[48;2;46;44;49m[38;2;46;44;49m▒[0m[48;2;53;44;87m[38;2;53;44;87m▒[0m[48;2;51;44;75m[38;2;51;44;75m▒[0m[48;2;147;144;154m[38;2;147;144;154m*[0m[48;2;134;131;137m[38;2;134;131;137m*[0m[48;2;35;32;40m[38;2;35;32;40m▓[0m[48;2;55;51;61m[38;2;55;51;61m▒[0m[48;2;63;59;73m[38;2;63;59;73m░[0m[48;2;39;33;53m[38;2;39;33;53m▒[0m[48;2;37;31;52m[38;2;37;31;52m▓[0m[48;2;37;31;52m[38;2;37;31;52m▓[0m[48;2;37;31;52m[38;2;37;31;52m▓[0m[48;2;37;31;52m[38;2;37;31;52m▓[0m[48;2;37;31;52m[38;2;37;31;52m▓[0m[48;2;37;31;52m[38;2;37;31;52m▓[0m[48;2;37;31;52m[38;2;37;31;52m▓[0m[48;2;37;31;52m[38;2;37;31;52m▓[0m[48;2;37;31;52m[38;2;37;31;52m▓[0m[48;2;37;31;52m[38;2;37;31;52m▓[0m[48;2;37;31;52m[38;2;37;31;52m▓[0m[48;2;37;31;52m[38;2;37;31;52m▓[0m[48;2;37;31;52m[38;2;37;31;52m▓[0m[48;2;37;31;52m[38;2;37;31;52m▓[0m[48;2;37;31;52m[38;2;37;31;52m▓[0m[48;2;37;31;52m[38;2;37;31;52m▓[0m[48;2;37;31;52m[38;2;37;31;52m▓[0m[48;2;37;31;52m[38;2;37;31;52m▓[0m[48;2;37;31;52m[38;2;37;31;52m▓[0m[48;2;37;31;52m[38;2;37;31;52m▓[0m[48;2;37;31;52m[38;2;37;31;52m▓[0m[48;2;36;30;50m[38;2;36;30;50m▓[0m[48;2;21;18;25m[38;2;21;18;25m▓[0m[48;2;209;206;210m[38;2;209;206;210m:[0m                       