                                                                                                              
                                                                                                              
                                                                                                              
                                                                                                              
                                                                                                              
                                                                                                              
                                                                                                              
                                                                                                              
                                                                                                              
                                                                                                              
                                                                                                              
                                                                                                              
                                                                                                              
                                                   [48;2;186;186;187m[38;2;186;186;187m-[0m[48;2;130;130;132m[38;2;130;130;132m*[0m[48;2;93;92;96m[38;2;93;92;96m%[0m[48;2;67;66;70m[38;2;67;66;70m░[0m[48;2;58;57;62m[38;2;58;57;62m░[0m[48;2;54;53;58m[38;2;54;53;58m▒[0m[48;2;57;56;61m[38;2;57;56;61m░[0m[48;2;72;71;76m[38;2;72;71;76m░[0m[48;2;100;99;103m[38;2;100;99;103m%[0m[48;2;143;142;146m[38;2;143;142;146m*[0m[48;2;198;197;200m[38;2;198;197;200m-[0m                                                
                                                [48;2;215;214;215m[38;2;215;214;215m:[0m[48;2;101;101;104m[38;2;101;101;104m%[0m[48;2;29;28;35m[38;2;29;28;35m▓[0m[48;2;28;26;38m[38;2;28;26;38m▓[0m[48;2;38;36;51m[38;2;38;36;51m▒[0m[48;2;44;42;58m[38;2;44;42;58m▒[0m[48;2;45;42;60m[38;2;45;42;60m▒[0m[48;2;46;43;61m[38;2;46;43;61m▒[0m[48;2;47;43;61m[38;2;47;43;61m▒[0m[48;2;45;42;59m[38;2;45;42;59m▒[0m[48;2;45;42;59m[38;2;45;42;59m▒[0m[48;2;43;40;56m[38;2;43;40;56m▒[0m[48;2;37;34;50m[38;2;37;34;50m▒[0m[48;2;29;27;42m[38;2;29;27;42m▓[0m[48;2;36;33;45m[38;2;36;33;45m▓[0m[48;2;100;99;107m[38;2;100;99;107m%[0m[48;2;198;197;201m[38;2;198;197;201m-[0m                                             
                                              [48;2;236;236;236m[38;2;236;236;236m.[0m[48;2;120;120;123m[38;2;120;120;123m#[0m[48;2;26;24;32m[38;2;26;24;32m▓[0m[48;2;38;36;50m[38;2;38;36;50m▒[0m[48;2;45;42;58m[38;2;45;42;58m▒[0m[48;2;42;40;55m[38;2;42;40;55m▒[0m[48;2;33;31;46m[38;2;33;31;46m▓[0m[48;2;27;25;37m[38;2;27;25;37m▓[0m[48;2;28;25;36m[38;2;28;25;36m▓[0m[48;2;39;36;46m[38;2;39;36;46m▒[0m[48;2;45;41;52m[38;2;45;41;52m▒[0m[48;2;26;22;34m[38;2;26;22;34m▓[0m[48;2;47;43;56m[38;2;47;43;56m▒[0m[48;2;67;62;75m[38;2;67;62;75m░[0m[48;2;65;60;75m[38;2;65;60;75m░[0m[48;2;50;45;60m[38;2;50;45;60m▒[0m[48;2;45;42;57m[38;2;45;42;57m▒[0m[48;2;41;39;52m[38;2;41;39;52m▒[0m[48;2;24;22;32m[38;2;24;22;32m▓[0m[48;2;71;70;76m[38;2;71;70;76m░[0m[48;2;205;204;206m[38;2;205;204;206m:[0m                                           
                                             [48;2;189;189;190m[38;2;189;189;190m-[0m[48;2;36;35;41m[38;2;36;35;41m▓[0m[48;2;37;35;47m[38;2;37;35;47m▒[0m[48;2;45;43;57m[38;2;45;43;57m▒[0m[48;2;34;32;46m[38;2;34;32;46m▓[0m[48;2;27;21;32m[38;2;27;21;32m▓[0m[48;2;71;62;71m[38;2;71;62;71m░[0m[48;2;106;95;104m[38;2;106;95;104m%[0m[48;2;133;119;130m[38;2;133;119;130m#[0m[48;2;148;134;144m[38;2;148;134;144m*[0m[48;2;150;137;147m[38;2;150;137;147m*[0m[48;2;144;130;141m[38;2;144;130;141m*[0m[48;2;131;115;126m[38;2;131;115;126m#[0m[48;2;104;90;100m[38;2;104;90;100m%[0m[48;2;79;66;76m[38;2;79;66;76m░[0m[48;2;41;31;39m[38;2;41;31;39m▓[0m[48;2;56;46;55m[38;2;56;46;55m▒[0m[48;2;68;59;69m[38;2;68;59;69m░[0m[48;2;68;59;70m[38;2;68;59;70m░[0m[48;2;54;46;57m[38;2;54;46;57m▒[0m[48;2;27;20;29m[38;2;27;20;29m▓[0m[48;2;10;7;11m[38;2;10;7;11m█[0m[48;2;143;141;144m[38;2;143;141;144m*[0m                                          
                                            [48;2;172;172;173m[38;2;172;172;173m=[0m[48;2;19;18;24m[38;2;19;18;24m▓[0m[48;2;44;41;55m[38;2;44;41;55m▒[0m[48;2;41;38;53m[38;2;41;38;53m▒[0m[48;2;22;19;32m[38;2;22;19;32m▓[0m[48;2;54;47;57m[38;2;54;47;57m▒[0m[48;2;145;130;141m[38;2;145;130;141m*[0m[48;2;160;142;154m[38;2;160;142;154m+[0m[48;2;160;142;153m[38;2;160;142;153m+[0m[48;2;160;141;155m[38;2;160;141;155m+[0m[48;2;115;97;111m[38;2;115;97;111m%[0m[48;2;69;55;67m[38;2;69;55;67m░[0m[48;2;77;63;75m[38;2;77;63;75m░[0m[48;2;85;70;82m[38;2;85;70;82m@[0m[48;2;87;73;83m[38;2;87;73;83m@[0m[48;2;151;135;146m[38;2;151;135;146m*[0m[48;2;156;137;149m[38;2;156;137;149m*[0m[48;2;162;142;154m[38;2;162;142;154m+[0m[48;2;163;143;155m[38;2;163;143;155m+[0m[48;2;154;135;147m[38;2;154;135;147m*[0m[48;2;77;61;72m[38;2;77;61;72m░[0m[48;2;81;69;78m[38;2;81;69;78m@[0m[48;2;84;78;83m[38;2;84;78;83m@[0m[48;2;37;32;36m[38;2;37;32;36m▓[0m[48;2;136;133;137m[38;2;136;133;137m*[0m                                         
                                           [48;2;202;202;203m[38;2;202;202;203m:[0m[48;2;19;18;23m[38;2;19;18;23m▓[0m[48;2;42;40;51m[38;2;42;40;51m▒[0m[48;2;25;22;35m[38;2;25;22;35m▓[0m[48;2;23;18;30m[38;2;23;18;30m▓[0m[48;2;119;106;119m[38;2;119;106;119m#[0m[48;2;160;143;156m[38;2;160;143;156m+[0m[48;2;161;140;155m[38;2;161;140;155m+[0m[48;2;161;140;155m[38;2;161;140;155m+[0m[48;2;161;140;155m[38;2;161;140;155m+[0m[48;2;161;140;155m[38;2;161;140;155m+[0m[48;2;161;140;155m[38;2;161;140;155m+[0m[48;2;161;140;155m[38;2;161;140;155m+[0m[48;2;160;139;154m[38;2;160;139;154m+[0m[48;2;160;139;154m[38;2;160;139;154m+[0m[48;2;161;140;155m[38;2;161;140;155m+[0m[48;2;161;140;155m[38;2;161;140;155m+[0m[48;2;161;140;155m[38;2;161;140;155m+[0m[48;2;161;140;155m[38;2;161;140;155m+[0m[48;2;161;140;155m[38;2;161;140;155m+[0m[48;2;161;140;155m[38;2;161;140;155m+[0m[48;2;161;140;155m[38;2;161;140;155m+[0m[48;2;140;121;134m[38;2;140;121;134m*[0m[48;2;108;95;104m[38;2;108;95;104m%[0m[48;2;113;102;111m[38;2;113;102;111m%[0m[48;2;17;10;15m[38;2;17;10;15m█[0m[48;2;57;54;58m[38;2;57;54;58m░[0m[48;2;96;95;101m[38;2;96;95;101m%[0m[48;2;206;206;206m[38;2;206;206;206m:[0m                                      
                                           [48;2;53;52;54m[38;2;53;52;54m▒[0m[48;2;33;31;39m[38;2;33;31;39m▓[0m[48;2;13;10;18m[38;2;13;10;18m█[0m[48;2;23;18;26m[38;2;23;18;26m▓[0m[48;2;134;122;134m[38;2;134;122;134m#[0m[48;2;159;140;154m[38;2;159;140;154m+[0m[48;2;161;140;155m[38;2;161;140;155m+[0m[48;2;161;140;155m[38;2;161;140;155m+[0m[48;2;161;140;155m[38;2;161;140;155m+[0m[48;2;159;138;153m[38;2;159;138;153m*[0m[48;2;158;137;152m[38;2;158;137;152m*[0m[48;2;158;137;152m[38;2;158;137;152m*[0m[48;2;159;138;153m[38;2;159;138;153m*[0m[48;2;160;140;155m[38;2;160;140;155m+[0m[48;2;161;140;155m[38;2;161;140;155m+[0m[48;2;161;140;155m[38;2;161;140;155m+[0m[48;2;161;140;155m[38;2;161;140;155m+[0m[48;2;161;140;155m[38;2;161;140;155m+[0m[48;2;161;140;155m[38;2;161;140;155m+[0m[48;2;161;140;155m[38;2;161;140;155m+[0m[48;2;161;140;155m[38;2;161;140;155m+[0m[48;2;149;128;143m[38;2;149;128;143m*[0m[48;2;138;117;132m[38;2;138;117;132m#[0m[48;2;161;140;155m[38;2;161;140;155m+[0m[48;2;161;140;155m[38;2;161;140;155m+[0m[48;2;126;111;121m[38;2;126;111;121m#[0m[48;2;16;9;15m[38;2;16;9;15m█[0m[48;2;54;45;75m[38;2;54;45;75m▒[0m[48;2;85;83;87m[38;2;85;83;87m@[0m                                      
                                          [48;2;176;176;176m[38;2;176;176;176m=[0m[48;2;12;9;13m[38;2;12;9;13m█[0m[48;2;25;20;27m[38;2;25;20;27m▓[0m[48;2;20;14;21m[38;2;20;14;21m█[0m[48;2;126;112;124m[38;2;126;112;124m#[0m[48;2;162;143;157m[38;2;162;143;157m+[0m[48;2;161;141;155m[38;2;161;141;155m+[0m[48;2;161;140;155m[38;2;161;140;155m+[0m[48;2;159;141;155m[38;2;159;141;155m+[0m[48;2;129;113;126m[38;2;129;113;126m#[0m[48;2;56;42;54m[38;2;56;42;54m▒[0m[48;2;115;102;114m[38;2;115;102;114m%[0m[48;2;52;39;50m[38;2;52;39;50m▒[0m[48;2;152;138;150m[38;2;152;138;150m*[0m[48;2;97;82;95m[38;2;97;82;95m@[0m[48;2;137;120;133m[38;2;137;120;133m#[0m[48;2;161;140;155m[38;2;161;140;155m+[0m[48;2;161;140;155m[38;2;161;140;155m+[0m[48;2;161;140;155m[38;2;161;140;155m+[0m[48;2;161;140;155m[38;2;161;140;155m+[0m[48;2;150;129;144m[38;2;150;129;144m*[0m[48;2;134;115;129m[38;2;134;115;129m#[0m[48;2;127;112;125m[38;2;127;112;125m#[0m[48;2;52;38;49m[38;2;52;38;49m▒[0m[48;2;160;141;155m[38;2;160;141;155m+[0m[48;2;161;140;155m[38;2;161;140;155m+[0m[48;2;160;141;154m[38;2;160;141;154m+[0m[48;2;94;80;89m[38;2;94;80;89m@[0m[48;2;16;6;17m[38;2;16;6;17m█[0m[48;2;36;31;52m[38;2;36;31;52m▓[0m[48;2;194;193;195m[38;2;194;193;195m-[0m                                     
                                          [48;2;94;94;94m[38;2;94;94;94m%[0m[48;2;13;9;13m[38;2;13;9;13m█[0m[48;2;89;82;90m[38;2;89;82;90m@[0m[48;2;54;47;53m[38;2;54;47;53m▒[0m[48;2;159;143;155m[38;2;159;143;155m+[0m[48;2;162;142;156m[38;2;162;142;156m+[0m[48;2;161;140;155m[38;2;161;140;155m+[0m[48;2;161;140;155m[38;2;161;140;155m+[0m[48;2;147;130;143m[38;2;147;130;143m*[0m[48;2;34;23;32m[38;2;34;23;32m▓[0m[48;2;55;48;54m[38;2;55;48;54m▒[0m[48;2;12;7;11m[38;2;12;7;11m█[0m[48;2;102;94;102m[38;2;102;94;102m%[0m[48;2;106;96;106m[38;2;106;96;106m%[0m[48;2;41;32;41m[38;2;41;32;41m▓[0m[48;2;131;118;130m[38;2;131;118;130m#[0m[48;2;158;141;155m[38;2;158;141;155m+[0m[48;2;161;140;155m[38;2;161;140;155m+[0m[48;2;161;140;155m[38;2;161;140;155m+[0m[48;2;161;140;155m[38;2;161;140;155m+[0m[48;2;111;93;107m[38;2;111;93;107m%[0m[48;2;64;49;61m[38;2;64;49;61m▒[0m[48;2;155;141;154m[38;2;155;141;154m+[0m[48;2;56;43;55m[38;2;56;43;55m▒[0m[48;2;121;105;118m[38;2;121;105;118m#[0m[48;2;160;141;155m[38;2;160;141;155m+[0m[48;2;161;140;155m[38;2;161;140;155m+[0m[48;2;157;139;152m[38;2;157;139;152m*[0m[48;2;39;28;37m[38;2;39;28;37m▓[0m[48;2;25;19;31m[38;2;25;19;31m▓[0m[48;2;188;187;188m[38;2;188;187;188m-[0m                                     
                                          [48;2;50;48;49m[38;2;50;48;49m▒[0m[48;2;91;84;90m[38;2;91;84;90m@[0m[48;2;75;67;74m[38;2;75;67;74m░[0m[48;2;100;88;98m[38;2;100;88;98m%[0m[48;2;160;141;155m[38;2;160;141;155m+[0m[48;2;161;140;155m[38;2;161;140;155m+[0m[48;2;161;140;155m[38;2;161;140;155m+[0m[48;2;161;140;155m[38;2;161;140;155m+[0m[48;2;81;67;79m[38;2;81;67;79m░[0m[48;2;7;0;7m[38;2;7;0;7m█[0m[48;2;61;56;58m[38;2;61;56;58m░[0m[48;2;21;16;18m[38;2;21;16;18m█[0m[48;2;87;81;86m[38;2;87;81;86m@[0m[48;2;26;21;25m[38;2;26;21;25m▓[0m[48;2;21;15;19m[38;2;21;15;19m█[0m[48;2;8;1;7m[38;2;8;1;7m█[0m[48;2;63;54;62m[38;2;63;54;62m░[0m[48;2;153;137;149m[38;2;153;137;149m*[0m[48;2;160;141;154m[38;2;160;141;154m+[0m[48;2;159;141;154m[38;2;159;141;154m+[0m[48;2;134;120;132m[38;2;134;120;132m#[0m[48;2;11;2;10m[38;2;11;2;10m█[0m[48;2;89;76;89m[38;2;89;76;89m@[0m[48;2;133;120;133m[38;2;133;120;133m#[0m[48;2;30;17;29m[38;2;30;17;29m▓[0m[48;2;100;85;98m[38;2;100;85;98m@[0m[48;2;151;135;148m[38;2;151;135;148m*[0m[48;2;132;118;130m[38;2;132;118;130m#[0m[48;2;123;110;121m[38;2;123;110;121m#[0m[48;2;44;35;43m[38;2;44;35;43m▒[0m[48;2;120;115;120m[38;2;120;115;120m#[0m[48;2;215;213;216m[38;2;215;213;216m:[0m                                    
                                         [48;2;235;235;235m[38;2;235;235;235m.[0m[48;2;31;28;30m[38;2;31;28;30m▓[0m[48;2;153;139;148m[38;2;153;139;148m*[0m[48;2;71;58;67m[38;2;71;58;67m░[0m[48;2;113;99;109m[38;2;113;99;109m%[0m[48;2;161;140;155m[38;2;161;140;155m+[0m[48;2;161;140;155m[38;2;161;140;155m+[0m[48;2;161;140;155m[38;2;161;140;155m+[0m[48;2;160;140;154m[38;2;160;140;154m+[0m[48;2;38;26;34m[38;2;38;26;34m▓[0m[48;2;81;73;79m[38;2;81;73;79m@[0m[48;2;213;204;206m[38;2;213;204;206m:[0m[48;2;69;63;65m[38;2;69;63;65m░[0m[48;2;49;27;103m[38;2;49;27;103m▒[0m[48;2;59;30;130m[38;2;59;30;130m▒[0m[48;2;34;14;76m[38;2;34;14;76m▓[0m[48;2;97;88;94m[38;2;97;88;94m@[0m[48;2;151;143;144m[38;2;151;143;144m*[0m[48;2;108;98;99m[38;2;108;98;99m%[0m[48;2;101;91;92m[38;2;101;91;92m%[0m[48;2;101;91;93m[38;2;101;91;93m%[0m[48;2;86;76;80m[38;2;86;76;80m@[0m[48;2;15;4;20m[38;2;15;4;20m█[0m[48;2;33;14;71m[38;2;33;14;71m▓[0m[48;2;49;30;78m[38;2;49;30;78m▒[0m[48;2;26;14;32m[38;2;26;14;32m▓[0m[48;2;24;16;23m[38;2;24;16;23m▓[0m[48;2;20;12;18m[38;2;20;12;18m█[0m[48;2;20;13;19m[38;2;20;13;19m█[0m[48;2;33;25;32m[38;2;33;25;32m▓[0m[48;2;53;46;54m[38;2;53;46;54m▒[0m[48;2;49;43;50m[38;2;49;43;50m▒[0m[48;2;14;8;14m[38;2;14;8;14m█[0m[48;2;137;133;137m[38;2;137;133;137m*[0m                                   
                                         [48;2;181;181;181m[38;2;181;181;181m=[0m[48;2;62;56;59m[38;2;62;56;59m░[0m[48;2;160;142;153m[38;2;160;142;153m+[0m[48;2;89;76;86m[38;2;89;76;86m@[0m[48;2;90;77;87m[38;2;90;77;87m@[0m[48;2;161;141;155m[38;2;161;141;155m+[0m[48;2;161;140;155m[38;2;161;140;155m+[0m[48;2;161;140;155m[38;2;161;140;155m+[0m[48;2;159;139;153m[38;2;159;139;153m+[0m[48;2;34;25;30m[38;2;34;25;30m▓[0m[48;2;245;234;237m[38;2;245;234;237m.[0m[48;2;253;240;239m[38;2;253;240;239m [0m[48;2;50;39;43m[38;2;50;39;43m▒[0m[48;2;180;151;194m[38;2;180;151;194m+[0m[48;2;151;103;181m[38;2;151;103;181m#[0m[48;2;63;35;83m[38;2;63;35;83m▒[0m[48;2;162;152;152m[38;2;162;152;152m+[0m[48;2;250;238;230m[38;2;250;238;230m [0m[48;2;250;237;228m[38;2;250;237;228m [0m[48;2;249;236;228m[38;2;249;236;228m [0m[48;2;249;236;230m[38;2;249;236;230m [0m[48;2;192;180;178m[38;2;192;180;178m-[0m[48;2;32;18;46m[38;2;32;18;46m▓[0m[48;2;108;78;169m[38;2;108;78;169m%[0m[48;2;76;42;143m[38;2;76;42;143m░[0m[48;2;41;26;50m[38;2;41;26;50m▓[0m[48;2;222;210;217m[38;2;222;210;217m:[0m[48;2;62;53;57m[38;2;62;53;57m░[0m[48;2;143;137;138m[38;2;143;137;138m*[0m[48;2;14;9;12m[38;2;14;9;12m█[0m[48;2;32;27;32m[38;2;32;27;32m▓[0m[48;2;128;124;129m[38;2;128;124;129m#[0m[48;2;236;233;237m[38;2;236;233;237m.[0m                                    
                                         [48;2;177;176;176m[38;2;177;176;176m=[0m[48;2;65;57;62m[38;2;65;57;62m░[0m[48;2;160;143;154m[38;2;160;143;154m+[0m[48;2;148;132;143m[38;2;148;132;143m*[0m[48;2;27;17;25m[38;2;27;17;25m▓[0m[48;2;129;115;126m[38;2;129;115;126m#[0m[48;2;159;141;155m[38;2;159;141;155m+[0m[48;2;161;140;155m[38;2;161;140;155m+[0m[48;2;159;140;154m[38;2;159;140;154m+[0m[48;2;36;27;32m[38;2;36;27;32m▓[0m[48;2;212;198;200m[38;2;212;198;200m:[0m[48;2;248;229;228m[38;2;248;229;228m.[0m[48;2;90;78;79m[38;2;90;78;79m@[0m[48;2;141;113;141m[38;2;141;113;141m#[0m[48;2;166;123;164m[38;2;166;123;164m*[0m[48;2;62;47;59m[38;2;62;47;59m▒[0m[48;2;238;226;223m[38;2;238;226;223m.[0m[48;2;250;236;227m[38;2;250;236;227m [0m[48;2;250;235;226m[38;2;250;235;226m [0m[48;2;250;235;226m[38;2;250;235;226m [0m[48;2;250;235;226m[38;2;250;235;226m [0m[48;2;220;205;200m[38;2;220;205;200m:[0m[48;2;50;36;44m[38;2;50;36;44m▒[0m[48;2;213;172;217m[38;2;213;172;217m-[0m[48;2;113;80;122m[38;2;113;80;122m%[0m[48;2;125;113;115m[38;2;125;113;115m#[0m[48;2;248;236;232m[38;2;248;236;232m [0m[48;2;242;230;227m[38;2;242;230;227m.[0m[48;2;178;170;167m[38;2;178;170;167m=[0m[48;2;57;50;52m[38;2;57;50;52m▒[0m[48;2;68;60;66m[38;2;68;60;66m░[0m[48;2;76;72;75m[38;2;76;72;75m@[0m                                     
                                         [48;2;234;234;234m[38;2;234;234;234m.[0m[48;2;43;38;41m[38;2;43;38;41m▒[0m[48;2;113;102;110m[38;2;113;102;110m%[0m[48;2;82;70;79m[38;2;82;70;79m@[0m[48;2;11;4;10m[38;2;11;4;10m█[0m[48;2;12;5;11m[38;2;12;5;11m█[0m[48;2;76;66;73m[38;2;76;66;73m░[0m[48;2;130;115;126m[38;2;130;115;126m#[0m[48;2;153;137;149m[38;2;153;137;149m*[0m[48;2;107;94;103m[38;2;107;94;103m%[0m[48;2;82;69;74m[38;2;82;69;74m@[0m[48;2;239;222;222m[38;2;239;222;222m.[0m[48;2;236;222;221m[38;2;236;222;221m.[0m[48;2;149;136;134m[38;2;149;136;134m*[0m[48;2;147;134;132m[38;2;147;134;132m*[0m[48;2;230;217;213m[38;2;230;217;213m.[0m[48;2;250;234;228m[38;2;250;234;228m [0m[48;2;247;231;224m[38;2;247;231;224m.[0m[48;2;174;158;153m[38;2;174;158;153m+[0m[48;2;224;209;201m[38;2;224;209;201m:[0m[48;2;250;235;226m[38;2;250;235;226m [0m[48;2;250;234;228m[38;2;250;234;228m [0m[48;2;139;124;122m[38;2;139;124;122m*[0m[48;2;94;73;82m[38;2;94;73;82m@[0m[48;2;113;95;100m[38;2;113;95;100m%[0m[48;2;241;226;220m[38;2;241;226;220m.[0m[48;2;240;215;203m[38;2;240;215;203m.[0m[48;2;242;219;209m[38;2;242;219;209m.[0m[48;2;179;167;167m[38;2;179;167;167m=[0m[48;2;65;55;59m[38;2;65;55;59m░[0m[48;2;142;130;137m[38;2;142;130;137m*[0m[48;2;37;31;36m[38;2;37;31;36m▓[0m                                     
                                          [48;2;72;70;71m[38;2;72;70;71m░[0m[48;2;36;33;37m[38;2;36;33;37m▓[0m[48;2;119;114;116m[38;2;119;114;116m#[0m[48;2;227;217;214m[38;2;227;217;214m.[0m[48;2;176;166;163m[38;2;176;166;163m=[0m[48;2;17;9;11m[38;2;17;9;11m█[0m[48;2;6;1;5m[38;2;6;1;5m█[0m[48;2;20;15;21m[38;2;20;15;21m█[0m[48;2;96;87;95m[38;2;96;87;95m@[0m[48;2;73;63;69m[38;2;73;63;69m░[0m[48;2;82;71;73m[38;2;82;71;73m@[0m[48;2;181;168;166m[38;2;181;168;166m=[0m[48;2;251;235;231m[38;2;251;235;231m [0m[48;2;250;234;228m[38;2;250;234;228m [0m[48;2;250;235;226m[38;2;250;235;226m [0m[48;2;250;235;226m[38;2;250;235;226m [0m[48;2;249;234;225m[38;2;249;234;225m.[0m[48;2;200;184;178m[38;2;200;184;178m-[0m[48;2;226;210;204m[38;2;226;210;204m:[0m[48;2;250;234;228m[38;2;250;234;228m [0m[48;2;250;235;226m[38;2;250;235;226m [0m[48;2;251;236;227m[38;2;251;236;227m [0m[48;2;252;237;228m[38;2;252;237;228m [0m[48;2;252;237;228m[38;2;252;237;228m [0m[48;2;245;226;216m[38;2;245;226;216m.[0m[48;2;240;215;204m[38;2;240;215;204m.[0m[48;2;249;228;221m[38;2;249;228;221m.[0m[48;2;135;122;126m[38;2;135;122;126m#[0m[48;2;40;30;34m[38;2;40;30;34m▓[0m[48;2;37;27;33m[38;2;37;27;33m▓[0m[48;2;186;182;186m[38;2;186;182;186m-[0m                                     
                                         [48;2;166;166;166m[38;2;166;166;166m=[0m[48;2;86;86;86m[38;2;86;86;86m@[0m[48;2;195;193;195m[38;2;195;193;195m-[0m[48;2;80;78;78m[38;2;80;78;78m@[0m[48;2;117;110;109m[38;2;117;110;109m#[0m[48;2;223;215;212m[38;2;223;215;212m:[0m[48;2;112;105;104m[38;2;112;105;104m%[0m[48;2;84;78;79m[38;2;84;78;79m@[0m[48;2;13;8;11m[38;2;13;8;11m█[0m[48;2;74;68;72m[38;2;74;68;72m░[0m[48;2;212;201;206m[38;2;212;201;206m:[0m[48;2;248;235;235m[38;2;248;235;235m [0m[48;2;251;236;235m[38;2;251;236;235m [0m[48;2;251;236;233m[38;2;251;236;233m [0m[48;2;250;235;231m[38;2;250;235;231m [0m[48;2;250;234;228m[38;2;250;234;228m [0m[48;2;250;234;227m[38;2;250;234;227m [0m[48;2;250;235;227m[38;2;250;235;227m [0m[48;2;250;235;226m[38;2;250;235;226m [0m[48;2;250;235;226m[38;2;250;235;226m [0m[48;2;250;235;226m[38;2;250;235;226m [0m[48;2;250;235;226m[38;2;250;235;226m [0m[48;2;250;235;226m[38;2;250;235;226m [0m[48;2;250;235;226m[38;2;250;235;226m [0m[48;2;250;235;226m[38;2;250;235;226m [0m[48;2;252;237;229m[38;2;252;237;229m [0m[48;2;250;235;229m[38;2;250;235;229m [0m[48;2;184;172;171m[38;2;184;172;171m=[0m[48;2;47;37;40m[38;2;47;37;40m▒[0m[48;2;95;87;90m[38;2;95;87;90m@[0m[48;2;58;51;56m[38;2;58;51;56m▒[0m                                      
                                         [48;2;119;119;119m[38;2;119;119;119m#[0m[48;2;118;118;118m[38;2;118;118;118m#[0m[48;2;203;203;203m[38;2;203;203;203m:[0m[48;2;145;143;144m[38;2;145;143;144m*[0m[48;2;4;2;3m[38;2;4;2;3m█[0m[48;2;11;9;10m[38;2;11;9;10m█[0m[48;2;33;30;32m[38;2;33;30;32m▓[0m[48;2;115;113;114m[38;2;115;113;114m#[0m[48;2;137;134;136m[38;2;137;134;136m*[0m[48;2;41;37;39m[38;2;41;37;39m▒[0m[48;2;53;47;51m[38;2;53;47;51m▒[0m[48;2;29;23;26m[38;2;29;23;26m▓[0m[48;2;51;45;49m[38;2;51;45;49m▒[0m[48;2;74;67;70m[38;2;74;67;70m░[0m[48;2;99;90;93m[38;2;99;90;93m%[0m[48;2;119;109;109m[38;2;119;109;109m#[0m[48;2;136;126;126m[38;2;136;126;126m*[0m[48;2;152;142;142m[38;2;152;142;142m*[0m[48;2;167;157;156m[38;2;167;157;156m+[0m[48;2;175;165;164m[38;2;175;165;164m=[0m[48;2;183;173;173m[38;2;183;173;173m=[0m[48;2;185;174;174m[38;2;185;174;174m=[0m[48;2;180;168;168m[38;2;180;168;168m=[0m[48;2;169;158;157m[38;2;169;158;157m+[0m[48;2;151;140;140m[38;2;151;140;140m*[0m[48;2;114;104;105m[38;2;114;104;105m%[0m[48;2;61;52;58m[38;2;61;52;58m░[0m[48;2;19;13;22m[38;2;19;13;22m█[0m[48;2;16;10;19m[38;2;16;10;19m█[0m[48;2;31;25;31m[38;2;31;25;31m▓[0m[48;2;214;212;216m[38;2;214;212;216m:[0m                                      
                                       [48;2;164;163;164m[38;2;164;163;164m+[0m[48;2;69;67;69m[38;2;69;67;69m░[0m[48;2;48;44;47m[38;2;48;44;47m▒[0m[48;2;100;98;102m[38;2;100;98;102m%[0m[48;2;202;202;204m[38;2;202;202;204m:[0m[48;2;138;135;138m[38;2;138;135;138m*[0m[48;2;3;1;3m[38;2;3;1;3m█[0m[48;2;11;8;12m[38;2;11;8;12m█[0m[48;2;8;5;10m[38;2;8;5;10m█[0m[48;2;122;119;124m[38;2;122;119;124m#[0m [48;2;42;40;43m[38;2;42;40;43m▒[0m[48;2;9;7;10m[38;2;9;7;10m█[0m[48;2;16;13;18m[38;2;16;13;18m█[0m[48;2;5;1;7m[38;2;5;1;7m█[0m[48;2;6;2;9m[38;2;6;2;9m█[0m[48;2;22;16;26m[38;2;22;16;26m▓[0m[48;2;33;27;39m[38;2;33;27;39m▓[0m[48;2;29;23;34m[38;2;29;23;34m▓[0m[48;2;26;20;27m[38;2;26;20;27m▓[0m[48;2;112;106;112m[38;2;112;106;112m%[0m[48;2;62;56;60m[38;2;62;56;60m░[0m[48;2;22;17;20m[38;2;22;17;20m▓[0m[48;2;62;57;59m[38;2;62;57;59m░[0m[48;2;70;65;68m[38;2;70;65;68m░[0m[48;2;13;9;13m[38;2;13;9;13m█[0m[48;2;10;6;11m[38;2;10;6;11m█[0m[48;2;6;3;8m[38;2;6;3;8m█[0m[48;2;34;29;43m[38;2;34;29;43m▓[0m[48;2;29;25;38m[38;2;29;25;38m▓[0m[48;2;7;3;12m[38;2;7;3;12m█[0m[48;2;56;52;58m[38;2;56;52;58m▒[0m                                       
                                     [48;2;226;225;226m[38;2;226;225;226m.[0m[48;2;77;71;78m[38;2;77;71;78m@[0m[48;2;92;83;91m[38;2;92;83;91m@[0m[48;2;151;136;147m[38;2;151;136;147m*[0m[48;2;140;124;136m[38;2;140;124;136m*[0m[48;2;45;37;45m[38;2;45;37;45m▒[0m[48;2;194;191;197m[38;2;194;191;197m-[0m[48;2;192;188;193m[38;2;192;188;193m-[0m[48;2;25;22;27m[38;2;25;22;27m▓[0m[48;2;11;8;14m[38;2;11;8;14m█[0m[48;2;18;15;21m[38;2;18;15;21m█[0m[48;2;208;205;211m[38;2;208;205;211m:[0m[48;2;225;222;228m[38;2;225;222;228m.[0m[48;2;26;22;29m[38;2;26;22;29m▓[0m[48;2;11;8;15m[38;2;11;8;15m█[0m[48;2;25;21;32m[38;2;25;21;32m▓[0m[48;2;26;21;36m[38;2;26;21;36m▓[0m[48;2;30;26;36m[38;2;30;26;36m▓[0m[48;2;22;20;28m[38;2;22;20;28m▓[0m[48;2;7;4;12m[38;2;7;4;12m█[0m[48;2;46;40;50m[38;2;46;40;50m▒[0m[48;2;17;13;22m[38;2;17;13;22m█[0m[48;2;7;3;11m[38;2;7;3;11m█[0m[48;2;56;52;58m[38;2;56;52;58m▒[0m[48;2;181;176;181m[38;2;181;176;181m=[0m[48;2;79;73;78m[38;2;79;73;78m@[0m[48;2;48;42;47m[38;2;48;42;47m▒[0m[48;2;20;15;19m[38;2;20;15;19m█[0m[48;2;79;73;73m[38;2;79;73;73m@[0m[48;2;7;4;8m[38;2;7;4;8m█[0m[48;2;34;30;42m[38;2;34;30;42m▓[0m[48;2;24;20;30m[38;2;24;20;30m▓[0m[48;2;165;162;168m[38;2;165;162;168m+[0m[48;2;242;239;243m[38;2;242;239;243m [0m                                       
                                    [48;2;237;237;237m[38;2;237;237;237m.[0m[48;2;50;47;50m[38;2;50;47;50m▒[0m[48;2;126;116;126m[38;2;126;116;126m#[0m[48;2;154;139;152m[38;2;154;139;152m*[0m[48;2;158;139;153m[38;2;158;139;153m*[0m[48;2;142;126;139m[38;2;142;126;139m*[0m[48;2;54;47;55m[38;2;54;47;55m▒[0m[48;2;56;52;58m[38;2;56;52;58m▒[0m[48;2;159;156;162m[38;2;159;156;162m+[0m[48;2;110;106;113m[38;2;110;106;113m%[0m[48;2;21;15;22m[38;2;21;15;22m█[0m[48;2;144;137;146m[38;2;144;137;146m*[0m[48;2;156;153;159m[38;2;156;153;159m+[0m[48;2;43;41;48m[38;2;43;41;48m▒[0m[48;2;25;21;32m[38;2;25;21;32m▓[0m[48;2;19;14;25m[38;2;19;14;25m█[0m[48;2;19;15;28m[38;2;19;15;28m█[0m[48;2;36;31;50m[38;2;36;31;50m▓[0m[48;2;36;30;50m[38;2;36;30;50m▓[0m[48;2;37;31;50m[38;2;37;31;50m▓[0m[48;2;25;21;37m[38;2;25;21;37m▓[0m[48;2;15;12;20m[38;2;15;12;20m█[0m[48;2;69;63;62m[38;2;69;63;62m░[0m[48;2;44;35;31m[38;2;44;35;31m▒[0m[48;2;15;10;12m[38;2;15;10;12m█[0m[48;2;6;2;4m[38;2;6;2;4m█[0m[48;2;10;6;7m[38;2;10;6;7m█[0m[48;2;79;73;69m[38;2;79;73;69m@[0m[48;2;36;30;29m[38;2;36;30;29m▓[0m[48;2;129;125;110m[38;2;129;125;110m#[0m[48;2;8;5;8m[38;2;8;5;8m█[0m[48;2;24;20;29m[38;2;24;20;29m▓[0m[48;2;182;177;184m[38;2;182;177;184m=[0m                                         
                                    [48;2;140;138;139m[38;2;140;138;139m*[0m[48;2;83;75;81m[38;2;83;75;81m@[0m[48;2;155;139;152m[38;2;155;139;152m*[0m[48;2;156;141;154m[38;2;156;141;154m+[0m[48;2;113;100;112m[38;2;113;100;112m%[0m[48;2;70;62;72m[38;2;70;62;72m░[0m[48;2;187;182;189m[38;2;187;182;189m-[0m[48;2;133;131;136m[38;2;133;131;136m*[0m[48;2;21;18;24m[38;2;21;18;24m▓[0m[48;2;59;53;63m[38;2;59;53;63m░[0m[48;2;44;37;47m[38;2;44;37;47m▒[0m[48;2;33;27;36m[38;2;33;27;36m▓[0m[48;2;9;6;14m[38;2;9;6;14m█[0m[48;2;14;12;22m[38;2;14;12;22m█[0m[48;2;16;13;28m[38;2;16;13;28m█[0m[48;2;24;19;35m[38;2;24;19;35m▓[0m[48;2;36;31;48m[38;2;36;31;48m▓[0m[48;2;37;31;52m[38;2;37;31;52m▓[0m[48;2;37;31;52m[38;2;37;31;52m▓[0m[48;2;37;31;52m[38;2;37;31;52m▓[0m[48;2;37;31;51m[38;2;37;31;51m▓[0m[48;2;26;21;35m[38;2;26;21;35m▓[0m[48;2;92;81;73m[38;2;92;81;73m@[0m[48;2;225;207;169m[38;2;225;207;169m:[0m[48;2;199;179;141m[38;2;199;179;141m=[0m[48;2;135;115;87m[38;2;135;115;87m#[0m[48;2;176;158;125m[38;2;176;158;125m+[0m[48;2;222;208;166m[38;2;222;208;166m:[0m[48;2;54;45;37m[38;2;54;45;37m▒[0m[48;2;46;40;41m[38;2;46;40;41m▒[0m[48;2;17;13;21m[38;2;17;13;21m█[0m[48;2;121;117;125m[38;2;121;117;125m#[0m                                          
                                    [48;2;137;133;135m[38;2;137;133;135m*[0m[48;2;90;79;87m[38;2;90;79;87m@[0m[48;2;159;141;154m[38;2;159;141;154m+[0m[48;2;152;136;149m[38;2;152;136;149m*[0m[48;2;36;29;38m[38;2;36;29;38m▓[0m[48;2;156;153;160m[38;2;156;153;160m+[0m[48;2;44;41;47m[38;2;44;41;47m▒[0m[48;2;77;71;78m[38;2;77;71;78m@[0m[48;2;147;137;148m[38;2;147;137;148m*[0m[48;2;156;142;154m[38;2;156;142;154m+[0m[48;2;156;143;156m[38;2;156;143;156m+[0m[48;2;153;144;155m[38;2;153;144;155m+[0m[48;2;27;22;29m[38;2;27;22;29m▓[0m[48;2;34;30;43m[38;2;34;30;43m▓[0m[48;2;37;31;50m[38;2;37;31;50m▓[0m[48;2;37;31;51m[38;2;37;31;51m▓[0m[48;2;37;31;52m[38;2;37;31;52m▓[0m[48;2;37;31;52m[38;2;37;31;52m▓[0m[48;2;37;31;52m[38;2;37;31;52m▓[0m[48;2;36;31;50m[38;2;36;31;50m▓[0m[48;2;28;23;40m[38;2;28;23;40m▓[0m[48;2;12;8;22m[38;2;12;8;22m█[0m[48;2;24;20;26m[38;2;24;20;26m▓[0m[48;2;85;78;71m[38;2;85;78;71m@[0m[48;2;157;143;120m[38;2;157;143;120m*[0m[48;2;208;193;156m[38;2;208;193;156m-[0m[48;2;189;173;141m[38;2;189;173;141m=[0m[48;2;86;72;58m[38;2;86;72;58m@[0m[48;2;18;10;11m[38;2;18;10;11m█[0m[48;2;5;1;6m[38;2;5;1;6m█[0m[48;2;20;17;23m[38;2;20;17;23m▓[0m[48;2;8;5;10m[38;2;8;5;10m█[0m[48;2;112;109;113m[38;2;112;109;113m#[0m[48;2;179;178;179m[38;2;179;178;179m=[0m[48;2;211;210;210m[38;2;211;210;210m:[0m                                       
                                    [48;2;232;232;232m[38;2;232;232;232m.[0m[48;2;63;58;62m[38;2;63;58;62m░[0m[48;2;112;102;110m[38;2;112;102;110m%[0m[48;2;152;140;150m[38;2;152;140;150m*[0m[48;2;65;57;65m[38;2;65;57;65m░[0m[48;2;15;9;15m[38;2;15;9;15m█[0m[48;2;54;46;53m[38;2;54;46;53m▒[0m[48;2;104;92;102m[38;2;104;92;102m%[0m[48;2;135;121;131m[38;2;135;121;131m#[0m[48;2;117;102;113m[38;2;117;102;113m%[0m[48;2;72;59;70m[38;2;72;59;70m░[0m[48;2;85;76;86m[38;2;85;76;86m@[0m[48;2;12;7;15m[38;2;12;7;15m█[0m[48;2;34;30;42m[38;2;34;30;42m▓[0m[48;2;37;32;50m[38;2;37;32;50m▓[0m[48;2;37;31;52m[38;2;37;31;52m▓[0m[48;2;37;31;52m[38;2;37;31;52m▓[0m[48;2;33;28;45m[38;2;33;28;45m▓[0m[48;2;14;11;24m[38;2;14;11;24m█[0m[48;2;8;5;16m[38;2;8;5;16m█[0m[48;2;17;15;19m[38;2;17;15;19m█[0m[48;2;51;48;52m[38;2;51;48;52m▒[0m[48;2;10;8;11m[38;2;10;8;11m█[0m[48;2;73;70;73m[38;2;73;70;73m░[0m[48;2;50;46;46m[38;2;50;46;46m▒[0m[48;2;29;23;22m[38;2;29;23;22m▓[0m[48;2;16;11;12m[38;2;16;11;12m█[0m[48;2;19;13;18m[38;2;19;13;18m█[0m[48;2;42;38;42m[38;2;42;38;42m▒[0m[48;2;7;4;8m[38;2;7;4;8m█[0m[48;2;34;31;35m[38;2;34;31;35m▓[0m[48;2;49;46;52m[38;2;49;46;52m▒[0m[48;2;38;36;42m[38;2;38;36;42m▒[0m[48;2;37;34;39m[38;2;37;34;39m▓[0m[48;2;29;27;30m[38;2;29;27;30m▓[0m[48;2;240;239;241m[38;2;240;239;241m [0m                                      
                                      [48;2;128;128;128m[38;2;128;128;128m#[0m[48;2;34;30;33m[38;2;34;30;33m▓[0m[48;2;80;70;78m[38;2;80;70;78m@[0m[48;2;101;91;99m[38;2;101;91;99m%[0m[48;2;93;83;91m[38;2;93;83;91m@[0m[48;2;76;66;74m[38;2;76;66;74m░[0m[48;2;56;45;54m[38;2;56;45;54m▒[0m[48;2;23;17;23m[38;2;23;17;23m▓[0m[48;2;6;2;7m[38;2;6;2;7m█[0m[48;2;24;19;25m[38;2;24;19;25m▓[0m[48;2;14;9;15m[38;2;14;9;15m█[0m[48;2;10;7;15m[38;2;10;7;15m█[0m[48;2;24;20;32m[38;2;24;20;32m▓[0m[48;2;28;23;38m[38;2;28;23;38m▓[0m[48;2;26;22;37m[38;2;26;22;37m▓[0m[48;2;9;6;16m[38;2;9;6;16m█[0m[48;2;3;1;5m[38;2;3;1;5m█[0m[48;2;36;33;38m[38;2;36;33;38m▓[0m[48;2;60;57;61m[38;2;60;57;61m░[0m[48;2;10;7;11m[38;2;10;7;11m█[0m[48;2;16;13;19m[38;2;16;13;19m█[0m[48;2;105;102;107m[38;2;105;102;107m%[0m[48;2;104;102;105m[38;2;104;102;105m%[0m[48;2;87;84;86m[38;2;87;84;86m@[0m[48;2;76;73;76m[38;2;76;73;76m@[0m[48;2;70;66;77m[38;2;70;66;77m░[0m[48;2;20;16;32m[38;2;20;16;32m▓[0m[48;2;25;17;59m[38;2;25;17;59m▓[0m[48;2;10;7;19m[38;2;10;7;19m█[0m[48;2;25;21;34m[38;2;25;21;34m▓[0m[48;2;34;29;47m[38;2;34;29;47m▓[0m[48;2;34;29;48m[38;2;34;29;48m▓[0m[48;2;22;17;35m[38;2;22;17;35m▓[0m[48;2;58;54;65m[38;2;58;54;65m░[0m[48;2;174;173;176m[38;2;174;173;176m=[0m                                     
                                       [48;2;82;81;81m[38;2;82;81;81m@[0m[48;2;71;66;70m[38;2;71;66;70m░[0m[48;2;109;101;107m[38;2;109;101;107m%[0m[48;2;112;102;110m[38;2;112;102;110m%[0m[48;2;114;103;112m[38;2;114;103;112m%[0m[48;2;118;106;116m[38;2;118;106;116m#[0m[48;2;124;112;122m[38;2;124;112;122m#[0m[48;2;123;112;121m[38;2;123;112;121m#[0m[48;2;114;103;112m[38;2;114;103;112m%[0m[48;2;113;99;109m[38;2;113;99;109m%[0m[48;2;111;95;107m[38;2;111;95;107m%[0m[48;2;110;94;107m[38;2;110;94;107m%[0m[48;2;107;92;105m[38;2;107;92;105m%[0m[48;2;104;92;104m[38;2;104;92;104m%[0m[48;2;98;88;99m[38;2;98;88;99m%[0m[48;2;68;60;69m[38;2;68;60;69m░[0m[48;2;27;21;28m[38;2;27;21;28m▓[0m[48;2;14;9;17m[38;2;14;9;17m█[0m[48;2;27;21;35m[38;2;27;21;35m▓[0m[48;2;37;30;46m[38;2;37;30;46m▓[0m[48;2;28;22;35m[38;2;28;22;35m▓[0m[48;2;211;206;215m[38;2;211;206;215m:[0m[48;2;244;239;246m[38;2;244;239;246m [0m[48;2;163;160;167m[38;2;163;160;167m+[0m[48;2;39;34;52m[38;2;39;34;52m▒[0m[48;2;37;30;59m[38;2;37;30;59m▓[0m[48;2;16;12;26m[38;2;16;12;26m█[0m[48;2;11;8;21m[38;2;11;8;21m█[0m[48;2;6;4;11m[38;2;6;4;11m█[0m[48;2;31;26;43m[38;2;31;26;43m▓[0m[48;2;37;31;51m[38;2;37;31;51m▓[0m[48;2;37;31;52m[38;2;37;31;52m▓[0m[48;2;35;30;49m[38;2;35;30;49m▓[0m[48;2;23;19;33m[38;2;23;19;33m▓[0m[48;2;56;53;60m[38;2;56;53;60m▒[0m[48;2;185;185;187m[38;2;185;185;187m-[0m                                   
                                        [48;2;183;182;183m[38;2;183;182;183m=[0m[48;2;119;116;120m[38;2;119;116;120m#[0m[48;2;89;86;89m[38;2;89;86;89m@[0m[48;2;87;80;86m[38;2;87;80;86m@[0m[48;2;94;84;92m[38;2;94;84;92m@[0m[48;2;79;70;78m[38;2;79;70;78m@[0m[48;2;73;64;72m[38;2;73;64;72m░[0m[48;2;76;67;75m[38;2;76;67;75m░[0m[48;2;75;66;74m[38;2;75;66;74m░[0m[48;2;71;61;70m[38;2;71;61;70m░[0m[48;2;66;56;69m[38;2;66;56;69m░[0m[48;2;54;44;58m[38;2;54;44;58m▒[0m[48;2;32;23;38m[38;2;32;23;38m▓[0m[48;2;21;15;28m[38;2;21;15;28m█[0m[48;2;25;19;34m[38;2;25;19;34m▓[0m[48;2;33;28;44m[38;2;33;28;44m▓[0m[48;2;37;32;49m[38;2;37;32;49m▓[0m[48;2;37;31;52m[38;2;37;31;52m▓[0m[48;2;37;31;52m[38;2;37;31;52m▓[0m[48;2;31;24;43m[38;2;31;24;43m▓[0m[48;2;48;42;54m[38;2;48;42;54m▒[0m[48;2;227;222;229m[38;2;227;222;229m.[0m [48;2;236;235;240m[38;2;236;235;240m.[0m[48;2;170;168;174m[38;2;170;168;174m=[0m[48;2;51;49;59m[38;2;51;49;59m▒[0m[48;2;58;54;67m[38;2;58;54;67m░[0m[48;2;23;21;26m[38;2;23;21;26m▓[0m[48;2;8;5;18m[38;2;8;5;18m█[0m[48;2;30;26;41m[38;2;30;26;41m▓[0m[48;2;36;30;50m[38;2;36;30;50m▓[0m[48;2;37;31;52m[38;2;37;31;52m▓[0m[48;2;37;31;52m[38;2;37;31;52m▓[0m[48;2;35;29;49m[38;2;35;29;49m▓[0m[48;2;21;17;31m[38;2;21;17;31m▓[0m[48;2;88;85;93m[38;2;88;85;93m@[0m[48;2;233;232;235m[38;2;233;232;235m.[0m                                 
                                               [48;2;241;240;241m[38;2;241;240;241m [0m[48;2;122;121;122m[38;2;122;121;122m#[0m[48;2;20;17;22m[38;2;20;17;22m▓[0m[48;2;37;32;49m[38;2;37;32;49m▓[0m[48;2;36;30;49m[38;2;36;30;49m▓[0m[48;2;37;31;50m[38;2;37;31;50m▓[0m[48;2;37;31;52m[38;2;37;31;52m▓[0m[48;2;37;31;52m[38;2;37;31;52m▓[0m[48;2;37;31;52m[38;2;37;31;52m▓[0m[48;2;37;31;52m[38;2;37;31;52m▓[0m[48;2;37;31;52m[38;2;37;31;52m▓[0m[48;2;37;31;52m[38;2;37;31;52m▓[0m[48;2;37;31;52m[38;2;37;31;52m▓[0m[48;2;29;24;41m[38;2;29;24;41m▓[0m[48;2;53;50;58m[38;2;53;50;58m▒[0m[48;2;227;225;229m[38;2;227;225;229m.[0m  [48;2;237;236;239m[38;2;237;236;239m.[0m[48;2;237;235;237m[38;2;237;235;237m.[0m[48;2;118;116;117m[38;2;118;116;117m#[0m[48;2;24;14;67m[38;2;24;14;67m▓[0m[48;2;13;6;46m[38;2;13;6;46m█[0m[48;2;28;23;41m[38;2;28;23;41m▓[0m[48;2;36;31;51m[38;2;36;31;51m▓[0m[48;2;37;31;52m[38;2;37;31;52m▓[0m[48;2;37;31;52m[38;2;37;31;52m▓[0m[48;2;37;31;52m[38;2;37;31;52m▓[0m[48;2;30;25;42m[38;2;30;25;42m▓[0m[48;2;42;39;47m[38;2;42;39;47m▒[0m[48;2;217;216;217m[38;2;217;216;217m:[0m                                