                                                                                                              
                                                                                                              
                                                                                                              
                                                                                                              
                                                                                                              
                                                                                                              
                                                                                                              
                                                                                                              
                                                                                                              
                                                                                                              
                                                                                                              
                                                                                                              
                                                                                                              
                                                   [48;2;187;187;187m[38;2;187;187;187m-[0m[48;2;131;130;132m[38;2;131;130;132m*[0m[48;2;93;92;95m[38;2;93;92;95m%[0m[48;2;66;65;69m[38;2;66;65;69m░[0m[48;2;57;56;61m[38;2;57;56;61m░[0m[48;2;53;51;57m[38;2;53;51;57m▒[0m[48;2;57;55;62m[38;2;57;55;62m░[0m[48;2;71;70;76m[38;2;71;70;76m░[0m[48;2;100;99;105m[38;2;100;99;105m%[0m[48;2;143;142;147m[38;2;143;142;147m*[0m[48;2;198;198;200m[38;2;198;198;200m-[0m                                                
                                                [48;2;215;214;215m[38;2;215;214;215m:[0m[48;2;100;99;103m[38;2;100;99;103m%[0m[48;2;28;27;34m[38;2;28;27;34m▓[0m[48;2;28;26;37m[38;2;28;26;37m▓[0m[48;2;39;37;51m[38;2;39;37;51m▒[0m[48;2;45;41;59m[38;2;45;41;59m▒[0m[48;2;45;43;59m[38;2;45;43;59m▒[0m[48;2;46;43;59m[38;2;46;43;59m▒[0m[48;2;47;44;61m[38;2;47;44;61m▒[0m[48;2;44;42;59m[38;2;44;42;59m▒[0m[48;2;44;42;59m[38;2;44;42;59m▒[0m[48;2;41;40;56m[38;2;41;40;56m▒[0m[48;2;36;34;51m[38;2;36;34;51m▓[0m[48;2;27;25;40m[38;2;27;25;40m▓[0m[48;2;36;34;44m[38;2;36;34;44m▓[0m[48;2;100;99;104m[38;2;100;99;104m%[0m[48;2;198;197;200m[38;2;198;197;200m-[0m                                             
                                              [48;2;236;236;236m[38;2;236;236;236m.[0m[48;2;120;119;122m[38;2;120;119;122m#[0m[48;2;25;23;30m[38;2;25;23;30m▓[0m[48;2;38;35;48m[38;2;38;35;48m▒[0m[48;2;45;42;57m[38;2;45;42;57m▒[0m[48;2;42;39;54m[38;2;42;39;54m▒[0m[48;2;35;31;45m[38;2;35;31;45m▓[0m[48;2;28;24;37m[38;2;28;24;37m▓[0m[48;2;28;24;37m[38;2;28;24;37m▓[0m[48;2;41;37;48m[38;2;41;37;48m▒[0m[48;2;46;42;52m[38;2;46;42;52m▒[0m[48;2;26;22;32m[38;2;26;22;32m▓[0m[48;2;47;42;53m[38;2;47;42;53m▒[0m[48;2;66;62;73m[38;2;66;62;73m░[0m[48;2;66;61;74m[38;2;66;61;74m░[0m[48;2;49;46;60m[38;2;49;46;60m▒[0m[48;2;45;42;57m[38;2;45;42;57m▒[0m[48;2;41;38;52m[38;2;41;38;52m▒[0m[48;2;26;24;35m[38;2;26;24;35m▓[0m[48;2;71;69;75m[38;2;71;69;75m░[0m[48;2;206;206;207m[38;2;206;206;207m:[0m                                           
                                             [48;2;190;190;191m[38;2;190;190;191m-[0m[48;2;37;35;41m[38;2;37;35;41m▓[0m[48;2;37;35;46m[38;2;37;35;46m▒[0m[48;2;46;43;57m[38;2;46;43;57m▒[0m[48;2;35;31;46m[38;2;35;31;46m▓[0m[48;2;27;20;33m[38;2;27;20;33m▓[0m[48;2;70;62;73m[38;2;70;62;73m░[0m[48;2;108;94;106m[38;2;108;94;106m%[0m[48;2;136;119;132m[38;2;136;119;132m#[0m[48;2;151;133;145m[38;2;151;133;145m*[0m[48;2;155;137;148m[38;2;155;137;148m*[0m[48;2;149;131;142m[38;2;149;131;142m*[0m[48;2;131;115;125m[38;2;131;115;125m#[0m[48;2;104;90;100m[38;2;104;90;100m%[0m[48;2;76;67;75m[38;2;76;67;75m░[0m[48;2;39;29;37m[38;2;39;29;37m▓[0m[48;2;56;48;56m[38;2;56;48;56m▒[0m[48;2;65;57;66m[38;2;65;57;66m░[0m[48;2;67;59;67m[38;2;67;59;67m░[0m[48;2;54;46;54m[38;2;54;46;54m▒[0m[48;2;25;20;27m[38;2;25;20;27m▓[0m[48;2;10;8;11m[38;2;10;8;11m█[0m[48;2;143;143;145m[38;2;143;143;145m*[0m                                          
                                            [48;2;172;172;174m[38;2;172;172;174m=[0m[48;2;20;19;25m[38;2;20;19;25m▓[0m[48;2;43;41;54m[38;2;43;41;54m▒[0m[48;2;42;39;53m[38;2;42;39;53m▒[0m[48;2;22;19;31m[38;2;22;19;31m▓[0m[48;2;52;46;56m[38;2;52;46;56m▒[0m[48;2;144;128;141m[38;2;144;128;141m*[0m[48;2;159;140;154m[38;2;159;140;154m+[0m[48;2;160;141;155m[38;2;160;141;155m+[0m[48;2;161;140;155m[38;2;161;140;155m+[0m[48;2;117;98;112m[38;2;117;98;112m%[0m[48;2;72;56;67m[38;2;72;56;67m░[0m[48;2;79;63;74m[38;2;79;63;74m░[0m[48;2;86;71;81m[38;2;86;71;81m@[0m[48;2;90;75;86m[38;2;90;75;86m@[0m[48;2;154;137;148m[38;2;154;137;148m*[0m[48;2;156;138;150m[38;2;156;138;150m*[0m[48;2;160;142;154m[38;2;160;142;154m+[0m[48;2;161;142;154m[38;2;161;142;154m+[0m[48;2;152;133;145m[38;2;152;133;145m*[0m[48;2;73;59;69m[38;2;73;59;69m░[0m[48;2;81;69;78m[38;2;81;69;78m@[0m[48;2;85;78;85m[38;2;85;78;85m@[0m[48;2;36;31;37m[38;2;36;31;37m▓[0m[48;2;134;132;135m[38;2;134;132;135m*[0m                                         
                                           [48;2;204;203;204m[38;2;204;203;204m:[0m[48;2;19;18;23m[38;2;19;18;23m▓[0m[48;2;42;40;51m[38;2;42;40;51m▒[0m[48;2;25;22;35m[38;2;25;22;35m▓[0m[48;2;23;17;27m[38;2;23;17;27m▓[0m[48;2;118;106;118m[38;2;118;106;118m#[0m[48;2;159;141;155m[38;2;159;141;155m+[0m[48;2;160;141;155m[38;2;160;141;155m+[0m[48;2;161;140;155m[38;2;161;140;155m+[0m[48;2;161;140;155m[38;2;161;140;155m+[0m[48;2;161;140;155m[38;2;161;140;155m+[0m[48;2;160;139;154m[38;2;160;139;154m+[0m[48;2;161;140;155m[38;2;161;140;155m+[0m[48;2;161;140;155m[38;2;161;140;155m+[0m[48;2;161;140;155m[38;2;161;140;155m+[0m[48;2;161;140;155m[38;2;161;140;155m+[0m[48;2;161;140;155m[38;2;161;140;155m+[0m[48;2;161;140;155m[38;2;161;140;155m+[0m[48;2;161;140;155m[38;2;161;140;155m+[0m[48;2;161;140;155m[38;2;161;140;155m+[0m[48;2;161;140;155m[38;2;161;140;155m+[0m[48;2;161;140;155m[38;2;161;140;155m+[0m[48;2;142;122;137m[38;2;142;122;137m*[0m[48;2;110;93;106m[38;2;110;93;106m%[0m[48;2;115;103;113m[38;2;115;103;113m%[0m[48;2;15;10;15m[38;2;15;10;15m█[0m[48;2;54;53;56m[38;2;54;53;56m▒[0m[48;2;95;93;103m[38;2;95;93;103m%[0m[48;2;207;207;208m[38;2;207;207;208m:[0m                                      
                                           [48;2;53;52;54m[38;2;53;52;54m▒[0m[48;2;32;30;37m[38;2;32;30;37m▓[0m[48;2;13;9;18m[38;2;13;9;18m█[0m[48;2;23;17;25m[38;2;23;17;25m▓[0m[48;2;137;124;134m[38;2;137;124;134m*[0m[48;2;160;140;155m[38;2;160;140;155m+[0m[48;2;161;140;155m[38;2;161;140;155m+[0m[48;2;161;140;155m[38;2;161;140;155m+[0m[48;2;161;140;155m[38;2;161;140;155m+[0m[48;2;160;139;154m[38;2;160;139;154m+[0m[48;2;159;138;153m[38;2;159;138;153m*[0m[48;2;159;138;153m[38;2;159;138;153m*[0m[48;2;160;139;154m[38;2;160;139;154m+[0m[48;2;161;140;155m[38;2;161;140;155m+[0m[48;2;161;140;155m[38;2;161;140;155m+[0m[48;2;161;140;155m[38;2;161;140;155m+[0m[48;2;161;140;155m[38;2;161;140;155m+[0m[48;2;161;140;155m[38;2;161;140;155m+[0m[48;2;161;140;155m[38;2;161;140;155m+[0m[48;2;161;140;155m[38;2;161;140;155m+[0m[48;2;161;140;155m[38;2;161;140;155m+[0m[48;2;148;129;143m[38;2;148;129;143m*[0m[48;2;137;118;132m[38;2;137;118;132m#[0m[48;2;160;141;155m[38;2;160;141;155m+[0m[48;2;157;139;153m[38;2;157;139;153m*[0m[48;2;123;111;122m[38;2;123;111;122m#[0m[48;2;12;7;12m[38;2;12;7;12m█[0m[48;2;53;44;78m[38;2;53;44;78m▒[0m[48;2;85;84;85m[38;2;85;84;85m@[0m                                      
                                          [48;2;177;177;177m[38;2;177;177;177m=[0m[48;2;11;10;12m[38;2;11;10;12m█[0m[48;2;22;20;26m[38;2;22;20;26m▓[0m[48;2;17;13;19m[38;2;17;13;19m█[0m[48;2;125;113;123m[38;2;125;113;123m#[0m[48;2;161;143;156m[38;2;161;143;156m+[0m[48;2;160;141;155m[38;2;160;141;155m+[0m[48;2;161;140;155m[38;2;161;140;155m+[0m[48;2;160;141;155m[38;2;160;141;155m+[0m[48;2;130;113;125m[38;2;130;113;125m#[0m[48;2;54;41;50m[38;2;54;41;50m▒[0m[48;2;113;100;109m[38;2;113;100;109m%[0m[48;2;53;38;50m[38;2;53;38;50m▒[0m[48;2;158;140;154m[38;2;158;140;154m+[0m[48;2;99;82;95m[38;2;99;82;95m@[0m[48;2;139;119;133m[38;2;139;119;133m#[0m[48;2;161;140;155m[38;2;161;140;155m+[0m[48;2;161;140;155m[38;2;161;140;155m+[0m[48;2;161;140;155m[38;2;161;140;155m+[0m[48;2;161;140;155m[38;2;161;140;155m+[0m[48;2;148;128;143m[38;2;148;128;143m*[0m[48;2;132;115;128m[38;2;132;115;128m#[0m[48;2;130;114;125m[38;2;130;114;125m#[0m[48;2;52;38;49m[38;2;52;38;49m▒[0m[48;2;158;140;153m[38;2;158;140;153m+[0m[48;2;160;139;154m[38;2;160;139;154m+[0m[48;2;160;140;155m[38;2;160;140;155m+[0m[48;2;95;82;92m[38;2;95;82;92m@[0m[48;2;13;6;14m[38;2;13;6;14m█[0m[48;2;37;30;53m[38;2;37;30;53m▓[0m[48;2;194;193;194m[38;2;194;193;194m-[0m                                     
                                          [48;2;95;95;95m[38;2;95;95;95m%[0m[48;2;10;10;11m[38;2;10;10;11m█[0m[48;2;87;83;88m[38;2;87;83;88m@[0m[48;2;54;47;55m[38;2;54;47;55m▒[0m[48;2;160;144;155m[38;2;160;144;155m+[0m[48;2;161;142;156m[38;2;161;142;156m+[0m[48;2;160;141;155m[38;2;160;141;155m+[0m[48;2;161;140;155m[38;2;161;140;155m+[0m[48;2;149;130;145m[38;2;149;130;145m*[0m[48;2;33;23;32m[38;2;33;23;32m▓[0m[48;2;56;49;56m[38;2;56;49;56m▒[0m[48;2;11;6;12m[38;2;11;6;12m█[0m[48;2;102;92;101m[38;2;102;92;101m%[0m[48;2;109;94;105m[38;2;109;94;105m%[0m[48;2;43;30;40m[38;2;43;30;40m▓[0m[48;2;132;116;129m[38;2;132;116;129m#[0m[48;2;159;141;155m[38;2;159;141;155m+[0m[48;2;161;140;155m[38;2;161;140;155m+[0m[48;2;161;140;155m[38;2;161;140;155m+[0m[48;2;161;140;155m[38;2;161;140;155m+[0m[48;2;111;94;108m[38;2;111;94;108m%[0m[48;2;64;51;61m[38;2;64;51;61m░[0m[48;2;157;142;152m[38;2;157;142;152m+[0m[48;2;56;42;52m[38;2;56;42;52m▒[0m[48;2;120;104;117m[38;2;120;104;117m#[0m[48;2;160;140;155m[38;2;160;140;155m+[0m[48;2;161;140;155m[38;2;161;140;155m+[0m[48;2;157;139;152m[38;2;157;139;152m*[0m[48;2;38;27;36m[38;2;38;27;36m▓[0m[48;2;25;18;38m[38;2;25;18;38m▓[0m[48;2;188;187;189m[38;2;188;187;189m-[0m                                     
                                          [48;2;50;49;50m[38;2;50;49;50m▒[0m[48;2;91;85;89m[38;2;91;85;89m@[0m[48;2;77;67;75m[38;2;77;67;75m░[0m[48;2;100;90;99m[38;2;100;90;99m%[0m[48;2;160;141;155m[38;2;160;141;155m+[0m[48;2;160;141;155m[38;2;160;141;155m+[0m[48;2;161;140;155m[38;2;161;140;155m+[0m[48;2;161;140;155m[38;2;161;140;155m+[0m[48;2;79;65;76m[38;2;79;65;76m░[0m[48;2;6;0;6m[38;2;6;0;6m█[0m[48;2;61;55;60m[38;2;61;55;60m░[0m[48;2;21;17;22m[38;2;21;17;22m▓[0m[48;2;88;83;89m[38;2;88;83;89m@[0m[48;2;26;20;26m[38;2;26;20;26m▓[0m[48;2;20;15;19m[38;2;20;15;19m█[0m[48;2;8;1;7m[38;2;8;1;7m█[0m[48;2;64;53;61m[38;2;64;53;61m░[0m[48;2;153;135;148m[38;2;153;135;148m*[0m[48;2;160;140;154m[38;2;160;140;154m+[0m[48;2;160;141;155m[38;2;160;141;155m+[0m[48;2;136;122;133m[38;2;136;122;133m#[0m[48;2;10;2;8m[38;2;10;2;8m█[0m[48;2;88;78;85m[38;2;88;78;85m@[0m[48;2;131;118;128m[38;2;131;118;128m#[0m[48;2;26;15;24m[38;2;26;15;24m▓[0m[48;2;99;86;97m[38;2;99;86;97m@[0m[48;2;153;137;148m[38;2;153;137;148m*[0m[48;2;134;118;129m[38;2;134;118;129m#[0m[48;2;124;111;121m[38;2;124;111;121m#[0m[48;2;41;35;42m[38;2;41;35;42m▒[0m[48;2;118;115;119m[38;2;118;115;119m#[0m[48;2;216;215;216m[38;2;216;215;216m:[0m                                    
                                         [48;2;235;235;235m[38;2;235;235;235m.[0m[48;2;29;27;29m[38;2;29;27;29m▓[0m[48;2;151;140;149m[38;2;151;140;149m*[0m[48;2;68;58;66m[38;2;68;58;66m░[0m[48;2;110;99;108m[38;2;110;99;108m%[0m[48;2;160;140;155m[38;2;160;140;155m+[0m[48;2;161;140;155m[38;2;161;140;155m+[0m[48;2;161;140;155m[38;2;161;140;155m+[0m[48;2;160;139;154m[38;2;160;139;154m+[0m[48;2;38;25;33m[38;2;38;25;33m▓[0m[48;2;81;73;78m[38;2;81;73;78m@[0m[48;2;215;205;207m[38;2;215;205;207m:[0m[48;2;70;62;64m[38;2;70;62;64m░[0m[48;2;51;29;101m[38;2;51;29;101m▒[0m[48;2;63;30;130m[38;2;63;30;130m▒[0m[48;2;35;14;76m[38;2;35;14;76m▓[0m[48;2;96;89;95m[38;2;96;89;95m%[0m[48;2;153;144;144m[38;2;153;144;144m+[0m[48;2;109;99;99m[38;2;109;99;99m%[0m[48;2;104;93;94m[38;2;104;93;94m%[0m[48;2;103;91;94m[38;2;103;91;94m%[0m[48;2;86;76;79m[38;2;86;76;79m@[0m[48;2;11;4;16m[38;2;11;4;16m█[0m[48;2;32;13;66m[38;2;32;13;66m▓[0m[48;2;46;27;78m[38;2;46;27;78m▒[0m[48;2;21;12;28m[38;2;21;12;28m█[0m[48;2;23;16;22m[38;2;23;16;22m▓[0m[48;2;19;11;17m[38;2;19;11;17m█[0m[48;2;22;15;20m[38;2;22;15;20m█[0m[48;2;30;23;29m[38;2;30;23;29m▓[0m[48;2;52;46;52m[38;2;52;46;52m▒[0m[48;2;46;41;47m[38;2;46;41;47m▒[0m[48;2;13;10;14m[38;2;13;10;14m█[0m[48;2;138;136;139m[38;2;138;136;139m*[0m                                   
                                         [48;2;182;182;182m[38;2;182;182;182m=[0m[48;2;60;55;58m[38;2;60;55;58m░[0m[48;2;157;143;152m[38;2;157;143;152m+[0m[48;2;88;77;85m[38;2;88;77;85m@[0m[48;2;88;78;87m[38;2;88;78;87m@[0m[48;2;160;141;155m[38;2;160;141;155m+[0m[48;2;161;140;155m[38;2;161;140;155m+[0m[48;2;161;140;155m[38;2;161;140;155m+[0m[48;2;159;138;153m[38;2;159;138;153m*[0m[48;2;36;23;30m[38;2;36;23;30m▓[0m[48;2;243;232;235m[38;2;243;232;235m.[0m[48;2;249;237;238m[38;2;249;237;238m [0m[48;2;49;39;44m[38;2;49;39;44m▒[0m[48;2;178;151;196m[38;2;178;151;196m+[0m[48;2;151;102;184m[38;2;151;102;184m#[0m[48;2;62;35;83m[38;2;62;35;83m▒[0m[48;2;161;151;151m[38;2;161;151;151m+[0m[48;2;250;237;230m[38;2;250;237;230m [0m[48;2;251;237;229m[38;2;251;237;229m [0m[48;2;251;236;230m[38;2;251;236;230m [0m[48;2;251;236;231m[38;2;251;236;231m [0m[48;2;189;177;176m[38;2;189;177;176m=[0m[48;2;31;16;42m[38;2;31;16;42m▓[0m[48;2;112;75;172m[38;2;112;75;172m%[0m[48;2;78;37;151m[38;2;78;37;151m░[0m[48;2;35;25;43m[38;2;35;25;43m▓[0m[48;2;220;213;213m[38;2;220;213;213m:[0m[48;2;60;52;53m[38;2;60;52;53m▒[0m[48;2;143;136;137m[38;2;143;136;137m*[0m[48;2;11;8;9m[38;2;11;8;9m█[0m[48;2;30;26;29m[38;2;30;26;29m▓[0m[48;2;131;126;130m[38;2;131;126;130m#[0m[48;2;237;234;238m[38;2;237;234;238m.[0m                                    
                                         [48;2;177;177;177m[38;2;177;177;177m=[0m[48;2;64;58;63m[38;2;64;58;63m░[0m[48;2;159;142;152m[38;2;159;142;152m+[0m[48;2;146;132;142m[38;2;146;132;142m*[0m[48;2;23;15;23m[38;2;23;15;23m▓[0m[48;2;129;114;126m[38;2;129;114;126m#[0m[48;2;160;140;155m[38;2;160;140;155m+[0m[48;2;161;140;155m[38;2;161;140;155m+[0m[48;2;160;140;154m[38;2;160;140;154m+[0m[48;2;38;27;34m[38;2;38;27;34m▓[0m[48;2;213;195;198m[38;2;213;195;198m-[0m[48;2;247;227;225m[38;2;247;227;225m.[0m[48;2;92;80;81m[38;2;92;80;81m@[0m[48;2;141;112;141m[38;2;141;112;141m#[0m[48;2;168;122;165m[38;2;168;122;165m*[0m[48;2;63;48;59m[38;2;63;48;59m▒[0m[48;2;237;226;222m[38;2;237;226;222m.[0m[48;2;250;235;227m[38;2;250;235;227m [0m[48;2;250;235;226m[38;2;250;235;226m [0m[48;2;250;235;226m[38;2;250;235;226m [0m[48;2;251;235;228m[38;2;251;235;228m [0m[48;2;220;206;203m[38;2;220;206;203m:[0m[48;2;51;36;46m[38;2;51;36;46m▒[0m[48;2;215;171;219m[38;2;215;171;219m-[0m[48;2;115;79;124m[38;2;115;79;124m%[0m[48;2;120;109;112m[38;2;120;109;112m#[0m[48;2;245;232;228m[38;2;245;232;228m.[0m[48;2;244;230;226m[38;2;244;230;226m.[0m[48;2;176;165;163m[38;2;176;165;163m=[0m[48;2;57;51;53m[38;2;57;51;53m▒[0m[48;2;66;59;63m[38;2;66;59;63m░[0m[48;2;76;72;76m[38;2;76;72;76m@[0m                                     
                                         [48;2;232;232;232m[38;2;232;232;232m.[0m[48;2;40;36;39m[38;2;40;36;39m▒[0m[48;2;112;99;108m[38;2;112;99;108m%[0m[48;2;80;69;76m[38;2;80;69;76m░[0m[48;2;11;4;10m[38;2;11;4;10m█[0m[48;2;11;5;12m[38;2;11;5;12m█[0m[48;2;77;67;77m[38;2;77;67;77m░[0m[48;2;129;115;126m[38;2;129;115;126m#[0m[48;2;153;138;150m[38;2;153;138;150m*[0m[48;2;105;94;101m[38;2;105;94;101m%[0m[48;2;81;67;70m[38;2;81;67;70m░[0m[48;2;240;224;223m[38;2;240;224;223m.[0m[48;2;236;223;220m[38;2;236;223;220m.[0m[48;2;148;137;135m[38;2;148;137;135m*[0m[48;2;146;134;135m[38;2;146;134;135m*[0m[48;2;229;216;212m[38;2;229;216;212m:[0m[48;2;250;235;227m[38;2;250;235;227m [0m[48;2;247;231;223m[38;2;247;231;223m.[0m[48;2;174;158;151m[38;2;174;158;151m+[0m[48;2;223;208;200m[38;2;223;208;200m:[0m[48;2;250;235;226m[38;2;250;235;226m [0m[48;2;251;236;229m[38;2;251;236;229m [0m[48;2;139;123;122m[38;2;139;123;122m#[0m[48;2;94;74;81m[38;2;94;74;81m@[0m[48;2;110;94;97m[38;2;110;94;97m%[0m[48;2;239;223;218m[38;2;239;223;218m.[0m[48;2;242;211;200m[38;2;242;211;200m:[0m[48;2;245;216;206m[38;2;245;216;206m.[0m[48;2;178;165;163m[38;2;178;165;163m=[0m[48;2;64;55;58m[38;2;64;55;58m░[0m[48;2;146;133;140m[38;2;146;133;140m*[0m[48;2;34;28;33m[38;2;34;28;33m▓[0m                                     
                                          [48;2;71;70;70m[38;2;71;70;70m░[0m[48;2;36;32;33m[38;2;36;32;33m▓[0m[48;2;120;114;116m[38;2;120;114;116m#[0m[48;2;228;217;219m[38;2;228;217;219m.[0m[48;2;175;164;166m[38;2;175;164;166m=[0m[48;2;16;9;11m[38;2;16;9;11m█[0m[48;2;5;1;3m[38;2;5;1;3m█[0m[48;2;18;14;17m[38;2;18;14;17m█[0m[48;2;92;86;90m[38;2;92;86;90m@[0m[48;2;71;64;66m[38;2;71;64;66m░[0m[48;2;78;70;70m[38;2;78;70;70m░[0m[48;2;180;169;166m[38;2;180;169;166m=[0m[48;2;250;236;229m[38;2;250;236;229m [0m[48;2;250;235;227m[38;2;250;235;227m [0m[48;2;250;235;226m[38;2;250;235;226m [0m[48;2;250;235;226m[38;2;250;235;226m [0m[48;2;249;234;225m[38;2;249;234;225m.[0m[48;2;200;185;177m[38;2;200;185;177m-[0m[48;2;227;212;203m[38;2;227;212;203m:[0m[48;2;250;235;226m[38;2;250;235;226m [0m[48;2;250;235;226m[38;2;250;235;226m [0m[48;2;250;235;226m[38;2;250;235;226m [0m[48;2;250;235;226m[38;2;250;235;226m [0m[48;2;250;235;226m[38;2;250;235;226m [0m[48;2;244;224;216m[38;2;244;224;216m.[0m[48;2;241;214;204m[38;2;241;214;204m.[0m[48;2;249;227;221m[38;2;249;227;221m.[0m[48;2;133;122;121m[38;2;133;122;121m#[0m[48;2;37;31;34m[38;2;37;31;34m▓[0m[48;2;33;25;30m[38;2;33;25;30m▓[0m[48;2;184;180;184m[38;2;184;180;184m=[0m                                     
                                         [48;2;166;166;166m[38;2;166;166;166m=[0m[48;2;86;85;86m[38;2;86;85;86m@[0m[48;2;195;192;193m[38;2;195;192;193m-[0m[48;2;79;75;76m[38;2;79;75;76m@[0m[48;2;116;108;110m[38;2;116;108;110m#[0m[48;2;226;216;217m[38;2;226;216;217m:[0m[48;2;113;105;106m[38;2;113;105;106m%[0m[48;2;82;78;80m[38;2;82;78;80m@[0m[48;2;9;7;8m[38;2;9;7;8m█[0m[48;2;74;71;72m[38;2;74;71;72m░[0m[48;2;210;204;204m[38;2;210;204;204m:[0m[48;2;246;237;234m[38;2;246;237;234m [0m[48;2;249;236;233m[38;2;249;236;233m [0m[48;2;249;235;230m[38;2;249;235;230m [0m[48;2;251;236;229m[38;2;251;236;229m [0m[48;2;251;236;229m[38;2;251;236;229m [0m[48;2;250;235;227m[38;2;250;235;227m [0m[48;2;250;235;227m[38;2;250;235;227m [0m[48;2;250;235;226m[38;2;250;235;226m [0m[48;2;250;235;226m[38;2;250;235;226m [0m[48;2;250;235;226m[38;2;250;235;226m [0m[48;2;250;235;226m[38;2;250;235;226m [0m[48;2;250;235;226m[38;2;250;235;226m [0m[48;2;250;235;226m[38;2;250;235;226m [0m[48;2;250;235;226m[38;2;250;235;226m [0m[48;2;251;236;230m[38;2;251;236;230m [0m[48;2;250;235;231m[38;2;250;235;231m [0m[48;2;185;172;169m[38;2;185;172;169m=[0m[48;2;45;37;38m[38;2;45;37;38m▒[0m[48;2;96;90;94m[38;2;96;90;94m%[0m[48;2;55;51;55m[38;2;55;51;55m▒[0m                                      
                                         [48;2;117;117;117m[38;2;117;117;117m#[0m[48;2;117;117;118m[38;2;117;117;118m#[0m[48;2;202;201;204m[38;2;202;201;204m:[0m[48;2;145;142;146m[38;2;145;142;146m*[0m[48;2;2;0;3m[38;2;2;0;3m█[0m[48;2;12;9;13m[38;2;12;9;13m█[0m[48;2;33;30;33m[38;2;33;30;33m▓[0m[48;2;113;110;113m[38;2;113;110;113m#[0m[48;2;136;134;135m[38;2;136;134;135m*[0m[48;2;39;37;38m[38;2;39;37;38m▒[0m[48;2;53;50;51m[38;2;53;50;51m▒[0m[48;2;27;23;23m[38;2;27;23;23m▓[0m[48;2;49;44;45m[38;2;49;44;45m▒[0m[48;2;75;69;71m[38;2;75;69;71m░[0m[48;2;98;91;93m[38;2;98;91;93m%[0m[48;2;118;109;112m[38;2;118;109;112m#[0m[48;2;134;128;128m[38;2;134;128;128m*[0m[48;2;151;143;142m[38;2;151;143;142m*[0m[48;2;165;157;156m[38;2;165;157;156m+[0m[48;2;175;166;162m[38;2;175;166;162m=[0m[48;2;184;173;169m[38;2;184;173;169m=[0m[48;2;185;174;170m[38;2;185;174;170m=[0m[48;2;179;169;165m[38;2;179;169;165m=[0m[48;2;168;159;155m[38;2;168;159;155m+[0m[48;2;147;138;135m[38;2;147;138;135m*[0m[48;2;114;106;104m[38;2;114;106;104m%[0m[48;2;58;51;55m[38;2;58;51;55m▒[0m[48;2;20;14;20m[38;2;20;14;20m█[0m[48;2;13;10;15m[38;2;13;10;15m█[0m[48;2;28;25;29m[38;2;28;25;29m▓[0m[48;2;215;213;217m[38;2;215;213;217m:[0m                                      
                                       [48;2;163;163;163m[38;2;163;163;163m+[0m[48;2;69;66;68m[38;2;69;66;68m░[0m[48;2;49;43;47m[38;2;49;43;47m▒[0m[48;2;101;100;103m[38;2;101;100;103m%[0m[48;2;202;201;204m[38;2;202;201;204m:[0m[48;2;137;136;139m[38;2;137;136;139m*[0m[48;2;2;1;4m[38;2;2;1;4m█[0m[48;2;10;8;12m[38;2;10;8;12m█[0m[48;2;7;5;10m[38;2;7;5;10m█[0m[48;2;120;117;122m[38;2;120;117;122m#[0m [48;2;41;39;42m[38;2;41;39;42m▒[0m[48;2;9;7;9m[38;2;9;7;9m█[0m[48;2;15;13;17m[38;2;15;13;17m█[0m[48;2;3;1;7m[38;2;3;1;7m█[0m[48;2;4;2;8m[38;2;4;2;8m█[0m[48;2;20;18;26m[38;2;20;18;26m▓[0m[48;2;32;29;40m[38;2;32;29;40m▓[0m[48;2;28;24;36m[38;2;28;24;36m▓[0m[48;2;24;19;29m[38;2;24;19;29m▓[0m[48;2;112;108;114m[38;2;112;108;114m#[0m[48;2;61;56;62m[38;2;61;56;62m░[0m[48;2;21;16;20m[38;2;21;16;20m█[0m[48;2;63;58;61m[38;2;63;58;61m░[0m[48;2;73;68;71m[38;2;73;68;71m░[0m[48;2;12;8;10m[38;2;12;8;10m█[0m[48;2;8;4;7m[38;2;8;4;7m█[0m[48;2;6;3;8m[38;2;6;3;8m█[0m[48;2;33;29;42m[38;2;33;29;42m▓[0m[48;2;29;25;39m[38;2;29;25;39m▓[0m[48;2;6;4;11m[38;2;6;4;11m█[0m[48;2;54;51;55m[38;2;54;51;55m▒[0m                                       
                                     [48;2;226;225;226m[38;2;226;225;226m.[0m[48;2;74;72;75m[38;2;74;72;75m░[0m[48;2;90;85;90m[38;2;90;85;90m@[0m[48;2;152;136;146m[38;2;152;136;146m*[0m[48;2;141;125;135m[38;2;141;125;135m*[0m[48;2;40;38;41m[38;2;40;38;41m▒[0m[48;2;193;192;195m[38;2;193;192;195m-[0m[48;2;190;189;192m[38;2;190;189;192m-[0m[48;2;23;22;25m[38;2;23;22;25m▓[0m[48;2;8;7;10m[38;2;8;7;10m█[0m[48;2;13;11;16m[38;2;13;11;16m█[0m[48;2;205;203;207m[38;2;205;203;207m:[0m[48;2;226;224;228m[38;2;226;224;228m.[0m[48;2;25;22;27m[38;2;25;22;27m▓[0m[48;2;13;10;15m[38;2;13;10;15m█[0m[48;2;24;22;31m[38;2;24;22;31m▓[0m[48;2;28;23;39m[38;2;28;23;39m▓[0m[48;2;28;24;36m[38;2;28;24;36m▓[0m[48;2;22;19;28m[38;2;22;19;28m▓[0m[48;2;6;4;12m[38;2;6;4;12m█[0m[48;2;45;42;49m[38;2;45;42;49m▒[0m[48;2;15;13;19m[38;2;15;13;19m█[0m[48;2;5;3;9m[38;2;5;3;9m█[0m[48;2;54;51;57m[38;2;54;51;57m▒[0m[48;2;178;175;181m[38;2;178;175;181m=[0m[48;2;78;75;79m[38;2;78;75;79m@[0m[48;2;45;42;46m[38;2;45;42;46m▒[0m[48;2;20;16;19m[38;2;20;16;19m█[0m[48;2;78;71;68m[38;2;78;71;68m░[0m[48;2;9;5;10m[38;2;9;5;10m█[0m[48;2;32;28;41m[38;2;32;28;41m▓[0m[48;2;23;19;32m[38;2;23;19;32m▓[0m[48;2;165;162;168m[38;2;165;162;168m+[0m[48;2;242;240;242m[38;2;242;240;242m [0m                                       
                                    [48;2;237;237;237m[38;2;237;237;237m.[0m[48;2;48;45;48m[38;2;48;45;48m▒[0m[48;2;130;116;125m[38;2;130;116;125m#[0m[48;2;158;142;152m[38;2;158;142;152m+[0m[48;2;157;139;150m[38;2;157;139;150m*[0m[48;2;145;128;138m[38;2;145;128;138m*[0m[48;2;53;49;53m[38;2;53;49;53m▒[0m[48;2;52;51;54m[38;2;52;51;54m▒[0m[48;2;157;156;159m[38;2;157;156;159m+[0m[48;2;108;107;110m[38;2;108;107;110m%[0m[48;2;14;13;16m[38;2;14;13;16m█[0m[48;2;140;139;142m[38;2;140;139;142m*[0m[48;2;155;154;157m[38;2;155;154;157m+[0m[48;2;41;40;45m[38;2;41;40;45m▒[0m[48;2;26;22;33m[38;2;26;22;33m▓[0m[48;2;18;14;25m[38;2;18;14;25m█[0m[48;2;19;15;27m[38;2;19;15;27m█[0m[48;2;37;31;51m[38;2;37;31;51m▓[0m[48;2;37;32;51m[38;2;37;32;51m▓[0m[48;2;36;31;50m[38;2;36;31;50m▓[0m[48;2;26;21;37m[38;2;26;21;37m▓[0m[48;2;16;12;23m[38;2;16;12;23m█[0m[48;2;69;65;61m[38;2;69;65;61m░[0m[48;2;43;38;30m[38;2;43;38;30m▒[0m[48;2;15;10;11m[38;2;15;10;11m█[0m[48;2;5;0;4m[38;2;5;0;4m█[0m[48;2;7;3;4m[38;2;7;3;4m█[0m[48;2;77;71;66m[38;2;77;71;66m░[0m[48;2;38;29;29m[38;2;38;29;29m▓[0m[48;2;132;124;108m[38;2;132;124;108m#[0m[48;2;6;3;5m[38;2;6;3;5m█[0m[48;2;23;19;27m[38;2;23;19;27m▓[0m[48;2;180;177;185m[38;2;180;177;185m=[0m                                         
                                    [48;2;139;139;139m[38;2;139;139;139m*[0m[48;2;82;76;79m[38;2;82;76;79m@[0m[48;2;158;141;151m[38;2;158;141;151m+[0m[48;2;160;142;153m[38;2;160;142;153m+[0m[48;2;112;99;108m[38;2;112;99;108m%[0m[48;2;71;63;70m[38;2;71;63;70m░[0m[48;2;189;185;189m[38;2;189;185;189m-[0m[48;2;135;132;136m[38;2;135;132;136m*[0m[48;2;22;17;22m[38;2;22;17;22m▓[0m[48;2;59;54;59m[38;2;59;54;59m░[0m[48;2;42;36;42m[38;2;42;36;42m▒[0m[48;2;30;26;31m[38;2;30;26;31m▓[0m[48;2;7;6;9m[38;2;7;6;9m█[0m[48;2;13;12;20m[38;2;13;12;20m█[0m[48;2;16;13;28m[38;2;16;13;28m█[0m[48;2;24;19;36m[38;2;24;19;36m▓[0m[48;2;36;30;49m[38;2;36;30;49m▓[0m[48;2;37;31;52m[38;2;37;31;52m▓[0m[48;2;37;31;52m[38;2;37;31;52m▓[0m[48;2;37;31;52m[38;2;37;31;52m▓[0m[48;2;37;31;52m[38;2;37;31;52m▓[0m[48;2;26;21;38m[38;2;26;21;38m▓[0m[48;2;90;82;74m[38;2;90;82;74m@[0m[48;2;223;210;165m[38;2;223;210;165m:[0m[48;2;195;179;137m[38;2;195;179;137m=[0m[48;2;132;116;84m[38;2;132;116;84m#[0m[48;2;173;155;121m[38;2;173;155;121m+[0m[48;2;222;207;162m[38;2;222;207;162m:[0m[48;2;55;46;38m[38;2;55;46;38m▒[0m[48;2;47;41;42m[38;2;47;41;42m▒[0m[48;2;17;15;21m[38;2;17;15;21m█[0m[48;2;116;114;120m[38;2;116;114;120m#[0m                                          
                                    [48;2;133;133;133m[38;2;133;133;133m*[0m[48;2;89;82;86m[38;2;89;82;86m@[0m[48;2;159;141;152m[38;2;159;141;152m+[0m[48;2;155;137;148m[38;2;155;137;148m*[0m[48;2;39;28;36m[38;2;39;28;36m▓[0m[48;2;159;154;160m[38;2;159;154;160m+[0m[48;2;45;40;44m[38;2;45;40;44m▒[0m[48;2;77;69;77m[38;2;77;69;77m░[0m[48;2;148;134;144m[38;2;148;134;144m*[0m[48;2;160;140;152m[38;2;160;140;152m+[0m[48;2;159;141;152m[38;2;159;141;152m+[0m[48;2;154;142;151m[38;2;154;142;151m+[0m[48;2;26;22;28m[38;2;26;22;28m▓[0m[48;2;34;31;44m[38;2;34;31;44m▓[0m[48;2;36;31;51m[38;2;36;31;51m▓[0m[48;2;37;31;52m[38;2;37;31;52m▓[0m[48;2;37;31;52m[38;2;37;31;52m▓[0m[48;2;37;31;52m[38;2;37;31;52m▓[0m[48;2;37;31;52m[38;2;37;31;52m▓[0m[48;2;37;31;51m[38;2;37;31;51m▓[0m[48;2;28;24;40m[38;2;28;24;40m▓[0m[48;2;11;8;20m[38;2;11;8;20m█[0m[48;2;24;20;23m[38;2;24;20;23m▓[0m[48;2;89;78;71m[38;2;89;78;71m@[0m[48;2;154;142;117m[38;2;154;142;117m*[0m[48;2;205;191;154m[38;2;205;191;154m-[0m[48;2;189;172;140m[38;2;189;172;140m=[0m[48;2;87;71;61m[38;2;87;71;61m@[0m[48;2;19;10;13m[38;2;19;10;13m█[0m[48;2;4;1;6m[38;2;4;1;6m█[0m[48;2;19;18;24m[38;2;19;18;24m▓[0m[48;2;6;5;10m[38;2;6;5;10m█[0m[48;2;112;111;115m[38;2;112;111;115m#[0m[48;2;178;177;179m[38;2;178;177;179m=[0m[48;2;211;211;211m[38;2;211;211;211m:[0m                                       
                                    [48;2;233;233;233m[38;2;233;233;233m.[0m[48;2;61;58;60m[38;2;61;58;60m░[0m[48;2;113;100;109m[38;2;113;100;109m%[0m[48;2;156;140;150m[38;2;156;140;150m*[0m[48;2;71;60;68m[38;2;71;60;68m░[0m[48;2;15;9;15m[38;2;15;9;15m█[0m[48;2;52;45;51m[38;2;52;45;51m▒[0m[48;2;102;91;100m[38;2;102;91;100m%[0m[48;2;133;120;130m[38;2;133;120;130m#[0m[48;2;116;102;112m[38;2;116;102;112m%[0m[48;2;72;58;68m[38;2;72;58;68m░[0m[48;2;86;77;85m[38;2;86;77;85m@[0m[48;2;11;8;14m[38;2;11;8;14m█[0m[48;2;33;29;42m[38;2;33;29;42m▓[0m[48;2;37;31;51m[38;2;37;31;51m▓[0m[48;2;37;31;52m[38;2;37;31;52m▓[0m[48;2;36;30;52m[38;2;36;30;52m▓[0m[48;2;34;28;48m[38;2;34;28;48m▓[0m[48;2;15;11;25m[38;2;15;11;25m█[0m[48;2;9;6;14m[38;2;9;6;14m█[0m[48;2;17;15;18m[38;2;17;15;18m█[0m[48;2;50;48;51m[38;2;50;48;51m▒[0m[48;2;9;7;9m[38;2;9;7;9m█[0m[48;2;73;71;72m[38;2;73;71;72m░[0m[48;2;47;46;46m[38;2;47;46;46m▒[0m[48;2;24;22;22m[38;2;24;22;22m▓[0m[48;2;12;11;12m[38;2;12;11;12m█[0m[48;2;15;13;20m[38;2;15;13;20m█[0m[48;2;38;37;41m[38;2;38;37;41m▒[0m[48;2;5;3;6m[38;2;5;3;6m█[0m[48;2;32;31;34m[38;2;32;31;34m▓[0m[48;2;46;45;49m[38;2;46;45;49m▒[0m[48;2;35;34;38m[38;2;35;34;38m▓[0m[48;2;35;33;37m[38;2;35;33;37m▓[0m[48;2;27;26;29m[38;2;27;26;29m▓[0m                                       
                                      [48;2;128;127;127m[38;2;128;127;127m#[0m[48;2;36;30;34m[38;2;36;30;34m▓[0m[48;2;83;71;81m[38;2;83;71;81m@[0m[48;2;102;90;100m[38;2;102;90;100m%[0m[48;2;96;85;94m[38;2;96;85;94m@[0m[48;2;77;66;75m[38;2;77;66;75m░[0m[48;2;54;46;53m[38;2;54;46;53m▒[0m[48;2;24;17;24m[38;2;24;17;24m▓[0m[48;2;9;1;8m[38;2;9;1;8m█[0m[48;2;22;18;23m[38;2;22;18;23m▓[0m[48;2;12;9;12m[38;2;12;9;12m█[0m[48;2;9;6;13m[38;2;9;6;13m█[0m[48;2;24;20;32m[38;2;24;20;32m▓[0m[48;2;27;23;37m[38;2;27;23;37m▓[0m[48;2;25;21;36m[38;2;25;21;36m▓[0m[48;2;9;5;16m[38;2;9;5;16m█[0m[48;2;3;2;5m[38;2;3;2;5m█[0m[48;2;35;33;35m[38;2;35;33;35m▓[0m[48;2;58;56;58m[38;2;58;56;58m░[0m[48;2;8;6;8m[38;2;8;6;8m█[0m[48;2;15;13;17m[38;2;15;13;17m█[0m[48;2;103;101;104m[38;2;103;101;104m%[0m[48;2;102;100;102m[38;2;102;100;102m%[0m[48;2;85;85;86m[38;2;85;85;86m@[0m[48;2;75;75;75m[38;2;75;75;75m@[0m[48;2;70;68;79m[38;2;70;68;79m░[0m[48;2;21;17;33m[38;2;21;17;33m▓[0m[48;2;25;18;57m[38;2;25;18;57m▓[0m[48;2;9;7;19m[38;2;9;7;19m█[0m[48;2;26;23;34m[38;2;26;23;34m▓[0m[48;2;33;28;46m[38;2;33;28;46m▓[0m[48;2;33;28;46m[38;2;33;28;46m▓[0m[48;2;22;18;34m[38;2;22;18;34m▓[0m[48;2;57;54;63m[38;2;57;54;63m░[0m[48;2;173;172;174m[38;2;173;172;174m=[0m                                     
                                       [48;2;82;80;82m[38;2;82;80;82m@[0m[48;2;71;64;70m[38;2;71;64;70m░[0m[48;2;109;97;106m[38;2;109;97;106m%[0m[48;2;116;102;112m[38;2;116;102;112m%[0m[48;2;116;102;112m[38;2;116;102;112m%[0m[48;2;117;105;114m[38;2;117;105;114m%[0m[48;2;128;114;124m[38;2;128;114;124m#[0m[48;2;126;113;122m[38;2;126;113;122m#[0m[48;2;117;104;114m[38;2;117;104;114m%[0m[48;2;113;100;109m[38;2;113;100;109m%[0m[48;2;108;96;105m[38;2;108;96;105m%[0m[48;2;107;95;104m[38;2;107;95;104m%[0m[48;2;105;94;103m[38;2;105;94;103m%[0m[48;2;102;93;101m[38;2;102;93;101m%[0m[48;2;96;89;96m[38;2;96;89;96m%[0m[48;2;65;62;66m[38;2;65;62;66m░[0m[48;2;24;21;25m[38;2;24;21;25m▓[0m[48;2;11;8;14m[38;2;11;8;14m█[0m[48;2;26;22;35m[38;2;26;22;35m▓[0m[48;2;34;29;44m[38;2;34;29;44m▓[0m[48;2;26;22;33m[38;2;26;22;33m▓[0m[48;2;210;208;214m[38;2;210;208;214m:[0m [48;2;163;162;165m[38;2;163;162;165m+[0m[48;2;38;34;50m[38;2;38;34;50m▒[0m[48;2;37;30;63m[38;2;37;30;63m▓[0m[48;2;18;13;28m[38;2;18;13;28m█[0m[48;2;13;9;23m[38;2;13;9;23m█[0m[48;2;5;4;11m[38;2;5;4;11m█[0m[48;2;32;28;43m[38;2;32;28;43m▓[0m[48;2;37;31;52m[38;2;37;31;52m▓[0m[48;2;37;31;52m[38;2;37;31;52m▓[0m[48;2;36;30;50m[38;2;36;30;50m▓[0m[48;2;23;19;31m[38;2;23;19;31m▓[0m[48;2;54;52;59m[38;2;54;52;59m▒[0m[48;2;185;184;187m[38;2;185;184;187m-[0m                                   
                                        [48;2;184;184;184m[38;2;184;184;184m-[0m[48;2;119;116;118m[38;2;119;116;118m#[0m[48;2;90;85;89m[38;2;90;85;89m@[0m[48;2;86;79;84m[38;2;86;79;84m@[0m[48;2;91;84;90m[38;2;91;84;90m@[0m[48;2;76;69;74m[38;2;76;69;74m░[0m[48;2;72;66;71m[38;2;72;66;71m░[0m[48;2;73;67;72m[38;2;73;67;72m░[0m[48;2;73;67;72m[38;2;73;67;72m░[0m[48;2;68;62;69m[38;2;68;62;69m░[0m[48;2;62;56;64m[38;2;62;56;64m░[0m[48;2;52;45;54m[38;2;52;45;54m▒[0m[48;2;30;24;34m[38;2;30;24;34m▓[0m[48;2;21;16;28m[38;2;21;16;28m▓[0m[48;2;22;18;32m[38;2;22;18;32m▓[0m[48;2;32;27;44m[38;2;32;27;44m▓[0m[48;2;37;31;51m[38;2;37;31;51m▓[0m[48;2;37;31;52m[38;2;37;31;52m▓[0m[48;2;37;31;52m[38;2;37;31;52m▓[0m[48;2;30;25;42m[38;2;30;25;42m▓[0m[48;2;46;43;51m[38;2;46;43;51m▒[0m[48;2;224;223;227m[38;2;224;223;227m.[0m [48;2;235;235;235m[38;2;235;235;235m.[0m[48;2;169;169;170m[38;2;169;169;170m=[0m[48;2;51;48;58m[38;2;51;48;58m▒[0m[48;2;57;53;65m[38;2;57;53;65m░[0m[48;2;21;20;23m[38;2;21;20;23m▓[0m[48;2;7;6;16m[38;2;7;6;16m█[0m[48;2;32;28;45m[38;2;32;28;45m▓[0m[48;2;37;31;52m[38;2;37;31;52m▓[0m[48;2;37;31;52m[38;2;37;31;52m▓[0m[48;2;37;31;52m[38;2;37;31;52m▓[0m[48;2;35;29;48m[38;2;35;29;48m▓[0m[48;2;21;16;30m[38;2;21;16;30m▓[0m[48;2;88;86;92m[38;2;88;86;92m@[0m[48;2;233;233;234m[38;2;233;233;234m.[0m                                 
                                                [48;2;120;120;121m[38;2;120;120;121m#[0m[48;2;21;18;26m[38;2;21;18;26m▓[0m[48;2;36;31;49m[38;2;36;31;49m▓[0m[48;2;37;31;51m[38;2;37;31;51m▓[0m[48;2;36;30;50m[38;2;36;30;50m▓[0m[48;2;37;31;52m[38;2;37;31;52m▓[0m[48;2;36;30;51m[38;2;36;30;51m▓[0m[48;2;37;31;52m[38;2;37;31;52m▓[0m[48;2;37;31;52m[38;2;37;31;52m▓[0m[48;2;37;31;52m[38;2;37;31;52m▓[0m[48;2;37;31;52m[38;2;37;31;52m▓[0m[48;2;37;31;52m[38;2;37;31;52m▓[0m[48;2;28;24;40m[38;2;28;24;40m▓[0m[48;2;52;50;59m[38;2;52;50;59m▒[0m[48;2;224;223;226m[38;2;224;223;226m.[0m  [48;2;237;236;238m[38;2;237;236;238m.[0m[48;2;235;234;236m[38;2;235;234;236m.[0m[48;2;117;117;119m[38;2;117;117;119m#[0m[48;2;24;16;65m[38;2;24;16;65m▓[0m[48;2;14;8;46m[38;2;14;8;46m█[0m[48;2;30;25;44m[38;2;30;25;44m▓[0m[48;2;37;31;52m[38;2;37;31;52m▓[0m[48;2;37;31;52m[38;2;37;31;52m▓[0m[48;2;37;31;52m[38;2;37;31;52m▓[0m[48;2;37;31;51m[38;2;37;31;51m▓[0m[48;2;30;25;41m[38;2;30;25;41m▓[0m[48;2;40;38;44m[38;2;40;38;44m▒[0m[48;2;217;217;217m[38;2;217;217;217m:[0m                                