                                                                                                              
                                                                                                              
                                                                                                              
                                                                                                              
                                                                                                              
                                                                                                              
                                                                                                              
                                                                                                              
                                                                                                              
                                                                                                              
                                                                                                              
                                                                                                              
                                                                                                              
                                               [48;2;199;199;199m[38;2;199;199;199m-[0m[48;2;127;127;128m[38;2;127;127;128m#[0m[48;2;83;82;86m[38;2;83;82;86m@[0m[48;2;62;61;66m[38;2;62;61;66m░[0m[48;2;56;55;60m[38;2;56;55;60m░[0m[48;2;58;57;62m[38;2;58;57;62m░[0m[48;2;64;63;68m[38;2;64;63;68m░[0m[48;2;76;75;80m[38;2;76;75;80m@[0m[48;2;95;94;98m[38;2;95;94;98m%[0m[48;2;122;121;126m[38;2;122;121;126m#[0m[48;2;154;153;156m[38;2;154;153;156m+[0m[48;2;200;199;201m[38;2;200;199;201m-[0m                                                   
                                             [48;2;216;215;217m[38;2;216;215;217m:[0m[48;2;42;40;45m[38;2;42;40;45m▒[0m[48;2;13;12;20m[38;2;13;12;20m█[0m[48;2;32;30;43m[38;2;32;30;43m▓[0m[48;2;43;42;58m[38;2;43;42;58m▒[0m[48;2;42;43;59m[38;2;42;43;59m▒[0m[48;2;42;43;59m[38;2;42;43;59m▒[0m[48;2;42;43;59m[38;2;42;43;59m▒[0m[48;2;42;43;59m[38;2;42;43;59m▒[0m[48;2;42;43;59m[38;2;42;43;59m▒[0m[48;2;42;41;57m[38;2;42;41;57m▒[0m[48;2;38;38;54m[38;2;38;38;54m▒[0m[48;2;33;33;48m[38;2;33;33;48m▓[0m[48;2;26;25;39m[38;2;26;25;39m▓[0m[48;2;25;24;36m[38;2;25;24;36m▓[0m[48;2;69;68;76m[38;2;69;68;76m░[0m[48;2;140;139;144m[38;2;140;139;144m*[0m[48;2;229;228;230m[38;2;229;228;230m.[0m                                               
                                             [48;2;82;81;84m[38;2;82;81;84m@[0m[48;2;27;26;36m[38;2;27;26;36m▓[0m[48;2;44;42;59m[38;2;44;42;59m▒[0m[48;2;42;42;59m[38;2;42;42;59m▒[0m[48;2;41;43;59m[38;2;41;43;59m▒[0m[48;2;40;44;59m[38;2;40;44;59m▒[0m[48;2;40;44;59m[38;2;40;44;59m▒[0m[48;2;40;44;59m[38;2;40;44;59m▒[0m[48;2;40;44;59m[38;2;40;44;59m▒[0m[48;2;40;44;59m[38;2;40;44;59m▒[0m[48;2;40;44;59m[38;2;40;44;59m▒[0m[48;2;40;44;59m[38;2;40;44;59m▒[0m[48;2;40;44;59m[38;2;40;44;59m▒[0m[48;2;40;44;59m[38;2;40;44;59m▒[0m[48;2;40;44;59m[38;2;40;44;59m▒[0m[48;2;40;43;58m[38;2;40;43;58m▒[0m[48;2;32;33;48m[38;2;32;33;48m▓[0m[48;2;23;22;33m[38;2;23;22;33m▓[0m[48;2;112;111;117m[38;2;112;111;117m#[0m[48;2;238;237;238m[38;2;238;237;238m.[0m                                             
                                            [48;2;108;107;109m[38;2;108;107;109m%[0m[48;2;41;39;45m[38;2;41;39;45m▒[0m[48;2;44;43;59m[38;2;44;43;59m▒[0m[48;2;41;44;60m[38;2;41;44;60m▒[0m[48;2;40;44;59m[38;2;40;44;59m▒[0m[48;2;40;44;59m[38;2;40;44;59m▒[0m[48;2;40;44;59m[38;2;40;44;59m▒[0m[48;2;40;44;59m[38;2;40;44;59m▒[0m[48;2;40;44;59m[38;2;40;44;59m▒[0m[48;2;40;44;59m[38;2;40;44;59m▒[0m[48;2;40;44;59m[38;2;40;44;59m▒[0m[48;2;40;44;59m[38;2;40;44;59m▒[0m[48;2;40;44;59m[38;2;40;44;59m▒[0m[48;2;40;44;59m[38;2;40;44;59m▒[0m[48;2;40;44;59m[38;2;40;44;59m▒[0m[48;2;40;44;59m[38;2;40;44;59m▒[0m[48;2;40;44;59m[38;2;40;44;59m▒[0m[48;2;40;44;59m[38;2;40;44;59m▒[0m[48;2;43;43;59m[38;2;43;43;59m▒[0m[48;2;35;32;46m[38;2;35;32;46m▓[0m[48;2;41;39;47m[38;2;41;39;47m▒[0m[48;2;207;206;208m[38;2;207;206;208m:[0m                                            
                                          [48;2;207;207;207m[38;2;207;207;207m:[0m[48;2;56;54;57m[38;2;56;54;57m░[0m[48;2;9;6;11m[38;2;9;6;11m█[0m[48;2;75;73;79m[38;2;75;73;79m@[0m[48;2;44;43;59m[38;2;44;43;59m▒[0m[48;2;40;44;59m[38;2;40;44;59m▒[0m[48;2;40;44;59m[38;2;40;44;59m▒[0m[48;2;40;44;59m[38;2;40;44;59m▒[0m[48;2;40;44;59m[38;2;40;44;59m▒[0m[48;2;40;44;59m[38;2;40;44;59m▒[0m[48;2;40;44;59m[38;2;40;44;59m▒[0m[48;2;40;44;59m[38;2;40;44;59m▒[0m[48;2;40;44;59m[38;2;40;44;59m▒[0m[48;2;40;44;59m[38;2;40;44;59m▒[0m[48;2;40;44;59m[38;2;40;44;59m▒[0m[48;2;40;44;59m[38;2;40;44;59m▒[0m[48;2;40;44;59m[38;2;40;44;59m▒[0m[48;2;40;44;59m[38;2;40;44;59m▒[0m[48;2;40;44;59m[38;2;40;44;59m▒[0m[48;2;40;44;59m[38;2;40;44;59m▒[0m[48;2;41;43;59m[38;2;41;43;59m▒[0m[48;2;44;43;60m[38;2;44;43;60m▒[0m[48;2;38;37;52m[38;2;38;37;52m▒[0m[48;2;28;27;35m[38;2;28;27;35m▓[0m[48;2;193;193;195m[38;2;193;193;195m-[0m                                           
                                         [48;2;179;178;179m[38;2;179;178;179m=[0m[48;2;50;45;50m[38;2;50;45;50m▒[0m[48;2;123;114;122m[38;2;123;114;122m#[0m[48;2;14;10;15m[38;2;14;10;15m█[0m[48;2;80;77;84m[38;2;80;77;84m@[0m[48;2;44;43;59m[38;2;44;43;59m▒[0m[48;2;40;44;59m[38;2;40;44;59m▒[0m[48;2;40;44;59m[38;2;40;44;59m▒[0m[48;2;40;44;59m[38;2;40;44;59m▒[0m[48;2;40;44;59m[38;2;40;44;59m▒[0m[48;2;40;44;59m[38;2;40;44;59m▒[0m[48;2;40;44;59m[38;2;40;44;59m▒[0m[48;2;40;44;59m[38;2;40;44;59m▒[0m[48;2;40;44;59m[38;2;40;44;59m▒[0m[48;2;40;44;59m[38;2;40;44;59m▒[0m[48;2;40;44;59m[38;2;40;44;59m▒[0m[48;2;40;44;59m[38;2;40;44;59m▒[0m[48;2;40;44;59m[38;2;40;44;59m▒[0m[48;2;40;44;59m[38;2;40;44;59m▒[0m[48;2;40;44;59m[38;2;40;44;59m▒[0m[48;2;40;44;59m[38;2;40;44;59m▒[0m[48;2;40;44;59m[38;2;40;44;59m▒[0m[48;2;40;44;59m[38;2;40;44;59m▒[0m[48;2;40;44;59m[38;2;40;44;59m▒[0m[48;2;39;39;54m[38;2;39;39;54m▒[0m[48;2;26;24;33m[38;2;26;24;33m▓[0m[48;2;211;210;212m[38;2;211;210;212m:[0m                                          
                                        [48;2;193;193;194m[38;2;193;193;194m-[0m[48;2;29;24;31m[38;2;29;24;31m▓[0m[48;2;76;67;77m[38;2;76;67;77m░[0m[48;2;92;82;92m[38;2;92;82;92m@[0m[48;2;13;7;14m[38;2;13;7;14m█[0m[48;2;80;74;84m[38;2;80;74;84m@[0m[48;2;50;48;63m[38;2;50;48;63m▒[0m[48;2;41;43;59m[38;2;41;43;59m▒[0m[48;2;40;44;59m[38;2;40;44;59m▒[0m[48;2;40;44;59m[38;2;40;44;59m▒[0m[48;2;40;44;59m[38;2;40;44;59m▒[0m[48;2;40;44;59m[38;2;40;44;59m▒[0m[48;2;40;44;59m[38;2;40;44;59m▒[0m[48;2;40;44;59m[38;2;40;44;59m▒[0m[48;2;40;44;59m[38;2;40;44;59m▒[0m[48;2;40;44;59m[38;2;40;44;59m▒[0m[48;2;40;44;59m[38;2;40;44;59m▒[0m[48;2;40;44;59m[38;2;40;44;59m▒[0m[48;2;40;44;59m[38;2;40;44;59m▒[0m[48;2;40;44;59m[38;2;40;44;59m▒[0m[48;2;40;44;59m[38;2;40;44;59m▒[0m[48;2;40;44;59m[38;2;40;44;59m▒[0m[48;2;40;44;59m[38;2;40;44;59m▒[0m[48;2;40;44;59m[38;2;40;44;59m▒[0m[48;2;40;44;59m[38;2;40;44;59m▒[0m[48;2;41;43;59m[38;2;41;43;59m▒[0m[48;2;36;35;47m[38;2;36;35;47m▒[0m[48;2;60;56;60m[38;2;60;56;60m░[0m                                          
                                        [48;2;56;54;56m[38;2;56;54;56m▒[0m[48;2;54;46;54m[38;2;54;46;54m▒[0m[48;2;25;16;33m[38;2;25;16;33m▓[0m[48;2;52;35;86m[38;2;52;35;86m▒[0m[48;2;48;33;72m[38;2;48;33;72m▒[0m[48;2;35;22;52m[38;2;35;22;52m▓[0m[48;2;48;43;58m[38;2;48;43;58m▒[0m[48;2;42;43;59m[38;2;42;43;59m▒[0m[48;2;40;44;59m[38;2;40;44;59m▒[0m[48;2;40;44;59m[38;2;40;44;59m▒[0m[48;2;40;44;59m[38;2;40;44;59m▒[0m[48;2;40;44;59m[38;2;40;44;59m▒[0m[48;2;40;44;59m[38;2;40;44;59m▒[0m[48;2;40;44;59m[38;2;40;44;59m▒[0m[48;2;40;44;59m[38;2;40;44;59m▒[0m[48;2;40;44;59m[38;2;40;44;59m▒[0m[48;2;40;44;59m[38;2;40;44;59m▒[0m[48;2;40;44;59m[38;2;40;44;59m▒[0m[48;2;40;44;59m[38;2;40;44;59m▒[0m[48;2;40;44;59m[38;2;40;44;59m▒[0m[48;2;40;44;59m[38;2;40;44;59m▒[0m[48;2;40;44;59m[38;2;40;44;59m▒[0m[48;2;40;44;59m[38;2;40;44;59m▒[0m[48;2;40;44;59m[38;2;40;44;59m▒[0m[48;2;40;44;59m[38;2;40;44;59m▒[0m[48;2;40;44;59m[38;2;40;44;59m▒[0m[48;2;43;42;57m[38;2;43;42;57m▒[0m[48;2;11;8;15m[38;2;11;8;15m█[0m[48;2;223;222;224m[38;2;223;222;224m.[0m                                         
                                       [48;2;199;199;200m[38;2;199;199;200m-[0m[48;2;41;36;40m[38;2;41;36;40m▒[0m[48;2;20;10;18m[38;2;20;10;18m█[0m[48;2;49;35;65m[38;2;49;35;65m▒[0m[48;2;90;66;134m[38;2;90;66;134m@[0m[48;2;68;46;99m[38;2;68;46;99m░[0m[48;2;27;15;35m[38;2;27;15;35m▓[0m[48;2;55;48;62m[38;2;55;48;62m▒[0m[48;2;53;51;67m[38;2;53;51;67m▒[0m[48;2;41;43;59m[38;2;41;43;59m▒[0m[48;2;40;44;59m[38;2;40;44;59m▒[0m[48;2;40;44;59m[38;2;40;44;59m▒[0m[48;2;40;44;59m[38;2;40;44;59m▒[0m[48;2;40;44;59m[38;2;40;44;59m▒[0m[48;2;40;44;59m[38;2;40;44;59m▒[0m[48;2;40;44;59m[38;2;40;44;59m▒[0m[48;2;40;44;59m[38;2;40;44;59m▒[0m[48;2;40;44;59m[38;2;40;44;59m▒[0m[48;2;40;44;59m[38;2;40;44;59m▒[0m[48;2;40;44;59m[38;2;40;44;59m▒[0m[48;2;40;44;59m[38;2;40;44;59m▒[0m[48;2;40;44;59m[38;2;40;44;59m▒[0m[48;2;40;44;59m[38;2;40;44;59m▒[0m[48;2;40;44;59m[38;2;40;44;59m▒[0m[48;2;40;44;59m[38;2;40;44;59m▒[0m[48;2;40;44;59m[38;2;40;44;59m▒[0m[48;2;41;43;59m[38;2;41;43;59m▒[0m[48;2;40;39;55m[38;2;40;39;55m▒[0m[48;2;27;24;31m[38;2;27;24;31m▓[0m                                          
                                       [48;2;167;166;166m[38;2;167;166;166m=[0m[48;2;38;33;38m[38;2;38;33;38m▓[0m[48;2;8;2;8m[38;2;8;2;8m█[0m[48;2;29;19;32m[38;2;29;19;32m▓[0m[48;2;30;20;32m[38;2;30;20;32m▓[0m[48;2;51;39;54m[38;2;51;39;54m▒[0m[48;2;52;41;52m[38;2;52;41;52m▒[0m[48;2;28;19;32m[38;2;28;19;32m▓[0m[48;2;79;75;90m[38;2;79;75;90m@[0m[48;2;50;49;65m[38;2;50;49;65m▒[0m[48;2;42;43;59m[38;2;42;43;59m▒[0m[48;2;41;43;59m[38;2;41;43;59m▒[0m[48;2;40;44;59m[38;2;40;44;59m▒[0m[48;2;40;44;59m[38;2;40;44;59m▒[0m[48;2;40;44;59m[38;2;40;44;59m▒[0m[48;2;40;44;59m[38;2;40;44;59m▒[0m[48;2;40;44;59m[38;2;40;44;59m▒[0m[48;2;40;44;59m[38;2;40;44;59m▒[0m[48;2;40;44;59m[38;2;40;44;59m▒[0m[48;2;40;44;59m[38;2;40;44;59m▒[0m[48;2;40;44;59m[38;2;40;44;59m▒[0m[48;2;40;44;59m[38;2;40;44;59m▒[0m[48;2;40;44;59m[38;2;40;44;59m▒[0m[48;2;40;44;59m[38;2;40;44;59m▒[0m[48;2;40;44;59m[38;2;40;44;59m▒[0m[48;2;41;43;59m[38;2;41;43;59m▒[0m[48;2;39;39;55m[38;2;39;39;55m▒[0m[48;2;14;12;26m[38;2;14;12;26m█[0m[48;2;80;77;84m[38;2;80;77;84m@[0m                                          
                                       [48;2;229;229;229m[38;2;229;229;229m.[0m[48;2;34;30;33m[38;2;34;30;33m▓[0m[48;2;92;86;91m[38;2;92;86;91m@[0m[48;2;46;38;45m[38;2;46;38;45m▒[0m[48;2;155;141;154m[38;2;155;141;154m+[0m[48;2;102;89;100m[38;2;102;89;100m%[0m[48;2;83;69;81m[38;2;83;69;81m@[0m[48;2;109;95;108m[38;2;109;95;108m%[0m[48;2;31;22;34m[38;2;31;22;34m▓[0m[48;2;62;56;69m[38;2;62;56;69m░[0m[48;2;67;63;78m[38;2;67;63;78m░[0m[48;2;44;44;59m[38;2;44;44;59m▒[0m[48;2;40;44;59m[38;2;40;44;59m▒[0m[48;2;40;44;59m[38;2;40;44;59m▒[0m[48;2;40;44;59m[38;2;40;44;59m▒[0m[48;2;40;44;59m[38;2;40;44;59m▒[0m[48;2;40;44;59m[38;2;40;44;59m▒[0m[48;2;40;44;59m[38;2;40;44;59m▒[0m[48;2;40;44;59m[38;2;40;44;59m▒[0m[48;2;40;44;59m[38;2;40;44;59m▒[0m[48;2;40;44;59m[38;2;40;44;59m▒[0m[48;2;40;44;59m[38;2;40;44;59m▒[0m[48;2;40;44;59m[38;2;40;44;59m▒[0m[48;2;41;43;59m[38;2;41;43;59m▒[0m[48;2;42;41;57m[38;2;42;41;57m▒[0m[48;2;29;26;42m[38;2;29;26;42m▓[0m[48;2;9;5;21m[38;2;9;5;21m█[0m[48;2;60;55;65m[38;2;60;55;65m░[0m[48;2;59;54;61m[38;2;59;54;61m░[0m                                          
                                        [48;2;105;103;105m[38;2;105;103;105m%[0m[48;2;167;161;164m[38;2;167;161;164m+[0m[48;2;69;60;65m[38;2;69;60;65m░[0m[48;2;124;110;122m[38;2;124;110;122m#[0m[48;2;141;125;137m[38;2;141;125;137m*[0m[48;2;30;19;28m[38;2;30;19;28m▓[0m[48;2;136;123;135m[38;2;136;123;135m*[0m[48;2;149;133;146m[38;2;149;133;146m*[0m[48;2;86;73;86m[38;2;86;73;86m@[0m[48;2;46;36;48m[38;2;46;36;48m▒[0m[48;2;58;50;63m[38;2;58;50;63m▒[0m[48;2;55;51;65m[38;2;55;51;65m▒[0m[48;2;47;47;62m[38;2;47;47;62m▒[0m[48;2;42;43;59m[38;2;42;43;59m▒[0m[48;2;41;43;59m[38;2;41;43;59m▒[0m[48;2;41;43;59m[38;2;41;43;59m▒[0m[48;2;40;44;59m[38;2;40;44;59m▒[0m[48;2;41;44;58m[38;2;41;44;58m▒[0m[48;2;41;43;58m[38;2;41;43;58m▒[0m[48;2;41;43;58m[38;2;41;43;58m▒[0m[48;2;41;41;57m[38;2;41;41;57m▒[0m[48;2;32;32;47m[38;2;32;32;47m▓[0m[48;2;24;22;35m[38;2;24;22;35m▓[0m[48;2;46;41;53m[38;2;46;41;53m▒[0m[48;2;53;46;59m[38;2;53;46;59m▒[0m[48;2;47;40;52m[38;2;47;40;52m▒[0m[48;2;146;134;145m[38;2;146;134;145m*[0m[48;2;50;41;49m[38;2;50;41;49m▒[0m[48;2;191;189;191m[38;2;191;189;191m-[0m                                         
                                        [48;2;146;145;145m[38;2;146;145;145m*[0m[48;2;120;113;116m[38;2;120;113;116m#[0m[48;2;214;203;203m[38;2;214;203;203m:[0m[48;2;52;41;48m[38;2;52;41;48m▒[0m[48;2;137;123;133m[38;2;137;123;133m*[0m[48;2;128;113;125m[38;2;128;113;125m#[0m[48;2;47;34;46m[38;2;47;34;46m▒[0m[48;2;144;128;141m[38;2;144;128;141m*[0m[48;2;160;141;155m[38;2;160;141;155m+[0m[48;2;158;140;154m[38;2;158;140;154m+[0m[48;2;129;112;126m[38;2;129;112;126m#[0m[48;2;87;74;87m[38;2;87;74;87m@[0m[48;2;64;53;66m[38;2;64;53;66m░[0m[48;2;38;29;40m[38;2;38;29;40m▓[0m[48;2;19;13;25m[38;2;19;13;25m█[0m[48;2;21;17;28m[38;2;21;17;28m▓[0m[48;2;25;22;33m[38;2;25;22;33m▓[0m[48;2;25;24;33m[38;2;25;24;33m▓[0m[48;2;30;28;37m[38;2;30;28;37m▓[0m[48;2;44;39;50m[38;2;44;39;50m▒[0m[48;2;65;58;68m[38;2;65;58;68m░[0m[48;2;95;86;97m[38;2;95;86;97m@[0m[48;2;125;114;124m[38;2;125;114;124m#[0m[48;2;66;56;64m[38;2;66;56;64m░[0m[48;2;64;54;64m[38;2;64;54;64m░[0m[48;2;148;135;147m[38;2;148;135;147m*[0m[48;2;158;142;154m[38;2;158;142;154m+[0m[48;2;141;125;136m[38;2;141;125;136m*[0m[48;2;49;40;48m[38;2;49;40;48m▒[0m[48;2;199;195;199m[38;2;199;195;199m-[0m                                        
                                        [48;2;106;106;106m[38;2;106;106;106m%[0m[48;2;24;21;23m[38;2;24;21;23m▓[0m[48;2;67;61;63m[38;2;67;61;63m░[0m[48;2;100;92;94m[38;2;100;92;94m%[0m[48;2;28;19;26m[38;2;28;19;26m▓[0m[48;2;123;110;120m[38;2;123;110;120m#[0m[48;2;127;114;124m[38;2;127;114;124m#[0m[48;2;51;39;48m[38;2;51;39;48m▒[0m[48;2;121;107;119m[38;2;121;107;119m#[0m[48;2;159;142;155m[38;2;159;142;155m+[0m[48;2;160;141;155m[38;2;160;141;155m+[0m[48;2;160;140;155m[38;2;160;140;155m+[0m[48;2;160;139;154m[38;2;160;139;154m+[0m[48;2;157;138;152m[38;2;157;138;152m*[0m[48;2;112;97;110m[38;2;112;97;110m%[0m[48;2;74;62;74m[38;2;74;62;74m░[0m[48;2;68;56;66m[38;2;68;56;66m░[0m[48;2;69;58;67m[38;2;69;58;67m░[0m[48;2;71;60;69m[38;2;71;60;69m░[0m[48;2;69;59;68m[38;2;69;59;68m░[0m[48;2;57;47;55m[38;2;57;47;55m▒[0m[48;2;32;25;32m[38;2;32;25;32m▓[0m[48;2;11;6;12m[38;2;11;6;12m█[0m[48;2;26;21;28m[38;2;26;21;28m▓[0m[48;2;26;21;29m[38;2;26;21;29m▓[0m[48;2;25;19;26m[38;2;25;19;26m▓[0m[48;2;120;107;117m[38;2;120;107;117m#[0m[48;2;160;142;154m[38;2;160;142;154m+[0m[48;2;135;119;129m[38;2;135;119;129m#[0m[48;2;29;21;27m[38;2;29;21;27m▓[0m[48;2;33;28;33m[38;2;33;28;33m▓[0m[48;2;94;91;94m[38;2;94;91;94m%[0m[48;2;159;157;158m[38;2;159;157;158m+[0m[48;2;233;232;232m[38;2;233;232;232m.[0m                                    
                                        [48;2;67;65;67m[38;2;67;65;67m░[0m[48;2;157;153;154m[38;2;157;153;154m+[0m[48;2;140;138;139m[38;2;140;138;139m*[0m[48;2;48;43;46m[38;2;48;43;46m▒[0m[48;2;46;41;45m[38;2;46;41;45m▒[0m[48;2;54;48;53m[38;2;54;48;53m▒[0m[48;2;37;31;37m[38;2;37;31;37m▓[0m[48;2;63;57;63m[38;2;63;57;63m░[0m[48;2;44;36;44m[38;2;44;36;44m▒[0m[48;2;71;60;70m[38;2;71;60;70m░[0m[48;2;142;127;139m[38;2;142;127;139m*[0m[48;2;160;142;155m[38;2;160;142;155m+[0m[48;2;161;140;155m[38;2;161;140;155m+[0m[48;2;161;140;155m[38;2;161;140;155m+[0m[48;2;161;140;155m[38;2;161;140;155m+[0m[48;2;161;140;155m[38;2;161;140;155m+[0m[48;2;161;140;155m[38;2;161;140;155m+[0m[48;2;161;140;155m[38;2;161;140;155m+[0m[48;2;161;140;155m[38;2;161;140;155m+[0m[48;2;158;141;155m[38;2;158;141;155m+[0m[48;2;47;36;45m[38;2;47;36;45m▒[0m[48;2;19;14;21m[38;2;19;14;21m█[0m[48;2;2;0;4m[38;2;2;0;4m█[0m[48;2;9;7;12m[38;2;9;7;12m█[0m[48;2;25;21;30m[38;2;25;21;30m▓[0m[48;2;14;10;18m[38;2;14;10;18m█[0m[48;2;115;105;115m[38;2;115;105;115m%[0m[48;2;158;140;153m[38;2;158;140;153m+[0m[48;2;159;139;153m[38;2;159;139;153m+[0m[48;2;146;130;141m[38;2;146;130;141m*[0m[48;2;68;55;64m[38;2;68;55;64m░[0m[48;2;75;63;72m[38;2;75;63;72m░[0m[48;2;111;100;109m[38;2;111;100;109m%[0m[48;2;66;58;64m[38;2;66;58;64m░[0m[48;2;111;108;111m[38;2;111;108;111m%[0m[48;2;231;231;231m[38;2;231;231;231m.[0m                                  
                                        [48;2;82;82;82m[38;2;82;82;82m@[0m[48;2;77;75;77m[38;2;77;75;77m@[0m[48;2;84;81;85m[38;2;84;81;85m@[0m[48;2;78;74;77m[38;2;78;74;77m@[0m[48;2;53;48;52m[38;2;53;48;52m▒[0m[48;2;243;238;242m[38;2;243;238;242m [0m[48;2;36;30;35m[38;2;36;30;35m▓[0m[48;2;75;69;75m[38;2;75;69;75m░[0m[48;2;86;78;85m[38;2;86;78;85m@[0m[48;2;65;55;64m[38;2;65;55;64m░[0m[48;2;52;40;49m[38;2;52;40;49m▒[0m[48;2;98;84;95m[38;2;98;84;95m@[0m[48;2;159;141;154m[38;2;159;141;154m+[0m[48;2;161;140;155m[38;2;161;140;155m+[0m[48;2;161;140;155m[38;2;161;140;155m+[0m[48;2;161;140;155m[38;2;161;140;155m+[0m[48;2;161;140;155m[38;2;161;140;155m+[0m[48;2;161;140;155m[38;2;161;140;155m+[0m[48;2;161;140;155m[38;2;161;140;155m+[0m[48;2;149;131;145m[38;2;149;131;145m*[0m[48;2;18;7;17m[38;2;18;7;17m█[0m[48;2;26;19;27m[38;2;26;19;27m▓[0m[48;2;7;3;9m[38;2;7;3;9m█[0m[48;2;8;6;11m[38;2;8;6;11m█[0m[48;2;6;3;10m[38;2;6;3;10m█[0m[48;2;17;13;22m[38;2;17;13;22m█[0m[48;2;26;19;28m[38;2;26;19;28m▓[0m[48;2;149;134;147m[38;2;149;134;147m*[0m[48;2;160;141;155m[38;2;160;141;155m+[0m[48;2;160;141;155m[38;2;160;141;155m+[0m[48;2;160;140;155m[38;2;160;140;155m+[0m[48;2;134;114;128m[38;2;134;114;128m#[0m[48;2;155;136;149m[38;2;155;136;149m*[0m[48;2;160;142;155m[38;2;160;142;155m+[0m[48;2;125;113;123m[38;2;125;113;123m#[0m[48;2;50;45;49m[38;2;50;45;49m▒[0m[48;2;209;208;209m[38;2;209;208;209m:[0m                                 
                                        [48;2;85;85;85m[38;2;85;85;85m@[0m[48;2;153;151;154m[38;2;153;151;154m+[0m[48;2;200;197;201m[38;2;200;197;201m-[0m[48;2;193;190;194m[38;2;193;190;194m-[0m[48;2;34;31;35m[38;2;34;31;35m▓[0m [48;2;108;104;108m[38;2;108;104;108m%[0m[48;2;84;76;84m[38;2;84;76;84m@[0m[48;2;154;139;150m[38;2;154;139;150m*[0m[48;2;157;138;151m[38;2;157;138;151m*[0m[48;2;159;139;154m[38;2;159;139;154m+[0m[48;2;160;140;154m[38;2;160;140;154m+[0m[48;2;160;140;155m[38;2;160;140;155m+[0m[48;2;161;140;155m[38;2;161;140;155m+[0m[48;2;161;140;155m[38;2;161;140;155m+[0m[48;2;161;140;155m[38;2;161;140;155m+[0m[48;2;161;140;155m[38;2;161;140;155m+[0m[48;2;161;140;155m[38;2;161;140;155m+[0m[48;2;161;140;155m[38;2;161;140;155m+[0m[48;2;161;140;155m[38;2;161;140;155m+[0m[48;2;150;131;145m[38;2;150;131;145m*[0m[48;2;147;130;144m[38;2;147;130;144m*[0m[48;2;101;88;99m[38;2;101;88;99m%[0m[48;2;22;14;24m[38;2;22;14;24m█[0m[48;2;17;10;19m[38;2;17;10;19m█[0m[48;2;50;42;50m[38;2;50;42;50m▒[0m[48;2;51;43;52m[38;2;51;43;52m▒[0m[48;2;91;78;89m[38;2;91;78;89m@[0m[48;2;148;131;144m[38;2;148;131;144m*[0m[48;2;160;140;155m[38;2;160;140;155m+[0m[48;2;161;140;155m[38;2;161;140;155m+[0m[48;2;161;140;155m[38;2;161;140;155m+[0m[48;2;161;140;155m[38;2;161;140;155m+[0m[48;2;161;140;155m[38;2;161;140;155m+[0m[48;2;161;141;155m[38;2;161;141;155m+[0m[48;2;132;119;129m[38;2;132;119;129m#[0m[48;2;50;45;50m[38;2;50;45;50m▒[0m                                 
                                        [48;2;138;138;138m[38;2;138;138;138m*[0m[48;2;109;108;111m[38;2;109;108;111m%[0m[48;2;198;195;199m[38;2;198;195;199m-[0m[48;2;178;175;179m[38;2;178;175;179m=[0m[48;2;49;48;51m[38;2;49;48;51m▒[0m [48;2;153;150;154m[38;2;153;150;154m+[0m[48;2;10;5;10m[38;2;10;5;10m█[0m[48;2;118;104;115m[38;2;118;104;115m%[0m[48;2;158;138;152m[38;2;158;138;152m*[0m[48;2;161;140;155m[38;2;161;140;155m+[0m[48;2;161;140;155m[38;2;161;140;155m+[0m[48;2;161;140;155m[38;2;161;140;155m+[0m[48;2;161;140;155m[38;2;161;140;155m+[0m[48;2;161;140;155m[38;2;161;140;155m+[0m[48;2;161;140;155m[38;2;161;140;155m+[0m[48;2;161;140;155m[38;2;161;140;155m+[0m[48;2;161;140;155m[38;2;161;140;155m+[0m[48;2;161;140;155m[38;2;161;140;155m+[0m[48;2;161;140;155m[38;2;161;140;155m+[0m[48;2;161;140;155m[38;2;161;140;155m+[0m[48;2;161;140;155m[38;2;161;140;155m+[0m[48;2;161;140;155m[38;2;161;140;155m+[0m[48;2;153;133;147m[38;2;153;133;147m*[0m[48;2;153;133;148m[38;2;153;133;148m*[0m[48;2;86;73;82m[38;2;86;73;82m@[0m[48;2;57;48;56m[38;2;57;48;56m▒[0m[48;2;12;5;11m[38;2;12;5;11m█[0m[48;2;12;6;12m[38;2;12;6;12m█[0m[48;2;52;39;50m[38;2;52;39;50m▒[0m[48;2;124;106;119m[38;2;124;106;119m#[0m[48;2;160;140;154m[38;2;160;140;154m+[0m[48;2;161;140;155m[38;2;161;140;155m+[0m[48;2;161;140;155m[38;2;161;140;155m+[0m[48;2;161;140;155m[38;2;161;140;155m+[0m[48;2;161;140;155m[38;2;161;140;155m+[0m[48;2;67;54;63m[38;2;67;54;63m░[0m[48;2;175;172;175m[38;2;175;172;175m=[0m                                
                                        [48;2;210;209;209m[38;2;210;209;209m:[0m[48;2;49;48;51m[38;2;49;48;51m▒[0m[48;2;200;199;202m[38;2;200;199;202m-[0m[48;2;87;85;89m[38;2;87;85;89m@[0m[48;2;149;147;151m[38;2;149;147;151m+[0m [48;2;171;170;171m[38;2;171;170;171m=[0m[48;2;7;4;8m[38;2;7;4;8m█[0m[48;2;14;8;13m[38;2;14;8;13m█[0m[48;2;107;94;103m[38;2;107;94;103m%[0m[48;2;159;141;155m[38;2;159;141;155m+[0m[48;2;161;140;155m[38;2;161;140;155m+[0m[48;2;161;140;155m[38;2;161;140;155m+[0m[48;2;161;140;155m[38;2;161;140;155m+[0m[48;2;161;140;155m[38;2;161;140;155m+[0m[48;2;161;140;155m[38;2;161;140;155m+[0m[48;2;161;140;155m[38;2;161;140;155m+[0m[48;2;161;140;155m[38;2;161;140;155m+[0m[48;2;161;140;155m[38;2;161;140;155m+[0m[48;2;161;140;155m[38;2;161;140;155m+[0m[48;2;161;140;155m[38;2;161;140;155m+[0m[48;2;161;140;155m[38;2;161;140;155m+[0m[48;2;161;140;155m[38;2;161;140;155m+[0m[48;2;161;140;155m[38;2;161;140;155m+[0m[48;2;161;140;155m[38;2;161;140;155m+[0m[48;2;161;141;155m[38;2;161;141;155m+[0m[48;2;155;136;150m[38;2;155;136;150m*[0m[48;2;122;106;118m[38;2;122;106;118m#[0m[48;2;87;73;84m[38;2;87;73;84m@[0m[48;2;52;40;50m[38;2;52;40;50m▒[0m[48;2;85;73;84m[38;2;85;73;84m@[0m[48;2;134;118;132m[38;2;134;118;132m#[0m[48;2;158;139;153m[38;2;158;139;153m*[0m[48;2;160;140;155m[38;2;160;140;155m+[0m[48;2;161;140;155m[38;2;161;140;155m+[0m[48;2;161;140;155m[38;2;161;140;155m+[0m[48;2;80;65;76m[38;2;80;65;76m░[0m[48;2;161;158;161m[38;2;161;158;161m+[0m                                
                                         [48;2;127;126;127m[38;2;127;126;127m#[0m[48;2;43;40;44m[38;2;43;40;44m▒[0m[48;2;40;37;42m[38;2;40;37;42m▒[0m[48;2;155;153;157m[38;2;155;153;157m+[0m[48;2;138;138;139m[38;2;138;138;139m*[0m[48;2;72;70;72m[38;2;72;70;72m░[0m[48;2;12;9;15m[38;2;12;9;15m█[0m[48;2;27;22;33m[38;2;27;22;33m▓[0m[48;2;22;14;28m[38;2;22;14;28m█[0m[48;2;62;52;63m[38;2;62;52;63m░[0m[48;2;144;128;141m[38;2;144;128;141m*[0m[48;2;160;141;155m[38;2;160;141;155m+[0m[48;2;161;140;155m[38;2;161;140;155m+[0m[48;2;161;140;155m[38;2;161;140;155m+[0m[48;2;161;140;155m[38;2;161;140;155m+[0m[48;2;161;140;155m[38;2;161;140;155m+[0m[48;2;161;140;155m[38;2;161;140;155m+[0m[48;2;161;140;155m[38;2;161;140;155m+[0m[48;2;161;140;155m[38;2;161;140;155m+[0m[48;2;161;140;155m[38;2;161;140;155m+[0m[48;2;161;140;155m[38;2;161;140;155m+[0m[48;2;161;140;155m[38;2;161;140;155m+[0m[48;2;161;140;155m[38;2;161;140;155m+[0m[48;2;161;140;155m[38;2;161;140;155m+[0m[48;2;161;140;155m[38;2;161;140;155m+[0m[48;2;161;140;155m[38;2;161;140;155m+[0m[48;2;161;140;155m[38;2;161;140;155m+[0m[48;2;161;140;155m[38;2;161;140;155m+[0m[48;2;159;141;155m[38;2;159;141;155m+[0m[48;2;125;109;121m[38;2;125;109;121m#[0m[48;2;76;62;73m[38;2;76;62;73m░[0m[48;2;69;55;67m[38;2;69;55;67m░[0m[48;2;69;56;67m[38;2;69;56;67m░[0m[48;2;75;62;72m[38;2;75;62;72m░[0m[48;2;75;62;73m[38;2;75;62;73m░[0m[48;2;24;15;23m[38;2;24;15;23m▓[0m[48;2;75;70;74m[38;2;75;70;74m░[0m                                
                                          [48;2;228;228;228m[38;2;228;228;228m.[0m[48;2;203;202;203m[38;2;203;202;203m:[0m[48;2;201;201;201m[38;2;201;201;201m-[0m[48;2;189;188;188m[38;2;189;188;188m-[0m[48;2;10;7;12m[38;2;10;7;12m█[0m[48;2;34;29;44m[38;2;34;29;44m▓[0m[48;2;37;31;50m[38;2;37;31;50m▓[0m[48;2;37;31;52m[38;2;37;31;52m▓[0m[48;2;29;24;42m[38;2;29;24;42m▓[0m[48;2;23;17;31m[38;2;23;17;31m▓[0m[48;2;76;67;79m[38;2;76;67;79m░[0m[48;2;140;124;137m[38;2;140;124;137m*[0m[48;2;161;142;156m[38;2;161;142;156m+[0m[48;2;161;140;155m[38;2;161;140;155m+[0m[48;2;161;140;155m[38;2;161;140;155m+[0m[48;2;161;140;155m[38;2;161;140;155m+[0m[48;2;161;140;155m[38;2;161;140;155m+[0m[48;2;161;140;155m[38;2;161;140;155m+[0m[48;2;161;140;155m[38;2;161;140;155m+[0m[48;2;161;140;155m[38;2;161;140;155m+[0m[48;2;161;140;155m[38;2;161;140;155m+[0m[48;2;161;140;155m[38;2;161;140;155m+[0m[48;2;161;140;155m[38;2;161;140;155m+[0m[48;2;161;140;155m[38;2;161;140;155m+[0m[48;2;161;140;155m[38;2;161;140;155m+[0m[48;2;161;140;155m[38;2;161;140;155m+[0m[48;2;161;140;155m[38;2;161;140;155m+[0m[48;2;161;140;155m[38;2;161;140;155m+[0m[48;2;161;140;155m[38;2;161;140;155m+[0m[48;2;161;141;155m[38;2;161;141;155m+[0m[48;2;160;141;155m[38;2;160;141;155m+[0m[48;2;159;139;154m[38;2;159;139;154m+[0m[48;2;155;135;149m[38;2;155;135;149m*[0m[48;2;152;134;148m[38;2;152;134;148m*[0m[48;2;134;119;132m[38;2;134;119;132m#[0m[48;2;61;55;60m[38;2;61;55;60m░[0m                                
                                             [48;2;227;226;228m[38;2;227;226;228m.[0m[48;2;7;5;10m[38;2;7;5;10m█[0m[48;2;20;17;30m[38;2;20;17;30m▓[0m[48;2;34;29;46m[38;2;34;29;46m▓[0m[48;2;37;31;51m[38;2;37;31;51m▓[0m[48;2;36;31;51m[38;2;36;31;51m▓[0m[48;2;36;31;48m[38;2;36;31;48m▓[0m[48;2;21;17;30m[38;2;21;17;30m▓[0m[48;2;14;7;33m[38;2;14;7;33m█[0m[48;2;53;42;70m[38;2;53;42;70m▒[0m[48;2;100;85;98m[38;2;100;85;98m@[0m[48;2;142;124;138m[38;2;142;124;138m*[0m[48;2;160;140;155m[38;2;160;140;155m+[0m[48;2;161;140;155m[38;2;161;140;155m+[0m[48;2;161;140;155m[38;2;161;140;155m+[0m[48;2;161;140;155m[38;2;161;140;155m+[0m[48;2;161;140;155m[38;2;161;140;155m+[0m[48;2;161;140;155m[38;2;161;140;155m+[0m[48;2;161;140;155m[38;2;161;140;155m+[0m[48;2;161;140;155m[38;2;161;140;155m+[0m[48;2;161;140;155m[38;2;161;140;155m+[0m[48;2;161;140;155m[38;2;161;140;155m+[0m[48;2;161;140;155m[38;2;161;140;155m+[0m[48;2;161;140;155m[38;2;161;140;155m+[0m[48;2;161;140;155m[38;2;161;140;155m+[0m[48;2;161;140;155m[38;2;161;140;155m+[0m[48;2;161;140;155m[38;2;161;140;155m+[0m[48;2;161;140;155m[38;2;161;140;155m+[0m[48;2;161;140;155m[38;2;161;140;155m+[0m[48;2;160;140;155m[38;2;160;140;155m+[0m[48;2;141;124;137m[38;2;141;124;137m*[0m[48;2;54;44;52m[38;2;54;44;52m▒[0m[48;2;188;184;188m[38;2;188;184;188m-[0m                                
                                              [48;2;17;15;20m[38;2;17;15;20m█[0m[48;2;23;20;33m[38;2;23;20;33m▓[0m[48;2;18;13;28m[38;2;18;13;28m█[0m[48;2;15;11;25m[38;2;15;11;25m█[0m[48;2;16;13;26m[38;2;16;13;26m█[0m[48;2;20;17;30m[38;2;20;17;30m▓[0m[48;2;17;13;25m[38;2;17;13;25m█[0m[48;2;14;7;30m[38;2;14;7;30m█[0m[48;2;81;62;164m[38;2;81;62;164m@[0m[48;2;57;41;130m[38;2;57;41;130m░[0m[48;2;43;33;81m[38;2;43;33;81m▒[0m[48;2;51;40;76m[38;2;51;40;76m▒[0m[48;2;67;56;79m[38;2;67;56;79m░[0m[48;2;99;87;99m[38;2;99;87;99m%[0m[48;2;126;112;124m[38;2;126;112;124m#[0m[48;2;149;132;145m[38;2;149;132;145m*[0m[48;2;158;140;154m[38;2;158;140;154m+[0m[48;2;159;141;155m[38;2;159;141;155m+[0m[48;2;160;141;155m[38;2;160;141;155m+[0m[48;2;160;141;155m[38;2;160;141;155m+[0m[48;2;160;140;155m[38;2;160;140;155m+[0m[48;2;160;140;155m[38;2;160;140;155m+[0m[48;2;161;141;155m[38;2;161;141;155m+[0m[48;2;161;141;155m[38;2;161;141;155m+[0m[48;2;160;141;155m[38;2;160;141;155m+[0m[48;2;158;139;153m[38;2;158;139;153m*[0m[48;2;139;120;134m[38;2;139;120;134m#[0m[48;2;100;85;97m[38;2;100;85;97m@[0m[48;2;57;46;56m[38;2;57;46;56m▒[0m[48;2;88;80;88m[38;2;88;80;88m@[0m[48;2;210;207;211m[38;2;210;207;211m:[0m                                 
                                              [48;2;55;54;57m[38;2;55;54;57m▒[0m[48;2;31;27;42m[38;2;31;27;42m▓[0m[48;2;35;30;48m[38;2;35;30;48m▓[0m[48;2;36;30;50m[38;2;36;30;50m▓[0m[48;2;36;30;51m[38;2;36;30;51m▓[0m[48;2;34;28;49m[38;2;34;28;49m▓[0m[48;2;33;27;47m[38;2;33;27;47m▓[0m[48;2;13;8;23m[38;2;13;8;23m█[0m[48;2;54;38;127m[38;2;54;38;127m▒[0m[48;2;81;67;155m[38;2;81;67;155m@[0m[48;2;87;73;153m[38;2;87;73;153m@[0m[48;2;86;69;165m[38;2;86;69;165m@[0m[48;2;38;23;112m[38;2;38;23;112m▒[0m[48;2;4;1;11m[38;2;4;1;11m█[0m[48;2;17;10;42m[38;2;17;10;42m█[0m[48;2;37;23;92m[38;2;37;23;92m▓[0m[48;2;40;32;69m[38;2;40;32;69m▒[0m[48;2;46;35;84m[38;2;46;35;84m▒[0m[48;2;55;49;69m[38;2;55;49;69m▒[0m[48;2;62;56;74m[38;2;62;56;74m░[0m[48;2;62;55;72m[38;2;62;55;72m░[0m[48;2;62;54;62m[38;2;62;54;62m░[0m[48;2;63;54;62m[38;2;63;54;62m░[0m[48;2;56;46;58m[38;2;56;46;58m▒[0m[48;2;43;34;46m[38;2;43;34;46m▒[0m[48;2;23;16;27m[38;2;23;16;27m▓[0m[48;2;18;14;22m[38;2;18;14;22m█[0m[48;2;141;137;143m[38;2;141;137;143m*[0m[48;2;231;229;232m[38;2;231;229;232m.[0m                                   
                                              [48;2;137;135;136m[38;2;137;135;136m*[0m[48;2;18;16;25m[38;2;18;16;25m█[0m[48;2;36;31;48m[38;2;36;31;48m▓[0m[48;2;37;31;52m[38;2;37;31;52m▓[0m[48;2;37;31;52m[38;2;37;31;52m▓[0m[48;2;37;31;52m[38;2;37;31;52m▓[0m[48;2;37;31;52m[38;2;37;31;52m▓[0m[48;2;29;24;45m[38;2;29;24;45m▓[0m[48;2;19;11;46m[38;2;19;11;46m█[0m[48;2;75;65;126m[38;2;75;65;126m@[0m[48;2;85;71;155m[38;2;85;71;155m@[0m[48;2;74;55;168m[38;2;74;55;168m@[0m[48;2;78;62;153m[38;2;78;62;153m@[0m[48;2;19;10;57m[38;2;19;10;57m█[0m[48;2;67;63;76m[38;2;67;63;76m░[0m[48;2;34;22;81m[38;2;34;22;81m▓[0m[48;2;84;68;157m[38;2;84;68;157m@[0m[48;2;67;48;161m[38;2;67;48;161m░[0m[48;2;80;65;152m[38;2;80;65;152m@[0m[48;2;57;47;108m[38;2;57;47;108m░[0m[48;2;33;27;52m[38;2;33;27;52m▓[0m[48;2;9;5;12m[38;2;9;5;12m█[0m[48;2;66;60;68m[38;2;66;60;68m░[0m[48;2;47;39;55m[38;2;47;39;55m▒[0m[48;2;38;30;49m[38;2;38;30;49m▓[0m[48;2;38;31;51m[38;2;38;31;51m▓[0m[48;2;31;26;45m[38;2;31;26;45m▓[0m[48;2;20;15;30m[38;2;20;15;30m█[0m[48;2;56;53;62m[38;2;56;53;62m░[0m[48;2;150;149;153m[38;2;150;149;153m+[0m[48;2;240;240;241m[38;2;240;240;241m [0m                                 
                                              [48;2;228;227;228m[38;2;228;227;228m.[0m[48;2;19;17;22m[38;2;19;17;22m█[0m[48;2;35;30;47m[38;2;35;30;47m▓[0m[48;2;37;31;52m[38;2;37;31;52m▓[0m[48;2;37;31;52m[38;2;37;31;52m▓[0m[48;2;37;31;52m[38;2;37;31;52m▓[0m[48;2;37;31;52m[38;2;37;31;52m▓[0m[48;2;37;31;52m[38;2;37;31;52m▓[0m[48;2;31;25;46m[38;2;31;25;46m▓[0m[48;2;21;16;34m[38;2;21;16;34m▓[0m[48;2;27;22;39m[38;2;27;22;39m▓[0m[48;2;34;27;60m[38;2;34;27;60m▓[0m[48;2;48;43;75m[38;2;48;43;75m▒[0m[48;2;23;13;69m[38;2;23;13;69m▓[0m[48;2;70;67;77m[38;2;70;67;77m░[0m[48;2;123;119;129m[38;2;123;119;129m#[0m[48;2;18;13;33m[38;2;18;13;33m█[0m[48;2;59;55;67m[38;2;59;55;67m░[0m[48;2;103;99;110m[38;2;103;99;110m%[0m[48;2;167;165;170m[38;2;167;165;170m=[0m[48;2;232;231;233m[38;2;232;231;233m.[0m[48;2;163;162;163m[38;2;163;162;163m+[0m[48;2;25;22;26m[38;2;25;22;26m▓[0m[48;2;58;53;61m[38;2;58;53;61m░[0m[48;2;67;61;71m[38;2;67;61;71m░[0m[48;2;41;34;50m[38;2;41;34;50m▒[0m[48;2;38;31;52m[38;2;38;31;52m▓[0m[48;2;37;31;52m[38;2;37;31;52m▓[0m[48;2;36;31;50m[38;2;36;31;50m▓[0m[48;2;28;22;39m[38;2;28;22;39m▓[0m[48;2;34;31;40m[38;2;34;31;40m▓[0m[48;2;151;150;153m[38;2;151;150;153m+[0m                                
                                               [48;2;120;119;123m[38;2;120;119;123m#[0m[48;2;22;17;33m[38;2;22;17;33m▓[0m[48;2;37;31;52m[38;2;37;31;52m▓[0m[48;2;37;31;52m[38;2;37;31;52m▓[0m[48;2;37;31;52m[38;2;37;31;52m▓[0m[48;2;37;31;52m[38;2;37;31;52m▓[0m[48;2;37;31;52m[38;2;37;31;52m▓[0m[48;2;37;31;52m[38;2;37;31;52m▓[0m[48;2;37;32;50m[38;2;37;32;50m▓[0m[48;2;76;72;89m[38;2;76;72;89m@[0m[48;2;16;13;21m[38;2;16;13;21m█[0m[48;2;51;50;53m[38;2;51;50;53m▒[0m[48;2;156;153;157m[38;2;156;153;157m+[0m[48;2;204;202;205m[38;2;204;202;205m:[0m[48;2;192;190;194m[38;2;192;190;194m-[0m[48;2;45;42;47m[38;2;45;42;47m▒[0m[48;2;85;82;88m[38;2;85;82;88m@[0m[48;2;117;114;120m[38;2;117;114;120m#[0m[48;2;212;209;213m[38;2;212;209;213m:[0m [48;2;228;228;228m[38;2;228;228;228m.[0m[48;2;42;40;43m[38;2;42;40;43m▒[0m[48;2;125;122;127m[38;2;125;122;127m#[0m[48;2;36;33;38m[38;2;36;33;38m▓[0m[48;2;61;54;65m[38;2;61;54;65m░[0m[48;2;67;59;76m[38;2;67;59;76m░[0m[48;2;43;35;55m[38;2;43;35;55m▒[0m[48;2;38;31;52m[38;2;38;31;52m▓[0m[48;2;37;32;51m[38;2;37;32;51m▓[0m[48;2;37;31;50m[38;2;37;31;50m▓[0m[48;2;23;19;33m[38;2;23;19;33m▓[0m[48;2;80;78;84m[38;2;80;78;84m@[0m                               