                                                                                                              
                                                                                                              
                                                                                                              
                                                                                                              
                                                                                                              
                                                                                                              
                                                                                                              
                                                                                                              
                                                                                                              
                                                                                                              
                                                                                                              
                                                                                                              
                                                                                                              
                                                [48;2;239;239;239m[38;2;239;239;239m [0m[48;2;184;184;184m[38;2;184;184;184m-[0m[48;2;133;133;134m[38;2;133;133;134m*[0m[48;2;97;97;99m[38;2;97;97;99m%[0m[48;2;70;69;73m[38;2;70;69;73m░[0m[48;2;54;53;58m[38;2;54;53;58m▒[0m[48;2;44;43;48m[38;2;44;43;48m▒[0m[48;2;40;39;45m[38;2;40;39;45m▒[0m[48;2;44;43;50m[38;2;44;43;50m▒[0m[48;2;60;58;64m[38;2;60;58;64m░[0m[48;2;82;81;86m[38;2;82;81;86m@[0m[48;2;129;128;133m[38;2;129;128;133m*[0m[48;2;193;193;196m[38;2;193;193;196m-[0m                                                 
                                              [48;2;160;160;162m[38;2;160;160;162m+[0m[48;2;74;73;77m[38;2;74;73;77m@[0m[48;2;26;24;32m[38;2;26;24;32m▓[0m[48;2;29;26;38m[38;2;29;26;38m▓[0m[48;2;39;36;52m[38;2;39;36;52m▒[0m[48;2;44;42;58m[38;2;44;42;58m▒[0m[48;2;45;43;59m[38;2;45;43;59m▒[0m[48;2;44;43;59m[38;2;44;43;59m▒[0m[48;2;43;43;59m[38;2;43;43;59m▒[0m[48;2;43;43;59m[38;2;43;43;59m▒[0m[48;2;43;43;59m[38;2;43;43;59m▒[0m[48;2;42;43;59m[38;2;42;43;59m▒[0m[48;2;41;42;58m[38;2;41;42;58m▒[0m[48;2;37;36;53m[38;2;37;36;53m▒[0m[48;2;26;24;40m[38;2;26;24;40m▓[0m[48;2;42;40;50m[38;2;42;40;50m▒[0m[48;2;141;140;145m[38;2;141;140;145m*[0m                                               
                                            [48;2;150;150;152m[38;2;150;150;152m+[0m[48;2;32;31;37m[38;2;32;31;37m▓[0m[48;2;30;28;39m[38;2;30;28;39m▓[0m[48;2;44;41;55m[38;2;44;41;55m▒[0m[48;2;62;59;73m[38;2;62;59;73m░[0m[48;2;57;54;67m[38;2;57;54;67m░[0m[48;2;31;28;41m[38;2;31;28;41m▓[0m[48;2;28;25;37m[38;2;28;25;37m▓[0m[48;2;47;44;56m[38;2;47;44;56m▒[0m[48;2;35;33;44m[38;2;35;33;44m▓[0m[48;2;33;31;43m[38;2;33;31;43m▓[0m[48;2;38;38;52m[38;2;38;38;52m▒[0m[48;2;41;42;58m[38;2;41;42;58m▒[0m[48;2;41;43;59m[38;2;41;43;59m▒[0m[48;2;40;44;59m[38;2;40;44;59m▒[0m[48;2;40;44;59m[38;2;40;44;59m▒[0m[48;2;41;43;59m[38;2;41;43;59m▒[0m[48;2;42;42;58m[38;2;42;42;58m▒[0m[48;2;28;27;40m[38;2;28;27;40m▓[0m[48;2;52;50;58m[38;2;52;50;58m▒[0m[48;2;204;204;206m[38;2;204;204;206m:[0m                                             
                                           [48;2;80;80;82m[38;2;80;80;82m@[0m[48;2;19;16;23m[38;2;19;16;23m█[0m[48;2;26;22;32m[38;2;26;22;32m▓[0m[48;2;34;29;39m[38;2;34;29;39m▓[0m[48;2;54;47;58m[38;2;54;47;58m▒[0m[48;2;67;59;67m[38;2;67;59;67m░[0m[48;2;86;75;85m[38;2;86;75;85m@[0m[48;2;97;85;95m[38;2;97;85;95m@[0m[48;2;123;109;119m[38;2;123;109;119m#[0m[48;2;135;121;131m[38;2;135;121;131m#[0m[48;2;126;111;121m[38;2;126;111;121m#[0m[48;2;108;93;103m[38;2;108;93;103m%[0m[48;2;81;68;77m[38;2;81;68;77m░[0m[48;2;48;38;49m[38;2;48;38;49m▒[0m[48;2;27;20;32m[38;2;27;20;32m▓[0m[48;2;35;32;46m[38;2;35;32;46m▓[0m[48;2;44;43;58m[38;2;44;43;58m▒[0m[48;2;42;43;59m[38;2;42;43;59m▒[0m[48;2;42;43;59m[38;2;42;43;59m▒[0m[48;2;43;43;58m[38;2;43;43;58m▒[0m[48;2;42;39;52m[38;2;42;39;52m▒[0m[48;2;25;22;30m[38;2;25;22;30m▓[0m[48;2;154;153;157m[38;2;154;153;157m+[0m                                            
                                          [48;2;125;124;126m[38;2;125;124;126m#[0m[48;2;17;14;18m[38;2;17;14;18m█[0m[48;2;77;70;77m[38;2;77;70;77m░[0m[48;2;78;69;77m[38;2;78;69;77m░[0m[48;2;60;52;61m[38;2;60;52;61m░[0m[48;2;74;63;74m[38;2;74;63;74m░[0m[48;2;123;107;119m[38;2;123;107;119m#[0m[48;2;153;135;149m[38;2;153;135;149m*[0m[48;2;98;82;94m[38;2;98;82;94m@[0m[48;2;79;64;75m[38;2;79;64;75m░[0m[48;2;63;48;58m[38;2;63;48;58m▒[0m[48;2;140;123;134m[38;2;140;123;134m*[0m[48;2;160;142;153m[38;2;160;142;153m+[0m[48;2;161;140;155m[38;2;161;140;155m+[0m[48;2;160;140;154m[38;2;160;140;154m+[0m[48;2;145;127;139m[38;2;145;127;139m*[0m[48;2;92;77;88m[38;2;92;77;88m@[0m[48;2;45;33;45m[38;2;45;33;45m▒[0m[48;2;53;47;56m[38;2;53;47;56m▒[0m[48;2;31;27;39m[38;2;31;27;39m▓[0m[48;2;25;22;37m[38;2;25;22;37m▓[0m[48;2;19;15;27m[38;2;19;15;27m█[0m[48;2;26;20;40m[38;2;26;20;40m▓[0m[48;2;9;5;12m[38;2;9;5;12m█[0m[48;2;136;133;137m[38;2;136;133;137m*[0m                                           
                                         [48;2;121;120;122m[38;2;121;120;122m#[0m[48;2;66;59;65m[38;2;66;59;65m░[0m[48;2;151;136;146m[38;2;151;136;146m*[0m[48;2;160;139;154m[38;2;160;139;154m+[0m[48;2;153;134;148m[38;2;153;134;148m*[0m[48;2;158;139;153m[38;2;158;139;153m*[0m[48;2;160;139;154m[38;2;160;139;154m+[0m[48;2;161;140;155m[38;2;161;140;155m+[0m[48;2;161;140;155m[38;2;161;140;155m+[0m[48;2;161;140;155m[38;2;161;140;155m+[0m[48;2;157;137;152m[38;2;157;137;152m*[0m[48;2;101;83;96m[38;2;101;83;96m@[0m[48;2;99;84;97m[38;2;99;84;97m@[0m[48;2;151;134;147m[38;2;151;134;147m*[0m[48;2;160;140;155m[38;2;160;140;155m+[0m[48;2;161;140;155m[38;2;161;140;155m+[0m[48;2;161;140;155m[38;2;161;140;155m+[0m[48;2;161;140;155m[38;2;161;140;155m+[0m[48;2;153;134;148m[38;2;153;134;148m*[0m[48;2;72;59;69m[38;2;72;59;69m░[0m[48;2;45;33;60m[38;2;45;33;60m▒[0m[48;2;91;68;138m[38;2;91;68;138m@[0m[48;2;46;29;73m[38;2;46;29;73m▒[0m[48;2;71;51;111m[38;2;71;51;111m░[0m[48;2;7;1;8m[38;2;7;1;8m█[0m[48;2;6;2;7m[38;2;6;2;7m█[0m[48;2;171;170;171m[38;2;171;170;171m=[0m                                          
                                        [48;2;111;110;112m[38;2;111;110;112m#[0m[48;2;83;74;81m[38;2;83;74;81m@[0m[48;2;159;141;152m[38;2;159;141;152m+[0m[48;2;161;142;154m[38;2;161;142;154m+[0m[48;2;161;140;155m[38;2;161;140;155m+[0m[48;2;161;140;155m[38;2;161;140;155m+[0m[48;2;161;140;155m[38;2;161;140;155m+[0m[48;2;161;140;155m[38;2;161;140;155m+[0m[48;2;162;141;156m[38;2;162;141;156m+[0m[48;2;112;93;107m[38;2;112;93;107m%[0m[48;2;131;112;126m[38;2;131;112;126m#[0m[48;2;144;125;139m[38;2;144;125;139m*[0m[48;2;41;27;38m[38;2;41;27;38m▓[0m[48;2;113;96;109m[38;2;113;96;109m%[0m[48;2;64;49;61m[38;2;64;49;61m▒[0m[48;2;157;138;152m[38;2;157;138;152m*[0m[48;2;160;140;155m[38;2;160;140;155m+[0m[48;2;161;140;155m[38;2;161;140;155m+[0m[48;2;161;140;155m[38;2;161;140;155m+[0m[48;2;161;140;155m[38;2;161;140;155m+[0m[48;2;159;141;155m[38;2;159;141;155m+[0m[48;2;96;82;94m[38;2;96;82;94m@[0m[48;2;37;22;47m[38;2;37;22;47m▓[0m[48;2;109;83;158m[38;2;109;83;158m%[0m[48;2;56;35;87m[38;2;56;35;87m▒[0m[48;2;53;38;80m[38;2;53;38;80m▒[0m[48;2;15;8;17m[38;2;15;8;17m█[0m[48;2;32;27;33m[38;2;32;27;33m▓[0m[48;2;235;234;234m[38;2;235;234;234m.[0m                                         
                                       [48;2;185;185;185m[38;2;185;185;185m-[0m[48;2;49;46;50m[38;2;49;46;50m▒[0m[48;2;99;88;98m[38;2;99;88;98m%[0m[48;2;92;78;89m[38;2;92;78;89m@[0m[48;2;83;68;80m[38;2;83;68;80m@[0m[48;2;161;140;155m[38;2;161;140;155m+[0m[48;2;161;140;155m[38;2;161;140;155m+[0m[48;2;161;140;155m[38;2;161;140;155m+[0m[48;2;161;140;155m[38;2;161;140;155m+[0m[48;2;161;141;155m[38;2;161;141;155m+[0m[48;2;76;59;72m[38;2;76;59;72m░[0m[48;2;97;81;94m[38;2;97;81;94m@[0m[48;2;155;139;152m[38;2;155;139;152m*[0m[48;2;49;36;47m[38;2;49;36;47m▒[0m[48;2;85;71;83m[38;2;85;71;83m@[0m[48;2;78;64;76m[38;2;78;64;76m░[0m[48;2;72;58;69m[38;2;72;58;69m░[0m[48;2;154;136;150m[38;2;154;136;150m*[0m[48;2;161;140;155m[38;2;161;140;155m+[0m[48;2;161;140;155m[38;2;161;140;155m+[0m[48;2;161;140;155m[38;2;161;140;155m+[0m[48;2;161;140;155m[38;2;161;140;155m+[0m[48;2;160;140;155m[38;2;160;140;155m+[0m[48;2;101;85;97m[38;2;101;85;97m@[0m[48;2;44;29;55m[38;2;44;29;55m▓[0m[48;2;12;4;18m[38;2;12;4;18m█[0m[48;2;11;7;14m[38;2;11;7;14m█[0m[48;2;32;28;38m[38;2;32;28;38m▓[0m[48;2;25;22;33m[38;2;25;22;33m▓[0m[48;2;127;126;127m[38;2;127;126;127m#[0m                                         
                                       [48;2;71;69;70m[38;2;71;69;70m░[0m[48;2;118;106;116m[38;2;118;106;116m#[0m[48;2;20;12;20m[38;2;20;12;20m█[0m[48;2;33;25;33m[38;2;33;25;33m▓[0m[48;2;102;91;100m[38;2;102;91;100m%[0m[48;2;111;96;107m[38;2;111;96;107m%[0m[48;2;151;133;147m[38;2;151;133;147m*[0m[48;2;152;133;147m[38;2;152;133;147m*[0m[48;2;161;141;155m[38;2;161;141;155m+[0m[48;2;160;141;155m[38;2;160;141;155m+[0m[48;2;108;91;105m[38;2;108;91;105m%[0m[48;2;20;9;19m[38;2;20;9;19m█[0m[48;2;125;111;123m[38;2;125;111;123m#[0m[48;2;130;115;128m[38;2;130;115;128m#[0m[48;2;18;7;18m[38;2;18;7;18m█[0m[48;2;48;37;47m[38;2;48;37;47m▒[0m[48;2;56;47;55m[38;2;56;47;55m▒[0m[48;2;42;31;41m[38;2;42;31;41m▓[0m[48;2;105;90;101m[38;2;105;90;101m%[0m[48;2;155;137;150m[38;2;155;137;150m*[0m[48;2;160;141;155m[38;2;160;141;155m+[0m[48;2;161;140;155m[38;2;161;140;155m+[0m[48;2;161;140;155m[38;2;161;140;155m+[0m[48;2;161;140;155m[38;2;161;140;155m+[0m[48;2;124;108;120m[38;2;124;108;120m#[0m[48;2;45;35;44m[38;2;45;35;44m▒[0m[48;2;40;36;44m[38;2;40;36;44m▒[0m[48;2;40;38;51m[38;2;40;38;51m▒[0m[48;2;42;40;50m[38;2;42;40;50m▒[0m[48;2;38;36;40m[38;2;38;36;40m▒[0m                                         
                                       [48;2;32;28;30m[38;2;32;28;30m▓[0m[48;2;118;106;117m[38;2;118;106;117m#[0m[48;2;9;3;8m[38;2;9;3;8m█[0m[48;2;47;41;47m[38;2;47;41;47m▒[0m[48;2;108;100;108m[38;2;108;100;108m%[0m[48;2;20;13;20m[38;2;20;13;20m█[0m[48;2;29;19;27m[38;2;29;19;27m▓[0m[48;2;43;32;41m[38;2;43;32;41m▓[0m[48;2;150;135;148m[38;2;150;135;148m*[0m[48;2;155;139;152m[38;2;155;139;152m*[0m[48;2;144;127;140m[38;2;144;127;140m*[0m[48;2;27;16;27m[38;2;27;16;27m▓[0m[48;2;37;26;36m[38;2;37;26;36m▓[0m[48;2;86;76;86m[38;2;86;76;86m@[0m[48;2;60;51;62m[38;2;60;51;62m░[0m[48;2;40;32;41m[38;2;40;32;41m▓[0m[48;2;41;35;40m[38;2;41;35;40m▒[0m[48;2;18;11;17m[38;2;18;11;17m█[0m[48;2;22;14;19m[38;2;22;14;19m█[0m[48;2;22;13;18m[38;2;22;13;18m█[0m[48;2;50;42;48m[38;2;50;42;48m▒[0m[48;2;53;44;51m[38;2;53;44;51m▒[0m[48;2;76;65;74m[38;2;76;65;74m░[0m[48;2;81;69;78m[38;2;81;69;78m@[0m[48;2;80;69;77m[38;2;80;69;77m@[0m[48;2;69;58;67m[38;2;69;58;67m░[0m[48;2;32;25;35m[38;2;32;25;35m▓[0m[48;2;18;12;25m[38;2;18;12;25m█[0m[48;2;41;35;48m[38;2;41;35;48m▒[0m[48;2;13;11;17m[38;2;13;11;17m█[0m                                         
                                      [48;2;237;237;237m[38;2;237;237;237m.[0m[48;2;30;27;29m[38;2;30;27;29m▓[0m[48;2;97;87;95m[38;2;97;87;95m@[0m[48;2;26;22;25m[38;2;26;22;25m▓[0m[48;2;61;55;61m[38;2;61;55;61m░[0m[48;2;40;33;40m[38;2;40;33;40m▓[0m[48;2;31;19;45m[38;2;31;19;45m▓[0m[48;2;41;27;63m[38;2;41;27;63m▓[0m[48;2;18;6;40m[38;2;18;6;40m█[0m[48;2;53;43;51m[38;2;53;43;51m▒[0m[48;2;109;98;104m[38;2;109;98;104m%[0m[48;2;121;110;113m[38;2;121;110;113m#[0m[48;2;139;127;133m[38;2;139;127;133m*[0m[48;2;32;23;28m[38;2;32;23;28m▓[0m[48;2;50;30;93m[38;2;50;30;93m▒[0m[48;2;65;34;136m[38;2;65;34;136m░[0m[48;2;45;19;95m[38;2;45;19;95m▓[0m[48;2;143;133;136m[38;2;143;133;136m*[0m[48;2;117;107;108m[38;2;117;107;108m#[0m[48;2;205;194;193m[38;2;205;194;193m-[0m[48;2;202;192;191m[38;2;202;192;191m-[0m[48;2;25;18;21m[38;2;25;18;21m▓[0m[48;2;99;93;98m[38;2;99;93;98m%[0m[48;2;103;95;102m[38;2;103;95;102m%[0m[48;2;110;97;108m[38;2;110;97;108m%[0m[48;2;43;32;40m[38;2;43;32;40m▓[0m[48;2;130;119;128m[38;2;130;119;128m#[0m[48;2;155;144;153m[38;2;155;144;153m+[0m[48;2;121;108;119m[38;2;121;108;119m#[0m[48;2;76;63;75m[38;2;76;63;75m░[0m[48;2;42;34;42m[38;2;42;34;42m▒[0m[48;2;91;85;90m[38;2;91;85;90m@[0m[48;2;156;154;156m[38;2;156;154;156m+[0m[48;2;216;216;216m[38;2;216;216;216m:[0m                                      
                                       [48;2;40;39;40m[38;2;40;39;40m▒[0m[48;2;89;78;86m[38;2;89;78;86m@[0m[48;2;13;7;12m[38;2;13;7;12m█[0m[48;2;201;192;196m[38;2;201;192;196m-[0m[48;2;78;70;74m[38;2;78;70;74m░[0m[48;2;79;54;123m[38;2;79;54;123m░[0m[48;2;111;69;164m[38;2;111;69;164m%[0m[48;2;79;43;127m[38;2;79;43;127m░[0m[48;2;80;70;77m[38;2;80;70;77m@[0m[48;2;248;236;235m[38;2;248;236;235m [0m[48;2;249;235;230m[38;2;249;235;230m [0m[48;2;250;236;230m[38;2;250;236;230m [0m[48;2;121;110;109m[38;2;121;110;109m#[0m[48;2;87;68;105m[38;2;87;68;105m@[0m[48;2;169;127;198m[38;2;169;127;198m+[0m[48;2;82;52;103m[38;2;82;52;103m░[0m[48;2;143;131;132m[38;2;143;131;132m*[0m[48;2;250;237;230m[38;2;250;237;230m [0m[48;2;249;234;228m[38;2;249;234;228m [0m[48;2;249;235;229m[38;2;249;235;229m [0m[48;2;146;136;135m[38;2;146;136;135m*[0m[48;2;65;56;60m[38;2;65;56;60m░[0m[48;2;151;139;148m[38;2;151;139;148m*[0m[48;2;159;144;155m[38;2;159;144;155m+[0m[48;2;141;125;136m[38;2;141;125;136m*[0m[48;2;68;55;65m[38;2;68;55;65m░[0m[48;2;72;59;69m[38;2;72;59;69m░[0m[48;2;124;111;121m[38;2;124;111;121m#[0m[48;2;156;139;152m[38;2;156;139;152m*[0m[48;2;157;141;152m[38;2;157;141;152m+[0m[48;2;146;131;142m[38;2;146;131;142m*[0m[48;2;123;108;119m[38;2;123;108;119m#[0m[48;2;86;73;82m[38;2;86;73;82m@[0m[48;2;72;65;70m[38;2;72;65;70m░[0m[48;2;144;140;143m[38;2;144;140;143m*[0m[48;2;241;240;241m[38;2;241;240;241m [0m                                   
                                       [48;2;125;124;125m[38;2;125;124;125m#[0m[48;2;64;55;60m[38;2;64;55;60m░[0m[48;2;45;37;43m[38;2;45;37;43m▒[0m[48;2;214;205;207m[38;2;214;205;207m:[0m[48;2;186;176;177m[38;2;186;176;177m=[0m[48;2;72;56;69m[38;2;72;56;69m░[0m[48;2;219;172;219m[38;2;219;172;219m-[0m[48;2;149;112;157m[38;2;149;112;157m*[0m[48;2;101;92;94m[38;2;101;92;94m%[0m[48;2;251;236;233m[38;2;251;236;233m [0m[48;2;250;234;229m[38;2;250;234;229m [0m[48;2;250;234;228m[38;2;250;234;228m [0m[48;2;238;223;218m[38;2;238;223;218m.[0m[48;2;82;68;73m[38;2;82;68;73m░[0m[48;2;111;84;109m[38;2;111;84;109m%[0m[48;2;62;46;59m[38;2;62;46;59m▒[0m[48;2;224;212;210m[38;2;224;212;210m:[0m[48;2;241;218;209m[38;2;241;218;209m.[0m[48;2;234;193;181m[38;2;234;193;181m:[0m[48;2;248;224;219m[38;2;248;224;219m.[0m[48;2;249;234;228m[38;2;249;234;228m [0m[48;2;171;159;156m[38;2;171;159;156m+[0m[48;2;50;40;45m[38;2;50;40;45m▒[0m[48;2;130;117;127m[38;2;130;117;127m#[0m[48;2;87;72;83m[38;2;87;72;83m@[0m[48;2;146;131;143m[38;2;146;131;143m*[0m[48;2;144;130;140m[38;2;144;130;140m*[0m[48;2;93;82;91m[38;2;93;82;91m@[0m[48;2;65;55;64m[38;2;65;55;64m░[0m[48;2;67;58;66m[38;2;67;58;66m░[0m[48;2;75;65;73m[38;2;75;65;73m░[0m[48;2;92;81;90m[38;2;92;81;90m@[0m[48;2;108;96;105m[38;2;108;96;105m%[0m[48;2;123;110;120m[38;2;123;110;120m#[0m[48;2;109;96;107m[38;2;109;96;107m%[0m[48;2;58;51;56m[38;2;58;51;56m▒[0m[48;2;176;174;176m[38;2;176;174;176m=[0m                                  
                                       [48;2;237;237;237m[38;2;237;237;237m.[0m[48;2;54;51;53m[38;2;54;51;53m▒[0m[48;2;35;27;32m[38;2;35;27;32m▓[0m[48;2;133;122;124m[38;2;133;122;124m#[0m[48;2;234;217;213m[38;2;234;217;213m.[0m[48;2;169;154;152m[38;2;169;154;152m+[0m[48;2;97;81;88m[38;2;97;81;88m@[0m[48;2;100;86;92m[38;2;100;86;92m@[0m[48;2;225;212;209m[38;2;225;212;209m:[0m[48;2;213;198;193m[38;2;213;198;193m:[0m[48;2;112;97;93m[38;2;112;97;93m%[0m[48;2;189;173;168m[38;2;189;173;168m=[0m[48;2;250;234;228m[38;2;250;234;228m [0m[48;2;249;233;229m[38;2;249;233;229m.[0m[48;2;217;203;199m[38;2;217;203;199m:[0m[48;2;239;225;220m[38;2;239;225;220m.[0m[48;2;251;236;229m[38;2;251;236;229m [0m[48;2;245;225;214m[38;2;245;225;214m.[0m[48;2;247;225;217m[38;2;247;225;217m.[0m[48;2;251;234;228m[38;2;251;234;228m [0m[48;2;250;234;229m[38;2;250;234;229m [0m[48;2;142;130;129m[38;2;142;130;129m*[0m[48;2;64;56;60m[38;2;64;56;60m░[0m[48;2;61;50;59m[38;2;61;50;59m▒[0m[48;2;23;14;21m[38;2;23;14;21m█[0m[48;2;37;28;35m[38;2;37;28;35m▓[0m[48;2;58;49;57m[38;2;58;49;57m▒[0m[48;2;88;78;86m[38;2;88;78;86m@[0m[48;2;98;89;97m[38;2;98;89;97m%[0m[48;2;91;82;90m[38;2;91;82;90m@[0m[48;2;66;58;66m[38;2;66;58;66m░[0m[48;2;44;35;43m[38;2;44;35;43m▒[0m[48;2;51;43;50m[38;2;51;43;50m▒[0m[48;2;91;79;88m[38;2;91;79;88m@[0m[48;2;151;133;146m[38;2;151;133;146m*[0m[48;2;152;136;147m[38;2;152;136;147m*[0m[48;2;72;62;70m[38;2;72;62;70m░[0m[48;2;121;119;122m[38;2;121;119;122m#[0m                                 
                                        [48;2;125;125;125m[38;2;125;125;125m#[0m[48;2;6;4;5m[38;2;6;4;5m█[0m[48;2;41;37;38m[38;2;41;37;38m▒[0m[48;2;190;180;177m[38;2;190;180;177m=[0m[48;2;248;232;227m[38;2;248;232;227m.[0m[48;2;250;235;229m[38;2;250;235;229m [0m[48;2;250;234;228m[38;2;250;234;228m [0m[48;2;250;234;228m[38;2;250;234;228m [0m[48;2;250;234;228m[38;2;250;234;228m [0m[48;2;250;234;228m[38;2;250;234;228m [0m[48;2;250;235;228m[38;2;250;235;228m [0m[48;2;250;234;228m[38;2;250;234;228m [0m[48;2;250;234;228m[38;2;250;234;228m [0m[48;2;250;234;228m[38;2;250;234;228m [0m[48;2;250;234;228m[38;2;250;234;228m [0m[48;2;250;235;227m[38;2;250;235;227m [0m[48;2;250;235;226m[38;2;250;235;226m [0m[48;2;250;234;227m[38;2;250;234;227m [0m[48;2;235;220;216m[38;2;235;220;216m.[0m[48;2;125;113;115m[38;2;125;113;115m#[0m[48;2;13;6;9m[38;2;13;6;9m█[0m[48;2;46;40;45m[38;2;46;40;45m▒[0m[48;2;37;29;36m[38;2;37;29;36m▓[0m[48;2;140;135;140m[38;2;140;135;140m*[0m[48;2;166;159;163m[38;2;166;159;163m+[0m[48;2;35;27;32m[38;2;35;27;32m▓[0m[48;2;90;83;88m[38;2;90;83;88m@[0m[48;2;125;113;123m[38;2;125;113;123m#[0m[48;2;133;117;130m[38;2;133;117;130m#[0m[48;2;149;132;144m[38;2;149;132;144m*[0m[48;2;160;142;155m[38;2;160;142;155m+[0m[48;2;160;141;154m[38;2;160;141;154m+[0m[48;2;161;140;155m[38;2;161;140;155m+[0m[48;2;161;140;155m[38;2;161;140;155m+[0m[48;2;161;140;155m[38;2;161;140;155m+[0m[48;2;159;140;154m[38;2;159;140;154m+[0m[48;2;80;71;78m[38;2;80;71;78m@[0m[48;2;125;123;126m[38;2;125;123;126m#[0m                                
                                        [48;2;213;213;213m[38;2;213;213;213m:[0m[48;2;109;107;108m[38;2;109;107;108m%[0m[48;2;111;106;107m[38;2;111;106;107m%[0m[48;2;210;201;199m[38;2;210;201;199m:[0m[48;2;241;229;225m[38;2;241;229;225m.[0m[48;2;248;234;230m[38;2;248;234;230m.[0m[48;2;249;235;231m[38;2;249;235;231m [0m[48;2;249;235;231m[38;2;249;235;231m [0m[48;2;249;235;230m[38;2;249;235;230m [0m[48;2;248;233;228m[38;2;248;233;228m.[0m[48;2;243;229;224m[38;2;243;229;224m.[0m[48;2;226;212;208m[38;2;226;212;208m:[0m[48;2;208;194;190m[38;2;208;194;190m-[0m[48;2;181;169;166m[38;2;181;169;166m=[0m[48;2;152;141;139m[38;2;152;141;139m*[0m[48;2;122;112;112m[38;2;122;112;112m#[0m[48;2;83;75;75m[38;2;83;75;75m@[0m[48;2;45;39;40m[38;2;45;39;40m▒[0m[48;2;25;19;23m[38;2;25;19;23m▓[0m[48;2;8;3;9m[38;2;8;3;9m█[0m[48;2;5;2;8m[38;2;5;2;8m█[0m[48;2;195;191;196m[38;2;195;191;196m-[0m[48;2;115;109;114m[38;2;115;109;114m#[0m[48;2;35;31;35m[38;2;35;31;35m▓[0m[48;2;106;100;105m[38;2;106;100;105m%[0m[48;2;121;115;120m[38;2;121;115;120m#[0m[48;2;67;61;66m[38;2;67;61;66m░[0m[48;2;159;142;154m[38;2;159;142;154m+[0m[48;2;161;140;155m[38;2;161;140;155m+[0m[48;2;161;140;155m[38;2;161;140;155m+[0m[48;2;161;140;155m[38;2;161;140;155m+[0m[48;2;161;140;155m[38;2;161;140;155m+[0m[48;2;161;140;155m[38;2;161;140;155m+[0m[48;2;161;140;155m[38;2;161;140;155m+[0m[48;2;161;140;155m[38;2;161;140;155m+[0m[48;2;161;140;155m[38;2;161;140;155m+[0m[48;2;158;140;152m[38;2;158;140;152m+[0m[48;2;48;39;46m[38;2;48;39;46m▒[0m[48;2;198;196;198m[38;2;198;196;198m-[0m                               
                                          [48;2;187;186;187m[38;2;187;186;187m-[0m[48;2;78;75;77m[38;2;78;75;77m@[0m[48;2;17;12;15m[38;2;17;12;15m█[0m[48;2;19;16;18m[38;2;19;16;18m█[0m[48;2;24;21;23m[38;2;24;21;23m▓[0m[48;2;33;31;31m[38;2;33;31;31m▓[0m[48;2;43;40;41m[38;2;43;40;41m▒[0m[48;2;36;32;34m[38;2;36;32;34m▓[0m[48;2;68;64;66m[38;2;68;64;66m░[0m[48;2;71;66;68m[38;2;71;66;68m░[0m[48;2;74;70;71m[38;2;74;70;71m░[0m[48;2;15;11;12m[38;2;15;11;12m█[0m[48;2;46;42;44m[38;2;46;42;44m▒[0m[48;2;28;25;29m[38;2;28;25;29m▓[0m[48;2;5;2;6m[38;2;5;2;6m█[0m[48;2;14;11;16m[38;2;14;11;16m█[0m[48;2;11;8;14m[38;2;11;8;14m█[0m[48;2;22;18;27m[38;2;22;18;27m▓[0m[48;2;29;26;34m[38;2;29;26;34m▓[0m[48;2;242;239;245m[38;2;242;239;245m [0m[48;2;185;181;186m[38;2;185;181;186m=[0m[48;2;67;63;68m[38;2;67;63;68m░[0m[48;2;197;194;199m[38;2;197;194;199m-[0m[48;2;189;185;191m[38;2;189;185;191m-[0m[48;2;29;24;30m[38;2;29;24;30m▓[0m[48;2;157;140;152m[38;2;157;140;152m+[0m[48;2;161;140;155m[38;2;161;140;155m+[0m[48;2;161;140;155m[38;2;161;140;155m+[0m[48;2;161;140;155m[38;2;161;140;155m+[0m[48;2;161;140;155m[38;2;161;140;155m+[0m[48;2;161;140;155m[38;2;161;140;155m+[0m[48;2;161;140;155m[38;2;161;140;155m+[0m[48;2;161;140;155m[38;2;161;140;155m+[0m[48;2;161;140;155m[38;2;161;140;155m+[0m[48;2;161;140;155m[38;2;161;140;155m+[0m[48;2;110;94;105m[38;2;110;94;105m%[0m[48;2;110;105;109m[38;2;110;105;109m%[0m                               
                                       [48;2;180;180;180m[38;2;180;180;180m=[0m[48;2;69;68;70m[38;2;69;68;70m░[0m[48;2;21;21;23m[38;2;21;21;23m▓[0m[48;2;22;20;27m[38;2;22;20;27m▓[0m[48;2;26;23;35m[38;2;26;23;35m▓[0m[48;2;27;23;37m[38;2;27;23;37m▓[0m[48;2;10;6;14m[38;2;10;6;14m█[0m[48;2;7;4;8m[38;2;7;4;8m█[0m[48;2;51;48;51m[38;2;51;48;51m▒[0m[48;2;50;46;50m[38;2;50;46;50m▒[0m[48;2;24;21;26m[38;2;24;21;26m▓[0m[48;2;84;81;85m[38;2;84;81;85m@[0m[48;2;124;121;124m[38;2;124;121;124m#[0m[48;2;11;9;10m[38;2;11;9;10m█[0m[48;2;43;40;43m[38;2;43;40;43m▒[0m[48;2;14;11;15m[38;2;14;11;15m█[0m[48;2;35;31;37m[38;2;35;31;37m▓[0m[48;2;24;19;28m[38;2;24;19;28m▓[0m[48;2;32;28;41m[38;2;32;28;41m▓[0m[48;2;6;2;13m[38;2;6;2;13m█[0m[48;2;15;11;21m[38;2;15;11;21m█[0m[48;2;33;30;37m[38;2;33;30;37m▓[0m[48;2;242;239;244m[38;2;242;239;244m [0m[48;2;244;239;244m[38;2;244;239;244m [0m[48;2;76;72;77m[38;2;76;72;77m@[0m[48;2;148;145;150m[38;2;148;145;150m+[0m[48;2;200;197;203m[38;2;200;197;203m-[0m[48;2;31;28;34m[38;2;31;28;34m▓[0m[48;2;150;133;146m[38;2;150;133;146m*[0m[48;2;161;140;155m[38;2;161;140;155m+[0m[48;2;161;140;155m[38;2;161;140;155m+[0m[48;2;161;140;155m[38;2;161;140;155m+[0m[48;2;161;140;155m[38;2;161;140;155m+[0m[48;2;161;140;155m[38;2;161;140;155m+[0m[48;2;161;140;155m[38;2;161;140;155m+[0m[48;2;161;140;155m[38;2;161;140;155m+[0m[48;2;161;140;155m[38;2;161;140;155m+[0m[48;2;161;140;155m[38;2;161;140;155m+[0m[48;2;134;118;130m[38;2;134;118;130m#[0m[48;2;69;64;68m[38;2;69;64;68m░[0m                               
                                       [48;2;44;43;43m[38;2;44;43;43m▒[0m[48;2;69;68;70m[38;2;69;68;70m░[0m[48;2;29;28;31m[38;2;29;28;31m▓[0m[48;2;31;29;42m[38;2;31;29;42m▓[0m[48;2;36;33;50m[38;2;36;33;50m▓[0m[48;2;36;31;49m[38;2;36;31;49m▓[0m[48;2;10;7;17m[38;2;10;7;17m█[0m[48;2;23;19;30m[38;2;23;19;30m▓[0m[48;2;14;10;22m[38;2;14;10;22m█[0m[48;2;50;46;53m[38;2;50;46;53m▒[0m[48;2;20;16;22m[38;2;20;16;22m█[0m[48;2;32;28;34m[38;2;32;28;34m▓[0m[48;2;81;77;82m[38;2;81;77;82m@[0m[48;2;12;9;12m[38;2;12;9;12m█[0m[48;2;7;4;8m[38;2;7;4;8m█[0m[48;2;12;8;13m[38;2;12;8;13m█[0m[48;2;87;78;77m[38;2;87;78;77m@[0m[48;2;137;127;118m[38;2;137;127;118m*[0m[48;2;58;51;55m[38;2;58;51;55m▒[0m[48;2;30;25;43m[38;2;30;25;43m▓[0m[48;2;14;10;24m[38;2;14;10;24m█[0m[48;2;6;3;9m[38;2;6;3;9m█[0m[48;2;140;138;140m[38;2;140;138;140m*[0m[48;2;208;204;208m[38;2;208;204;208m:[0m[48;2;207;202;207m[38;2;207;202;207m:[0m[48;2;58;54;58m[38;2;58;54;58m░[0m[48;2;97;92;98m[38;2;97;92;98m%[0m[48;2;41;36;44m[38;2;41;36;44m▒[0m[48;2;156;141;152m[38;2;156;141;152m+[0m[48;2;152;133;146m[38;2;152;133;146m*[0m[48;2;139;120;134m[38;2;139;120;134m#[0m[48;2;161;140;155m[38;2;161;140;155m+[0m[48;2;161;140;155m[38;2;161;140;155m+[0m[48;2;161;140;155m[38;2;161;140;155m+[0m[48;2;161;140;155m[38;2;161;140;155m+[0m[48;2;161;140;155m[38;2;161;140;155m+[0m[48;2;161;140;155m[38;2;161;140;155m+[0m[48;2;161;140;155m[38;2;161;140;155m+[0m[48;2;117;102;114m[38;2;117;102;114m%[0m[48;2;96;89;94m[38;2;96;89;94m%[0m                               
                                       [48;2;197;195;196m[38;2;197;195;196m-[0m[48;2;59;58;59m[38;2;59;58;59m░[0m[48;2;125;123;126m[38;2;125;123;126m#[0m[48;2;19;17;27m[38;2;19;17;27m▓[0m[48;2;35;30;47m[38;2;35;30;47m▓[0m[48;2;34;29;45m[38;2;34;29;45m▓[0m[48;2;9;5;18m[38;2;9;5;18m█[0m[48;2;34;29;45m[38;2;34;29;45m▓[0m[48;2;27;22;37m[38;2;27;22;37m▓[0m[48;2;23;17;26m[38;2;23;17;26m▓[0m[48;2;16;9;16m[38;2;16;9;16m█[0m[48;2;9;5;10m[38;2;9;5;10m█[0m[48;2;3;0;5m[38;2;3;0;5m█[0m[48;2;50;46;51m[38;2;50;46;51m▒[0m[48;2;47;41;39m[38;2;47;41;39m▒[0m[48;2;22;17;18m[38;2;22;17;18m▓[0m[48;2;92;84;86m[38;2;92;84;86m@[0m[48;2;112;103;101m[38;2;112;103;101m%[0m[48;2;68;61;65m[38;2;68;61;65m░[0m[48;2;35;29;50m[38;2;35;29;50m▓[0m[48;2;36;30;51m[38;2;36;30;51m▓[0m[48;2;34;29;44m[38;2;34;29;44m▓[0m[48;2;15;11;22m[38;2;15;11;22m█[0m[48;2;20;16;25m[38;2;20;16;25m█[0m[48;2;71;65;73m[38;2;71;65;73m░[0m[48;2;86;79;87m[38;2;86;79;87m@[0m[48;2;112;105;113m[38;2;112;105;113m%[0m[48;2;135;126;136m[38;2;135;126;136m*[0m[48;2;89;79;87m[38;2;89;79;87m@[0m[48;2;29;20;28m[38;2;29;20;28m▓[0m[48;2;95;82;92m[38;2;95;82;92m@[0m[48;2;160;140;154m[38;2;160;140;154m+[0m[48;2;161;140;155m[38;2;161;140;155m+[0m[48;2;161;140;155m[38;2;161;140;155m+[0m[48;2;161;140;155m[38;2;161;140;155m+[0m[48;2;161;140;155m[38;2;161;140;155m+[0m[48;2;161;141;155m[38;2;161;141;155m+[0m[48;2;156;137;151m[38;2;156;137;151m*[0m[48;2;47;38;46m[38;2;47;38;46m▒[0m[48;2;200;197;200m[38;2;200;197;200m-[0m                               
                                        [48;2;216;215;216m[38;2;216;215;216m:[0m[48;2;59;56;58m[38;2;59;56;58m░[0m[48;2;150;148;153m[38;2;150;148;153m+[0m[48;2;33;31;37m[38;2;33;31;37m▓[0m[48;2;18;14;26m[38;2;18;14;26m█[0m[48;2;15;12;23m[38;2;15;12;23m█[0m[48;2;36;31;49m[38;2;36;31;49m▓[0m[48;2;36;31;48m[38;2;36;31;48m▓[0m[48;2;16;12;22m[38;2;16;12;22m█[0m[48;2;117;107;101m[38;2;117;107;101m%[0m[48;2;106;93;75m[38;2;106;93;75m%[0m[48;2;53;41;33m[38;2;53;41;33m▒[0m[48;2;112;100;80m[38;2;112;100;80m%[0m[48;2;198;184;152m[38;2;198;184;152m-[0m[48;2;44;36;33m[38;2;44;36;33m▒[0m[48;2;34;27;38m[38;2;34;27;38m▓[0m[48;2;47;39;54m[38;2;47;39;54m▒[0m[48;2;37;29;48m[38;2;37;29;48m▓[0m[48;2;36;30;51m[38;2;36;30;51m▓[0m[48;2;37;31;51m[38;2;37;31;51m▓[0m[48;2;37;31;51m[38;2;37;31;51m▓[0m[48;2;37;31;51m[38;2;37;31;51m▓[0m[48;2;27;22;39m[38;2;27;22;39m▓[0m[48;2;25;20;33m[38;2;25;20;33m▓[0m[48;2;57;50;61m[38;2;57;50;61m▒[0m[48;2;47;41;49m[38;2;47;41;49m▒[0m[48;2;34;28;35m[38;2;34;28;35m▓[0m[48;2;25;18;25m[38;2;25;18;25m▓[0m[48;2;109;98;107m[38;2;109;98;107m%[0m[48;2;158;141;154m[38;2;158;141;154m+[0m[48;2;161;140;155m[38;2;161;140;155m+[0m[48;2;161;140;155m[38;2;161;140;155m+[0m[48;2;161;140;155m[38;2;161;140;155m+[0m[48;2;161;140;155m[38;2;161;140;155m+[0m[48;2;159;140;154m[38;2;159;140;154m+[0m[48;2;125;111;122m[38;2;125;111;122m#[0m[48;2;58;46;55m[38;2;58;46;55m▒[0m[48;2;164;161;165m[38;2;164;161;165m+[0m                                
                                         [48;2;208;207;208m[38;2;208;207;208m:[0m[48;2;67;66;68m[38;2;67;66;68m░[0m[48;2;83;81;84m[38;2;83;81;84m@[0m[48;2;30;27;32m[38;2;30;27;32m▓[0m[48;2;24;20;32m[38;2;24;20;32m▓[0m[48;2;35;29;47m[38;2;35;29;47m▓[0m[48;2;26;22;36m[38;2;26;22;36m▓[0m[48;2;14;10;22m[38;2;14;10;22m█[0m[48;2;7;2;10m[38;2;7;2;10m█[0m[48;2;62;53;62m[38;2;62;53;62m░[0m[48;2;123;113;100m[38;2;123;113;100m#[0m[48;2;104;93;81m[38;2;104;93;81m%[0m[48;2;20;12;12m[38;2;20;12;12m█[0m[48;2;16;10;15m[38;2;16;10;15m█[0m[48;2;18;14;21m[38;2;18;14;21m█[0m[48;2;19;14;25m[38;2;19;14;25m█[0m[48;2;15;11;22m[38;2;15;11;22m█[0m[48;2;13;10;21m[38;2;13;10;21m█[0m[48;2;16;12;23m[38;2;16;12;23m█[0m[48;2;20;16;29m[38;2;20;16;29m▓[0m[48;2;23;19;32m[38;2;23;19;32m▓[0m[48;2;24;20;33m[38;2;24;20;33m▓[0m[48;2;24;20;32m[38;2;24;20;32m▓[0m[48;2;19;16;26m[38;2;19;16;26m█[0m[48;2;7;5;13m[38;2;7;5;13m█[0m[48;2;5;2;11m[38;2;5;2;11m█[0m[48;2;58;53;63m[38;2;58;53;63m░[0m[48;2;116;107;115m[38;2;116;107;115m#[0m[48;2;156;140;153m[38;2;156;140;153m*[0m[48;2;161;141;155m[38;2;161;141;155m+[0m[48;2;157;139;152m[38;2;157;139;152m*[0m[48;2;132;115;127m[38;2;132;115;127m#[0m[48;2;90;76;87m[38;2;90;76;87m@[0m[48;2;74;65;73m[38;2;74;65;73m░[0m[48;2;140;134;140m[38;2;140;134;140m*[0m[48;2;231;228;231m[38;2;231;228;231m.[0m                                 
                                            [48;2;36;35;36m[38;2;36;35;36m▓[0m[48;2;27;23;33m[38;2;27;23;33m▓[0m[48;2;10;7;17m[38;2;10;7;17m█[0m[48;2;46;43;50m[38;2;46;43;50m▒[0m[48;2;21;17;24m[38;2;21;17;24m▓[0m[48;2;11;8;16m[38;2;11;8;16m█[0m[48;2;26;21;37m[38;2;26;21;37m▓[0m[48;2;21;17;34m[38;2;21;17;34m▓[0m[48;2;15;12;18m[38;2;15;12;18m█[0m[48;2;14;9;18m[38;2;14;9;18m█[0m[48;2;17;10;41m[38;2;17;10;41m█[0m[48;2;27;20;32m[38;2;27;20;32m▓[0m[48;2;35;30;37m[38;2;35;30;37m▓[0m[48;2;35;33;38m[38;2;35;33;38m▓[0m[48;2;42;40;45m[38;2;42;40;45m▒[0m[48;2;49;46;52m[38;2;49;46;52m▒[0m[48;2;48;45;51m[38;2;48;45;51m▒[0m[48;2;54;51;57m[38;2;54;51;57m▒[0m[48;2;54;51;57m[38;2;54;51;57m▒[0m[48;2;11;8;14m[38;2;11;8;14m█[0m[48;2;11;8;14m[38;2;11;8;14m█[0m[48;2;18;14;26m[38;2;18;14;26m█[0m[48;2;35;29;49m[38;2;35;29;49m▓[0m[48;2;33;27;47m[38;2;33;27;47m▓[0m[48;2;22;17;32m[38;2;22;17;32m▓[0m[48;2;31;24;37m[38;2;31;24;37m▓[0m[48;2;56;48;59m[38;2;56;48;59m▒[0m[48;2;49;43;50m[38;2;49;43;50m▒[0m[48;2;124;118;124m[38;2;124;118;124m#[0m[48;2;208;204;209m[38;2;208;204;209m:[0m                                    
                                           [48;2;233;233;233m[38;2;233;233;233m.[0m[48;2;9;9;10m[38;2;9;9;10m█[0m[48;2;24;21;26m[38;2;24;21;26m▓[0m[48;2;41;37;44m[38;2;41;37;44m▒[0m[48;2;21;17;27m[38;2;21;17;27m▓[0m[48;2;13;9;19m[38;2;13;9;19m█[0m[48;2;111;108;114m[38;2;111;108;114m%[0m[48;2;16;12;23m[38;2;16;12;23m█[0m[48;2;22;11;69m[38;2;22;11;69m▓[0m[48;2;8;4;18m[38;2;8;4;18m█[0m[48;2;14;7;42m[38;2;14;7;42m█[0m[48;2;69;55;117m[38;2;69;55;117m░[0m[48;2;44;34;69m[38;2;44;34;69m▒[0m[48;2;11;8;15m[38;2;11;8;15m█[0m[48;2;7;4;10m[38;2;7;4;10m█[0m[48;2;20;17;25m[38;2;20;17;25m▓[0m[48;2;21;18;28m[38;2;21;18;28m▓[0m[48;2;20;16;27m[38;2;20;16;27m▓[0m[48;2;19;15;27m[38;2;19;15;27m█[0m[48;2;21;17;29m[38;2;21;17;29m▓[0m[48;2;28;23;38m[38;2;28;23;38m▓[0m[48;2;34;29;46m[38;2;34;29;46m▓[0m[48;2;37;31;51m[38;2;37;31;51m▓[0m[48;2;36;30;51m[38;2;36;30;51m▓[0m[48;2;37;31;52m[38;2;37;31;52m▓[0m[48;2;37;31;52m[38;2;37;31;52m▓[0m[48;2;37;31;51m[38;2;37;31;51m▓[0m[48;2;29;24;42m[38;2;29;24;42m▓[0m[48;2;21;17;30m[38;2;21;17;30m▓[0m[48;2;98;94;102m[38;2;98;94;102m%[0m[48;2;214;212;215m[38;2;214;212;215m:[0m                                    
                                           [48;2;126;126;126m[38;2;126;126;126m#[0m[48;2;14;12;16m[38;2;14;12;16m█[0m[48;2;22;20;26m[38;2;22;20;26m▓[0m[48;2;27;22;35m[38;2;27;22;35m▓[0m[48;2;37;31;50m[38;2;37;31;50m▓[0m[48;2;12;7;19m[38;2;12;7;19m█[0m[48;2;216;214;218m[38;2;216;214;218m:[0m[48;2;73;70;78m[38;2;73;70;78m░[0m[48;2;84;67;138m[38;2;84;67;138m@[0m[48;2;58;45;90m[38;2;58;45;90m▒[0m[48;2;15;7;42m[38;2;15;7;42m█[0m[48;2;48;36;81m[38;2;48;36;81m▒[0m[48;2;29;23;47m[38;2;29;23;47m▓[0m[48;2;100;96;101m[38;2;100;96;101m%[0m[48;2;187;186;190m[38;2;187;186;190m-[0m[48;2;85;83;90m[38;2;85;83;90m@[0m[48;2;23;19;31m[38;2;23;19;31m▓[0m[48;2;31;26;43m[38;2;31;26;43m▓[0m[48;2;37;31;50m[38;2;37;31;50m▓[0m[48;2;37;31;52m[38;2;37;31;52m▓[0m[48;2;37;31;52m[38;2;37;31;52m▓[0m[48;2;37;31;52m[38;2;37;31;52m▓[0m[48;2;37;31;52m[38;2;37;31;52m▓[0m[48;2;37;31;52m[38;2;37;31;52m▓[0m[48;2;37;31;52m[38;2;37;31;52m▓[0m[48;2;37;31;52m[38;2;37;31;52m▓[0m[48;2;37;31;52m[38;2;37;31;52m▓[0m[48;2;37;31;52m[38;2;37;31;52m▓[0m[48;2;37;31;52m[38;2;37;31;52m▓[0m[48;2;32;27;44m[38;2;32;27;44m▓[0m[48;2;20;16;27m[38;2;20;16;27m▓[0m[48;2;107;105;109m[38;2;107;105;109m%[0m[48;2;233;233;234m[38;2;233;233;234m.[0m                                  
                                           [48;2;75;74;75m[38;2;75;74;75m@[0m[48;2;7;6;12m[38;2;7;6;12m█[0m[48;2;34;29;46m[38;2;34;29;46m▓[0m[48;2;37;31;51m[38;2;37;31;51m▓[0m[48;2;35;29;49m[38;2;35;29;49m▓[0m[48;2;22;18;29m[38;2;22;18;29m▓[0m[48;2;240;239;241m[38;2;240;239;241m [0m[48;2;207;206;208m[38;2;207;206;208m:[0m[48;2;83;80;85m[38;2;83;80;85m@[0m[48;2;75;72;77m[38;2;75;72;77m@[0m[48;2;28;18;61m[38;2;28;18;61m▓[0m[48;2;83;64;135m[38;2;83;64;135m@[0m[48;2;37;26;57m[38;2;37;26;57m▓[0m[48;2;124;119;123m[38;2;124;119;123m#[0m  [48;2;215;214;217m[38;2;215;214;217m:[0m[48;2;123;121;126m[38;2;123;121;126m#[0m[48;2;43;39;48m[38;2;43;39;48m▒[0m[48;2;23;19;31m[38;2;23;19;31m▓[0m[48;2;33;28;45m[38;2;33;28;45m▓[0m[48;2;37;31;49m[38;2;37;31;49m▓[0m[48;2;37;32;51m[38;2;37;32;51m▓[0m[48;2;37;31;52m[38;2;37;31;52m▓[0m[48;2;37;31;52m[38;2;37;31;52m▓[0m[48;2;37;31;52m[38;2;37;31;52m▓[0m[48;2;37;31;52m[38;2;37;31;52m▓[0m[48;2;37;31;52m[38;2;37;31;52m▓[0m[48;2;37;31;52m[38;2;37;31;52m▓[0m[48;2;37;31;52m[38;2;37;31;52m▓[0m[48;2;37;31;52m[38;2;37;31;52m▓[0m[48;2;29;24;42m[38;2;29;24;42m▓[0m[48;2;33;30;40m[38;2;33;30;40m▓[0m[48;2;181;181;183m[38;2;181;181;183m=[0m                                 
                                           [48;2;124;124;124m[38;2;124;124;124m#[0m[48;2;22;19;28m[38;2;22;19;28m▓[0m[48;2;37;31;51m[38;2;37;31;51m▓[0m[48;2;37;31;52m[38;2;37;31;52m▓[0m[48;2;35;29;49m[38;2;35;29;49m▓[0m[48;2;31;28;38m[38;2;31;28;38m▓[0m    [48;2;179;178;180m[38;2;179;178;180m=[0m[48;2;85;84;86m[38;2;85;84;86m@[0m[48;2;90;87;92m[38;2;90;87;92m@[0m[48;2;236;233;236m[38;2;236;233;236m.[0m    [48;2;241;240;242m[38;2;241;240;242m [0m[48;2;105;103;107m[38;2;105;103;107m%[0m[48;2;47;43;50m[38;2;47;43;50m▒[0m[48;2;45;41;51m[38;2;45;41;51m▒[0m[48;2;20;16;28m[38;2;20;16;28m▓[0m[48;2;28;24;38m[38;2;28;24;38m▓[0m[48;2;36;31;50m[38;2;36;31;50m▓[0m[48;2;37;31;52m[38;2;37;31;52m▓[0m[48;2;37;31;52m[38;2;37;31;52m▓[0m[48;2;37;31;52m[38;2;37;31;52m▓[0m[48;2;37;31;52m[38;2;37;31;52m▓[0m[48;2;37;31;52m[38;2;37;31;52m▓[0m[48;2;37;31;52m[38;2;37;31;52m▓[0m[48;2;37;31;52m[38;2;37;31;52m▓[0m[48;2;35;30;49m[38;2;35;30;49m▓[0m[48;2;17;15;23m[38;2;17;15;23m█[0m[48;2;173;173;174m[38;2;173;173;174m=[0m                                