                                                                                                    
                                                                                                    
                                                                                                    
                                                                                                    
                                                                                                    
                                                                                                    
                                                                                                    
                                                                                                    
                                                                                                    
                                                                                                    
                                                                                                    
                                                 [48;2;229;229;229m[38;2;229;229;229m.[0m[48;2;218;218;218m[38;2;218;218;218m:[0m[48;2;212;212;212m[38;2;212;212;212m:[0m[48;2;221;221;221m[38;2;221;221;221m.[0m                                               
                                             [48;2;192;191;192m[38;2;192;191;192m-[0m[48;2;115;115;117m[38;2;115;115;117m#[0m[48;2;63;62;67m[38;2;63;62;67m░[0m[48;2;32;31;38m[38;2;32;31;38m▓[0m[48;2;25;23;33m[38;2;25;23;33m▓[0m[48;2;28;26;36m[38;2;28;26;36m▓[0m[48;2;30;28;39m[38;2;30;28;39m▓[0m[48;2;27;25;37m[38;2;27;25;37m▓[0m[48;2;23;21;32m[38;2;23;21;32m▓[0m[48;2;45;43;53m[38;2;45;43;53m▒[0m[48;2;86;85;92m[38;2;86;85;92m@[0m[48;2;142;142;145m[38;2;142;142;145m*[0m[48;2;220;219;221m[38;2;220;219;221m.[0m                                          
                                           [48;2;189;189;190m[38;2;189;189;190m-[0m[48;2;52;51;56m[38;2;52;51;56m▒[0m[48;2;29;27;38m[38;2;29;27;38m▓[0m[48;2;41;39;53m[38;2;41;39;53m▒[0m[48;2;43;42;58m[38;2;43;42;58m▒[0m[48;2;44;41;58m[38;2;44;41;58m▒[0m[48;2;44;41;58m[38;2;44;41;58m▒[0m[48;2;56;53;67m[38;2;56;53;67m░[0m[48;2;59;57;69m[38;2;59;57;69m░[0m[48;2;43;41;54m[38;2;43;41;54m▒[0m[48;2;62;61;74m[38;2;62;61;74m░[0m[48;2;48;46;61m[38;2;48;46;61m▒[0m[48;2;45;42;59m[38;2;45;42;59m▒[0m[48;2;39;36;52m[38;2;39;36;52m▒[0m[48;2;26;23;37m[38;2;26;23;37m▓[0m[48;2;72;70;78m[38;2;72;70;78m░[0m[48;2;179;179;182m[38;2;179;179;182m=[0m                                        
                                         [48;2;225;225;226m[38;2;225;225;226m.[0m[48;2;81;80;84m[38;2;81;80;84m@[0m[48;2;28;26;37m[38;2;28;26;37m▓[0m[48;2;43;41;56m[38;2;43;41;56m▒[0m[48;2;36;34;47m[38;2;36;34;47m▓[0m[48;2;28;25;37m[38;2;28;25;37m▓[0m[48;2;50;45;56m[38;2;50;45;56m▒[0m[48;2;74;65;76m[38;2;74;65;76m░[0m[48;2;89;79;90m[38;2;89;79;90m@[0m[48;2;95;85;93m[38;2;95;85;93m@[0m[48;2;94;83;92m[38;2;94;83;92m@[0m[48;2;79;69;77m[38;2;79;69;77m░[0m[48;2;58;50;58m[38;2;58;50;58m▒[0m[48;2;52;43;52m[38;2;52;43;52m▒[0m[48;2;48;42;51m[38;2;48;42;51m▒[0m[48;2;30;24;35m[38;2;30;24;35m▓[0m[48;2;33;27;38m[38;2;33;27;38m▓[0m[48;2;27;22;32m[38;2;27;22;32m▓[0m[48;2;15;11;18m[38;2;15;11;18m█[0m[48;2;74;73;74m[38;2;74;73;74m@[0m[48;2;227;227;227m[38;2;227;227;227m.[0m                                      
                                        [48;2;206;205;206m[38;2;206;205;206m:[0m[48;2;36;34;39m[38;2;36;34;39m▓[0m[48;2;40;37;50m[38;2;40;37;50m▒[0m[48;2;43;39;53m[38;2;43;39;53m▒[0m[48;2;21;18;29m[38;2;21;18;29m▓[0m[48;2;70;62;74m[38;2;70;62;74m░[0m[48;2;147;133;146m[38;2;147;133;146m*[0m[48;2;159;140;155m[38;2;159;140;155m+[0m[48;2;159;139;154m[38;2;159;139;154m+[0m[48;2;127;108;122m[38;2;127;108;122m#[0m[48;2;80;66;77m[38;2;80;66;77m░[0m[48;2;79;65;76m[38;2;79;65;76m░[0m[48;2;80;67;76m[38;2;80;67;76m░[0m[48;2;108;93;105m[38;2;108;93;105m%[0m[48;2;146;129;141m[38;2;146;129;141m*[0m[48;2;128;112;123m[38;2;128;112;123m#[0m[48;2;157;141;152m[38;2;157;141;152m+[0m[48;2;158;142;152m[38;2;158;142;152m+[0m[48;2;96;82;92m[38;2;96;82;92m@[0m[48;2;82;73;81m[38;2;82;73;81m@[0m[48;2;63;58;64m[38;2;63;58;64m░[0m[48;2;41;39;42m[38;2;41;39;42m▒[0m[48;2;223;222;224m[38;2;223;222;224m.[0m                                     
                                       [48;2;223;223;224m[38;2;223;223;224m.[0m[48;2;32;30;35m[38;2;32;30;35m▓[0m[48;2;41;39;50m[38;2;41;39;50m▒[0m[48;2;26;23;35m[38;2;26;23;35m▓[0m[48;2;37;31;41m[38;2;37;31;41m▓[0m[48;2;126;114;124m[38;2;126;114;124m#[0m[48;2;159;141;154m[38;2;159;141;154m+[0m[48;2;161;140;155m[38;2;161;140;155m+[0m[48;2;161;140;155m[38;2;161;140;155m+[0m[48;2;160;139;154m[38;2;160;139;154m+[0m[48;2;158;137;152m[38;2;158;137;152m*[0m[48;2;159;139;154m[38;2;159;139;154m+[0m[48;2;161;140;155m[38;2;161;140;155m+[0m[48;2;161;140;155m[38;2;161;140;155m+[0m[48;2;161;140;155m[38;2;161;140;155m+[0m[48;2;161;140;155m[38;2;161;140;155m+[0m[48;2;161;140;155m[38;2;161;140;155m+[0m[48;2;161;140;155m[38;2;161;140;155m+[0m[48;2;161;140;155m[38;2;161;140;155m+[0m[48;2;146;127;141m[38;2;146;127;141m*[0m[48;2;114;98;110m[38;2;114;98;110m%[0m[48;2;101;87;98m[38;2;101;87;98m%[0m[48;2;86;77;85m[38;2;86;77;85m@[0m[48;2;27;24;29m[38;2;27;24;29m▓[0m[48;2;114;113;116m[38;2;114;113;116m#[0m[48;2;170;169;171m[38;2;170;169;171m=[0m                                   
                                       [48;2;75;75;77m[38;2;75;75;77m@[0m[48;2;31;29;36m[38;2;31;29;36m▓[0m[48;2;12;9;17m[38;2;12;9;17m█[0m[48;2;43;37;44m[38;2;43;37;44m▒[0m[48;2;151;135;148m[38;2;151;135;148m*[0m[48;2;161;140;155m[38;2;161;140;155m+[0m[48;2;161;140;155m[38;2;161;140;155m+[0m[48;2;161;140;155m[38;2;161;140;155m+[0m[48;2;161;140;155m[38;2;161;140;155m+[0m[48;2;159;138;153m[38;2;159;138;153m*[0m[48;2;159;138;153m[38;2;159;138;153m*[0m[48;2;159;138;153m[38;2;159;138;153m*[0m[48;2;161;140;155m[38;2;161;140;155m+[0m[48;2;161;140;155m[38;2;161;140;155m+[0m[48;2;161;140;155m[38;2;161;140;155m+[0m[48;2;161;140;155m[38;2;161;140;155m+[0m[48;2;161;140;155m[38;2;161;140;155m+[0m[48;2;161;140;155m[38;2;161;140;155m+[0m[48;2;161;140;155m[38;2;161;140;155m+[0m[48;2;154;134;148m[38;2;154;134;148m*[0m[48;2;139;119;133m[38;2;139;119;133m#[0m[48;2;162;141;156m[38;2;162;141;156m+[0m[48;2;159;140;154m[38;2;159;140;154m+[0m[48;2;86;74;84m[38;2;86;74;84m@[0m[48;2;21;16;27m[38;2;21;16;27m▓[0m[48;2;29;24;46m[38;2;29;24;46m▓[0m[48;2;216;215;216m[38;2;216;215;216m:[0m                                  
                                      [48;2;201;201;201m[38;2;201;201;201m-[0m[48;2;11;9;11m[38;2;11;9;11m█[0m[48;2;28;25;30m[38;2;28;25;30m▓[0m[48;2;25;20;27m[38;2;25;20;27m▓[0m[48;2;148;133;145m[38;2;148;133;145m*[0m[48;2;161;141;156m[38;2;161;141;156m+[0m[48;2;161;140;155m[38;2;161;140;155m+[0m[48;2;161;140;155m[38;2;161;140;155m+[0m[48;2;149;130;144m[38;2;149;130;144m*[0m[48;2;57;43;54m[38;2;57;43;54m▒[0m[48;2;107;92;105m[38;2;107;92;105m%[0m[48;2;55;40;52m[38;2;55;40;52m▒[0m[48;2;157;137;151m[38;2;157;137;151m*[0m[48;2;86;70;83m[38;2;86;70;83m@[0m[48;2;154;135;149m[38;2;154;135;149m*[0m[48;2;161;140;155m[38;2;161;140;155m+[0m[48;2;161;140;155m[38;2;161;140;155m+[0m[48;2;161;140;155m[38;2;161;140;155m+[0m[48;2;159;139;153m[38;2;159;139;153m+[0m[48;2;118;100;113m[38;2;118;100;113m%[0m[48;2;146;128;141m[38;2;146;128;141m*[0m[48;2;46;36;45m[38;2;46;36;45m▒[0m[48;2;157;140;153m[38;2;157;140;153m+[0m[48;2;160;139;154m[38;2;160;139;154m+[0m[48;2;160;139;154m[38;2;160;139;154m+[0m[48;2;50;41;48m[38;2;50;41;48m▒[0m[48;2;36;27;51m[38;2;36;27;51m▓[0m[48;2;90;87;94m[38;2;90;87;94m@[0m                                  
                                      [48;2;123;123;123m[38;2;123;123;123m#[0m[48;2;20;16;19m[38;2;20;16;19m█[0m[48;2;83;77;84m[38;2;83;77;84m@[0m[48;2;86;78;86m[38;2;86;78;86m@[0m[48;2;161;142;156m[38;2;161;142;156m+[0m[48;2;161;140;155m[38;2;161;140;155m+[0m[48;2;161;140;155m[38;2;161;140;155m+[0m[48;2;160;139;154m[38;2;160;139;154m+[0m[48;2;56;44;54m[38;2;56;44;54m▒[0m[48;2;45;37;45m[38;2;45;37;45m▒[0m[48;2;24;19;24m[38;2;24;19;24m▓[0m[48;2;104;94;103m[38;2;104;94;103m%[0m[48;2;86;72;83m[38;2;86;72;83m@[0m[48;2;54;42;51m[38;2;54;42;51m▒[0m[48;2;116;100;112m[38;2;116;100;112m%[0m[48;2;160;140;154m[38;2;160;140;154m+[0m[48;2;161;140;155m[38;2;161;140;155m+[0m[48;2;161;140;155m[38;2;161;140;155m+[0m[48;2;154;135;149m[38;2;154;135;149m*[0m[48;2;34;21;32m[38;2;34;21;32m▓[0m[48;2;151;135;149m[38;2;151;135;149m*[0m[48;2;75;62;74m[38;2;75;62;74m░[0m[48;2;105;92;104m[38;2;105;92;104m%[0m[48;2;160;141;155m[38;2;160;141;155m+[0m[48;2;160;141;155m[38;2;160;141;155m+[0m[48;2;134;118;130m[38;2;134;118;130m#[0m[48;2;23;14;28m[38;2;23;14;28m█[0m[48;2;93;90;96m[38;2;93;90;96m%[0m                                  
                                      [48;2;79;79;79m[38;2;79;79;79m@[0m[48;2;106;98;104m[38;2;106;98;104m%[0m[48;2;67;57;65m[38;2;67;57;65m░[0m[48;2;125;112;121m[38;2;125;112;121m#[0m[48;2;161;141;155m[38;2;161;141;155m+[0m[48;2;161;140;155m[38;2;161;140;155m+[0m[48;2;161;140;155m[38;2;161;140;155m+[0m[48;2;126;109;122m[38;2;126;109;122m#[0m[48;2;7;0;7m[38;2;7;0;7m█[0m[48;2;70;63;69m[38;2;70;63;69m░[0m[48;2;48;42;47m[38;2;48;42;47m▒[0m[48;2;55;47;63m[38;2;55;47;63m▒[0m[48;2;22;14;35m[38;2;22;14;35m▓[0m[48;2;16;9;21m[38;2;16;9;21m█[0m[48;2;14;6;11m[38;2;14;6;11m█[0m[48;2;68;57;66m[38;2;68;57;66m░[0m[48;2;120;105;115m[38;2;120;105;115m#[0m[48;2;124;108;120m[38;2;124;108;120m#[0m[48;2;122;108;119m[38;2;122;108;119m#[0m[48;2;26;18;26m[38;2;26;18;26m▓[0m[48;2;38;31;39m[38;2;38;31;39m▓[0m[48;2;114;103;113m[38;2;114;103;113m%[0m[48;2;23;16;23m[38;2;23;16;23m▓[0m[48;2;69;58;68m[38;2;69;58;68m░[0m[48;2;122;110;121m[38;2;122;110;121m#[0m[48;2;91;79;91m[38;2;91;79;91m@[0m[48;2;101;89;99m[38;2;101;89;99m%[0m[48;2;70;65;70m[38;2;70;65;70m░[0m[48;2;122;120;123m[38;2;122;120;123m#[0m[48;2;201;201;202m[38;2;201;201;202m-[0m                                
                                      [48;2;43;40;42m[38;2;43;40;42m▒[0m[48;2;156;142;152m[38;2;156;142;152m+[0m[48;2;67;54;62m[38;2;67;54;62m░[0m[48;2;127;115;123m[38;2;127;115;123m#[0m[48;2;161;141;155m[38;2;161;141;155m+[0m[48;2;161;140;155m[38;2;161;140;155m+[0m[48;2;161;140;155m[38;2;161;140;155m+[0m[48;2;92;77;88m[38;2;92;77;88m@[0m[48;2;114;103;112m[38;2;114;103;112m%[0m[48;2;220;209;214m[38;2;220;209;214m:[0m[48;2;102;94;98m[38;2;102;94;98m%[0m[48;2;86;62;130m[38;2;86;62;130m@[0m[48;2;81;42;155m[38;2;81;42;155m░[0m[48;2;36;15;68m[38;2;36;15;68m▓[0m[48;2;194;183;184m[38;2;194;183;184m-[0m[48;2;212;202;200m[38;2;212;202;200m:[0m[48;2;184;173;170m[38;2;184;173;170m=[0m[48;2;178;167;163m[38;2;178;167;163m=[0m[48;2;176;166;164m[38;2;176;166;164m=[0m[48;2;29;19;26m[38;2;29;19;26m▓[0m[48;2;58;28;117m[38;2;58;28;117m▒[0m[48;2;54;25;112m[38;2;54;25;112m▒[0m[48;2;24;14;33m[38;2;24;14;33m▓[0m[48;2;107;100;103m[38;2;107;100;103m%[0m[48;2;25;19;23m[38;2;25;19;23m▓[0m[48;2;39;33;38m[38;2;39;33;38m▓[0m[48;2;36;30;35m[38;2;36;30;35m▓[0m[48;2;34;28;33m[38;2;34;28;33m▓[0m[48;2;99;95;98m[38;2;99;95;98m%[0m[48;2;143;140;143m[38;2;143;140;143m*[0m                                
                                     [48;2;224;224;224m[38;2;224;224;224m.[0m[48;2;47;43;46m[38;2;47;43;46m▒[0m[48;2;160;143;154m[38;2;160;143;154m+[0m[48;2;113;98;108m[38;2;113;98;108m%[0m[48;2;73;62;70m[38;2;73;62;70m░[0m[48;2;160;141;155m[38;2;160;141;155m+[0m[48;2;161;140;155m[38;2;161;140;155m+[0m[48;2;161;140;155m[38;2;161;140;155m+[0m[48;2;90;75;85m[38;2;90;75;85m@[0m[48;2;161;149;154m[38;2;161;149;154m+[0m[48;2;250;236;235m[38;2;250;236;235m [0m[48;2;95;84;86m[38;2;95;84;86m@[0m[48;2;181;149;184m[38;2;181;149;184m+[0m[48;2;203;148;208m[38;2;203;148;208m=[0m[48;2;54;37;55m[38;2;54;37;55m▒[0m[48;2;236;224;222m[38;2;236;224;222m.[0m[48;2;250;236;229m[38;2;250;236;229m [0m[48;2;249;235;227m[38;2;249;235;227m [0m[48;2;249;235;227m[38;2;249;235;227m [0m[48;2;246;233;227m[38;2;246;233;227m.[0m[48;2;40;28;35m[38;2;40;28;35m▓[0m[48;2;175;141;197m[38;2;175;141;197m+[0m[48;2;104;65;144m[38;2;104;65;144m@[0m[48;2;85;74;85m[38;2;85;74;85m@[0m[48;2;211;201;199m[38;2;211;201;199m:[0m[48;2;180;170;169m[38;2;180;170;169m=[0m[48;2;90;83;84m[38;2;90;83;84m@[0m[48;2;45;40;44m[38;2;45;40;44m▒[0m[48;2;25;21;25m[38;2;25;21;25m▓[0m                                  
                                      [48;2;44;40;42m[38;2;44;40;42m▒[0m[48;2;153;137;147m[38;2;153;137;147m*[0m[48;2;127;111;121m[38;2;127;111;121m#[0m[48;2;10;2;9m[38;2;10;2;9m█[0m[48;2;71;61;70m[38;2;71;61;70m░[0m[48;2;148;130;144m[38;2;148;130;144m*[0m[48;2;161;140;155m[38;2;161;140;155m+[0m[48;2;131;114;127m[38;2;131;114;127m#[0m[48;2;76;62;67m[38;2;76;62;67m░[0m[48;2;239;213;212m[38;2;239;213;212m.[0m[48;2;205;192;188m[38;2;205;192;188m-[0m[48;2;97;83;89m[38;2;97;83;89m@[0m[48;2;101;84;93m[38;2;101;84;93m@[0m[48;2;188;176;175m[38;2;188;176;175m=[0m[48;2;251;236;230m[38;2;251;236;230m [0m[48;2;249;234;225m[38;2;249;234;225m.[0m[48;2;247;232;223m[38;2;247;232;223m.[0m[48;2;250;235;226m[38;2;250;235;226m [0m[48;2;250;235;228m[38;2;250;235;228m [0m[48;2;116;102;102m[38;2;116;102;102m%[0m[48;2;116;88;112m[38;2;116;88;112m%[0m[48;2;79;55;73m[38;2;79;55;73m░[0m[48;2;208;191;190m[38;2;208;191;190m-[0m[48;2;248;227;221m[38;2;248;227;221m.[0m[48;2;248;230;226m[38;2;248;230;226m.[0m[48;2;97;88;87m[38;2;97;88;87m@[0m[48;2;124;113;120m[38;2;124;113;120m#[0m[48;2;60;51;58m[38;2;60;51;58m▒[0m[48;2;182;181;182m[38;2;182;181;182m=[0m                                 
                                      [48;2;115;113;114m[38;2;115;113;114m#[0m[48;2;19;14;17m[38;2;19;14;17m█[0m[48;2;100;93;96m[38;2;100;93;96m%[0m[48;2;154;146;148m[38;2;154;146;148m+[0m[48;2;75;68;71m[38;2;75;68;71m░[0m[48;2;10;4;8m[38;2;10;4;8m█[0m[48;2;37;31;36m[38;2;37;31;36m▓[0m[48;2;75;69;72m[38;2;75;69;72m░[0m[48;2;40;34;37m[38;2;40;34;37m▓[0m[48;2;70;60;64m[38;2;70;60;64m░[0m[48;2;175;162;161m[38;2;175;162;161m=[0m[48;2;250;237;231m[38;2;250;237;231m [0m[48;2;251;235;229m[38;2;251;235;229m [0m[48;2;250;235;226m[38;2;250;235;226m [0m[48;2;250;235;226m[38;2;250;235;226m [0m[48;2;212;196;190m[38;2;212;196;190m-[0m[48;2;146;130;125m[38;2;146;130;125m*[0m[48;2;249;234;226m[38;2;249;234;226m.[0m[48;2;250;235;226m[38;2;250;235;226m [0m[48;2;249;233;226m[38;2;249;233;226m.[0m[48;2;215;200;193m[38;2;215;200;193m:[0m[48;2;237;222;215m[38;2;237;222;215m.[0m[48;2;244;221;212m[38;2;244;221;212m.[0m[48;2;238;203;189m[38;2;238;203;189m:[0m[48;2;246;223;215m[38;2;246;223;215m.[0m[48;2;76;66;66m[38;2;76;66;66m░[0m[48;2;83;75;79m[38;2;83;75;79m@[0m[48;2;69;62;67m[38;2;69;62;67m░[0m[48;2;230;228;230m[38;2;230;228;230m.[0m                                 
                                     [48;2;225;225;225m[38;2;225;225;225m.[0m[48;2;55;54;55m[38;2;55;54;55m▒[0m[48;2;178;176;177m[38;2;178;176;177m=[0m[48;2;73;67;71m[38;2;73;67;71m░[0m[48;2;171;162;164m[38;2;171;162;164m=[0m[48;2;235;225;228m[38;2;235;225;228m.[0m[48;2;42;34;38m[38;2;42;34;38m▒[0m[48;2;49;45;47m[38;2;49;45;47m▒[0m[48;2;50;45;49m[38;2;50;45;49m▒[0m[48;2;199;192;196m[38;2;199;192;196m-[0m[48;2;243;233;232m[38;2;243;233;232m.[0m[48;2;244;232;229m[38;2;244;232;229m.[0m[48;2;251;237;232m[38;2;251;237;232m [0m[48;2;250;235;230m[38;2;250;235;230m [0m[48;2;250;236;228m[38;2;250;236;228m [0m[48;2;250;235;227m[38;2;250;235;227m [0m[48;2;250;235;226m[38;2;250;235;226m [0m[48;2;250;235;226m[38;2;250;235;226m [0m[48;2;250;235;226m[38;2;250;235;226m [0m[48;2;250;235;226m[38;2;250;235;226m [0m[48;2;250;235;226m[38;2;250;235;226m [0m[48;2;250;235;226m[38;2;250;235;226m [0m[48;2;250;235;226m[38;2;250;235;226m [0m[48;2;252;235;230m[38;2;252;235;230m [0m[48;2;250;235;231m[38;2;250;235;231m [0m[48;2;173;160;160m[38;2;173;160;160m+[0m[48;2;53;45;48m[38;2;53;45;48m▒[0m[48;2;46;40;45m[38;2;46;40;45m▒[0m[48;2;168;164;168m[38;2;168;164;168m=[0m                                  
                                     [48;2;175;175;175m[38;2;175;175;175m=[0m[48;2;89;87;88m[38;2;89;87;88m@[0m[48;2;203;201;203m[38;2;203;201;203m:[0m[48;2;135;133;135m[38;2;135;133;135m*[0m[48;2;3;1;4m[38;2;3;1;4m█[0m[48;2;38;33;38m[38;2;38;33;38m▓[0m[48;2;27;21;26m[38;2;27;21;26m▓[0m[48;2;190;186;189m[38;2;190;186;189m-[0m[48;2;40;36;40m[38;2;40;36;40m▒[0m[48;2;60;55;59m[38;2;60;55;59m░[0m[48;2;49;43;46m[38;2;49;43;46m▒[0m[48;2;65;60;61m[38;2;65;60;61m░[0m[48;2;90;85;87m[38;2;90;85;87m@[0m[48;2;114;107;109m[38;2;114;107;109m%[0m[48;2;133;124;126m[38;2;133;124;126m#[0m[48;2;151;141;142m[38;2;151;141;142m*[0m[48;2;167;157;155m[38;2;167;157;155m+[0m[48;2;179;168;164m[38;2;179;168;164m=[0m[48;2;190;177;172m[38;2;190;177;172m=[0m[48;2;192;180;175m[38;2;192;180;175m-[0m[48;2;189;178;173m[38;2;189;178;173m=[0m[48;2;179;167;163m[38;2;179;167;163m=[0m[48;2;160;149;145m[38;2;160;149;145m+[0m[48;2;126;117;115m[38;2;126;117;115m#[0m[48;2;66;60;65m[38;2;66;60;65m░[0m[48;2;17;11;19m[38;2;17;11;19m█[0m[48;2;32;27;33m[38;2;32;27;33m▓[0m[48;2;87;85;89m[38;2;87;85;89m@[0m                                   
                                   [48;2;200;199;199m[38;2;200;199;199m-[0m[48;2;92;89;91m[38;2;92;89;91m@[0m[48;2;67;61;65m[38;2;67;61;65m░[0m[48;2;74;70;74m[38;2;74;70;74m░[0m[48;2;202;201;204m[38;2;202;201;204m:[0m[48;2;128;126;129m[38;2;128;126;129m#[0m[48;2;4;3;6m[38;2;4;3;6m█[0m[48;2;10;8;12m[38;2;10;8;12m█[0m[48;2;6;5;9m[38;2;6;5;9m█[0m[48;2;220;218;221m[38;2;220;218;221m:[0m[48;2;149;148;150m[38;2;149;148;150m+[0m[48;2;5;4;5m[38;2;5;4;5m█[0m[48;2;17;16;19m[38;2;17;16;19m█[0m[48;2;5;4;8m[38;2;5;4;8m█[0m[48;2;8;6;11m[38;2;8;6;11m█[0m[48;2;20;17;23m[38;2;20;17;23m▓[0m[48;2;30;27;34m[38;2;30;27;34m▓[0m[48;2;23;19;27m[38;2;23;19;27m▓[0m[48;2;49;45;52m[38;2;49;45;52m▒[0m[48;2;95;91;95m[38;2;95;91;95m%[0m[48;2;45;40;42m[38;2;45;40;42m▒[0m[48;2;46;40;42m[38;2;46;40;42m▒[0m[48;2;79;74;75m[38;2;79;74;75m@[0m[48;2;15;9;12m[38;2;15;9;12m█[0m[48;2;10;6;8m[38;2;10;6;8m█[0m[48;2;8;5;9m[38;2;8;5;9m█[0m[48;2;34;29;44m[38;2;34;29;44m▓[0m[48;2;20;16;29m[38;2;20;16;29m▓[0m[48;2;12;8;17m[38;2;12;8;17m█[0m[48;2;165;162;166m[38;2;165;162;166m+[0m                                   
                                  [48;2;125;123;124m[38;2;125;123;124m#[0m[48;2;76;69;74m[38;2;76;69;74m░[0m[48;2;147;133;143m[38;2;147;133;143m*[0m[48;2;153;137;149m[38;2;153;137;149m*[0m[48;2;50;43;49m[38;2;50;43;49m▒[0m[48;2;172;169;172m[38;2;172;169;172m=[0m[48;2;189;186;190m[38;2;189;186;190m-[0m[48;2;26;23;27m[38;2;26;23;27m▓[0m[48;2;7;6;11m[38;2;7;6;11m█[0m[48;2;86;85;90m[38;2;86;85;90m@[0m[48;2;241;240;245m[38;2;241;240;245m [0m[48;2;88;87;91m[38;2;88;87;91m@[0m[48;2;17;16;21m[38;2;17;16;21m█[0m[48;2;13;12;19m[38;2;13;12;19m█[0m[48;2;30;27;42m[38;2;30;27;42m▓[0m[48;2;27;23;37m[38;2;27;23;37m▓[0m[48;2;24;21;30m[38;2;24;21;30m▓[0m[48;2;15;12;19m[38;2;15;12;19m█[0m[48;2;37;33;40m[38;2;37;33;40m▓[0m[48;2;10;7;13m[38;2;10;7;13m█[0m[48;2;9;6;10m[38;2;9;6;10m█[0m[48;2;106;103;107m[38;2;106;103;107m%[0m[48;2;117;114;118m[38;2;117;114;118m#[0m[48;2;51;48;51m[38;2;51;48;51m▒[0m[48;2;19;14;18m[38;2;19;14;18m█[0m[48;2;94;89;83m[38;2;94;89;83m@[0m[48;2;11;7;11m[38;2;11;7;11m█[0m[48;2;28;23;38m[38;2;28;23;38m▓[0m[48;2;77;73;85m[38;2;77;73;85m@[0m[48;2;224;222;226m[38;2;224;222;226m.[0m                                    
                                 [48;2;136;135;136m[38;2;136;135;136m*[0m[48;2;88;80;87m[38;2;88;80;87m@[0m[48;2;157;140;151m[38;2;157;140;151m+[0m[48;2;158;140;151m[38;2;158;140;151m+[0m[48;2;128;111;123m[38;2;128;111;123m#[0m[48;2;70;61;68m[38;2;70;61;68m░[0m[48;2;70;66;70m[38;2;70;66;70m░[0m[48;2;109;104;108m[38;2;109;104;108m%[0m[48;2;65;60;65m[38;2;65;60;65m░[0m[48;2;32;29;35m[38;2;32;29;35m▓[0m[48;2;124;121;127m[38;2;124;121;127m#[0m[48;2;51;49;53m[38;2;51;49;53m▒[0m[48;2;19;16;23m[38;2;19;16;23m█[0m[48;2;18;16;26m[38;2;18;16;26m█[0m[48;2;15;13;25m[38;2;15;13;25m█[0m[48;2;36;30;50m[38;2;36;30;50m▓[0m[48;2;37;31;52m[38;2;37;31;52m▓[0m[48;2;37;31;51m[38;2;37;31;51m▓[0m[48;2;30;25;43m[38;2;30;25;43m▓[0m[48;2;13;7;19m[38;2;13;7;19m█[0m[48;2;126;120;102m[38;2;126;120;102m#[0m[48;2;89;81;68m[38;2;89;81;68m@[0m[48;2;16;8;7m[38;2;16;8;7m█[0m[48;2;13;7;6m[38;2;13;7;6m█[0m[48;2;103;95;81m[38;2;103;95;81m%[0m[48;2;46;38;32m[38;2;46;38;32m▒[0m[48;2;117;110;102m[38;2;117;110;102m#[0m[48;2;9;5;9m[38;2;9;5;9m█[0m[48;2;76;71;80m[38;2;76;71;80m@[0m[48;2;238;237;241m[38;2;238;237;241m [0m                                     
                                 [48;2;50;49;49m[38;2;50;49;49m▒[0m[48;2;147;136;144m[38;2;147;136;144m*[0m[48;2;159;141;152m[38;2;159;141;152m+[0m[48;2;114;98;108m[38;2;114;98;108m%[0m[48;2;97;89;95m[38;2;97;89;95m%[0m[48;2;184;182;185m[38;2;184;182;185m-[0m[48;2;86;83;87m[38;2;86;83;87m@[0m[48;2;76;67;73m[38;2;76;67;73m░[0m[48;2;116;106;112m[38;2;116;106;112m%[0m[48;2;96;86;93m[38;2;96;86;93m@[0m[48;2;72;65;72m[38;2;72;65;72m░[0m[48;2;11;7;15m[38;2;11;7;15m█[0m[48;2;25;23;37m[38;2;25;23;37m▓[0m[48;2;30;26;44m[38;2;30;26;44m▓[0m[48;2;36;32;50m[38;2;36;32;50m▓[0m[48;2;37;31;52m[38;2;37;31;52m▓[0m[48;2;37;31;52m[38;2;37;31;52m▓[0m[48;2;37;31;52m[38;2;37;31;52m▓[0m[48;2;37;31;51m[38;2;37;31;51m▓[0m[48;2;18;12;26m[38;2;18;12;26m█[0m[48;2;105;98;83m[38;2;105;98;83m%[0m[48;2;218;205;163m[38;2;218;205;163m:[0m[48;2;216;200;151m[38;2;216;200;151m-[0m[48;2;208;189;143m[38;2;208;189;143m-[0m[48;2;213;196;154m[38;2;213;196;154m-[0m[48;2;71;61;49m[38;2;71;61;49m░[0m[48;2;14;8;14m[38;2;14;8;14m█[0m[48;2;21;17;24m[38;2;21;17;24m▓[0m[48;2;99;97;103m[38;2;99;97;103m%[0m                                      
                                 [48;2;102;101;101m[38;2;102;101;101m%[0m[48;2;112;101;108m[38;2;112;101;108m%[0m[48;2;159;142;153m[38;2;159;142;153m+[0m[48;2;71;58;67m[38;2;71;58;67m░[0m[48;2;68;62;67m[38;2;68;62;67m░[0m[48;2;38;33;38m[38;2;38;33;38m▓[0m[48;2;131;124;130m[38;2;131;124;130m#[0m[48;2;157;142;150m[38;2;157;142;150m+[0m[48;2;156;140;148m[38;2;156;140;148m*[0m[48;2;127;112;121m[38;2;127;112;121m#[0m[48;2;72;64;72m[38;2;72;64;72m░[0m[48;2;18;14;23m[38;2;18;14;23m█[0m[48;2;37;31;51m[38;2;37;31;51m▓[0m[48;2;37;31;52m[38;2;37;31;52m▓[0m[48;2;37;31;52m[38;2;37;31;52m▓[0m[48;2;37;31;52m[38;2;37;31;52m▓[0m[48;2;31;25;44m[38;2;31;25;44m▓[0m[48;2;24;19;34m[38;2;24;19;34m▓[0m[48;2;11;8;16m[38;2;11;8;16m█[0m[48;2;19;16;23m[38;2;19;16;23m█[0m[48;2;52;47;52m[38;2;52;47;52m▒[0m[48;2;51;44;48m[38;2;51;44;48m▒[0m[48;2;79;71;64m[38;2;79;71;64m░[0m[48;2;103;95;82m[38;2;103;95;82m%[0m[48;2;24;17;20m[38;2;24;17;20m▓[0m[48;2;11;6;12m[38;2;11;6;12m█[0m[48;2;4;1;6m[38;2;4;1;6m█[0m[48;2;39;36;42m[38;2;39;36;42m▒[0m[48;2;40;38;43m[38;2;40;38;43m▒[0m[48;2;66;64;68m[38;2;66;64;68m░[0m[48;2;80;77;82m[38;2;80;77;82m@[0m[48;2;192;190;193m[38;2;192;190;193m-[0m                                   
                                  [48;2;119;116;118m[38;2;119;116;118m#[0m[48;2;74;65;72m[38;2;74;65;72m░[0m[48;2;118;106;115m[38;2;118;106;115m#[0m[48;2;101;90;100m[38;2;101;90;100m%[0m[48;2;86;76;84m[38;2;86;76;84m@[0m[48;2;76;66;74m[38;2;76;66;74m░[0m[48;2;83;74;80m[38;2;83;74;80m@[0m[48;2;36;28;34m[38;2;36;28;34m▓[0m[48;2;21;14;20m[38;2;21;14;20m█[0m[48;2;65;61;67m[38;2;65;61;67m░[0m[48;2;9;6;13m[38;2;9;6;13m█[0m[48;2;30;25;39m[38;2;30;25;39m▓[0m[48;2;36;31;48m[38;2;36;31;48m▓[0m[48;2;35;29;49m[38;2;35;29;49m▓[0m[48;2;23;18;34m[38;2;23;18;34m▓[0m[48;2;5;3;8m[38;2;5;3;8m█[0m[48;2;30;28;31m[38;2;30;28;31m▓[0m[48;2;66;63;66m[38;2;66;63;66m░[0m[48;2;20;17;22m[38;2;20;17;22m▓[0m[48;2;22;17;23m[38;2;22;17;23m▓[0m[48;2;83;78;83m[38;2;83;78;83m@[0m[48;2;60;55;60m[38;2;60;55;60m░[0m[48;2;71;69;71m[38;2;71;69;71m░[0m[48;2;74;73;75m[38;2;74;73;75m@[0m[48;2;54;52;56m[38;2;54;52;56m▒[0m[48;2;12;7;26m[38;2;12;7;26m█[0m[48;2;3;2;8m[38;2;3;2;8m█[0m[48;2;20;17;27m[38;2;20;17;27m▓[0m[48;2;21;17;30m[38;2;21;17;30m▓[0m[48;2;18;14;27m[38;2;18;14;27m█[0m[48;2;55;52;59m[38;2;55;52;59m▒[0m[48;2;205;204;207m[38;2;205;204;207m:[0m                                  
                                   [48;2;135;134;135m[38;2;135;134;135m*[0m[48;2;42;35;41m[38;2;42;35;41m▒[0m[48;2;82;72;81m[38;2;82;72;81m@[0m[48;2;80;67;78m[38;2;80;67;78m░[0m[48;2;80;67;79m[38;2;80;67;79m░[0m[48;2;82;70;79m[38;2;82;70;79m@[0m[48;2;86;75;85m[38;2;86;75;85m@[0m[48;2;82;71;81m[38;2;82;71;81m@[0m[48;2;75;65;75m[38;2;75;65;75m░[0m[48;2;70;61;70m[38;2;70;61;70m░[0m[48;2;67;58;69m[38;2;67;58;69m░[0m[48;2;67;58;69m[38;2;67;58;69m░[0m[48;2;67;59;68m[38;2;67;59;68m░[0m[48;2;63;56;64m[38;2;63;56;64m░[0m[48;2;56;52;56m[38;2;56;52;56m▒[0m[48;2;25;23;26m[38;2;25;23;26m▓[0m[48;2;6;3;9m[38;2;6;3;9m█[0m[48;2;26;22;32m[38;2;26;22;32m▓[0m[48;2;21;17;28m[38;2;21;17;28m▓[0m[48;2;146;143;149m[38;2;146;143;149m*[0m[48;2;222;219;224m[38;2;222;219;224m.[0m[48;2;150;146;152m[38;2;150;146;152m+[0m[48;2;23;18;32m[38;2;23;18;32m▓[0m[48;2;37;29;71m[38;2;37;29;71m▓[0m[48;2;24;18;42m[38;2;24;18;42m▓[0m[48;2;11;7;20m[38;2;11;7;20m█[0m[48;2;16;13;24m[38;2;16;13;24m█[0m[48;2;37;31;50m[38;2;37;31;50m▓[0m[48;2;37;31;52m[38;2;37;31;52m▓[0m[48;2;34;29;48m[38;2;34;29;48m▓[0m[48;2;23;18;33m[38;2;23;18;33m▓[0m[48;2;82;79;86m[38;2;82;79;86m@[0m[48;2;206;205;207m[38;2;206;205;207m:[0m                                
                                    [48;2;177;174;176m[38;2;177;174;176m=[0m[48;2;108;102;107m[38;2;108;102;107m%[0m[48;2;89;81;89m[38;2;89;81;89m@[0m[48;2;85;76;84m[38;2;85;76;84m@[0m[48;2;92;82;90m[38;2;92;82;90m@[0m[48;2;91;82;91m[38;2;91;82;91m@[0m[48;2;94;84;95m[38;2;94;84;95m@[0m[48;2;96;88;97m[38;2;96;88;97m@[0m[48;2;95;86;97m[38;2;95;86;97m@[0m[48;2;89;80;90m[38;2;89;80;90m@[0m[48;2;80;70;80m[38;2;80;70;80m@[0m[48;2;59;51;60m[38;2;59;51;60m▒[0m[48;2;44;37;46m[38;2;44;37;46m▒[0m[48;2;23;17;30m[38;2;23;17;30m▓[0m[48;2;26;22;37m[38;2;26;22;37m▓[0m[48;2;36;30;50m[38;2;36;30;50m▓[0m[48;2;37;31;51m[38;2;37;31;51m▓[0m[48;2;36;31;50m[38;2;36;31;50m▓[0m[48;2;21;16;30m[38;2;21;16;30m▓[0m[48;2;179;176;183m[38;2;179;176;183m=[0m [48;2;223;221;223m[38;2;223;221;223m.[0m[48;2;143;141;144m[38;2;143;141;144m*[0m[48;2;41;37;51m[38;2;41;37;51m▒[0m[48;2;45;40;56m[38;2;45;40;56m▒[0m[48;2;8;6;12m[38;2;8;6;12m█[0m[48;2;18;14;28m[38;2;18;14;28m█[0m[48;2;37;31;51m[38;2;37;31;51m▓[0m[48;2;37;31;52m[38;2;37;31;52m▓[0m[48;2;37;31;52m[38;2;37;31;52m▓[0m[48;2;35;29;49m[38;2;35;29;49m▓[0m[48;2;22;18;31m[38;2;22;18;31m▓[0m[48;2;108;106;112m[38;2;108;106;112m%[0m[48;2;239;239;240m[38;2;239;239;240m [0m                              
                                         [48;2;230;229;230m[38;2;230;229;230m.[0m[48;2;218;217;219m[38;2;218;217;219m:[0m[48;2;216;215;217m[38;2;216;215;217m:[0m[48;2;27;24;27m[38;2;27;24;27m▓[0m[48;2;32;27;41m[38;2;32;27;41m▓[0m[48;2;35;30;49m[38;2;35;30;49m▓[0m[48;2;36;31;51m[38;2;36;31;51m▓[0m[48;2;37;31;52m[38;2;37;31;52m▓[0m[48;2;37;31;52m[38;2;37;31;52m▓[0m[48;2;37;31;52m[38;2;37;31;52m▓[0m[48;2;37;31;52m[38;2;37;31;52m▓[0m[48;2;37;31;52m[38;2;37;31;52m▓[0m[48;2;37;31;52m[38;2;37;31;52m▓[0m[48;2;35;30;49m[38;2;35;30;49m▓[0m[48;2;25;21;33m[38;2;25;21;33m▓[0m[48;2;183;181;185m[38;2;183;181;185m=[0m  [48;2;228;228;229m[38;2;228;228;229m.[0m[48;2;229;228;230m[38;2;229;228;230m.[0m[48;2;81;80;83m[38;2;81;80;83m@[0m[48;2;25;15;76m[38;2;25;15;76m▓[0m[48;2;18;13;34m[38;2;18;13;34m█[0m[48;2;36;30;51m[38;2;36;30;51m▓[0m[48;2;37;31;52m[38;2;37;31;52m▓[0m[48;2;37;31;52m[38;2;37;31;52m▓[0m[48;2;37;31;52m[38;2;37;31;52m▓[0m[48;2;30;25;43m[38;2;30;25;43m▓[0m[48;2;49;47;55m[38;2;49;47;55m▒[0m[48;2;224;223;224m[38;2;224;223;224m.[0m                             