                                                                                                    
                                                                                                    
                                                                                                    
                                                                                                    
                                                                                                    
                                                                                                    
                                                                                                    
                                                                                                    
                                                                                                    
                                                                                                    
                                                                                                    
                                               [48;2;237;237;237m[38;2;237;237;237m.[0m[48;2;216;216;216m[38;2;216;216;216m:[0m[48;2;203;202;203m[38;2;203;202;203m:[0m[48;2;200;199;200m[38;2;200;199;200m-[0m[48;2;206;206;206m[38;2;206;206;206m:[0m[48;2;225;225;225m[38;2;225;225;225m.[0m                                               
                                           [48;2;189;189;190m[38;2;189;189;190m-[0m[48;2;123;122;125m[38;2;123;122;125m#[0m[48;2;72;71;76m[38;2;72;71;76m░[0m[48;2;39;38;45m[38;2;39;38;45m▒[0m[48;2;25;24;33m[38;2;25;24;33m▓[0m[48;2;28;26;37m[38;2;28;26;37m▓[0m[48;2;31;29;41m[38;2;31;29;41m▓[0m[48;2;30;29;41m[38;2;30;29;41m▓[0m[48;2;29;28;40m[38;2;29;28;40m▓[0m[48;2;25;24;35m[38;2;25;24;35m▓[0m[48;2;31;29;40m[38;2;31;29;40m▓[0m[48;2;73;72;81m[38;2;73;72;81m@[0m[48;2;139;138;141m[38;2;139;138;141m*[0m[48;2;230;230;231m[38;2;230;230;231m.[0m                                           
                                        [48;2;234;234;234m[38;2;234;234;234m.[0m[48;2;125;124;127m[38;2;125;124;127m#[0m[48;2;39;38;44m[38;2;39;38;44m▒[0m[48;2;31;29;41m[38;2;31;29;41m▓[0m[48;2;44;41;56m[38;2;44;41;56m▒[0m[48;2;47;45;61m[38;2;47;45;61m▒[0m[48;2;44;42;59m[38;2;44;42;59m▒[0m[48;2;56;54;70m[38;2;56;54;70m░[0m[48;2;47;46;62m[38;2;47;46;62m▒[0m[48;2;42;42;59m[38;2;42;42;59m▒[0m[48;2;41;43;59m[38;2;41;43;59m▒[0m[48;2;41;43;59m[38;2;41;43;59m▒[0m[48;2;42;43;59m[38;2;42;43;59m▒[0m[48;2;42;43;59m[38;2;42;43;59m▒[0m[48;2;41;43;59m[38;2;41;43;59m▒[0m[48;2;36;35;52m[38;2;36;35;52m▒[0m[48;2;28;27;38m[38;2;28;27;38m▓[0m[48;2;124;123;128m[38;2;124;123;128m#[0m                                          
                                       [48;2;174;173;175m[38;2;174;173;175m=[0m[48;2;35;33;39m[38;2;35;33;39m▓[0m[48;2;29;27;38m[38;2;29;27;38m▓[0m[48;2;29;26;38m[38;2;29;26;38m▓[0m[48;2;35;31;41m[38;2;35;31;41m▓[0m[48;2;53;48;55m[38;2;53;48;55m▒[0m[48;2;60;53;62m[38;2;60;53;62m░[0m[48;2;74;65;75m[38;2;74;65;75m░[0m[48;2;80;70;80m[38;2;80;70;80m@[0m[48;2;72;63;72m[38;2;72;63;72m░[0m[48;2;57;48;58m[38;2;57;48;58m▒[0m[48;2;36;29;41m[38;2;36;29;41m▓[0m[48;2;29;23;37m[38;2;29;23;37m▓[0m[48;2;39;36;51m[38;2;39;36;51m▒[0m[48;2;42;42;58m[38;2;42;42;58m▒[0m[48;2;42;43;59m[38;2;42;43;59m▒[0m[48;2;41;43;59m[38;2;41;43;59m▒[0m[48;2;42;42;58m[38;2;42;42;58m▒[0m[48;2;32;30;43m[38;2;32;30;43m▓[0m[48;2;58;55;63m[38;2;58;55;63m░[0m[48;2;214;213;216m[38;2;214;213;216m:[0m                                        
                                      [48;2;195;195;196m[38;2;195;195;196m-[0m[48;2;12;10;14m[38;2;12;10;14m█[0m[48;2;48;41;49m[38;2;48;41;49m▒[0m[48;2;60;52;61m[38;2;60;52;61m░[0m[48;2;54;46;54m[38;2;54;46;54m▒[0m[48;2;79;69;78m[38;2;79;69;78m░[0m[48;2;152;136;147m[38;2;152;136;147m*[0m[48;2;115;100;111m[38;2;115;100;111m%[0m[48;2;78;64;74m[38;2;78;64;74m░[0m[48;2;82;68;78m[38;2;82;68;78m@[0m[48;2;147;129;141m[38;2;147;129;141m*[0m[48;2;160;142;154m[38;2;160;142;154m+[0m[48;2;160;141;154m[38;2;160;141;154m+[0m[48;2;139;121;135m[38;2;139;121;135m#[0m[48;2;92;78;90m[38;2;92;78;90m@[0m[48;2;43;33;44m[38;2;43;33;44m▒[0m[48;2;51;44;57m[38;2;51;44;57m▒[0m[48;2;51;47;61m[38;2;51;47;61m▒[0m[48;2;35;32;46m[38;2;35;32;46m▓[0m[48;2;29;25;38m[38;2;29;25;38m▓[0m[48;2;24;19;33m[38;2;24;19;33m▓[0m[48;2;25;20;29m[38;2;25;20;29m▓[0m[48;2;194;192;194m[38;2;194;192;194m-[0m                                       
                                     [48;2;197;196;197m[38;2;197;196;197m-[0m[48;2;59;55;61m[38;2;59;55;61m░[0m[48;2;127;112;124m[38;2;127;112;124m#[0m[48;2;159;140;154m[38;2;159;140;154m+[0m[48;2;130;112;126m[38;2;130;112;126m#[0m[48;2;153;134;147m[38;2;153;134;147m*[0m[48;2;160;140;155m[38;2;160;140;155m+[0m[48;2;161;140;155m[38;2;161;140;155m+[0m[48;2;161;140;155m[38;2;161;140;155m+[0m[48;2;161;140;155m[38;2;161;140;155m+[0m[48;2;118;99;113m[38;2;118;99;113m%[0m[48;2;90;72;85m[38;2;90;72;85m@[0m[48;2;157;138;152m[38;2;157;138;152m*[0m[48;2;160;141;155m[38;2;160;141;155m+[0m[48;2;160;141;155m[38;2;160;141;155m+[0m[48;2;160;141;155m[38;2;160;141;155m+[0m[48;2;158;139;153m[38;2;158;139;153m*[0m[48;2;102;86;98m[38;2;102;86;98m%[0m[48;2;26;17;29m[38;2;26;17;29m▓[0m[48;2;74;59;111m[38;2;74;59;111m░[0m[48;2;29;17;47m[38;2;29;17;47m▓[0m[48;2;82;64;122m[38;2;82;64;122m@[0m[48;2;8;2;13m[38;2;8;2;13m█[0m[48;2;22;19;25m[38;2;22;19;25m▓[0m[48;2;217;216;217m[38;2;217;216;217m:[0m                                      
                                    [48;2;193;193;193m[38;2;193;193;193m-[0m[48;2;60;52;59m[38;2;60;52;59m░[0m[48;2;150;136;147m[38;2;150;136;147m*[0m[48;2;160;141;155m[38;2;160;141;155m+[0m[48;2;161;140;155m[38;2;161;140;155m+[0m[48;2;161;140;155m[38;2;161;140;155m+[0m[48;2;161;140;155m[38;2;161;140;155m+[0m[48;2;161;140;155m[38;2;161;140;155m+[0m[48;2;157;136;151m[38;2;157;136;151m*[0m[48;2;103;85;98m[38;2;103;85;98m%[0m[48;2;158;139;153m[38;2;158;139;153m*[0m[48;2;45;30;42m[38;2;45;30;42m▓[0m[48;2;118;103;116m[38;2;118;103;116m%[0m[48;2;66;53;63m[38;2;66;53;63m░[0m[48;2;158;139;153m[38;2;158;139;153m*[0m[48;2;159;139;154m[38;2;159;139;154m+[0m[48;2;161;140;155m[38;2;161;140;155m+[0m[48;2;161;140;155m[38;2;161;140;155m+[0m[48;2;161;140;155m[38;2;161;140;155m+[0m[48;2;133;117;130m[38;2;133;117;130m#[0m[48;2;45;30;52m[38;2;45;30;52m▒[0m[48;2;94;71;138m[38;2;94;71;138m@[0m[48;2;68;47;107m[38;2;68;47;107m░[0m[48;2;49;34;68m[38;2;49;34;68m▒[0m[48;2;13;9;18m[38;2;13;9;18m█[0m[48;2;66;63;68m[38;2;66;63;68m░[0m                                      
                                    [48;2;52;49;53m[38;2;52;49;53m▒[0m[48;2;107;95;106m[38;2;107;95;106m%[0m[48;2;91;77;88m[38;2;91;77;88m@[0m[48;2;82;66;78m[38;2;82;66;78m░[0m[48;2;160;141;155m[38;2;160;141;155m+[0m[48;2;161;140;155m[38;2;161;140;155m+[0m[48;2;161;140;155m[38;2;161;140;155m+[0m[48;2;161;140;155m[38;2;161;140;155m+[0m[48;2;151;130;145m[38;2;151;130;145m*[0m[48;2;40;25;37m[38;2;40;25;37m▓[0m[48;2;153;137;150m[38;2;153;137;150m*[0m[48;2;90;75;86m[38;2;90;75;86m@[0m[48;2;61;49;60m[38;2;61;49;60m▒[0m[48;2;84;72;82m[38;2;84;72;82m@[0m[48;2;71;57;68m[38;2;71;57;68m░[0m[48;2;152;134;148m[38;2;152;134;148m*[0m[48;2;160;141;155m[38;2;160;141;155m+[0m[48;2;161;140;155m[38;2;161;140;155m+[0m[48;2;161;140;155m[38;2;161;140;155m+[0m[48;2;161;140;155m[38;2;161;140;155m+[0m[48;2;138;120;134m[38;2;138;120;134m#[0m[48;2;51;36;54m[38;2;51;36;54m▒[0m[48;2;21;12;30m[38;2;21;12;30m█[0m[48;2;15;11;19m[38;2;15;11;19m█[0m[48;2;32;30;39m[38;2;32;30;39m▓[0m[48;2;20;17;26m[38;2;20;17;26m▓[0m[48;2;179;177;180m[38;2;179;177;180m=[0m                                     
                                   [48;2;166;165;165m[38;2;166;165;165m=[0m[48;2;82;73;80m[38;2;82;73;80m@[0m[48;2;45;36;44m[38;2;45;36;44m▒[0m[48;2;24;18;24m[38;2;24;18;24m▓[0m[48;2;96;86;95m[38;2;96;86;95m@[0m[48;2;90;76;87m[38;2;90;76;87m@[0m[48;2;131;113;127m[38;2;131;113;127m#[0m[48;2;148;128;142m[38;2;148;128;142m*[0m[48;2;162;141;156m[38;2;162;141;156m+[0m[48;2;160;140;155m[38;2;160;140;155m+[0m[48;2;41;28;37m[38;2;41;28;37m▓[0m[48;2;64;52;62m[38;2;64;52;62m░[0m[48;2;146;133;143m[38;2;146;133;143m*[0m[48;2;42;31;40m[38;2;42;31;40m▓[0m[48;2;48;39;47m[38;2;48;39;47m▒[0m[48;2;51;42;49m[38;2;51;42;49m▒[0m[48;2;32;23;30m[38;2;32;23;30m▓[0m[48;2;94;84;92m[38;2;94;84;92m@[0m[48;2;146;132;143m[38;2;146;132;143m*[0m[48;2;158;141;154m[38;2;158;141;154m+[0m[48;2;160;140;154m[38;2;160;140;154m+[0m[48;2;160;141;155m[38;2;160;141;155m+[0m[48;2;149;131;145m[38;2;149;131;145m*[0m[48;2;75;64;75m[38;2;75;64;75m░[0m[48;2;36;33;42m[38;2;36;33;42m▓[0m[48;2;40;38;49m[38;2;40;38;49m▒[0m[48;2;38;35;45m[38;2;38;35;45m▒[0m[48;2;92;90;94m[38;2;92;90;94m@[0m                                     
                                   [48;2;116;114;115m[38;2;116;114;115m#[0m[48;2;112;102;111m[38;2;112;102;111m%[0m[48;2;15;8;15m[38;2;15;8;15m█[0m[48;2;80;73;81m[38;2;80;73;81m@[0m[48;2;94;86;94m[38;2;94;86;94m@[0m[48;2;28;20;28m[38;2;28;20;28m▓[0m[48;2;31;21;30m[38;2;31;21;30m▓[0m[48;2;52;39;50m[38;2;52;39;50m▒[0m[48;2;117;102;113m[38;2;117;102;113m%[0m[48;2;112;98;109m[38;2;112;98;109m%[0m[48;2;64;54;62m[38;2;64;54;62m░[0m[48;2;23;15;22m[38;2;23;15;22m█[0m[48;2;35;27;39m[38;2;35;27;39m▓[0m[48;2;59;48;71m[38;2;59;48;71m▒[0m[48;2;24;14;37m[38;2;24;14;37m▓[0m[48;2;78;72;78m[38;2;78;72;78m@[0m[48;2;32;27;31m[38;2;32;27;31m▓[0m[48;2;78;71;76m[38;2;78;71;76m@[0m[48;2;33;26;31m[38;2;33;26;31m▓[0m[48;2;20;13;19m[38;2;20;13;19m█[0m[48;2;34;26;32m[38;2;34;26;32m▓[0m[48;2;54;46;52m[38;2;54;46;52m▒[0m[48;2;53;44;52m[38;2;53;44;52m▒[0m[48;2;76;68;76m[38;2;76;68;76m░[0m[48;2;70;63;72m[38;2;70;63;72m░[0m[48;2;27;21;29m[38;2;27;21;29m▓[0m[48;2;27;21;29m[38;2;27;21;29m▓[0m[48;2;69;67;71m[38;2;69;67;71m░[0m                                     
                                   [48;2;117;117;117m[38;2;117;117;117m#[0m[48;2;102;91;101m[38;2;102;91;101m%[0m[48;2;10;3;9m[38;2;10;3;9m█[0m[48;2;101;95;99m[38;2;101;95;99m%[0m[48;2;38;30;36m[38;2;38;30;36m▓[0m[48;2;40;19;80m[38;2;40;19;80m▓[0m[48;2;48;21;102m[38;2;48;21;102m▒[0m[48;2;28;10;58m[38;2;28;10;58m▓[0m[48;2;135;123;125m[38;2;135;123;125m#[0m[48;2;196;184;181m[38;2;196;184;181m-[0m[48;2;214;203;200m[38;2;214;203;200m:[0m[48;2;134;124;124m[38;2;134;124;124m#[0m[48;2;48;28;81m[38;2;48;28;81m▒[0m[48;2;98;61;164m[38;2;98;61;164m@[0m[48;2;56;25;107m[38;2;56;25;107m▒[0m[48;2;145;135;137m[38;2;145;135;137m*[0m[48;2;171;159;160m[38;2;171;159;160m+[0m[48;2;246;233;231m[38;2;246;233;231m.[0m[48;2;182;169;167m[38;2;182;169;167m=[0m[48;2;65;55;59m[38;2;65;55;59m░[0m[48;2;147;138;145m[38;2;147;138;145m*[0m[48;2;151;139;148m[38;2;151;139;148m*[0m[48;2;87;73;83m[38;2;87;73;83m@[0m[48;2;73;60;69m[38;2;73;60;69m░[0m[48;2;142;129;138m[38;2;142;129;138m*[0m[48;2;153;138;148m[38;2;153;138;148m*[0m[48;2;125;109;119m[38;2;125;109;119m#[0m[48;2;85;72;83m[38;2;85;72;83m@[0m[48;2;75;69;75m[38;2;75;69;75m░[0m[48;2;106;103;106m[38;2;106;103;106m%[0m[48;2;158;156;158m[38;2;158;156;158m+[0m[48;2;233;233;234m[38;2;233;233;234m.[0m                                 
                                   [48;2;178;178;178m[38;2;178;178;178m=[0m[48;2;65;57;63m[38;2;65;57;63m░[0m[48;2;19;12;18m[38;2;19;12;18m█[0m[48;2;158;152;154m[38;2;158;152;154m+[0m[48;2;136;126;127m[38;2;136;126;127m*[0m[48;2;101;79;115m[38;2;101;79;115m@[0m[48;2;177;130;192m[38;2;177;130;192m+[0m[48;2;94;61;111m[38;2;94;61;111m@[0m[48;2;161;148;148m[38;2;161;148;148m+[0m[48;2;250;234;228m[38;2;250;234;228m [0m[48;2;250;234;228m[38;2;250;234;228m [0m[48;2;235;220;215m[38;2;235;220;215m.[0m[48;2;59;46;53m[38;2;59;46;53m▒[0m[48;2;195;151;197m[38;2;195;151;197m=[0m[48;2;94;63;97m[38;2;94;63;97m@[0m[48;2;187;175;172m[38;2;187;175;172m=[0m[48;2;246;227;220m[38;2;246;227;220m.[0m[48;2;243;218;209m[38;2;243;218;209m.[0m[48;2;250;233;227m[38;2;250;233;227m.[0m[48;2;158;146;146m[38;2;158;146;146m+[0m[48;2;69;58;65m[38;2;69;58;65m░[0m[48;2;150;134;145m[38;2;150;134;145m*[0m[48;2;147;127;140m[38;2;147;127;140m*[0m[48;2;138;121;132m[38;2;138;121;132m#[0m[48;2;80;66;76m[38;2;80;66;76m░[0m[48;2;73;61;70m[38;2;73;61;70m░[0m[48;2;96;83;93m[38;2;96;83;93m@[0m[48;2;129;114;125m[38;2;129;114;125m#[0m[48;2;148;133;144m[38;2;148;133;144m*[0m[48;2;154;139;150m[38;2;154;139;150m*[0m[48;2;125;111;121m[38;2;125;111;121m#[0m[48;2;75;66;74m[38;2;75;66;74m░[0m[48;2;116;111;116m[38;2;116;111;116m#[0m[48;2;235;234;236m[38;2;235;234;236m.[0m                               
                                    [48;2;68;65;67m[38;2;68;65;67m░[0m[48;2;42;35;40m[38;2;42;35;40m▒[0m[48;2;174;166;168m[38;2;174;166;168m=[0m[48;2;234;219;217m[38;2;234;219;217m.[0m[48;2;93;78;82m[38;2;93;78;82m@[0m[48;2;118;91;115m[38;2;118;91;115m%[0m[48;2;73;55;72m[38;2;73;55;72m░[0m[48;2;228;215;215m[38;2;228;215;215m:[0m[48;2;201;185;182m[38;2;201;185;182m-[0m[48;2;173;157;152m[38;2;173;157;152m+[0m[48;2;250;234;228m[38;2;250;234;228m [0m[48;2;223;209;203m[38;2;223;209;203m:[0m[48;2;134;120;118m[38;2;134;120;118m#[0m[48;2;166;152;150m[38;2;166;152;150m+[0m[48;2;249;234;228m[38;2;249;234;228m [0m[48;2;238;211;201m[38;2;238;211;201m:[0m[48;2;242;210;203m[38;2;242;210;203m:[0m[48;2;250;234;228m[38;2;250;234;228m [0m[48;2;247;233;230m[38;2;247;233;230m.[0m[48;2;84;73;78m[38;2;84;73;78m@[0m[48;2;57;47;54m[38;2;57;47;54m▒[0m[48;2;48;36;45m[38;2;48;36;45m▒[0m[48;2;60;48;57m[38;2;60;48;57m▒[0m[48;2;109;97;107m[38;2;109;97;107m%[0m[48;2;139;128;137m[38;2;139;128;137m*[0m[48;2;127;116;126m[38;2;127;116;126m#[0m[48;2;89;78;87m[38;2;89;78;87m@[0m[48;2;53;42;51m[38;2;53;42;51m▒[0m[48;2;24;14;22m[38;2;24;14;22m█[0m[48;2;46;37;45m[38;2;46;37;45m▒[0m[48;2;117;105;114m[38;2;117;105;114m%[0m[48;2;128;116;125m[38;2;128;116;125m#[0m[48;2;63;56;62m[38;2;63;56;62m░[0m[48;2;191;190;191m[38;2;191;190;191m-[0m                              
                                    [48;2;200;200;200m[38;2;200;200;200m-[0m[48;2;13;10;12m[38;2;13;10;12m█[0m[48;2;14;9;11m[38;2;14;9;11m█[0m[48;2;182;168;165m[38;2;182;168;165m=[0m[48;2;250;234;230m[38;2;250;234;230m [0m[48;2;226;212;206m[38;2;226;212;206m:[0m[48;2;244;229;223m[38;2;244;229;223m.[0m[48;2;250;235;227m[38;2;250;235;227m [0m[48;2;211;195;188m[38;2;211;195;188m-[0m[48;2;223;207;201m[38;2;223;207;201m:[0m[48;2;250;234;228m[38;2;250;234;228m [0m[48;2;250;234;228m[38;2;250;234;228m [0m[48;2;250;235;227m[38;2;250;235;227m [0m[48;2;250;235;226m[38;2;250;235;226m [0m[48;2;250;235;226m[38;2;250;235;226m [0m[48;2;250;235;226m[38;2;250;235;226m [0m[48;2;250;235;227m[38;2;250;235;227m [0m[48;2;239;225;220m[38;2;239;225;220m.[0m[48;2;115;103;102m[38;2;115;103;102m%[0m[48;2;32;26;30m[38;2;32;26;30m▓[0m[48;2;61;54;61m[38;2;61;54;61m░[0m[48;2;66;58;65m[38;2;66;58;65m░[0m[48;2;160;150;157m[38;2;160;150;157m+[0m[48;2;42;35;39m[38;2;42;35;39m▒[0m[48;2;66;56;64m[38;2;66;56;64m░[0m[48;2;86;74;83m[38;2;86;74;83m@[0m[48;2;93;81;90m[38;2;93;81;90m@[0m[48;2;110;99;108m[38;2;110;99;108m%[0m[48;2;135;123;132m[38;2;135;123;132m#[0m[48;2;156;139;152m[38;2;156;139;152m*[0m[48;2;161;141;154m[38;2;161;141;154m+[0m[48;2;160;141;154m[38;2;160;141;154m+[0m[48;2;154;137;149m[38;2;154;137;149m*[0m[48;2;67;57;65m[38;2;67;57;65m░[0m[48;2;182;180;182m[38;2;182;180;182m=[0m                             
                                    [48;2;226;226;226m[38;2;226;226;226m.[0m[48;2;104;103;104m[38;2;104;103;104m%[0m[48;2;101;97;98m[38;2;101;97;98m%[0m[48;2;225;217;216m[38;2;225;217;216m:[0m[48;2;250;236;232m[38;2;250;236;232m [0m[48;2;251;236;230m[38;2;251;236;230m [0m[48;2;250;235;228m[38;2;250;235;228m [0m[48;2;250;235;228m[38;2;250;235;228m [0m[48;2;250;235;227m[38;2;250;235;227m [0m[48;2;250;234;229m[38;2;250;234;229m [0m[48;2;248;233;228m[38;2;248;233;228m.[0m[48;2;238;223;218m[38;2;238;223;218m.[0m[48;2;217;202;198m[38;2;217;202;198m:[0m[48;2;189;177;173m[38;2;189;177;173m=[0m[48;2;158;147;143m[38;2;158;147;143m+[0m[48;2;121;112;109m[38;2;121;112;109m#[0m[48;2;80;72;71m[38;2;80;72;71m@[0m[48;2;33;27;29m[38;2;33;27;29m▓[0m[48;2;7;2;6m[38;2;7;2;6m█[0m[48;2;67;65;69m[38;2;67;65;69m░[0m[48;2;181;176;181m[38;2;181;176;181m=[0m[48;2;37;32;36m[38;2;37;32;36m▓[0m[48;2;79;73;77m[38;2;79;73;77m@[0m[48;2;96;89;95m[38;2;96;89;95m%[0m[48;2;84;74;82m[38;2;84;74;82m@[0m[48;2;159;142;154m[38;2;159;142;154m+[0m[48;2;161;141;154m[38;2;161;141;154m+[0m[48;2;160;140;154m[38;2;160;140;154m+[0m[48;2;160;140;154m[38;2;160;140;154m+[0m[48;2;161;140;155m[38;2;161;140;155m+[0m[48;2;161;140;155m[38;2;161;140;155m+[0m[48;2;161;140;155m[38;2;161;140;155m+[0m[48;2;161;140;155m[38;2;161;140;155m+[0m[48;2;153;135;148m[38;2;153;135;148m*[0m[48;2;50;44;49m[38;2;50;44;49m▒[0m[48;2;229;228;229m[38;2;229;228;229m.[0m                            
                                      [48;2;188;187;188m[38;2;188;187;188m-[0m[48;2;79;77;78m[38;2;79;77;78m@[0m[48;2;32;30;31m[38;2;32;30;31m▓[0m[48;2;42;39;40m[38;2;42;39;40m▒[0m[48;2;46;43;44m[38;2;46;43;44m▒[0m[48;2;63;59;61m[38;2;63;59;61m░[0m[48;2;51;46;48m[38;2;51;46;48m▒[0m[48;2;82;75;77m[38;2;82;75;77m@[0m[48;2;62;57;58m[38;2;62;57;58m░[0m[48;2;85;81;82m[38;2;85;81;82m@[0m[48;2;14;10;11m[38;2;14;10;11m█[0m[48;2;41;38;39m[38;2;41;38;39m▒[0m[48;2;24;22;24m[38;2;24;22;24m▓[0m[48;2;7;3;9m[38;2;7;3;9m█[0m[48;2;15;9;18m[38;2;15;9;18m█[0m[48;2;17;14;22m[38;2;17;14;22m█[0m[48;2;13;11;20m[38;2;13;11;20m█[0m[48;2;150;147;154m[38;2;150;147;154m+[0m[48;2;234;230;235m[38;2;234;230;235m.[0m[48;2;50;47;51m[38;2;50;47;51m▒[0m[48;2;197;194;198m[38;2;197;194;198m-[0m[48;2;188;184;188m[38;2;188;184;188m-[0m[48;2;41;36;41m[38;2;41;36;41m▒[0m[48;2;158;141;155m[38;2;158;141;155m+[0m[48;2;161;140;155m[38;2;161;140;155m+[0m[48;2;161;140;155m[38;2;161;140;155m+[0m[48;2;161;140;155m[38;2;161;140;155m+[0m[48;2;161;140;155m[38;2;161;140;155m+[0m[48;2;161;140;155m[38;2;161;140;155m+[0m[48;2;161;140;155m[38;2;161;140;155m+[0m[48;2;161;140;155m[38;2;161;140;155m+[0m[48;2;161;140;155m[38;2;161;140;155m+[0m[48;2;99;85;95m[38;2;99;85;95m@[0m[48;2;147;144;148m[38;2;147;144;148m*[0m                            
                                   [48;2;240;240;240m[38;2;240;240;240m [0m[48;2;78;78;78m[38;2;78;78;78m@[0m[48;2;28;27;30m[38;2;28;27;30m▓[0m[48;2;26;24;31m[38;2;26;24;31m▓[0m[48;2;27;23;33m[38;2;27;23;33m▓[0m[48;2;28;24;34m[38;2;28;24;34m▓[0m[48;2;7;4;11m[38;2;7;4;11m█[0m[48;2;26;23;28m[38;2;26;23;28m▓[0m[48;2;31;28;32m[38;2;31;28;32m▓[0m[48;2;49;46;49m[38;2;49;46;49m▒[0m[48;2;28;25;29m[38;2;28;25;29m▓[0m[48;2;153;150;154m[38;2;153;150;154m+[0m[48;2;22;20;21m[38;2;22;20;21m▓[0m[48;2;37;35;36m[38;2;37;35;36m▓[0m[48;2;14;12;14m[38;2;14;12;14m█[0m[48;2;32;28;34m[38;2;32;28;34m▓[0m[48;2;31;27;34m[38;2;31;27;34m▓[0m[48;2;26;22;34m[38;2;26;22;34m▓[0m[48;2;4;2;11m[38;2;4;2;11m█[0m[48;2;13;12;19m[38;2;13;12;19m█[0m[48;2;160;157;164m[38;2;160;157;164m+[0m[48;2;245;239;244m[38;2;245;239;244m [0m[48;2;138;134;138m[38;2;138;134;138m*[0m[48;2;113;110;114m[38;2;113;110;114m#[0m[48;2;199;196;200m[38;2;199;196;200m-[0m[48;2;35;30;36m[38;2;35;30;36m▓[0m[48;2;156;140;152m[38;2;156;140;152m*[0m[48;2;161;140;155m[38;2;161;140;155m+[0m[48;2;161;140;155m[38;2;161;140;155m+[0m[48;2;161;140;155m[38;2;161;140;155m+[0m[48;2;161;140;155m[38;2;161;140;155m+[0m[48;2;161;140;155m[38;2;161;140;155m+[0m[48;2;161;140;155m[38;2;161;140;155m+[0m[48;2;161;140;155m[38;2;161;140;155m+[0m[48;2;161;140;155m[38;2;161;140;155m+[0m[48;2;125;109;121m[38;2;125;109;121m#[0m[48;2;107;100;106m[38;2;107;100;106m%[0m                            
                                   [48;2;152;150;152m[38;2;152;150;152m+[0m[48;2;13;12;13m[38;2;13;12;13m█[0m[48;2;78;78;81m[38;2;78;78;81m@[0m[48;2;28;24;35m[38;2;28;24;35m▓[0m[48;2;38;33;50m[38;2;38;33;50m▓[0m[48;2;36;31;48m[38;2;36;31;48m▓[0m[48;2;9;5;16m[38;2;9;5;16m█[0m[48;2;30;26;39m[38;2;30;26;39m▓[0m[48;2;13;9;20m[38;2;13;9;20m█[0m[48;2;42;39;44m[38;2;42;39;44m▒[0m[48;2;11;8;13m[38;2;11;8;13m█[0m[48;2;66;63;67m[38;2;66;63;67m░[0m[48;2;13;11;13m[38;2;13;11;13m█[0m[48;2;17;15;17m[38;2;17;15;17m█[0m[48;2;14;12;13m[38;2;14;12;13m█[0m[48;2;82;76;74m[38;2;82;76;74m@[0m[48;2;133;123;117m[38;2;133;123;117m#[0m[48;2;45;37;46m[38;2;45;37;46m▒[0m[48;2;30;25;38m[38;2;30;25;38m▓[0m[48;2;16;12;21m[38;2;16;12;21m█[0m[48;2;50;47;54m[38;2;50;47;54m▒[0m[48;2;152;148;153m[38;2;152;148;153m+[0m[48;2;179;173;178m[38;2;179;173;178m=[0m[48;2;63;58;63m[38;2;63;58;63m░[0m[48;2;68;64;68m[38;2;68;64;68m░[0m[48;2;67;60;67m[38;2;67;60;67m░[0m[48;2;158;142;153m[38;2;158;142;153m+[0m[48;2;122;104;118m[38;2;122;104;118m#[0m[48;2;144;126;140m[38;2;144;126;140m*[0m[48;2;161;140;155m[38;2;161;140;155m+[0m[48;2;161;140;155m[38;2;161;140;155m+[0m[48;2;161;140;155m[38;2;161;140;155m+[0m[48;2;161;140;155m[38;2;161;140;155m+[0m[48;2;161;140;155m[38;2;161;140;155m+[0m[48;2;161;140;155m[38;2;161;140;155m+[0m[48;2;100;84;96m[38;2;100;84;96m@[0m[48;2;144;137;143m[38;2;144;137;143m*[0m                            
                                    [48;2;165;165;165m[38;2;165;165;165m=[0m[48;2;88;86;87m[38;2;88;86;87m@[0m[48;2;65;61;68m[38;2;65;61;68m░[0m[48;2;29;24;38m[38;2;29;24;38m▓[0m[48;2;29;25;39m[38;2;29;25;39m▓[0m[48;2;15;11;24m[38;2;15;11;24m█[0m[48;2;37;32;49m[38;2;37;32;49m▓[0m[48;2;19;15;29m[38;2;19;15;29m█[0m[48;2;32;29;32m[38;2;32;29;32m▓[0m[48;2;25;22;22m[38;2;25;22;22m▓[0m[48;2;5;2;2m[38;2;5;2;2m█[0m[48;2;23;18;19m[38;2;23;18;19m▓[0m[48;2;85;81;75m[38;2;85;81;75m@[0m[48;2;41;38;36m[38;2;41;38;36m▒[0m[48;2;86;79;80m[38;2;86;79;80m@[0m[48;2;102;94;96m[38;2;102;94;96m%[0m[48;2;41;31;48m[38;2;41;31;48m▓[0m[48;2;39;30;50m[38;2;39;30;50m▓[0m[48;2;38;31;51m[38;2;38;31;51m▓[0m[48;2;31;26;44m[38;2;31;26;44m▓[0m[48;2;17;12;25m[38;2;17;12;25m█[0m[48;2;61;53;63m[38;2;61;53;63m░[0m[48;2;115;104;115m[38;2;115;104;115m%[0m[48;2;132;120;130m[38;2;132;120;130m#[0m[48;2;103;94;102m[38;2;103;94;102m%[0m[48;2;46;37;46m[38;2;46;37;46m▒[0m[48;2;40;31;39m[38;2;40;31;39m▓[0m[48;2;147;130;143m[38;2;147;130;143m*[0m[48;2;161;140;155m[38;2;161;140;155m+[0m[48;2;161;140;155m[38;2;161;140;155m+[0m[48;2;161;140;155m[38;2;161;140;155m+[0m[48;2;161;140;155m[38;2;161;140;155m+[0m[48;2;161;140;155m[38;2;161;140;155m+[0m[48;2;139;121;134m[38;2;139;121;134m#[0m[48;2;64;54;62m[38;2;64;54;62m░[0m[48;2;239;234;240m[38;2;239;234;240m.[0m                            
                                     [48;2;141;139;141m[38;2;141;139;141m*[0m[48;2;107;103;107m[38;2;107;103;107m%[0m[48;2;74;72;75m[38;2;74;72;75m░[0m[48;2;10;7;14m[38;2;10;7;14m█[0m[48;2;24;20;34m[38;2;24;20;34m▓[0m[48;2;37;32;49m[38;2;37;32;49m▓[0m[48;2;34;30;46m[38;2;34;30;46m▓[0m[48;2;26;20;24m[38;2;26;20;24m▓[0m[48;2;130;117;103m[38;2;130;117;103m#[0m[48;2;138;122;101m[38;2;138;122;101m#[0m[48;2;160;145;119m[38;2;160;145;119m+[0m[48;2;147;133;112m[38;2;147;133;112m*[0m[48;2;33;25;26m[38;2;33;25;26m▓[0m[48;2;32;26;34m[38;2;32;26;34m▓[0m[48;2;36;28;45m[38;2;36;28;45m▓[0m[48;2;34;27;45m[38;2;34;27;45m▓[0m[48;2;31;25;43m[38;2;31;25;43m▓[0m[48;2;35;30;49m[38;2;35;30;49m▓[0m[48;2;36;30;51m[38;2;36;30;51m▓[0m[48;2;34;29;48m[38;2;34;29;48m▓[0m[48;2;27;23;36m[38;2;27;23;36m▓[0m[48;2;21;15;27m[38;2;21;15;27m█[0m[48;2;14;9;19m[38;2;14;9;19m█[0m[48;2;26;21;30m[38;2;26;21;30m▓[0m[48;2;81;73;82m[38;2;81;73;82m@[0m[48;2;154;140;150m[38;2;154;140;150m*[0m[48;2;160;141;155m[38;2;160;141;155m+[0m[48;2;161;140;155m[38;2;161;140;155m+[0m[48;2;161;140;155m[38;2;161;140;155m+[0m[48;2;160;140;155m[38;2;160;140;155m+[0m[48;2;134;118;130m[38;2;134;118;130m#[0m[48;2;82;71;80m[38;2;82;71;80m@[0m[48;2;101;94;102m[38;2;101;94;102m%[0m[48;2;226;222;226m[38;2;226;222;226m.[0m                             
                                      [48;2;181;179;181m[38;2;181;179;181m=[0m[48;2;159;157;159m[38;2;159;157;159m+[0m[48;2;43;40;45m[38;2;43;40;45m▒[0m[48;2;31;26;38m[38;2;31;26;38m▓[0m[48;2;20;16;28m[38;2;20;16;28m▓[0m[48;2;27;24;33m[38;2;27;24;33m▓[0m[48;2;5;2;8m[38;2;5;2;8m█[0m[48;2;14;7;19m[38;2;14;7;19m█[0m[48;2;25;16;40m[38;2;25;16;40m▓[0m[48;2;26;20;22m[38;2;26;20;22m▓[0m[48;2;11;5;11m[38;2;11;5;11m█[0m[48;2;16;9;17m[38;2;16;9;17m█[0m[48;2;25;21;28m[38;2;25;21;28m▓[0m[48;2;21;18;24m[38;2;21;18;24m▓[0m[48;2;6;4;10m[38;2;6;4;10m█[0m[48;2;9;6;12m[38;2;9;6;12m█[0m[48;2;7;4;11m[38;2;7;4;11m█[0m[48;2;9;5;12m[38;2;9;5;12m█[0m[48;2;13;11;18m[38;2;13;11;18m█[0m[48;2;11;8;16m[38;2;11;8;16m█[0m[48;2;13;10;17m[38;2;13;10;17m█[0m[48;2;11;7;17m[38;2;11;7;17m█[0m[48;2;20;16;30m[38;2;20;16;30m▓[0m[48;2;25;19;33m[38;2;25;19;33m▓[0m[48;2;61;51;62m[38;2;61;51;62m░[0m[48;2;113;100;112m[38;2;113;100;112m%[0m[48;2;116;102;114m[38;2;116;102;114m%[0m[48;2;75;63;74m[38;2;75;63;74m░[0m[48;2;94;86;94m[38;2;94;86;94m@[0m[48;2;145;142;146m[38;2;145;142;146m*[0m[48;2;230;228;230m[38;2;230;228;230m.[0m                               
                                        [48;2;17;15;19m[38;2;17;15;19m█[0m[48;2;18;15;22m[38;2;18;15;22m█[0m[48;2;41;37;46m[38;2;41;37;46m▒[0m[48;2;31;27;35m[38;2;31;27;35m▓[0m[48;2;15;11;20m[38;2;15;11;20m█[0m[48;2;53;48;54m[38;2;53;48;54m▒[0m[48;2;22;17;31m[38;2;22;17;31m▓[0m[48;2;17;13;22m[38;2;17;13;22m█[0m[48;2;13;8;27m[38;2;13;8;27m█[0m[48;2;65;51;123m[38;2;65;51;123m░[0m[48;2;35;28;59m[38;2;35;28;59m▓[0m[48;2;15;12;19m[38;2;15;12;19m█[0m[48;2;35;32;38m[38;2;35;32;38m▓[0m[48;2;44;41;48m[38;2;44;41;48m▒[0m[48;2;46;43;49m[38;2;46;43;49m▒[0m[48;2;50;46;53m[38;2;50;46;53m▒[0m[48;2;51;47;57m[38;2;51;47;57m▒[0m[48;2;26;22;33m[38;2;26;22;33m▓[0m[48;2;20;16;27m[38;2;20;16;27m▓[0m[48;2;31;26;42m[38;2;31;26;42m▓[0m[48;2;37;31;51m[38;2;37;31;51m▓[0m[48;2;37;31;52m[38;2;37;31;52m▓[0m[48;2;36;30;50m[38;2;36;30;50m▓[0m[48;2;26;21;38m[38;2;26;21;38m▓[0m[48;2;14;10;22m[38;2;14;10;22m█[0m[48;2;109;106;113m[38;2;109;106;113m%[0m[48;2;237;236;238m[38;2;237;236;238m.[0m                                 
                                       [48;2;178;177;179m[38;2;178;177;179m=[0m[48;2;16;12;18m[38;2;16;12;18m█[0m[48;2;32;28;36m[38;2;32;28;36m▓[0m[48;2;25;20;34m[38;2;25;20;34m▓[0m[48;2;29;25;39m[38;2;29;25;39m▓[0m[48;2;75;71;78m[38;2;75;71;78m░[0m[48;2;154;151;156m[38;2;154;151;156m+[0m[48;2;46;33;93m[38;2;46;33;93m▒[0m[48;2;65;49;115m[38;2;65;49;115m░[0m[48;2;18;9;50m[38;2;18;9;50m█[0m[48;2;42;33;78m[38;2;42;33;78m▒[0m[48;2;24;19;41m[38;2;24;19;41m▓[0m[48;2;82;79;83m[38;2;82;79;83m@[0m[48;2;97;94;99m[38;2;97;94;99m%[0m[48;2;25;22;30m[38;2;25;22;30m▓[0m[48;2;29;25;39m[38;2;29;25;39m▓[0m[48;2;37;31;50m[38;2;37;31;50m▓[0m[48;2;37;31;52m[38;2;37;31;52m▓[0m[48;2;37;31;52m[38;2;37;31;52m▓[0m[48;2;37;31;51m[38;2;37;31;51m▓[0m[48;2;37;31;52m[38;2;37;31;52m▓[0m[48;2;37;31;52m[38;2;37;31;52m▓[0m[48;2;37;31;52m[38;2;37;31;52m▓[0m[48;2;37;31;52m[38;2;37;31;52m▓[0m[48;2;37;31;52m[38;2;37;31;52m▓[0m[48;2;37;31;52m[38;2;37;31;52m▓[0m[48;2;29;24;41m[38;2;29;24;41m▓[0m[48;2;32;29;39m[38;2;32;29;39m▓[0m[48;2;139;138;142m[38;2;139;138;142m*[0m                                
                                       [48;2;76;74;77m[38;2;76;74;77m@[0m[48;2;10;7;15m[38;2;10;7;15m█[0m[48;2;33;28;44m[38;2;33;28;44m▓[0m[48;2;37;32;50m[38;2;37;32;50m▓[0m[48;2;28;23;40m[38;2;28;23;40m▓[0m[48;2;116;113;121m[38;2;116;113;121m#[0m[48;2;235;233;237m[38;2;235;233;237m.[0m[48;2;85;81;88m[38;2;85;81;88m@[0m[48;2;71;65;80m[38;2;71;65;80m░[0m[48;2;20;12;49m[38;2;20;12;49m▓[0m[48;2;65;49;113m[38;2;65;49;113m░[0m[48;2;30;23;46m[38;2;30;23;46m▓[0m[48;2;162;160;163m[38;2;162;160;163m+[0m [48;2;226;224;227m[38;2;226;224;227m.[0m[48;2;134;131;136m[38;2;134;131;136m*[0m[48;2;50;46;57m[38;2;50;46;57m▒[0m[48;2;23;19;34m[38;2;23;19;34m▓[0m[48;2;33;28;45m[38;2;33;28;45m▓[0m[48;2;37;31;51m[38;2;37;31;51m▓[0m[48;2;37;31;51m[38;2;37;31;51m▓[0m[48;2;37;31;52m[38;2;37;31;52m▓[0m[48;2;37;31;52m[38;2;37;31;52m▓[0m[48;2;37;31;52m[38;2;37;31;52m▓[0m[48;2;37;31;52m[38;2;37;31;52m▓[0m[48;2;37;31;52m[38;2;37;31;52m▓[0m[48;2;37;31;52m[38;2;37;31;52m▓[0m[48;2;37;31;51m[38;2;37;31;51m▓[0m[48;2;27;22;38m[38;2;27;22;38m▓[0m[48;2;48;45;55m[38;2;48;45;55m▒[0m[48;2;198;197;200m[38;2;198;197;200m-[0m                              
                                       [48;2;138;138;139m[38;2;138;138;139m*[0m[48;2;23;20;28m[38;2;23;20;28m▓[0m[48;2;37;31;51m[38;2;37;31;51m▓[0m[48;2;37;31;52m[38;2;37;31;52m▓[0m[48;2;29;24;41m[38;2;29;24;41m▓[0m[48;2;137;134;141m[38;2;137;134;141m*[0m   [48;2;174;173;177m[38;2;174;173;177m=[0m[48;2;87;82;91m[38;2;87;82;91m@[0m[48;2;92;89;95m[38;2;92;89;95m@[0m[48;2;234;234;235m[38;2;234;234;235m.[0m    [48;2;160;158;162m[38;2;160;158;162m+[0m[48;2;33;30;36m[38;2;33;30;36m▓[0m[48;2;52;49;55m[38;2;52;49;55m▒[0m[48;2;22;18;29m[38;2;22;18;29m▓[0m[48;2;30;25;42m[38;2;30;25;42m▓[0m[48;2;36;31;51m[38;2;36;31;51m▓[0m[48;2;37;31;52m[38;2;37;31;52m▓[0m[48;2;37;31;52m[38;2;37;31;52m▓[0m[48;2;37;31;52m[38;2;37;31;52m▓[0m[48;2;37;31;52m[38;2;37;31;52m▓[0m[48;2;37;31;52m[38;2;37;31;52m▓[0m[48;2;37;31;52m[38;2;37;31;52m▓[0m[48;2;35;30;49m[38;2;35;30;49m▓[0m[48;2;23;20;28m[38;2;23;20;28m▓[0m[48;2;188;187;188m[38;2;188;187;188m-[0m                             