                                                                                                    
                                                                                                    
                                                                                                    
                                                                                                    
                                                                                                    
                                                                                                    
                                                                                                    
                                                                                                    
                                                                                                    
                                                                                                    
                                                                                                    
                                                 [48;2;232;232;232m[38;2;232;232;232m.[0m[48;2;214;214;214m[38;2;214;214;214m:[0m[48;2;205;205;205m[38;2;205;205;205m:[0m[48;2;206;206;207m[38;2;206;206;207m:[0m[48;2;219;219;219m[38;2;219;219;219m:[0m                                              
                                             [48;2;212;212;213m[38;2;212;212;213m:[0m[48;2;112;111;115m[38;2;112;111;115m#[0m[48;2;61;59;66m[38;2;61;59;66m░[0m[48;2;33;32;40m[38;2;33;32;40m▓[0m[48;2;26;24;34m[38;2;26;24;34m▓[0m[48;2;29;27;38m[38;2;29;27;38m▓[0m[48;2;30;28;40m[38;2;30;28;40m▓[0m[48;2;29;27;39m[38;2;29;27;39m▓[0m[48;2;28;26;38m[38;2;28;26;38m▓[0m[48;2;25;23;33m[38;2;25;23;33m▓[0m[48;2;47;46;55m[38;2;47;46;55m▒[0m[48;2;92;90;98m[38;2;92;90;98m%[0m[48;2;161;160;164m[38;2;161;160;164m+[0m[48;2;239;239;240m[38;2;239;239;240m [0m                                         
                                            [48;2;130;130;132m[38;2;130;130;132m*[0m[48;2;26;24;34m[38;2;26;24;34m▓[0m[48;2;40;39;56m[38;2;40;39;56m▒[0m[48;2;43;42;60m[38;2;43;42;60m▒[0m[48;2;42;42;60m[38;2;42;42;60m▒[0m[48;2;41;43;59m[38;2;41;43;59m▒[0m[48;2;41;43;59m[38;2;41;43;59m▒[0m[48;2;41;43;59m[38;2;41;43;59m▒[0m[48;2;41;43;59m[38;2;41;43;59m▒[0m[48;2;41;43;59m[38;2;41;43;59m▒[0m[48;2;41;43;59m[38;2;41;43;59m▒[0m[48;2;41;43;59m[38;2;41;43;59m▒[0m[48;2;42;42;58m[38;2;42;42;58m▒[0m[48;2;33;32;47m[38;2;33;32;47m▓[0m[48;2;32;30;42m[38;2;32;30;42m▓[0m[48;2;121;120;125m[38;2;121;120;125m#[0m[48;2;208;208;209m[38;2;208;208;209m:[0m                                       
                                           [48;2;98;97;99m[38;2;98;97;99m%[0m[48;2;30;28;38m[38;2;30;28;38m▓[0m[48;2;43;43;59m[38;2;43;43;59m▒[0m[48;2;41;43;59m[38;2;41;43;59m▒[0m[48;2;40;44;59m[38;2;40;44;59m▒[0m[48;2;40;44;59m[38;2;40;44;59m▒[0m[48;2;40;44;59m[38;2;40;44;59m▒[0m[48;2;40;44;59m[38;2;40;44;59m▒[0m[48;2;40;44;59m[38;2;40;44;59m▒[0m[48;2;40;44;59m[38;2;40;44;59m▒[0m[48;2;40;44;59m[38;2;40;44;59m▒[0m[48;2;40;44;59m[38;2;40;44;59m▒[0m[48;2;40;44;59m[38;2;40;44;59m▒[0m[48;2;40;44;59m[38;2;40;44;59m▒[0m[48;2;41;43;59m[38;2;41;43;59m▒[0m[48;2;42;42;58m[38;2;42;42;58m▒[0m[48;2;54;52;62m[38;2;54;52;62m▒[0m[48;2;10;7;15m[38;2;10;7;15m█[0m[48;2;80;76;82m[38;2;80;76;82m@[0m[48;2;215;214;216m[38;2;215;214;216m:[0m                                     
                                         [48;2;162;162;162m[38;2;162;162;162m+[0m[48;2;12;11;15m[38;2;12;11;15m█[0m[48;2;27;25;34m[38;2;27;25;34m▓[0m[48;2;42;43;58m[38;2;42;43;58m▒[0m[48;2;40;44;59m[38;2;40;44;59m▒[0m[48;2;40;44;59m[38;2;40;44;59m▒[0m[48;2;40;44;59m[38;2;40;44;59m▒[0m[48;2;40;44;59m[38;2;40;44;59m▒[0m[48;2;40;44;59m[38;2;40;44;59m▒[0m[48;2;40;44;59m[38;2;40;44;59m▒[0m[48;2;40;44;59m[38;2;40;44;59m▒[0m[48;2;40;44;59m[38;2;40;44;59m▒[0m[48;2;40;44;59m[38;2;40;44;59m▒[0m[48;2;40;44;59m[38;2;40;44;59m▒[0m[48;2;40;44;59m[38;2;40;44;59m▒[0m[48;2;40;44;59m[38;2;40;44;59m▒[0m[48;2;40;44;59m[38;2;40;44;59m▒[0m[48;2;45;47;62m[38;2;45;47;62m▒[0m[48;2;76;74;85m[38;2;76;74;85m@[0m[48;2;18;13;23m[38;2;18;13;23m█[0m[48;2;118;107;119m[38;2;118;107;119m#[0m[48;2;57;48;55m[38;2;57;48;55m▒[0m[48;2;207;206;207m[38;2;207;206;207m:[0m                                    
                                         [48;2;30;29;31m[38;2;30;29;31m▓[0m[48;2;14;13;19m[38;2;14;13;19m█[0m[48;2;43;42;57m[38;2;43;42;57m▒[0m[48;2;40;44;59m[38;2;40;44;59m▒[0m[48;2;40;44;59m[38;2;40;44;59m▒[0m[48;2;40;44;59m[38;2;40;44;59m▒[0m[48;2;40;44;59m[38;2;40;44;59m▒[0m[48;2;40;44;59m[38;2;40;44;59m▒[0m[48;2;40;44;59m[38;2;40;44;59m▒[0m[48;2;40;44;59m[38;2;40;44;59m▒[0m[48;2;40;44;59m[38;2;40;44;59m▒[0m[48;2;40;44;59m[38;2;40;44;59m▒[0m[48;2;40;44;59m[38;2;40;44;59m▒[0m[48;2;40;44;59m[38;2;40;44;59m▒[0m[48;2;40;44;59m[38;2;40;44;59m▒[0m[48;2;40;44;59m[38;2;40;44;59m▒[0m[48;2;40;44;59m[38;2;40;44;59m▒[0m[48;2;56;58;73m[38;2;56;58;73m░[0m[48;2;45;44;56m[38;2;45;44;56m▒[0m[48;2;22;14;26m[38;2;22;14;26m█[0m[48;2;111;98;111m[38;2;111;98;111m%[0m[48;2;117;104;114m[38;2;117;104;114m%[0m[48;2;59;53;59m[38;2;59;53;59m░[0m                                    
                                       [48;2;234;234;234m[38;2;234;234;234m.[0m[48;2;67;65;68m[38;2;67;65;68m░[0m[48;2;28;25;30m[38;2;28;25;30m▓[0m[48;2;30;28;37m[38;2;30;28;37m▓[0m[48;2;42;43;59m[38;2;42;43;59m▒[0m[48;2;40;44;59m[38;2;40;44;59m▒[0m[48;2;40;44;59m[38;2;40;44;59m▒[0m[48;2;40;44;59m[38;2;40;44;59m▒[0m[48;2;40;44;59m[38;2;40;44;59m▒[0m[48;2;40;44;59m[38;2;40;44;59m▒[0m[48;2;40;44;59m[38;2;40;44;59m▒[0m[48;2;40;44;59m[38;2;40;44;59m▒[0m[48;2;40;44;59m[38;2;40;44;59m▒[0m[48;2;40;44;59m[38;2;40;44;59m▒[0m[48;2;40;44;59m[38;2;40;44;59m▒[0m[48;2;40;44;59m[38;2;40;44;59m▒[0m[48;2;41;43;59m[38;2;41;43;59m▒[0m[48;2;41;43;59m[38;2;41;43;59m▒[0m[48;2;61;61;77m[38;2;61;61;77m░[0m[48;2;60;60;74m[38;2;60;60;74m░[0m[48;2;23;20;32m[38;2;23;20;32m▓[0m[48;2;98;88;101m[38;2;98;88;101m%[0m[48;2;104;91;102m[38;2;104;91;102m%[0m[48;2;39;28;37m[38;2;39;28;37m▓[0m[48;2;75;67;74m[38;2;75;67;74m░[0m[48;2;178;177;178m[38;2;178;177;178m=[0m                                   
                                      [48;2;241;240;241m[38;2;241;240;241m [0m[48;2;57;54;57m[38;2;57;54;57m░[0m[48;2;106;95;106m[38;2;106;95;106m%[0m[48;2;67;58;68m[38;2;67;58;68m░[0m[48;2;35;33;45m[38;2;35;33;45m▓[0m[48;2;40;44;59m[38;2;40;44;59m▒[0m[48;2;40;44;59m[38;2;40;44;59m▒[0m[48;2;40;44;59m[38;2;40;44;59m▒[0m[48;2;40;44;59m[38;2;40;44;59m▒[0m[48;2;40;44;59m[38;2;40;44;59m▒[0m[48;2;40;44;59m[38;2;40;44;59m▒[0m[48;2;40;44;59m[38;2;40;44;59m▒[0m[48;2;40;44;59m[38;2;40;44;59m▒[0m[48;2;40;44;59m[38;2;40;44;59m▒[0m[48;2;40;44;59m[38;2;40;44;59m▒[0m[48;2;41;43;59m[38;2;41;43;59m▒[0m[48;2;41;43;59m[38;2;41;43;59m▒[0m[48;2;46;46;61m[38;2;46;46;61m▒[0m[48;2;70;69;82m[38;2;70;69;82m░[0m[48;2;49;49;59m[38;2;49;49;59m▒[0m[48;2;32;27;36m[38;2;32;27;36m▓[0m[48;2;112;101;112m[38;2;112;101;112m%[0m[48;2;158;139;153m[38;2;158;139;153m*[0m[48;2;156;138;152m[38;2;156;138;152m*[0m[48;2;51;40;50m[38;2;51;40;50m▒[0m[48;2;83;77;83m[38;2;83;77;83m@[0m[48;2;127;127;127m[38;2;127;127;127m#[0m                                   
                                      [48;2;109;108;108m[38;2;109;108;108m%[0m[48;2;90;81;88m[38;2;90;81;88m@[0m[48;2;159;142;155m[38;2;159;142;155m+[0m[48;2;96;85;95m[38;2;96;85;95m@[0m[48;2;27;24;35m[38;2;27;24;35m▓[0m[48;2;40;44;59m[38;2;40;44;59m▒[0m[48;2;40;44;59m[38;2;40;44;59m▒[0m[48;2;40;44;59m[38;2;40;44;59m▒[0m[48;2;40;44;59m[38;2;40;44;59m▒[0m[48;2;40;44;59m[38;2;40;44;59m▒[0m[48;2;40;44;59m[38;2;40;44;59m▒[0m[48;2;40;44;59m[38;2;40;44;59m▒[0m[48;2;40;44;59m[38;2;40;44;59m▒[0m[48;2;40;44;59m[38;2;40;44;59m▒[0m[48;2;41;43;58m[38;2;41;43;58m▒[0m[48;2;50;49;63m[38;2;50;49;63m▒[0m[48;2;67;65;79m[38;2;67;65;79m░[0m[48;2;58;55;66m[38;2;58;55;66m░[0m[48;2;32;27;37m[38;2;32;27;37m▓[0m[48;2;83;74;83m[38;2;83;74;83m@[0m[48;2;151;135;147m[38;2;151;135;147m*[0m[48;2;160;140;155m[38;2;160;140;155m+[0m[48;2;161;140;155m[38;2;161;140;155m+[0m[48;2;161;140;155m[38;2;161;140;155m+[0m[48;2;83;68;79m[38;2;83;68;79m@[0m[48;2;34;30;34m[38;2;34;30;34m▓[0m[48;2;130;129;130m[38;2;130;129;130m*[0m                                   
                                     [48;2;213;213;213m[38;2;213;213;213m:[0m[48;2;47;43;46m[38;2;47;43;46m▒[0m[48;2;155;142;151m[38;2;155;142;151m+[0m[48;2;161;142;156m[38;2;161;142;156m+[0m[48;2;81;67;78m[38;2;81;67;78m░[0m[48;2;30;23;32m[38;2;30;23;32m▓[0m[48;2;33;31;44m[38;2;33;31;44m▓[0m[48;2;41;43;58m[38;2;41;43;58m▒[0m[48;2;40;44;59m[38;2;40;44;59m▒[0m[48;2;40;44;59m[38;2;40;44;59m▒[0m[48;2;40;44;59m[38;2;40;44;59m▒[0m[48;2;40;44;59m[38;2;40;44;59m▒[0m[48;2;43;46;61m[38;2;43;46;61m▒[0m[48;2;59;60;75m[38;2;59;60;75m░[0m[48;2;49;49;64m[38;2;49;49;64m▒[0m[48;2;61;59;73m[38;2;61;59;73m░[0m[48;2;44;40;51m[38;2;44;40;51m▒[0m[48;2;47;40;51m[38;2;47;40;51m▒[0m[48;2;97;85;96m[38;2;97;85;96m@[0m[48;2;151;135;148m[38;2;151;135;148m*[0m[48;2;161;141;155m[38;2;161;141;155m+[0m[48;2;161;140;155m[38;2;161;140;155m+[0m[48;2;161;140;155m[38;2;161;140;155m+[0m[48;2;161;140;155m[38;2;161;140;155m+[0m[48;2;161;140;155m[38;2;161;140;155m+[0m[48;2;94;79;91m[38;2;94;79;91m@[0m[48;2;15;12;15m[38;2;15;12;15m█[0m[48;2;196;195;196m[38;2;196;195;196m-[0m                                   
                                     [48;2;99;98;99m[38;2;99;98;99m%[0m[48;2;123;110;118m[38;2;123;110;118m#[0m[48;2;160;141;153m[38;2;160;141;153m+[0m[48;2;161;140;155m[38;2;161;140;155m+[0m[48;2;101;87;98m[38;2;101;87;98m%[0m[48;2;80;72;80m[38;2;80;72;80m@[0m[48;2;58;50;60m[38;2;58;50;60m▒[0m[48;2;27;23;36m[38;2;27;23;36m▓[0m[48;2;39;39;54m[38;2;39;39;54m▒[0m[48;2;43;43;58m[38;2;43;43;58m▒[0m[48;2;56;56;71m[38;2;56;56;71m░[0m[48;2;64;64;78m[38;2;64;64;78m░[0m[48;2;58;56;68m[38;2;58;56;68m░[0m[48;2;30;24;35m[38;2;30;24;35m▓[0m[48;2;45;38;49m[38;2;45;38;49m▒[0m[48;2;85;75;87m[38;2;85;75;87m@[0m[48;2;135;119;132m[38;2;135;119;132m#[0m[48;2;159;141;154m[38;2;159;141;154m+[0m[48;2;160;141;155m[38;2;160;141;155m+[0m[48;2;156;136;151m[38;2;156;136;151m*[0m[48;2;161;140;155m[38;2;161;140;155m+[0m[48;2;161;140;155m[38;2;161;140;155m+[0m[48;2;161;140;155m[38;2;161;140;155m+[0m[48;2;161;140;155m[38;2;161;140;155m+[0m[48;2;161;140;155m[38;2;161;140;155m+[0m[48;2;63;52;62m[38;2;63;52;62m░[0m[48;2;150;144;149m[38;2;150;144;149m+[0m[48;2;154;152;154m[38;2;154;152;154m+[0m[48;2;177;176;178m[38;2;177;176;178m=[0m[48;2;205;205;205m[38;2;205;205;205m:[0m                                 
                                     [48;2;40;37;39m[38;2;40;37;39m▒[0m[48;2;159;141;152m[38;2;159;141;152m+[0m[48;2;161;140;155m[38;2;161;140;155m+[0m[48;2;161;140;155m[38;2;161;140;155m+[0m[48;2;157;138;151m[38;2;157;138;151m*[0m[48;2;47;38;47m[38;2;47;38;47m▒[0m[48;2;102;90;101m[38;2;102;90;101m%[0m[48;2;99;87;98m[38;2;99;87;98m%[0m[48;2;85;74;84m[38;2;85;74;84m@[0m[48;2;71;61;71m[38;2;71;61;71m░[0m[48;2;31;23;31m[38;2;31;23;31m▓[0m[48;2;79;69;79m[38;2;79;69;79m░[0m[48;2;111;97;110m[38;2;111;97;110m%[0m[48;2;146;128;142m[38;2;146;128;142m*[0m[48;2;160;140;155m[38;2;160;140;155m+[0m[48;2;142;124;137m[38;2;142;124;137m*[0m[48;2;110;95;106m[38;2;110;95;106m%[0m[48;2;79;65;77m[38;2;79;65;77m░[0m[48;2;71;59;71m[38;2;71;59;71m░[0m[48;2;112;96;108m[38;2;112;96;108m%[0m[48;2;161;140;155m[38;2;161;140;155m+[0m[48;2;161;140;155m[38;2;161;140;155m+[0m[48;2;161;140;155m[38;2;161;140;155m+[0m[48;2;161;140;155m[38;2;161;140;155m+[0m[48;2;143;123;137m[38;2;143;123;137m*[0m[48;2;16;8;15m[38;2;16;8;15m█[0m[48;2;22;17;24m[38;2;22;17;24m▓[0m[48;2;196;193;199m[38;2;196;193;199m-[0m[48;2;68;64;69m[38;2;68;64;69m░[0m[48;2;39;36;40m[38;2;39;36;40m▒[0m[48;2;171;171;171m[38;2;171;171;171m=[0m                                
                                    [48;2;225;225;225m[38;2;225;225;225m.[0m[48;2;46;42;44m[38;2;46;42;44m▒[0m[48;2;160;141;154m[38;2;160;141;154m+[0m[48;2;161;140;155m[38;2;161;140;155m+[0m[48;2;161;140;155m[38;2;161;140;155m+[0m[48;2;161;140;155m[38;2;161;140;155m+[0m[48;2;145;128;141m[38;2;145;128;141m*[0m[48;2;43;32;42m[38;2;43;32;42m▓[0m[48;2;24;15;25m[38;2;24;15;25m▓[0m[48;2;106;95;104m[38;2;106;95;104m%[0m[48;2;33;23;31m[38;2;33;23;31m▓[0m[48;2;41;33;39m[38;2;41;33;39m▓[0m[48;2;86;76;84m[38;2;86;76;84m@[0m[48;2;80;69;78m[38;2;80;69;78m@[0m[48;2;76;65;74m[38;2;76;65;74m░[0m[48;2;74;63;72m[38;2;74;63;72m░[0m[48;2;92;80;91m[38;2;92;80;91m@[0m[48;2;126;111;122m[38;2;126;111;122m#[0m[48;2;156;138;151m[38;2;156;138;151m*[0m[48;2;160;140;155m[38;2;160;140;155m+[0m[48;2;161;140;155m[38;2;161;140;155m+[0m[48;2;161;140;155m[38;2;161;140;155m+[0m[48;2;161;140;155m[38;2;161;140;155m+[0m[48;2;161;140;155m[38;2;161;140;155m+[0m[48;2;160;140;155m[38;2;160;140;155m+[0m[48;2;57;46;55m[38;2;57;46;55m▒[0m[48;2;25;21;30m[38;2;25;21;30m▓[0m[48;2;17;14;24m[38;2;17;14;24m█[0m[48;2;172;170;175m[38;2;172;170;175m=[0m[48;2;223;221;225m[38;2;223;221;225m.[0m[48;2;42;39;42m[38;2;42;39;42m▒[0m                                 
                                    [48;2;232;232;232m[38;2;232;232;232m.[0m[48;2;43;39;41m[38;2;43;39;41m▒[0m[48;2;160;141;154m[38;2;160;141;154m+[0m[48;2;161;140;155m[38;2;161;140;155m+[0m[48;2;161;140;155m[38;2;161;140;155m+[0m[48;2;161;140;155m[38;2;161;140;155m+[0m[48;2;161;140;155m[38;2;161;140;155m+[0m[48;2;157;138;152m[38;2;157;138;152m*[0m[48;2;60;46;57m[38;2;60;46;57m▒[0m[48;2;9;3;10m[38;2;9;3;10m█[0m[48;2;10;6;12m[38;2;10;6;12m█[0m[48;2;27;24;30m[38;2;27;24;30m▓[0m[48;2;73;67;74m[38;2;73;67;74m░[0m[48;2;121;109;119m[38;2;121;109;119m#[0m[48;2;157;139;152m[38;2;157;139;152m*[0m[48;2;160;140;154m[38;2;160;140;154m+[0m[48;2;161;140;155m[38;2;161;140;155m+[0m[48;2;161;140;155m[38;2;161;140;155m+[0m[48;2;161;140;155m[38;2;161;140;155m+[0m[48;2;161;140;155m[38;2;161;140;155m+[0m[48;2;161;140;155m[38;2;161;140;155m+[0m[48;2;161;140;155m[38;2;161;140;155m+[0m[48;2;161;140;155m[38;2;161;140;155m+[0m[48;2;161;140;155m[38;2;161;140;155m+[0m[48;2;152;132;147m[38;2;152;132;147m*[0m[48;2;47;37;46m[38;2;47;37;46m▒[0m[48;2;22;19;28m[38;2;22;19;28m▓[0m[48;2;28;24;35m[38;2;28;24;35m▓[0m[48;2;115;113;118m[38;2;115;113;118m#[0m[48;2;198;196;199m[38;2;198;196;199m-[0m[48;2;53;50;54m[38;2;53;50;54m▒[0m[48;2;123;122;124m[38;2;123;122;124m#[0m[48;2;148;147;148m[38;2;148;147;148m+[0m[48;2;163;162;164m[38;2;163;162;164m+[0m[48;2;198;198;198m[38;2;198;198;198m-[0m[48;2;240;239;240m[38;2;240;239;240m [0m                            
                                    [48;2;186;186;186m[38;2;186;186;186m-[0m[48;2;14;11;14m[38;2;14;11;14m█[0m[48;2;143;126;138m[38;2;143;126;138m*[0m[48;2;161;140;155m[38;2;161;140;155m+[0m[48;2;161;140;155m[38;2;161;140;155m+[0m[48;2;161;140;155m[38;2;161;140;155m+[0m[48;2;161;140;155m[38;2;161;140;155m+[0m[48;2;161;140;155m[38;2;161;140;155m+[0m[48;2;55;41;52m[38;2;55;41;52m▒[0m[48;2;30;27;33m[38;2;30;27;33m▓[0m[48;2;3;2;7m[38;2;3;2;7m█[0m[48;2;15;14;19m[38;2;15;14;19m█[0m[48;2;16;15;20m[38;2;16;15;20m█[0m[48;2;46;40;48m[38;2;46;40;48m▒[0m[48;2;154;137;151m[38;2;154;137;151m*[0m[48;2;161;140;155m[38;2;161;140;155m+[0m[48;2;161;140;155m[38;2;161;140;155m+[0m[48;2;161;140;155m[38;2;161;140;155m+[0m[48;2;161;140;155m[38;2;161;140;155m+[0m[48;2;161;140;155m[38;2;161;140;155m+[0m[48;2;161;140;155m[38;2;161;140;155m+[0m[48;2;161;140;155m[38;2;161;140;155m+[0m[48;2;161;140;155m[38;2;161;140;155m+[0m[48;2;161;140;155m[38;2;161;140;155m+[0m[48;2;161;140;155m[38;2;161;140;155m+[0m[48;2;151;133;146m[38;2;151;133;146m*[0m[48;2;34;26;35m[38;2;34;26;35m▓[0m[48;2;23;17;27m[38;2;23;17;27m▓[0m[48;2;102;99;104m[38;2;102;99;104m%[0m[48;2;152;149;153m[38;2;152;149;153m+[0m[48;2;43;42;45m[38;2;43;42;45m▒[0m[48;2;86;84;87m[38;2;86;84;87m@[0m[48;2;97;97;97m[38;2;97;97;97m%[0m[48;2;55;55;55m[38;2;55;55;55m░[0m[48;2;42;42;42m[38;2;42;42;42m▒[0m[48;2;64;62;65m[38;2;64;62;65m░[0m[48;2;85;82;85m[38;2;85;82;85m@[0m[48;2;149;148;149m[38;2;149;148;149m+[0m                          
                                     [48;2;201;200;200m[38;2;201;200;200m-[0m[48;2;56;48;53m[38;2;56;48;53m▒[0m[48;2;151;134;146m[38;2;151;134;146m*[0m[48;2;161;140;155m[38;2;161;140;155m+[0m[48;2;161;140;155m[38;2;161;140;155m+[0m[48;2;161;140;155m[38;2;161;140;155m+[0m[48;2;161;140;155m[38;2;161;140;155m+[0m[48;2;97;83;95m[38;2;97;83;95m@[0m[48;2;37;31;38m[38;2;37;31;38m▓[0m[48;2;10;7;13m[38;2;10;7;13m█[0m[48;2;10;8;14m[38;2;10;8;14m█[0m[48;2;19;17;23m[38;2;19;17;23m█[0m[48;2;11;7;13m[38;2;11;7;13m█[0m[48;2;72;63;71m[38;2;72;63;71m░[0m[48;2;160;141;155m[38;2;160;141;155m+[0m[48;2;161;140;155m[38;2;161;140;155m+[0m[48;2;161;140;155m[38;2;161;140;155m+[0m[48;2;161;140;155m[38;2;161;140;155m+[0m[48;2;161;140;155m[38;2;161;140;155m+[0m[48;2;161;140;155m[38;2;161;140;155m+[0m[48;2;161;140;155m[38;2;161;140;155m+[0m[48;2;161;140;155m[38;2;161;140;155m+[0m[48;2;161;140;155m[38;2;161;140;155m+[0m[48;2;161;140;155m[38;2;161;140;155m+[0m[48;2;160;140;154m[38;2;160;140;154m+[0m[48;2;144;126;139m[38;2;144;126;139m*[0m[48;2;60;50;58m[38;2;60;50;58m▒[0m[48;2;56;50;56m[38;2;56;50;56m▒[0m[48;2;33;30;34m[38;2;33;30;34m▓[0m[48;2;128;125;129m[38;2;128;125;129m#[0m[48;2;198;196;198m[38;2;198;196;198m-[0m[48;2;187;186;187m[38;2;187;186;187m-[0m[48;2;179;178;179m[38;2;179;178;179m=[0m[48;2;82;80;82m[38;2;82;80;82m@[0m[48;2;86;79;85m[38;2;86;79;85m@[0m[48;2;155;141;151m[38;2;155;141;151m+[0m[48;2;103;91;100m[38;2;103;91;100m%[0m[48;2;115;112;115m[38;2;115;112;115m#[0m                         
                                      [48;2;154;152;153m[38;2;154;152;153m+[0m[48;2;32;23;29m[38;2;32;23;29m▓[0m[48;2;108;93;103m[38;2;108;93;103m%[0m[48;2;158;138;153m[38;2;158;138;153m*[0m[48;2;161;140;155m[38;2;161;140;155m+[0m[48;2;161;140;155m[38;2;161;140;155m+[0m[48;2;161;140;155m[38;2;161;140;155m+[0m[48;2;157;138;152m[38;2;157;138;152m*[0m[48;2;61;49;59m[38;2;61;49;59m▒[0m[48;2;38;30;38m[38;2;38;30;38m▓[0m[48;2;22;15;22m[38;2;22;15;22m█[0m[48;2;77;71;78m[38;2;77;71;78m@[0m[48;2;70;64;71m[38;2;70;64;71m░[0m[48;2;75;64;74m[38;2;75;64;74m░[0m[48;2;110;95;107m[38;2;110;95;107m%[0m[48;2;147;127;141m[38;2;147;127;141m*[0m[48;2;161;140;155m[38;2;161;140;155m+[0m[48;2;161;140;155m[38;2;161;140;155m+[0m[48;2;161;140;155m[38;2;161;140;155m+[0m[48;2;161;140;155m[38;2;161;140;155m+[0m[48;2;161;140;155m[38;2;161;140;155m+[0m[48;2;161;140;155m[38;2;161;140;155m+[0m[48;2;161;140;155m[38;2;161;140;155m+[0m[48;2;161;140;155m[38;2;161;140;155m+[0m[48;2;161;140;155m[38;2;161;140;155m+[0m[48;2;161;140;155m[38;2;161;140;155m+[0m[48;2;150;134;146m[38;2;150;134;146m*[0m[48;2;130;118;128m[38;2;130;118;128m#[0m[48;2;116;104;114m[38;2;116;104;114m%[0m[48;2;104;94;103m[38;2;104;94;103m%[0m[48;2;110;100;109m[38;2;110;100;109m%[0m[48;2;111;102;110m[38;2;111;102;110m%[0m[48;2;132;121;130m[38;2;132;121;130m#[0m[48;2;149;137;147m[38;2;149;137;147m*[0m[48;2;134;119;130m[38;2;134;119;130m#[0m[48;2;84;70;80m[38;2;84;70;80m@[0m[48;2;35;30;34m[38;2;35;30;34m▓[0m[48;2;195;194;195m[38;2;195;194;195m-[0m                        
                                       [48;2;74;72;74m[38;2;74;72;74m░[0m[48;2;81;77;81m[38;2;81;77;81m@[0m[48;2;63;52;61m[38;2;63;52;61m░[0m[48;2;147;131;143m[38;2;147;131;143m*[0m[48;2;161;140;155m[38;2;161;140;155m+[0m[48;2;161;140;155m[38;2;161;140;155m+[0m[48;2;161;140;155m[38;2;161;140;155m+[0m[48;2;161;140;155m[38;2;161;140;155m+[0m[48;2;160;140;155m[38;2;160;140;155m+[0m[48;2;147;130;144m[38;2;147;130;144m*[0m[48;2;76;64;75m[38;2;76;64;75m░[0m[48;2;75;66;74m[38;2;75;66;74m░[0m[48;2;62;55;64m[38;2;62;55;64m░[0m[48;2;13;7;14m[38;2;13;7;14m█[0m[48;2;24;15;23m[38;2;24;15;23m▓[0m[48;2;109;94;107m[38;2;109;94;107m%[0m[48;2;160;141;155m[38;2;160;141;155m+[0m[48;2;124;104;118m[38;2;124;104;118m#[0m[48;2;153;133;148m[38;2;153;133;148m*[0m[48;2;161;140;155m[38;2;161;140;155m+[0m[48;2;161;140;155m[38;2;161;140;155m+[0m[48;2;155;134;149m[38;2;155;134;149m*[0m[48;2;158;139;153m[38;2;158;139;153m*[0m[48;2;160;140;155m[38;2;160;140;155m+[0m[48;2;161;140;155m[38;2;161;140;155m+[0m[48;2;160;140;155m[38;2;160;140;155m+[0m[48;2;161;140;155m[38;2;161;140;155m+[0m[48;2;136;118;132m[38;2;136;118;132m#[0m[48;2;87;73;85m[38;2;87;73;85m@[0m[48;2;81;68;80m[38;2;81;68;80m@[0m[48;2;80;67;79m[38;2;80;67;79m░[0m[48;2;80;67;79m[38;2;80;67;79m░[0m[48;2;84;71;83m[38;2;84;71;83m@[0m[48;2;102;89;101m[38;2;102;89;101m%[0m[48;2;127;114;125m[38;2;127;114;125m#[0m[48;2;102;91;99m[38;2;102;91;99m%[0m[48;2;102;98;101m[38;2;102;98;101m%[0m                        
                                        [48;2;144;143;145m[38;2;144;143;145m*[0m[48;2;122;120;123m[38;2;122;120;123m#[0m[48;2;67;60;66m[38;2;67;60;66m░[0m[48;2;94;81;92m[38;2;94;81;92m@[0m[48;2;152;135;149m[38;2;152;135;149m*[0m[48;2;161;140;155m[38;2;161;140;155m+[0m[48;2;161;140;155m[38;2;161;140;155m+[0m[48;2;161;140;155m[38;2;161;140;155m+[0m[48;2;161;140;155m[38;2;161;140;155m+[0m[48;2;160;140;155m[38;2;160;140;155m+[0m[48;2;153;134;148m[38;2;153;134;148m*[0m[48;2;128;111;124m[38;2;128;111;124m#[0m[48;2;119;103;116m[38;2;119;103;116m%[0m[48;2;155;137;151m[38;2;155;137;151m*[0m[48;2;160;140;155m[38;2;160;140;155m+[0m[48;2;161;140;155m[38;2;161;140;155m+[0m[48;2;127;109;122m[38;2;127;109;122m#[0m[48;2;73;60;71m[38;2;73;60;71m░[0m[48;2;75;62;73m[38;2;75;62;73m░[0m[48;2;79;66;77m[38;2;79;66;77m░[0m[48;2;45;35;45m[38;2;45;35;45m▒[0m[48;2;15;9;17m[38;2;15;9;17m█[0m[48;2;32;26;34m[38;2;32;26;34m▓[0m[48;2;46;37;47m[38;2;46;37;47m▒[0m[48;2;58;47;57m[38;2;58;47;57m▒[0m[48;2;70;57;69m[38;2;70;57;69m░[0m[48;2;74;61;73m[38;2;74;61;73m░[0m[48;2;76;64;75m[38;2;76;64;75m░[0m[48;2;77;65;76m[38;2;77;65;76m░[0m[48;2;77;64;76m[38;2;77;64;76m░[0m[48;2;73;62;72m[38;2;73;62;72m░[0m[48;2;57;50;59m[38;2;57;50;59m▒[0m[48;2;86;81;87m[38;2;86;81;87m@[0m[48;2;96;91;96m[38;2;96;91;96m%[0m[48;2;108;104;109m[38;2;108;104;109m%[0m[48;2;234;232;234m[38;2;234;232;234m.[0m                        
                                         [48;2;191;190;192m[38;2;191;190;192m-[0m[48;2;14;10;17m[38;2;14;10;17m█[0m[48;2;14;9;19m[38;2;14;9;19m█[0m[48;2;20;13;24m[38;2;20;13;24m█[0m[48;2;78;66;84m[38;2;78;66;84m░[0m[48;2;126;110;125m[38;2;126;110;125m#[0m[48;2;155;137;151m[38;2;155;137;151m*[0m[48;2;161;140;155m[38;2;161;140;155m+[0m[48;2;161;140;155m[38;2;161;140;155m+[0m[48;2;161;140;155m[38;2;161;140;155m+[0m[48;2;161;140;155m[38;2;161;140;155m+[0m[48;2;103;84;98m[38;2;103;84;98m@[0m[48;2;75;58;70m[38;2;75;58;70m░[0m[48;2;119;101;114m[38;2;119;101;114m%[0m[48;2;140;122;136m[38;2;140;122;136m*[0m[48;2;157;138;152m[38;2;157;138;152m*[0m[48;2;160;141;155m[38;2;160;141;155m+[0m[48;2;159;141;155m[38;2;159;141;155m+[0m[48;2;157;139;153m[38;2;157;139;153m*[0m[48;2;152;135;148m[38;2;152;135;148m*[0m[48;2;150;133;147m[38;2;150;133;147m*[0m[48;2;150;133;146m[38;2;150;133;146m*[0m[48;2;151;134;148m[38;2;151;134;148m*[0m[48;2;154;138;151m[38;2;154;138;151m*[0m[48;2;157;141;154m[38;2;157;141;154m+[0m[48;2;159;141;154m[38;2;159;141;154m+[0m[48;2;155;138;152m[38;2;155;138;152m*[0m[48;2;129;115;127m[38;2;129;115;127m#[0m[48;2;88;77;88m[38;2;88;77;88m@[0m[48;2;81;72;81m[38;2;81;72;81m@[0m[48;2;172;167;172m[38;2;172;167;172m=[0m                            
                                        [48;2;224;224;224m[38;2;224;224;224m.[0m[48;2;29;29;32m[38;2;29;29;32m▓[0m[48;2;34;30;45m[38;2;34;30;45m▓[0m[48;2;23;18;34m[38;2;23;18;34m▓[0m[48;2;8;4;19m[38;2;8;4;19m█[0m[48;2;84;70;137m[38;2;84;70;137m@[0m[48;2;68;57;110m[38;2;68;57;110m░[0m[48;2;36;26;74m[38;2;36;26;74m▓[0m[48;2;42;35;49m[38;2;42;35;49m▒[0m[48;2;75;63;83m[38;2;75;63;83m░[0m[48;2;96;84;97m[38;2;96;84;97m@[0m[48;2;119;106;118m[38;2;119;106;118m#[0m[48;2;139;122;135m[38;2;139;122;135m*[0m[48;2;144;128;142m[38;2;144;128;142m*[0m[48;2;104;92;104m[38;2;104;92;104m%[0m[48;2;59;51;60m[38;2;59;51;60m▒[0m[48;2;31;24;32m[38;2;31;24;32m▓[0m[48;2;31;23;31m[38;2;31;23;31m▓[0m[48;2;47;38;46m[38;2;47;38;46m▒[0m[48;2;64;52;62m[38;2;64;52;62m░[0m[48;2;73;62;71m[38;2;73;62;71m░[0m[48;2;79;68;78m[38;2;79;68;78m░[0m[48;2;80;68;80m[38;2;80;68;80m░[0m[48;2;77;67;76m[38;2;77;67;76m░[0m[48;2;70;62;70m[38;2;70;62;70m░[0m[48;2;55;47;56m[38;2;55;47;56m▒[0m[48;2;40;32;42m[38;2;40;32;42m▓[0m[48;2;82;76;85m[38;2;82;76;85m@[0m[48;2;155;150;156m[38;2;155;150;156m+[0m[48;2;218;215;219m[38;2;218;215;219m:[0m                              
                                        [48;2;75;74;76m[38;2;75;74;76m@[0m[48;2;27;25;36m[38;2;27;25;36m▓[0m[48;2;37;31;51m[38;2;37;31;51m▓[0m[48;2;37;32;50m[38;2;37;32;50m▓[0m[48;2;11;6;22m[38;2;11;6;22m█[0m[48;2;87;74;145m[38;2;87;74;145m@[0m[48;2;92;83;149m[38;2;92;83;149m%[0m[48;2;71;57;152m[38;2;71;57;152m░[0m[48;2;7;2;31m[38;2;7;2;31m█[0m[48;2;48;33;106m[38;2;48;33;106m▒[0m[48;2;70;56;137m[38;2;70;56;137m░[0m[48;2;55;39;133m[38;2;55;39;133m▒[0m[48;2;48;36;101m[38;2;48;36;101m▒[0m[48;2;41;25;102m[38;2;41;25;102m▒[0m[48;2;49;40;75m[38;2;49;40;75m▒[0m[48;2;31;24;53m[38;2;31;24;53m▓[0m[48;2;33;28;36m[38;2;33;28;36m▓[0m[48;2;36;30;38m[38;2;36;30;38m▓[0m[48;2;16;11;20m[38;2;16;11;20m█[0m[48;2;12;8;17m[38;2;12;8;17m█[0m[48;2;11;8;16m[38;2;11;8;16m█[0m[48;2;11;8;17m[38;2;11;8;17m█[0m[48;2;12;9;18m[38;2;12;9;18m█[0m[48;2;15;10;21m[38;2;15;10;21m█[0m[48;2;20;15;29m[38;2;20;15;29m█[0m[48;2;24;19;35m[38;2;24;19;35m▓[0m[48;2;27;22;39m[38;2;27;22;39m▓[0m[48;2;23;18;33m[38;2;23;18;33m▓[0m[48;2;42;38;49m[38;2;42;38;49m▒[0m[48;2;102;98;106m[38;2;102;98;106m%[0m[48;2;180;179;182m[38;2;180;179;182m=[0m                             
                                       [48;2;181;181;182m[38;2;181;181;182m=[0m[48;2;16;15;23m[38;2;16;15;23m█[0m[48;2;36;32;49m[38;2;36;32;49m▓[0m[48;2;37;31;52m[38;2;37;31;52m▓[0m[48;2;36;31;50m[38;2;36;31;50m▓[0m[48;2;14;10;23m[38;2;14;10;23m█[0m[48;2;77;66;126m[38;2;77;66;126m@[0m[48;2;87;76;153m[38;2;87;76;153m@[0m[48;2;82;70;153m[38;2;82;70;153m@[0m[48;2;17;7;72m[38;2;17;7;72m█[0m[48;2;74;71;80m[38;2;74;71;80m░[0m[48;2;38;28;89m[38;2;38;28;89m▒[0m[48;2;78;64;156m[38;2;78;64;156m@[0m[48;2;76;61;161m[38;2;76;61;161m@[0m[48;2;80;65;164m[38;2;80;65;164m@[0m[48;2;70;53;164m[38;2;70;53;164m░[0m[48;2;43;34;83m[38;2;43;34;83m▒[0m[48;2;26;21;31m[38;2;26;21;31m▓[0m[48;2;37;31;43m[38;2;37;31;43m▓[0m[48;2;39;33;50m[38;2;39;33;50m▒[0m[48;2;37;32;50m[38;2;37;32;50m▓[0m[48;2;37;31;52m[38;2;37;31;52m▓[0m[48;2;37;31;52m[38;2;37;31;52m▓[0m[48;2;37;31;52m[38;2;37;31;52m▓[0m[48;2;36;31;51m[38;2;36;31;51m▓[0m[48;2;36;31;51m[38;2;36;31;51m▓[0m[48;2;37;31;52m[38;2;37;31;52m▓[0m[48;2;37;31;52m[38;2;37;31;52m▓[0m[48;2;37;31;52m[38;2;37;31;52m▓[0m[48;2;37;31;52m[38;2;37;31;52m▓[0m[48;2;35;30;49m[38;2;35;30;49m▓[0m[48;2;27;22;38m[38;2;27;22;38m▓[0m[48;2;39;35;46m[38;2;39;35;46m▒[0m[48;2;133;131;136m[38;2;133;131;136m*[0m[48;2;236;236;237m[38;2;236;236;237m.[0m                          
                                       [48;2;74;74;75m[38;2;74;74;75m@[0m[48;2;30;28;39m[38;2;30;28;39m▓[0m[48;2;37;32;50m[38;2;37;32;50m▓[0m[48;2;37;31;52m[38;2;37;31;52m▓[0m[48;2;37;31;52m[38;2;37;31;52m▓[0m[48;2;29;24;42m[38;2;29;24;42m▓[0m[48;2;24;19;36m[38;2;24;19;36m▓[0m[48;2;35;30;55m[38;2;35;30;55m▓[0m[48;2;43;37;67m[38;2;43;37;67m▒[0m[48;2;20;12;57m[38;2;20;12;57m▓[0m[48;2;109;108;112m[38;2;109;108;112m%[0m[48;2;162;161;165m[38;2;162;161;165m+[0m[48;2;41;36;64m[38;2;41;36;64m▒[0m[48;2;61;50;120m[38;2;61;50;120m░[0m[48;2;53;45;100m[38;2;53;45;100m▒[0m[48;2;74;72;85m[38;2;74;72;85m@[0m[48;2;132;131;135m[38;2;132;131;135m*[0m[48;2;44;42;48m[38;2;44;42;48m▒[0m[48;2;49;45;55m[38;2;49;45;55m▒[0m[48;2;63;56;70m[38;2;63;56;70m░[0m[48;2;54;46;63m[38;2;54;46;63m▒[0m[48;2;38;31;52m[38;2;38;31;52m▓[0m[48;2;37;31;52m[38;2;37;31;52m▓[0m[48;2;37;31;52m[38;2;37;31;52m▓[0m[48;2;37;31;52m[38;2;37;31;52m▓[0m[48;2;37;31;52m[38;2;37;31;52m▓[0m[48;2;37;31;52m[38;2;37;31;52m▓[0m[48;2;37;31;52m[38;2;37;31;52m▓[0m[48;2;37;31;52m[38;2;37;31;52m▓[0m[48;2;37;31;52m[38;2;37;31;52m▓[0m[48;2;37;31;52m[38;2;37;31;52m▓[0m[48;2;37;31;52m[38;2;37;31;52m▓[0m[48;2;37;31;52m[38;2;37;31;52m▓[0m[48;2;32;27;45m[38;2;32;27;45m▓[0m[48;2;31;27;39m[38;2;31;27;39m▓[0m[48;2;153;151;155m[38;2;153;151;155m+[0m                         
                                       [48;2;20;19;21m[38;2;20;19;21m▓[0m[48;2;36;33;48m[38;2;36;33;48m▓[0m[48;2;37;32;50m[38;2;37;32;50m▓[0m[48;2;37;31;52m[38;2;37;31;52m▓[0m[48;2;37;31;52m[38;2;37;31;52m▓[0m[48;2;37;31;52m[38;2;37;31;52m▓[0m[48;2;37;31;51m[38;2;37;31;51m▓[0m[48;2;37;31;51m[38;2;37;31;51m▓[0m[48;2;67;62;77m[38;2;67;62;77m░[0m[48;2;24;22;30m[38;2;24;22;30m▓[0m[48;2;3;3;8m[38;2;3;3;8m█[0m[48;2;112;111;114m[38;2;112;111;114m#[0m[48;2;214;212;215m[38;2;214;212;215m:[0m[48;2;148;147;150m[38;2;148;147;150m+[0m[48;2;26;26;28m[38;2;26;26;28m▓[0m[48;2;119;117;119m[38;2;119;117;119m#[0m[48;2;218;217;219m[38;2;218;217;219m:[0m[48;2;238;237;241m[38;2;238;237;241m [0m[48;2;117;116;121m[38;2;117;116;121m#[0m[48;2;34;31;37m[38;2;34;31;37m▓[0m[48;2;36;32;41m[38;2;36;32;41m▓[0m[48;2;59;52;66m[38;2;59;52;66m░[0m[48;2;63;56;73m[38;2;63;56;73m░[0m[48;2;47;41;59m[38;2;47;41;59m▒[0m[48;2;37;31;52m[38;2;37;31;52m▓[0m[48;2;37;31;52m[38;2;37;31;52m▓[0m[48;2;37;31;52m[38;2;37;31;52m▓[0m[48;2;37;31;52m[38;2;37;31;52m▓[0m[48;2;37;31;52m[38;2;37;31;52m▓[0m[48;2;37;31;52m[38;2;37;31;52m▓[0m[48;2;37;31;52m[38;2;37;31;52m▓[0m[48;2;37;31;52m[38;2;37;31;52m▓[0m[48;2;37;31;52m[38;2;37;31;52m▓[0m[48;2;37;31;52m[38;2;37;31;52m▓[0m[48;2;37;31;51m[38;2;37;31;51m▓[0m[48;2;25;20;34m[38;2;25;20;34m▓[0m[48;2;88;86;92m[38;2;88;86;92m@[0m                        