                                                                                                              
                                                                                                              
                                                                                                              
                                                                                                              
                                                                                                              
                                                                                                              
                                                                                                              
                                                                                                              
                                                                                                              
                                                                                                              
                                                                                                              
                                                                                                              
                                                                                                              
                                               [48;2;199;199;200m[38;2;199;199;200m-[0m[48;2;128;127;129m[38;2;128;127;129m#[0m[48;2;82;82;85m[38;2;82;82;85m@[0m[48;2;62;61;66m[38;2;62;61;66m░[0m[48;2;54;53;58m[38;2;54;53;58m▒[0m[48;2;56;55;60m[38;2;56;55;60m░[0m[48;2;63;62;67m[38;2;63;62;67m░[0m[48;2;78;77;82m[38;2;78;77;82m@[0m[48;2;95;94;98m[38;2;95;94;98m%[0m[48;2;122;121;125m[38;2;122;121;125m#[0m[48;2;154;154;156m[38;2;154;154;156m+[0m[48;2;200;199;200m[38;2;200;199;200m-[0m                                                   
                                             [48;2;216;216;217m[38;2;216;216;217m:[0m[48;2;43;42;47m[38;2;43;42;47m▒[0m[48;2;15;13;23m[38;2;15;13;23m█[0m[48;2;35;33;47m[38;2;35;33;47m▓[0m[48;2;42;40;55m[38;2;42;40;55m▒[0m[48;2;43;43;59m[38;2;43;43;59m▒[0m[48;2;43;43;59m[38;2;43;43;59m▒[0m[48;2;42;43;59m[38;2;42;43;59m▒[0m[48;2;42;43;59m[38;2;42;43;59m▒[0m[48;2;41;43;59m[38;2;41;43;59m▒[0m[48;2;42;41;58m[38;2;42;41;58m▒[0m[48;2;38;38;54m[38;2;38;38;54m▒[0m[48;2;33;32;47m[38;2;33;32;47m▓[0m[48;2;27;25;39m[38;2;27;25;39m▓[0m[48;2;27;24;38m[38;2;27;24;38m▓[0m[48;2;69;68;76m[38;2;69;68;76m░[0m[48;2;140;139;143m[38;2;140;139;143m*[0m[48;2;228;228;229m[38;2;228;228;229m.[0m                                               
                                             [48;2;83;81;86m[38;2;83;81;86m@[0m[48;2;27;26;38m[38;2;27;26;38m▓[0m[48;2;43;42;59m[38;2;43;42;59m▒[0m[48;2;42;42;59m[38;2;42;42;59m▒[0m[48;2;42;42;59m[38;2;42;42;59m▒[0m[48;2;41;43;59m[38;2;41;43;59m▒[0m[48;2;40;44;59m[38;2;40;44;59m▒[0m[48;2;40;44;59m[38;2;40;44;59m▒[0m[48;2;40;44;59m[38;2;40;44;59m▒[0m[48;2;40;44;59m[38;2;40;44;59m▒[0m[48;2;40;44;59m[38;2;40;44;59m▒[0m[48;2;40;44;59m[38;2;40;44;59m▒[0m[48;2;40;44;59m[38;2;40;44;59m▒[0m[48;2;41;43;59m[38;2;41;43;59m▒[0m[48;2;41;43;60m[38;2;41;43;60m▒[0m[48;2;41;42;58m[38;2;41;42;58m▒[0m[48;2;34;32;48m[38;2;34;32;48m▓[0m[48;2;23;22;34m[38;2;23;22;34m▓[0m[48;2;112;111;117m[38;2;112;111;117m#[0m[48;2;236;236;237m[38;2;236;236;237m.[0m                                             
                                            [48;2;108;107;110m[38;2;108;107;110m%[0m[48;2;40;39;47m[38;2;40;39;47m▒[0m[48;2;43;43;58m[38;2;43;43;58m▒[0m[48;2;41;44;59m[38;2;41;44;59m▒[0m[48;2;41;43;59m[38;2;41;43;59m▒[0m[48;2;41;43;59m[38;2;41;43;59m▒[0m[48;2;40;44;59m[38;2;40;44;59m▒[0m[48;2;40;44;59m[38;2;40;44;59m▒[0m[48;2;40;44;59m[38;2;40;44;59m▒[0m[48;2;40;44;59m[38;2;40;44;59m▒[0m[48;2;40;44;59m[38;2;40;44;59m▒[0m[48;2;40;44;59m[38;2;40;44;59m▒[0m[48;2;40;44;59m[38;2;40;44;59m▒[0m[48;2;40;44;59m[38;2;40;44;59m▒[0m[48;2;40;44;59m[38;2;40;44;59m▒[0m[48;2;40;44;59m[38;2;40;44;59m▒[0m[48;2;40;44;59m[38;2;40;44;59m▒[0m[48;2;41;43;59m[38;2;41;43;59m▒[0m[48;2;42;43;59m[38;2;42;43;59m▒[0m[48;2;31;29;46m[38;2;31;29;46m▓[0m[48;2;41;39;48m[38;2;41;39;48m▒[0m[48;2;206;205;206m[38;2;206;205;206m:[0m                                            
                                          [48;2;206;206;207m[38;2;206;206;207m:[0m[48;2;56;55;59m[38;2;56;55;59m░[0m[48;2;8;6;13m[38;2;8;6;13m█[0m[48;2;73;72;83m[38;2;73;72;83m@[0m[48;2;42;43;59m[38;2;42;43;59m▒[0m[48;2;40;44;59m[38;2;40;44;59m▒[0m[48;2;40;44;59m[38;2;40;44;59m▒[0m[48;2;40;44;59m[38;2;40;44;59m▒[0m[48;2;40;44;59m[38;2;40;44;59m▒[0m[48;2;40;44;59m[38;2;40;44;59m▒[0m[48;2;40;44;59m[38;2;40;44;59m▒[0m[48;2;40;44;59m[38;2;40;44;59m▒[0m[48;2;40;44;59m[38;2;40;44;59m▒[0m[48;2;40;44;59m[38;2;40;44;59m▒[0m[48;2;40;44;59m[38;2;40;44;59m▒[0m[48;2;40;44;59m[38;2;40;44;59m▒[0m[48;2;40;44;59m[38;2;40;44;59m▒[0m[48;2;40;44;59m[38;2;40;44;59m▒[0m[48;2;40;44;59m[38;2;40;44;59m▒[0m[48;2;40;44;59m[38;2;40;44;59m▒[0m[48;2;41;43;59m[38;2;41;43;59m▒[0m[48;2;41;43;60m[38;2;41;43;60m▒[0m[48;2;38;38;54m[38;2;38;38;54m▒[0m[48;2;26;24;32m[38;2;26;24;32m▓[0m[48;2;192;192;193m[38;2;192;192;193m-[0m                                           
                                         [48;2;179;179;180m[38;2;179;179;180m=[0m[48;2;51;46;52m[38;2;51;46;52m▒[0m[48;2;124;115;125m[38;2;124;115;125m#[0m[48;2;13;9;18m[38;2;13;9;18m█[0m[48;2;79;77;88m[38;2;79;77;88m@[0m[48;2;42;43;59m[38;2;42;43;59m▒[0m[48;2;40;44;59m[38;2;40;44;59m▒[0m[48;2;40;44;59m[38;2;40;44;59m▒[0m[48;2;40;44;59m[38;2;40;44;59m▒[0m[48;2;40;44;59m[38;2;40;44;59m▒[0m[48;2;40;44;59m[38;2;40;44;59m▒[0m[48;2;40;44;59m[38;2;40;44;59m▒[0m[48;2;40;44;59m[38;2;40;44;59m▒[0m[48;2;40;44;59m[38;2;40;44;59m▒[0m[48;2;40;44;59m[38;2;40;44;59m▒[0m[48;2;40;44;59m[38;2;40;44;59m▒[0m[48;2;40;44;59m[38;2;40;44;59m▒[0m[48;2;40;44;59m[38;2;40;44;59m▒[0m[48;2;40;44;59m[38;2;40;44;59m▒[0m[48;2;40;44;59m[38;2;40;44;59m▒[0m[48;2;40;44;59m[38;2;40;44;59m▒[0m[48;2;40;44;59m[38;2;40;44;59m▒[0m[48;2;40;44;59m[38;2;40;44;59m▒[0m[48;2;41;44;60m[38;2;41;44;60m▒[0m[48;2;38;39;53m[38;2;38;39;53m▒[0m[48;2;25;24;33m[38;2;25;24;33m▓[0m[48;2;210;210;211m[38;2;210;210;211m:[0m                                          
                                        [48;2;193;193;193m[38;2;193;193;193m-[0m[48;2;30;26;31m[38;2;30;26;31m▓[0m[48;2;79;67;78m[38;2;79;67;78m░[0m[48;2;95;81;94m[38;2;95;81;94m@[0m[48;2;15;6;16m[38;2;15;6;16m█[0m[48;2;79;72;83m[38;2;79;72;83m@[0m[48;2;48;47;61m[38;2;48;47;61m▒[0m[48;2;41;43;59m[38;2;41;43;59m▒[0m[48;2;40;44;59m[38;2;40;44;59m▒[0m[48;2;40;44;59m[38;2;40;44;59m▒[0m[48;2;40;44;59m[38;2;40;44;59m▒[0m[48;2;40;44;59m[38;2;40;44;59m▒[0m[48;2;40;44;59m[38;2;40;44;59m▒[0m[48;2;40;44;59m[38;2;40;44;59m▒[0m[48;2;40;44;59m[38;2;40;44;59m▒[0m[48;2;40;44;59m[38;2;40;44;59m▒[0m[48;2;40;44;59m[38;2;40;44;59m▒[0m[48;2;40;44;59m[38;2;40;44;59m▒[0m[48;2;40;44;59m[38;2;40;44;59m▒[0m[48;2;40;44;59m[38;2;40;44;59m▒[0m[48;2;40;44;59m[38;2;40;44;59m▒[0m[48;2;40;44;59m[38;2;40;44;59m▒[0m[48;2;40;44;59m[38;2;40;44;59m▒[0m[48;2;40;44;59m[38;2;40;44;59m▒[0m[48;2;40;44;59m[38;2;40;44;59m▒[0m[48;2;40;44;59m[38;2;40;44;59m▒[0m[48;2;35;34;46m[38;2;35;34;46m▓[0m[48;2;59;57;61m[38;2;59;57;61m░[0m                                          
                                        [48;2;57;55;57m[38;2;57;55;57m░[0m[48;2;53;46;52m[38;2;53;46;52m▒[0m[48;2;23;13;31m[38;2;23;13;31m█[0m[48;2;55;37;84m[38;2;55;37;84m▒[0m[48;2;48;30;70m[38;2;48;30;70m▒[0m[48;2;36;22;54m[38;2;36;22;54m▓[0m[48;2;49;44;60m[38;2;49;44;60m▒[0m[48;2;42;43;59m[38;2;42;43;59m▒[0m[48;2;40;44;59m[38;2;40;44;59m▒[0m[48;2;40;44;59m[38;2;40;44;59m▒[0m[48;2;40;44;59m[38;2;40;44;59m▒[0m[48;2;40;44;59m[38;2;40;44;59m▒[0m[48;2;40;44;59m[38;2;40;44;59m▒[0m[48;2;40;44;59m[38;2;40;44;59m▒[0m[48;2;40;44;59m[38;2;40;44;59m▒[0m[48;2;40;44;59m[38;2;40;44;59m▒[0m[48;2;40;44;59m[38;2;40;44;59m▒[0m[48;2;40;44;59m[38;2;40;44;59m▒[0m[48;2;40;44;59m[38;2;40;44;59m▒[0m[48;2;40;44;59m[38;2;40;44;59m▒[0m[48;2;40;44;59m[38;2;40;44;59m▒[0m[48;2;40;44;59m[38;2;40;44;59m▒[0m[48;2;40;44;59m[38;2;40;44;59m▒[0m[48;2;40;44;59m[38;2;40;44;59m▒[0m[48;2;40;44;59m[38;2;40;44;59m▒[0m[48;2;40;44;59m[38;2;40;44;59m▒[0m[48;2;43;43;57m[38;2;43;43;57m▒[0m[48;2;11;9;16m[38;2;11;9;16m█[0m[48;2;222;222;222m[38;2;222;222;222m.[0m                                         
                                       [48;2;200;200;200m[38;2;200;200;200m-[0m[48;2;41;38;41m[38;2;41;38;41m▒[0m[48;2;19;11;18m[38;2;19;11;18m█[0m[48;2;47;35;63m[38;2;47;35;63m▒[0m[48;2;87;65;128m[38;2;87;65;128m@[0m[48;2;67;46;97m[38;2;67;46;97m░[0m[48;2;26;14;35m[38;2;26;14;35m▓[0m[48;2;53;47;59m[38;2;53;47;59m▒[0m[48;2;53;52;66m[38;2;53;52;66m▒[0m[48;2;40;44;59m[38;2;40;44;59m▒[0m[48;2;40;44;59m[38;2;40;44;59m▒[0m[48;2;41;43;59m[38;2;41;43;59m▒[0m[48;2;40;44;59m[38;2;40;44;59m▒[0m[48;2;40;44;59m[38;2;40;44;59m▒[0m[48;2;40;44;59m[38;2;40;44;59m▒[0m[48;2;40;44;59m[38;2;40;44;59m▒[0m[48;2;40;44;59m[38;2;40;44;59m▒[0m[48;2;40;44;59m[38;2;40;44;59m▒[0m[48;2;40;44;59m[38;2;40;44;59m▒[0m[48;2;40;44;59m[38;2;40;44;59m▒[0m[48;2;40;44;59m[38;2;40;44;59m▒[0m[48;2;40;44;59m[38;2;40;44;59m▒[0m[48;2;40;44;59m[38;2;40;44;59m▒[0m[48;2;40;44;59m[38;2;40;44;59m▒[0m[48;2;40;44;59m[38;2;40;44;59m▒[0m[48;2;40;44;59m[38;2;40;44;59m▒[0m[48;2;40;44;59m[38;2;40;44;59m▒[0m[48;2;40;40;54m[38;2;40;40;54m▒[0m[48;2;27;25;33m[38;2;27;25;33m▓[0m[48;2;241;240;242m[38;2;241;240;242m [0m                                         
                                       [48;2;168;168;168m[38;2;168;168;168m=[0m[48;2;36;33;36m[38;2;36;33;36m▓[0m[48;2;9;2;10m[38;2;9;2;10m█[0m[48;2;28;21;34m[38;2;28;21;34m▓[0m[48;2;29;20;36m[38;2;29;20;36m▓[0m[48;2;52;39;55m[38;2;52;39;55m▒[0m[48;2;52;41;52m[38;2;52;41;52m▒[0m[48;2;28;20;32m[38;2;28;20;32m▓[0m[48;2;80;75;88m[38;2;80;75;88m@[0m[48;2;49;48;63m[38;2;49;48;63m▒[0m[48;2;42;43;59m[38;2;42;43;59m▒[0m[48;2;41;43;59m[38;2;41;43;59m▒[0m[48;2;40;44;59m[38;2;40;44;59m▒[0m[48;2;40;44;59m[38;2;40;44;59m▒[0m[48;2;40;44;59m[38;2;40;44;59m▒[0m[48;2;40;44;59m[38;2;40;44;59m▒[0m[48;2;40;44;59m[38;2;40;44;59m▒[0m[48;2;40;44;59m[38;2;40;44;59m▒[0m[48;2;40;44;59m[38;2;40;44;59m▒[0m[48;2;40;44;59m[38;2;40;44;59m▒[0m[48;2;40;44;59m[38;2;40;44;59m▒[0m[48;2;40;44;59m[38;2;40;44;59m▒[0m[48;2;40;44;59m[38;2;40;44;59m▒[0m[48;2;40;44;59m[38;2;40;44;59m▒[0m[48;2;40;44;59m[38;2;40;44;59m▒[0m[48;2;42;42;59m[38;2;42;42;59m▒[0m[48;2;41;39;55m[38;2;41;39;55m▒[0m[48;2;14;13;27m[38;2;14;13;27m█[0m[48;2;76;75;81m[38;2;76;75;81m@[0m                                          
                                       [48;2;229;229;229m[38;2;229;229;229m.[0m[48;2;33;31;34m[38;2;33;31;34m▓[0m[48;2;91;85;90m[38;2;91;85;90m@[0m[48;2;46;36;52m[38;2;46;36;52m▒[0m[48;2;154;139;153m[38;2;154;139;153m*[0m[48;2;102;87;100m[38;2;102;87;100m%[0m[48;2;82;68;81m[38;2;82;68;81m@[0m[48;2;109;95;107m[38;2;109;95;107m%[0m[48;2;31;21;33m[38;2;31;21;33m▓[0m[48;2;62;54;69m[38;2;62;54;69m░[0m[48;2;66;60;77m[38;2;66;60;77m░[0m[48;2;44;43;59m[38;2;44;43;59m▒[0m[48;2;41;43;59m[38;2;41;43;59m▒[0m[48;2;40;44;59m[38;2;40;44;59m▒[0m[48;2;40;44;59m[38;2;40;44;59m▒[0m[48;2;40;44;59m[38;2;40;44;59m▒[0m[48;2;40;44;59m[38;2;40;44;59m▒[0m[48;2;40;44;59m[38;2;40;44;59m▒[0m[48;2;40;44;59m[38;2;40;44;59m▒[0m[48;2;40;44;59m[38;2;40;44;59m▒[0m[48;2;40;44;59m[38;2;40;44;59m▒[0m[48;2;40;44;59m[38;2;40;44;59m▒[0m[48;2;40;44;59m[38;2;40;44;59m▒[0m[48;2;41;44;59m[38;2;41;44;59m▒[0m[48;2;40;41;57m[38;2;40;41;57m▒[0m[48;2;26;25;40m[38;2;26;25;40m▓[0m[48;2;8;6;17m[38;2;8;6;17m█[0m[48;2;61;56;68m[38;2;61;56;68m░[0m[48;2;59;57;61m[38;2;59;57;61m░[0m                                          
                                        [48;2;106;105;107m[38;2;106;105;107m%[0m[48;2;167;162;166m[38;2;167;162;166m+[0m[48;2;68;60;66m[38;2;68;60;66m░[0m[48;2;124;110;121m[38;2;124;110;121m#[0m[48;2;143;126;138m[38;2;143;126;138m*[0m[48;2;30;19;28m[38;2;30;19;28m▓[0m[48;2;136;122;132m[38;2;136;122;132m#[0m[48;2;147;131;143m[38;2;147;131;143m*[0m[48;2;89;74;87m[38;2;89;74;87m@[0m[48;2;46;35;48m[38;2;46;35;48m▒[0m[48;2;57;49;63m[38;2;57;49;63m▒[0m[48;2;54;50;65m[38;2;54;50;65m▒[0m[48;2;47;45;60m[38;2;47;45;60m▒[0m[48;2;42;43;58m[38;2;42;43;58m▒[0m[48;2;41;43;59m[38;2;41;43;59m▒[0m[48;2;40;44;59m[38;2;40;44;59m▒[0m[48;2;40;44;59m[38;2;40;44;59m▒[0m[48;2;40;44;59m[38;2;40;44;59m▒[0m[48;2;41;44;59m[38;2;41;44;59m▒[0m[48;2;42;43;58m[38;2;42;43;58m▒[0m[48;2;40;41;56m[38;2;40;41;56m▒[0m[48;2;32;31;45m[38;2;32;31;45m▓[0m[48;2;23;21;33m[38;2;23;21;33m▓[0m[48;2;47;42;53m[38;2;47;42;53m▒[0m[48;2;54;48;57m[38;2;54;48;57m▒[0m[48;2;48;40;49m[38;2;48;40;49m▒[0m[48;2;145;133;144m[38;2;145;133;144m*[0m[48;2;51;42;50m[38;2;51;42;50m▒[0m[48;2;190;188;190m[38;2;190;188;190m-[0m                                         
                                        [48;2;146;145;147m[38;2;146;145;147m*[0m[48;2;116;111;114m[38;2;116;111;114m#[0m[48;2;214;204;203m[38;2;214;204;203m:[0m[48;2;54;44;47m[38;2;54;44;47m▒[0m[48;2;136;122;134m[38;2;136;122;134m#[0m[48;2;125;112;123m[38;2;125;112;123m#[0m[48;2;47;35;45m[38;2;47;35;45m▒[0m[48;2;143;127;139m[38;2;143;127;139m*[0m[48;2;160;140;154m[38;2;160;140;154m+[0m[48;2;157;139;153m[38;2;157;139;153m*[0m[48;2;128;113;126m[38;2;128;113;126m#[0m[48;2;85;74;85m[38;2;85;74;85m@[0m[48;2;64;53;64m[38;2;64;53;64m░[0m[48;2;39;29;40m[38;2;39;29;40m▓[0m[48;2;19;13;26m[38;2;19;13;26m█[0m[48;2;18;17;29m[38;2;18;17;29m▓[0m[48;2;22;22;34m[38;2;22;22;34m▓[0m[48;2;24;24;35m[38;2;24;24;35m▓[0m[48;2;29;27;38m[38;2;29;27;38m▓[0m[48;2;45;40;50m[38;2;45;40;50m▒[0m[48;2;63;57;66m[38;2;63;57;66m░[0m[48;2;95;85;95m[38;2;95;85;95m@[0m[48;2;125;113;124m[38;2;125;113;124m#[0m[48;2;65;55;64m[38;2;65;55;64m░[0m[48;2;65;57;63m[38;2;65;57;63m░[0m[48;2;145;135;144m[38;2;145;135;144m*[0m[48;2;157;139;150m[38;2;157;139;150m*[0m[48;2;141;124;135m[38;2;141;124;135m*[0m[48;2;51;42;49m[38;2;51;42;49m▒[0m[48;2;198;196;198m[38;2;198;196;198m-[0m                                        
                                        [48;2;104;103;105m[38;2;104;103;105m%[0m[48;2;21;18;21m[38;2;21;18;21m▓[0m[48;2;65;62;62m[38;2;65;62;62m░[0m[48;2;96;91;90m[38;2;96;91;90m%[0m[48;2;29;22;26m[38;2;29;22;26m▓[0m[48;2;125;112;120m[38;2;125;112;120m#[0m[48;2;128;115;125m[38;2;128;115;125m#[0m[48;2;47;37;46m[38;2;47;37;46m▒[0m[48;2;123;108;120m[38;2;123;108;120m#[0m[48;2;161;142;156m[38;2;161;142;156m+[0m[48;2;161;140;155m[38;2;161;140;155m+[0m[48;2;161;140;155m[38;2;161;140;155m+[0m[48;2;161;140;155m[38;2;161;140;155m+[0m[48;2;158;139;153m[38;2;158;139;153m*[0m[48;2;113;98;111m[38;2;113;98;111m%[0m[48;2;75;63;74m[38;2;75;63;74m░[0m[48;2;67;55;66m[38;2;67;55;66m░[0m[48;2;67;57;68m[38;2;67;57;68m░[0m[48;2;71;61;71m[38;2;71;61;71m░[0m[48;2;71;61;71m[38;2;71;61;71m░[0m[48;2;57;48;56m[38;2;57;48;56m▒[0m[48;2;33;25;33m[38;2;33;25;33m▓[0m[48;2;12;6;13m[38;2;12;6;13m█[0m[48;2;26;21;27m[38;2;26;21;27m▓[0m[48;2;27;22;29m[38;2;27;22;29m▓[0m[48;2;26;19;26m[38;2;26;19;26m▓[0m[48;2;118;105;116m[38;2;118;105;116m#[0m[48;2;158;142;153m[38;2;158;142;153m+[0m[48;2;132;118;128m[38;2;132;118;128m#[0m[48;2;30;20;28m[38;2;30;20;28m▓[0m[48;2;33;27;33m[38;2;33;27;33m▓[0m[48;2;93;88;93m[38;2;93;88;93m@[0m[48;2;158;155;159m[38;2;158;155;159m+[0m[48;2;232;231;232m[38;2;232;231;232m.[0m                                    
                                        [48;2;66;65;66m[38;2;66;65;66m░[0m[48;2;155;151;154m[38;2;155;151;154m+[0m[48;2;142;138;138m[38;2;142;138;138m*[0m[48;2;47;43;45m[38;2;47;43;45m▒[0m[48;2;47;42;44m[38;2;47;42;44m▒[0m[48;2;55;48;51m[38;2;55;48;51m▒[0m[48;2;35;29;33m[38;2;35;29;33m▓[0m[48;2;67;57;65m[38;2;67;57;65m░[0m[48;2;46;36;45m[38;2;46;36;45m▒[0m[48;2;72;60;70m[38;2;72;60;70m░[0m[48;2;144;126;140m[38;2;144;126;140m*[0m[48;2;160;141;155m[38;2;160;141;155m+[0m[48;2;161;140;155m[38;2;161;140;155m+[0m[48;2;161;140;155m[38;2;161;140;155m+[0m[48;2;161;140;155m[38;2;161;140;155m+[0m[48;2;161;140;155m[38;2;161;140;155m+[0m[48;2;161;140;155m[38;2;161;140;155m+[0m[48;2;161;140;155m[38;2;161;140;155m+[0m[48;2;161;140;155m[38;2;161;140;155m+[0m[48;2;159;140;154m[38;2;159;140;154m+[0m[48;2;48;37;48m[38;2;48;37;48m▒[0m[48;2;21;14;23m[38;2;21;14;23m█[0m[48;2;3;0;6m[38;2;3;0;6m█[0m[48;2;9;8;13m[38;2;9;8;13m█[0m[48;2;23;21;28m[38;2;23;21;28m▓[0m[48;2;12;8;16m[38;2;12;8;16m█[0m[48;2;115;105;115m[38;2;115;105;115m%[0m[48;2;158;141;154m[38;2;158;141;154m+[0m[48;2;160;139;154m[38;2;160;139;154m+[0m[48;2;148;129;142m[38;2;148;129;142m*[0m[48;2;69;55;65m[38;2;69;55;65m░[0m[48;2;75;64;71m[38;2;75;64;71m░[0m[48;2;112;102;110m[38;2;112;102;110m%[0m[48;2;65;58;65m[38;2;65;58;65m░[0m[48;2;110;107;111m[38;2;110;107;111m%[0m[48;2;232;231;233m[38;2;232;231;233m.[0m                                  
                                        [48;2;84;83;84m[38;2;84;83;84m@[0m[48;2;78;75;76m[38;2;78;75;76m@[0m[48;2;84;80;82m[38;2;84;80;82m@[0m[48;2;80;74;76m[38;2;80;74;76m@[0m[48;2;56;51;53m[38;2;56;51;53m▒[0m[48;2;240;234;236m[38;2;240;234;236m.[0m[48;2;36;31;32m[38;2;36;31;32m▓[0m[48;2;74;68;72m[38;2;74;68;72m░[0m[48;2;86;79;85m[38;2;86;79;85m@[0m[48;2;66;55;63m[38;2;66;55;63m░[0m[48;2;53;40;51m[38;2;53;40;51m▒[0m[48;2;100;85;98m[38;2;100;85;98m@[0m[48;2;159;141;155m[38;2;159;141;155m+[0m[48;2;161;140;155m[38;2;161;140;155m+[0m[48;2;161;140;155m[38;2;161;140;155m+[0m[48;2;161;140;155m[38;2;161;140;155m+[0m[48;2;161;140;155m[38;2;161;140;155m+[0m[48;2;161;140;155m[38;2;161;140;155m+[0m[48;2;161;140;155m[38;2;161;140;155m+[0m[48;2;149;130;144m[38;2;149;130;144m*[0m[48;2;18;8;18m[38;2;18;8;18m█[0m[48;2;25;18;28m[38;2;25;18;28m▓[0m[48;2;7;3;10m[38;2;7;3;10m█[0m[48;2;8;5;11m[38;2;8;5;11m█[0m[48;2;6;3;9m[38;2;6;3;9m█[0m[48;2;17;14;20m[38;2;17;14;20m█[0m[48;2;24;18;27m[38;2;24;18;27m▓[0m[48;2;148;132;145m[38;2;148;132;145m*[0m[48;2;160;141;155m[38;2;160;141;155m+[0m[48;2;160;141;155m[38;2;160;141;155m+[0m[48;2;161;141;155m[38;2;161;141;155m+[0m[48;2;133;116;127m[38;2;133;116;127m#[0m[48;2;154;138;149m[38;2;154;138;149m*[0m[48;2;157;142;154m[38;2;157;142;154m+[0m[48;2;122;111;120m[38;2;122;111;120m#[0m[48;2;52;46;53m[38;2;52;46;53m▒[0m[48;2;208;206;208m[38;2;208;206;208m:[0m                                 
                                        [48;2;87;87;87m[38;2;87;87;87m@[0m[48;2;153;151;153m[38;2;153;151;153m+[0m[48;2;203;201;204m[38;2;203;201;204m:[0m[48;2;195;191;194m[38;2;195;191;194m-[0m[48;2;37;33;35m[38;2;37;33;35m▓[0m [48;2;107;105;106m[38;2;107;105;106m%[0m[48;2;83;78;82m[38;2;83;78;82m@[0m[48;2;155;140;150m[38;2;155;140;150m*[0m[48;2;158;139;152m[38;2;158;139;152m*[0m[48;2;158;139;153m[38;2;158;139;153m*[0m[48;2;160;140;154m[38;2;160;140;154m+[0m[48;2;161;140;155m[38;2;161;140;155m+[0m[48;2;161;140;155m[38;2;161;140;155m+[0m[48;2;161;140;155m[38;2;161;140;155m+[0m[48;2;161;140;155m[38;2;161;140;155m+[0m[48;2;161;140;155m[38;2;161;140;155m+[0m[48;2;161;140;155m[38;2;161;140;155m+[0m[48;2;161;140;155m[38;2;161;140;155m+[0m[48;2;161;140;155m[38;2;161;140;155m+[0m[48;2;150;132;146m[38;2;150;132;146m*[0m[48;2;145;130;143m[38;2;145;130;143m*[0m[48;2;100;89;99m[38;2;100;89;99m%[0m[48;2;23;15;23m[38;2;23;15;23m▓[0m[48;2;16;11;18m[38;2;16;11;18m█[0m[48;2;46;41;47m[38;2;46;41;47m▒[0m[48;2;50;43;51m[38;2;50;43;51m▒[0m[48;2;94;81;92m[38;2;94;81;92m@[0m[48;2;148;131;145m[38;2;148;131;145m*[0m[48;2;160;141;155m[38;2;160;141;155m+[0m[48;2;161;140;155m[38;2;161;140;155m+[0m[48;2;161;140;155m[38;2;161;140;155m+[0m[48;2;161;140;155m[38;2;161;140;155m+[0m[48;2;161;140;155m[38;2;161;140;155m+[0m[48;2;160;141;154m[38;2;160;141;154m+[0m[48;2;134;119;129m[38;2;134;119;129m#[0m[48;2;51;46;51m[38;2;51;46;51m▒[0m                                 
                                        [48;2;137;137;137m[38;2;137;137;137m*[0m[48;2;112;109;113m[38;2;112;109;113m#[0m[48;2;202;201;206m[38;2;202;201;206m:[0m[48;2;182;181;184m[38;2;182;181;184m=[0m[48;2;51;48;50m[38;2;51;48;50m▒[0m [48;2;151;149;151m[38;2;151;149;151m+[0m[48;2;9;6;8m[38;2;9;6;8m█[0m[48;2;119;106;116m[38;2;119;106;116m#[0m[48;2;160;141;155m[38;2;160;141;155m+[0m[48;2;161;140;155m[38;2;161;140;155m+[0m[48;2;161;140;155m[38;2;161;140;155m+[0m[48;2;161;140;155m[38;2;161;140;155m+[0m[48;2;161;140;155m[38;2;161;140;155m+[0m[48;2;161;140;155m[38;2;161;140;155m+[0m[48;2;161;140;155m[38;2;161;140;155m+[0m[48;2;161;140;155m[38;2;161;140;155m+[0m[48;2;161;140;155m[38;2;161;140;155m+[0m[48;2;161;140;155m[38;2;161;140;155m+[0m[48;2;161;140;155m[38;2;161;140;155m+[0m[48;2;161;140;155m[38;2;161;140;155m+[0m[48;2;161;140;155m[38;2;161;140;155m+[0m[48;2;161;140;155m[38;2;161;140;155m+[0m[48;2;152;132;146m[38;2;152;132;146m*[0m[48;2;151;133;147m[38;2;151;133;147m*[0m[48;2;86;70;81m[38;2;86;70;81m@[0m[48;2;60;47;57m[38;2;60;47;57m▒[0m[48;2;15;5;14m[38;2;15;5;14m█[0m[48;2;15;5;13m[38;2;15;5;13m█[0m[48;2;54;40;51m[38;2;54;40;51m▒[0m[48;2;125;106;120m[38;2;125;106;120m#[0m[48;2;161;140;155m[38;2;161;140;155m+[0m[48;2;161;140;155m[38;2;161;140;155m+[0m[48;2;161;140;155m[38;2;161;140;155m+[0m[48;2;161;140;155m[38;2;161;140;155m+[0m[48;2;161;140;155m[38;2;161;140;155m+[0m[48;2;66;55;64m[38;2;66;55;64m░[0m[48;2;176;173;177m[38;2;176;173;177m=[0m                                
                                        [48;2;210;210;210m[38;2;210;210;210m:[0m[48;2;51;46;51m[38;2;51;46;51m▒[0m[48;2;200;198;203m[38;2;200;198;203m-[0m[48;2;88;87;90m[38;2;88;87;90m@[0m[48;2;150;147;152m[38;2;150;147;152m+[0m [48;2;170;168;169m[38;2;170;168;169m=[0m[48;2;4;1;3m[38;2;4;1;3m█[0m[48;2;15;8;15m[38;2;15;8;15m█[0m[48;2;109;96;107m[38;2;109;96;107m%[0m[48;2;160;141;155m[38;2;160;141;155m+[0m[48;2;161;140;155m[38;2;161;140;155m+[0m[48;2;161;140;155m[38;2;161;140;155m+[0m[48;2;161;140;155m[38;2;161;140;155m+[0m[48;2;161;140;155m[38;2;161;140;155m+[0m[48;2;161;140;155m[38;2;161;140;155m+[0m[48;2;161;140;155m[38;2;161;140;155m+[0m[48;2;161;140;155m[38;2;161;140;155m+[0m[48;2;161;140;155m[38;2;161;140;155m+[0m[48;2;161;140;155m[38;2;161;140;155m+[0m[48;2;161;140;155m[38;2;161;140;155m+[0m[48;2;161;140;155m[38;2;161;140;155m+[0m[48;2;161;140;155m[38;2;161;140;155m+[0m[48;2;161;140;155m[38;2;161;140;155m+[0m[48;2;161;140;155m[38;2;161;140;155m+[0m[48;2;161;140;155m[38;2;161;140;155m+[0m[48;2;156;135;150m[38;2;156;135;150m*[0m[48;2;123;105;118m[38;2;123;105;118m#[0m[48;2;88;74;85m[38;2;88;74;85m@[0m[48;2;52;39;49m[38;2;52;39;49m▒[0m[48;2;87;72;82m[38;2;87;72;82m@[0m[48;2;138;120;132m[38;2;138;120;132m#[0m[48;2;161;140;155m[38;2;161;140;155m+[0m[48;2;161;140;155m[38;2;161;140;155m+[0m[48;2;161;140;155m[38;2;161;140;155m+[0m[48;2;161;140;155m[38;2;161;140;155m+[0m[48;2;79;67;77m[38;2;79;67;77m░[0m[48;2;162;158;162m[38;2;162;158;162m+[0m                                
                                         [48;2;128;126;128m[38;2;128;126;128m#[0m[48;2;43;40;45m[38;2;43;40;45m▒[0m[48;2;40;37;42m[38;2;40;37;42m▒[0m[48;2;153;150;156m[38;2;153;150;156m+[0m[48;2;137;135;139m[38;2;137;135;139m*[0m[48;2;69;68;70m[38;2;69;68;70m░[0m[48;2;11;9;13m[38;2;11;9;13m█[0m[48;2;27;22;34m[38;2;27;22;34m▓[0m[48;2;20;14;28m[38;2;20;14;28m█[0m[48;2;64;53;66m[38;2;64;53;66m░[0m[48;2;146;128;142m[38;2;146;128;142m*[0m[48;2;161;140;155m[38;2;161;140;155m+[0m[48;2;161;140;155m[38;2;161;140;155m+[0m[48;2;161;140;155m[38;2;161;140;155m+[0m[48;2;161;140;155m[38;2;161;140;155m+[0m[48;2;161;140;155m[38;2;161;140;155m+[0m[48;2;161;140;155m[38;2;161;140;155m+[0m[48;2;161;140;155m[38;2;161;140;155m+[0m[48;2;161;140;155m[38;2;161;140;155m+[0m[48;2;161;140;155m[38;2;161;140;155m+[0m[48;2;161;140;155m[38;2;161;140;155m+[0m[48;2;161;140;155m[38;2;161;140;155m+[0m[48;2;161;140;155m[38;2;161;140;155m+[0m[48;2;161;140;155m[38;2;161;140;155m+[0m[48;2;161;140;155m[38;2;161;140;155m+[0m[48;2;161;140;155m[38;2;161;140;155m+[0m[48;2;161;140;155m[38;2;161;140;155m+[0m[48;2;161;140;155m[38;2;161;140;155m+[0m[48;2;159;140;154m[38;2;159;140;154m+[0m[48;2;125;108;121m[38;2;125;108;121m#[0m[48;2;79;62;75m[38;2;79;62;75m░[0m[48;2;70;55;67m[38;2;70;55;67m░[0m[48;2;69;56;67m[38;2;69;56;67m░[0m[48;2;77;63;74m[38;2;77;63;74m░[0m[48;2;77;63;74m[38;2;77;63;74m░[0m[48;2;27;15;26m[38;2;27;15;26m▓[0m[48;2;73;67;73m[38;2;73;67;73m░[0m                                
                                          [48;2;227;227;227m[38;2;227;227;227m.[0m[48;2;203;203;203m[38;2;203;203;203m:[0m[48;2;200;200;200m[38;2;200;200;200m-[0m[48;2;187;186;187m[38;2;187;186;187m-[0m[48;2;12;9;14m[38;2;12;9;14m█[0m[48;2;33;31;40m[38;2;33;31;40m▓[0m[48;2;36;32;50m[38;2;36;32;50m▓[0m[48;2;37;31;51m[38;2;37;31;51m▓[0m[48;2;30;23;42m[38;2;30;23;42m▓[0m[48;2;23;16;31m[38;2;23;16;31m▓[0m[48;2;78;67;80m[38;2;78;67;80m░[0m[48;2;142;126;139m[38;2;142;126;139m*[0m[48;2;160;141;155m[38;2;160;141;155m+[0m[48;2;161;140;155m[38;2;161;140;155m+[0m[48;2;161;140;155m[38;2;161;140;155m+[0m[48;2;161;140;155m[38;2;161;140;155m+[0m[48;2;161;140;155m[38;2;161;140;155m+[0m[48;2;161;140;155m[38;2;161;140;155m+[0m[48;2;161;140;155m[38;2;161;140;155m+[0m[48;2;161;140;155m[38;2;161;140;155m+[0m[48;2;161;140;155m[38;2;161;140;155m+[0m[48;2;161;140;155m[38;2;161;140;155m+[0m[48;2;161;140;155m[38;2;161;140;155m+[0m[48;2;161;140;155m[38;2;161;140;155m+[0m[48;2;161;140;155m[38;2;161;140;155m+[0m[48;2;161;140;155m[38;2;161;140;155m+[0m[48;2;161;140;155m[38;2;161;140;155m+[0m[48;2;161;140;155m[38;2;161;140;155m+[0m[48;2;161;140;155m[38;2;161;140;155m+[0m[48;2;161;140;155m[38;2;161;140;155m+[0m[48;2;161;140;155m[38;2;161;140;155m+[0m[48;2;159;139;154m[38;2;159;139;154m+[0m[48;2;155;135;150m[38;2;155;135;150m*[0m[48;2;152;134;148m[38;2;152;134;148m*[0m[48;2;135;119;132m[38;2;135;119;132m#[0m[48;2;63;54;62m[38;2;63;54;62m░[0m                                
                                             [48;2;225;224;225m[38;2;225;224;225m.[0m[48;2;9;7;11m[38;2;9;7;11m█[0m[48;2;19;16;28m[38;2;19;16;28m█[0m[48;2;32;27;45m[38;2;32;27;45m▓[0m[48;2;37;31;51m[38;2;37;31;51m▓[0m[48;2;36;30;51m[38;2;36;30;51m▓[0m[48;2;35;29;49m[38;2;35;29;49m▓[0m[48;2;23;17;35m[38;2;23;17;35m▓[0m[48;2;15;7;33m[38;2;15;7;33m█[0m[48;2;53;40;71m[38;2;53;40;71m▒[0m[48;2;98;85;97m[38;2;98;85;97m@[0m[48;2;141;124;137m[38;2;141;124;137m*[0m[48;2;159;140;154m[38;2;159;140;154m+[0m[48;2;160;141;155m[38;2;160;141;155m+[0m[48;2;161;141;155m[38;2;161;141;155m+[0m[48;2;161;140;155m[38;2;161;140;155m+[0m[48;2;161;140;155m[38;2;161;140;155m+[0m[48;2;161;140;155m[38;2;161;140;155m+[0m[48;2;161;140;155m[38;2;161;140;155m+[0m[48;2;161;140;155m[38;2;161;140;155m+[0m[48;2;161;140;155m[38;2;161;140;155m+[0m[48;2;161;140;155m[38;2;161;140;155m+[0m[48;2;161;140;155m[38;2;161;140;155m+[0m[48;2;161;140;155m[38;2;161;140;155m+[0m[48;2;161;140;155m[38;2;161;140;155m+[0m[48;2;161;140;155m[38;2;161;140;155m+[0m[48;2;161;140;155m[38;2;161;140;155m+[0m[48;2;161;140;155m[38;2;161;140;155m+[0m[48;2;161;140;155m[38;2;161;140;155m+[0m[48;2;161;140;155m[38;2;161;140;155m+[0m[48;2;141;123;136m[38;2;141;123;136m*[0m[48;2;54;42;52m[38;2;54;42;52m▒[0m[48;2;190;184;190m[38;2;190;184;190m-[0m                                
                                              [48;2;17;16;19m[38;2;17;16;19m█[0m[48;2;23;20;32m[38;2;23;20;32m▓[0m[48;2;16;12;27m[38;2;16;12;27m█[0m[48;2;16;12;28m[38;2;16;12;28m█[0m[48;2;17;12;28m[38;2;17;12;28m█[0m[48;2;19;14;30m[38;2;19;14;30m█[0m[48;2;17;12;27m[38;2;17;12;27m█[0m[48;2;13;8;31m[38;2;13;8;31m█[0m[48;2;81;62;156m[38;2;81;62;156m@[0m[48;2;55;39;129m[38;2;55;39;129m▒[0m[48;2;42;33;75m[38;2;42;33;75m▒[0m[48;2;48;38;73m[38;2;48;38;73m▒[0m[48;2;65;56;81m[38;2;65;56;81m░[0m[48;2;100;88;99m[38;2;100;88;99m%[0m[48;2;127;111;124m[38;2;127;111;124m#[0m[48;2;149;133;146m[38;2;149;133;146m*[0m[48;2;158;140;154m[38;2;158;140;154m+[0m[48;2;160;140;155m[38;2;160;140;155m+[0m[48;2;161;141;155m[38;2;161;141;155m+[0m[48;2;160;141;155m[38;2;160;141;155m+[0m[48;2;160;141;155m[38;2;160;141;155m+[0m[48;2;160;141;155m[38;2;160;141;155m+[0m[48;2;161;140;155m[38;2;161;140;155m+[0m[48;2;160;141;155m[38;2;160;141;155m+[0m[48;2;160;141;155m[38;2;160;141;155m+[0m[48;2;158;139;153m[38;2;158;139;153m*[0m[48;2;138;120;133m[38;2;138;120;133m#[0m[48;2;100;85;97m[38;2;100;85;97m@[0m[48;2;57;47;55m[38;2;57;47;55m▒[0m[48;2;87;81;87m[38;2;87;81;87m@[0m[48;2;209;206;209m[38;2;209;206;209m:[0m                                 
                                              [48;2;55;54;56m[38;2;55;54;56m▒[0m[48;2;31;28;41m[38;2;31;28;41m▓[0m[48;2;37;32;50m[38;2;37;32;50m▓[0m[48;2;37;32;50m[38;2;37;32;50m▓[0m[48;2;35;30;49m[38;2;35;30;49m▓[0m[48;2;34;29;47m[38;2;34;29;47m▓[0m[48;2;33;28;45m[38;2;33;28;45m▓[0m[48;2;14;9;26m[38;2;14;9;26m█[0m[48;2;55;38;131m[38;2;55;38;131m▒[0m[48;2;84;69;158m[38;2;84;69;158m@[0m[48;2;87;73;155m[38;2;87;73;155m@[0m[48;2;85;69;162m[38;2;85;69;162m@[0m[48;2;38;24;110m[38;2;38;24;110m▒[0m[48;2;4;1;9m[38;2;4;1;9m█[0m[48;2;16;10;40m[38;2;16;10;40m█[0m[48;2;37;24;90m[38;2;37;24;90m▓[0m[48;2;40;30;67m[38;2;40;30;67m▒[0m[48;2;47;34;83m[38;2;47;34;83m▒[0m[48;2;59;49;73m[38;2;59;49;73m▒[0m[48;2;65;54;76m[38;2;65;54;76m░[0m[48;2;65;53;75m[38;2;65;53;75m░[0m[48;2;66;54;65m[38;2;66;54;65m░[0m[48;2;64;54;64m[38;2;64;54;64m░[0m[48;2;57;47;59m[38;2;57;47;59m▒[0m[48;2;42;35;46m[38;2;42;35;46m▒[0m[48;2;22;16;28m[38;2;22;16;28m▓[0m[48;2;19;15;22m[38;2;19;15;22m█[0m[48;2;140;137;142m[38;2;140;137;142m*[0m[48;2;230;229;231m[38;2;230;229;231m.[0m                                   
                                              [48;2;135;135;136m[38;2;135;135;136m*[0m[48;2;21;18;28m[38;2;21;18;28m▓[0m[48;2;37;31;50m[38;2;37;31;50m▓[0m[48;2;37;31;52m[38;2;37;31;52m▓[0m[48;2;37;31;52m[38;2;37;31;52m▓[0m[48;2;37;31;52m[38;2;37;31;52m▓[0m[48;2;37;31;52m[38;2;37;31;52m▓[0m[48;2;28;23;43m[38;2;28;23;43m▓[0m[48;2;19;12;44m[38;2;19;12;44m█[0m[48;2;76;66;120m[38;2;76;66;120m@[0m[48;2;85;71;156m[38;2;85;71;156m@[0m[48;2;73;55;166m[38;2;73;55;166m░[0m[48;2;77;62;151m[38;2;77;62;151m@[0m[48;2;19;9;56m[38;2;19;9;56m█[0m[48;2;66;63;73m[38;2;66;63;73m░[0m[48;2;30;20;79m[38;2;30;20;79m▓[0m[48;2;84;68;156m[38;2;84;68;156m@[0m[48;2;66;45;156m[38;2;66;45;156m░[0m[48;2;78;61;151m[38;2;78;61;151m@[0m[48;2;59;45;113m[38;2;59;45;113m░[0m[48;2;36;27;52m[38;2;36;27;52m▓[0m[48;2;12;5;14m[38;2;12;5;14m█[0m[48;2;66;59;69m[38;2;66;59;69m░[0m[48;2;45;39;54m[38;2;45;39;54m▒[0m[48;2;37;32;50m[38;2;37;32;50m▓[0m[48;2;37;31;51m[38;2;37;31;51m▓[0m[48;2;34;28;47m[38;2;34;28;47m▓[0m[48;2;21;16;31m[38;2;21;16;31m▓[0m[48;2;57;54;62m[38;2;57;54;62m░[0m[48;2;151;150;153m[38;2;151;150;153m+[0m[48;2;240;240;240m[38;2;240;240;240m [0m                                 
                                              [48;2;228;227;228m[38;2;228;227;228m.[0m[48;2;22;18;28m[38;2;22;18;28m▓[0m[48;2;35;30;48m[38;2;35;30;48m▓[0m[48;2;37;31;52m[38;2;37;31;52m▓[0m[48;2;37;31;52m[38;2;37;31;52m▓[0m[48;2;37;31;52m[38;2;37;31;52m▓[0m[48;2;37;31;52m[38;2;37;31;52m▓[0m[48;2;37;31;52m[38;2;37;31;52m▓[0m[48;2;30;25;44m[38;2;30;25;44m▓[0m[48;2;21;17;34m[38;2;21;17;34m▓[0m[48;2;27;21;43m[38;2;27;21;43m▓[0m[48;2;34;27;57m[38;2;34;27;57m▓[0m[48;2;51;44;72m[38;2;51;44;72m▒[0m[48;2;24;13;66m[38;2;24;13;66m▓[0m[48;2;70;67;74m[38;2;70;67;74m░[0m[48;2;121;119;123m[38;2;121;119;123m#[0m[48;2;16;12;30m[38;2;16;12;30m█[0m[48;2;60;57;68m[38;2;60;57;68m░[0m[48;2;104;101;107m[38;2;104;101;107m%[0m[48;2;167;164;166m[38;2;167;164;166m=[0m[48;2;233;230;233m[38;2;233;230;233m.[0m[48;2;163;160;163m[38;2;163;160;163m+[0m[48;2;24;19;26m[38;2;24;19;26m▓[0m[48;2;57;50;61m[38;2;57;50;61m▒[0m[48;2;67;60;76m[38;2;67;60;76m░[0m[48;2;41;34;52m[38;2;41;34;52m▒[0m[48;2;37;31;52m[38;2;37;31;52m▓[0m[48;2;37;31;52m[38;2;37;31;52m▓[0m[48;2;36;30;50m[38;2;36;30;50m▓[0m[48;2;26;22;38m[38;2;26;22;38m▓[0m[48;2;33;29;39m[38;2;33;29;39m▓[0m[48;2;149;148;152m[38;2;149;148;152m+[0m                                
                                               [48;2;123;120;126m[38;2;123;120;126m#[0m[48;2;24;18;31m[38;2;24;18;31m▓[0m[48;2;37;31;51m[38;2;37;31;51m▓[0m[48;2;37;31;52m[38;2;37;31;52m▓[0m[48;2;37;31;52m[38;2;37;31;52m▓[0m[48;2;37;31;52m[38;2;37;31;52m▓[0m[48;2;37;31;52m[38;2;37;31;52m▓[0m[48;2;37;31;52m[38;2;37;31;52m▓[0m[48;2;37;31;52m[38;2;37;31;52m▓[0m[48;2;77;71;91m[38;2;77;71;91m@[0m[48;2;14;12;21m[38;2;14;12;21m█[0m[48;2;52;49;54m[38;2;52;49;54m▒[0m[48;2;154;151;155m[38;2;154;151;155m+[0m[48;2;203;201;203m[38;2;203;201;203m:[0m[48;2;192;189;193m[38;2;192;189;193m-[0m[48;2;45;42;46m[38;2;45;42;46m▒[0m[48;2;86;84;87m[38;2;86;84;87m@[0m[48;2;118;115;118m[38;2;118;115;118m#[0m[48;2;211;209;210m[38;2;211;209;210m:[0m [48;2;228;226;228m[38;2;228;226;228m.[0m[48;2;43;40;42m[38;2;43;40;42m▒[0m[48;2;129;125;128m[38;2;129;125;128m#[0m[48;2;36;29;38m[38;2;36;29;38m▓[0m[48;2;61;54;65m[38;2;61;54;65m░[0m[48;2;67;60;74m[38;2;67;60;74m░[0m[48;2;40;35;52m[38;2;40;35;52m▒[0m[48;2;37;31;52m[38;2;37;31;52m▓[0m[48;2;37;31;52m[38;2;37;31;52m▓[0m[48;2;37;31;51m[38;2;37;31;51m▓[0m[48;2;24;19;35m[38;2;24;19;35m▓[0m[48;2;79;77;83m[38;2;79;77;83m@[0m                               