                                                                                                    
                                                                                                    
                                                                                                    
                                                                                                    
                                                                                                    
                                                                                                    
                                                                                                    
                                                                                                    
                                                                                                    
                                                                                                    
                                                                                                    
                                               [48;2;237;237;237m[38;2;237;237;237m.[0m[48;2;216;216;216m[38;2;216;216;216m:[0m[48;2;203;203;203m[38;2;203;203;203m:[0m[48;2;200;199;200m[38;2;200;199;200m-[0m[48;2;205;205;206m[38;2;205;205;206m:[0m[48;2;225;225;226m[38;2;225;225;226m.[0m                                               
                                           [48;2;190;190;191m[38;2;190;190;191m-[0m[48;2;123;123;125m[38;2;123;123;125m#[0m[48;2;72;71;76m[38;2;72;71;76m░[0m[48;2;38;37;44m[38;2;38;37;44m▒[0m[48;2;26;24;34m[38;2;26;24;34m▓[0m[48;2;27;26;37m[38;2;27;26;37m▓[0m[48;2;30;29;41m[38;2;30;29;41m▓[0m[48;2;30;29;41m[38;2;30;29;41m▓[0m[48;2;28;27;39m[38;2;28;27;39m▓[0m[48;2;25;24;36m[38;2;25;24;36m▓[0m[48;2;31;29;41m[38;2;31;29;41m▓[0m[48;2;74;72;82m[38;2;74;72;82m@[0m[48;2;139;138;142m[38;2;139;138;142m*[0m[48;2;230;230;231m[38;2;230;230;231m.[0m                                           
                                        [48;2;234;234;234m[38;2;234;234;234m.[0m[48;2;124;123;126m[38;2;124;123;126m#[0m[48;2;41;39;47m[38;2;41;39;47m▒[0m[48;2;30;27;40m[38;2;30;27;40m▓[0m[48;2;44;41;57m[38;2;44;41;57m▒[0m[48;2;47;44;61m[38;2;47;44;61m▒[0m[48;2;44;42;58m[38;2;44;42;58m▒[0m[48;2;56;55;70m[38;2;56;55;70m░[0m[48;2;48;47;63m[38;2;48;47;63m▒[0m[48;2;44;43;59m[38;2;44;43;59m▒[0m[48;2;41;43;59m[38;2;41;43;59m▒[0m[48;2;41;43;59m[38;2;41;43;59m▒[0m[48;2;41;43;59m[38;2;41;43;59m▒[0m[48;2;41;43;59m[38;2;41;43;59m▒[0m[48;2;42;42;59m[38;2;42;42;59m▒[0m[48;2;36;35;51m[38;2;36;35;51m▒[0m[48;2;27;25;38m[38;2;27;25;38m▓[0m[48;2;124;123;127m[38;2;124;123;127m#[0m                                          
                                       [48;2;174;174;176m[38;2;174;174;176m=[0m[48;2;33;31;38m[38;2;33;31;38m▓[0m[48;2;30;28;38m[38;2;30;28;38m▓[0m[48;2;29;26;38m[38;2;29;26;38m▓[0m[48;2;34;31;41m[38;2;34;31;41m▓[0m[48;2;52;49;56m[38;2;52;49;56m▒[0m[48;2;59;51;61m[38;2;59;51;61m▒[0m[48;2;73;65;75m[38;2;73;65;75m░[0m[48;2;78;69;79m[38;2;78;69;79m░[0m[48;2;73;65;75m[38;2;73;65;75m░[0m[48;2;57;49;59m[38;2;57;49;59m▒[0m[48;2;36;30;40m[38;2;36;30;40m▓[0m[48;2;28;24;36m[38;2;28;24;36m▓[0m[48;2;38;37;51m[38;2;38;37;51m▒[0m[48;2;42;43;58m[38;2;42;43;58m▒[0m[48;2;41;43;59m[38;2;41;43;59m▒[0m[48;2;41;43;59m[38;2;41;43;59m▒[0m[48;2;42;42;59m[38;2;42;42;59m▒[0m[48;2;32;30;45m[38;2;32;30;45m▓[0m[48;2;56;54;64m[38;2;56;54;64m░[0m[48;2;214;213;215m[38;2;214;213;215m:[0m                                        
                                      [48;2;195;195;196m[38;2;195;195;196m-[0m[48;2;11;9;13m[38;2;11;9;13m█[0m[48;2;48;41;50m[38;2;48;41;50m▒[0m[48;2;60;52;61m[38;2;60;52;61m░[0m[48;2;56;46;54m[38;2;56;46;54m▒[0m[48;2;82;69;78m[38;2;82;69;78m@[0m[48;2;152;136;148m[38;2;152;136;148m*[0m[48;2;115;100;111m[38;2;115;100;111m%[0m[48;2;80;66;75m[38;2;80;66;75m░[0m[48;2;83;68;78m[38;2;83;68;78m@[0m[48;2;145;130;140m[38;2;145;130;140m*[0m[48;2;159;143;153m[38;2;159;143;153m+[0m[48;2;159;141;152m[38;2;159;141;152m+[0m[48;2;138;122;132m[38;2;138;122;132m#[0m[48;2;93;79;89m[38;2;93;79;89m@[0m[48;2;44;34;46m[38;2;44;34;46m▒[0m[48;2;49;43;56m[38;2;49;43;56m▒[0m[48;2;51;48;61m[38;2;51;48;61m▒[0m[48;2;35;33;46m[38;2;35;33;46m▓[0m[48;2;28;26;38m[38;2;28;26;38m▓[0m[48;2;23;20;33m[38;2;23;20;33m▓[0m[48;2;22;20;27m[38;2;22;20;27m▓[0m[48;2;192;191;193m[38;2;192;191;193m-[0m                                       
                                     [48;2;196;196;197m[38;2;196;196;197m-[0m[48;2;59;54;60m[38;2;59;54;60m░[0m[48;2;125;113;122m[38;2;125;113;122m#[0m[48;2;157;140;153m[38;2;157;140;153m+[0m[48;2;130;112;126m[38;2;130;112;126m#[0m[48;2;152;133;147m[38;2;152;133;147m*[0m[48;2;159;139;154m[38;2;159;139;154m+[0m[48;2;161;140;155m[38;2;161;140;155m+[0m[48;2;161;140;155m[38;2;161;140;155m+[0m[48;2;161;140;155m[38;2;161;140;155m+[0m[48;2;119;101;113m[38;2;119;101;113m%[0m[48;2;89;74;84m[38;2;89;74;84m@[0m[48;2;155;138;149m[38;2;155;138;149m*[0m[48;2;160;141;155m[38;2;160;141;155m+[0m[48;2;161;140;155m[38;2;161;140;155m+[0m[48;2;161;140;155m[38;2;161;140;155m+[0m[48;2;160;139;154m[38;2;160;139;154m+[0m[48;2;103;87;100m[38;2;103;87;100m%[0m[48;2;25;17;28m[38;2;25;17;28m▓[0m[48;2;76;58;113m[38;2;76;58;113m░[0m[48;2;29;15;51m[38;2;29;15;51m▓[0m[48;2;83;64;125m[38;2;83;64;125m@[0m[48;2;7;3;9m[38;2;7;3;9m█[0m[48;2;21;18;22m[38;2;21;18;22m▓[0m[48;2;215;214;215m[38;2;215;214;215m:[0m                                      
                                    [48;2;192;192;192m[38;2;192;192;192m-[0m[48;2;57;52;58m[38;2;57;52;58m▒[0m[48;2;151;134;147m[38;2;151;134;147m*[0m[48;2;161;141;156m[38;2;161;141;156m+[0m[48;2;161;141;156m[38;2;161;141;156m+[0m[48;2;161;140;155m[38;2;161;140;155m+[0m[48;2;161;140;155m[38;2;161;140;155m+[0m[48;2;161;140;155m[38;2;161;140;155m+[0m[48;2;156;135;150m[38;2;156;135;150m*[0m[48;2;103;84;98m[38;2;103;84;98m@[0m[48;2;160;141;155m[38;2;160;141;155m+[0m[48;2;45;31;41m[38;2;45;31;41m▓[0m[48;2;120;103;116m[38;2;120;103;116m%[0m[48;2;66;50;63m[38;2;66;50;63m░[0m[48;2;159;139;153m[38;2;159;139;153m+[0m[48;2;161;140;155m[38;2;161;140;155m+[0m[48;2;161;140;155m[38;2;161;140;155m+[0m[48;2;161;140;155m[38;2;161;140;155m+[0m[48;2;161;140;155m[38;2;161;140;155m+[0m[48;2;133;117;130m[38;2;133;117;130m#[0m[48;2;44;31;51m[38;2;44;31;51m▒[0m[48;2;92;68;137m[38;2;92;68;137m@[0m[48;2;66;44;105m[38;2;66;44;105m░[0m[48;2;44;33;67m[38;2;44;33;67m▒[0m[48;2;12;9;15m[38;2;12;9;15m█[0m[48;2;66;63;68m[38;2;66;63;68m░[0m                                      
                                    [48;2;53;51;54m[38;2;53;51;54m▒[0m[48;2;107;96;105m[38;2;107;96;105m%[0m[48;2;88;76;85m[38;2;88;76;85m@[0m[48;2;81;66;78m[38;2;81;66;78m░[0m[48;2;161;142;156m[38;2;161;142;156m+[0m[48;2;161;140;155m[38;2;161;140;155m+[0m[48;2;161;140;155m[38;2;161;140;155m+[0m[48;2;161;140;155m[38;2;161;140;155m+[0m[48;2;148;130;144m[38;2;148;130;144m*[0m[48;2;37;24;36m[38;2;37;24;36m▓[0m[48;2;154;139;152m[38;2;154;139;152m*[0m[48;2;89;75;86m[38;2;89;75;86m@[0m[48;2;61;49;59m[38;2;61;49;59m▒[0m[48;2;85;72;84m[38;2;85;72;84m@[0m[48;2;73;58;70m[38;2;73;58;70m░[0m[48;2;153;135;149m[38;2;153;135;149m*[0m[48;2;160;141;155m[38;2;160;141;155m+[0m[48;2;161;140;155m[38;2;161;140;155m+[0m[48;2;161;140;155m[38;2;161;140;155m+[0m[48;2;161;140;155m[38;2;161;140;155m+[0m[48;2;137;120;133m[38;2;137;120;133m#[0m[48;2;47;35;53m[38;2;47;35;53m▒[0m[48;2;21;13;30m[38;2;21;13;30m█[0m[48;2;13;10;18m[38;2;13;10;18m█[0m[48;2;32;30;40m[38;2;32;30;40m▓[0m[48;2;21;18;27m[38;2;21;18;27m▓[0m[48;2;178;176;178m[38;2;178;176;178m=[0m                                     
                                   [48;2;165;165;166m[38;2;165;165;166m=[0m[48;2;80;72;80m[38;2;80;72;80m@[0m[48;2;44;34;43m[38;2;44;34;43m▒[0m[48;2;26;17;25m[38;2;26;17;25m▓[0m[48;2;95;84;95m[38;2;95;84;95m@[0m[48;2;89;74;86m[38;2;89;74;86m@[0m[48;2;132;114;127m[38;2;132;114;127m#[0m[48;2;147;127;141m[38;2;147;127;141m*[0m[48;2;160;141;155m[38;2;160;141;155m+[0m[48;2;159;141;154m[38;2;159;141;154m+[0m[48;2;39;28;37m[38;2;39;28;37m▓[0m[48;2;64;54;62m[38;2;64;54;62m░[0m[48;2;147;134;145m[38;2;147;134;145m*[0m[48;2;40;31;39m[38;2;40;31;39m▓[0m[48;2;48;40;47m[38;2;48;40;47m▒[0m[48;2;52;43;52m[38;2;52;43;52m▒[0m[48;2;32;23;31m[38;2;32;23;31m▓[0m[48;2;95;83;92m[38;2;95;83;92m@[0m[48;2;148;131;143m[38;2;148;131;143m*[0m[48;2;160;141;155m[38;2;160;141;155m+[0m[48;2;161;140;155m[38;2;161;140;155m+[0m[48;2;160;141;155m[38;2;160;141;155m+[0m[48;2;149;133;145m[38;2;149;133;145m*[0m[48;2;76;65;75m[38;2;76;65;75m░[0m[48;2;39;32;42m[38;2;39;32;42m▓[0m[48;2;40;35;47m[38;2;40;35;47m▒[0m[48;2;38;35;47m[38;2;38;35;47m▒[0m[48;2;91;90;92m[38;2;91;90;92m@[0m                                     
                                   [48;2;113;113;113m[38;2;113;113;113m#[0m[48;2;111;100;109m[38;2;111;100;109m%[0m[48;2;15;8;15m[38;2;15;8;15m█[0m[48;2;83;75;83m[38;2;83;75;83m@[0m[48;2;98;87;96m[38;2;98;87;96m@[0m[48;2;29;20;28m[38;2;29;20;28m▓[0m[48;2;31;21;30m[38;2;31;21;30m▓[0m[48;2;50;39;49m[38;2;50;39;49m▒[0m[48;2;116;101;114m[38;2;116;101;114m%[0m[48;2;112;98;110m[38;2;112;98;110m%[0m[48;2;62;53;61m[38;2;62;53;61m░[0m[48;2;23;16;22m[38;2;23;16;22m▓[0m[48;2;36;27;40m[38;2;36;27;40m▓[0m[48;2;59;48;73m[38;2;59;48;73m▒[0m[48;2;24;14;40m[38;2;24;14;40m▓[0m[48;2;77;70;77m[38;2;77;70;77m░[0m[48;2;33;27;33m[38;2;33;27;33m▓[0m[48;2;78;71;75m[38;2;78;71;75m@[0m[48;2;34;26;31m[38;2;34;26;31m▓[0m[48;2;22;13;20m[38;2;22;13;20m█[0m[48;2;33;24;31m[38;2;33;24;31m▓[0m[48;2;55;47;54m[38;2;55;47;54m▒[0m[48;2;51;42;49m[38;2;51;42;49m▒[0m[48;2;76;66;75m[38;2;76;66;75m░[0m[48;2;70;61;70m[38;2;70;61;70m░[0m[48;2;27;20;30m[38;2;27;20;30m▓[0m[48;2;28;23;33m[38;2;28;23;33m▓[0m[48;2;69;67;72m[38;2;69;67;72m░[0m                                     
                                   [48;2;117;116;116m[38;2;117;116;116m#[0m[48;2;101;91;99m[38;2;101;91;99m%[0m[48;2;12;3;11m[38;2;12;3;11m█[0m[48;2;101;94;99m[38;2;101;94;99m%[0m[48;2;39;31;37m[38;2;39;31;37m▓[0m[48;2;42;23;79m[38;2;42;23;79m▓[0m[48;2;49;21;98m[38;2;49;21;98m▒[0m[48;2;29;10;59m[38;2;29;10;59m▓[0m[48;2;134;123;126m[38;2;134;123;126m#[0m[48;2;196;184;185m[38;2;196;184;185m-[0m[48;2;214;204;202m[38;2;214;204;202m:[0m[48;2;132;123;125m[38;2;132;123;125m#[0m[48;2;50;31;84m[38;2;50;31;84m▒[0m[48;2;97;60;161m[38;2;97;60;161m@[0m[48;2;56;25;105m[38;2;56;25;105m▒[0m[48;2;145;135;138m[38;2;145;135;138m*[0m[48;2;173;162;162m[38;2;173;162;162m=[0m[48;2;247;234;232m[38;2;247;234;232m.[0m[48;2;181;168;167m[38;2;181;168;167m=[0m[48;2;64;54;59m[38;2;64;54;59m░[0m[48;2;149;140;146m[38;2;149;140;146m*[0m[48;2;154;142;150m[38;2;154;142;150m+[0m[48;2;88;74;84m[38;2;88;74;84m@[0m[48;2;72;60;68m[38;2;72;60;68m░[0m[48;2;142;130;138m[38;2;142;130;138m*[0m[48;2;152;140;149m[38;2;152;140;149m*[0m[48;2;122;110;120m[38;2;122;110;120m#[0m[48;2;85;73;82m[38;2;85;73;82m@[0m[48;2;77;68;76m[38;2;77;68;76m░[0m[48;2;107;101;107m[38;2;107;101;107m%[0m[48;2;158;155;158m[38;2;158;155;158m+[0m[48;2;234;233;234m[38;2;234;233;234m.[0m                                 
                                   [48;2;179;178;179m[38;2;179;178;179m=[0m[48;2;66;58;64m[38;2;66;58;64m░[0m[48;2;21;12;19m[38;2;21;12;19m█[0m[48;2;160;153;155m[38;2;160;153;155m+[0m[48;2;136;129;129m[38;2;136;129;129m*[0m[48;2;100;80;118m[38;2;100;80;118m@[0m[48;2;176;130;197m[38;2;176;130;197m+[0m[48;2;94;61;111m[38;2;94;61;111m@[0m[48;2;159;148;146m[38;2;159;148;146m+[0m[48;2;248;235;229m[38;2;248;235;229m [0m[48;2;248;235;228m[38;2;248;235;228m [0m[48;2;233;221;215m[38;2;233;221;215m.[0m[48;2;59;45;55m[38;2;59;45;55m▒[0m[48;2;192;152;193m[38;2;192;152;193m=[0m[48;2;95;63;99m[38;2;95;63;99m@[0m[48;2;185;173;170m[38;2;185;173;170m=[0m[48;2;246;227;217m[38;2;246;227;217m.[0m[48;2;246;217;210m[38;2;246;217;210m.[0m[48;2;249;233;228m[38;2;249;233;228m.[0m[48;2;160;147;148m[38;2;160;147;148m+[0m[48;2;70;59;66m[38;2;70;59;66m░[0m[48;2;150;136;146m[38;2;150;136;146m*[0m[48;2;146;130;140m[38;2;146;130;140m*[0m[48;2;137;120;130m[38;2;137;120;130m#[0m[48;2;79;67;75m[38;2;79;67;75m░[0m[48;2;72;60;69m[38;2;72;60;69m░[0m[48;2;96;83;95m[38;2;96;83;95m@[0m[48;2;129;114;126m[38;2;129;114;126m#[0m[48;2;149;132;145m[38;2;149;132;145m*[0m[48;2;158;140;153m[38;2;158;140;153m+[0m[48;2;128;112;123m[38;2;128;112;123m#[0m[48;2;75;67;74m[38;2;75;67;74m░[0m[48;2;115;112;116m[38;2;115;112;116m#[0m[48;2;235;234;235m[38;2;235;234;235m.[0m                               
                                    [48;2;68;65;68m[38;2;68;65;68m░[0m[48;2;42;34;41m[38;2;42;34;41m▒[0m[48;2;178;167;169m[38;2;178;167;169m=[0m[48;2;238;220;217m[38;2;238;220;217m.[0m[48;2;93;77;81m[38;2;93;77;81m@[0m[48;2;120;89;116m[38;2;120;89;116m%[0m[48;2;74;54;70m[38;2;74;54;70m░[0m[48;2;224;213;211m[38;2;224;213;211m:[0m[48;2;200;187;184m[38;2;200;187;184m-[0m[48;2;170;157;152m[38;2;170;157;152m+[0m[48;2;247;234;227m[38;2;247;234;227m.[0m[48;2;222;209;204m[38;2;222;209;204m:[0m[48;2;134;121;121m[38;2;134;121;121m#[0m[48;2;165;151;151m[38;2;165;151;151m+[0m[48;2;249;234;226m[38;2;249;234;226m.[0m[48;2;238;211;201m[38;2;238;211;201m:[0m[48;2;242;212;205m[38;2;242;212;205m.[0m[48;2;249;234;229m[38;2;249;234;229m [0m[48;2;246;233;230m[38;2;246;233;230m.[0m[48;2;86;74;77m[38;2;86;74;77m@[0m[48;2;58;46;52m[38;2;58;46;52m▒[0m[48;2;48;36;44m[38;2;48;36;44m▒[0m[48;2;61;49;57m[38;2;61;49;57m▒[0m[48;2;108;96;105m[38;2;108;96;105m%[0m[48;2;139;127;136m[38;2;139;127;136m*[0m[48;2;128;115;125m[38;2;128;115;125m#[0m[48;2;91;80;89m[38;2;91;80;89m@[0m[48;2;51;41;49m[38;2;51;41;49m▒[0m[48;2;23;14;22m[38;2;23;14;22m█[0m[48;2;48;38;47m[38;2;48;38;47m▒[0m[48;2;117;105;114m[38;2;117;105;114m%[0m[48;2;128;118;126m[38;2;128;118;126m#[0m[48;2;61;55;62m[38;2;61;55;62m░[0m[48;2;192;190;192m[38;2;192;190;192m-[0m                              
                                    [48;2;200;200;200m[38;2;200;200;200m-[0m[48;2;14;9;12m[38;2;14;9;12m█[0m[48;2;15;10;12m[38;2;15;10;12m█[0m[48;2;181;168;165m[38;2;181;168;165m=[0m[48;2;246;233;228m[38;2;246;233;228m.[0m[48;2;226;212;207m[38;2;226;212;207m:[0m[48;2;245;230;224m[38;2;245;230;224m.[0m[48;2;249;235;227m[38;2;249;235;227m [0m[48;2;210;196;191m[38;2;210;196;191m-[0m[48;2;222;208;203m[38;2;222;208;203m:[0m[48;2;249;234;228m[38;2;249;234;228m [0m[48;2;250;234;228m[38;2;250;234;228m [0m[48;2;250;234;228m[38;2;250;234;228m [0m[48;2;250;235;226m[38;2;250;235;226m [0m[48;2;250;235;226m[38;2;250;235;226m [0m[48;2;250;235;227m[38;2;250;235;227m [0m[48;2;250;234;228m[38;2;250;234;228m [0m[48;2;239;226;222m[38;2;239;226;222m.[0m[48;2;115;104;105m[38;2;115;104;105m%[0m[48;2;35;27;32m[38;2;35;27;32m▓[0m[48;2;62;54;60m[38;2;62;54;60m░[0m[48;2;65;59;65m[38;2;65;59;65m░[0m[48;2;158;150;156m[38;2;158;150;156m+[0m[48;2;43;36;42m[38;2;43;36;42m▒[0m[48;2;67;57;65m[38;2;67;57;65m░[0m[48;2;85;74;82m[38;2;85;74;82m@[0m[48;2;93;81;89m[38;2;93;81;89m@[0m[48;2;112;99;108m[38;2;112;99;108m%[0m[48;2;137;124;133m[38;2;137;124;133m*[0m[48;2;158;140;153m[38;2;158;140;153m+[0m[48;2;160;141;154m[38;2;160;141;154m+[0m[48;2;160;141;154m[38;2;160;141;154m+[0m[48;2;154;137;148m[38;2;154;137;148m*[0m[48;2;65;56;62m[38;2;65;56;62m░[0m[48;2;182;180;182m[38;2;182;180;182m=[0m                             
                                    [48;2;226;226;226m[38;2;226;226;226m.[0m[48;2;104;103;103m[38;2;104;103;103m%[0m[48;2;102;98;99m[38;2;102;98;99m%[0m[48;2;225;217;217m[38;2;225;217;217m:[0m[48;2;245;233;230m[38;2;245;233;230m.[0m[48;2;248;235;229m[38;2;248;235;229m [0m[48;2;249;235;228m[38;2;249;235;228m [0m[48;2;249;235;227m[38;2;249;235;227m [0m[48;2;250;235;227m[38;2;250;235;227m [0m[48;2;249;234;229m[38;2;249;234;229m [0m[48;2;248;232;228m[38;2;248;232;228m.[0m[48;2;238;223;218m[38;2;238;223;218m.[0m[48;2;216;202;198m[38;2;216;202;198m:[0m[48;2;188;175;172m[38;2;188;175;172m=[0m[48;2;157;145;143m[38;2;157;145;143m+[0m[48;2;119;109;108m[38;2;119;109;108m#[0m[48;2;79;72;71m[38;2;79;72;71m@[0m[48;2;31;26;27m[38;2;31;26;27m▓[0m[48;2;5;1;4m[38;2;5;1;4m█[0m[48;2;69;64;68m[38;2;69;64;68m░[0m[48;2;178;172;177m[38;2;178;172;177m=[0m[48;2;38;32;37m[38;2;38;32;37m▓[0m[48;2;78;72;77m[38;2;78;72;77m@[0m[48;2;95;88;93m[38;2;95;88;93m@[0m[48;2;82;73;80m[38;2;82;73;80m@[0m[48;2;158;142;153m[38;2;158;142;153m+[0m[48;2;160;141;155m[38;2;160;141;155m+[0m[48;2;161;140;155m[38;2;161;140;155m+[0m[48;2;161;140;155m[38;2;161;140;155m+[0m[48;2;161;140;155m[38;2;161;140;155m+[0m[48;2;161;140;155m[38;2;161;140;155m+[0m[48;2;161;140;155m[38;2;161;140;155m+[0m[48;2;161;140;155m[38;2;161;140;155m+[0m[48;2;152;136;147m[38;2;152;136;147m*[0m[48;2;49;43;49m[38;2;49;43;49m▒[0m[48;2;230;229;230m[38;2;230;229;230m.[0m                            
                                      [48;2;188;187;187m[38;2;188;187;187m-[0m[48;2;79;76;78m[38;2;79;76;78m@[0m[48;2;32;28;29m[38;2;32;28;29m▓[0m[48;2;41;38;38m[38;2;41;38;38m▒[0m[48;2;45;42;43m[38;2;45;42;43m▒[0m[48;2;63;59;60m[38;2;63;59;60m░[0m[48;2;51;46;47m[38;2;51;46;47m▒[0m[48;2;81;76;76m[38;2;81;76;76m@[0m[48;2;61;57;58m[38;2;61;57;58m░[0m[48;2;85;80;81m[38;2;85;80;81m@[0m[48;2;13;8;11m[38;2;13;8;11m█[0m[48;2;41;36;41m[38;2;41;36;41m▒[0m[48;2;24;21;25m[38;2;24;21;25m▓[0m[48;2;4;2;6m[38;2;4;2;6m█[0m[48;2;13;11;16m[38;2;13;11;16m█[0m[48;2;17;15;19m[38;2;17;15;19m█[0m[48;2;18;16;21m[38;2;18;16;21m█[0m[48;2;148;145;150m[38;2;148;145;150m+[0m[48;2;233;229;234m[38;2;233;229;234m.[0m[48;2;51;46;51m[38;2;51;46;51m▒[0m[48;2;194;190;195m[38;2;194;190;195m-[0m[48;2;187;183;188m[38;2;187;183;188m-[0m[48;2;40;34;39m[38;2;40;34;39m▓[0m[48;2;159;142;153m[38;2;159;142;153m+[0m[48;2;161;140;155m[38;2;161;140;155m+[0m[48;2;161;140;155m[38;2;161;140;155m+[0m[48;2;161;140;155m[38;2;161;140;155m+[0m[48;2;161;140;155m[38;2;161;140;155m+[0m[48;2;161;140;155m[38;2;161;140;155m+[0m[48;2;161;140;155m[38;2;161;140;155m+[0m[48;2;161;140;155m[38;2;161;140;155m+[0m[48;2;159;142;154m[38;2;159;142;154m+[0m[48;2;96;84;93m[38;2;96;84;93m@[0m[48;2;148;145;148m[38;2;148;145;148m*[0m                            
                                   [48;2;240;240;240m[38;2;240;240;240m [0m[48;2;77;77;77m[38;2;77;77;77m@[0m[48;2;28;27;30m[38;2;28;27;30m▓[0m[48;2;25;23;30m[38;2;25;23;30m▓[0m[48;2;27;24;34m[38;2;27;24;34m▓[0m[48;2;27;24;35m[38;2;27;24;35m▓[0m[48;2;6;4;12m[38;2;6;4;12m█[0m[48;2;25;23;27m[38;2;25;23;27m▓[0m[48;2;30;27;32m[38;2;30;27;32m▓[0m[48;2;49;47;50m[38;2;49;47;50m▒[0m[48;2;25;24;26m[38;2;25;24;26m▓[0m[48;2;154;152;154m[38;2;154;152;154m+[0m[48;2;20;19;21m[38;2;20;19;21m▓[0m[48;2;36;35;37m[38;2;36;35;37m▓[0m[48;2;14;11;16m[38;2;14;11;16m█[0m[48;2;30;27;33m[38;2;30;27;33m▓[0m[48;2;31;28;38m[38;2;31;28;38m▓[0m[48;2;26;23;35m[38;2;26;23;35m▓[0m[48;2;4;2;10m[38;2;4;2;10m█[0m[48;2;14;13;18m[38;2;14;13;18m█[0m[48;2;157;156;159m[38;2;157;156;159m+[0m[48;2;242;239;243m[38;2;242;239;243m [0m[48;2;138;135;138m[38;2;138;135;138m*[0m[48;2;111;107;111m[38;2;111;107;111m%[0m[48;2;199;196;200m[38;2;199;196;200m-[0m[48;2;37;34;38m[38;2;37;34;38m▓[0m[48;2;156;140;152m[38;2;156;140;152m*[0m[48;2;160;141;155m[38;2;160;141;155m+[0m[48;2;161;140;155m[38;2;161;140;155m+[0m[48;2;161;140;155m[38;2;161;140;155m+[0m[48;2;161;140;155m[38;2;161;140;155m+[0m[48;2;161;140;155m[38;2;161;140;155m+[0m[48;2;161;140;155m[38;2;161;140;155m+[0m[48;2;161;140;155m[38;2;161;140;155m+[0m[48;2;161;140;155m[38;2;161;140;155m+[0m[48;2;125;109;121m[38;2;125;109;121m#[0m[48;2;108;102;108m[38;2;108;102;108m%[0m                            
                                   [48;2;151;151;151m[38;2;151;151;151m+[0m[48;2;13;13;14m[38;2;13;13;14m█[0m[48;2;80;78;82m[38;2;80;78;82m@[0m[48;2;27;23;36m[38;2;27;23;36m▓[0m[48;2;37;32;50m[38;2;37;32;50m▓[0m[48;2;36;31;49m[38;2;36;31;49m▓[0m[48;2;9;6;18m[38;2;9;6;18m█[0m[48;2;29;25;37m[38;2;29;25;37m▓[0m[48;2;12;9;19m[38;2;12;9;19m█[0m[48;2;41;39;43m[38;2;41;39;43m▒[0m[48;2;9;7;11m[38;2;9;7;11m█[0m[48;2;65;62;68m[38;2;65;62;68m░[0m[48;2;12;9;13m[38;2;12;9;13m█[0m[48;2;16;14;17m[38;2;16;14;17m█[0m[48;2;13;9;13m[38;2;13;9;13m█[0m[48;2;86;76;74m[38;2;86;76;74m@[0m[48;2;134;124;117m[38;2;134;124;117m#[0m[48;2;45;37;49m[38;2;45;37;49m▒[0m[48;2;31;24;42m[38;2;31;24;42m▓[0m[48;2;13;10;21m[38;2;13;10;21m█[0m[48;2;49;46;53m[38;2;49;46;53m▒[0m[48;2;151;148;152m[38;2;151;148;152m+[0m[48;2;179;174;179m[38;2;179;174;179m=[0m[48;2;65;60;65m[38;2;65;60;65m░[0m[48;2;67;63;68m[38;2;67;63;68m░[0m[48;2;70;64;70m[38;2;70;64;70m░[0m[48;2;158;144;154m[38;2;158;144;154m+[0m[48;2;121;105;117m[38;2;121;105;117m#[0m[48;2;144;124;139m[38;2;144;124;139m*[0m[48;2;161;140;155m[38;2;161;140;155m+[0m[48;2;161;140;155m[38;2;161;140;155m+[0m[48;2;161;140;155m[38;2;161;140;155m+[0m[48;2;161;140;155m[38;2;161;140;155m+[0m[48;2;161;140;155m[38;2;161;140;155m+[0m[48;2;161;140;155m[38;2;161;140;155m+[0m[48;2;102;86;98m[38;2;102;86;98m%[0m[48;2;144;139;144m[38;2;144;139;144m*[0m                            
                                    [48;2;166;166;166m[38;2;166;166;166m=[0m[48;2;84;83;85m[38;2;84;83;85m@[0m[48;2;64;61;67m[38;2;64;61;67m░[0m[48;2;28;24;36m[38;2;28;24;36m▓[0m[48;2;30;25;42m[38;2;30;25;42m▓[0m[48;2;14;11;22m[38;2;14;11;22m█[0m[48;2;36;31;49m[38;2;36;31;49m▓[0m[48;2;19;15;28m[38;2;19;15;28m█[0m[48;2;30;28;32m[38;2;30;28;32m▓[0m[48;2;25;22;21m[38;2;25;22;21m▓[0m[48;2;4;1;3m[38;2;4;1;3m█[0m[48;2;22;18;21m[38;2;22;18;21m▓[0m[48;2;85;81;75m[38;2;85;81;75m@[0m[48;2;43;37;36m[38;2;43;37;36m▒[0m[48;2;88;79;83m[38;2;88;79;83m@[0m[48;2;105;96;97m[38;2;105;96;97m%[0m[48;2;44;35;51m[38;2;44;35;51m▒[0m[48;2;38;31;52m[38;2;38;31;52m▓[0m[48;2;37;31;51m[38;2;37;31;51m▓[0m[48;2;30;25;42m[38;2;30;25;42m▓[0m[48;2;14;10;22m[38;2;14;10;22m█[0m[48;2;61;55;64m[38;2;61;55;64m░[0m[48;2;114;106;115m[38;2;114;106;115m%[0m[48;2;131;122;132m[38;2;131;122;132m#[0m[48;2;100;90;100m[38;2;100;90;100m%[0m[48;2;46;35;46m[38;2;46;35;46m▒[0m[48;2;41;28;40m[38;2;41;28;40m▓[0m[48;2;145;128;141m[38;2;145;128;141m*[0m[48;2;161;140;155m[38;2;161;140;155m+[0m[48;2;161;140;155m[38;2;161;140;155m+[0m[48;2;161;140;155m[38;2;161;140;155m+[0m[48;2;161;140;155m[38;2;161;140;155m+[0m[48;2;161;140;155m[38;2;161;140;155m+[0m[48;2;139;122;134m[38;2;139;122;134m*[0m[48;2;63;53;63m[38;2;63;53;63m░[0m[48;2;239;237;239m[38;2;239;237;239m [0m                            
                                     [48;2;140;139;140m[38;2;140;139;140m*[0m[48;2;108;107;108m[38;2;108;107;108m%[0m[48;2;73;72;73m[38;2;73;72;73m░[0m[48;2;8;6;10m[38;2;8;6;10m█[0m[48;2;24;21;32m[38;2;24;21;32m▓[0m[48;2;37;31;51m[38;2;37;31;51m▓[0m[48;2;35;30;49m[38;2;35;30;49m▓[0m[48;2;26;22;29m[38;2;26;22;29m▓[0m[48;2;125;118;102m[38;2;125;118;102m#[0m[48;2;133;121;101m[38;2;133;121;101m#[0m[48;2;157;143;117m[38;2;157;143;117m*[0m[48;2;146;136;112m[38;2;146;136;112m*[0m[48;2;28;22;20m[38;2;28;22;20m▓[0m[48;2;34;27;38m[38;2;34;27;38m▓[0m[48;2;36;30;49m[38;2;36;30;49m▓[0m[48;2;33;27;46m[38;2;33;27;46m▓[0m[48;2;32;26;45m[38;2;32;26;45m▓[0m[48;2;35;30;49m[38;2;35;30;49m▓[0m[48;2;35;30;48m[38;2;35;30;48m▓[0m[48;2;35;30;48m[38;2;35;30;48m▓[0m[48;2;28;23;38m[38;2;28;23;38m▓[0m[48;2;21;16;28m[38;2;21;16;28m▓[0m[48;2;13;9;19m[38;2;13;9;19m█[0m[48;2;25;21;28m[38;2;25;21;28m▓[0m[48;2;80;71;81m[38;2;80;71;81m@[0m[48;2;152;138;150m[38;2;152;138;150m*[0m[48;2;159;141;155m[38;2;159;141;155m+[0m[48;2;161;140;155m[38;2;161;140;155m+[0m[48;2;161;140;155m[38;2;161;140;155m+[0m[48;2;161;140;155m[38;2;161;140;155m+[0m[48;2;135;118;131m[38;2;135;118;131m#[0m[48;2;82;70;80m[38;2;82;70;80m@[0m[48;2;103;96;102m[38;2;103;96;102m%[0m[48;2;227;223;227m[38;2;227;223;227m.[0m                             
                                      [48;2;181;180;181m[38;2;181;180;181m=[0m[48;2;158;158;158m[38;2;158;158;158m+[0m[48;2;43;41;46m[38;2;43;41;46m▒[0m[48;2;31;27;38m[38;2;31;27;38m▓[0m[48;2;20;16;30m[38;2;20;16;30m▓[0m[48;2;28;24;35m[38;2;28;24;35m▓[0m[48;2;5;2;8m[38;2;5;2;8m█[0m[48;2;12;7;20m[38;2;12;7;20m█[0m[48;2;26;17;44m[38;2;26;17;44m▓[0m[48;2;29;21;25m[38;2;29;21;25m▓[0m[48;2;11;5;8m[38;2;11;5;8m█[0m[48;2;14;9;13m[38;2;14;9;13m█[0m[48;2;22;20;24m[38;2;22;20;24m▓[0m[48;2;19;17;22m[38;2;19;17;22m█[0m[48;2;6;4;10m[38;2;6;4;10m█[0m[48;2;11;6;13m[38;2;11;6;13m█[0m[48;2;8;3;10m[38;2;8;3;10m█[0m[48;2;8;4;12m[38;2;8;4;12m█[0m[48;2;16;11;20m[38;2;16;11;20m█[0m[48;2;13;8;17m[38;2;13;8;17m█[0m[48;2;14;10;19m[38;2;14;10;19m█[0m[48;2;10;6;17m[38;2;10;6;17m█[0m[48;2;19;15;30m[38;2;19;15;30m█[0m[48;2;26;20;35m[38;2;26;20;35m▓[0m[48;2;61;51;65m[38;2;61;51;65m░[0m[48;2;114;99;113m[38;2;114;99;113m%[0m[48;2;116;102;114m[38;2;116;102;114m%[0m[48;2;73;62;72m[38;2;73;62;72m░[0m[48;2;94;87;94m[38;2;94;87;94m@[0m[48;2;144;141;144m[38;2;144;141;144m*[0m[48;2;229;227;230m[38;2;229;227;230m.[0m                               
                                        [48;2;16;15;17m[38;2;16;15;17m█[0m[48;2;17;15;20m[38;2;17;15;20m█[0m[48;2;41;38;44m[38;2;41;38;44m▒[0m[48;2;32;29;36m[38;2;32;29;36m▓[0m[48;2;15;12;17m[38;2;15;12;17m█[0m[48;2;52;49;53m[38;2;52;49;53m▒[0m[48;2;20;17;30m[38;2;20;17;30m▓[0m[48;2;17;14;24m[38;2;17;14;24m█[0m[48;2;12;8;26m[38;2;12;8;26m█[0m[48;2;65;48;123m[38;2;65;48;123m░[0m[48;2;37;27;59m[38;2;37;27;59m▓[0m[48;2;14;11;17m[38;2;14;11;17m█[0m[48;2;35;32;38m[38;2;35;32;38m▓[0m[48;2;45;41;48m[38;2;45;41;48m▒[0m[48;2;47;43;51m[38;2;47;43;51m▒[0m[48;2;51;46;54m[38;2;51;46;54m▒[0m[48;2;52;47;55m[38;2;52;47;55m▒[0m[48;2;27;23;33m[38;2;27;23;33m▓[0m[48;2;21;16;30m[38;2;21;16;30m▓[0m[48;2;31;26;43m[38;2;31;26;43m▓[0m[48;2;37;31;52m[38;2;37;31;52m▓[0m[48;2;37;31;52m[38;2;37;31;52m▓[0m[48;2;36;30;50m[38;2;36;30;50m▓[0m[48;2;26;21;38m[38;2;26;21;38m▓[0m[48;2;14;11;21m[38;2;14;11;21m█[0m[48;2;108;106;112m[38;2;108;106;112m%[0m[48;2;237;236;237m[38;2;237;236;237m.[0m                                 
                                       [48;2;181;181;181m[38;2;181;181;181m=[0m[48;2;14;13;14m[38;2;14;13;14m█[0m[48;2;30;29;33m[38;2;30;29;33m▓[0m[48;2;23;20;32m[38;2;23;20;32m▓[0m[48;2;30;25;40m[38;2;30;25;40m▓[0m[48;2;75;71;77m[38;2;75;71;77m░[0m[48;2;157;153;160m[38;2;157;153;160m+[0m[48;2;44;31;90m[38;2;44;31;90m▒[0m[48;2;63;48;113m[38;2;63;48;113m░[0m[48;2;16;9;47m[38;2;16;9;47m█[0m[48;2;43;33;77m[38;2;43;33;77m▒[0m[48;2;27;20;40m[38;2;27;20;40m▓[0m[48;2;82;79;84m[38;2;82;79;84m@[0m[48;2;98;96;103m[38;2;98;96;103m%[0m[48;2;27;23;34m[38;2;27;23;34m▓[0m[48;2;31;26;40m[38;2;31;26;40m▓[0m[48;2;37;32;50m[38;2;37;32;50m▓[0m[48;2;37;31;51m[38;2;37;31;51m▓[0m[48;2;36;31;50m[38;2;36;31;50m▓[0m[48;2;37;31;52m[38;2;37;31;52m▓[0m[48;2;37;31;52m[38;2;37;31;52m▓[0m[48;2;37;31;52m[38;2;37;31;52m▓[0m[48;2;37;31;52m[38;2;37;31;52m▓[0m[48;2;37;31;52m[38;2;37;31;52m▓[0m[48;2;37;31;52m[38;2;37;31;52m▓[0m[48;2;37;31;52m[38;2;37;31;52m▓[0m[48;2;30;25;43m[38;2;30;25;43m▓[0m[48;2;33;30;40m[38;2;33;30;40m▓[0m[48;2;139;138;141m[38;2;139;138;141m*[0m                                
                                       [48;2;75;75;76m[38;2;75;75;76m@[0m[48;2;8;7;12m[38;2;8;7;12m█[0m[48;2;31;28;42m[38;2;31;28;42m▓[0m[48;2;37;31;52m[38;2;37;31;52m▓[0m[48;2;27;22;40m[38;2;27;22;40m▓[0m[48;2;117;114;120m[38;2;117;114;120m#[0m[48;2;238;236;240m[38;2;238;236;240m.[0m[48;2;85;80;90m[38;2;85;80;90m@[0m[48;2;70;65;80m[38;2;70;65;80m░[0m[48;2;19;11;48m[38;2;19;11;48m█[0m[48;2;64;50;113m[38;2;64;50;113m░[0m[48;2;30;21;44m[38;2;30;21;44m▓[0m[48;2;163;160;165m[38;2;163;160;165m+[0m [48;2;228;225;230m[38;2;228;225;230m.[0m[48;2;134;133;138m[38;2;134;133;138m*[0m[48;2;50;47;57m[38;2;50;47;57m▒[0m[48;2;24;19;35m[38;2;24;19;35m▓[0m[48;2;34;28;47m[38;2;34;28;47m▓[0m[48;2;37;31;51m[38;2;37;31;51m▓[0m[48;2;37;31;52m[38;2;37;31;52m▓[0m[48;2;37;31;52m[38;2;37;31;52m▓[0m[48;2;37;31;52m[38;2;37;31;52m▓[0m[48;2;37;31;52m[38;2;37;31;52m▓[0m[48;2;37;31;52m[38;2;37;31;52m▓[0m[48;2;37;31;52m[38;2;37;31;52m▓[0m[48;2;37;31;52m[38;2;37;31;52m▓[0m[48;2;37;31;52m[38;2;37;31;52m▓[0m[48;2;28;23;41m[38;2;28;23;41m▓[0m[48;2;48;45;56m[38;2;48;45;56m▒[0m[48;2;198;197;200m[38;2;198;197;200m-[0m                              
                                       [48;2;136;136;137m[38;2;136;136;137m*[0m[48;2;22;19;26m[38;2;22;19;26m▓[0m[48;2;37;32;51m[38;2;37;32;51m▓[0m[48;2;37;31;52m[38;2;37;31;52m▓[0m[48;2;25;20;39m[38;2;25;20;39m▓[0m[48;2;135;132;139m[38;2;135;132;139m*[0m   [48;2;177;176;180m[38;2;177;176;180m=[0m[48;2;88;83;94m[38;2;88;83;94m@[0m[48;2;94;89;98m[38;2;94;89;98m%[0m[48;2;235;233;236m[38;2;235;233;236m.[0m    [48;2;159;158;161m[38;2;159;158;161m+[0m[48;2;31;29;35m[38;2;31;29;35m▓[0m[48;2;53;49;59m[38;2;53;49;59m▒[0m[48;2;22;17;33m[38;2;22;17;33m▓[0m[48;2;30;25;44m[38;2;30;25;44m▓[0m[48;2;37;31;52m[38;2;37;31;52m▓[0m[48;2;37;31;52m[38;2;37;31;52m▓[0m[48;2;37;31;52m[38;2;37;31;52m▓[0m[48;2;37;31;52m[38;2;37;31;52m▓[0m[48;2;37;31;52m[38;2;37;31;52m▓[0m[48;2;37;31;52m[38;2;37;31;52m▓[0m[48;2;37;31;52m[38;2;37;31;52m▓[0m[48;2;35;30;49m[38;2;35;30;49m▓[0m[48;2;23;20;29m[38;2;23;20;29m▓[0m[48;2;187;187;187m[38;2;187;187;187m-[0m                             