                                                                                                    
                                                                                                    
                                                                                                    
                                                                                                    
                                                                                                    
                                                                                                    
                                                                                                    
                                                                                                    
                                                                                                    
                                                                                                    
                                                                                                    
                                               [48;2;238;238;238m[38;2;238;238;238m [0m[48;2;216;216;216m[38;2;216;216;216m:[0m[48;2;204;204;204m[38;2;204;204;204m:[0m[48;2;200;200;200m[38;2;200;200;200m-[0m[48;2;206;206;206m[38;2;206;206;206m:[0m[48;2;225;225;225m[38;2;225;225;225m.[0m                                               
                                           [48;2;190;190;190m[38;2;190;190;190m-[0m[48;2;122;121;123m[38;2;122;121;123m#[0m[48;2;72;71;75m[38;2;72;71;75m░[0m[48;2;38;37;44m[38;2;38;37;44m▒[0m[48;2;25;24;33m[38;2;25;24;33m▓[0m[48;2;27;26;36m[38;2;27;26;36m▓[0m[48;2;30;29;40m[38;2;30;29;40m▓[0m[48;2;31;29;41m[38;2;31;29;41m▓[0m[48;2;30;28;40m[38;2;30;28;40m▓[0m[48;2;27;25;36m[38;2;27;25;36m▓[0m[48;2;32;30;42m[38;2;32;30;42m▓[0m[48;2;74;73;82m[38;2;74;73;82m@[0m[48;2;139;138;142m[38;2;139;138;142m*[0m[48;2;230;230;231m[38;2;230;230;231m.[0m                                           
                                        [48;2;234;234;235m[38;2;234;234;235m.[0m[48;2;124;124;126m[38;2;124;124;126m#[0m[48;2;40;39;45m[38;2;40;39;45m▒[0m[48;2;30;28;39m[38;2;30;28;39m▓[0m[48;2;44;42;55m[38;2;44;42;55m▒[0m[48;2;48;45;61m[38;2;48;45;61m▒[0m[48;2;45;42;58m[38;2;45;42;58m▒[0m[48;2;56;54;70m[38;2;56;54;70m░[0m[48;2;49;48;63m[38;2;49;48;63m▒[0m[48;2;43;42;59m[38;2;43;42;59m▒[0m[48;2;41;43;59m[38;2;41;43;59m▒[0m[48;2;41;44;59m[38;2;41;44;59m▒[0m[48;2;41;43;59m[38;2;41;43;59m▒[0m[48;2;41;43;59m[38;2;41;43;59m▒[0m[48;2;42;42;60m[38;2;42;42;60m▒[0m[48;2;38;35;52m[38;2;38;35;52m▒[0m[48;2;29;27;39m[38;2;29;27;39m▓[0m[48;2;124;122;128m[38;2;124;122;128m#[0m                                          
                                       [48;2;175;175;176m[38;2;175;175;176m=[0m[48;2;33;32;37m[38;2;33;32;37m▓[0m[48;2;30;28;37m[38;2;30;28;37m▓[0m[48;2;29;26;36m[38;2;29;26;36m▓[0m[48;2;34;31;40m[38;2;34;31;40m▓[0m[48;2;55;49;57m[38;2;55;49;57m▒[0m[48;2;59;51;62m[38;2;59;51;62m▒[0m[48;2;74;64;74m[38;2;74;64;74m░[0m[48;2;78;69;77m[38;2;78;69;77m░[0m[48;2;73;64;72m[38;2;73;64;72m░[0m[48;2;56;48;58m[38;2;56;48;58m▒[0m[48;2;36;30;41m[38;2;36;30;41m▓[0m[48;2;29;25;38m[38;2;29;25;38m▓[0m[48;2;38;36;51m[38;2;38;36;51m▒[0m[48;2;42;43;59m[38;2;42;43;59m▒[0m[48;2;42;43;59m[38;2;42;43;59m▒[0m[48;2;42;43;59m[38;2;42;43;59m▒[0m[48;2;43;43;59m[38;2;43;43;59m▒[0m[48;2;33;30;44m[38;2;33;30;44m▓[0m[48;2;56;54;62m[38;2;56;54;62m░[0m[48;2;214;214;215m[38;2;214;214;215m:[0m                                        
                                      [48;2;195;195;195m[38;2;195;195;195m-[0m[48;2;11;10;13m[38;2;11;10;13m█[0m[48;2;48;42;50m[38;2;48;42;50m▒[0m[48;2;59;50;59m[38;2;59;50;59m▒[0m[48;2;55;46;55m[38;2;55;46;55m▒[0m[48;2;80;70;79m[38;2;80;70;79m@[0m[48;2;151;137;147m[38;2;151;137;147m*[0m[48;2;116;99;112m[38;2;116;99;112m%[0m[48;2;79;65;75m[38;2;79;65;75m░[0m[48;2;81;67;77m[38;2;81;67;77m░[0m[48;2;144;128;139m[38;2;144;128;139m*[0m[48;2;160;141;154m[38;2;160;141;154m+[0m[48;2;159;141;155m[38;2;159;141;155m+[0m[48;2;137;121;134m[38;2;137;121;134m#[0m[48;2;91;78;90m[38;2;91;78;90m@[0m[48;2;43;34;46m[38;2;43;34;46m▒[0m[48;2;51;44;55m[38;2;51;44;55m▒[0m[48;2;53;48;59m[38;2;53;48;59m▒[0m[48;2;36;33;46m[38;2;36;33;46m▓[0m[48;2;28;25;38m[38;2;28;25;38m▓[0m[48;2;22;19;32m[38;2;22;19;32m▓[0m[48;2;21;20;25m[38;2;21;20;25m▓[0m[48;2;193;192;193m[38;2;193;192;193m-[0m                                       
                                     [48;2;196;195;196m[38;2;196;195;196m-[0m[48;2;59;56;60m[38;2;59;56;60m░[0m[48;2;126;114;124m[38;2;126;114;124m#[0m[48;2;159;141;155m[38;2;159;141;155m+[0m[48;2;130;111;125m[38;2;130;111;125m#[0m[48;2;154;135;149m[38;2;154;135;149m*[0m[48;2;160;140;154m[38;2;160;140;154m+[0m[48;2;161;140;155m[38;2;161;140;155m+[0m[48;2;161;140;155m[38;2;161;140;155m+[0m[48;2;161;140;155m[38;2;161;140;155m+[0m[48;2;119;100;113m[38;2;119;100;113m%[0m[48;2;90;72;84m[38;2;90;72;84m@[0m[48;2;157;138;152m[38;2;157;138;152m*[0m[48;2;159;140;154m[38;2;159;140;154m+[0m[48;2;160;141;155m[38;2;160;141;155m+[0m[48;2;161;140;155m[38;2;161;140;155m+[0m[48;2;159;139;153m[38;2;159;139;153m+[0m[48;2;102;88;99m[38;2;102;88;99m%[0m[48;2;24;17;27m[38;2;24;17;27m▓[0m[48;2;74;59;115m[38;2;74;59;115m░[0m[48;2;27;15;50m[38;2;27;15;50m▓[0m[48;2;81;62;126m[38;2;81;62;126m@[0m[48;2;6;2;6m[38;2;6;2;6m█[0m[48;2;21;18;21m[38;2;21;18;21m▓[0m[48;2;216;215;216m[38;2;216;215;216m:[0m                                      
                                    [48;2;192;192;192m[38;2;192;192;192m-[0m[48;2;56;51;55m[38;2;56;51;55m▒[0m[48;2;150;135;146m[38;2;150;135;146m*[0m[48;2;160;140;155m[38;2;160;140;155m+[0m[48;2;161;140;155m[38;2;161;140;155m+[0m[48;2;161;140;155m[38;2;161;140;155m+[0m[48;2;161;140;155m[38;2;161;140;155m+[0m[48;2;161;140;155m[38;2;161;140;155m+[0m[48;2;158;136;151m[38;2;158;136;151m*[0m[48;2;102;83;97m[38;2;102;83;97m@[0m[48;2;159;139;153m[38;2;159;139;153m+[0m[48;2;46;30;42m[38;2;46;30;42m▓[0m[48;2;119;102;115m[38;2;119;102;115m%[0m[48;2;67;52;64m[38;2;67;52;64m░[0m[48;2;158;139;153m[38;2;158;139;153m*[0m[48;2;160;141;155m[38;2;160;141;155m+[0m[48;2;161;140;155m[38;2;161;140;155m+[0m[48;2;161;140;155m[38;2;161;140;155m+[0m[48;2;161;140;155m[38;2;161;140;155m+[0m[48;2;134;117;130m[38;2;134;117;130m#[0m[48;2;46;31;51m[38;2;46;31;51m▒[0m[48;2;94;68;140m[38;2;94;68;140m@[0m[48;2;68;44;107m[38;2;68;44;107m░[0m[48;2;47;34;66m[38;2;47;34;66m▒[0m[48;2;13;10;15m[38;2;13;10;15m█[0m[48;2;66;63;67m[38;2;66;63;67m░[0m                                      
                                    [48;2;53;51;52m[38;2;53;51;52m▒[0m[48;2;105;95;103m[38;2;105;95;103m%[0m[48;2;89;76;87m[38;2;89;76;87m@[0m[48;2;82;66;78m[38;2;82;66;78m░[0m[48;2;161;141;156m[38;2;161;141;156m+[0m[48;2;161;140;155m[38;2;161;140;155m+[0m[48;2;161;140;155m[38;2;161;140;155m+[0m[48;2;161;140;155m[38;2;161;140;155m+[0m[48;2;150;130;145m[38;2;150;130;145m*[0m[48;2;38;24;35m[38;2;38;24;35m▓[0m[48;2;153;136;149m[38;2;153;136;149m*[0m[48;2;88;74;86m[38;2;88;74;86m@[0m[48;2;61;49;60m[38;2;61;49;60m▒[0m[48;2;86;74;84m[38;2;86;74;84m@[0m[48;2;73;58;70m[38;2;73;58;70m░[0m[48;2;153;136;149m[38;2;153;136;149m*[0m[48;2;160;141;155m[38;2;160;141;155m+[0m[48;2;161;140;155m[38;2;161;140;155m+[0m[48;2;161;140;155m[38;2;161;140;155m+[0m[48;2;161;140;155m[38;2;161;140;155m+[0m[48;2;138;121;132m[38;2;138;121;132m#[0m[48;2;47;33;53m[38;2;47;33;53m▒[0m[48;2;22;12;31m[38;2;22;12;31m█[0m[48;2;14;10;19m[38;2;14;10;19m█[0m[48;2;32;28;38m[38;2;32;28;38m▓[0m[48;2;22;17;27m[38;2;22;17;27m▓[0m[48;2;177;176;178m[38;2;177;176;178m=[0m                                     
                                   [48;2;165;165;165m[38;2;165;165;165m=[0m[48;2;82;74;80m[38;2;82;74;80m@[0m[48;2;44;35;41m[38;2;44;35;41m▒[0m[48;2;24;17;23m[38;2;24;17;23m▓[0m[48;2;94;85;94m[38;2;94;85;94m@[0m[48;2;87;74;85m[38;2;87;74;85m@[0m[48;2;131;114;127m[38;2;131;114;127m#[0m[48;2;146;127;142m[38;2;146;127;142m*[0m[48;2;160;141;155m[38;2;160;141;155m+[0m[48;2;158;141;154m[38;2;158;141;154m+[0m[48;2;39;28;38m[38;2;39;28;38m▓[0m[48;2;63;54;63m[38;2;63;54;63m░[0m[48;2;148;134;146m[38;2;148;134;146m*[0m[48;2;41;31;41m[38;2;41;31;41m▓[0m[48;2;48;40;48m[38;2;48;40;48m▒[0m[48;2;52;43;51m[38;2;52;43;51m▒[0m[48;2;33;23;31m[38;2;33;23;31m▓[0m[48;2;96;82;92m[38;2;96;82;92m@[0m[48;2;149;132;144m[38;2;149;132;144m*[0m[48;2;160;140;154m[38;2;160;140;154m+[0m[48;2;161;140;155m[38;2;161;140;155m+[0m[48;2;161;140;155m[38;2;161;140;155m+[0m[48;2;150;133;145m[38;2;150;133;145m*[0m[48;2;75;64;73m[38;2;75;64;73m░[0m[48;2;38;31;39m[38;2;38;31;39m▓[0m[48;2;37;33;43m[38;2;37;33;43m▓[0m[48;2;36;33;42m[38;2;36;33;42m▓[0m[48;2;92;91;94m[38;2;92;91;94m%[0m                                     
                                   [48;2;115;114;114m[38;2;115;114;114m#[0m[48;2;110;101;107m[38;2;110;101;107m%[0m[48;2;15;7;13m[38;2;15;7;13m█[0m[48;2;81;73;79m[38;2;81;73;79m@[0m[48;2;97;87;95m[38;2;97;87;95m@[0m[48;2;29;19;28m[38;2;29;19;28m▓[0m[48;2;31;22;29m[38;2;31;22;29m▓[0m[48;2;49;39;47m[38;2;49;39;47m▒[0m[48;2;116;102;114m[38;2;116;102;114m%[0m[48;2;112;98;109m[38;2;112;98;109m%[0m[48;2;65;53;63m[38;2;65;53;63m░[0m[48;2;23;16;23m[38;2;23;16;23m▓[0m[48;2;35;27;39m[38;2;35;27;39m▓[0m[48;2;58;47;76m[38;2;58;47;76m▒[0m[48;2;26;14;41m[38;2;26;14;41m▓[0m[48;2;81;72;79m[38;2;81;72;79m@[0m[48;2;34;28;31m[38;2;34;28;31m▓[0m[48;2;80;72;74m[38;2;80;72;74m@[0m[48;2;35;26;29m[38;2;35;26;29m▓[0m[48;2;21;13;18m[38;2;21;13;18m█[0m[48;2;33;26;32m[38;2;33;26;32m▓[0m[48;2;54;46;53m[38;2;54;46;53m▒[0m[48;2;50;42;49m[38;2;50;42;49m▒[0m[48;2;76;66;75m[38;2;76;66;75m░[0m[48;2;69;60;68m[38;2;69;60;68m░[0m[48;2;26;21;28m[38;2;26;21;28m▓[0m[48;2;27;22;31m[38;2;27;22;31m▓[0m[48;2;69;67;71m[38;2;69;67;71m░[0m                                     
                                   [48;2;117;116;116m[38;2;117;116;116m#[0m[48;2;101;92;98m[38;2;101;92;98m%[0m[48;2;11;4;9m[38;2;11;4;9m█[0m[48;2;101;93;98m[38;2;101;93;98m%[0m[48;2;39;31;36m[38;2;39;31;36m▓[0m[48;2;42;21;79m[38;2;42;21;79m▓[0m[48;2;49;22;102m[38;2;49;22;102m▒[0m[48;2;28;10;59m[38;2;28;10;59m▓[0m[48;2;131;123;128m[38;2;131;123;128m#[0m[48;2;196;184;184m[38;2;196;184;184m-[0m[48;2;215;203;202m[38;2;215;203;202m:[0m[48;2;133;124;124m[38;2;133;124;124m#[0m[48;2;49;31;79m[38;2;49;31;79m▒[0m[48;2;96;60;163m[38;2;96;60;163m@[0m[48;2;55;25;106m[38;2;55;25;106m▒[0m[48;2;146;136;141m[38;2;146;136;141m*[0m[48;2;173;161;161m[38;2;173;161;161m+[0m[48;2;246;233;230m[38;2;246;233;230m.[0m[48;2;180;168;168m[38;2;180;168;168m=[0m[48;2;66;55;59m[38;2;66;55;59m░[0m[48;2;150;139;147m[38;2;150;139;147m*[0m[48;2;154;141;151m[38;2;154;141;151m*[0m[48;2;87;74;84m[38;2;87;74;84m@[0m[48;2;71;60;69m[38;2;71;60;69m░[0m[48;2;139;127;137m[38;2;139;127;137m*[0m[48;2;151;138;148m[38;2;151;138;148m*[0m[48;2;123;109;120m[38;2;123;109;120m#[0m[48;2;83;72;81m[38;2;83;72;81m@[0m[48;2;77;69;76m[38;2;77;69;76m░[0m[48;2;108;103;108m[38;2;108;103;108m%[0m[48;2;159;156;159m[38;2;159;156;159m+[0m[48;2;234;233;234m[38;2;234;233;234m.[0m                                 
                                   [48;2;179;179;179m[38;2;179;179;179m=[0m[48;2;66;59;64m[38;2;66;59;64m░[0m[48;2;19;12;17m[38;2;19;12;17m█[0m[48;2;161;154;156m[38;2;161;154;156m+[0m[48;2;136;127;130m[38;2;136;127;130m*[0m[48;2;100;81;115m[38;2;100;81;115m@[0m[48;2;174;130;196m[38;2;174;130;196m+[0m[48;2;94;62;114m[38;2;94;62;114m@[0m[48;2;159;148;150m[38;2;159;148;150m+[0m[48;2;250;235;230m[38;2;250;235;230m [0m[48;2;250;234;229m[38;2;250;234;229m [0m[48;2;234;220;216m[38;2;234;220;216m.[0m[48;2;58;45;51m[38;2;58;45;51m▒[0m[48;2;191;153;194m[38;2;191;153;194m=[0m[48;2;92;63;96m[38;2;92;63;96m@[0m[48;2;182;173;171m[38;2;182;173;171m=[0m[48;2;247;228;219m[38;2;247;228;219m.[0m[48;2;245;218;209m[38;2;245;218;209m.[0m[48;2;250;233;226m[38;2;250;233;226m.[0m[48;2;160;147;146m[38;2;160;147;146m+[0m[48;2;71;60;66m[38;2;71;60;66m░[0m[48;2;150;136;147m[38;2;150;136;147m*[0m[48;2;146;129;141m[38;2;146;129;141m*[0m[48;2;135;120;131m[38;2;135;120;131m#[0m[48;2;79;68;77m[38;2;79;68;77m░[0m[48;2;69;60;68m[38;2;69;60;68m░[0m[48;2;96;83;92m[38;2;96;83;92m@[0m[48;2;126;112;121m[38;2;126;112;121m#[0m[48;2;148;132;143m[38;2;148;132;143m*[0m[48;2;158;140;153m[38;2;158;140;153m+[0m[48;2;128;113;125m[38;2;128;113;125m#[0m[48;2;74;67;74m[38;2;74;67;74m░[0m[48;2;114;112;115m[38;2;114;112;115m#[0m[48;2;235;235;235m[38;2;235;235;235m.[0m                               
                                    [48;2;70;67;69m[38;2;70;67;69m░[0m[48;2;44;36;41m[38;2;44;36;41m▒[0m[48;2;175;167;169m[38;2;175;167;169m=[0m[48;2;235;220;219m[38;2;235;220;219m.[0m[48;2;92;76;80m[38;2;92;76;80m@[0m[48;2;119;89;115m[38;2;119;89;115m%[0m[48;2;71;52;70m[38;2;71;52;70m░[0m[48;2;227;215;212m[38;2;227;215;212m:[0m[48;2;200;187;182m[38;2;200;187;182m-[0m[48;2;171;156;151m[38;2;171;156;151m+[0m[48;2;250;235;229m[38;2;250;235;229m [0m[48;2;225;210;206m[38;2;225;210;206m:[0m[48;2;133;120;118m[38;2;133;120;118m#[0m[48;2;164;151;149m[38;2;164;151;149m+[0m[48;2;251;235;230m[38;2;251;235;230m [0m[48;2;238;210;198m[38;2;238;210;198m:[0m[48;2;242;213;203m[38;2;242;213;203m.[0m[48;2;250;234;227m[38;2;250;234;227m [0m[48;2;247;233;229m[38;2;247;233;229m.[0m[48;2;83;73;76m[38;2;83;73;76m@[0m[48;2;56;46;52m[38;2;56;46;52m▒[0m[48;2;47;36;43m[38;2;47;36;43m▒[0m[48;2;60;49;57m[38;2;60;49;57m▒[0m[48;2;108;97;105m[38;2;108;97;105m%[0m[48;2;137;127;136m[38;2;137;127;136m*[0m[48;2;127;116;125m[38;2;127;116;125m#[0m[48;2;88;80;88m[38;2;88;80;88m@[0m[48;2;48;41;48m[38;2;48;41;48m▒[0m[48;2;20;15;20m[38;2;20;15;20m█[0m[48;2;46;38;45m[38;2;46;38;45m▒[0m[48;2;117;105;114m[38;2;117;105;114m%[0m[48;2;131;119;128m[38;2;131;119;128m#[0m[48;2;61;56;61m[38;2;61;56;61m░[0m[48;2;191;191;191m[38;2;191;191;191m-[0m                              
                                    [48;2;201;201;201m[38;2;201;201;201m-[0m[48;2;13;9;12m[38;2;13;9;12m█[0m[48;2;15;8;12m[38;2;15;8;12m█[0m[48;2;180;167;167m[38;2;180;167;167m=[0m[48;2;250;234;230m[38;2;250;234;230m [0m[48;2;227;211;207m[38;2;227;211;207m:[0m[48;2;244;229;223m[38;2;244;229;223m.[0m[48;2;250;235;228m[38;2;250;235;228m [0m[48;2;212;196;189m[38;2;212;196;189m-[0m[48;2;223;207;201m[38;2;223;207;201m:[0m[48;2;251;235;229m[38;2;251;235;229m [0m[48;2;250;234;228m[38;2;250;234;228m [0m[48;2;250;235;227m[38;2;250;235;227m [0m[48;2;250;235;226m[38;2;250;235;226m [0m[48;2;250;235;228m[38;2;250;235;228m [0m[48;2;250;235;226m[38;2;250;235;226m [0m[48;2;251;234;227m[38;2;251;234;227m [0m[48;2;241;226;221m[38;2;241;226;221m.[0m[48;2;115;104;103m[38;2;115;104;103m%[0m[48;2;34;27;29m[38;2;34;27;29m▓[0m[48;2;61;54;59m[38;2;61;54;59m░[0m[48;2;66;58;63m[38;2;66;58;63m░[0m[48;2;157;150;154m[38;2;157;150;154m+[0m[48;2;43;36;40m[38;2;43;36;40m▒[0m[48;2;65;59;63m[38;2;65;59;63m░[0m[48;2;84;74;82m[38;2;84;74;82m@[0m[48;2;91;79;87m[38;2;91;79;87m@[0m[48;2;112;98;108m[38;2;112;98;108m%[0m[48;2;139;123;135m[38;2;139;123;135m*[0m[48;2;159;142;154m[38;2;159;142;154m+[0m[48;2;161;141;155m[38;2;161;141;155m+[0m[48;2;161;140;155m[38;2;161;140;155m+[0m[48;2;153;137;149m[38;2;153;137;149m*[0m[48;2;62;56;61m[38;2;62;56;61m░[0m[48;2;182;181;182m[38;2;182;181;182m=[0m                             
                                    [48;2;226;226;226m[38;2;226;226;226m.[0m[48;2;103;101;102m[38;2;103;101;102m%[0m[48;2;102;97;100m[38;2;102;97;100m%[0m[48;2;227;217;217m[38;2;227;217;217m.[0m[48;2;248;234;230m[38;2;248;234;230m.[0m[48;2;250;234;230m[38;2;250;234;230m [0m[48;2;250;234;229m[38;2;250;234;229m [0m[48;2;250;234;229m[38;2;250;234;229m [0m[48;2;250;235;229m[38;2;250;235;229m [0m[48;2;251;235;230m[38;2;251;235;230m [0m[48;2;249;233;228m[38;2;249;233;228m.[0m[48;2;238;223;218m[38;2;238;223;218m.[0m[48;2;216;202;197m[38;2;216;202;197m:[0m[48;2;187;175;170m[38;2;187;175;170m=[0m[48;2;158;146;143m[38;2;158;146;143m+[0m[48;2;118;110;109m[38;2;118;110;109m#[0m[48;2;81;73;73m[38;2;81;73;73m@[0m[48;2;31;26;28m[38;2;31;26;28m▓[0m[48;2;4;2;4m[38;2;4;2;4m█[0m[48;2;68;65;69m[38;2;68;65;69m░[0m[48;2;178;174;179m[38;2;178;174;179m=[0m[48;2;38;32;37m[38;2;38;32;37m▓[0m[48;2;76;71;75m[38;2;76;71;75m░[0m[48;2;95;88;93m[38;2;95;88;93m@[0m[48;2;83;75;81m[38;2;83;75;81m@[0m[48;2;158;142;153m[38;2;158;142;153m+[0m[48;2;160;140;155m[38;2;160;140;155m+[0m[48;2;161;140;155m[38;2;161;140;155m+[0m[48;2;161;140;155m[38;2;161;140;155m+[0m[48;2;161;140;155m[38;2;161;140;155m+[0m[48;2;161;140;155m[38;2;161;140;155m+[0m[48;2;161;140;155m[38;2;161;140;155m+[0m[48;2;161;140;155m[38;2;161;140;155m+[0m[48;2;151;135;147m[38;2;151;135;147m*[0m[48;2;49;42;48m[38;2;49;42;48m▒[0m[48;2;230;229;230m[38;2;230;229;230m.[0m                            
                                      [48;2;188;187;187m[38;2;188;187;187m-[0m[48;2;79;77;78m[38;2;79;77;78m@[0m[48;2;31;28;30m[38;2;31;28;30m▓[0m[48;2;41;37;39m[38;2;41;37;39m▒[0m[48;2;46;42;44m[38;2;46;42;44m▒[0m[48;2;62;57;60m[38;2;62;57;60m░[0m[48;2;49;45;47m[38;2;49;45;47m▒[0m[48;2;80;76;78m[38;2;80;76;78m@[0m[48;2;62;56;59m[38;2;62;56;59m░[0m[48;2;85;78;79m[38;2;85;78;79m@[0m[48;2;13;9;10m[38;2;13;9;10m█[0m[48;2;39;36;40m[38;2;39;36;40m▒[0m[48;2;26;21;23m[38;2;26;21;23m▓[0m[48;2;6;2;7m[38;2;6;2;7m█[0m[48;2;14;11;17m[38;2;14;11;17m█[0m[48;2;17;15;22m[38;2;17;15;22m█[0m[48;2;17;15;23m[38;2;17;15;23m█[0m[48;2;149;147;152m[38;2;149;147;152m+[0m[48;2;232;231;235m[38;2;232;231;235m.[0m[48;2;50;49;52m[38;2;50;49;52m▒[0m[48;2;193;191;194m[38;2;193;191;194m-[0m[48;2;187;183;188m[38;2;187;183;188m-[0m[48;2;40;34;39m[38;2;40;34;39m▓[0m[48;2;158;142;153m[38;2;158;142;153m+[0m[48;2;161;140;155m[38;2;161;140;155m+[0m[48;2;161;140;155m[38;2;161;140;155m+[0m[48;2;161;140;155m[38;2;161;140;155m+[0m[48;2;161;140;155m[38;2;161;140;155m+[0m[48;2;161;140;155m[38;2;161;140;155m+[0m[48;2;161;140;155m[38;2;161;140;155m+[0m[48;2;161;140;155m[38;2;161;140;155m+[0m[48;2;161;140;155m[38;2;161;140;155m+[0m[48;2;97;83;93m[38;2;97;83;93m@[0m[48;2;150;145;149m[38;2;150;145;149m+[0m                            
                                   [48;2;240;240;240m[38;2;240;240;240m [0m[48;2;79;79;79m[38;2;79;79;79m@[0m[48;2;28;27;29m[38;2;28;27;29m▓[0m[48;2;25;23;29m[38;2;25;23;29m▓[0m[48;2;27;23;35m[38;2;27;23;35m▓[0m[48;2;27;23;35m[38;2;27;23;35m▓[0m[48;2;7;4;11m[38;2;7;4;11m█[0m[48;2;27;24;28m[38;2;27;24;28m▓[0m[48;2;32;28;33m[38;2;32;28;33m▓[0m[48;2;49;46;51m[38;2;49;46;51m▒[0m[48;2;26;22;28m[38;2;26;22;28m▓[0m[48;2;156;151;156m[38;2;156;151;156m+[0m[48;2;21;18;21m[38;2;21;18;21m▓[0m[48;2;37;34;38m[38;2;37;34;38m▓[0m[48;2;15;12;18m[38;2;15;12;18m█[0m[48;2;32;26;34m[38;2;32;26;34m▓[0m[48;2;33;26;38m[38;2;33;26;38m▓[0m[48;2;26;22;35m[38;2;26;22;35m▓[0m[48;2;3;1;10m[38;2;3;1;10m█[0m[48;2;14;12;18m[38;2;14;12;18m█[0m[48;2;157;156;159m[38;2;157;156;159m+[0m [48;2;139;137;141m[38;2;139;137;141m*[0m[48;2;110;108;112m[38;2;110;108;112m%[0m[48;2;199;197;200m[38;2;199;197;200m-[0m[48;2;39;34;38m[38;2;39;34;38m▓[0m[48;2;156;141;151m[38;2;156;141;151m+[0m[48;2;161;140;155m[38;2;161;140;155m+[0m[48;2;161;140;155m[38;2;161;140;155m+[0m[48;2;161;140;155m[38;2;161;140;155m+[0m[48;2;161;140;155m[38;2;161;140;155m+[0m[48;2;161;140;155m[38;2;161;140;155m+[0m[48;2;161;140;155m[38;2;161;140;155m+[0m[48;2;161;140;155m[38;2;161;140;155m+[0m[48;2;161;140;155m[38;2;161;140;155m+[0m[48;2;125;108;121m[38;2;125;108;121m#[0m[48;2;109;103;107m[38;2;109;103;107m%[0m                            
                                   [48;2;150;149;150m[38;2;150;149;150m+[0m[48;2;14;13;14m[38;2;14;13;14m█[0m[48;2;80;79;81m[38;2;80;79;81m@[0m[48;2;27;24;37m[38;2;27;24;37m▓[0m[48;2;37;32;51m[38;2;37;32;51m▓[0m[48;2;36;31;47m[38;2;36;31;47m▓[0m[48;2;9;6;16m[38;2;9;6;16m█[0m[48;2;29;25;37m[38;2;29;25;37m▓[0m[48;2;13;9;19m[38;2;13;9;19m█[0m[48;2;41;37;45m[38;2;41;37;45m▒[0m[48;2;12;6;13m[38;2;12;6;13m█[0m[48;2;65;62;66m[38;2;65;62;66m░[0m[48;2;11;9;12m[38;2;11;9;12m█[0m[48;2;17;14;18m[38;2;17;14;18m█[0m[48;2;14;10;15m[38;2;14;10;15m█[0m[48;2;85;75;75m[38;2;85;75;75m@[0m[48;2;134;123;114m[38;2;134;123;114m#[0m[48;2;45;37;50m[38;2;45;37;50m▒[0m[48;2;30;25;41m[38;2;30;25;41m▓[0m[48;2;14;10;21m[38;2;14;10;21m█[0m[48;2;49;46;53m[38;2;49;46;53m▒[0m[48;2;151;148;154m[38;2;151;148;154m+[0m[48;2;179;176;180m[38;2;179;176;180m=[0m[48;2;64;61;65m[38;2;64;61;65m░[0m[48;2;69;65;69m[38;2;69;65;69m░[0m[48;2;72;64;70m[38;2;72;64;70m░[0m[48;2;157;143;153m[38;2;157;143;153m+[0m[48;2;120;105;116m[38;2;120;105;116m#[0m[48;2;145;125;139m[38;2;145;125;139m*[0m[48;2;161;140;155m[38;2;161;140;155m+[0m[48;2;161;140;155m[38;2;161;140;155m+[0m[48;2;161;140;155m[38;2;161;140;155m+[0m[48;2;161;140;155m[38;2;161;140;155m+[0m[48;2;161;140;155m[38;2;161;140;155m+[0m[48;2;161;140;155m[38;2;161;140;155m+[0m[48;2;101;85;98m[38;2;101;85;98m@[0m[48;2;145;139;143m[38;2;145;139;143m*[0m                            
                                    [48;2;167;166;166m[38;2;167;166;166m=[0m[48;2;87;84;87m[38;2;87;84;87m@[0m[48;2;63;61;65m[38;2;63;61;65m░[0m[48;2;28;24;37m[38;2;28;24;37m▓[0m[48;2;30;25;40m[38;2;30;25;40m▓[0m[48;2;14;11;22m[38;2;14;11;22m█[0m[48;2;37;31;50m[38;2;37;31;50m▓[0m[48;2;19;15;28m[38;2;19;15;28m█[0m[48;2;32;28;33m[38;2;32;28;33m▓[0m[48;2;25;21;22m[38;2;25;21;22m▓[0m[48;2;5;1;5m[38;2;5;1;5m█[0m[48;2;22;18;23m[38;2;22;18;23m▓[0m[48;2;87;81;74m[38;2;87;81;74m@[0m[48;2;43;37;35m[38;2;43;37;35m▒[0m[48;2;87;78;79m[38;2;87;78;79m@[0m[48;2;105;94;95m[38;2;105;94;95m%[0m[48;2;41;34;49m[38;2;41;34;49m▒[0m[48;2;36;30;51m[38;2;36;30;51m▓[0m[48;2;37;31;51m[38;2;37;31;51m▓[0m[48;2;31;26;43m[38;2;31;26;43m▓[0m[48;2;14;10;22m[38;2;14;10;22m█[0m[48;2;59;55;64m[38;2;59;55;64m░[0m[48;2;112;106;114m[38;2;112;106;114m%[0m[48;2;129;122;129m[38;2;129;122;129m#[0m[48;2;100;91;99m[38;2;100;91;99m%[0m[48;2;45;37;44m[38;2;45;37;44m▒[0m[48;2;39;28;38m[38;2;39;28;38m▓[0m[48;2;146;128;141m[38;2;146;128;141m*[0m[48;2;161;140;155m[38;2;161;140;155m+[0m[48;2;161;140;155m[38;2;161;140;155m+[0m[48;2;161;140;155m[38;2;161;140;155m+[0m[48;2;161;140;155m[38;2;161;140;155m+[0m[48;2;160;140;155m[38;2;160;140;155m+[0m[48;2;137;121;134m[38;2;137;121;134m#[0m[48;2;62;53;61m[38;2;62;53;61m░[0m[48;2;239;237;239m[38;2;239;237;239m [0m                            
                                     [48;2;140;139;140m[38;2;140;139;140m*[0m[48;2;110;107;110m[38;2;110;107;110m%[0m[48;2;75;72;76m[38;2;75;72;76m@[0m[48;2;8;5;13m[38;2;8;5;13m█[0m[48;2;23;19;31m[38;2;23;19;31m▓[0m[48;2;36;31;51m[38;2;36;31;51m▓[0m[48;2;35;29;45m[38;2;35;29;45m▓[0m[48;2;27;20;26m[38;2;27;20;26m▓[0m[48;2;127;117;102m[38;2;127;117;102m#[0m[48;2;138;123;102m[38;2;138;123;102m#[0m[48;2;160;144;116m[38;2;160;144;116m*[0m[48;2;148;134;109m[38;2;148;134;109m*[0m[48;2;30;23;23m[38;2;30;23;23m▓[0m[48;2;32;27;39m[38;2;32;27;39m▓[0m[48;2;38;30;48m[38;2;38;30;48m▓[0m[48;2;34;27;47m[38;2;34;27;47m▓[0m[48;2;32;26;44m[38;2;32;26;44m▓[0m[48;2;35;30;49m[38;2;35;30;49m▓[0m[48;2;36;30;51m[38;2;36;30;51m▓[0m[48;2;36;31;49m[38;2;36;31;49m▓[0m[48;2;27;22;37m[38;2;27;22;37m▓[0m[48;2;20;16;26m[38;2;20;16;26m▓[0m[48;2;14;10;18m[38;2;14;10;18m█[0m[48;2;24;20;26m[38;2;24;20;26m▓[0m[48;2;80;72;80m[38;2;80;72;80m@[0m[48;2;154;139;151m[38;2;154;139;151m*[0m[48;2;161;141;155m[38;2;161;141;155m+[0m[48;2;161;140;155m[38;2;161;140;155m+[0m[48;2;161;140;155m[38;2;161;140;155m+[0m[48;2;160;140;155m[38;2;160;140;155m+[0m[48;2;134;117;130m[38;2;134;117;130m#[0m[48;2;81;71;79m[38;2;81;71;79m@[0m[48;2;102;97;103m[38;2;102;97;103m%[0m[48;2;226;223;227m[38;2;226;223;227m.[0m                             
                                      [48;2;181;180;180m[38;2;181;180;180m=[0m[48;2;160;156;158m[38;2;160;156;158m+[0m[48;2;45;40;46m[38;2;45;40;46m▒[0m[48;2;30;26;37m[38;2;30;26;37m▓[0m[48;2;19;15;28m[38;2;19;15;28m█[0m[48;2;27;23;34m[38;2;27;23;34m▓[0m[48;2;5;2;8m[38;2;5;2;8m█[0m[48;2;13;7;21m[38;2;13;7;21m█[0m[48;2;24;16;42m[38;2;24;16;42m▓[0m[48;2;28;22;27m[38;2;28;22;27m▓[0m[48;2;11;5;11m[38;2;11;5;11m█[0m[48;2;16;10;16m[38;2;16;10;16m█[0m[48;2;24;20;24m[38;2;24;20;24m▓[0m[48;2;22;18;23m[38;2;22;18;23m▓[0m[48;2;7;3;8m[38;2;7;3;8m█[0m[48;2;8;5;11m[38;2;8;5;11m█[0m[48;2;6;3;9m[38;2;6;3;9m█[0m[48;2;7;4;10m[38;2;7;4;10m█[0m[48;2;14;10;17m[38;2;14;10;17m█[0m[48;2;11;7;14m[38;2;11;7;14m█[0m[48;2;13;10;16m[38;2;13;10;16m█[0m[48;2;10;6;15m[38;2;10;6;15m█[0m[48;2;20;16;29m[38;2;20;16;29m▓[0m[48;2;25;20;33m[38;2;25;20;33m▓[0m[48;2;60;52;64m[38;2;60;52;64m░[0m[48;2;114;100;114m[38;2;114;100;114m%[0m[48;2;116;102;116m[38;2;116;102;116m%[0m[48;2;75;63;74m[38;2;75;63;74m░[0m[48;2;96;88;96m[38;2;96;88;96m@[0m[48;2;144;140;145m[38;2;144;140;145m*[0m[48;2;228;226;229m[38;2;228;226;229m.[0m                               
                                        [48;2;17;14;18m[38;2;17;14;18m█[0m[48;2;17;14;20m[38;2;17;14;20m█[0m[48;2;41;38;45m[38;2;41;38;45m▒[0m[48;2;33;30;37m[38;2;33;30;37m▓[0m[48;2;16;13;19m[38;2;16;13;19m█[0m[48;2;52;49;54m[38;2;52;49;54m▒[0m[48;2;20;16;32m[38;2;20;16;32m▓[0m[48;2;17;13;25m[38;2;17;13;25m█[0m[48;2;13;8;27m[38;2;13;8;27m█[0m[48;2;64;47;125m[38;2;64;47;125m░[0m[48;2;37;28;56m[38;2;37;28;56m▓[0m[48;2;16;11;15m[38;2;16;11;15m█[0m[48;2;37;31;36m[38;2;37;31;36m▓[0m[48;2;45;40;47m[38;2;45;40;47m▒[0m[48;2;47;43;50m[38;2;47;43;50m▒[0m[48;2;51;46;54m[38;2;51;46;54m▒[0m[48;2;51;46;55m[38;2;51;46;55m▒[0m[48;2;28;23;33m[38;2;28;23;33m▓[0m[48;2;20;16;26m[38;2;20;16;26m▓[0m[48;2;31;27;42m[38;2;31;27;42m▓[0m[48;2;37;31;52m[38;2;37;31;52m▓[0m[48;2;37;31;52m[38;2;37;31;52m▓[0m[48;2;36;30;50m[38;2;36;30;50m▓[0m[48;2;26;20;38m[38;2;26;20;38m▓[0m[48;2;15;10;23m[38;2;15;10;23m█[0m[48;2;109;105;112m[38;2;109;105;112m%[0m[48;2;236;234;238m[38;2;236;234;238m.[0m                                 
                                       [48;2;181;180;181m[38;2;181;180;181m=[0m[48;2;15;12;17m[38;2;15;12;17m█[0m[48;2;30;28;34m[38;2;30;28;34m▓[0m[48;2;23;19;31m[38;2;23;19;31m▓[0m[48;2;31;26;40m[38;2;31;26;40m▓[0m[48;2;75;72;78m[38;2;75;72;78m@[0m[48;2;155;152;157m[38;2;155;152;157m+[0m[48;2;44;31;92m[38;2;44;31;92m▒[0m[48;2;64;48;117m[38;2;64;48;117m░[0m[48;2;17;8;49m[38;2;17;8;49m█[0m[48;2;45;33;80m[38;2;45;33;80m▒[0m[48;2;25;19;42m[38;2;25;19;42m▓[0m[48;2;83;79;85m[38;2;83;79;85m@[0m[48;2;97;94;98m[38;2;97;94;98m%[0m[48;2;27;23;33m[38;2;27;23;33m▓[0m[48;2;31;26;42m[38;2;31;26;42m▓[0m[48;2;37;31;51m[38;2;37;31;51m▓[0m[48;2;37;31;51m[38;2;37;31;51m▓[0m[48;2;36;30;51m[38;2;36;30;51m▓[0m[48;2;36;30;51m[38;2;36;30;51m▓[0m[48;2;37;31;52m[38;2;37;31;52m▓[0m[48;2;37;31;52m[38;2;37;31;52m▓[0m[48;2;37;31;52m[38;2;37;31;52m▓[0m[48;2;37;31;52m[38;2;37;31;52m▓[0m[48;2;37;31;52m[38;2;37;31;52m▓[0m[48;2;37;31;52m[38;2;37;31;52m▓[0m[48;2;30;25;42m[38;2;30;25;42m▓[0m[48;2;32;28;37m[38;2;32;28;37m▓[0m[48;2;139;138;141m[38;2;139;138;141m*[0m                                
                                       [48;2;76;76;76m[38;2;76;76;76m@[0m[48;2;9;7;12m[38;2;9;7;12m█[0m[48;2;32;27;43m[38;2;32;27;43m▓[0m[48;2;36;30;51m[38;2;36;30;51m▓[0m[48;2;26;22;39m[38;2;26;22;39m▓[0m[48;2;116;114;120m[38;2;116;114;120m#[0m[48;2;236;234;238m[38;2;236;234;238m.[0m[48;2;84;80;89m[38;2;84;80;89m@[0m[48;2;72;65;82m[38;2;72;65;82m░[0m[48;2;20;11;51m[38;2;20;11;51m█[0m[48;2;64;48;117m[38;2;64;48;117m░[0m[48;2;30;21;49m[38;2;30;21;49m▓[0m[48;2;162;160;164m[38;2;162;160;164m+[0m [48;2;226;225;228m[38;2;226;225;228m.[0m[48;2;134;132;138m[38;2;134;132;138m*[0m[48;2;49;46;56m[38;2;49;46;56m▒[0m[48;2;24;20;33m[38;2;24;20;33m▓[0m[48;2;34;30;45m[38;2;34;30;45m▓[0m[48;2;37;31;50m[38;2;37;31;50m▓[0m[48;2;37;31;52m[38;2;37;31;52m▓[0m[48;2;37;31;52m[38;2;37;31;52m▓[0m[48;2;37;31;52m[38;2;37;31;52m▓[0m[48;2;37;31;52m[38;2;37;31;52m▓[0m[48;2;37;31;52m[38;2;37;31;52m▓[0m[48;2;37;31;52m[38;2;37;31;52m▓[0m[48;2;37;31;52m[38;2;37;31;52m▓[0m[48;2;37;31;51m[38;2;37;31;51m▓[0m[48;2;28;23;39m[38;2;28;23;39m▓[0m[48;2;48;45;54m[38;2;48;45;54m▒[0m[48;2;199;199;200m[38;2;199;199;200m-[0m                              
                                       [48;2;136;136;136m[38;2;136;136;136m*[0m[48;2;22;19;27m[38;2;22;19;27m▓[0m[48;2;37;32;51m[38;2;37;32;51m▓[0m[48;2;37;31;52m[38;2;37;31;52m▓[0m[48;2;25;20;38m[38;2;25;20;38m▓[0m[48;2;136;133;140m[38;2;136;133;140m*[0m   [48;2;177;176;179m[38;2;177;176;179m=[0m[48;2;88;85;93m[38;2;88;85;93m@[0m[48;2;94;91;99m[38;2;94;91;99m%[0m[48;2;234;233;235m[38;2;234;233;235m.[0m    [48;2;160;159;162m[38;2;160;159;162m+[0m[48;2;32;29;35m[38;2;32;29;35m▓[0m[48;2;50;48;56m[38;2;50;48;56m▒[0m[48;2;20;17;30m[38;2;20;17;30m▓[0m[48;2;30;25;42m[38;2;30;25;42m▓[0m[48;2;37;31;52m[38;2;37;31;52m▓[0m[48;2;37;31;52m[38;2;37;31;52m▓[0m[48;2;37;31;52m[38;2;37;31;52m▓[0m[48;2;37;31;52m[38;2;37;31;52m▓[0m[48;2;37;31;52m[38;2;37;31;52m▓[0m[48;2;37;31;52m[38;2;37;31;52m▓[0m[48;2;37;31;52m[38;2;37;31;52m▓[0m[48;2;36;31;49m[38;2;36;31;49m▓[0m[48;2;22;19;28m[38;2;22;19;28m▓[0m[48;2;188;187;189m[38;2;188;187;189m-[0m                             