                                                                                                              
                                                                                                              
                                                                                                              
                                                                                                              
                                                                                                              
                                                                                                              
                                                                                                              
                                                                                                              
                                                                                                              
                                                                                                              
                                                                                                              
                                                                                                              
                                                                                                              
                                                   [48;2;187;186;188m[38;2;187;186;188m-[0m[48;2;130;130;132m[38;2;130;130;132m*[0m[48;2;92;91;95m[38;2;92;91;95m%[0m[48;2;66;65;69m[38;2;66;65;69m░[0m[48;2;57;56;61m[38;2;57;56;61m░[0m[48;2;53;52;56m[38;2;53;52;56m▒[0m[48;2;56;55;61m[38;2;56;55;61m░[0m[48;2;71;70;76m[38;2;71;70;76m░[0m[48;2;100;99;103m[38;2;100;99;103m%[0m[48;2;142;142;146m[38;2;142;142;146m*[0m[48;2;198;197;201m[38;2;198;197;201m-[0m                                                
                                                [48;2;215;215;215m[38;2;215;215;215m:[0m[48;2;101;100;102m[38;2;101;100;102m%[0m[48;2;29;28;35m[38;2;29;28;35m▓[0m[48;2;28;26;37m[38;2;28;26;37m▓[0m[48;2;39;37;50m[38;2;39;37;50m▒[0m[48;2;44;41;58m[38;2;44;41;58m▒[0m[48;2;45;43;60m[38;2;45;43;60m▒[0m[48;2;47;44;60m[38;2;47;44;60m▒[0m[48;2;48;45;61m[38;2;48;45;61m▒[0m[48;2;46;43;60m[38;2;46;43;60m▒[0m[48;2;45;43;59m[38;2;45;43;59m▒[0m[48;2;43;40;57m[38;2;43;40;57m▒[0m[48;2;37;35;51m[38;2;37;35;51m▒[0m[48;2;27;25;40m[38;2;27;25;40m▓[0m[48;2;35;34;44m[38;2;35;34;44m▓[0m[48;2;100;99;105m[38;2;100;99;105m%[0m[48;2;198;198;200m[38;2;198;198;200m-[0m                                             
                                              [48;2;236;236;236m[38;2;236;236;236m.[0m[48;2;120;120;121m[38;2;120;120;121m#[0m[48;2;25;24;30m[38;2;25;24;30m▓[0m[48;2;38;35;47m[38;2;38;35;47m▒[0m[48;2;46;43;58m[38;2;46;43;58m▒[0m[48;2;43;40;55m[38;2;43;40;55m▒[0m[48;2;34;31;46m[38;2;34;31;46m▓[0m[48;2;28;24;38m[38;2;28;24;38m▓[0m[48;2;27;24;37m[38;2;27;24;37m▓[0m[48;2;42;37;49m[38;2;42;37;49m▒[0m[48;2;47;42;52m[38;2;47;42;52m▒[0m[48;2;27;22;34m[38;2;27;22;34m▓[0m[48;2;47;42;54m[38;2;47;42;54m▒[0m[48;2;67;62;73m[38;2;67;62;73m░[0m[48;2;65;61;73m[38;2;65;61;73m░[0m[48;2;48;45;58m[38;2;48;45;58m▒[0m[48;2;44;42;57m[38;2;44;42;57m▒[0m[48;2;39;38;52m[38;2;39;38;52m▒[0m[48;2;24;23;33m[38;2;24;23;33m▓[0m[48;2;70;69;75m[38;2;70;69;75m░[0m[48;2;205;204;206m[38;2;205;204;206m:[0m                                           
                                             [48;2;189;189;189m[38;2;189;189;189m-[0m[48;2;36;35;40m[38;2;36;35;40m▓[0m[48;2;37;35;46m[38;2;37;35;46m▒[0m[48;2;45;42;57m[38;2;45;42;57m▒[0m[48;2;35;32;46m[38;2;35;32;46m▓[0m[48;2;25;20;32m[38;2;25;20;32m▓[0m[48;2;70;62;73m[38;2;70;62;73m░[0m[48;2;107;94;106m[38;2;107;94;106m%[0m[48;2;137;120;132m[38;2;137;120;132m#[0m[48;2;151;133;146m[38;2;151;133;146m*[0m[48;2;154;139;149m[38;2;154;139;149m*[0m[48;2;148;132;143m[38;2;148;132;143m*[0m[48;2;130;116;126m[38;2;130;116;126m#[0m[48;2;105;92;102m[38;2;105;92;102m%[0m[48;2;77;67;75m[38;2;77;67;75m░[0m[48;2;38;29;36m[38;2;38;29;36m▓[0m[48;2;57;47;55m[38;2;57;47;55m▒[0m[48;2;67;57;65m[38;2;67;57;65m░[0m[48;2;68;59;67m[38;2;68;59;67m░[0m[48;2;54;46;54m[38;2;54;46;54m▒[0m[48;2;26;19;26m[38;2;26;19;26m▓[0m[48;2;8;6;9m[38;2;8;6;9m█[0m[48;2;143;141;143m[38;2;143;141;143m*[0m                                          
                                            [48;2;173;173;173m[38;2;173;173;173m=[0m[48;2;20;19;24m[38;2;20;19;24m▓[0m[48;2;43;41;53m[38;2;43;41;53m▒[0m[48;2;41;38;52m[38;2;41;38;52m▒[0m[48;2;22;19;30m[38;2;22;19;30m▓[0m[48;2;52;46;56m[38;2;52;46;56m▒[0m[48;2;145;129;142m[38;2;145;129;142m*[0m[48;2;160;141;155m[38;2;160;141;155m+[0m[48;2;161;140;155m[38;2;161;140;155m+[0m[48;2;161;140;155m[38;2;161;140;155m+[0m[48;2;117;97;112m[38;2;117;97;112m%[0m[48;2;72;56;67m[38;2;72;56;67m░[0m[48;2;78;63;73m[38;2;78;63;73m░[0m[48;2;86;70;81m[38;2;86;70;81m@[0m[48;2;90;75;85m[38;2;90;75;85m@[0m[48;2;154;135;147m[38;2;154;135;147m*[0m[48;2;156;137;149m[38;2;156;137;149m*[0m[48;2;160;141;153m[38;2;160;141;153m+[0m[48;2;161;141;153m[38;2;161;141;153m+[0m[48;2;151;133;144m[38;2;151;133;144m*[0m[48;2;72;59;68m[38;2;72;59;68m░[0m[48;2;80;70;77m[38;2;80;70;77m@[0m[48;2;84;78;83m[38;2;84;78;83m@[0m[48;2;35;30;35m[38;2;35;30;35m▓[0m[48;2;135;132;135m[38;2;135;132;135m*[0m                                         
                                           [48;2;203;203;203m[38;2;203;203;203m:[0m[48;2;20;19;23m[38;2;20;19;23m▓[0m[48;2;42;40;51m[38;2;42;40;51m▒[0m[48;2;25;23;33m[38;2;25;23;33m▓[0m[48;2;22;18;27m[38;2;22;18;27m▓[0m[48;2;119;106;118m[38;2;119;106;118m#[0m[48;2;160;142;155m[38;2;160;142;155m+[0m[48;2;161;140;155m[38;2;161;140;155m+[0m[48;2;161;140;155m[38;2;161;140;155m+[0m[48;2;161;140;155m[38;2;161;140;155m+[0m[48;2;161;140;155m[38;2;161;140;155m+[0m[48;2;161;140;155m[38;2;161;140;155m+[0m[48;2;161;140;155m[38;2;161;140;155m+[0m[48;2;161;140;155m[38;2;161;140;155m+[0m[48;2;161;140;155m[38;2;161;140;155m+[0m[48;2;161;140;155m[38;2;161;140;155m+[0m[48;2;161;140;155m[38;2;161;140;155m+[0m[48;2;161;140;155m[38;2;161;140;155m+[0m[48;2;161;140;155m[38;2;161;140;155m+[0m[48;2;161;140;155m[38;2;161;140;155m+[0m[48;2;161;140;155m[38;2;161;140;155m+[0m[48;2;161;140;155m[38;2;161;140;155m+[0m[48;2;141;123;136m[38;2;141;123;136m*[0m[48;2;109;95;104m[38;2;109;95;104m%[0m[48;2;116;103;113m[38;2;116;103;113m%[0m[48;2;15;10;15m[38;2;15;10;15m█[0m[48;2;55;53;57m[38;2;55;53;57m▒[0m[48;2;95;93;102m[38;2;95;93;102m%[0m[48;2;208;208;208m[38;2;208;208;208m:[0m                                      
                                           [48;2;54;53;55m[38;2;54;53;55m▒[0m[48;2;32;30;38m[38;2;32;30;38m▓[0m[48;2;11;10;18m[38;2;11;10;18m█[0m[48;2;22;17;25m[38;2;22;17;25m▓[0m[48;2;137;122;135m[38;2;137;122;135m#[0m[48;2;160;140;155m[38;2;160;140;155m+[0m[48;2;161;140;155m[38;2;161;140;155m+[0m[48;2;161;140;155m[38;2;161;140;155m+[0m[48;2;161;140;155m[38;2;161;140;155m+[0m[48;2;160;139;154m[38;2;160;139;154m+[0m[48;2;159;138;153m[38;2;159;138;153m*[0m[48;2;159;138;153m[38;2;159;138;153m*[0m[48;2;159;138;153m[38;2;159;138;153m*[0m[48;2;161;140;155m[38;2;161;140;155m+[0m[48;2;161;140;155m[38;2;161;140;155m+[0m[48;2;161;140;155m[38;2;161;140;155m+[0m[48;2;161;140;155m[38;2;161;140;155m+[0m[48;2;161;140;155m[38;2;161;140;155m+[0m[48;2;161;140;155m[38;2;161;140;155m+[0m[48;2;161;140;155m[38;2;161;140;155m+[0m[48;2;161;140;155m[38;2;161;140;155m+[0m[48;2;148;129;143m[38;2;148;129;143m*[0m[48;2;135;118;131m[38;2;135;118;131m#[0m[48;2;159;140;154m[38;2;159;140;154m+[0m[48;2;159;140;154m[38;2;159;140;154m+[0m[48;2;124;111;122m[38;2;124;111;122m#[0m[48;2;12;7;13m[38;2;12;7;13m█[0m[48;2;54;44;80m[38;2;54;44;80m▒[0m[48;2;86;84;86m[38;2;86;84;86m@[0m                                      
                                          [48;2;176;176;176m[38;2;176;176;176m=[0m[48;2;12;10;12m[38;2;12;10;12m█[0m[48;2;24;20;27m[38;2;24;20;27m▓[0m[48;2;17;13;21m[38;2;17;13;21m█[0m[48;2;125;112;124m[38;2;125;112;124m#[0m[48;2;162;142;156m[38;2;162;142;156m+[0m[48;2;161;140;155m[38;2;161;140;155m+[0m[48;2;161;140;155m[38;2;161;140;155m+[0m[48;2;161;140;155m[38;2;161;140;155m+[0m[48;2;129;113;126m[38;2;129;113;126m#[0m[48;2;55;40;52m[38;2;55;40;52m▒[0m[48;2;114;99;111m[38;2;114;99;111m%[0m[48;2;52;38;50m[38;2;52;38;50m▒[0m[48;2;157;140;154m[38;2;157;140;154m+[0m[48;2;99;82;95m[38;2;99;82;95m@[0m[48;2;138;119;133m[38;2;138;119;133m#[0m[48;2;161;140;155m[38;2;161;140;155m+[0m[48;2;161;140;155m[38;2;161;140;155m+[0m[48;2;161;140;155m[38;2;161;140;155m+[0m[48;2;161;140;155m[38;2;161;140;155m+[0m[48;2;149;129;143m[38;2;149;129;143m*[0m[48;2;132;115;128m[38;2;132;115;128m#[0m[48;2;130;115;125m[38;2;130;115;125m#[0m[48;2;51;38;47m[38;2;51;38;47m▒[0m[48;2;157;141;152m[38;2;157;141;152m+[0m[48;2;160;140;154m[38;2;160;140;154m+[0m[48;2;160;141;155m[38;2;160;141;155m+[0m[48;2;95;81;92m[38;2;95;81;92m@[0m[48;2;13;6;15m[38;2;13;6;15m█[0m[48;2;37;30;52m[38;2;37;30;52m▓[0m[48;2;194;193;195m[38;2;194;193;195m-[0m                                     
                                          [48;2;95;94;94m[38;2;95;94;94m%[0m[48;2;12;9;11m[38;2;12;9;11m█[0m[48;2;89;83;90m[38;2;89;83;90m@[0m[48;2;55;47;56m[38;2;55;47;56m▒[0m[48;2;160;142;156m[38;2;160;142;156m+[0m[48;2;162;141;156m[38;2;162;141;156m+[0m[48;2;161;140;155m[38;2;161;140;155m+[0m[48;2;161;140;155m[38;2;161;140;155m+[0m[48;2;149;131;145m[38;2;149;131;145m*[0m[48;2;33;24;34m[38;2;33;24;34m▓[0m[48;2;55;49;57m[38;2;55;49;57m▒[0m[48;2;12;6;13m[38;2;12;6;13m█[0m[48;2;103;93;102m[38;2;103;93;102m%[0m[48;2;108;94;105m[38;2;108;94;105m%[0m[48;2;41;31;40m[38;2;41;31;40m▓[0m[48;2;132;117;130m[38;2;132;117;130m#[0m[48;2;159;141;155m[38;2;159;141;155m+[0m[48;2;161;140;155m[38;2;161;140;155m+[0m[48;2;161;140;155m[38;2;161;140;155m+[0m[48;2;161;140;155m[38;2;161;140;155m+[0m[48;2;112;95;108m[38;2;112;95;108m%[0m[48;2;64;51;61m[38;2;64;51;61m░[0m[48;2;157;142;152m[38;2;157;142;152m+[0m[48;2;55;43;52m[38;2;55;43;52m▒[0m[48;2;119;104;114m[38;2;119;104;114m%[0m[48;2;159;140;154m[38;2;159;140;154m+[0m[48;2;161;140;155m[38;2;161;140;155m+[0m[48;2;157;139;152m[38;2;157;139;152m*[0m[48;2;38;27;36m[38;2;38;27;36m▓[0m[48;2;26;18;37m[38;2;26;18;37m▓[0m[48;2;188;186;188m[38;2;188;186;188m-[0m                                     
                                          [48;2;50;49;49m[38;2;50;49;49m▒[0m[48;2;93;84;90m[38;2;93;84;90m@[0m[48;2;76;67;75m[38;2;76;67;75m░[0m[48;2;100;89;98m[38;2;100;89;98m%[0m[48;2;161;141;155m[38;2;161;141;155m+[0m[48;2;161;140;155m[38;2;161;140;155m+[0m[48;2;161;140;155m[38;2;161;140;155m+[0m[48;2;160;140;155m[38;2;160;140;155m+[0m[48;2;79;66;76m[38;2;79;66;76m░[0m[48;2;7;0;7m[38;2;7;0;7m█[0m[48;2;61;55;60m[38;2;61;55;60m░[0m[48;2;23;18;22m[38;2;23;18;22m▓[0m[48;2;89;83;89m[38;2;89;83;89m@[0m[48;2;25;20;25m[38;2;25;20;25m▓[0m[48;2;20;15;19m[38;2;20;15;19m█[0m[48;2;8;1;6m[38;2;8;1;6m█[0m[48;2;64;53;61m[38;2;64;53;61m░[0m[48;2;153;137;148m[38;2;153;137;148m*[0m[48;2;159;141;154m[38;2;159;141;154m+[0m[48;2;159;142;154m[38;2;159;142;154m+[0m[48;2;136;121;133m[38;2;136;121;133m#[0m[48;2;10;3;10m[38;2;10;3;10m█[0m[48;2;88;77;86m[38;2;88;77;86m@[0m[48;2;130;118;128m[38;2;130;118;128m#[0m[48;2;25;15;23m[38;2;25;15;23m▓[0m[48;2;100;87;97m[38;2;100;87;97m%[0m[48;2;153;137;149m[38;2;153;137;149m*[0m[48;2;134;118;129m[38;2;134;118;129m#[0m[48;2;126;112;122m[38;2;126;112;122m#[0m[48;2;40;35;40m[38;2;40;35;40m▒[0m[48;2;118;115;118m[38;2;118;115;118m#[0m[48;2;216;214;216m[38;2;216;214;216m:[0m                                    
                                         [48;2;235;235;236m[38;2;235;235;236m.[0m[48;2;31;27;29m[38;2;31;27;29m▓[0m[48;2;153;141;149m[38;2;153;141;149m*[0m[48;2;67;57;65m[38;2;67;57;65m░[0m[48;2;111;100;108m[38;2;111;100;108m%[0m[48;2;161;141;154m[38;2;161;141;154m+[0m[48;2;161;140;155m[38;2;161;140;155m+[0m[48;2;161;140;155m[38;2;161;140;155m+[0m[48;2;160;140;154m[38;2;160;140;154m+[0m[48;2;37;26;33m[38;2;37;26;33m▓[0m[48;2;82;74;79m[38;2;82;74;79m@[0m[48;2;215;206;209m[38;2;215;206;209m:[0m[48;2;71;62;66m[38;2;71;62;66m░[0m[48;2;53;28;105m[38;2;53;28;105m▒[0m[48;2;62;30;131m[38;2;62;30;131m▒[0m[48;2;35;14;76m[38;2;35;14;76m▓[0m[48;2;97;88;93m[38;2;97;88;93m@[0m[48;2;153;143;143m[38;2;153;143;143m*[0m[48;2;110;99;99m[38;2;110;99;99m%[0m[48;2;105;92;94m[38;2;105;92;94m%[0m[48;2;104;91;94m[38;2;104;91;94m%[0m[48;2;87;77;81m[38;2;87;77;81m@[0m[48;2;11;5;18m[38;2;11;5;18m█[0m[48;2;33;13;67m[38;2;33;13;67m▓[0m[48;2;48;28;78m[38;2;48;28;78m▒[0m[48;2;20;12;26m[38;2;20;12;26m█[0m[48;2;23;16;21m[38;2;23;16;21m▓[0m[48;2;19;11;16m[38;2;19;11;16m█[0m[48;2;22;16;19m[38;2;22;16;19m█[0m[48;2;30;24;28m[38;2;30;24;28m▓[0m[48;2;51;47;51m[38;2;51;47;51m▒[0m[48;2;45;42;46m[38;2;45;42;46m▒[0m[48;2;12;10;13m[38;2;12;10;13m█[0m[48;2;138;136;139m[38;2;138;136;139m*[0m                                   
                                         [48;2;182;182;184m[38;2;182;182;184m=[0m[48;2;63;55;61m[38;2;63;55;61m░[0m[48;2;159;144;153m[38;2;159;144;153m+[0m[48;2;89;77;86m[38;2;89;77;86m@[0m[48;2;87;77;86m[38;2;87;77;86m@[0m[48;2;161;141;155m[38;2;161;141;155m+[0m[48;2;161;140;155m[38;2;161;140;155m+[0m[48;2;161;140;155m[38;2;161;140;155m+[0m[48;2;159;138;153m[38;2;159;138;153m*[0m[48;2;35;24;30m[38;2;35;24;30m▓[0m[48;2;242;231;232m[38;2;242;231;232m.[0m[48;2;249;237;237m[38;2;249;237;237m [0m[48;2;49;38;44m[38;2;49;38;44m▒[0m[48;2;180;151;196m[38;2;180;151;196m=[0m[48;2;151;101;184m[38;2;151;101;184m#[0m[48;2;64;34;85m[38;2;64;34;85m▒[0m[48;2;162;151;152m[38;2;162;151;152m+[0m[48;2;251;238;230m[38;2;251;238;230m [0m[48;2;251;237;229m[38;2;251;237;229m [0m[48;2;250;235;228m[38;2;250;235;228m [0m[48;2;250;234;228m[38;2;250;234;228m [0m[48;2;191;177;176m[38;2;191;177;176m=[0m[48;2;29;17;43m[38;2;29;17;43m▓[0m[48;2;114;75;173m[38;2;114;75;173m%[0m[48;2;78;38;149m[38;2;78;38;149m░[0m[48;2;36;25;42m[38;2;36;25;42m▓[0m[48;2;222;212;212m[38;2;222;212;212m:[0m[48;2;61;51;51m[38;2;61;51;51m▒[0m[48;2;142;135;135m[38;2;142;135;135m*[0m[48;2;11;8;10m[38;2;11;8;10m█[0m[48;2;30;26;30m[38;2;30;26;30m▓[0m[48;2;129;126;130m[38;2;129;126;130m#[0m[48;2;237;234;238m[38;2;237;234;238m.[0m                                    
                                         [48;2;177;177;178m[38;2;177;177;178m=[0m[48;2;65;57;63m[38;2;65;57;63m░[0m[48;2;158;143;154m[38;2;158;143;154m+[0m[48;2;147;133;145m[38;2;147;133;145m*[0m[48;2;23;15;22m[38;2;23;15;22m█[0m[48;2;130;115;126m[38;2;130;115;126m#[0m[48;2;160;140;155m[38;2;160;140;155m+[0m[48;2;161;140;155m[38;2;161;140;155m+[0m[48;2;160;140;154m[38;2;160;140;154m+[0m[48;2;38;28;34m[38;2;38;28;34m▓[0m[48;2;213;195;197m[38;2;213;195;197m-[0m[48;2;247;227;226m[38;2;247;227;226m.[0m[48;2;91;80;81m[38;2;91;80;81m@[0m[48;2;140;114;141m[38;2;140;114;141m#[0m[48;2;166;122;164m[38;2;166;122;164m*[0m[48;2;62;47;60m[38;2;62;47;60m▒[0m[48;2;239;227;223m[38;2;239;227;223m.[0m[48;2;250;236;227m[38;2;250;236;227m [0m[48;2;250;235;226m[38;2;250;235;226m [0m[48;2;250;235;226m[38;2;250;235;226m [0m[48;2;250;235;226m[38;2;250;235;226m [0m[48;2;218;203;201m[38;2;218;203;201m:[0m[48;2;49;36;46m[38;2;49;36;46m▒[0m[48;2;218;171;222m[38;2;218;171;222m-[0m[48;2;114;80;121m[38;2;114;80;121m%[0m[48;2;122;111;110m[38;2;122;111;110m#[0m[48;2;246;233;227m[38;2;246;233;227m.[0m[48;2;245;231;226m[38;2;245;231;226m.[0m[48;2;176;165;163m[38;2;176;165;163m=[0m[48;2;58;49;53m[38;2;58;49;53m▒[0m[48;2;68;58;65m[38;2;68;58;65m░[0m[48;2;76;71;76m[38;2;76;71;76m░[0m                                     
                                         [48;2;232;232;232m[38;2;232;232;232m.[0m[48;2;40;36;40m[38;2;40;36;40m▒[0m[48;2;110;100;109m[38;2;110;100;109m%[0m[48;2;79;69;78m[38;2;79;69;78m░[0m[48;2;10;4;10m[38;2;10;4;10m█[0m[48;2;12;5;12m[38;2;12;5;12m█[0m[48;2;78;67;77m[38;2;78;67;77m░[0m[48;2;129;114;126m[38;2;129;114;126m#[0m[48;2;154;138;150m[38;2;154;138;150m*[0m[48;2;105;94;102m[38;2;105;94;102m%[0m[48;2;80;67;70m[38;2;80;67;70m░[0m[48;2;239;223;220m[38;2;239;223;220m.[0m[48;2;234;222;217m[38;2;234;222;217m.[0m[48;2;147;136;133m[38;2;147;136;133m*[0m[48;2;145;135;131m[38;2;145;135;131m*[0m[48;2;228;216;212m[38;2;228;216;212m:[0m[48;2;250;235;227m[38;2;250;235;227m [0m[48;2;247;232;223m[38;2;247;232;223m.[0m[48;2;173;158;151m[38;2;173;158;151m+[0m[48;2;223;208;200m[38;2;223;208;200m:[0m[48;2;250;235;226m[38;2;250;235;226m [0m[48;2;249;235;227m[38;2;249;235;227m [0m[48;2;138;124;120m[38;2;138;124;120m#[0m[48;2;92;73;80m[38;2;92;73;80m@[0m[48;2;110;92;95m[38;2;110;92;95m%[0m[48;2;239;222;215m[38;2;239;222;215m.[0m[48;2;243;211;200m[38;2;243;211;200m:[0m[48;2;244;216;206m[38;2;244;216;206m.[0m[48;2;178;165;164m[38;2;178;165;164m=[0m[48;2;65;55;60m[38;2;65;55;60m░[0m[48;2;143;131;139m[38;2;143;131;139m*[0m[48;2;34;29;34m[38;2;34;29;34m▓[0m                                     
                                          [48;2;71;71;71m[38;2;71;71;71m░[0m[48;2;36;32;34m[38;2;36;32;34m▓[0m[48;2;120;115;117m[38;2;120;115;117m#[0m[48;2;229;220;220m[38;2;229;220;220m.[0m[48;2;174;166;166m[38;2;174;166;166m=[0m[48;2;15;10;11m[38;2;15;10;11m█[0m[48;2;3;1;2m[38;2;3;1;2m█[0m[48;2;16;14;15m[38;2;16;14;15m█[0m[48;2;92;87;90m[38;2;92;87;90m@[0m[48;2;70;64;65m[38;2;70;64;65m░[0m[48;2;79;70;69m[38;2;79;70;69m░[0m[48;2;180;168;164m[38;2;180;168;164m=[0m[48;2;248;235;228m[38;2;248;235;228m [0m[48;2;250;234;228m[38;2;250;234;228m [0m[48;2;250;235;226m[38;2;250;235;226m [0m[48;2;250;235;226m[38;2;250;235;226m [0m[48;2;249;234;225m[38;2;249;234;225m.[0m[48;2;200;185;177m[38;2;200;185;177m-[0m[48;2;227;212;204m[38;2;227;212;204m:[0m[48;2;250;235;226m[38;2;250;235;226m [0m[48;2;250;235;226m[38;2;250;235;226m [0m[48;2;250;235;226m[38;2;250;235;226m [0m[48;2;251;236;227m[38;2;251;236;227m [0m[48;2;251;236;227m[38;2;251;236;227m [0m[48;2;245;226;216m[38;2;245;226;216m.[0m[48;2;242;215;204m[38;2;242;215;204m.[0m[48;2;248;226;221m[38;2;248;226;221m.[0m[48;2;134;121;122m[38;2;134;121;122m#[0m[48;2;39;30;35m[38;2;39;30;35m▓[0m[48;2;33;24;29m[38;2;33;24;29m▓[0m[48;2;186;179;185m[38;2;186;179;185m=[0m                                     
                                         [48;2;166;166;166m[38;2;166;166;166m=[0m[48;2;85;85;85m[38;2;85;85;85m@[0m[48;2;193;192;192m[38;2;193;192;192m-[0m[48;2;79;75;77m[38;2;79;75;77m@[0m[48;2;117;109;111m[38;2;117;109;111m#[0m[48;2;226;218;218m[38;2;226;218;218m.[0m[48;2;112;106;107m[38;2;112;106;107m%[0m[48;2;82;80;81m[38;2;82;80;81m@[0m[48;2;8;7;7m[38;2;8;7;7m█[0m[48;2;77;71;73m[38;2;77;71;73m░[0m[48;2;211;203;203m[38;2;211;203;203m:[0m[48;2;247;237;233m[38;2;247;237;233m [0m[48;2;249;237;233m[38;2;249;237;233m [0m[48;2;250;235;230m[38;2;250;235;230m [0m[48;2;250;235;229m[38;2;250;235;229m [0m[48;2;250;236;228m[38;2;250;236;228m [0m[48;2;250;236;228m[38;2;250;236;228m [0m[48;2;250;236;227m[38;2;250;236;227m [0m[48;2;250;235;226m[38;2;250;235;226m [0m[48;2;250;235;226m[38;2;250;235;226m [0m[48;2;250;235;226m[38;2;250;235;226m [0m[48;2;250;235;226m[38;2;250;235;226m [0m[48;2;250;235;226m[38;2;250;235;226m [0m[48;2;250;235;226m[38;2;250;235;226m [0m[48;2;250;235;227m[38;2;250;235;227m [0m[48;2;252;236;230m[38;2;252;236;230m [0m[48;2;250;236;232m[38;2;250;236;232m [0m[48;2;185;172;170m[38;2;185;172;170m=[0m[48;2;46;37;40m[38;2;46;37;40m▒[0m[48;2;96;89;95m[38;2;96;89;95m%[0m[48;2;57;51;56m[38;2;57;51;56m▒[0m                                      
                                         [48;2;117;117;117m[38;2;117;117;117m#[0m[48;2;118;117;118m[38;2;118;117;118m#[0m[48;2;202;201;204m[38;2;202;201;204m:[0m[48;2;145;142;146m[38;2;145;142;146m*[0m[48;2;3;1;4m[38;2;3;1;4m█[0m[48;2;12;9;13m[38;2;12;9;13m█[0m[48;2;32;29;33m[38;2;32;29;33m▓[0m[48;2;113;111;113m[38;2;113;111;113m#[0m[48;2;135;134;135m[38;2;135;134;135m*[0m[48;2;40;37;39m[38;2;40;37;39m▒[0m[48;2;54;50;51m[38;2;54;50;51m▒[0m[48;2;26;22;23m[38;2;26;22;23m▓[0m[48;2;49;44;45m[38;2;49;44;45m▒[0m[48;2;75;68;69m[38;2;75;68;69m░[0m[48;2;97;92;94m[38;2;97;92;94m%[0m[48;2;116;110;112m[38;2;116;110;112m#[0m[48;2;133;128;129m[38;2;133;128;129m*[0m[48;2;153;144;143m[38;2;153;144;143m+[0m[48;2;168;158;155m[38;2;168;158;155m+[0m[48;2;176;166;163m[38;2;176;166;163m=[0m[48;2;183;173;170m[38;2;183;173;170m=[0m[48;2;184;175;172m[38;2;184;175;172m=[0m[48;2;180;170;167m[38;2;180;170;167m=[0m[48;2;169;159;156m[38;2;169;159;156m+[0m[48;2;149;140;137m[38;2;149;140;137m*[0m[48;2;115;106;105m[38;2;115;106;105m%[0m[48;2;59;51;55m[38;2;59;51;55m▒[0m[48;2;20;14;22m[38;2;20;14;22m█[0m[48;2;14;10;16m[38;2;14;10;16m█[0m[48;2;28;25;30m[38;2;28;25;30m▓[0m[48;2;215;212;216m[38;2;215;212;216m:[0m                                      
                                       [48;2;163;163;163m[38;2;163;163;163m+[0m[48;2;69;66;67m[38;2;69;66;67m░[0m[48;2;48;44;47m[38;2;48;44;47m▒[0m[48;2;102;99;103m[38;2;102;99;103m%[0m[48;2;203;201;204m[38;2;203;201;204m:[0m[48;2;137;136;139m[38;2;137;136;139m*[0m[48;2;3;2;5m[38;2;3;2;5m█[0m[48;2;10;9;13m[38;2;10;9;13m█[0m[48;2;6;5;10m[38;2;6;5;10m█[0m[48;2;119;118;123m[38;2;119;118;123m#[0m [48;2;40;39;43m[38;2;40;39;43m▒[0m[48;2;9;7;10m[38;2;9;7;10m█[0m[48;2;15;13;18m[38;2;15;13;18m█[0m[48;2;3;1;7m[38;2;3;1;7m█[0m[48;2;4;3;7m[38;2;4;3;7m█[0m[48;2;20;18;25m[38;2;20;18;25m▓[0m[48;2;32;29;39m[38;2;32;29;39m▓[0m[48;2;27;23;34m[38;2;27;23;34m▓[0m[48;2;24;19;29m[38;2;24;19;29m▓[0m[48;2;114;108;114m[38;2;114;108;114m#[0m[48;2;62;56;62m[38;2;62;56;62m░[0m[48;2;22;16;20m[38;2;22;16;20m█[0m[48;2;62;57;60m[38;2;62;57;60m░[0m[48;2;72;67;70m[38;2;72;67;70m░[0m[48;2;12;8;12m[38;2;12;8;12m█[0m[48;2;7;5;8m[38;2;7;5;8m█[0m[48;2;5;3;7m[38;2;5;3;7m█[0m[48;2;33;28;43m[38;2;33;28;43m▓[0m[48;2;29;24;40m[38;2;29;24;40m▓[0m[48;2;7;4;11m[38;2;7;4;11m█[0m[48;2;53;50;54m[38;2;53;50;54m▒[0m                                       
                                     [48;2;226;225;226m[38;2;226;225;226m.[0m[48;2;75;72;75m[38;2;75;72;75m@[0m[48;2;91;84;90m[38;2;91;84;90m@[0m[48;2;151;136;145m[38;2;151;136;145m*[0m[48;2;140;125;134m[38;2;140;125;134m*[0m[48;2;42;36;41m[38;2;42;36;41m▒[0m[48;2;193;190;194m[38;2;193;190;194m-[0m[48;2;190;189;192m[38;2;190;189;192m-[0m[48;2;24;23;26m[38;2;24;23;26m▓[0m[48;2;8;7;11m[38;2;8;7;11m█[0m[48;2;12;11;16m[38;2;12;11;16m█[0m[48;2;204;203;208m[38;2;204;203;208m:[0m[48;2;225;224;229m[38;2;225;224;229m.[0m[48;2;24;23;28m[38;2;24;23;28m▓[0m[48;2;13;11;16m[38;2;13;11;16m█[0m[48;2;24;20;32m[38;2;24;20;32m▓[0m[48;2;26;22;37m[38;2;26;22;37m▓[0m[48;2;27;25;33m[38;2;27;25;33m▓[0m[48;2;21;19;26m[38;2;21;19;26m▓[0m[48;2;5;4;11m[38;2;5;4;11m█[0m[48;2;45;42;49m[38;2;45;42;49m▒[0m[48;2;16;13;21m[38;2;16;13;21m█[0m[48;2;6;3;9m[38;2;6;3;9m█[0m[48;2;55;51;57m[38;2;55;51;57m▒[0m[48;2;178;174;178m[38;2;178;174;178m=[0m[48;2;78;74;79m[38;2;78;74;79m@[0m[48;2;47;42;47m[38;2;47;42;47m▒[0m[48;2;21;15;20m[38;2;21;15;20m█[0m[48;2;78;73;69m[38;2;78;73;69m@[0m[48;2;7;4;8m[38;2;7;4;8m█[0m[48;2;32;27;40m[38;2;32;27;40m▓[0m[48;2;23;19;29m[38;2;23;19;29m▓[0m[48;2;164;162;165m[38;2;164;162;165m+[0m[48;2;241;239;241m[38;2;241;239;241m [0m                                       
                                    [48;2;236;236;236m[38;2;236;236;236m.[0m[48;2;47;45;47m[38;2;47;45;47m▒[0m[48;2;129;115;125m[38;2;129;115;125m#[0m[48;2;157;141;151m[38;2;157;141;151m+[0m[48;2;158;139;151m[38;2;158;139;151m*[0m[48;2;144;127;138m[38;2;144;127;138m*[0m[48;2;55;49;54m[38;2;55;49;54m▒[0m[48;2;53;50;54m[38;2;53;50;54m▒[0m[48;2;158;157;160m[38;2;158;157;160m+[0m[48;2;108;107;110m[38;2;108;107;110m%[0m[48;2;13;12;15m[38;2;13;12;15m█[0m[48;2;140;139;143m[38;2;140;139;143m*[0m[48;2;154;153;158m[38;2;154;153;158m+[0m[48;2;42;40;46m[38;2;42;40;46m▒[0m[48;2;25;23;33m[38;2;25;23;33m▓[0m[48;2;18;15;25m[38;2;18;15;25m█[0m[48;2;19;15;28m[38;2;19;15;28m█[0m[48;2;36;30;50m[38;2;36;30;50m▓[0m[48;2;36;31;51m[38;2;36;31;51m▓[0m[48;2;36;31;50m[38;2;36;31;50m▓[0m[48;2;25;20;37m[38;2;25;20;37m▓[0m[48;2;15;12;21m[38;2;15;12;21m█[0m[48;2;69;65;61m[38;2;69;65;61m░[0m[48;2;44;38;30m[38;2;44;38;30m▒[0m[48;2;15;10;10m[38;2;15;10;10m█[0m[48;2;5;1;3m[38;2;5;1;3m█[0m[48;2;7;3;4m[38;2;7;3;4m█[0m[48;2;77;71;66m[38;2;77;71;66m░[0m[48;2;37;30;30m[38;2;37;30;30m▓[0m[48;2;129;124;110m[38;2;129;124;110m#[0m[48;2;7;4;6m[38;2;7;4;6m█[0m[48;2;21;18;26m[38;2;21;18;26m▓[0m[48;2;181;178;184m[38;2;181;178;184m=[0m                                         
                                    [48;2;139;139;139m[38;2;139;139;139m*[0m[48;2;83;76;80m[38;2;83;76;80m@[0m[48;2;157;140;152m[38;2;157;140;152m+[0m[48;2;159;141;153m[38;2;159;141;153m+[0m[48;2;113;100;109m[38;2;113;100;109m%[0m[48;2;70;63;70m[38;2;70;63;70m░[0m[48;2;188;185;189m[38;2;188;185;189m-[0m[48;2;136;133;137m[38;2;136;133;137m*[0m[48;2;20;17;20m[38;2;20;17;20m█[0m[48;2;57;53;58m[38;2;57;53;58m▒[0m[48;2;41;37;41m[38;2;41;37;41m▒[0m[48;2;29;26;31m[38;2;29;26;31m▓[0m[48;2;6;5;10m[38;2;6;5;10m█[0m[48;2;13;12;21m[38;2;13;12;21m█[0m[48;2;17;13;27m[38;2;17;13;27m█[0m[48;2;24;19;36m[38;2;24;19;36m▓[0m[48;2;35;30;48m[38;2;35;30;48m▓[0m[48;2;36;30;51m[38;2;36;30;51m▓[0m[48;2;37;31;52m[38;2;37;31;52m▓[0m[48;2;37;31;52m[38;2;37;31;52m▓[0m[48;2;36;30;51m[38;2;36;30;51m▓[0m[48;2;25;21;36m[38;2;25;21;36m▓[0m[48;2;89;82;72m[38;2;89;82;72m@[0m[48;2;222;208;162m[38;2;222;208;162m:[0m[48;2;196;178;135m[38;2;196;178;135m=[0m[48;2;131;116;84m[38;2;131;116;84m#[0m[48;2;172;156;121m[38;2;172;156;121m+[0m[48;2;222;206;162m[38;2;222;206;162m:[0m[48;2;54;46;37m[38;2;54;46;37m▒[0m[48;2;47;41;44m[38;2;47;41;44m▒[0m[48;2;17;14;22m[38;2;17;14;22m█[0m[48;2;117;114;120m[38;2;117;114;120m#[0m                                          
                                    [48;2;133;133;133m[38;2;133;133;133m*[0m[48;2;88;82;86m[38;2;88;82;86m@[0m[48;2;158;141;153m[38;2;158;141;153m+[0m[48;2;154;135;149m[38;2;154;135;149m*[0m[48;2;38;28;37m[38;2;38;28;37m▓[0m[48;2;159;154;160m[38;2;159;154;160m+[0m[48;2;44;41;45m[38;2;44;41;45m▒[0m[48;2;77;69;77m[38;2;77;69;77m░[0m[48;2;148;135;145m[38;2;148;135;145m*[0m[48;2;160;142;153m[38;2;160;142;153m+[0m[48;2;160;143;154m[38;2;160;143;154m+[0m[48;2;155;143;152m[38;2;155;143;152m+[0m[48;2;25;22;27m[38;2;25;22;27m▓[0m[48;2;34;30;43m[38;2;34;30;43m▓[0m[48;2;36;30;50m[38;2;36;30;50m▓[0m[48;2;37;31;52m[38;2;37;31;52m▓[0m[48;2;37;31;52m[38;2;37;31;52m▓[0m[48;2;37;31;52m[38;2;37;31;52m▓[0m[48;2;37;31;52m[38;2;37;31;52m▓[0m[48;2;37;31;50m[38;2;37;31;50m▓[0m[48;2;29;24;40m[38;2;29;24;40m▓[0m[48;2;11;8;19m[38;2;11;8;19m█[0m[48;2;23;20;24m[38;2;23;20;24m▓[0m[48;2;87;80;71m[38;2;87;80;71m@[0m[48;2;154;142;120m[38;2;154;142;120m*[0m[48;2;205;191;154m[38;2;205;191;154m-[0m[48;2;189;173;138m[38;2;189;173;138m=[0m[48;2;85;71;62m[38;2;85;71;62m@[0m[48;2;18;10;14m[38;2;18;10;14m█[0m[48;2;4;1;7m[38;2;4;1;7m█[0m[48;2;20;17;25m[38;2;20;17;25m▓[0m[48;2;8;6;11m[38;2;8;6;11m█[0m[48;2;113;111;114m[38;2;113;111;114m#[0m[48;2;177;177;177m[38;2;177;177;177m=[0m[48;2;211;211;211m[38;2;211;211;211m:[0m                                       
                                    [48;2;232;232;232m[38;2;232;232;232m.[0m[48;2;62;57;60m[38;2;62;57;60m░[0m[48;2;112;100;109m[38;2;112;100;109m%[0m[48;2;156;139;152m[38;2;156;139;152m*[0m[48;2;71;58;69m[38;2;71;58;69m░[0m[48;2;17;9;16m[38;2;17;9;16m█[0m[48;2;53;46;52m[38;2;53;46;52m▒[0m[48;2;102;92;100m[38;2;102;92;100m%[0m[48;2;133;121;130m[38;2;133;121;130m#[0m[48;2;115;103;112m[38;2;115;103;112m%[0m[48;2;71;59;68m[38;2;71;59;68m░[0m[48;2;85;77;85m[38;2;85;77;85m@[0m[48;2;12;8;14m[38;2;12;8;14m█[0m[48;2;33;29;42m[38;2;33;29;42m▓[0m[48;2;37;31;51m[38;2;37;31;51m▓[0m[48;2;37;31;53m[38;2;37;31;53m▓[0m[48;2;37;31;53m[38;2;37;31;53m▓[0m[48;2;34;28;48m[38;2;34;28;48m▓[0m[48;2;15;11;25m[38;2;15;11;25m█[0m[48;2;9;6;15m[38;2;9;6;15m█[0m[48;2;17;15;19m[38;2;17;15;19m█[0m[48;2;50;47;51m[38;2;50;47;51m▒[0m[48;2;9;7;9m[38;2;9;7;9m█[0m[48;2;73;71;73m[38;2;73;71;73m░[0m[48;2;48;46;48m[38;2;48;46;48m▒[0m[48;2;25;22;23m[38;2;25;22;23m▓[0m[48;2;14;11;13m[38;2;14;11;13m█[0m[48;2;16;12;22m[38;2;16;12;22m█[0m[48;2;39;36;42m[38;2;39;36;42m▒[0m[48;2;5;3;7m[38;2;5;3;7m█[0m[48;2;33;31;35m[38;2;33;31;35m▓[0m[48;2;47;46;51m[38;2;47;46;51m▒[0m[48;2;36;33;38m[38;2;36;33;38m▓[0m[48;2;34;33;36m[38;2;34;33;36m▓[0m[48;2;27;26;28m[38;2;27;26;28m▓[0m                                       
                                      [48;2;129;127;128m[38;2;129;127;128m#[0m[48;2;36;28;34m[38;2;36;28;34m▓[0m[48;2;82;70;80m[38;2;82;70;80m@[0m[48;2;102;90;99m[38;2;102;90;99m%[0m[48;2;96;85;94m[38;2;96;85;94m@[0m[48;2;77;67;75m[38;2;77;67;75m░[0m[48;2;54;46;53m[38;2;54;46;53m▒[0m[48;2;24;17;24m[38;2;24;17;24m▓[0m[48;2;7;1;8m[38;2;7;1;8m█[0m[48;2;23;18;24m[38;2;23;18;24m▓[0m[48;2;12;9;14m[38;2;12;9;14m█[0m[48;2;10;6;15m[38;2;10;6;15m█[0m[48;2;24;19;32m[38;2;24;19;32m▓[0m[48;2;28;23;37m[38;2;28;23;37m▓[0m[48;2;27;22;38m[38;2;27;22;38m▓[0m[48;2;9;5;16m[38;2;9;5;16m█[0m[48;2;3;2;7m[38;2;3;2;7m█[0m[48;2;35;33;36m[38;2;35;33;36m▓[0m[48;2;59;56;58m[38;2;59;56;58m░[0m[48;2;8;6;8m[38;2;8;6;8m█[0m[48;2;14;12;15m[38;2;14;12;15m█[0m[48;2;104;102;104m[38;2;104;102;104m%[0m[48;2;103;101;103m[38;2;103;101;103m%[0m[48;2;85;83;84m[38;2;85;83;84m@[0m[48;2;76;74;76m[38;2;76;74;76m@[0m[48;2;72;68;79m[38;2;72;68;79m░[0m[48;2;20;16;31m[38;2;20;16;31m▓[0m[48;2;26;18;58m[38;2;26;18;58m▓[0m[48;2;9;6;19m[38;2;9;6;19m█[0m[48;2;26;23;34m[38;2;26;23;34m▓[0m[48;2;33;28;45m[38;2;33;28;45m▓[0m[48;2;33;28;46m[38;2;33;28;46m▓[0m[48;2;22;18;33m[38;2;22;18;33m▓[0m[48;2;56;54;63m[38;2;56;54;63m░[0m[48;2;172;172;174m[38;2;172;172;174m=[0m                                     
                                       [48;2;82;80;82m[38;2;82;80;82m@[0m[48;2;70;63;69m[38;2;70;63;69m░[0m[48;2;108;97;106m[38;2;108;97;106m%[0m[48;2;114;101;111m[38;2;114;101;111m%[0m[48;2;114;102;111m[38;2;114;102;111m%[0m[48;2;118;105;114m[38;2;118;105;114m#[0m[48;2;126;114;124m[38;2;126;114;124m#[0m[48;2;125;113;122m[38;2;125;113;122m#[0m[48;2;117;106;115m[38;2;117;106;115m#[0m[48;2;112;101;110m[38;2;112;101;110m%[0m[48;2;108;97;106m[38;2;108;97;106m%[0m[48;2;106;95;104m[38;2;106;95;104m%[0m[48;2;104;94;103m[38;2;104;94;103m%[0m[48;2;103;93;101m[38;2;103;93;101m%[0m[48;2;96;90;97m[38;2;96;90;97m%[0m[48;2;67;62;68m[38;2;67;62;68m░[0m[48;2;24;21;25m[38;2;24;21;25m▓[0m[48;2;11;8;14m[38;2;11;8;14m█[0m[48;2;27;23;35m[38;2;27;23;35m▓[0m[48;2;34;30;43m[38;2;34;30;43m▓[0m[48;2;26;22;33m[38;2;26;22;33m▓[0m[48;2;211;207;215m[38;2;211;207;215m:[0m [48;2;165;162;166m[38;2;165;162;166m+[0m[48;2;38;33;49m[38;2;38;33;49m▓[0m[48;2;38;29;61m[38;2;38;29;61m▓[0m[48;2;16;12;26m[38;2;16;12;26m█[0m[48;2;12;8;21m[38;2;12;8;21m█[0m[48;2;5;4;9m[38;2;5;4;9m█[0m[48;2;32;28;43m[38;2;32;28;43m▓[0m[48;2;37;31;52m[38;2;37;31;52m▓[0m[48;2;37;31;52m[38;2;37;31;52m▓[0m[48;2;36;30;50m[38;2;36;30;50m▓[0m[48;2;22;19;31m[38;2;22;19;31m▓[0m[48;2;53;51;58m[38;2;53;51;58m▒[0m[48;2;185;184;187m[38;2;185;184;187m-[0m                                   
                                        [48;2;184;184;184m[38;2;184;184;184m-[0m[48;2;118;115;117m[38;2;118;115;117m#[0m[48;2;90;84;89m[38;2;90;84;89m@[0m[48;2;85;80;84m[38;2;85;80;84m@[0m[48;2;92;86;91m[38;2;92;86;91m@[0m[48;2;76;70;75m[38;2;76;70;75m░[0m[48;2;73;66;72m[38;2;73;66;72m░[0m[48;2;74;68;74m[38;2;74;68;74m░[0m[48;2;74;68;74m[38;2;74;68;74m░[0m[48;2;69;63;70m[38;2;69;63;70m░[0m[48;2;63;56;66m[38;2;63;56;66m░[0m[48;2;52;45;55m[38;2;52;45;55m▒[0m[48;2;30;23;34m[38;2;30;23;34m▓[0m[48;2;22;16;28m[38;2;22;16;28m▓[0m[48;2;24;17;34m[38;2;24;17;34m▓[0m[48;2;32;27;45m[38;2;32;27;45m▓[0m[48;2;37;31;51m[38;2;37;31;51m▓[0m[48;2;37;31;52m[38;2;37;31;52m▓[0m[48;2;37;31;52m[38;2;37;31;52m▓[0m[48;2;30;25;43m[38;2;30;25;43m▓[0m[48;2;47;43;55m[38;2;47;43;55m▒[0m[48;2;225;222;228m[38;2;225;222;228m.[0m [48;2;235;235;235m[38;2;235;235;235m.[0m[48;2;169;169;169m[38;2;169;169;169m=[0m[48;2;51;48;57m[38;2;51;48;57m▒[0m[48;2;57;53;65m[38;2;57;53;65m░[0m[48;2;21;20;23m[38;2;21;20;23m▓[0m[48;2;7;5;15m[38;2;7;5;15m█[0m[48;2;33;28;45m[38;2;33;28;45m▓[0m[48;2;37;31;52m[38;2;37;31;52m▓[0m[48;2;37;31;52m[38;2;37;31;52m▓[0m[48;2;37;31;52m[38;2;37;31;52m▓[0m[48;2;35;29;48m[38;2;35;29;48m▓[0m[48;2;21;16;30m[38;2;21;16;30m▓[0m[48;2;87;85;92m[38;2;87;85;92m@[0m[48;2;233;233;234m[38;2;233;233;234m.[0m                                 
                                                [48;2;121;120;121m[38;2;121;120;121m#[0m[48;2;22;19;27m[38;2;22;19;27m▓[0m[48;2;37;32;50m[38;2;37;32;50m▓[0m[48;2;37;32;51m[38;2;37;32;51m▓[0m[48;2;36;30;51m[38;2;36;30;51m▓[0m[48;2;37;31;52m[38;2;37;31;52m▓[0m[48;2;37;31;52m[38;2;37;31;52m▓[0m[48;2;37;31;52m[38;2;37;31;52m▓[0m[48;2;37;31;52m[38;2;37;31;52m▓[0m[48;2;37;31;52m[38;2;37;31;52m▓[0m[48;2;37;31;52m[38;2;37;31;52m▓[0m[48;2;37;31;52m[38;2;37;31;52m▓[0m[48;2;29;24;41m[38;2;29;24;41m▓[0m[48;2;53;50;59m[38;2;53;50;59m▒[0m[48;2;226;225;226m[38;2;226;225;226m.[0m  [48;2;237;236;237m[38;2;237;236;237m.[0m[48;2;235;235;236m[38;2;235;235;236m.[0m[48;2;118;118;119m[38;2;118;118;119m#[0m[48;2;24;16;66m[38;2;24;16;66m▓[0m[48;2;13;7;44m[38;2;13;7;44m█[0m[48;2;30;25;43m[38;2;30;25;43m▓[0m[48;2;37;31;52m[38;2;37;31;52m▓[0m[48;2;37;31;52m[38;2;37;31;52m▓[0m[48;2;37;31;52m[38;2;37;31;52m▓[0m[48;2;37;31;51m[38;2;37;31;51m▓[0m[48;2;30;25;41m[38;2;30;25;41m▓[0m[48;2;40;39;44m[38;2;40;39;44m▒[0m[48;2;217;216;218m[38;2;217;216;218m:[0m                                