                                                                                                              
                                                                                                              
                                                                                                              
                                                                                                              
                                                                                                              
                                                                                                              
                                                                                                              
                                                                                                              
                                                                                                              
                                                                                                              
                                                                                                              
                                                                                                              
                                                                                                              
                                                 [48;2;222;222;222m[38;2;222;222;222m.[0m[48;2;157;157;158m[38;2;157;157;158m+[0m[48;2;111;110;112m[38;2;111;110;112m#[0m[48;2;79;78;82m[38;2;79;78;82m@[0m[48;2;57;56;61m[38;2;57;56;61m░[0m[48;2;45;44;49m[38;2;45;44;49m▒[0m[48;2;44;43;49m[38;2;44;43;49m▒[0m[48;2;37;35;42m[38;2;37;35;42m▓[0m[48;2;44;43;50m[38;2;44;43;50m▒[0m[48;2;54;53;59m[38;2;54;53;59m▒[0m[48;2;89;88;93m[38;2;89;88;93m@[0m[48;2;125;125;129m[38;2;125;125;129m#[0m[48;2;171;171;174m[38;2;171;171;174m=[0m[48;2;223;223;224m[38;2;223;223;224m.[0m                                               
                                               [48;2;157;156;158m[38;2;157;156;158m+[0m[48;2;62;61;66m[38;2;62;61;66m░[0m[48;2;23;21;31m[38;2;23;21;31m▓[0m[48;2;33;31;44m[38;2;33;31;44m▓[0m[48;2;42;40;55m[38;2;42;40;55m▒[0m[48;2;58;56;72m[38;2;58;56;72m░[0m[48;2;47;44;61m[38;2;47;44;61m▒[0m[48;2;61;58;74m[38;2;61;58;74m░[0m[48;2;53;52;66m[38;2;53;52;66m▒[0m[48;2;44;43;58m[38;2;44;43;58m▒[0m[48;2;42;42;58m[38;2;42;42;58m▒[0m[48;2;41;43;59m[38;2;41;43;59m▒[0m[48;2;40;42;58m[38;2;40;42;58m▒[0m[48;2;38;38;54m[38;2;38;38;54m▒[0m[48;2;31;30;47m[38;2;31;30;47m▓[0m[48;2;24;22;36m[38;2;24;22;36m▓[0m[48;2;50;48;57m[38;2;50;48;57m▒[0m[48;2;133;132;138m[38;2;133;132;138m*[0m[48;2;235;235;236m[38;2;235;235;236m.[0m                                            
                                             [48;2;163;162;163m[38;2;163;162;163m+[0m[48;2;41;40;45m[38;2;41;40;45m▒[0m[48;2;31;29;39m[38;2;31;29;39m▓[0m[48;2;46;43;57m[38;2;46;43;57m▒[0m[48;2;61;59;72m[38;2;61;59;72m░[0m[48;2;61;57;69m[38;2;61;57;69m░[0m[48;2;49;45;54m[38;2;49;45;54m▒[0m[48;2;47;41;50m[38;2;47;41;50m▒[0m[48;2;52;45;54m[38;2;52;45;54m▒[0m[48;2;63;56;64m[38;2;63;56;64m░[0m[48;2;66;59;69m[38;2;66;59;69m░[0m[48;2;61;53;63m[38;2;61;53;63m░[0m[48;2;49;42;52m[38;2;49;42;52m▒[0m[48;2;35;29;40m[38;2;35;29;40m▓[0m[48;2;24;19;30m[38;2;24;19;30m▓[0m[48;2;31;28;42m[38;2;31;28;42m▓[0m[48;2;41;40;55m[38;2;41;40;55m▒[0m[48;2;43;42;59m[38;2;43;42;59m▒[0m[48;2;43;42;58m[38;2;43;42;58m▒[0m[48;2;34;31;46m[38;2;34;31;46m▓[0m[48;2;32;30;39m[38;2;32;30;39m▓[0m[48;2;148;148;151m[38;2;148;148;151m+[0m                                           
                                           [48;2;220;219;220m[38;2;220;219;220m:[0m[48;2;70;69;72m[38;2;70;69;72m░[0m[48;2;9;7;14m[38;2;9;7;14m█[0m[48;2;25;21;31m[38;2;25;21;31m▓[0m[48;2;39;34;45m[38;2;39;34;45m▒[0m[48;2;57;50;61m[38;2;57;50;61m▒[0m[48;2;50;43;52m[38;2;50;43;52m▒[0m[48;2;75;67;74m[38;2;75;67;74m░[0m[48;2;89;77;86m[38;2;89;77;86m@[0m[48;2;71;59;68m[38;2;71;59;68m░[0m[48;2;72;60;69m[38;2;72;60;69m░[0m[48;2;68;56;65m[38;2;68;56;65m░[0m[48;2;99;84;94m[38;2;99;84;94m@[0m[48;2;157;141;151m[38;2;157;141;151m+[0m[48;2;160;140;153m[38;2;160;140;153m+[0m[48;2;160;140;154m[38;2;160;140;154m+[0m[48;2;151;132;146m[38;2;151;132;146m*[0m[48;2;117;100;113m[38;2;117;100;113m%[0m[48;2;63;51;62m[38;2;63;51;62m░[0m[48;2;38;32;44m[38;2;38;32;44m▓[0m[48;2;67;60;72m[38;2;67;60;72m░[0m[48;2;64;58;72m[38;2;64;58;72m░[0m[48;2;49;46;59m[38;2;49;46;59m▒[0m[48;2;27;25;34m[38;2;27;25;34m▓[0m[48;2;81;80;84m[38;2;81;80;84m@[0m[48;2;234;234;234m[38;2;234;234;234m.[0m                                         
                                          [48;2;228;228;228m[38;2;228;228;228m.[0m[48;2;30;27;32m[38;2;30;27;32m▓[0m[48;2;57;49;56m[38;2;57;49;56m▒[0m[48;2;92;80;90m[38;2;92;80;90m@[0m[48;2;77;66;75m[38;2;77;66;75m░[0m[48;2;71;60;69m[38;2;71;60;69m░[0m[48;2;150;135;147m[38;2;150;135;147m*[0m[48;2;156;140;151m[38;2;156;140;151m*[0m[48;2;160;141;154m[38;2;160;141;154m+[0m[48;2;160;140;154m[38;2;160;140;154m+[0m[48;2;161;141;155m[38;2;161;141;155m+[0m[48;2;160;140;154m[38;2;160;140;154m+[0m[48;2;159;140;153m[38;2;159;140;153m+[0m[48;2;154;136;149m[38;2;154;136;149m*[0m[48;2;158;139;152m[38;2;158;139;152m*[0m[48;2;159;138;153m[38;2;159;138;153m*[0m[48;2;160;139;154m[38;2;160;139;154m+[0m[48;2;161;140;155m[38;2;161;140;155m+[0m[48;2;137;116;131m[38;2;137;116;131m#[0m[48;2;160;141;154m[38;2;160;141;154m+[0m[48;2;138;120;133m[38;2;138;120;133m#[0m[48;2;55;42;53m[38;2;55;42;53m▒[0m[48;2;28;17;28m[38;2;28;17;28m▓[0m[48;2;36;28;43m[38;2;36;28;43m▓[0m[48;2;16;11;24m[38;2;16;11;24m█[0m[48;2;16;10;22m[38;2;16;10;22m█[0m[48;2;50;45;60m[38;2;50;45;60m▒[0m[48;2;199;198;200m[38;2;199;198;200m-[0m                                        
                                         [48;2;204;203;204m[38;2;204;203;204m:[0m[48;2;50;46;50m[38;2;50;46;50m▒[0m[48;2;119;108;119m[38;2;119;108;119m#[0m[48;2;67;54;66m[38;2;67;54;66m░[0m[48;2;75;61;74m[38;2;75;61;74m░[0m[48;2;136;120;132m[38;2;136;120;132m#[0m[48;2;157;139;152m[38;2;157;139;152m*[0m[48;2;161;140;155m[38;2;161;140;155m+[0m[48;2;161;140;155m[38;2;161;140;155m+[0m[48;2;161;140;155m[38;2;161;140;155m+[0m[48;2;161;140;155m[38;2;161;140;155m+[0m[48;2;161;140;155m[38;2;161;140;155m+[0m[48;2;139;119;133m[38;2;139;119;133m#[0m[48;2;146;127;141m[38;2;146;127;141m*[0m[48;2;159;138;153m[38;2;159;138;153m*[0m[48;2;161;140;155m[38;2;161;140;155m+[0m[48;2;161;140;155m[38;2;161;140;155m+[0m[48;2;161;140;155m[38;2;161;140;155m+[0m[48;2;159;140;154m[38;2;159;140;154m+[0m[48;2;71;53;67m[38;2;71;53;67m░[0m[48;2;104;87;100m[38;2;104;87;100m%[0m[48;2;160;140;155m[38;2;160;140;155m+[0m[48;2;160;140;154m[38;2;160;140;154m+[0m[48;2;87;73;86m[38;2;87;73;86m@[0m[48;2;48;35;67m[38;2;48;35;67m▒[0m[48;2;63;48;99m[38;2;63;48;99m░[0m[48;2;53;38;84m[38;2;53;38;84m▒[0m[48;2;50;34;83m[38;2;50;34;83m▒[0m[48;2;26;20;28m[38;2;26;20;28m▓[0m[48;2;211;209;211m[38;2;211;209;211m:[0m                                       
                                        [48;2;227;227;228m[38;2;227;227;228m.[0m[48;2;37;33;38m[38;2;37;33;38m▓[0m[48;2;137;124;135m[38;2;137;124;135m*[0m[48;2;158;141;154m[38;2;158;141;154m+[0m[48;2;134;118;131m[38;2;134;118;131m#[0m[48;2;156;139;153m[38;2;156;139;153m*[0m[48;2;161;140;155m[38;2;161;140;155m+[0m[48;2;161;140;155m[38;2;161;140;155m+[0m[48;2;161;140;155m[38;2;161;140;155m+[0m[48;2;161;140;155m[38;2;161;140;155m+[0m[48;2;161;140;155m[38;2;161;140;155m+[0m[48;2;160;139;154m[38;2;160;139;154m+[0m[48;2;155;135;150m[38;2;155;135;150m*[0m[48;2;116;100;113m[38;2;116;100;113m%[0m[48;2;57;44;55m[38;2;57;44;55m▒[0m[48;2;156;137;151m[38;2;156;137;151m*[0m[48;2;161;140;155m[38;2;161;140;155m+[0m[48;2;140;119;134m[38;2;140;119;134m#[0m[48;2;145;126;140m[38;2;145;126;140m*[0m[48;2;158;142;155m[38;2;158;142;155m+[0m[48;2;154;138;151m[38;2;154;138;151m*[0m[48;2;60;47;58m[38;2;60;47;58m▒[0m[48;2;98;83;95m[38;2;98;83;95m@[0m[48;2;159;140;155m[38;2;159;140;155m+[0m[48;2;159;141;155m[38;2;159;141;155m+[0m[48;2;75;62;72m[38;2;75;62;72m░[0m[48;2;63;47;88m[38;2;63;47;88m░[0m[48;2;109;78;167m[38;2;109;78;167m%[0m[48;2;64;46;93m[38;2;64;46;93m░[0m[48;2;28;18;44m[38;2;28;18;44m▓[0m[48;2;48;44;50m[38;2;48;44;50m▒[0m                                       
                                        [48;2;76;74;77m[38;2;76;74;77m@[0m[48;2;114;104;114m[38;2;114;104;114m%[0m[48;2;128;112;125m[38;2;128;112;125m#[0m[48;2;142;123;137m[38;2;142;123;137m*[0m[48;2;160;142;156m[38;2;160;142;156m+[0m[48;2;91;76;88m[38;2;91;76;88m@[0m[48;2;128;112;125m[38;2;128;112;125m#[0m[48;2;82;66;78m[38;2;82;66;78m░[0m[48;2;153;133;147m[38;2;153;133;147m*[0m[48;2;161;140;155m[38;2;161;140;155m+[0m[48;2;161;140;155m[38;2;161;140;155m+[0m[48;2;127;107;121m[38;2;127;107;121m#[0m[48;2;55;41;53m[38;2;55;41;53m▒[0m[48;2;155;141;154m[38;2;155;141;154m+[0m[48;2;65;52;64m[38;2;65;52;64m░[0m[48;2;41;29;38m[38;2;41;29;38m▓[0m[48;2;112;97;108m[38;2;112;97;108m%[0m[48;2;127;113;123m[38;2;127;113;123m#[0m[48;2;45;32;42m[38;2;45;32;42m▒[0m[48;2;126;110;122m[38;2;126;110;122m#[0m[48;2;160;141;155m[38;2;160;141;155m+[0m[48;2;157;138;152m[38;2;157;138;152m*[0m[48;2;79;67;76m[38;2;79;67;76m░[0m[48;2;70;57;69m[38;2;70;57;69m░[0m[48;2;150;133;147m[38;2;150;133;147m*[0m[48;2;157;139;153m[38;2;157;139;153m*[0m[48;2;77;62;74m[38;2;77;62;74m░[0m[48;2;39;26;47m[38;2;39;26;47m▓[0m[48;2;5;1;7m[38;2;5;1;7m█[0m[48;2;14;8;19m[38;2;14;8;19m█[0m[48;2;19;15;23m[38;2;19;15;23m█[0m[48;2;162;161;164m[38;2;162;161;164m+[0m                                      
                                       [48;2;203;203;203m[38;2;203;203;203m:[0m[48;2;46;40;45m[38;2;46;40;45m▒[0m[48;2;155;141;153m[38;2;155;141;153m+[0m[48;2;41;29;38m[38;2;41;29;38m▓[0m[48;2;137;124;135m[38;2;137;124;135m*[0m[48;2;125;111;123m[38;2;125;111;123m#[0m[48;2;27;17;26m[38;2;27;17;26m▓[0m[48;2;125;113;124m[38;2;125;113;124m#[0m[48;2;36;25;35m[38;2;36;25;35m▓[0m[48;2;156;141;152m[38;2;156;141;152m+[0m[48;2;161;140;155m[38;2;161;140;155m+[0m[48;2;161;140;155m[38;2;161;140;155m+[0m[48;2;152;131;146m[38;2;152;131;146m*[0m[48;2;19;8;18m[38;2;19;8;18m█[0m[48;2;87;75;85m[38;2;87;75;85m@[0m[48;2;149;133;146m[38;2;149;133;146m*[0m[48;2;45;34;44m[38;2;45;34;44m▒[0m[48;2;88;78;87m[38;2;88;78;87m@[0m[48;2;83;74;81m[38;2;83;74;81m@[0m[48;2;60;51;59m[38;2;60;51;59m▒[0m[48;2;23;14;21m[38;2;23;14;21m█[0m[48;2;83;71;79m[38;2;83;71;79m@[0m[48;2;144;127;139m[38;2;144;127;139m*[0m[48;2;157;143;153m[38;2;157;143;153m+[0m[48;2;120;106;116m[38;2;120;106;116m#[0m[48;2;50;38;45m[38;2;50;38;45m▒[0m[48;2;106;92;102m[38;2;106;92;102m%[0m[48;2;156;139;152m[38;2;156;139;152m*[0m[48;2;102;88;99m[38;2;102;88;99m%[0m[48;2;27;19;27m[38;2;27;19;27m▓[0m[48;2;28;21;29m[38;2;28;21;29m▓[0m[48;2;16;11;20m[38;2;16;11;20m█[0m[48;2;121;119;123m[38;2;121;119;123m#[0m                                      
                                       [48;2;129;127;128m[38;2;129;127;128m#[0m[48;2;96;87;92m[38;2;96;87;92m@[0m[48;2;150;135;145m[38;2;150;135;145m*[0m[48;2;27;17;25m[38;2;27;17;25m▓[0m[48;2;65;56;64m[38;2;65;56;64m░[0m[48;2;77;67;76m[38;2;77;67;76m░[0m[48;2;35;26;34m[38;2;35;26;34m▓[0m[48;2;106;97;105m[38;2;106;97;105m%[0m[48;2;15;5;13m[38;2;15;5;13m█[0m[48;2;46;34;43m[38;2;46;34;43m▒[0m[48;2;98;83;94m[38;2;98;83;94m@[0m[48;2;160;141;155m[38;2;160;141;155m+[0m[48;2;160;140;155m[38;2;160;140;155m+[0m[48;2;83;72;81m[38;2;83;72;81m@[0m[48;2;19;10;16m[38;2;19;10;16m█[0m[48;2;55;43;52m[38;2;55;43;52m▒[0m[48;2;78;69;81m[38;2;78;69;81m░[0m[48;2;18;10;28m[38;2;18;10;28m█[0m[48;2;53;43;68m[38;2;53;43;68m▒[0m[48;2;73;65;71m[38;2;73;65;71m░[0m[48;2;30;23;28m[38;2;30;23;28m▓[0m[48;2;11;6;10m[38;2;11;6;10m█[0m[48;2;58;51;57m[38;2;58;51;57m▒[0m[48;2;61;51;60m[38;2;61;51;60m░[0m[48;2;81;69;80m[38;2;81;69;80m@[0m[48;2;103;90;102m[38;2;103;90;102m%[0m[48;2;68;57;65m[38;2;68;57;65m░[0m[48;2;40;31;39m[38;2;40;31;39m▓[0m[48;2;67;56;66m[38;2;67;56;66m░[0m[48;2;63;53;62m[38;2;63;53;62m░[0m[48;2;12;5;13m[38;2;12;5;13m█[0m[48;2;46;38;48m[38;2;46;38;48m▒[0m[48;2;74;67;75m[38;2;74;67;75m░[0m[48;2;87;81;87m[38;2;87;81;87m@[0m[48;2;180;178;181m[38;2;180;178;181m=[0m                                    
                                       [48;2;74;72;74m[38;2;74;72;74m░[0m[48;2;126;114;122m[38;2;126;114;122m#[0m[48;2;144;131;140m[38;2;144;131;140m*[0m[48;2;9;1;8m[38;2;9;1;8m█[0m[48;2;27;20;26m[38;2;27;20;26m▓[0m[48;2;165;156;164m[38;2;165;156;164m+[0m[48;2;34;24;32m[38;2;34;24;32m▓[0m[48;2;52;41;53m[38;2;52;41;53m▒[0m[48;2;44;32;50m[38;2;44;32;50m▒[0m[48;2;14;4;21m[38;2;14;4;21m█[0m[48;2;14;7;13m[38;2;14;7;13m█[0m[48;2;66;56;62m[38;2;66;56;62m░[0m[48;2;82;71;79m[38;2;82;71;79m@[0m[48;2;95;86;93m[38;2;95;86;93m@[0m[48;2;116;107;112m[38;2;116;107;112m#[0m[48;2;19;10;20m[38;2;19;10;20m█[0m[48;2;73;47;131m[38;2;73;47;131m░[0m[48;2;79;43;149m[38;2;79;43;149m░[0m[48;2;75;39;136m[38;2;75;39;136m░[0m[48;2;73;60;73m[38;2;73;60;73m░[0m[48;2;175;165;167m[38;2;175;165;167m=[0m[48;2;143;133;134m[38;2;143;133;134m*[0m[48;2;62;51;57m[38;2;62;51;57m░[0m[48;2;151;139;148m[38;2;151;139;148m*[0m[48;2;144;129;141m[38;2;144;129;141m*[0m[48;2;118;100;114m[38;2;118;100;114m%[0m[48;2;28;15;25m[38;2;28;15;25m▓[0m[48;2;64;54;61m[38;2;64;54;61m░[0m[48;2;86;76;84m[38;2;86;76;84m@[0m[48;2;94;84;92m[38;2;94;84;92m@[0m[48;2;146;133;143m[38;2;146;133;143m*[0m[48;2;157;142;153m[38;2;157;142;153m+[0m[48;2;159;143;154m[38;2;159;143;154m+[0m[48;2;151;135;147m[38;2;151;135;147m*[0m[48;2;101;89;99m[38;2;101;89;99m%[0m[48;2;66;58;65m[38;2;66;58;65m░[0m[48;2;127;125;128m[38;2;127;125;128m#[0m[48;2;231;230;231m[38;2;231;230;231m.[0m                                 
                                       [48;2;73;72;72m[38;2;73;72;72m░[0m[48;2;130;118;127m[38;2;130;118;127m#[0m[48;2;154;139;150m[38;2;154;139;150m*[0m[48;2;18;10;17m[38;2;18;10;17m█[0m[48;2;97;90;93m[38;2;97;90;93m%[0m[48;2;177;169;171m[38;2;177;169;171m=[0m[48;2;38;29;36m[38;2;38;29;36m▓[0m[48;2;66;40;125m[38;2;66;40;125m░[0m[48;2;79;37;156m[38;2;79;37;156m░[0m[48;2;79;37;153m[38;2;79;37;153m░[0m[48;2;33;19;42m[38;2;33;19;42m▓[0m[48;2;237;226;226m[38;2;237;226;226m.[0m[48;2;247;235;232m[38;2;247;235;232m [0m[48;2;249;236;232m[38;2;249;236;232m [0m[48;2;250;236;232m[38;2;250;236;232m [0m[48;2;109;97;96m[38;2;109;97;96m%[0m[48;2;125;103;130m[38;2;125;103;130m#[0m[48;2;215;161;219m[38;2;215;161;219m-[0m[48;2;201;147;206m[38;2;201;147;206m=[0m[48;2;50;33;49m[38;2;50;33;49m▒[0m[48;2;247;233;228m[38;2;247;233;228m.[0m[48;2;249;232;226m[38;2;249;232;226m.[0m[48;2;174;156;152m[38;2;174;156;152m+[0m[48;2;57;45;50m[38;2;57;45;50m▒[0m[48;2;141;125;136m[38;2;141;125;136m*[0m[48;2;161;142;156m[38;2;161;142;156m+[0m[48;2;143;126;138m[38;2;143;126;138m*[0m[48;2;59;48;56m[38;2;59;48;56m▒[0m[48;2;84;72;82m[38;2;84;72;82m@[0m[48;2;144;131;142m[38;2;144;131;142m*[0m[48;2;158;143;153m[38;2;158;143;153m+[0m[48;2;160;142;153m[38;2;160;142;153m+[0m[48;2;161;140;154m[38;2;161;140;154m+[0m[48;2;161;140;155m[38;2;161;140;155m+[0m[48;2;161;140;155m[38;2;161;140;155m+[0m[48;2;159;141;154m[38;2;159;141;154m+[0m[48;2;123;111;122m[38;2;123;111;122m#[0m[48;2;64;57;64m[38;2;64;57;64m░[0m[48;2;119;115;119m[38;2;119;115;119m#[0m                                
                                       [48;2;150;149;149m[38;2;150;149;149m+[0m[48;2;79;70;76m[38;2;79;70;76m@[0m[48;2;160;143;155m[38;2;160;143;155m+[0m[48;2;73;62;71m[38;2;73;62;71m░[0m[48;2;54;47;52m[38;2;54;47;52m▒[0m[48;2;243;235;234m[38;2;243;235;234m.[0m[48;2;125;116;117m[38;2;125;116;117m#[0m[48;2;113;95;119m[38;2;113;95;119m%[0m[48;2;212;162;218m[38;2;212;162;218m-[0m[48;2;208;151;217m[38;2;208;151;217m=[0m[48;2;50;29;53m[38;2;50;29;53m▒[0m[48;2;222;210;209m[38;2;222;210;209m:[0m[48;2;249;234;229m[38;2;249;234;229m [0m[48;2;250;234;228m[38;2;250;234;228m [0m[48;2;251;235;230m[38;2;251;235;230m [0m[48;2;244;230;225m[38;2;244;230;225m.[0m[48;2;131;119;117m[38;2;131;119;117m#[0m[48;2;99;80;88m[38;2;99;80;88m@[0m[48;2;93;75;84m[38;2;93;75;84m@[0m[48;2;179;167;167m[38;2;179;167;167m=[0m[48;2;243;224;213m[38;2;243;224;213m.[0m[48;2;235;201;186m[38;2;235;201;186m:[0m[48;2;239;207;199m[38;2;239;207;199m:[0m[48;2;213;199;197m[38;2;213;199;197m:[0m[48;2;73;63;67m[38;2;73;63;67m░[0m[48;2;100;86;96m[38;2;100;86;96m@[0m[48;2;155;139;150m[38;2;155;139;150m*[0m[48;2;157;142;152m[38;2;157;142;152m+[0m[48;2;113;100;111m[38;2;113;100;111m%[0m[48;2;65;55;63m[38;2;65;55;63m░[0m[48;2;68;57;66m[38;2;68;57;66m░[0m[48;2;104;90;100m[38;2;104;90;100m%[0m[48;2;135;118;130m[38;2;135;118;130m#[0m[48;2;146;128;141m[38;2;146;128;141m*[0m[48;2;146;129;142m[38;2;146;129;142m*[0m[48;2;140;123;136m[38;2;140;123;136m*[0m[48;2;126;111;122m[38;2;126;111;122m#[0m[48;2;157;143;152m[38;2;157;143;152m+[0m[48;2;91;80;89m[38;2;91;80;89m@[0m[48;2;117;114;118m[38;2;117;114;118m#[0m                               
                                       [48;2;237;237;237m[38;2;237;237;237m.[0m[48;2;43;40;42m[38;2;43;40;42m▒[0m[48;2;137;122;133m[38;2;137;122;133m#[0m[48;2;152;136;149m[38;2;152;136;149m*[0m[48;2;54;43;53m[38;2;54;43;53m▒[0m[48;2;165;155;159m[38;2;165;155;159m+[0m[48;2;234;216;217m[38;2;234;216;217m.[0m[48;2;84;70;74m[38;2;84;70;74m@[0m[48;2;109;82;106m[38;2;109;82;106m%[0m[48;2;100;71;98m[38;2;100;71;98m@[0m[48;2;112;98;105m[38;2;112;98;105m%[0m[48;2;249;235;230m[38;2;249;235;230m [0m[48;2;250;235;227m[38;2;250;235;227m [0m[48;2;141;126;121m[38;2;141;126;121m*[0m[48;2;149;135;131m[38;2;149;135;131m*[0m[48;2;249;236;231m[38;2;249;236;231m [0m[48;2;250;234;228m[38;2;250;234;228m [0m[48;2;250;234;229m[38;2;250;234;229m [0m[48;2;251;235;229m[38;2;251;235;229m [0m[48;2;250;235;227m[38;2;250;235;227m [0m[48;2;249;233;224m[38;2;249;233;224m.[0m[48;2;251;234;224m[38;2;251;234;224m [0m[48;2;251;235;229m[38;2;251;235;229m [0m[48;2;250;234;231m[38;2;250;234;231m [0m[48;2;146;134;135m[38;2;146;134;135m*[0m[48;2;49;39;46m[38;2;49;39;46m▒[0m[48;2;59;48;56m[38;2;59;48;56m▒[0m[48;2;74;62;70m[38;2;74;62;70m░[0m[48;2;28;19;26m[38;2;28;19;26m▓[0m[48;2;83;74;82m[38;2;83;74;82m@[0m[48;2;105;96;105m[38;2;105;96;105m%[0m[48;2;82;73;81m[38;2;82;73;81m@[0m[48;2;48;38;47m[38;2;48;38;47m▒[0m[48;2;23;15;22m[38;2;23;15;22m█[0m[48;2;9;3;9m[38;2;9;3;9m█[0m[48;2;44;36;44m[38;2;44;36;44m▒[0m[48;2;108;98;106m[38;2;108;98;106m%[0m[48;2;156;141;150m[38;2;156;141;150m+[0m[48;2;154;141;150m[38;2;154;141;150m*[0m[48;2;37;32;36m[38;2;37;32;36m▓[0m[48;2;225;225;225m[38;2;225;225;225m.[0m                              
                                        [48;2;70;68;69m[38;2;70;68;69m░[0m[48;2;29;23;26m[38;2;29;23;26m▓[0m[48;2;94;82;91m[38;2;94;82;91m@[0m[48;2;125;110;121m[38;2;125;110;121m#[0m[48;2;64;51;61m[38;2;64;51;61m░[0m[48;2;93;82;84m[38;2;93;82;84m@[0m[48;2;212;199;198m[38;2;212;199;198m:[0m[48;2;220;206;204m[38;2;220;206;204m:[0m[48;2;229;214;211m[38;2;229;214;211m:[0m[48;2;250;235;230m[38;2;250;235;230m [0m[48;2;250;235;227m[38;2;250;235;227m [0m[48;2;250;235;227m[38;2;250;235;227m [0m[48;2;248;232;226m[38;2;248;232;226m.[0m[48;2;250;235;226m[38;2;250;235;226m [0m[48;2;250;235;227m[38;2;250;235;227m [0m[48;2;250;235;226m[38;2;250;235;226m [0m[48;2;250;235;226m[38;2;250;235;226m [0m[48;2;250;235;227m[38;2;250;235;227m [0m[48;2;250;235;226m[38;2;250;235;226m [0m[48;2;250;235;226m[38;2;250;235;226m [0m[48;2;248;235;228m[38;2;248;235;228m [0m[48;2;232;218;213m[38;2;232;218;213m.[0m[48;2;136;123;122m[38;2;136;123;122m#[0m[48;2;59;50;54m[38;2;59;50;54m▒[0m[48;2;140;128;136m[38;2;140;128;136m*[0m[48;2;127;114;124m[38;2;127;114;124m#[0m[48;2;85;75;84m[38;2;85;75;84m@[0m[48;2;30;21;28m[38;2;30;21;28m▓[0m[48;2;6;0;5m[38;2;6;0;5m█[0m[48;2;15;12;17m[38;2;15;12;17m█[0m[48;2;23;19;24m[38;2;23;19;24m▓[0m[48;2;11;5;10m[38;2;11;5;10m█[0m[48;2;49;42;49m[38;2;49;42;49m▒[0m[48;2;63;57;63m[38;2;63;57;63m░[0m[48;2;106;98;105m[38;2;106;98;105m%[0m[48;2;156;143;154m[38;2;156;143;154m+[0m[48;2;159;142;154m[38;2;159;142;154m+[0m[48;2;159;142;154m[38;2;159;142;154m+[0m[48;2;75;67;73m[38;2;75;67;73m░[0m[48;2;159;158;160m[38;2;159;158;160m+[0m                              
                                        [48;2;51;50;51m[38;2;51;50;51m▒[0m[48;2;49;46;47m[38;2;49;46;47m▒[0m[48;2;60;55;57m[38;2;60;55;57m░[0m[48;2;136;129;131m[38;2;136;129;131m*[0m[48;2;124;117;118m[38;2;124;117;118m#[0m[48;2;128;119;121m[38;2;128;119;121m#[0m[48;2;175;161;159m[38;2;175;161;159m=[0m[48;2;248;235;230m[38;2;248;235;230m [0m[48;2;250;235;229m[38;2;250;235;229m [0m[48;2;250;235;227m[38;2;250;235;227m [0m[48;2;250;235;226m[38;2;250;235;226m [0m[48;2;250;235;227m[38;2;250;235;227m [0m[48;2;249;235;228m[38;2;249;235;228m [0m[48;2;249;235;227m[38;2;249;235;227m [0m[48;2;245;230;223m[38;2;245;230;223m.[0m[48;2;223;209;203m[38;2;223;209;203m:[0m[48;2;187;175;170m[38;2;187;175;170m=[0m[48;2;156;144;142m[38;2;156;144;142m+[0m[48;2;124;113;111m[38;2;124;113;111m#[0m[48;2;82;73;72m[38;2;82;73;72m@[0m[48;2;40;34;35m[38;2;40;34;35m▓[0m[48;2;14;9;11m[38;2;14;9;11m█[0m[48;2;8;4;8m[38;2;8;4;8m█[0m[48;2;27;22;27m[38;2;27;22;27m▓[0m[48;2;100;93;98m[38;2;100;93;98m%[0m[48;2;31;25;32m[38;2;31;25;32m▓[0m[48;2;16;11;19m[38;2;16;11;19m█[0m[48;2;25;20;28m[38;2;25;20;28m▓[0m[48;2;36;31;38m[38;2;36;31;38m▓[0m[48;2;221;219;222m[38;2;221;219;222m.[0m[48;2;208;206;208m[38;2;208;206;208m:[0m[48;2;56;52;55m[38;2;56;52;55m▒[0m[48;2;186;180;183m[38;2;186;180;183m=[0m[48;2;98;92;95m[38;2;98;92;95m%[0m[48;2;77;69;74m[38;2;77;69;74m░[0m[48;2;156;142;153m[38;2;156;142;153m+[0m[48;2;160;141;155m[38;2;160;141;155m+[0m[48;2;160;141;155m[38;2;160;141;155m+[0m[48;2;80;70;78m[38;2;80;70;78m@[0m[48;2;157;156;157m[38;2;157;156;157m+[0m                              
                                        [48;2;238;238;238m[38;2;238;238;238m [0m[48;2;215;213;214m[38;2;215;213;214m:[0m[48;2;78;75;77m[38;2;78;75;77m@[0m[48;2;61;56;58m[38;2;61;56;58m░[0m[48;2;116;111;113m[38;2;116;111;113m#[0m[48;2;131;124;125m[38;2;131;124;125m#[0m[48;2;133;124;124m[38;2;133;124;124m#[0m[48;2;129;120;120m[38;2;129;120;120m#[0m[48;2;121;112;112m[38;2;121;112;112m#[0m[48;2;117;108;108m[38;2;117;108;108m#[0m[48;2;107;99;99m[38;2;107;99;99m%[0m[48;2;92;85;85m[38;2;92;85;85m@[0m[48;2;92;85;86m[38;2;92;85;86m@[0m[48;2;66;59;61m[38;2;66;59;61m░[0m[48;2;92;85;87m[38;2;92;85;87m@[0m[48;2;98;95;96m[38;2;98;95;96m%[0m[48;2;13;9;13m[38;2;13;9;13m█[0m[48;2;33;29;34m[38;2;33;29;34m▓[0m[48;2;37;33;38m[38;2;37;33;38m▓[0m[48;2;21;17;23m[38;2;21;17;23m▓[0m[48;2;37;34;40m[38;2;37;34;40m▓[0m[48;2;21;18;24m[38;2;21;18;24m▓[0m[48;2;12;9;15m[38;2;12;9;15m█[0m[48;2;16;13;18m[38;2;16;13;18m█[0m[48;2;21;15;22m[38;2;21;15;22m█[0m[48;2;26;22;33m[38;2;26;22;33m▓[0m[48;2;35;31;44m[38;2;35;31;44m▓[0m[48;2;20;17;28m[38;2;20;17;28m▓[0m[48;2;130;126;134m[38;2;130;126;134m*[0m [48;2;219;218;218m[38;2;219;218;218m:[0m[48;2;19;18;18m[38;2;19;18;18m▓[0m[48;2;126;123;125m[38;2;126;123;125m#[0m[48;2;48;44;47m[38;2;48;44;47m▒[0m[48;2;101;93;99m[38;2;101;93;99m%[0m[48;2;143;129;140m[38;2;143;129;140m*[0m[48;2;161;141;155m[38;2;161;141;155m+[0m[48;2;147;131;141m[38;2;147;131;141m*[0m[48;2;43;35;42m[38;2;43;35;42m▒[0m[48;2;229;226;228m[38;2;229;226;228m.[0m                              
                                    [48;2;226;226;226m[38;2;226;226;226m.[0m[48;2;78;76;79m[38;2;78;76;79m@[0m[48;2;67;66;69m[38;2;67;66;69m░[0m[48;2;37;36;40m[38;2;37;36;40m▒[0m[48;2;22;20;27m[38;2;22;20;27m▓[0m[48;2;21;20;28m[38;2;21;20;28m▓[0m[48;2;11;8;17m[38;2;11;8;17m█[0m[48;2;35;32;41m[38;2;35;32;41m▓[0m[48;2;26;23;29m[38;2;26;23;29m▓[0m[48;2;21;18;23m[38;2;21;18;23m▓[0m[48;2;55;52;57m[38;2;55;52;57m▒[0m[48;2;5;2;7m[38;2;5;2;7m█[0m[48;2;33;31;35m[38;2;33;31;35m▓[0m[48;2;31;29;33m[38;2;31;29;33m▓[0m[48;2;48;47;51m[38;2;48;47;51m▒[0m[48;2;19;18;22m[38;2;19;18;22m▓[0m[48;2;44;41;44m[38;2;44;41;44m▒[0m[48;2;134;131;133m[38;2;134;131;133m*[0m[48;2;64;59;63m[38;2;64;59;63m░[0m[48;2;10;9;11m[38;2;10;9;11m█[0m[48;2;30;29;33m[38;2;30;29;33m▓[0m[48;2;52;50;54m[38;2;52;50;54m▒[0m[48;2;16;11;17m[38;2;16;11;17m█[0m[48;2;36;28;34m[38;2;36;28;34m▓[0m[48;2;95;88;86m[38;2;95;88;86m@[0m[48;2;67;60;62m[38;2;67;60;62m░[0m[48;2;33;27;41m[38;2;33;27;41m▓[0m[48;2;10;5;16m[38;2;10;5;16m█[0m[48;2;7;1;10m[38;2;7;1;10m█[0m[48;2;23;19;32m[38;2;23;19;32m▓[0m[48;2;34;29;45m[38;2;34;29;45m▓[0m[48;2;12;10;20m[38;2;12;10;20m█[0m[48;2;185;182;188m[38;2;185;182;188m-[0m  [48;2;60;57;59m[38;2;60;57;59m░[0m[48;2;168;165;167m[38;2;168;165;167m=[0m[48;2;71;68;70m[38;2;71;68;70m░[0m[48;2;56;50;55m[38;2;56;50;55m▒[0m[48;2;146;134;143m[38;2;146;134;143m*[0m[48;2;151;134;145m[38;2;151;134;145m*[0m[48;2;57;47;54m[38;2;57;47;54m▒[0m[48;2;176;171;174m[38;2;176;171;174m=[0m                               
                                   [48;2;105;104;105m[38;2;105;104;105m%[0m[48;2;74;72;73m[38;2;74;72;73m░[0m[48;2;80;78;80m[38;2;80;78;80m@[0m[48;2;219;216;219m[38;2;219;216;219m:[0m[48;2;17;15;22m[38;2;17;15;22m█[0m[48;2;34;31;47m[38;2;34;31;47m▓[0m[48;2;36;33;50m[38;2;36;33;50m▓[0m[48;2;36;31;51m[38;2;36;31;51m▓[0m[48;2;35;29;49m[38;2;35;29;49m▓[0m[48;2;28;25;41m[38;2;28;25;41m▓[0m[48;2;9;7;16m[38;2;9;7;16m█[0m[48;2;18;16;27m[38;2;18;16;27m█[0m[48;2;15;13;23m[38;2;15;13;23m█[0m[48;2;20;16;30m[38;2;20;16;30m▓[0m[48;2;12;10;18m[38;2;12;10;18m█[0m[48;2;20;19;24m[38;2;20;19;24m▓[0m[48;2;35;34;38m[38;2;35;34;38m▓[0m[48;2;24;22;26m[38;2;24;22;26m▓[0m[48;2;135;132;137m[38;2;135;132;137m*[0m[48;2;15;12;18m[38;2;15;12;18m█[0m[48;2;44;43;46m[38;2;44;43;46m▒[0m[48;2;17;16;20m[38;2;17;16;20m█[0m[48;2;32;29;31m[38;2;32;29;31m▓[0m[48;2;85;76;81m[38;2;85;76;81m@[0m[48;2;106;95;100m[38;2;106;95;100m%[0m[48;2;62;49;58m[38;2;62;49;58m▒[0m[48;2;122;112;102m[38;2;122;112;102m#[0m[48;2;37;29;48m[38;2;37;29;48m▓[0m[48;2;35;27;45m[38;2;35;27;45m▓[0m[48;2;12;8;20m[38;2;12;8;20m█[0m[48;2;11;8;18m[38;2;11;8;18m█[0m[48;2;29;26;35m[38;2;29;26;35m▓[0m[48;2;10;5;14m[38;2;10;5;14m█[0m[48;2;112;109;114m[38;2;112;109;114m#[0m[48;2;165;163;166m[38;2;165;163;166m+[0m[48;2;181;178;180m[38;2;181;178;180m=[0m[48;2;134;132;133m[38;2;134;132;133m*[0m[48;2;54;50;53m[38;2;54;50;53m▒[0m[48;2;38;32;36m[38;2;38;32;36m▓[0m[48;2;146;136;143m[38;2;146;136;143m*[0m[48;2;133;121;130m[38;2;133;121;130m#[0m[48;2;50;43;49m[38;2;50;43;49m▒[0m[48;2;185;180;185m[38;2;185;180;185m=[0m                                
                                  [48;2;236;236;236m[38;2;236;236;236m.[0m[48;2;106;104;107m[38;2;106;104;107m%[0m[48;2;99;98;99m[38;2;99;98;99m%[0m[48;2;44;42;44m[38;2;44;42;44m▒[0m [48;2;115;112;115m[38;2;115;112;115m#[0m[48;2;21;18;30m[38;2;21;18;30m▓[0m[48;2;36;32;48m[38;2;36;32;48m▓[0m[48;2;37;31;51m[38;2;37;31;51m▓[0m[48;2;37;31;52m[38;2;37;31;52m▓[0m[48;2;21;18;35m[38;2;21;18;35m▓[0m[48;2;16;14;23m[38;2;16;14;23m█[0m[48;2;10;9;17m[38;2;10;9;17m█[0m[48;2;26;23;37m[38;2;26;23;37m▓[0m[48;2;35;30;49m[38;2;35;30;49m▓[0m[48;2;10;5;19m[38;2;10;5;19m█[0m[48;2;5;4;7m[38;2;5;4;7m█[0m[48;2;9;7;10m[38;2;9;7;10m█[0m[48;2;5;1;5m[38;2;5;1;5m█[0m[48;2;7;2;9m[38;2;7;2;9m█[0m[48;2;14;8;19m[38;2;14;8;19m█[0m[48;2;75;67;58m[38;2;75;67;58m░[0m[48;2;117;107;91m[38;2;117;107;91m%[0m[48;2;49;40;34m[38;2;49;40;34m▒[0m[48;2;93;83;82m[38;2;93;83;82m@[0m[48;2;93;84;83m[38;2;93;84;83m@[0m[48;2;102;92;94m[38;2;102;92;94m%[0m[48;2;63;54;61m[38;2;63;54;61m░[0m[48;2;37;29;49m[38;2;37;29;49m▓[0m[48;2;36;30;51m[38;2;36;30;51m▓[0m[48;2;35;30;49m[38;2;35;30;49m▓[0m[48;2;20;16;32m[38;2;20;16;32m▓[0m[48;2;43;39;48m[38;2;43;39;48m▒[0m[48;2;73;67;74m[38;2;73;67;74m░[0m[48;2;51;45;52m[38;2;51;45;52m▒[0m[48;2;23;17;24m[38;2;23;17;24m▓[0m[48;2;18;13;17m[38;2;18;13;17m█[0m[48;2;83;73;80m[38;2;83;73;80m@[0m[48;2;103;94;101m[38;2;103;94;101m%[0m[48;2;109;101;109m[38;2;109;101;109m%[0m[48;2;74;66;74m[38;2;74;66;74m░[0m[48;2;96;91;96m[38;2;96;91;96m%[0m[48;2;219;217;221m[38;2;219;217;221m:[0m                                 
                                     [48;2;110;109;111m[38;2;110;109;111m%[0m[48;2;149;147;150m[38;2;149;147;150m+[0m[48;2;241;239;242m[38;2;241;239;242m [0m[48;2;87;85;90m[38;2;87;85;90m@[0m[48;2;19;16;25m[38;2;19;16;25m█[0m[48;2;35;31;44m[38;2;35;31;44m▓[0m[48;2;32;27;41m[38;2;32;27;41m▓[0m[48;2;16;12;24m[38;2;16;12;24m█[0m[48;2;31;26;35m[38;2;31;26;35m▓[0m[48;2;5;3;11m[38;2;5;3;11m█[0m[48;2;34;30;47m[38;2;34;30;47m▓[0m[48;2;37;31;52m[38;2;37;31;52m▓[0m[48;2;30;25;42m[38;2;30;25;42m▓[0m[48;2;48;41;41m[38;2;48;41;41m▒[0m[48;2;182;171;141m[38;2;182;171;141m=[0m[48;2;130;116;92m[38;2;130;116;92m#[0m[48;2;80;65;51m[38;2;80;65;51m░[0m[48;2;126;111;92m[38;2;126;111;92m#[0m[48;2;212;195;157m[38;2;212;195;157m-[0m[48;2;149;133;109m[38;2;149;133;109m*[0m[48;2;43;32;27m[38;2;43;32;27m▓[0m[48;2;21;13;17m[38;2;21;13;17m█[0m[48;2;43;37;45m[38;2;43;37;45m▒[0m[48;2;46;38;49m[38;2;46;38;49m▒[0m[48;2;28;21;31m[38;2;28;21;31m▓[0m[48;2;17;11;23m[38;2;17;11;23m█[0m[48;2;12;6;18m[38;2;12;6;18m█[0m[48;2;14;10;20m[38;2;14;10;20m█[0m[48;2;17;13;23m[38;2;17;13;23m█[0m[48;2;14;10;19m[38;2;14;10;19m█[0m[48;2;7;4;9m[38;2;7;4;9m█[0m[48;2;28;25;31m[38;2;28;25;31m▓[0m[48;2;26;22;28m[38;2;26;22;28m▓[0m[48;2;132;124;132m[38;2;132;124;132m#[0m[48;2;118;107;116m[38;2;118;107;116m#[0m[48;2;69;59;67m[38;2;69;59;67m░[0m[48;2;107;101;106m[38;2;107;101;106m%[0m[48;2;214;209;213m[38;2;214;209;213m:[0m                                   
                                      [48;2;80;79;82m[38;2;80;79;82m@[0m[48;2;147;144;149m[38;2;147;144;149m*[0m[48;2;239;236;241m[38;2;239;236;241m.[0m[48;2;120;117;123m[38;2;120;117;123m#[0m[48;2;10;7;13m[38;2;10;7;13m█[0m[48;2;32;29;35m[38;2;32;29;35m▓[0m[48;2;52;48;54m[38;2;52;48;54m▒[0m[48;2;57;53;59m[38;2;57;53;59m░[0m[48;2;14;12;20m[38;2;14;12;20m█[0m[48;2;34;31;46m[38;2;34;31;46m▓[0m[48;2;30;25;42m[38;2;30;25;42m▓[0m[48;2;16;13;22m[38;2;16;13;22m█[0m[48;2;27;23;28m[38;2;27;23;28m▓[0m[48;2;22;15;19m[38;2;22;15;19m█[0m[48;2;67;59;55m[38;2;67;59;55m░[0m[48;2;108;99;84m[38;2;108;99;84m%[0m[48;2;102;96;82m[38;2;102;96;82m%[0m[48;2;27;18;20m[38;2;27;18;20m▓[0m[48;2;11;5;13m[38;2;11;5;13m█[0m[48;2;45;41;47m[38;2;45;41;47m▒[0m[48;2;7;3;10m[38;2;7;3;10m█[0m[48;2;6;3;10m[38;2;6;3;10m█[0m[48;2;18;14;22m[38;2;18;14;22m█[0m[48;2;46;41;50m[38;2;46;41;50m▒[0m[48;2;60;56;65m[38;2;60;56;65m░[0m[48;2;67;63;70m[38;2;67;63;70m░[0m[48;2;70;65;72m[38;2;70;65;72m░[0m[48;2;69;66;73m[38;2;69;66;73m░[0m[48;2;68;65;73m[38;2;68;65;73m░[0m[48;2;67;64;71m[38;2;67;64;71m░[0m[48;2;60;57;63m[38;2;60;57;63m░[0m[48;2;35;32;38m[38;2;35;32;38m▓[0m[48;2;52;46;53m[38;2;52;46;53m▒[0m[48;2;148;144;149m[38;2;148;144;149m*[0m[48;2;237;235;238m[38;2;237;235;238m.[0m                                     
                                       [48;2;147;146;149m[38;2;147;146;149m+[0m[48;2;99;97;102m[38;2;99;97;102m%[0m[48;2;134;129;136m[38;2;134;129;136m*[0m[48;2;198;194;199m[38;2;198;194;199m-[0m[48;2;189;187;190m[38;2;189;187;190m-[0m[48;2;113;110;114m[38;2;113;110;114m#[0m[48;2;29;24;30m[38;2;29;24;30m▓[0m[48;2;21;18;26m[38;2;21;18;26m▓[0m[48;2;19;16;25m[38;2;19;16;25m█[0m[48;2;31;28;32m[38;2;31;28;32m▓[0m[48;2;70;68;69m[38;2;70;68;69m░[0m[48;2;7;4;8m[38;2;7;4;8m█[0m[48;2;122;119;123m[38;2;122;119;123m#[0m[48;2;83;78;82m[38;2;83;78;82m@[0m[48;2;22;18;23m[38;2;22;18;23m▓[0m[48;2;25;21;36m[38;2;25;21;36m▓[0m[48;2;29;26;39m[38;2;29;26;39m▓[0m[48;2;33;29;40m[38;2;33;29;40m▓[0m[48;2;15;8;43m[38;2;15;8;43m█[0m[48;2;26;15;68m[38;2;26;15;68m▓[0m[48;2;56;43;95m[38;2;56;43;95m▒[0m[48;2;6;2;15m[38;2;6;2;15m█[0m[48;2;27;23;33m[38;2;27;23;33m▓[0m[48;2;37;32;47m[38;2;37;32;47m▓[0m[48;2;34;29;45m[38;2;34;29;45m▓[0m[48;2;31;26;41m[38;2;31;26;41m▓[0m[48;2;31;27;42m[38;2;31;27;42m▓[0m[48;2;32;27;44m[38;2;32;27;44m▓[0m[48;2;32;26;45m[38;2;32;26;45m▓[0m[48;2;32;27;44m[38;2;32;27;44m▓[0m[48;2;30;25;41m[38;2;30;25;41m▓[0m[48;2;20;16;29m[38;2;20;16;29m▓[0m[48;2;66;63;73m[38;2;66;63;73m░[0m[48;2;133;130;136m[38;2;133;130;136m*[0m[48;2;205;204;206m[38;2;205;204;206m:[0m                                    
                                       [48;2;127;127;129m[38;2;127;127;129m#[0m[48;2;61;60;64m[38;2;61;60;64m░[0m[48;2;52;48;54m[38;2;52;48;54m▒[0m[48;2;70;66;72m[38;2;70;66;72m░[0m[48;2;99;95;102m[38;2;99;95;102m%[0m[48;2;135;130;136m[38;2;135;130;136m*[0m[48;2;40;37;43m[38;2;40;37;43m▒[0m[48;2;13;11;17m[38;2;13;11;17m█[0m[48;2;60;57;62m[38;2;60;57;62m░[0m[48;2;57;53;57m[38;2;57;53;57m▒[0m[48;2;16;12;17m[38;2;16;12;17m█[0m[48;2;39;37;41m[38;2;39;37;41m▒[0m  [48;2;98;95;100m[38;2;98;95;100m%[0m[48;2;35;22;87m[38;2;35;22;87m▓[0m[48;2;76;51;160m[38;2;76;51;160m░[0m[48;2;47;36;75m[38;2;47;36;75m▒[0m[48;2;13;8;31m[38;2;13;8;31m█[0m[48;2;34;23;78m[38;2;34;23;78m▓[0m[48;2;78;67;122m[38;2;78;67;122m@[0m[48;2;30;24;45m[38;2;30;24;45m▓[0m[48;2;14;11;18m[38;2;14;11;18m█[0m[48;2;36;32;47m[38;2;36;32;47m▓[0m[48;2;37;32;52m[38;2;37;32;52m▓[0m[48;2;37;31;52m[38;2;37;31;52m▓[0m[48;2;37;31;52m[38;2;37;31;52m▓[0m[48;2;37;31;52m[38;2;37;31;52m▓[0m[48;2;37;31;52m[38;2;37;31;52m▓[0m[48;2;37;31;52m[38;2;37;31;52m▓[0m[48;2;37;31;52m[38;2;37;31;52m▓[0m[48;2;37;31;52m[38;2;37;31;52m▓[0m[48;2;36;30;51m[38;2;36;30;51m▓[0m[48;2;31;25;44m[38;2;31;25;44m▓[0m[48;2;22;17;33m[38;2;22;17;33m▓[0m[48;2;43;39;49m[38;2;43;39;49m▒[0m[48;2;116;114;120m[38;2;116;114;120m#[0m[48;2;207;207;208m[38;2;207;207;208m:[0m                                 
                                        [48;2;188;187;189m[38;2;188;187;189m-[0m[48;2;141;138;142m[38;2;141;138;142m*[0m[48;2;112;107;112m[38;2;112;107;112m%[0m[48;2;99;95;99m[38;2;99;95;99m%[0m[48;2;67;63;67m[38;2;67;63;67m░[0m[48;2;22;19;23m[38;2;22;19;23m▓[0m[48;2;70;68;72m[38;2;70;68;72m░[0m[48;2;30;27;32m[38;2;30;27;32m▓[0m[48;2;29;24;37m[38;2;29;24;37m▓[0m[48;2;27;23;36m[38;2;27;23;36m▓[0m[48;2;106;104;108m[38;2;106;104;108m%[0m  [48;2;237;236;239m[38;2;237;236;239m.[0m[48;2;84;81;86m[38;2;84;81;86m@[0m[48;2;69;59;91m[38;2;69;59;91m░[0m[48;2;55;46;74m[38;2;55;46;74m▒[0m[48;2;13;8;25m[38;2;13;8;25m█[0m[48;2;46;28;116m[38;2;46;28;116m▒[0m[48;2;54;39;92m[38;2;54;39;92m▒[0m[48;2;34;27;40m[38;2;34;27;40m▓[0m[48;2;141;137;143m[38;2;141;137;143m*[0m[48;2;68;64;73m[38;2;68;64;73m░[0m[48;2;21;17;31m[38;2;21;17;31m▓[0m[48;2;30;25;40m[38;2;30;25;40m▓[0m[48;2;36;31;49m[38;2;36;31;49m▓[0m[48;2;37;31;52m[38;2;37;31;52m▓[0m[48;2;37;31;52m[38;2;37;31;52m▓[0m[48;2;37;31;52m[38;2;37;31;52m▓[0m[48;2;37;31;52m[38;2;37;31;52m▓[0m[48;2;37;31;52m[38;2;37;31;52m▓[0m[48;2;37;31;52m[38;2;37;31;52m▓[0m[48;2;37;31;52m[38;2;37;31;52m▓[0m[48;2;37;31;52m[38;2;37;31;52m▓[0m[48;2;37;31;52m[38;2;37;31;52m▓[0m[48;2;32;27;45m[38;2;32;27;45m▓[0m[48;2;20;15;29m[38;2;20;15;29m█[0m[48;2;61;59;67m[38;2;61;59;67m░[0m[48;2;166;165;168m[38;2;166;165;168m=[0m                               
                                            [48;2;186;185;186m[38;2;186;185;186m-[0m[48;2;14;14;15m[38;2;14;14;15m█[0m[48;2;20;17;24m[38;2;20;17;24m▓[0m[48;2;34;29;45m[38;2;34;29;45m▓[0m[48;2;38;32;51m[38;2;38;32;51m▓[0m[48;2;19;15;29m[38;2;19;15;29m█[0m[48;2;155;154;156m[38;2;155;154;156m+[0m    [48;2;209;208;210m[38;2;209;208;210m:[0m[48;2;236;234;237m[38;2;236;234;237m.[0m[48;2;176;174;177m[38;2;176;174;177m=[0m[48;2;66;61;76m[38;2;66;61;76m░[0m[48;2;61;53;78m[38;2;61;53;78m░[0m[48;2;78;74;83m[38;2;78;74;83m@[0m[48;2;235;232;237m[38;2;235;232;237m.[0m [48;2;210;208;211m[38;2;210;208;211m:[0m[48;2;127;125;130m[38;2;127;125;130m#[0m[48;2;44;41;49m[38;2;44;41;49m▒[0m[48;2;19;15;27m[38;2;19;15;27m█[0m[48;2;28;24;40m[38;2;28;24;40m▓[0m[48;2;35;29;49m[38;2;35;29;49m▓[0m[48;2;37;31;51m[38;2;37;31;51m▓[0m[48;2;37;31;52m[38;2;37;31;52m▓[0m[48;2;37;31;52m[38;2;37;31;52m▓[0m[48;2;37;31;52m[38;2;37;31;52m▓[0m[48;2;37;31;52m[38;2;37;31;52m▓[0m[48;2;37;31;52m[38;2;37;31;52m▓[0m[48;2;37;31;52m[38;2;37;31;52m▓[0m[48;2;37;31;52m[38;2;37;31;52m▓[0m[48;2;36;31;50m[38;2;36;31;50m▓[0m[48;2;25;21;35m[38;2;25;21;35m▓[0m[48;2;42;39;49m[38;2;42;39;49m▒[0m[48;2;163;162;166m[38;2;163;162;166m+[0m                             
                                            [48;2;184;183;184m[38;2;184;183;184m-[0m[48;2;13;12;14m[38;2;13;12;14m█[0m[48;2;37;32;48m[38;2;37;32;48m▓[0m[48;2;37;31;52m[38;2;37;31;52m▓[0m[48;2;37;31;52m[38;2;37;31;52m▓[0m[48;2;14;11;24m[38;2;14;11;24m█[0m[48;2;191;189;193m[38;2;191;189;193m-[0m        [48;2;204;203;206m[38;2;204;203;206m:[0m[48;2;239;238;240m[38;2;239;238;240m [0m   [48;2;151;150;152m[38;2;151;150;152m+[0m[48;2;74;73;77m[38;2;74;73;77m@[0m[48;2;120;118;122m[38;2;120;118;122m#[0m[48;2;20;17;24m[38;2;20;17;24m▓[0m[48;2;15;8;39m[38;2;15;8;39m█[0m[48;2;18;10;51m[38;2;18;10;51m█[0m[48;2;21;16;36m[38;2;21;16;36m▓[0m[48;2;30;25;45m[38;2;30;25;45m▓[0m[48;2;37;31;52m[38;2;37;31;52m▓[0m[48;2;37;31;52m[38;2;37;31;52m▓[0m[48;2;37;31;52m[38;2;37;31;52m▓[0m[48;2;37;31;52m[38;2;37;31;52m▓[0m[48;2;37;31;52m[38;2;37;31;52m▓[0m[48;2;37;31;52m[38;2;37;31;52m▓[0m[48;2;37;31;52m[38;2;37;31;52m▓[0m[48;2;36;31;51m[38;2;36;31;51m▓[0m[48;2;20;15;28m[38;2;20;15;28m█[0m[48;2;105;103;106m[38;2;105;103;106m%[0m                            