                                                                                                    
                                                                                                    
                                                                                                    
                                                                                                    
                                                                                                    
                                                                                                    
                                                                                                    
                                                                                                    
                                                                                                    
                                                                                                    
                                                                                                    
                                                 [48;2;229;229;229m[38;2;229;229;229m.[0m[48;2;218;218;218m[38;2;218;218;218m:[0m[48;2;213;213;213m[38;2;213;213;213m:[0m[48;2;221;221;222m[38;2;221;221;222m.[0m                                               
                                             [48;2;191;191;192m[38;2;191;191;192m-[0m[48;2;116;116;118m[38;2;116;116;118m#[0m[48;2;63;62;67m[38;2;63;62;67m░[0m[48;2;32;31;38m[38;2;32;31;38m▓[0m[48;2;26;25;34m[38;2;26;25;34m▓[0m[48;2;28;27;37m[38;2;28;27;37m▓[0m[48;2;29;28;39m[38;2;29;28;39m▓[0m[48;2;27;25;36m[38;2;27;25;36m▓[0m[48;2;23;22;33m[38;2;23;22;33m▓[0m[48;2;45;43;53m[38;2;45;43;53m▒[0m[48;2;87;85;94m[38;2;87;85;94m@[0m[48;2;143;142;147m[38;2;143;142;147m*[0m[48;2;219;219;221m[38;2;219;219;221m:[0m                                          
                                           [48;2;189;189;190m[38;2;189;189;190m-[0m[48;2;53;52;56m[38;2;53;52;56m▒[0m[48;2;30;27;39m[38;2;30;27;39m▓[0m[48;2;42;39;54m[38;2;42;39;54m▒[0m[48;2;45;42;59m[38;2;45;42;59m▒[0m[48;2;43;41;58m[38;2;43;41;58m▒[0m[48;2;44;43;58m[38;2;44;43;58m▒[0m[48;2;55;54;70m[38;2;55;54;70m░[0m[48;2;56;55;70m[38;2;56;55;70m░[0m[48;2;41;40;56m[38;2;41;40;56m▒[0m[48;2;61;61;76m[38;2;61;61;76m░[0m[48;2;47;46;62m[38;2;47;46;62m▒[0m[48;2;43;42;58m[38;2;43;42;58m▒[0m[48;2;38;36;53m[38;2;38;36;53m▒[0m[48;2;26;24;38m[38;2;26;24;38m▓[0m[48;2;71;70;78m[38;2;71;70;78m░[0m[48;2;181;180;183m[38;2;181;180;183m=[0m                                        
                                         [48;2;225;225;226m[38;2;225;225;226m.[0m[48;2;81;80;83m[38;2;81;80;83m@[0m[48;2;28;26;37m[38;2;28;26;37m▓[0m[48;2;43;41;56m[38;2;43;41;56m▒[0m[48;2;35;33;48m[38;2;35;33;48m▓[0m[48;2;29;25;36m[38;2;29;25;36m▓[0m[48;2;51;46;55m[38;2;51;46;55m▒[0m[48;2;74;68;76m[38;2;74;68;76m░[0m[48;2;88;79;88m[38;2;88;79;88m@[0m[48;2;95;84;94m[38;2;95;84;94m@[0m[48;2;94;83;93m[38;2;94;83;93m@[0m[48;2;79;70;78m[38;2;79;70;78m@[0m[48;2;57;49;59m[38;2;57;49;59m▒[0m[48;2;50;44;53m[38;2;50;44;53m▒[0m[48;2;46;42;50m[38;2;46;42;50m▒[0m[48;2;29;26;35m[38;2;29;26;35m▓[0m[48;2;31;28;37m[38;2;31;28;37m▓[0m[48;2;26;24;33m[38;2;26;24;33m▓[0m[48;2;15;12;20m[38;2;15;12;20m█[0m[48;2;75;73;79m[38;2;75;73;79m@[0m[48;2;228;227;228m[38;2;228;227;228m.[0m                                      
                                        [48;2;206;206;206m[38;2;206;206;206m:[0m[48;2;36;35;40m[38;2;36;35;40m▓[0m[48;2;40;38;51m[38;2;40;38;51m▒[0m[48;2;42;39;55m[38;2;42;39;55m▒[0m[48;2;23;19;34m[38;2;23;19;34m▓[0m[48;2;72;64;76m[38;2;72;64;76m░[0m[48;2;149;135;145m[38;2;149;135;145m*[0m[48;2;158;143;153m[38;2;158;143;153m+[0m[48;2;159;143;154m[38;2;159;143;154m+[0m[48;2;126;110;120m[38;2;126;110;120m#[0m[48;2;80;65;76m[38;2;80;65;76m░[0m[48;2;80;65;76m[38;2;80;65;76m░[0m[48;2;81;66;77m[38;2;81;66;77m░[0m[48;2;109;94;105m[38;2;109;94;105m%[0m[48;2;145;131;142m[38;2;145;131;142m*[0m[48;2;128;113;124m[38;2;128;113;124m#[0m[48;2;156;140;152m[38;2;156;140;152m*[0m[48;2;156;140;151m[38;2;156;140;151m*[0m[48;2;96;85;95m[38;2;96;85;95m@[0m[48;2;81;73;82m[38;2;81;73;82m@[0m[48;2;64;58;67m[38;2;64;58;67m░[0m[48;2;44;41;46m[38;2;44;41;46m▒[0m[48;2;223;222;223m[38;2;223;222;223m.[0m                                     
                                       [48;2;223;223;224m[38;2;223;223;224m.[0m[48;2;31;30;35m[38;2;31;30;35m▓[0m[48;2;41;39;50m[38;2;41;39;50m▒[0m[48;2;26;24;36m[38;2;26;24;36m▓[0m[48;2;36;31;43m[38;2;36;31;43m▓[0m[48;2;128;113;127m[38;2;128;113;127m#[0m[48;2;159;142;155m[38;2;159;142;155m+[0m[48;2;160;141;155m[38;2;160;141;155m+[0m[48;2;161;140;155m[38;2;161;140;155m+[0m[48;2;162;141;156m[38;2;162;141;156m+[0m[48;2;158;137;152m[38;2;158;137;152m*[0m[48;2;159;138;153m[38;2;159;138;153m*[0m[48;2;160;139;154m[38;2;160;139;154m+[0m[48;2;161;140;155m[38;2;161;140;155m+[0m[48;2;160;139;154m[38;2;160;139;154m+[0m[48;2;160;139;154m[38;2;160;139;154m+[0m[48;2;160;140;154m[38;2;160;140;154m+[0m[48;2;161;140;155m[38;2;161;140;155m+[0m[48;2;161;140;155m[38;2;161;140;155m+[0m[48;2;147;128;142m[38;2;147;128;142m*[0m[48;2;112;98;110m[38;2;112;98;110m%[0m[48;2;97;88;98m[38;2;97;88;98m%[0m[48;2;86;78;88m[38;2;86;78;88m@[0m[48;2;28;24;30m[38;2;28;24;30m▓[0m[48;2;116;114;118m[38;2;116;114;118m#[0m[48;2;168;167;170m[38;2;168;167;170m=[0m                                   
                                       [48;2;77;76;79m[38;2;77;76;79m@[0m[48;2;30;28;37m[38;2;30;28;37m▓[0m[48;2;12;10;20m[38;2;12;10;20m█[0m[48;2;42;37;46m[38;2;42;37;46m▒[0m[48;2;149;134;147m[38;2;149;134;147m*[0m[48;2;160;141;155m[38;2;160;141;155m+[0m[48;2;161;140;155m[38;2;161;140;155m+[0m[48;2;161;140;155m[38;2;161;140;155m+[0m[48;2;160;139;154m[38;2;160;139;154m+[0m[48;2;159;138;153m[38;2;159;138;153m*[0m[48;2;159;138;153m[38;2;159;138;153m*[0m[48;2;160;139;154m[38;2;160;139;154m+[0m[48;2;161;140;155m[38;2;161;140;155m+[0m[48;2;161;140;155m[38;2;161;140;155m+[0m[48;2;161;140;155m[38;2;161;140;155m+[0m[48;2;161;140;155m[38;2;161;140;155m+[0m[48;2;161;140;155m[38;2;161;140;155m+[0m[48;2;161;140;155m[38;2;161;140;155m+[0m[48;2;161;140;155m[38;2;161;140;155m+[0m[48;2;155;134;149m[38;2;155;134;149m*[0m[48;2;138;118;132m[38;2;138;118;132m#[0m[48;2;160;141;155m[38;2;160;141;155m+[0m[48;2;158;141;154m[38;2;158;141;154m+[0m[48;2;87;76;85m[38;2;87;76;85m@[0m[48;2;24;16;29m[38;2;24;16;29m▓[0m[48;2;33;25;48m[38;2;33;25;48m▓[0m[48;2;215;214;215m[38;2;215;214;215m:[0m                                  
                                      [48;2;200;200;201m[38;2;200;200;201m-[0m[48;2;10;8;12m[38;2;10;8;12m█[0m[48;2;29;26;33m[38;2;29;26;33m▓[0m[48;2;23;19;26m[38;2;23;19;26m▓[0m[48;2;148;133;145m[38;2;148;133;145m*[0m[48;2;161;142;156m[38;2;161;142;156m+[0m[48;2;161;140;155m[38;2;161;140;155m+[0m[48;2;161;140;155m[38;2;161;140;155m+[0m[48;2;150;130;145m[38;2;150;130;145m*[0m[48;2;61;45;58m[38;2;61;45;58m▒[0m[48;2;107;90;103m[38;2;107;90;103m%[0m[48;2;55;41;52m[38;2;55;41;52m▒[0m[48;2;156;139;152m[38;2;156;139;152m*[0m[48;2;86;70;82m[38;2;86;70;82m@[0m[48;2;153;134;148m[38;2;153;134;148m*[0m[48;2;161;140;155m[38;2;161;140;155m+[0m[48;2;161;140;155m[38;2;161;140;155m+[0m[48;2;161;140;155m[38;2;161;140;155m+[0m[48;2;159;138;153m[38;2;159;138;153m*[0m[48;2;120;100;114m[38;2;120;100;114m%[0m[48;2;146;128;142m[38;2;146;128;142m*[0m[48;2;51;36;47m[38;2;51;36;47m▒[0m[48;2;159;140;154m[38;2;159;140;154m+[0m[48;2;160;141;155m[38;2;160;141;155m+[0m[48;2;158;141;154m[38;2;158;141;154m+[0m[48;2;53;42;50m[38;2;53;42;50m▒[0m[48;2;37;26;47m[38;2;37;26;47m▓[0m[48;2;92;87;93m[38;2;92;87;93m@[0m                                  
                                      [48;2;123;123;123m[38;2;123;123;123m#[0m[48;2;20;16;22m[38;2;20;16;22m█[0m[48;2;82;75;83m[38;2;82;75;83m@[0m[48;2;88;77;86m[38;2;88;77;86m@[0m[48;2;161;142;156m[38;2;161;142;156m+[0m[48;2;161;141;155m[38;2;161;141;155m+[0m[48;2;161;140;155m[38;2;161;140;155m+[0m[48;2;159;140;154m[38;2;159;140;154m+[0m[48;2;58;44;56m[38;2;58;44;56m▒[0m[48;2;48;37;48m[38;2;48;37;48m▒[0m[48;2;30;20;30m[38;2;30;20;30m▓[0m[48;2;105;95;105m[38;2;105;95;105m%[0m[48;2;84;72;83m[38;2;84;72;83m@[0m[48;2;55;42;55m[38;2;55;42;55m▒[0m[48;2;116;100;114m[38;2;116;100;114m%[0m[48;2;159;141;154m[38;2;159;141;154m+[0m[48;2;160;141;155m[38;2;160;141;155m+[0m[48;2;161;140;155m[38;2;161;140;155m+[0m[48;2;153;133;148m[38;2;153;133;148m*[0m[48;2;35;22;34m[38;2;35;22;34m▓[0m[48;2;149;135;148m[38;2;149;135;148m*[0m[48;2;76;63;74m[38;2;76;63;74m░[0m[48;2;108;92;104m[38;2;108;92;104m%[0m[48;2;160;141;155m[38;2;160;141;155m+[0m[48;2;160;141;155m[38;2;160;141;155m+[0m[48;2;136;119;131m[38;2;136;119;131m#[0m[48;2;21;14;24m[38;2;21;14;24m█[0m[48;2;95;89;96m[38;2;95;89;96m%[0m                                  
                                      [48;2;80;79;80m[38;2;80;79;80m@[0m[48;2;106;96;103m[38;2;106;96;103m%[0m[48;2;66;56;64m[38;2;66;56;64m░[0m[48;2;126;112;122m[38;2;126;112;122m#[0m[48;2;161;140;155m[38;2;161;140;155m+[0m[48;2;161;140;155m[38;2;161;140;155m+[0m[48;2;161;140;155m[38;2;161;140;155m+[0m[48;2;125;109;122m[38;2;125;109;122m#[0m[48;2;11;1;9m[38;2;11;1;9m█[0m[48;2;73;64;72m[38;2;73;64;72m░[0m[48;2;48;41;48m[38;2;48;41;48m▒[0m[48;2;55;47;64m[38;2;55;47;64m▒[0m[48;2;24;15;34m[38;2;24;15;34m▓[0m[48;2;17;9;21m[38;2;17;9;21m█[0m[48;2;13;6;11m[38;2;13;6;11m█[0m[48;2;70;58;67m[38;2;70;58;67m░[0m[48;2;120;105;116m[38;2;120;105;116m#[0m[48;2;126;108;121m[38;2;126;108;121m#[0m[48;2;123;106;119m[38;2;123;106;119m#[0m[48;2;28;17;27m[38;2;28;17;27m▓[0m[48;2;41;31;40m[38;2;41;31;40m▓[0m[48;2;116;103;114m[38;2;116;103;114m%[0m[48;2;29;16;27m[38;2;29;16;27m▓[0m[48;2;73;59;70m[38;2;73;59;70m░[0m[48;2;124;109;121m[38;2;124;109;121m#[0m[48;2;92;78;91m[38;2;92;78;91m@[0m[48;2;99;87;98m[38;2;99;87;98m%[0m[48;2;73;66;73m[38;2;73;66;73m░[0m[48;2;122;119;122m[38;2;122;119;122m#[0m[48;2;202;201;201m[38;2;202;201;201m:[0m                                
                                      [48;2;43;39;42m[38;2;43;39;42m▒[0m[48;2;156;142;150m[38;2;156;142;150m+[0m[48;2;67;55;64m[38;2;67;55;64m░[0m[48;2;128;113;124m[38;2;128;113;124m#[0m[48;2;161;140;155m[38;2;161;140;155m+[0m[48;2;161;140;155m[38;2;161;140;155m+[0m[48;2;161;140;155m[38;2;161;140;155m+[0m[48;2;93;77;90m[38;2;93;77;90m@[0m[48;2;116;104;112m[38;2;116;104;112m%[0m[48;2;222;212;214m[38;2;222;212;214m:[0m[48;2;103;94;98m[38;2;103;94;98m%[0m[48;2;86;61;125m[38;2;86;61;125m@[0m[48;2;81;43;152m[38;2;81;43;152m░[0m[48;2;35;15;68m[38;2;35;15;68m▓[0m[48;2;193;184;186m[38;2;193;184;186m-[0m[48;2;214;201;201m[38;2;214;201;201m:[0m[48;2;185;172;172m[38;2;185;172;172m=[0m[48;2;179;166;164m[38;2;179;166;164m=[0m[48;2;179;167;166m[38;2;179;167;166m=[0m[48;2;31;20;30m[38;2;31;20;30m▓[0m[48;2;57;29;116m[38;2;57;29;116m▒[0m[48;2;54;26;113m[38;2;54;26;113m▒[0m[48;2;23;14;34m[38;2;23;14;34m▓[0m[48;2;103;99;105m[38;2;103;99;105m%[0m[48;2;23;18;25m[38;2;23;18;25m▓[0m[48;2;37;31;37m[38;2;37;31;37m▓[0m[48;2;36;30;36m[38;2;36;30;36m▓[0m[48;2;34;29;34m[38;2;34;29;34m▓[0m[48;2;99;95;99m[38;2;99;95;99m%[0m[48;2;143;140;143m[38;2;143;140;143m*[0m                                
                                     [48;2;225;225;225m[38;2;225;225;225m.[0m[48;2;49;44;47m[38;2;49;44;47m▒[0m[48;2;160;142;153m[38;2;160;142;153m+[0m[48;2;112;97;107m[38;2;112;97;107m%[0m[48;2;75;63;73m[38;2;75;63;73m░[0m[48;2;161;140;155m[38;2;161;140;155m+[0m[48;2;161;140;155m[38;2;161;140;155m+[0m[48;2;161;140;155m[38;2;161;140;155m+[0m[48;2;90;74;84m[38;2;90;74;84m@[0m[48;2;161;150;154m[38;2;161;150;154m+[0m[48;2;249;238;236m[38;2;249;238;236m [0m[48;2;94;83;84m[38;2;94;83;84m@[0m[48;2;180;149;184m[38;2;180;149;184m+[0m[48;2;201;149;210m[38;2;201;149;210m=[0m[48;2;57;38;58m[38;2;57;38;58m▒[0m[48;2;237;224;221m[38;2;237;224;221m.[0m[48;2;251;235;230m[38;2;251;235;230m [0m[48;2;250;234;229m[38;2;250;234;229m [0m[48;2;250;234;228m[38;2;250;234;228m [0m[48;2;249;234;229m[38;2;249;234;229m [0m[48;2;44;30;37m[38;2;44;30;37m▓[0m[48;2;174;144;197m[38;2;174;144;197m+[0m[48;2;104;66;143m[38;2;104;66;143m@[0m[48;2;85;74;84m[38;2;85;74;84m@[0m[48;2;208;200;198m[38;2;208;200;198m:[0m[48;2;180;172;173m[38;2;180;172;173m=[0m[48;2;91;84;87m[38;2;91;84;87m@[0m[48;2;46;39;43m[38;2;46;39;43m▒[0m[48;2;28;23;27m[38;2;28;23;27m▓[0m                                  
                                      [48;2;43;40;42m[38;2;43;40;42m▒[0m[48;2;151;136;146m[38;2;151;136;146m*[0m[48;2;127;112;122m[38;2;127;112;122m#[0m[48;2;10;2;9m[38;2;10;2;9m█[0m[48;2;71;61;70m[38;2;71;61;70m░[0m[48;2;149;130;144m[38;2;149;130;144m*[0m[48;2;161;140;155m[38;2;161;140;155m+[0m[48;2;132;115;127m[38;2;132;115;127m#[0m[48;2;77;63;70m[38;2;77;63;70m░[0m[48;2;237;214;213m[38;2;237;214;213m.[0m[48;2;206;193;189m[38;2;206;193;189m-[0m[48;2;96;83;89m[38;2;96;83;89m@[0m[48;2;100;84;94m[38;2;100;84;94m@[0m[48;2;188;177;178m[38;2;188;177;178m=[0m[48;2;249;235;230m[38;2;249;235;230m [0m[48;2;248;232;226m[38;2;248;232;226m.[0m[48;2;247;231;225m[38;2;247;231;225m.[0m[48;2;250;235;226m[38;2;250;235;226m [0m[48;2;251;236;227m[38;2;251;236;227m [0m[48;2;120;104;104m[38;2;120;104;104m%[0m[48;2;119;88;113m[38;2;119;88;113m%[0m[48;2;81;56;74m[38;2;81;56;74m░[0m[48;2;207;190;186m[38;2;207;190;186m-[0m[48;2;247;227;219m[38;2;247;227;219m.[0m[48;2;247;232;227m[38;2;247;232;227m.[0m[48;2;98;88;90m[38;2;98;88;90m@[0m[48;2;123;114;118m[38;2;123;114;118m#[0m[48;2;61;52;59m[38;2;61;52;59m░[0m[48;2;182;180;181m[38;2;182;180;181m=[0m                                 
                                      [48;2;114;113;113m[38;2;114;113;113m#[0m[48;2;19;13;18m[38;2;19;13;18m█[0m[48;2;101;93;100m[38;2;101;93;100m%[0m[48;2;153;146;151m[38;2;153;146;151m+[0m[48;2;75;69;73m[38;2;75;69;73m░[0m[48;2;11;4;10m[38;2;11;4;10m█[0m[48;2;39;31;39m[38;2;39;31;39m▓[0m[48;2;77;68;77m[38;2;77;68;77m░[0m[48;2;42;33;41m[38;2;42;33;41m▒[0m[48;2;72;63;66m[38;2;72;63;66m░[0m[48;2;176;163;160m[38;2;176;163;160m=[0m[48;2;251;238;233m[38;2;251;238;233m [0m[48;2;249;235;229m[38;2;249;235;229m [0m[48;2;250;234;228m[38;2;250;234;228m [0m[48;2;250;234;227m[38;2;250;234;227m [0m[48;2;212;196;191m[38;2;212;196;191m-[0m[48;2;146;133;129m[38;2;146;133;129m*[0m[48;2;249;233;227m[38;2;249;233;227m.[0m[48;2;250;235;226m[38;2;250;235;226m [0m[48;2;248;233;225m[38;2;248;233;225m.[0m[48;2;215;200;193m[38;2;215;200;193m:[0m[48;2;237;221;215m[38;2;237;221;215m.[0m[48;2;244;220;211m[38;2;244;220;211m.[0m[48;2;238;202;193m[38;2;238;202;193m:[0m[48;2;246;223;216m[38;2;246;223;216m.[0m[48;2;74;66;67m[38;2;74;66;67m░[0m[48;2;84;76;80m[38;2;84;76;80m@[0m[48;2;70;62;68m[38;2;70;62;68m░[0m[48;2;229;227;228m[38;2;229;227;228m.[0m                                 
                                     [48;2;226;226;226m[38;2;226;226;226m.[0m[48;2;57;56;57m[38;2;57;56;57m░[0m[48;2;178;175;177m[38;2;178;175;177m=[0m[48;2;74;69;73m[38;2;74;69;73m░[0m[48;2;170;163;166m[38;2;170;163;166m=[0m[48;2;231;224;224m[38;2;231;224;224m.[0m[48;2;40;35;35m[38;2;40;35;35m▓[0m[48;2;50;45;48m[38;2;50;45;48m▒[0m[48;2;51;46;50m[38;2;51;46;50m▒[0m[48;2;200;194;199m[38;2;200;194;199m-[0m[48;2;241;233;233m[38;2;241;233;233m.[0m[48;2;243;232;229m[38;2;243;232;229m.[0m[48;2;249;236;231m[38;2;249;236;231m [0m[48;2;251;235;230m[38;2;251;235;230m [0m[48;2;251;235;229m[38;2;251;235;229m [0m[48;2;250;236;227m[38;2;250;236;227m [0m[48;2;250;235;228m[38;2;250;235;228m [0m[48;2;250;234;228m[38;2;250;234;228m [0m[48;2;250;235;226m[38;2;250;235;226m [0m[48;2;250;235;226m[38;2;250;235;226m [0m[48;2;250;235;226m[38;2;250;235;226m [0m[48;2;250;235;226m[38;2;250;235;226m [0m[48;2;250;235;226m[38;2;250;235;226m [0m[48;2;251;236;227m[38;2;251;236;227m [0m[48;2;251;235;230m[38;2;251;235;230m [0m[48;2;173;160;159m[38;2;173;160;159m+[0m[48;2;51;45;47m[38;2;51;45;47m▒[0m[48;2;47;41;44m[38;2;47;41;44m▒[0m[48;2;170;164;168m[38;2;170;164;168m=[0m                                  
                                     [48;2;178;178;178m[38;2;178;178;178m=[0m[48;2;88;88;88m[38;2;88;88;88m@[0m[48;2;203;203;203m[38;2;203;203;203m:[0m[48;2;137;133;135m[38;2;137;133;135m*[0m[48;2;6;1;4m[38;2;6;1;4m█[0m[48;2;38;32;36m[38;2;38;32;36m▓[0m[48;2;27;21;24m[38;2;27;21;24m▓[0m[48;2;191;186;188m[38;2;191;186;188m-[0m[48;2;41;37;39m[38;2;41;37;39m▒[0m[48;2;62;58;59m[38;2;62;58;59m░[0m[48;2;48;44;45m[38;2;48;44;45m▒[0m[48;2;67;61;62m[38;2;67;61;62m░[0m[48;2;90;83;85m[38;2;90;83;85m@[0m[48;2;114;105;110m[38;2;114;105;110m%[0m[48;2;136;126;129m[38;2;136;126;129m*[0m[48;2;151;144;142m[38;2;151;144;142m*[0m[48;2;171;161;158m[38;2;171;161;158m+[0m[48;2;181;170;167m[38;2;181;170;167m=[0m[48;2;188;177;174m[38;2;188;177;174m=[0m[48;2;190;179;177m[38;2;190;179;177m=[0m[48;2;189;178;175m[38;2;189;178;175m=[0m[48;2;178;168;165m[38;2;178;168;165m=[0m[48;2;160;150;146m[38;2;160;150;146m+[0m[48;2;125;116;114m[38;2;125;116;114m#[0m[48;2;67;59;63m[38;2;67;59;63m░[0m[48;2;17;11;17m[38;2;17;11;17m█[0m[48;2;32;26;32m[38;2;32;26;32m▓[0m[48;2;89;84;89m[38;2;89;84;89m@[0m                                   
                                   [48;2;200;200;200m[38;2;200;200;200m-[0m[48;2;92;90;92m[38;2;92;90;92m@[0m[48;2;65;62;64m[38;2;65;62;64m░[0m[48;2;71;69;72m[38;2;71;69;72m░[0m[48;2;203;202;205m[38;2;203;202;205m:[0m[48;2;129;126;130m[38;2;129;126;130m#[0m[48;2;6;2;6m[38;2;6;2;6m█[0m[48;2;13;8;13m[38;2;13;8;13m█[0m[48;2;10;4;9m[38;2;10;4;9m█[0m[48;2;223;217;222m[38;2;223;217;222m:[0m[48;2;150;146;148m[38;2;150;146;148m+[0m[48;2;4;3;5m[38;2;4;3;5m█[0m[48;2;17;15;21m[38;2;17;15;21m█[0m[48;2;7;3;10m[38;2;7;3;10m█[0m[48;2;9;5;12m[38;2;9;5;12m█[0m[48;2;21;16;26m[38;2;21;16;26m▓[0m[48;2;33;26;36m[38;2;33;26;36m▓[0m[48;2;24;19;28m[38;2;24;19;28m▓[0m[48;2;51;45;51m[38;2;51;45;51m▒[0m[48;2;96;89;93m[38;2;96;89;93m%[0m[48;2;47;40;45m[38;2;47;40;45m▒[0m[48;2;48;40;46m[38;2;48;40;46m▒[0m[48;2;78;72;76m[38;2;78;72;76m@[0m[48;2;15;10;14m[38;2;15;10;14m█[0m[48;2;9;5;11m[38;2;9;5;11m█[0m[48;2;7;4;9m[38;2;7;4;9m█[0m[48;2;34;30;43m[38;2;34;30;43m▓[0m[48;2;21;17;30m[38;2;21;17;30m▓[0m[48;2;13;9;19m[38;2;13;9;19m█[0m[48;2;165;161;166m[38;2;165;161;166m+[0m                                   
                                  [48;2;126;124;126m[38;2;126;124;126m#[0m[48;2;76;69;75m[38;2;76;69;75m░[0m[48;2;146;134;143m[38;2;146;134;143m*[0m[48;2;153;138;148m[38;2;153;138;148m*[0m[48;2;51;43;51m[38;2;51;43;51m▒[0m[48;2;174;170;176m[38;2;174;170;176m=[0m[48;2;189;185;191m[38;2;189;185;191m-[0m[48;2;28;23;29m[38;2;28;23;29m▓[0m[48;2;11;7;14m[38;2;11;7;14m█[0m[48;2;91;86;93m[38;2;91;86;93m@[0m[48;2;244;239;244m[38;2;244;239;244m [0m[48;2;89;86;89m[38;2;89;86;89m@[0m[48;2;16;14;19m[38;2;16;14;19m█[0m[48;2;14;12;20m[38;2;14;12;20m█[0m[48;2;32;28;39m[38;2;32;28;39m▓[0m[48;2;27;23;35m[38;2;27;23;35m▓[0m[48;2;23;19;30m[38;2;23;19;30m▓[0m[48;2;16;12;21m[38;2;16;12;21m█[0m[48;2;39;33;42m[38;2;39;33;42m▓[0m[48;2;12;7;13m[38;2;12;7;13m█[0m[48;2;11;5;10m[38;2;11;5;10m█[0m[48;2;108;101;107m[38;2;108;101;107m%[0m[48;2;119;114;119m[38;2;119;114;119m#[0m[48;2;53;48;53m[38;2;53;48;53m▒[0m[48;2;19;14;19m[38;2;19;14;19m█[0m[48;2;91;89;84m[38;2;91;89;84m@[0m[48;2;8;5;8m[38;2;8;5;8m█[0m[48;2;28;24;34m[38;2;28;24;34m▓[0m[48;2;79;76;85m[38;2;79;76;85m@[0m[48;2;224;221;225m[38;2;224;221;225m.[0m                                    
                                 [48;2;137;136;137m[38;2;137;136;137m*[0m[48;2;88;80;87m[38;2;88;80;87m@[0m[48;2;152;138;150m[38;2;152;138;150m*[0m[48;2;153;138;151m[38;2;153;138;151m*[0m[48;2;125;111;123m[38;2;125;111;123m#[0m[48;2;67;59;69m[38;2;67;59;69m░[0m[48;2;72;67;72m[38;2;72;67;72m░[0m[48;2;111;104;111m[38;2;111;104;111m%[0m[48;2;67;61;68m[38;2;67;61;68m░[0m[48;2;36;28;37m[38;2;36;28;37m▓[0m[48;2;127;120;129m[38;2;127;120;129m#[0m[48;2;53;50;55m[38;2;53;50;55m▒[0m[48;2;19;15;24m[38;2;19;15;24m█[0m[48;2;19;16;27m[38;2;19;16;27m█[0m[48;2;16;13;25m[38;2;16;13;25m█[0m[48;2;37;32;50m[38;2;37;32;50m▓[0m[48;2;37;31;51m[38;2;37;31;51m▓[0m[48;2;37;31;51m[38;2;37;31;51m▓[0m[48;2;31;25;44m[38;2;31;25;44m▓[0m[48;2;15;8;19m[38;2;15;8;19m█[0m[48;2;126;119;104m[38;2;126;119;104m#[0m[48;2;91;81;70m[38;2;91;81;70m@[0m[48;2;18;9;10m[38;2;18;9;10m█[0m[48;2;16;8;9m[38;2;16;8;9m█[0m[48;2;102;96;84m[38;2;102;96;84m%[0m[48;2;47;41;34m[38;2;47;41;34m▒[0m[48;2;115;112;100m[38;2;115;112;100m#[0m[48;2;8;5;7m[38;2;8;5;7m█[0m[48;2;78;73;79m[38;2;78;73;79m@[0m[48;2;240;238;242m[38;2;240;238;242m [0m                                     
                                 [48;2;50;48;50m[38;2;50;48;50m▒[0m[48;2;149;137;145m[38;2;149;137;145m*[0m[48;2;158;141;154m[38;2;158;141;154m+[0m[48;2;111;96;108m[38;2;111;96;108m%[0m[48;2;96;89;97m[38;2;96;89;97m%[0m[48;2;183;180;185m[38;2;183;180;185m=[0m[48;2;87;84;88m[38;2;87;84;88m@[0m[48;2;74;67;73m[38;2;74;67;73m░[0m[48;2;115;103;112m[38;2;115;103;112m%[0m[48;2;94;83;93m[38;2;94;83;93m@[0m[48;2;72;64;74m[38;2;72;64;74m░[0m[48;2;11;7;16m[38;2;11;7;16m█[0m[48;2;26;22;35m[38;2;26;22;35m▓[0m[48;2;31;27;43m[38;2;31;27;43m▓[0m[48;2;37;32;50m[38;2;37;32;50m▓[0m[48;2;37;31;52m[38;2;37;31;52m▓[0m[48;2;37;31;52m[38;2;37;31;52m▓[0m[48;2;37;31;52m[38;2;37;31;52m▓[0m[48;2;36;31;51m[38;2;36;31;51m▓[0m[48;2;19;13;27m[38;2;19;13;27m█[0m[48;2;106;96;85m[38;2;106;96;85m%[0m[48;2;217;202;163m[38;2;217;202;163m:[0m[48;2;218;199;152m[38;2;218;199;152m-[0m[48;2;208;188;144m[38;2;208;188;144m-[0m[48;2;212;196;155m[38;2;212;196;155m-[0m[48;2;70;62;52m[38;2;70;62;52m░[0m[48;2;15;7;12m[38;2;15;7;12m█[0m[48;2;23;17;24m[38;2;23;17;24m▓[0m[48;2;100;96;103m[38;2;100;96;103m%[0m                                      
                                 [48;2;104;103;104m[38;2;104;103;104m%[0m[48;2;113;103;110m[38;2;113;103;110m%[0m[48;2;159;142;154m[38;2;159;142;154m+[0m[48;2;68;56;66m[38;2;68;56;66m░[0m[48;2;68;61;68m[38;2;68;61;68m░[0m[48;2;39;34;40m[38;2;39;34;40m▓[0m[48;2;130;124;130m[38;2;130;124;130m#[0m[48;2;151;140;148m[38;2;151;140;148m*[0m[48;2;153;137;147m[38;2;153;137;147m*[0m[48;2;127;112;123m[38;2;127;112;123m#[0m[48;2;72;62;73m[38;2;72;62;73m░[0m[48;2;16;13;23m[38;2;16;13;23m█[0m[48;2;37;32;48m[38;2;37;32;48m▓[0m[48;2;37;32;51m[38;2;37;32;51m▓[0m[48;2;37;31;52m[38;2;37;31;52m▓[0m[48;2;37;31;51m[38;2;37;31;51m▓[0m[48;2;30;25;44m[38;2;30;25;44m▓[0m[48;2;23;19;33m[38;2;23;19;33m▓[0m[48;2;11;8;18m[38;2;11;8;18m█[0m[48;2;20;17;26m[38;2;20;17;26m▓[0m[48;2;54;49;56m[38;2;54;49;56m▒[0m[48;2;52;45;49m[38;2;52;45;49m▒[0m[48;2;79;72;65m[38;2;79;72;65m@[0m[48;2;104;95;86m[38;2;104;95;86m%[0m[48;2;25;17;17m[38;2;25;17;17m▓[0m[48;2;11;5;10m[38;2;11;5;10m█[0m[48;2;7;1;6m[38;2;7;1;6m█[0m[48;2;40;35;40m[38;2;40;35;40m▒[0m[48;2;41;38;43m[38;2;41;38;43m▒[0m[48;2;69;65;70m[38;2;69;65;70m░[0m[48;2;80;77;81m[38;2;80;77;81m@[0m[48;2;190;189;190m[38;2;190;189;190m-[0m                                   
                                  [48;2;119;116;119m[38;2;119;116;119m#[0m[48;2;73;67;73m[38;2;73;67;73m░[0m[48;2;114;103;113m[38;2;114;103;113m%[0m[48;2;100;90;98m[38;2;100;90;98m%[0m[48;2;85;77;85m[38;2;85;77;85m@[0m[48;2;77;69;77m[38;2;77;69;77m░[0m[48;2;81;73;81m[38;2;81;73;81m@[0m[48;2;36;28;35m[38;2;36;28;35m▓[0m[48;2;21;15;21m[38;2;21;15;21m█[0m[48;2;67;62;68m[38;2;67;62;68m░[0m[48;2;9;6;13m[38;2;9;6;13m█[0m[48;2;30;25;38m[38;2;30;25;38m▓[0m[48;2;36;31;49m[38;2;36;31;49m▓[0m[48;2;36;30;50m[38;2;36;30;50m▓[0m[48;2;22;18;32m[38;2;22;18;32m▓[0m[48;2;5;2;11m[38;2;5;2;11m█[0m[48;2;30;27;35m[38;2;30;27;35m▓[0m[48;2;66;63;69m[38;2;66;63;69m░[0m[48;2;22;18;25m[38;2;22;18;25m▓[0m[48;2;21;18;25m[38;2;21;18;25m▓[0m[48;2;83;80;86m[38;2;83;80;86m@[0m[48;2;57;55;60m[38;2;57;55;60m░[0m[48;2;71;70;74m[38;2;71;70;74m░[0m[48;2;73;71;76m[38;2;73;71;76m░[0m[48;2;55;53;58m[38;2;55;53;58m▒[0m[48;2;13;7;22m[38;2;13;7;22m█[0m[48;2;5;1;8m[38;2;5;1;8m█[0m[48;2;20;16;27m[38;2;20;16;27m▓[0m[48;2;22;18;31m[38;2;22;18;31m▓[0m[48;2;19;15;27m[38;2;19;15;27m█[0m[48;2;56;52;61m[38;2;56;52;61m▒[0m[48;2;204;204;205m[38;2;204;204;205m:[0m                                  
                                   [48;2;134;133;134m[38;2;134;133;134m*[0m[48;2;37;33;37m[38;2;37;33;37m▓[0m[48;2;83;72;80m[38;2;83;72;80m@[0m[48;2;81;69;78m[38;2;81;69;78m@[0m[48;2;81;69;78m[38;2;81;69;78m@[0m[48;2;81;69;78m[38;2;81;69;78m@[0m[48;2;84;73;82m[38;2;84;73;82m@[0m[48;2;80;70;78m[38;2;80;70;78m@[0m[48;2;74;65;73m[38;2;74;65;73m░[0m[48;2;68;59;67m[38;2;68;59;67m░[0m[48;2;66;57;67m[38;2;66;57;67m░[0m[48;2;67;58;68m[38;2;67;58;68m░[0m[48;2;68;58;69m[38;2;68;58;69m░[0m[48;2;65;55;66m[38;2;65;55;66m░[0m[48;2;58;52;59m[38;2;58;52;59m▒[0m[48;2;27;23;30m[38;2;27;23;30m▓[0m[48;2;6;3;12m[38;2;6;3;12m█[0m[48;2;25;21;33m[38;2;25;21;33m▓[0m[48;2;22;18;29m[38;2;22;18;29m▓[0m[48;2;147;143;151m[38;2;147;143;151m*[0m[48;2;222;219;225m[38;2;222;219;225m.[0m[48;2;149;146;152m[38;2;149;146;152m+[0m[48;2;22;18;31m[38;2;22;18;31m▓[0m[48;2;36;28;70m[38;2;36;28;70m▓[0m[48;2;24;18;40m[38;2;24;18;40m▓[0m[48;2;11;7;24m[38;2;11;7;24m█[0m[48;2;16;12;23m[38;2;16;12;23m█[0m[48;2;37;31;50m[38;2;37;31;50m▓[0m[48;2;37;31;52m[38;2;37;31;52m▓[0m[48;2;35;29;49m[38;2;35;29;49m▓[0m[48;2;23;19;33m[38;2;23;19;33m▓[0m[48;2;83;80;87m[38;2;83;80;87m@[0m[48;2;206;205;207m[38;2;206;205;207m:[0m                                
                                    [48;2;176;174;176m[38;2;176;174;176m=[0m[48;2;107;103;107m[38;2;107;103;107m%[0m[48;2;90;84;90m[38;2;90;84;90m@[0m[48;2;84;78;84m[38;2;84;78;84m@[0m[48;2;89;83;89m[38;2;89;83;89m@[0m[48;2;91;82;90m[38;2;91;82;90m@[0m[48;2;95;84;93m[38;2;95;84;93m@[0m[48;2;97;86;95m[38;2;97;86;95m@[0m[48;2;96;85;94m[38;2;96;85;94m@[0m[48;2;91;80;89m[38;2;91;80;89m@[0m[48;2;83;72;82m[38;2;83;72;82m@[0m[48;2;61;51;60m[38;2;61;51;60m░[0m[48;2;45;37;48m[38;2;45;37;48m▒[0m[48;2;25;18;32m[38;2;25;18;32m▓[0m[48;2;29;22;39m[38;2;29;22;39m▓[0m[48;2;37;30;49m[38;2;37;30;49m▓[0m[48;2;37;31;51m[38;2;37;31;51m▓[0m[48;2;36;31;50m[38;2;36;31;50m▓[0m[48;2;21;17;30m[38;2;21;17;30m▓[0m[48;2;179;176;182m[38;2;179;176;182m=[0m [48;2;223;221;225m[38;2;223;221;225m.[0m[48;2;141;138;144m[38;2;141;138;144m*[0m[48;2;40;36;50m[38;2;40;36;50m▒[0m[48;2;44;39;55m[38;2;44;39;55m▒[0m[48;2;8;6;12m[38;2;8;6;12m█[0m[48;2;18;14;30m[38;2;18;14;30m█[0m[48;2;35;29;50m[38;2;35;29;50m▓[0m[48;2;37;31;52m[38;2;37;31;52m▓[0m[48;2;37;31;52m[38;2;37;31;52m▓[0m[48;2;35;29;48m[38;2;35;29;48m▓[0m[48;2;23;18;33m[38;2;23;18;33m▓[0m[48;2;108;106;112m[38;2;108;106;112m%[0m[48;2;239;238;239m[38;2;239;238;239m [0m                              
                                         [48;2;231;230;231m[38;2;231;230;231m.[0m[48;2;219;218;220m[38;2;219;218;220m:[0m[48;2;216;216;217m[38;2;216;216;217m:[0m[48;2;27;26;28m[38;2;27;26;28m▓[0m[48;2;34;29;42m[38;2;34;29;42m▓[0m[48;2;36;29;49m[38;2;36;29;49m▓[0m[48;2;37;30;51m[38;2;37;30;51m▓[0m[48;2;37;31;52m[38;2;37;31;52m▓[0m[48;2;37;31;52m[38;2;37;31;52m▓[0m[48;2;37;31;52m[38;2;37;31;52m▓[0m[48;2;37;31;52m[38;2;37;31;52m▓[0m[48;2;37;31;52m[38;2;37;31;52m▓[0m[48;2;37;31;52m[38;2;37;31;52m▓[0m[48;2;35;29;49m[38;2;35;29;49m▓[0m[48;2;24;20;31m[38;2;24;20;31m▓[0m[48;2;183;181;186m[38;2;183;181;186m=[0m  [48;2;227;226;230m[38;2;227;226;230m.[0m[48;2;228;226;229m[38;2;228;226;229m.[0m[48;2;83;81;85m[38;2;83;81;85m@[0m[48;2;23;12;74m[38;2;23;12;74m▓[0m[48;2;18;12;35m[38;2;18;12;35m█[0m[48;2;34;29;49m[38;2;34;29;49m▓[0m[48;2;37;31;52m[38;2;37;31;52m▓[0m[48;2;37;31;52m[38;2;37;31;52m▓[0m[48;2;37;31;52m[38;2;37;31;52m▓[0m[48;2;30;25;42m[38;2;30;25;42m▓[0m[48;2;49;47;54m[38;2;49;47;54m▒[0m[48;2;223;223;223m[38;2;223;223;223m.[0m                             