                                                                                                              
                                                                                                              
                                                                                                              
                                                                                                              
                                                                                                              
                                                                                                              
                                                                                                              
                                                                                                              
                                                                                                              
                                                                                                              
                                                                                                              
                                                                                                              
                                                                                                              
                                                   [48;2;180;180;180m[38;2;180;180;180m=[0m[48;2;128;127;128m[38;2;128;127;128m#[0m[48;2;95;94;96m[38;2;95;94;96m%[0m[48;2;69;68;71m[38;2;69;68;71m░[0m[48;2;54;53;58m[38;2;54;53;58m▒[0m[48;2;45;44;50m[38;2;45;44;50m▒[0m[48;2;45;43;50m[38;2;45;43;50m▒[0m[48;2;54;52;59m[38;2;54;52;59m▒[0m[48;2;68;67;74m[38;2;68;67;74m░[0m[48;2;96;95;101m[38;2;96;95;101m%[0m[48;2;145;144;148m[38;2;145;144;148m*[0m[48;2;204;204;206m[38;2;204;204;206m:[0m                                               
                                                 [48;2;161;160;162m[38;2;161;160;162m+[0m[48;2;33;31;38m[38;2;33;31;38m▓[0m[48;2;29;27;39m[38;2;29;27;39m▓[0m[48;2;40;37;52m[38;2;40;37;52m▒[0m[48;2;43;42;58m[38;2;43;42;58m▒[0m[48;2;43;43;60m[38;2;43;43;60m▒[0m[48;2;42;43;59m[38;2;42;43;59m▒[0m[48;2;42;43;59m[38;2;42;43;59m▒[0m[48;2;42;43;59m[38;2;42;43;59m▒[0m[48;2;42;43;59m[38;2;42;43;59m▒[0m[48;2;41;43;59m[38;2;41;43;59m▒[0m[48;2;40;41;57m[38;2;40;41;57m▒[0m[48;2;35;35;51m[38;2;35;35;51m▒[0m[48;2;24;23;37m[38;2;24;23;37m▓[0m[48;2;44;42;52m[38;2;44;42;52m▒[0m[48;2;131;130;135m[38;2;131;130;135m*[0m[48;2;236;235;238m[38;2;236;235;238m.[0m                                            
                                                [48;2;95;95;98m[38;2;95;95;98m%[0m[48;2;22;21;31m[38;2;22;21;31m▓[0m[48;2;42;42;57m[38;2;42;42;57m▒[0m[48;2;42;43;59m[38;2;42;43;59m▒[0m[48;2;42;43;59m[38;2;42;43;59m▒[0m[48;2;41;43;59m[38;2;41;43;59m▒[0m[48;2;40;44;59m[38;2;40;44;59m▒[0m[48;2;40;44;59m[38;2;40;44;59m▒[0m[48;2;40;44;59m[38;2;40;44;59m▒[0m[48;2;40;44;59m[38;2;40;44;59m▒[0m[48;2;40;44;59m[38;2;40;44;59m▒[0m[48;2;40;44;59m[38;2;40;44;59m▒[0m[48;2;40;44;59m[38;2;40;44;59m▒[0m[48;2;41;43;59m[38;2;41;43;59m▒[0m[48;2;42;43;59m[38;2;42;43;59m▒[0m[48;2;44;43;59m[38;2;44;43;59m▒[0m[48;2;35;33;47m[38;2;35;33;47m▓[0m[48;2;27;25;34m[38;2;27;25;34m▓[0m[48;2;87;86;90m[38;2;87;86;90m@[0m[48;2;187;186;188m[38;2;187;186;188m-[0m                                          
                                              [48;2;188;188;189m[38;2;188;188;189m-[0m[48;2;83;83;85m[38;2;83;83;85m@[0m[48;2;27;26;35m[38;2;27;26;35m▓[0m[48;2;43;43;58m[38;2;43;43;58m▒[0m[48;2;41;43;59m[38;2;41;43;59m▒[0m[48;2;40;44;59m[38;2;40;44;59m▒[0m[48;2;40;44;59m[38;2;40;44;59m▒[0m[48;2;40;44;59m[38;2;40;44;59m▒[0m[48;2;40;44;59m[38;2;40;44;59m▒[0m[48;2;40;44;59m[38;2;40;44;59m▒[0m[48;2;40;44;59m[38;2;40;44;59m▒[0m[48;2;40;44;59m[38;2;40;44;59m▒[0m[48;2;40;44;59m[38;2;40;44;59m▒[0m[48;2;40;44;59m[38;2;40;44;59m▒[0m[48;2;40;44;59m[38;2;40;44;59m▒[0m[48;2;40;44;59m[38;2;40;44;59m▒[0m[48;2;40;44;59m[38;2;40;44;59m▒[0m[48;2;41;43;59m[38;2;41;43;59m▒[0m[48;2;45;43;59m[38;2;45;43;59m▒[0m[48;2;77;75;85m[38;2;77;75;85m@[0m[48;2;8;7;13m[38;2;8;7;13m█[0m[48;2;54;53;57m[38;2;54;53;57m▒[0m[48;2;103;101;104m[38;2;103;101;104m%[0m                                         
                                             [48;2;145;145;145m[38;2;145;145;145m*[0m[48;2;4;3;6m[38;2;4;3;6m█[0m[48;2;22;21;28m[38;2;22;21;28m▓[0m[48;2;44;43;58m[38;2;44;43;58m▒[0m[48;2;42;43;59m[38;2;42;43;59m▒[0m[48;2;40;44;59m[38;2;40;44;59m▒[0m[48;2;40;44;59m[38;2;40;44;59m▒[0m[48;2;40;44;59m[38;2;40;44;59m▒[0m[48;2;40;44;59m[38;2;40;44;59m▒[0m[48;2;40;44;59m[38;2;40;44;59m▒[0m[48;2;40;44;59m[38;2;40;44;59m▒[0m[48;2;40;44;59m[38;2;40;44;59m▒[0m[48;2;40;44;59m[38;2;40;44;59m▒[0m[48;2;40;44;59m[38;2;40;44;59m▒[0m[48;2;40;44;59m[38;2;40;44;59m▒[0m[48;2;40;44;59m[38;2;40;44;59m▒[0m[48;2;40;44;59m[38;2;40;44;59m▒[0m[48;2;40;44;59m[38;2;40;44;59m▒[0m[48;2;41;43;59m[38;2;41;43;59m▒[0m[48;2;57;56;70m[38;2;57;56;70m░[0m[48;2;68;66;77m[38;2;68;66;77m░[0m[48;2;16;14;22m[38;2;16;14;22m█[0m[48;2;107;102;109m[38;2;107;102;109m%[0m[48;2;92;86;92m[38;2;92;86;92m@[0m[48;2;93;90;94m[38;2;93;90;94m@[0m                                        
                                             [48;2;41;40;42m[38;2;41;40;42m▒[0m[48;2;7;6;11m[38;2;7;6;11m█[0m[48;2;42;41;54m[38;2;42;41;54m▒[0m[48;2;41;43;59m[38;2;41;43;59m▒[0m[48;2;40;44;59m[38;2;40;44;59m▒[0m[48;2;40;44;59m[38;2;40;44;59m▒[0m[48;2;40;44;59m[38;2;40;44;59m▒[0m[48;2;40;44;59m[38;2;40;44;59m▒[0m[48;2;40;44;59m[38;2;40;44;59m▒[0m[48;2;40;44;59m[38;2;40;44;59m▒[0m[48;2;40;44;59m[38;2;40;44;59m▒[0m[48;2;40;44;59m[38;2;40;44;59m▒[0m[48;2;40;44;59m[38;2;40;44;59m▒[0m[48;2;40;44;59m[38;2;40;44;59m▒[0m[48;2;40;44;59m[38;2;40;44;59m▒[0m[48;2;40;44;59m[38;2;40;44;59m▒[0m[48;2;40;44;59m[38;2;40;44;59m▒[0m[48;2;40;44;59m[38;2;40;44;59m▒[0m[48;2;43;46;62m[38;2;43;46;62m▒[0m[48;2;59;58;73m[38;2;59;58;73m░[0m[48;2;43;40;55m[38;2;43;40;55m▒[0m[48;2;19;12;23m[38;2;19;12;23m█[0m[48;2;108;98;108m[38;2;108;98;108m%[0m[48;2;100;89;98m[38;2;100;89;98m%[0m[48;2;61;54;61m[38;2;61;54;61m░[0m[48;2;168;166;169m[38;2;168;166;169m=[0m                                       
                                           [48;2;229;229;229m[38;2;229;229;229m.[0m[48;2;56;53;57m[38;2;56;53;57m▒[0m[48;2;37;33;38m[38;2;37;33;38m▓[0m[48;2;23;19;28m[38;2;23;19;28m▓[0m[48;2;42;43;57m[38;2;42;43;57m▒[0m[48;2;40;44;59m[38;2;40;44;59m▒[0m[48;2;40;44;59m[38;2;40;44;59m▒[0m[48;2;40;44;59m[38;2;40;44;59m▒[0m[48;2;40;44;59m[38;2;40;44;59m▒[0m[48;2;40;44;59m[38;2;40;44;59m▒[0m[48;2;40;44;59m[38;2;40;44;59m▒[0m[48;2;40;44;59m[38;2;40;44;59m▒[0m[48;2;40;44;59m[38;2;40;44;59m▒[0m[48;2;40;44;59m[38;2;40;44;59m▒[0m[48;2;40;44;59m[38;2;40;44;59m▒[0m[48;2;40;44;59m[38;2;40;44;59m▒[0m[48;2;40;44;59m[38;2;40;44;59m▒[0m[48;2;40;44;59m[38;2;40;44;59m▒[0m[48;2;41;43;59m[38;2;41;43;59m▒[0m[48;2;43;43;60m[38;2;43;43;60m▒[0m[48;2;74;73;90m[38;2;74;73;90m@[0m[48;2;49;49;61m[38;2;49;49;61m▒[0m[48;2;20;18;29m[38;2;20;18;29m▓[0m[48;2;99;90;102m[38;2;99;90;102m%[0m[48;2;124;114;125m[38;2;124;114;125m#[0m[48;2;16;7;14m[38;2;16;7;14m█[0m[48;2;111;101;109m[38;2;111;101;109m%[0m[48;2;69;66;69m[38;2;69;66;69m░[0m                                       
                                          [48;2;238;238;238m[38;2;238;238;238m [0m[48;2;49;47;49m[38;2;49;47;49m▒[0m[48;2;96;86;94m[38;2;96;86;94m@[0m[48;2;90;79;90m[38;2;90;79;90m@[0m[48;2;28;22;33m[38;2;28;22;33m▓[0m[48;2;42;43;59m[38;2;42;43;59m▒[0m[48;2;40;44;59m[38;2;40;44;59m▒[0m[48;2;40;44;59m[38;2;40;44;59m▒[0m[48;2;40;44;59m[38;2;40;44;59m▒[0m[48;2;40;44;59m[38;2;40;44;59m▒[0m[48;2;40;44;59m[38;2;40;44;59m▒[0m[48;2;40;44;59m[38;2;40;44;59m▒[0m[48;2;40;44;59m[38;2;40;44;59m▒[0m[48;2;40;44;59m[38;2;40;44;59m▒[0m[48;2;40;44;59m[38;2;40;44;59m▒[0m[48;2;40;44;59m[38;2;40;44;59m▒[0m[48;2;40;44;59m[38;2;40;44;59m▒[0m[48;2;40;44;59m[38;2;40;44;59m▒[0m[48;2;42;43;58m[38;2;42;43;58m▒[0m[48;2;53;52;66m[38;2;53;52;66m▒[0m[48;2;76;74;86m[38;2;76;74;86m@[0m[48;2;43;40;51m[38;2;43;40;51m▒[0m[48;2;28;25;35m[38;2;28;25;35m▓[0m[48;2;113;102;114m[38;2;113;102;114m%[0m[48;2;159;141;155m[38;2;159;141;155m+[0m[48;2;158;141;154m[38;2;158;141;154m+[0m[48;2;79;67;77m[38;2;79;67;77m░[0m[48;2;87;78;86m[38;2;87;78;86m@[0m[48;2;29;27;30m[38;2;29;27;30m▓[0m                                       
                                          [48;2;95;94;94m[38;2;95;94;94m%[0m[48;2;80;72;77m[38;2;80;72;77m@[0m[48;2;158;140;151m[38;2;158;140;151m+[0m[48;2;109;95;106m[38;2;109;95;106m%[0m[48;2;23;16;27m[38;2;23;16;27m▓[0m[48;2;42;43;59m[38;2;42;43;59m▒[0m[48;2;40;44;59m[38;2;40;44;59m▒[0m[48;2;40;44;59m[38;2;40;44;59m▒[0m[48;2;40;44;59m[38;2;40;44;59m▒[0m[48;2;40;44;59m[38;2;40;44;59m▒[0m[48;2;40;44;59m[38;2;40;44;59m▒[0m[48;2;40;44;59m[38;2;40;44;59m▒[0m[48;2;40;44;59m[38;2;40;44;59m▒[0m[48;2;40;44;59m[38;2;40;44;59m▒[0m[48;2;40;44;59m[38;2;40;44;59m▒[0m[48;2;41;43;59m[38;2;41;43;59m▒[0m[48;2;43;43;59m[38;2;43;43;59m▒[0m[48;2;52;52;67m[38;2;52;52;67m▒[0m[48;2;70;70;83m[38;2;70;70;83m░[0m[48;2;56;54;65m[38;2;56;54;65m░[0m[48;2;25;21;30m[38;2;25;21;30m▓[0m[48;2;77;68;79m[38;2;77;68;79m░[0m[48;2;149;134;147m[38;2;149;134;147m*[0m[48;2;160;141;155m[38;2;160;141;155m+[0m[48;2;161;140;155m[38;2;161;140;155m+[0m[48;2;160;141;155m[38;2;160;141;155m+[0m[48;2;119;105;116m[38;2;119;105;116m#[0m[48;2;37;30;36m[38;2;37;30;36m▓[0m[48;2;31;29;32m[38;2;31;29;32m▓[0m                                       
                                         [48;2;202;202;202m[38;2;202;202;202m:[0m[48;2;39;33;37m[38;2;39;33;37m▓[0m[48;2;155;139;150m[38;2;155;139;150m*[0m[48;2;161;141;154m[38;2;161;141;154m+[0m[48;2;117;101;112m[38;2;117;101;112m%[0m[48;2;14;7;15m[38;2;14;7;15m█[0m[48;2;32;30;42m[38;2;32;30;42m▓[0m[48;2;42;43;59m[38;2;42;43;59m▒[0m[48;2;41;43;59m[38;2;41;43;59m▒[0m[48;2;40;44;59m[38;2;40;44;59m▒[0m[48;2;40;44;59m[38;2;40;44;59m▒[0m[48;2;40;44;59m[38;2;40;44;59m▒[0m[48;2;41;43;59m[38;2;41;43;59m▒[0m[48;2;41;43;59m[38;2;41;43;59m▒[0m[48;2;48;50;67m[38;2;48;50;67m▒[0m[48;2;44;47;62m[38;2;44;47;62m▒[0m[48;2;66;66;81m[38;2;66;66;81m░[0m[48;2;65;63;74m[38;2;65;63;74m░[0m[48;2;46;43;52m[38;2;46;43;52m▒[0m[48;2;33;27;37m[38;2;33;27;37m▓[0m[48;2;83;73;83m[38;2;83;73;83m@[0m[48;2;144;130;141m[38;2;144;130;141m*[0m[48;2;160;141;155m[38;2;160;141;155m+[0m[48;2;161;141;156m[38;2;161;141;156m+[0m[48;2;161;140;155m[38;2;161;140;155m+[0m[48;2;161;140;155m[38;2;161;140;155m+[0m[48;2;161;140;155m[38;2;161;140;155m+[0m[48;2;129;113;125m[38;2;129;113;125m#[0m[48;2;8;3;8m[38;2;8;3;8m█[0m[48;2;60;57;61m[38;2;60;57;61m░[0m                                       
                                         [48;2;76;75;75m[38;2;76;75;75m@[0m[48;2;121;111;118m[38;2;121;111;118m#[0m[48;2;161;142;156m[38;2;161;142;156m+[0m[48;2;162;141;156m[38;2;162;141;156m+[0m[48;2;105;90;100m[38;2;105;90;100m%[0m[48;2;67;59;67m[38;2;67;59;67m░[0m[48;2;43;36;44m[38;2;43;36;44m▒[0m[48;2;31;27;39m[38;2;31;27;39m▓[0m[48;2;44;42;58m[38;2;44;42;58m▒[0m[48;2;42;43;59m[38;2;42;43;59m▒[0m[48;2;41;43;59m[38;2;41;43;59m▒[0m[48;2;41;43;58m[38;2;41;43;58m▒[0m[48;2;56;57;72m[38;2;56;57;72m░[0m[48;2;73;71;82m[38;2;73;71;82m░[0m[48;2;57;53;62m[38;2;57;53;62m░[0m[48;2;29;24;37m[38;2;29;24;37m▓[0m[48;2;31;25;37m[38;2;31;25;37m▓[0m[48;2;65;56;66m[38;2;65;56;66m░[0m[48;2;117;104;114m[38;2;117;104;114m%[0m[48;2;155;139;152m[38;2;155;139;152m*[0m[48;2;160;140;155m[38;2;160;140;155m+[0m[48;2;161;140;155m[38;2;161;140;155m+[0m[48;2;161;140;155m[38;2;161;140;155m+[0m[48;2;161;140;155m[38;2;161;140;155m+[0m[48;2;161;140;155m[38;2;161;140;155m+[0m[48;2;161;140;155m[38;2;161;140;155m+[0m[48;2;161;140;155m[38;2;161;140;155m+[0m[48;2;118;103;115m[38;2;118;103;115m%[0m[48;2;74;68;73m[38;2;74;68;73m░[0m[48;2;224;221;223m[38;2;224;221;223m.[0m                                       
                                        [48;2;220;220;220m[38;2;220;220;220m.[0m[48;2;36;32;34m[38;2;36;32;34m▓[0m[48;2;158;141;153m[38;2;158;141;153m+[0m[48;2;161;140;155m[38;2;161;140;155m+[0m[48;2;160;141;155m[38;2;160;141;155m+[0m[48;2;153;135;148m[38;2;153;135;148m*[0m[48;2;36;28;35m[38;2;36;28;35m▓[0m[48;2;133;120;130m[38;2;133;120;130m#[0m[48;2;85;73;85m[38;2;85;73;85m@[0m[48;2;36;28;40m[38;2;36;28;40m▓[0m[48;2;25;20;31m[38;2;25;20;31m▓[0m[48;2;32;27;39m[38;2;32;27;39m▓[0m[48;2;50;45;57m[38;2;50;45;57m▒[0m[48;2;42;36;47m[38;2;42;36;47m▒[0m[48;2;47;39;48m[38;2;47;39;48m▒[0m[48;2;77;65;77m[38;2;77;65;77m░[0m[48;2;120;107;118m[38;2;120;107;118m#[0m[48;2;155;140;150m[38;2;155;140;150m*[0m[48;2;157;141;153m[38;2;157;141;153m+[0m[48;2;154;136;150m[38;2;154;136;150m*[0m[48;2;123;106;118m[38;2;123;106;118m#[0m[48;2;87;69;82m[38;2;87;69;82m@[0m[48;2;135;115;130m[38;2;135;115;130m#[0m[48;2;161;140;155m[38;2;161;140;155m+[0m[48;2;161;140;155m[38;2;161;140;155m+[0m[48;2;161;140;155m[38;2;161;140;155m+[0m[48;2;161;140;155m[38;2;161;140;155m+[0m[48;2;160;141;155m[38;2;160;141;155m+[0m[48;2;65;52;62m[38;2;65;52;62m░[0m[48;2;41;35;40m[38;2;41;35;40m▒[0m[48;2;92;88;92m[38;2;92;88;92m@[0m[48;2;63;61;64m[38;2;63;61;64m░[0m[48;2;65;64;65m[38;2;65;64;65m░[0m[48;2;91;90;92m[38;2;91;90;92m@[0m[48;2;238;238;238m[38;2;238;238;238m [0m                                   
                                        [48;2;162;162;162m[38;2;162;162;162m+[0m[48;2;72;65;68m[38;2;72;65;68m░[0m[48;2;161;141;155m[38;2;161;141;155m+[0m[48;2;161;140;155m[38;2;161;140;155m+[0m[48;2;161;140;155m[38;2;161;140;155m+[0m[48;2;161;140;155m[38;2;161;140;155m+[0m[48;2;121;108;119m[38;2;121;108;119m#[0m[48;2;40;30;38m[38;2;40;30;38m▓[0m[48;2;31;23;31m[38;2;31;23;31m▓[0m[48;2;132;121;131m[38;2;132;121;131m#[0m[48;2;141;128;140m[38;2;141;128;140m*[0m[48;2;75;63;75m[38;2;75;63;75m░[0m[48;2;62;50;61m[38;2;62;50;61m▒[0m[48;2;155;140;152m[38;2;155;140;152m*[0m[48;2;157;140;151m[38;2;157;140;151m+[0m[48;2;139;120;132m[38;2;139;120;132m#[0m[48;2;112;95;106m[38;2;112;95;106m%[0m[48;2;83;69;78m[38;2;83;69;78m@[0m[48;2;70;56;66m[38;2;70;56;66m░[0m[48;2;71;57;69m[38;2;71;57;69m░[0m[48;2;100;85;97m[38;2;100;85;97m@[0m[48;2;139;122;135m[38;2;139;122;135m*[0m[48;2;159;140;154m[38;2;159;140;154m+[0m[48;2;161;140;155m[38;2;161;140;155m+[0m[48;2;161;140;155m[38;2;161;140;155m+[0m[48;2;161;140;155m[38;2;161;140;155m+[0m[48;2;161;140;155m[38;2;161;140;155m+[0m[48;2;129;112;125m[38;2;129;112;125m#[0m[48;2;14;7;16m[38;2;14;7;16m█[0m[48;2;18;13;22m[38;2;18;13;22m█[0m[48;2;126;123;129m[38;2;126;123;129m#[0m[48;2;235;233;236m[38;2;235;233;236m.[0m[48;2;60;59;61m[38;2;60;59;61m░[0m[48;2;60;59;62m[38;2;60;59;62m░[0m                                    
                                        [48;2;148;147;148m[38;2;148;147;148m+[0m[48;2;79;73;77m[38;2;79;73;77m@[0m[48;2;161;141;154m[38;2;161;141;154m+[0m[48;2;161;140;155m[38;2;161;140;155m+[0m[48;2;161;140;155m[38;2;161;140;155m+[0m[48;2;161;140;155m[38;2;161;140;155m+[0m[48;2;160;141;155m[38;2;160;141;155m+[0m[48;2;125;109;121m[38;2;125;109;121m#[0m[48;2;37;27;36m[38;2;37;27;36m▓[0m[48;2;40;33;41m[38;2;40;33;41m▓[0m[48;2;28;22;29m[38;2;28;22;29m▓[0m[48;2;10;5;11m[38;2;10;5;11m█[0m[48;2;48;43;49m[38;2;48;43;49m▒[0m[48;2;66;59;66m[38;2;66;59;66m░[0m[48;2;71;61;70m[38;2;71;61;70m░[0m[48;2;90;75;87m[38;2;90;75;87m@[0m[48;2;117;101;112m[38;2;117;101;112m%[0m[48;2;147;129;141m[38;2;147;129;141m*[0m[48;2;159;140;153m[38;2;159;140;153m+[0m[48;2;161;140;155m[38;2;161;140;155m+[0m[48;2;161;140;155m[38;2;161;140;155m+[0m[48;2;161;140;155m[38;2;161;140;155m+[0m[48;2;161;140;155m[38;2;161;140;155m+[0m[48;2;161;140;155m[38;2;161;140;155m+[0m[48;2;161;140;155m[38;2;161;140;155m+[0m[48;2;161;140;155m[38;2;161;140;155m+[0m[48;2;159;138;153m[38;2;159;138;153m*[0m[48;2;45;33;42m[38;2;45;33;42m▒[0m[48;2;22;16;25m[38;2;22;16;25m▓[0m[48;2;34;29;43m[38;2;34;29;43m▓[0m[48;2;43;41;47m[38;2;43;41;47m▒[0m [48;2;187;187;187m[38;2;187;187;187m-[0m[48;2;76;76;76m[38;2;76;76;76m@[0m                                    
                                        [48;2;163;162;162m[38;2;163;162;162m+[0m[48;2;67;61;65m[38;2;67;61;65m░[0m[48;2;160;141;154m[38;2;160;141;154m+[0m[48;2;161;140;155m[38;2;161;140;155m+[0m[48;2;161;140;155m[38;2;161;140;155m+[0m[48;2;161;140;155m[38;2;161;140;155m+[0m[48;2;161;140;155m[38;2;161;140;155m+[0m[48;2;161;140;155m[38;2;161;140;155m+[0m[48;2;133;118;128m[38;2;133;118;128m#[0m[48;2;14;6;14m[38;2;14;6;14m█[0m[48;2;7;2;8m[38;2;7;2;8m█[0m[48;2;16;12;18m[38;2;16;12;18m█[0m[48;2;25;22;28m[38;2;25;22;28m▓[0m[48;2;54;46;54m[38;2;54;46;54m▒[0m[48;2;98;83;93m[38;2;98;83;93m@[0m[48;2;161;140;155m[38;2;161;140;155m+[0m[48;2;161;140;155m[38;2;161;140;155m+[0m[48;2;161;140;155m[38;2;161;140;155m+[0m[48;2;161;140;155m[38;2;161;140;155m+[0m[48;2;161;140;155m[38;2;161;140;155m+[0m[48;2;161;140;155m[38;2;161;140;155m+[0m[48;2;161;140;155m[38;2;161;140;155m+[0m[48;2;161;140;155m[38;2;161;140;155m+[0m[48;2;161;140;155m[38;2;161;140;155m+[0m[48;2;161;140;155m[38;2;161;140;155m+[0m[48;2;161;140;155m[38;2;161;140;155m+[0m[48;2;158;137;152m[38;2;158;137;152m*[0m[48;2;96;82;93m[38;2;96;82;93m@[0m[48;2;15;8;17m[38;2;15;8;17m█[0m[48;2;36;31;45m[38;2;36;31;45m▓[0m[48;2;13;10;17m[38;2;13;10;17m█[0m[48;2;197;196;198m[38;2;197;196;198m-[0m[48;2;105;105;105m[38;2;105;105;105m%[0m[48;2;12;12;12m[38;2;12;12;12m█[0m[48;2;77;77;77m[38;2;77;77;77m@[0m[48;2;83;83;83m[38;2;83;83;83m@[0m[48;2;102;102;102m[38;2;102;102;102m%[0m[48;2;133;133;133m[38;2;133;133;133m*[0m[48;2;179;179;180m[38;2;179;179;180m=[0m[48;2;233;233;233m[38;2;233;233;233m.[0m                              
                                        [48;2;113;112;113m[38;2;113;112;113m#[0m[48;2;25;20;23m[38;2;25;20;23m▓[0m[48;2;150;134;146m[38;2;150;134;146m*[0m[48;2;161;140;155m[38;2;161;140;155m+[0m[48;2;161;140;155m[38;2;161;140;155m+[0m[48;2;161;140;155m[38;2;161;140;155m+[0m[48;2;161;140;155m[38;2;161;140;155m+[0m[48;2;161;140;155m[38;2;161;140;155m+[0m[48;2;120;104;116m[38;2;120;104;116m#[0m[48;2;21;14;22m[38;2;21;14;22m█[0m[48;2;26;21;30m[38;2;26;21;30m▓[0m[48;2;3;0;6m[38;2;3;0;6m█[0m[48;2;14;12;17m[38;2;14;12;17m█[0m[48;2;12;9;15m[38;2;12;9;15m█[0m[48;2;52;45;52m[38;2;52;45;52m▒[0m[48;2;148;132;143m[38;2;148;132;143m*[0m[48;2;161;140;155m[38;2;161;140;155m+[0m[48;2;161;140;155m[38;2;161;140;155m+[0m[48;2;161;140;155m[38;2;161;140;155m+[0m[48;2;161;140;155m[38;2;161;140;155m+[0m[48;2;161;140;155m[38;2;161;140;155m+[0m[48;2;161;140;155m[38;2;161;140;155m+[0m[48;2;161;140;155m[38;2;161;140;155m+[0m[48;2;161;140;155m[38;2;161;140;155m+[0m[48;2;161;140;155m[38;2;161;140;155m+[0m[48;2;161;140;155m[38;2;161;140;155m+[0m[48;2;161;140;155m[38;2;161;140;155m+[0m[48;2;159;140;154m[38;2;159;140;154m+[0m[48;2;73;63;74m[38;2;73;63;74m░[0m[48;2;19;15;25m[38;2;19;15;25m█[0m[48;2;10;8;17m[38;2;10;8;17m█[0m[48;2;209;208;213m[38;2;209;208;213m:[0m[48;2;131;129;132m[38;2;131;129;132m*[0m[48;2;28;26;29m[38;2;28;26;29m▓[0m[48;2;153;151;153m[38;2;153;151;153m+[0m[48;2;129;127;127m[38;2;129;127;127m#[0m[48;2;82;82;82m[38;2;82;82;82m@[0m[48;2;49;48;49m[38;2;49;48;49m▒[0m[48;2;64;62;65m[38;2;64;62;65m░[0m[48;2;70;67;69m[38;2;70;67;69m░[0m[48;2;83;80;83m[38;2;83;80;83m@[0m[48;2;196;195;196m[38;2;196;195;196m-[0m                            
                                         [48;2;169;167;168m[38;2;169;167;168m=[0m[48;2;55;47;54m[38;2;55;47;54m▒[0m[48;2;153;137;148m[38;2;153;137;148m*[0m[48;2;161;141;155m[38;2;161;141;155m+[0m[48;2;161;140;155m[38;2;161;140;155m+[0m[48;2;161;140;155m[38;2;161;140;155m+[0m[48;2;161;140;155m[38;2;161;140;155m+[0m[48;2;150;133;144m[38;2;150;133;144m*[0m[48;2;44;35;43m[38;2;44;35;43m▒[0m[48;2;23;17;24m[38;2;23;17;24m▓[0m[48;2;16;12;18m[38;2;16;12;18m█[0m[48;2;8;6;11m[38;2;8;6;11m█[0m[48;2;24;21;27m[38;2;24;21;27m▓[0m[48;2;11;7;13m[38;2;11;7;13m█[0m[48;2;61;52;60m[38;2;61;52;60m░[0m[48;2;159;141;155m[38;2;159;141;155m+[0m[48;2;161;140;155m[38;2;161;140;155m+[0m[48;2;161;140;155m[38;2;161;140;155m+[0m[48;2;161;140;155m[38;2;161;140;155m+[0m[48;2;161;140;155m[38;2;161;140;155m+[0m[48;2;161;140;155m[38;2;161;140;155m+[0m[48;2;161;140;155m[38;2;161;140;155m+[0m[48;2;161;140;155m[38;2;161;140;155m+[0m[48;2;161;140;155m[38;2;161;140;155m+[0m[48;2;161;140;155m[38;2;161;140;155m+[0m[48;2;161;140;155m[38;2;161;140;155m+[0m[48;2;160;139;154m[38;2;160;139;154m+[0m[48;2;158;138;152m[38;2;158;138;152m*[0m[48;2;97;83;95m[38;2;97;83;95m@[0m[48;2;31;24;32m[38;2;31;24;32m▓[0m[48;2;51;47;52m[38;2;51;47;52m▒[0m[48;2;50;46;51m[38;2;50;46;51m▒[0m[48;2;172;168;172m[38;2;172;168;172m=[0m[48;2;194;191;194m[38;2;194;191;194m-[0m[48;2;175;173;174m[38;2;175;173;174m=[0m[48;2;172;171;171m[38;2;172;171;171m=[0m[48;2;94;91;93m[38;2;94;91;93m%[0m[48;2;71;64;69m[38;2;71;64;69m░[0m[48;2;155;142;150m[38;2;155;142;150m+[0m[48;2;143;129;137m[38;2;143;129;137m*[0m[48;2;39;32;37m[38;2;39;32;37m▓[0m[48;2;228;227;228m[38;2;228;227;228m.[0m                           
                                          [48;2;112;110;112m[38;2;112;110;112m#[0m[48;2;31;24;30m[38;2;31;24;30m▓[0m[48;2;114;101;111m[38;2;114;101;111m%[0m[48;2;159;140;153m[38;2;159;140;153m+[0m[48;2;161;140;155m[38;2;161;140;155m+[0m[48;2;161;140;155m[38;2;161;140;155m+[0m[48;2;160;141;155m[38;2;160;141;155m+[0m[48;2;161;141;155m[38;2;161;141;155m+[0m[48;2;125;108;120m[38;2;125;108;120m#[0m[48;2;28;19;28m[38;2;28;19;28m▓[0m[48;2;26;20;28m[38;2;26;20;28m▓[0m[48;2;13;8;16m[38;2;13;8;16m█[0m[48;2;83;76;83m[38;2;83;76;83m@[0m[48;2;62;53;61m[38;2;62;53;61m░[0m[48;2;72;61;72m[38;2;72;61;72m░[0m[48;2;112;98;110m[38;2;112;98;110m%[0m[48;2;148;130;144m[38;2;148;130;144m*[0m[48;2;161;140;155m[38;2;161;140;155m+[0m[48;2;161;140;155m[38;2;161;140;155m+[0m[48;2;161;140;155m[38;2;161;140;155m+[0m[48;2;161;140;155m[38;2;161;140;155m+[0m[48;2;161;140;155m[38;2;161;140;155m+[0m[48;2;161;140;155m[38;2;161;140;155m+[0m[48;2;161;140;155m[38;2;161;140;155m+[0m[48;2;161;140;155m[38;2;161;140;155m+[0m[48;2;161;140;155m[38;2;161;140;155m+[0m[48;2;161;140;155m[38;2;161;140;155m+[0m[48;2;161;140;155m[38;2;161;140;155m+[0m[48;2;158;139;153m[38;2;158;139;153m*[0m[48;2;137;120;133m[38;2;137;120;133m#[0m[48;2;123;108;120m[38;2;123;108;120m#[0m[48;2;109;97;108m[38;2;109;97;108m%[0m[48;2;104;95;104m[38;2;104;95;104m%[0m[48;2;106;99;105m[38;2;106;99;105m%[0m[48;2;106;99;105m[38;2;106;99;105m%[0m[48;2;129;118;126m[38;2;129;118;126m#[0m[48;2;156;143;152m[38;2;156;143;152m+[0m[48;2;151;134;145m[38;2;151;134;145m*[0m[48;2;123;108;118m[38;2;123;108;118m#[0m[48;2;21;15;20m[38;2;21;15;20m█[0m[48;2;112;110;113m[38;2;112;110;113m#[0m                           
                                          [48;2;228;227;228m[38;2;228;227;228m.[0m[48;2;44;42;44m[38;2;44;42;44m▒[0m[48;2;82;77;80m[38;2;82;77;80m@[0m[48;2;59;49;56m[38;2;59;49;56m▒[0m[48;2;151;136;147m[38;2;151;136;147m*[0m[48;2;160;140;155m[38;2;160;140;155m+[0m[48;2;161;140;155m[38;2;161;140;155m+[0m[48;2;161;140;155m[38;2;161;140;155m+[0m[48;2;161;140;155m[38;2;161;140;155m+[0m[48;2;159;139;153m[38;2;159;139;153m+[0m[48;2;157;139;153m[38;2;157;139;153m*[0m[48;2;126;111;124m[38;2;126;111;124m#[0m[48;2;55;43;54m[38;2;55;43;54m▒[0m[48;2;86;76;87m[38;2;86;76;87m@[0m[48;2;85;76;86m[38;2;85;76;86m@[0m[48;2;16;12;17m[38;2;16;12;17m█[0m[48;2;8;3;7m[38;2;8;3;7m█[0m[48;2;48;40;47m[38;2;48;40;47m▒[0m[48;2;158;140;153m[38;2;158;140;153m+[0m[48;2;158;137;152m[38;2;158;137;152m*[0m[48;2;146;126;141m[38;2;146;126;141m*[0m[48;2;161;140;155m[38;2;161;140;155m+[0m[48;2;161;140;155m[38;2;161;140;155m+[0m[48;2;161;140;155m[38;2;161;140;155m+[0m[48;2;161;140;155m[38;2;161;140;155m+[0m[48;2;161;140;155m[38;2;161;140;155m+[0m[48;2;160;141;155m[38;2;160;141;155m+[0m[48;2;160;141;155m[38;2;160;141;155m+[0m[48;2;161;140;155m[38;2;161;140;155m+[0m[48;2;161;140;155m[38;2;161;140;155m+[0m[48;2;160;141;155m[38;2;160;141;155m+[0m[48;2;103;86;99m[38;2;103;86;99m%[0m[48;2;73;60;72m[38;2;73;60;72m░[0m[48;2;70;59;68m[38;2;70;59;68m░[0m[48;2;70;60;68m[38;2;70;60;68m░[0m[48;2;69;58;67m[38;2;69;58;67m░[0m[48;2;69;58;67m[38;2;69;58;67m░[0m[48;2;75;64;73m[38;2;75;64;73m░[0m[48;2;97;86;95m[38;2;97;86;95m@[0m[48;2;130;120;128m[38;2;130;120;128m#[0m[48;2;42;36;42m[38;2;42;36;42m▒[0m[48;2;198;196;198m[38;2;198;196;198m-[0m                          
                                           [48;2;214;214;214m[38;2;214;214;214m:[0m[48;2;94;93;94m[38;2;94;93;94m%[0m[48;2;62;60;62m[38;2;62;60;62m░[0m[48;2;59;55;60m[38;2;59;55;60m░[0m[48;2;106;96;105m[38;2;106;96;105m%[0m[48;2;157;141;153m[38;2;157;141;153m+[0m[48;2;161;140;155m[38;2;161;140;155m+[0m[48;2;161;140;155m[38;2;161;140;155m+[0m[48;2;161;140;155m[38;2;161;140;155m+[0m[48;2;161;140;155m[38;2;161;140;155m+[0m[48;2;161;140;155m[38;2;161;140;155m+[0m[48;2;160;140;154m[38;2;160;140;154m+[0m[48;2;129;113;127m[38;2;129;113;127m#[0m[48;2;93;78;91m[38;2;93;78;91m@[0m[48;2;80;68;79m[38;2;80;68;79m░[0m[48;2;119;105;116m[38;2;119;105;116m#[0m[48;2;148;133;144m[38;2;148;133;144m*[0m[48;2;160;141;155m[38;2;160;141;155m+[0m[48;2;151;132;146m[38;2;151;132;146m*[0m[48;2;70;54;66m[38;2;70;54;66m░[0m[48;2;67;54;63m[38;2;67;54;63m░[0m[48;2;96;82;92m[38;2;96;82;92m@[0m[48;2;115;101;112m[38;2;115;101;112m%[0m[48;2;80;67;76m[38;2;80;67;76m░[0m[48;2;47;35;43m[38;2;47;35;43m▒[0m[48;2;68;56;65m[38;2;68;56;65m░[0m[48;2;81;68;78m[38;2;81;68;78m░[0m[48;2;90;77;87m[38;2;90;77;87m@[0m[48;2;98;84;94m[38;2;98;84;94m@[0m[48;2;104;90;100m[38;2;104;90;100m%[0m[48;2;104;90;101m[38;2;104;90;101m%[0m[48;2;108;94;105m[38;2;108;94;105m%[0m[48;2;110;96;108m[38;2;110;96;108m%[0m[48;2;110;97;109m[38;2;110;97;109m%[0m[48;2;105;92;103m[38;2;105;92;103m%[0m[48;2;100;87;98m[38;2;100;87;98m%[0m[48;2;92;81;91m[38;2;92;81;91m@[0m[48;2;79;69;77m[38;2;79;69;77m░[0m[48;2;49;41;48m[38;2;49;41;48m▒[0m[48;2;108;102;108m[38;2;108;102;108m%[0m                           
                                              [48;2;81;80;82m[38;2;81;80;82m@[0m[48;2;7;4;9m[38;2;7;4;9m█[0m[48;2;35;28;37m[38;2;35;28;37m▓[0m[48;2;95;84;94m[38;2;95;84;94m@[0m[48;2;151;134;147m[38;2;151;134;147m*[0m[48;2;160;141;155m[38;2;160;141;155m+[0m[48;2;161;140;155m[38;2;161;140;155m+[0m[48;2;161;140;155m[38;2;161;140;155m+[0m[48;2;161;140;155m[38;2;161;140;155m+[0m[48;2;161;140;155m[38;2;161;140;155m+[0m[48;2;160;141;155m[38;2;160;141;155m+[0m[48;2;120;101;115m[38;2;120;101;115m%[0m[48;2;97;81;93m[38;2;97;81;93m@[0m[48;2;150;132;146m[38;2;150;132;146m*[0m[48;2;159;141;155m[38;2;159;141;155m+[0m[48;2;160;141;155m[38;2;160;141;155m+[0m[48;2;160;141;155m[38;2;160;141;155m+[0m[48;2;154;136;149m[38;2;154;136;149m*[0m[48;2;131;114;127m[38;2;131;114;127m#[0m[48;2;113;98;110m[38;2;113;98;110m%[0m[48;2;102;88;99m[38;2;102;88;99m%[0m[48;2;100;86;96m[38;2;100;86;96m@[0m[48;2;99;86;96m[38;2;99;86;96m@[0m[48;2;100;87;97m[38;2;100;87;97m%[0m[48;2;104;90;100m[38;2;104;90;100m%[0m[48;2;111;96;108m[38;2;111;96;108m%[0m[48;2;119;104;115m[38;2;119;104;115m#[0m[48;2;120;106;117m[38;2;120;106;117m#[0m[48;2;119;104;116m[38;2;119;104;116m#[0m[48;2;117;102;114m[38;2;117;102;114m%[0m[48;2;102;89;101m[38;2;102;89;101m%[0m[48;2;52;40;50m[38;2;52;40;50m▒[0m[48;2;63;55;62m[38;2;63;55;62m░[0m[48;2;200;195;200m[38;2;200;195;200m-[0m[48;2;231;229;232m[38;2;231;229;232m.[0m                             
                                             [48;2;116;116;117m[38;2;116;116;117m#[0m[48;2;18;16;22m[38;2;18;16;22m█[0m[48;2;15;11;22m[38;2;15;11;22m█[0m[48;2;9;7;16m[38;2;9;7;16m█[0m[48;2;31;22;60m[38;2;31;22;60m▓[0m[48;2;51;39;73m[38;2;51;39;73m▒[0m[48;2;61;51;66m[38;2;61;51;66m░[0m[48;2;88;74;88m[38;2;88;74;88m@[0m[48;2;121;104;117m[38;2;121;104;117m#[0m[48;2;148;131;145m[38;2;148;131;145m*[0m[48;2;159;141;155m[38;2;159;141;155m+[0m[48;2;159;141;155m[38;2;159;141;155m+[0m[48;2;157;139;153m[38;2;157;139;153m*[0m[48;2;115;102;112m[38;2;115;102;112m%[0m[48;2;65;54;63m[38;2;65;54;63m░[0m[48;2;50;39;47m[38;2;50;39;47m▒[0m[48;2;62;52;60m[38;2;62;52;60m░[0m[48;2;85;74;83m[38;2;85;74;83m@[0m[48;2;104;91;102m[38;2;104;91;102m%[0m[48;2;122;108;120m[38;2;122;108;120m#[0m[48;2;137;123;135m[38;2;137;123;135m*[0m[48;2;146;130;143m[38;2;146;130;143m*[0m[48;2;151;135;147m[38;2;151;135;147m*[0m[48;2;153;137;149m[38;2;153;137;149m*[0m[48;2;152;135;148m[38;2;152;135;148m*[0m[48;2;149;133;145m[38;2;149;133;145m*[0m[48;2;138;122;134m[38;2;138;122;134m*[0m[48;2;123;110;120m[38;2;123;110;120m#[0m[48;2;100;88;97m[38;2;100;88;97m%[0m[48;2;77;66;73m[38;2;77;66;73m░[0m[48;2;75;65;73m[38;2;75;65;73m░[0m[48;2;115;107;114m[38;2;115;107;114m#[0m[48;2;189;185;189m[38;2;189;185;189m-[0m                                
                                            [48;2;179;178;179m[38;2;179;178;179m=[0m[48;2;13;12;17m[38;2;13;12;17m█[0m[48;2;36;33;47m[38;2;36;33;47m▓[0m[48;2;37;32;51m[38;2;37;32;51m▓[0m[48;2;17;14;25m[38;2;17;14;25m█[0m[48;2;44;34;91m[38;2;44;34;91m▒[0m[48;2;93;82;152m[38;2;93;82;152m%[0m[48;2;99;93;131m[38;2;99;93;131m%[0m[48;2;37;22;117m[38;2;37;22;117m▒[0m[48;2;8;4;18m[38;2;8;4;18m█[0m[48;2;40;29;86m[38;2;40;29;86m▒[0m[48;2;41;32;74m[38;2;41;32;74m▒[0m[48;2;54;44;83m[38;2;54;44;83m▒[0m[48;2;65;57;73m[38;2;65;57;73m░[0m[48;2;80;71;85m[38;2;80;71;85m@[0m[48;2;98;88;96m[38;2;98;88;96m%[0m[48;2;102;91;100m[38;2;102;91;100m%[0m[48;2;76;66;74m[38;2;76;66;74m░[0m[48;2;49;41;48m[38;2;49;41;48m▒[0m[48;2;27;20;28m[38;2;27;20;28m▓[0m[48;2;8;2;8m[38;2;8;2;8m█[0m[48;2;4;0;5m[38;2;4;0;5m█[0m[48;2;4;0;6m[38;2;4;0;6m█[0m[48;2;5;1;7m[38;2;5;1;7m█[0m[48;2;6;2;8m[38;2;6;2;8m█[0m[48;2;7;2;8m[38;2;7;2;8m█[0m[48;2;8;3;11m[38;2;8;3;11m█[0m[48;2;7;2;11m[38;2;7;2;11m█[0m[48;2;7;2;12m[38;2;7;2;12m█[0m[48;2;23;18;27m[38;2;23;18;27m▓[0m[48;2;104;100;107m[38;2;104;100;107m%[0m[48;2;179;176;181m[38;2;179;176;181m=[0m[48;2;240;239;241m[38;2;240;239;241m [0m                                 
                                           [48;2;239;239;239m[38;2;239;239;239m [0m[48;2;32;31;34m[38;2;32;31;34m▓[0m[48;2;32;30;41m[38;2;32;30;41m▓[0m[48;2;37;32;51m[38;2;37;32;51m▓[0m[48;2;37;31;52m[38;2;37;31;52m▓[0m[48;2;22;18;33m[38;2;22;18;33m▓[0m[48;2;39;28;86m[38;2;39;28;86m▒[0m[48;2;89;78;148m[38;2;89;78;148m@[0m[48;2;102;94;142m[38;2;102;94;142m%[0m[48;2;57;39;147m[38;2;57;39;147m░[0m[48;2;5;1;19m[38;2;5;1;19m█[0m[48;2;30;20;66m[38;2;30;20;66m▓[0m[48;2;81;66;154m[38;2;81;66;154m@[0m[48;2;73;56;160m[38;2;73;56;160m░[0m[48;2;81;67;157m[38;2;81;67;157m@[0m[48;2;57;39;158m[38;2;57;39;158m░[0m[48;2;66;52;143m[38;2;66;52;143m░[0m[48;2;50;39;105m[38;2;50;39;105m▒[0m[48;2;13;4;41m[38;2;13;4;41m█[0m[48;2;8;2;9m[38;2;8;2;9m█[0m[48;2;23;17;28m[38;2;23;17;28m▓[0m[48;2;24;20;33m[38;2;24;20;33m▓[0m[48;2;24;19;33m[38;2;24;19;33m▓[0m[48;2;24;20;34m[38;2;24;20;34m▓[0m[48;2;24;20;35m[38;2;24;20;35m▓[0m[48;2;24;20;35m[38;2;24;20;35m▓[0m[48;2;25;21;36m[38;2;25;21;36m▓[0m[48;2;27;22;39m[38;2;27;22;39m▓[0m[48;2;32;27;46m[38;2;32;27;46m▓[0m[48;2;36;30;50m[38;2;36;30;50m▓[0m[48;2;37;31;51m[38;2;37;31;51m▓[0m[48;2;33;28;46m[38;2;33;28;46m▓[0m[48;2;24;19;35m[38;2;24;19;35m▓[0m[48;2;26;22;34m[38;2;26;22;34m▓[0m[48;2;87;84;91m[38;2;87;84;91m@[0m[48;2;175;175;176m[38;2;175;175;176m=[0m                               
                                           [48;2;142;142;142m[38;2;142;142;142m*[0m[48;2;18;15;25m[38;2;18;15;25m█[0m[48;2;37;32;50m[38;2;37;32;50m▓[0m[48;2;37;31;52m[38;2;37;31;52m▓[0m[48;2;37;31;52m[38;2;37;31;52m▓[0m[48;2;29;24;42m[38;2;29;24;42m▓[0m[48;2;19;13;43m[38;2;19;13;43m█[0m[48;2;87;75;145m[38;2;87;75;145m@[0m[48;2;95;83;152m[38;2;95;83;152m%[0m[48;2;82;67;153m[38;2;82;67;153m@[0m[48;2;18;9;64m[38;2;18;9;64m█[0m[48;2;124;122;127m[38;2;124;122;127m#[0m[48;2;30;25;53m[38;2;30;25;53m▓[0m[48;2;68;53;142m[38;2;68;53;142m░[0m[48;2;81;65;159m[38;2;81;65;159m@[0m[48;2;79;65;162m[38;2;79;65;162m@[0m[48;2;73;59;153m[38;2;73;59;153m@[0m[48;2;45;34;102m[38;2;45;34;102m▒[0m[48;2;16;11;25m[38;2;16;11;25m█[0m[48;2;51;46;53m[38;2;51;46;53m▒[0m[48;2;49;43;54m[38;2;49;43;54m▒[0m[48;2;38;33;51m[38;2;38;33;51m▓[0m[48;2;38;32;52m[38;2;38;32;52m▓[0m[48;2;37;31;52m[38;2;37;31;52m▓[0m[48;2;37;31;52m[38;2;37;31;52m▓[0m[48;2;37;31;52m[38;2;37;31;52m▓[0m[48;2;37;31;52m[38;2;37;31;52m▓[0m[48;2;37;31;52m[38;2;37;31;52m▓[0m[48;2;37;31;52m[38;2;37;31;52m▓[0m[48;2;37;31;52m[38;2;37;31;52m▓[0m[48;2;37;31;52m[38;2;37;31;52m▓[0m[48;2;37;31;52m[38;2;37;31;52m▓[0m[48;2;37;31;52m[38;2;37;31;52m▓[0m[48;2;37;31;52m[38;2;37;31;52m▓[0m[48;2;35;30;48m[38;2;35;30;48m▓[0m[48;2;24;19;32m[38;2;24;19;32m▓[0m[48;2;45;42;50m[38;2;45;42;50m▒[0m[48;2;154;152;155m[38;2;154;152;155m+[0m                             
                                           [48;2;43;43;44m[38;2;43;43;44m▒[0m[48;2;32;28;42m[38;2;32;28;42m▓[0m[48;2;37;31;52m[38;2;37;31;52m▓[0m[48;2;37;31;52m[38;2;37;31;52m▓[0m[48;2;37;31;52m[38;2;37;31;52m▓[0m[48;2;37;31;51m[38;2;37;31;51m▓[0m[48;2;23;19;34m[38;2;23;19;34m▓[0m[48;2;20;16;29m[38;2;20;16;29m▓[0m[48;2;26;21;36m[38;2;26;21;36m▓[0m[48;2;37;32;52m[38;2;37;32;52m▓[0m[48;2;14;9;36m[38;2;14;9;36m█[0m[48;2;94;91;98m[38;2;94;91;98m%[0m[48;2;202;199;203m[38;2;202;199;203m-[0m[48;2;71;67;78m[38;2;71;67;78m░[0m[48;2;38;27;84m[38;2;38;27;84m▒[0m[48;2;62;52;107m[38;2;62;52;107m░[0m[48;2;48;45;63m[38;2;48;45;63m▒[0m[48;2;164;162;166m[38;2;164;162;166m+[0m[48;2;134;131;136m[38;2;134;131;136m*[0m[48;2;40;36;42m[38;2;40;36;42m▒[0m[48;2;44;38;47m[38;2;44;38;47m▒[0m[48;2;66;59;73m[38;2;66;59;73m░[0m[48;2;61;54;71m[38;2;61;54;71m░[0m[48;2;41;34;53m[38;2;41;34;53m▒[0m[48;2;37;31;51m[38;2;37;31;51m▓[0m[48;2;37;31;52m[38;2;37;31;52m▓[0m[48;2;37;31;52m[38;2;37;31;52m▓[0m[48;2;37;31;52m[38;2;37;31;52m▓[0m[48;2;37;31;52m[38;2;37;31;52m▓[0m[48;2;37;31;52m[38;2;37;31;52m▓[0m[48;2;37;31;52m[38;2;37;31;52m▓[0m[48;2;37;31;52m[38;2;37;31;52m▓[0m[48;2;37;31;52m[38;2;37;31;52m▓[0m[48;2;37;31;52m[38;2;37;31;52m▓[0m[48;2;37;31;52m[38;2;37;31;52m▓[0m[48;2;37;31;52m[38;2;37;31;52m▓[0m[48;2;36;31;49m[38;2;36;31;49m▓[0m[48;2;26;21;35m[38;2;26;21;35m▓[0m[48;2;49;46;55m[38;2;49;46;55m▒[0m[48;2;200;199;202m[38;2;200;199;202m-[0m                           
                                          [48;2;224;224;224m[38;2;224;224;224m.[0m[48;2;10;9;12m[38;2;10;9;12m█[0m[48;2;36;31;46m[38;2;36;31;46m▓[0m[48;2;37;31;52m[38;2;37;31;52m▓[0m[48;2;37;31;52m[38;2;37;31;52m▓[0m[48;2;37;31;52m[38;2;37;31;52m▓[0m[48;2;37;31;52m[38;2;37;31;52m▓[0m[48;2;37;31;52m[38;2;37;31;52m▓[0m[48;2;37;31;52m[38;2;37;31;52m▓[0m[48;2;37;31;51m[38;2;37;31;51m▓[0m[48;2;78;73;87m[38;2;78;73;87m@[0m[48;2;17;13;22m[38;2;17;13;22m█[0m[48;2;5;2;9m[38;2;5;2;9m█[0m[48;2;94;91;95m[38;2;94;91;95m%[0m[48;2;213;211;215m[38;2;213;211;215m:[0m[48;2;190;189;193m[38;2;190;189;193m-[0m[48;2;60;59;63m[38;2;60;59;63m░[0m[48;2;52;50;54m[38;2;52;50;54m▒[0m[48;2;165;163;165m[38;2;165;163;165m+[0m[48;2;240;237;240m[38;2;240;237;240m [0m[48;2;239;237;240m[38;2;239;237;240m [0m[48;2;77;76;79m[38;2;77;76;79m@[0m[48;2;42;40;44m[38;2;42;40;44m▒[0m[48;2;26;24;31m[38;2;26;24;31m▓[0m[48;2;57;53;64m[38;2;57;53;64m░[0m[48;2;65;61;74m[38;2;65;61;74m░[0m[48;2;55;50;65m[38;2;55;50;65m▒[0m[48;2;37;31;52m[38;2;37;31;52m▓[0m[48;2;37;31;52m[38;2;37;31;52m▓[0m[48;2;37;31;52m[38;2;37;31;52m▓[0m[48;2;37;31;52m[38;2;37;31;52m▓[0m[48;2;37;31;52m[38;2;37;31;52m▓[0m[48;2;37;31;52m[38;2;37;31;52m▓[0m[48;2;37;31;52m[38;2;37;31;52m▓[0m[48;2;37;31;52m[38;2;37;31;52m▓[0m[48;2;37;31;52m[38;2;37;31;52m▓[0m[48;2;37;31;52m[38;2;37;31;52m▓[0m[48;2;37;31;52m[38;2;37;31;52m▓[0m[48;2;37;31;52m[38;2;37;31;52m▓[0m[48;2;34;29;46m[38;2;34;29;46m▓[0m[48;2;17;15;22m[38;2;17;15;22m█[0m[48;2;169;168;169m[38;2;169;168;169m=[0m                          