                                                                                                              
                                                                                                              
                                                                                                              
                                                                                                              
                                                                                                              
                                                                                                              
                                                                                                              
                                                                                                              
                                                                                                              
                                                                                                              
                                                                                                              
                                                                                                              
                                                                                                              
                                                   [48;2;179;179;180m[38;2;179;179;180m=[0m[48;2;127;127;128m[38;2;127;127;128m#[0m[48;2;95;94;97m[38;2;95;94;97m%[0m[48;2;68;67;71m[38;2;68;67;71m░[0m[48;2;55;54;58m[38;2;55;54;58m▒[0m[48;2;45;44;49m[38;2;45;44;49m▒[0m[48;2;46;44;50m[38;2;46;44;50m▒[0m[48;2;53;52;58m[38;2;53;52;58m▒[0m[48;2;68;67;72m[38;2;68;67;72m░[0m[48;2;95;95;99m[38;2;95;95;99m%[0m[48;2;145;144;148m[38;2;145;144;148m*[0m[48;2;204;203;205m[38;2;204;203;205m:[0m                                               
                                                 [48;2;161;160;162m[38;2;161;160;162m+[0m[48;2;33;31;38m[38;2;33;31;38m▓[0m[48;2;27;26;37m[38;2;27;26;37m▓[0m[48;2;37;36;51m[38;2;37;36;51m▒[0m[48;2;42;42;58m[38;2;42;42;58m▒[0m[48;2;43;43;59m[38;2;43;43;59m▒[0m[48;2;43;43;59m[38;2;43;43;59m▒[0m[48;2;43;43;59m[38;2;43;43;59m▒[0m[48;2;43;42;59m[38;2;43;42;59m▒[0m[48;2;42;43;59m[38;2;42;43;59m▒[0m[48;2;42;42;59m[38;2;42;42;59m▒[0m[48;2;40;41;57m[38;2;40;41;57m▒[0m[48;2;34;34;50m[38;2;34;34;50m▓[0m[48;2;24;23;38m[38;2;24;23;38m▓[0m[48;2;45;44;53m[38;2;45;44;53m▒[0m[48;2;132;132;135m[38;2;132;132;135m*[0m[48;2;237;236;237m[38;2;237;236;237m.[0m                                            
                                                [48;2;95;94;98m[38;2;95;94;98m%[0m[48;2;23;21;31m[38;2;23;21;31m▓[0m[48;2;42;42;57m[38;2;42;42;57m▒[0m[48;2;41;43;59m[38;2;41;43;59m▒[0m[48;2;41;43;59m[38;2;41;43;59m▒[0m[48;2;40;44;59m[38;2;40;44;59m▒[0m[48;2;40;44;59m[38;2;40;44;59m▒[0m[48;2;40;44;59m[38;2;40;44;59m▒[0m[48;2;40;44;59m[38;2;40;44;59m▒[0m[48;2;40;44;59m[38;2;40;44;59m▒[0m[48;2;40;44;59m[38;2;40;44;59m▒[0m[48;2;40;44;59m[38;2;40;44;59m▒[0m[48;2;40;44;59m[38;2;40;44;59m▒[0m[48;2;41;43;59m[38;2;41;43;59m▒[0m[48;2;41;43;59m[38;2;41;43;59m▒[0m[48;2;42;42;59m[38;2;42;42;59m▒[0m[48;2;33;31;46m[38;2;33;31;46m▓[0m[48;2;26;24;33m[38;2;26;24;33m▓[0m[48;2;89;88;92m[38;2;89;88;92m@[0m[48;2;188;188;190m[38;2;188;188;190m-[0m                                          
                                              [48;2;189;189;189m[38;2;189;189;189m-[0m[48;2;83;83;86m[38;2;83;83;86m@[0m[48;2;27;25;35m[38;2;27;25;35m▓[0m[48;2;42;42;58m[38;2;42;42;58m▒[0m[48;2;41;43;59m[38;2;41;43;59m▒[0m[48;2;40;44;59m[38;2;40;44;59m▒[0m[48;2;40;44;59m[38;2;40;44;59m▒[0m[48;2;40;44;59m[38;2;40;44;59m▒[0m[48;2;40;44;59m[38;2;40;44;59m▒[0m[48;2;40;44;59m[38;2;40;44;59m▒[0m[48;2;40;44;59m[38;2;40;44;59m▒[0m[48;2;40;44;59m[38;2;40;44;59m▒[0m[48;2;40;44;59m[38;2;40;44;59m▒[0m[48;2;40;44;59m[38;2;40;44;59m▒[0m[48;2;40;44;59m[38;2;40;44;59m▒[0m[48;2;40;44;59m[38;2;40;44;59m▒[0m[48;2;40;44;59m[38;2;40;44;59m▒[0m[48;2;41;44;59m[38;2;41;44;59m▒[0m[48;2;43;44;60m[38;2;43;44;60m▒[0m[48;2;75;74;83m[38;2;75;74;83m@[0m[48;2;9;7;14m[38;2;9;7;14m█[0m[48;2;55;53;59m[38;2;55;53;59m▒[0m[48;2;104;102;105m[38;2;104;102;105m%[0m                                         
                                             [48;2;145;144;145m[38;2;145;144;145m*[0m[48;2;6;4;8m[38;2;6;4;8m█[0m[48;2;23;22;30m[38;2;23;22;30m▓[0m[48;2;44;43;57m[38;2;44;43;57m▒[0m[48;2;42;43;59m[38;2;42;43;59m▒[0m[48;2;40;44;59m[38;2;40;44;59m▒[0m[48;2;40;44;59m[38;2;40;44;59m▒[0m[48;2;40;44;59m[38;2;40;44;59m▒[0m[48;2;40;44;59m[38;2;40;44;59m▒[0m[48;2;40;44;59m[38;2;40;44;59m▒[0m[48;2;40;44;59m[38;2;40;44;59m▒[0m[48;2;40;44;59m[38;2;40;44;59m▒[0m[48;2;40;44;59m[38;2;40;44;59m▒[0m[48;2;40;44;59m[38;2;40;44;59m▒[0m[48;2;40;44;59m[38;2;40;44;59m▒[0m[48;2;40;44;59m[38;2;40;44;59m▒[0m[48;2;40;44;59m[38;2;40;44;59m▒[0m[48;2;40;44;59m[38;2;40;44;59m▒[0m[48;2;40;44;58m[38;2;40;44;58m▒[0m[48;2;57;58;72m[38;2;57;58;72m░[0m[48;2;69;68;77m[38;2;69;68;77m░[0m[48;2;16;15;22m[38;2;16;15;22m█[0m[48;2;108;103;109m[38;2;108;103;109m%[0m[48;2;94;87;92m[38;2;94;87;92m@[0m[48;2;95;92;95m[38;2;95;92;95m%[0m                                        
                                             [48;2;40;39;41m[38;2;40;39;41m▒[0m[48;2;9;6;12m[38;2;9;6;12m█[0m[48;2;44;43;55m[38;2;44;43;55m▒[0m[48;2;41;43;58m[38;2;41;43;58m▒[0m[48;2;40;44;59m[38;2;40;44;59m▒[0m[48;2;40;44;59m[38;2;40;44;59m▒[0m[48;2;40;44;59m[38;2;40;44;59m▒[0m[48;2;40;44;59m[38;2;40;44;59m▒[0m[48;2;40;44;59m[38;2;40;44;59m▒[0m[48;2;40;44;59m[38;2;40;44;59m▒[0m[48;2;40;44;59m[38;2;40;44;59m▒[0m[48;2;40;44;59m[38;2;40;44;59m▒[0m[48;2;40;44;59m[38;2;40;44;59m▒[0m[48;2;40;44;59m[38;2;40;44;59m▒[0m[48;2;40;44;59m[38;2;40;44;59m▒[0m[48;2;40;44;59m[38;2;40;44;59m▒[0m[48;2;40;44;59m[38;2;40;44;59m▒[0m[48;2;40;44;59m[38;2;40;44;59m▒[0m[48;2;43;46;61m[38;2;43;46;61m▒[0m[48;2;59;59;73m[38;2;59;59;73m░[0m[48;2;42;42;54m[38;2;42;42;54m▒[0m[48;2;16;13;20m[38;2;16;13;20m█[0m[48;2;108;101;106m[38;2;108;101;106m%[0m[48;2;99;89;95m[38;2;99;89;95m%[0m[48;2;60;52;58m[38;2;60;52;58m░[0m[48;2;171;169;171m[38;2;171;169;171m=[0m                                       
                                           [48;2;229;229;229m[38;2;229;229;229m.[0m[48;2;55;53;56m[38;2;55;53;56m▒[0m[48;2;37;33;40m[38;2;37;33;40m▓[0m[48;2;23;19;29m[38;2;23;19;29m▓[0m[48;2;44;43;59m[38;2;44;43;59m▒[0m[48;2;41;44;59m[38;2;41;44;59m▒[0m[48;2;40;44;59m[38;2;40;44;59m▒[0m[48;2;40;44;59m[38;2;40;44;59m▒[0m[48;2;40;44;59m[38;2;40;44;59m▒[0m[48;2;40;44;59m[38;2;40;44;59m▒[0m[48;2;40;44;59m[38;2;40;44;59m▒[0m[48;2;40;44;59m[38;2;40;44;59m▒[0m[48;2;40;44;59m[38;2;40;44;59m▒[0m[48;2;40;44;59m[38;2;40;44;59m▒[0m[48;2;40;44;59m[38;2;40;44;59m▒[0m[48;2;40;44;59m[38;2;40;44;59m▒[0m[48;2;40;44;59m[38;2;40;44;59m▒[0m[48;2;40;44;59m[38;2;40;44;59m▒[0m[48;2;40;44;59m[38;2;40;44;59m▒[0m[48;2;42;44;60m[38;2;42;44;60m▒[0m[48;2;74;74;90m[38;2;74;74;90m@[0m[48;2;50;50;64m[38;2;50;50;64m▒[0m[48;2;20;17;28m[38;2;20;17;28m▓[0m[48;2;98;89;99m[38;2;98;89;99m%[0m[48;2;122;113;120m[38;2;122;113;120m#[0m[48;2;14;7;13m[38;2;14;7;13m█[0m[48;2;108;100;106m[38;2;108;100;106m%[0m[48;2;68;66;68m[38;2;68;66;68m░[0m                                       
                                          [48;2;238;238;238m[38;2;238;238;238m [0m[48;2;48;47;50m[38;2;48;47;50m▒[0m[48;2;94;85;93m[38;2;94;85;93m@[0m[48;2;89;78;87m[38;2;89;78;87m@[0m[48;2;26;22;33m[38;2;26;22;33m▓[0m[48;2;43;44;59m[38;2;43;44;59m▒[0m[48;2;41;44;59m[38;2;41;44;59m▒[0m[48;2;40;44;59m[38;2;40;44;59m▒[0m[48;2;40;44;59m[38;2;40;44;59m▒[0m[48;2;40;44;59m[38;2;40;44;59m▒[0m[48;2;40;44;59m[38;2;40;44;59m▒[0m[48;2;40;44;59m[38;2;40;44;59m▒[0m[48;2;40;44;59m[38;2;40;44;59m▒[0m[48;2;40;44;59m[38;2;40;44;59m▒[0m[48;2;40;44;59m[38;2;40;44;59m▒[0m[48;2;40;44;59m[38;2;40;44;59m▒[0m[48;2;40;44;59m[38;2;40;44;59m▒[0m[48;2;40;44;59m[38;2;40;44;59m▒[0m[48;2;41;43;59m[38;2;41;43;59m▒[0m[48;2;53;52;68m[38;2;53;52;68m▒[0m[48;2;75;73;87m[38;2;75;73;87m@[0m[48;2;42;38;52m[38;2;42;38;52m▒[0m[48;2;30;24;34m[38;2;30;24;34m▓[0m[48;2;112;101;112m[38;2;112;101;112m%[0m[48;2;154;139;152m[38;2;154;139;152m*[0m[48;2;158;141;154m[38;2;158;141;154m+[0m[48;2;78;67;76m[38;2;78;67;76m░[0m[48;2;85;78;83m[38;2;85;78;83m@[0m[48;2;29;25;29m[38;2;29;25;29m▓[0m                                       
                                          [48;2;94;93;94m[38;2;94;93;94m%[0m[48;2;79;72;77m[38;2;79;72;77m@[0m[48;2;157;142;152m[38;2;157;142;152m+[0m[48;2;112;98;109m[38;2;112;98;109m%[0m[48;2;20;17;26m[38;2;20;17;26m▓[0m[48;2;42;44;58m[38;2;42;44;58m▒[0m[48;2;41;44;59m[38;2;41;44;59m▒[0m[48;2;40;44;59m[38;2;40;44;59m▒[0m[48;2;40;44;59m[38;2;40;44;59m▒[0m[48;2;40;44;59m[38;2;40;44;59m▒[0m[48;2;40;44;59m[38;2;40;44;59m▒[0m[48;2;40;44;59m[38;2;40;44;59m▒[0m[48;2;40;44;59m[38;2;40;44;59m▒[0m[48;2;40;44;59m[38;2;40;44;59m▒[0m[48;2;40;44;59m[38;2;40;44;59m▒[0m[48;2;41;43;59m[38;2;41;43;59m▒[0m[48;2;42;43;58m[38;2;42;43;58m▒[0m[48;2;51;52;66m[38;2;51;52;66m▒[0m[48;2;71;69;83m[38;2;71;69;83m░[0m[48;2;56;53;67m[38;2;56;53;67m░[0m[48;2;24;19;31m[38;2;24;19;31m▓[0m[48;2;77;68;80m[38;2;77;68;80m░[0m[48;2;149;133;146m[38;2;149;133;146m*[0m[48;2;159;141;154m[38;2;159;141;154m+[0m[48;2;160;140;155m[38;2;160;140;155m+[0m[48;2;161;140;155m[38;2;161;140;155m+[0m[48;2;120;104;115m[38;2;120;104;115m#[0m[48;2;34;30;33m[38;2;34;30;33m▓[0m[48;2;31;28;32m[38;2;31;28;32m▓[0m                                       
                                         [48;2;203;203;203m[38;2;203;203;203m:[0m[48;2;37;34;37m[38;2;37;34;37m▓[0m[48;2;154;140;149m[38;2;154;140;149m*[0m[48;2;160;142;153m[38;2;160;142;153m+[0m[48;2;116;99;110m[38;2;116;99;110m%[0m[48;2;15;7;17m[38;2;15;7;17m█[0m[48;2;34;31;43m[38;2;34;31;43m▓[0m[48;2;42;43;59m[38;2;42;43;59m▒[0m[48;2;40;44;59m[38;2;40;44;59m▒[0m[48;2;40;44;59m[38;2;40;44;59m▒[0m[48;2;40;44;59m[38;2;40;44;59m▒[0m[48;2;40;44;59m[38;2;40;44;59m▒[0m[48;2;40;44;59m[38;2;40;44;59m▒[0m[48;2;40;44;59m[38;2;40;44;59m▒[0m[48;2;48;50;66m[38;2;48;50;66m▒[0m[48;2;44;46;61m[38;2;44;46;61m▒[0m[48;2;67;67;80m[38;2;67;67;80m░[0m[48;2;67;64;76m[38;2;67;64;76m░[0m[48;2;48;43;53m[38;2;48;43;53m▒[0m[48;2;34;27;37m[38;2;34;27;37m▓[0m[48;2;86;74;85m[38;2;86;74;85m@[0m[48;2;145;128;142m[38;2;145;128;142m*[0m[48;2;160;141;154m[38;2;160;141;154m+[0m[48;2;161;140;155m[38;2;161;140;155m+[0m[48;2;161;140;155m[38;2;161;140;155m+[0m[48;2;161;140;155m[38;2;161;140;155m+[0m[48;2;161;140;155m[38;2;161;140;155m+[0m[48;2;128;113;125m[38;2;128;113;125m#[0m[48;2;6;3;6m[38;2;6;3;6m█[0m[48;2;59;57;61m[38;2;59;57;61m░[0m                                       
                                         [48;2;74;73;74m[38;2;74;73;74m@[0m[48;2;120;110;117m[38;2;120;110;117m#[0m[48;2;160;142;154m[38;2;160;142;154m+[0m[48;2;160;141;155m[38;2;160;141;155m+[0m[48;2;103;88;100m[38;2;103;88;100m%[0m[48;2;68;57;66m[38;2;68;57;66m░[0m[48;2;47;36;48m[38;2;47;36;48m▒[0m[48;2;32;28;42m[38;2;32;28;42m▓[0m[48;2;43;42;58m[38;2;43;42;58m▒[0m[48;2;42;43;58m[38;2;42;43;58m▒[0m[48;2;41;43;59m[38;2;41;43;59m▒[0m[48;2;41;44;58m[38;2;41;44;58m▒[0m[48;2;57;57;72m[38;2;57;57;72m░[0m[48;2;70;70;83m[38;2;70;70;83m░[0m[48;2;54;53;66m[38;2;54;53;66m▒[0m[48;2;29;25;38m[38;2;29;25;38m▓[0m[48;2;30;24;34m[38;2;30;24;34m▓[0m[48;2;66;57;67m[38;2;66;57;67m░[0m[48;2;118;106;116m[38;2;118;106;116m#[0m[48;2;156;140;151m[38;2;156;140;151m*[0m[48;2;160;142;154m[38;2;160;142;154m+[0m[48;2;160;140;154m[38;2;160;140;154m+[0m[48;2;161;140;155m[38;2;161;140;155m+[0m[48;2;161;140;155m[38;2;161;140;155m+[0m[48;2;161;140;155m[38;2;161;140;155m+[0m[48;2;161;140;155m[38;2;161;140;155m+[0m[48;2;161;140;155m[38;2;161;140;155m+[0m[48;2;116;101;112m[38;2;116;101;112m%[0m[48;2;71;66;70m[38;2;71;66;70m░[0m[48;2;220;219;222m[38;2;220;219;222m.[0m                                       
                                        [48;2;219;219;219m[38;2;219;219;219m:[0m[48;2;37;33;35m[38;2;37;33;35m▓[0m[48;2;157;142;152m[38;2;157;142;152m+[0m[48;2;160;141;155m[38;2;160;141;155m+[0m[48;2;161;140;155m[38;2;161;140;155m+[0m[48;2;153;136;149m[38;2;153;136;149m*[0m[48;2;38;28;37m[38;2;38;28;37m▓[0m[48;2;132;118;131m[38;2;132;118;131m#[0m[48;2;85;73;85m[38;2;85;73;85m@[0m[48;2;37;28;41m[38;2;37;28;41m▓[0m[48;2;26;20;32m[38;2;26;20;32m▓[0m[48;2;33;29;40m[38;2;33;29;40m▓[0m[48;2;48;44;54m[38;2;48;44;54m▒[0m[48;2;40;36;45m[38;2;40;36;45m▒[0m[48;2;47;39;49m[38;2;47;39;49m▒[0m[48;2;75;66;75m[38;2;75;66;75m░[0m[48;2;120;107;118m[38;2;120;107;118m#[0m[48;2;155;138;149m[38;2;155;138;149m*[0m[48;2;158;141;152m[38;2;158;141;152m+[0m[48;2;154;136;147m[38;2;154;136;147m*[0m[48;2;123;106;118m[38;2;123;106;118m#[0m[48;2;86;69;81m[38;2;86;69;81m@[0m[48;2;137;117;131m[38;2;137;117;131m#[0m[48;2;161;140;155m[38;2;161;140;155m+[0m[48;2;161;140;155m[38;2;161;140;155m+[0m[48;2;161;140;155m[38;2;161;140;155m+[0m[48;2;161;140;155m[38;2;161;140;155m+[0m[48;2;161;140;155m[38;2;161;140;155m+[0m[48;2;62;49;59m[38;2;62;49;59m▒[0m[48;2;39;35;39m[38;2;39;35;39m▒[0m[48;2;89;87;91m[38;2;89;87;91m@[0m[48;2;65;64;67m[38;2;65;64;67m░[0m[48;2;66;65;68m[38;2;66;65;68m░[0m[48;2;90;88;91m[38;2;90;88;91m@[0m[48;2;238;237;239m[38;2;238;237;239m.[0m                                   
                                        [48;2;162;162;162m[38;2;162;162;162m+[0m[48;2;72;65;70m[38;2;72;65;70m░[0m[48;2;159;142;154m[38;2;159;142;154m+[0m[48;2;161;140;155m[38;2;161;140;155m+[0m[48;2;161;140;155m[38;2;161;140;155m+[0m[48;2;160;141;155m[38;2;160;141;155m+[0m[48;2;124;108;121m[38;2;124;108;121m#[0m[48;2;44;31;42m[38;2;44;31;42m▓[0m[48;2;35;24;34m[38;2;35;24;34m▓[0m[48;2;132;119;131m[38;2;132;119;131m#[0m[48;2;137;126;136m[38;2;137;126;136m*[0m[48;2;73;64;73m[38;2;73;64;73m░[0m[48;2;61;51;61m[38;2;61;51;61m░[0m[48;2;155;140;153m[38;2;155;140;153m*[0m[48;2;157;139;153m[38;2;157;139;153m*[0m[48;2;138;120;134m[38;2;138;120;134m#[0m[48;2;110;96;108m[38;2;110;96;108m%[0m[48;2;80;68;77m[38;2;80;68;77m░[0m[48;2;65;53;62m[38;2;65;53;62m░[0m[48;2;70;57;66m[38;2;70;57;66m░[0m[48;2;97;85;94m[38;2;97;85;94m@[0m[48;2;140;125;136m[38;2;140;125;136m*[0m[48;2;160;141;155m[38;2;160;141;155m+[0m[48;2;161;140;155m[38;2;161;140;155m+[0m[48;2;161;140;155m[38;2;161;140;155m+[0m[48;2;161;140;155m[38;2;161;140;155m+[0m[48;2;161;140;155m[38;2;161;140;155m+[0m[48;2;130;112;125m[38;2;130;112;125m#[0m[48;2;16;7;16m[38;2;16;7;16m█[0m[48;2;15;11;19m[38;2;15;11;19m█[0m[48;2;124;122;126m[38;2;124;122;126m#[0m[48;2;235;233;237m[38;2;235;233;237m.[0m[48;2;61;59;63m[38;2;61;59;63m░[0m[48;2;61;58;62m[38;2;61;58;62m░[0m                                    
                                        [48;2;148;148;148m[38;2;148;148;148m+[0m[48;2;84;76;80m[38;2;84;76;80m@[0m[48;2;160;141;154m[38;2;160;141;154m+[0m[48;2;161;140;155m[38;2;161;140;155m+[0m[48;2;161;140;155m[38;2;161;140;155m+[0m[48;2;161;140;155m[38;2;161;140;155m+[0m[48;2;160;141;155m[38;2;160;141;155m+[0m[48;2;123;107;120m[38;2;123;107;120m#[0m[48;2;37;26;37m[38;2;37;26;37m▓[0m[48;2;42;33;41m[38;2;42;33;41m▒[0m[48;2;29;23;30m[38;2;29;23;30m▓[0m[48;2;9;4;11m[38;2;9;4;11m█[0m[48;2;50;44;50m[38;2;50;44;50m▒[0m[48;2;67;60;67m[38;2;67;60;67m░[0m[48;2;70;62;71m[38;2;70;62;71m░[0m[48;2;87;75;85m[38;2;87;75;85m@[0m[48;2;115;100;111m[38;2;115;100;111m%[0m[48;2;147;129;142m[38;2;147;129;142m*[0m[48;2;160;140;154m[38;2;160;140;154m+[0m[48;2;161;140;155m[38;2;161;140;155m+[0m[48;2;161;140;155m[38;2;161;140;155m+[0m[48;2;161;140;155m[38;2;161;140;155m+[0m[48;2;161;140;155m[38;2;161;140;155m+[0m[48;2;161;140;155m[38;2;161;140;155m+[0m[48;2;161;140;155m[38;2;161;140;155m+[0m[48;2;161;140;155m[38;2;161;140;155m+[0m[48;2;158;139;153m[38;2;158;139;153m*[0m[48;2;43;32;42m[38;2;43;32;42m▓[0m[48;2;20;14;23m[38;2;20;14;23m█[0m[48;2;34;29;43m[38;2;34;29;43m▓[0m[48;2;43;39;44m[38;2;43;39;44m▒[0m [48;2;192;191;193m[38;2;192;191;193m-[0m[48;2;80;78;81m[38;2;80;78;81m@[0m                                    
                                        [48;2;162;162;162m[38;2;162;162;162m+[0m[48;2;70;61;67m[38;2;70;61;67m░[0m[48;2;160;142;155m[38;2;160;142;155m+[0m[48;2;161;140;155m[38;2;161;140;155m+[0m[48;2;161;140;155m[38;2;161;140;155m+[0m[48;2;161;140;155m[38;2;161;140;155m+[0m[48;2;161;140;155m[38;2;161;140;155m+[0m[48;2;161;140;155m[38;2;161;140;155m+[0m[48;2;135;117;131m[38;2;135;117;131m#[0m[48;2;14;5;15m[38;2;14;5;15m█[0m[48;2;8;3;10m[38;2;8;3;10m█[0m[48;2;17;12;19m[38;2;17;12;19m█[0m[48;2;25;21;29m[38;2;25;21;29m▓[0m[48;2;53;48;55m[38;2;53;48;55m▒[0m[48;2;95;85;95m[38;2;95;85;95m@[0m[48;2;159;140;154m[38;2;159;140;154m+[0m[48;2;161;140;155m[38;2;161;140;155m+[0m[48;2;161;140;155m[38;2;161;140;155m+[0m[48;2;161;140;155m[38;2;161;140;155m+[0m[48;2;161;140;155m[38;2;161;140;155m+[0m[48;2;161;140;155m[38;2;161;140;155m+[0m[48;2;161;140;155m[38;2;161;140;155m+[0m[48;2;161;140;155m[38;2;161;140;155m+[0m[48;2;161;140;155m[38;2;161;140;155m+[0m[48;2;161;140;155m[38;2;161;140;155m+[0m[48;2;161;140;155m[38;2;161;140;155m+[0m[48;2;158;138;152m[38;2;158;138;152m*[0m[48;2;95;81;93m[38;2;95;81;93m@[0m[48;2;16;8;17m[38;2;16;8;17m█[0m[48;2;34;29;43m[38;2;34;29;43m▓[0m[48;2;13;9;15m[38;2;13;9;15m█[0m[48;2;198;195;199m[38;2;198;195;199m-[0m[48;2;108;105;109m[38;2;108;105;109m%[0m[48;2;15;12;16m[38;2;15;12;16m█[0m[48;2;78;75;79m[38;2;78;75;79m@[0m[48;2;85;82;85m[38;2;85;82;85m@[0m[48;2;104;102;104m[38;2;104;102;104m%[0m[48;2;135;133;135m[38;2;135;133;135m*[0m[48;2;180;179;180m[38;2;180;179;180m=[0m[48;2;233;233;233m[38;2;233;233;233m.[0m                              
                                        [48;2;114;114;114m[38;2;114;114;114m#[0m[48;2;27;21;25m[38;2;27;21;25m▓[0m[48;2;151;134;146m[38;2;151;134;146m*[0m[48;2;160;141;155m[38;2;160;141;155m+[0m[48;2;161;140;155m[38;2;161;140;155m+[0m[48;2;161;140;155m[38;2;161;140;155m+[0m[48;2;161;140;155m[38;2;161;140;155m+[0m[48;2;161;140;155m[38;2;161;140;155m+[0m[48;2;120;102;116m[38;2;120;102;116m%[0m[48;2;20;13;22m[38;2;20;13;22m█[0m[48;2;24;20;29m[38;2;24;20;29m▓[0m[48;2;2;1;7m[38;2;2;1;7m█[0m[48;2;13;12;18m[38;2;13;12;18m█[0m[48;2;11;10;15m[38;2;11;10;15m█[0m[48;2;50;46;53m[38;2;50;46;53m▒[0m[48;2;149;133;146m[38;2;149;133;146m*[0m[48;2;161;140;155m[38;2;161;140;155m+[0m[48;2;161;140;155m[38;2;161;140;155m+[0m[48;2;161;140;155m[38;2;161;140;155m+[0m[48;2;161;140;155m[38;2;161;140;155m+[0m[48;2;161;140;155m[38;2;161;140;155m+[0m[48;2;161;140;155m[38;2;161;140;155m+[0m[48;2;161;140;155m[38;2;161;140;155m+[0m[48;2;161;140;155m[38;2;161;140;155m+[0m[48;2;161;140;155m[38;2;161;140;155m+[0m[48;2;161;140;155m[38;2;161;140;155m+[0m[48;2;161;140;155m[38;2;161;140;155m+[0m[48;2;160;140;154m[38;2;160;140;154m+[0m[48;2;74;61;73m[38;2;74;61;73m░[0m[48;2;19;14;22m[38;2;19;14;22m█[0m[48;2;11;8;14m[38;2;11;8;14m█[0m[48;2;212;209;214m[38;2;212;209;214m:[0m[48;2;131;128;132m[38;2;131;128;132m*[0m[48;2;30;27;31m[38;2;30;27;31m▓[0m[48;2;156;154;157m[38;2;156;154;157m+[0m[48;2;130;127;131m[38;2;130;127;131m*[0m[48;2;82;80;83m[38;2;82;80;83m@[0m[48;2;50;47;51m[38;2;50;47;51m▒[0m[48;2;66;63;67m[38;2;66;63;67m░[0m[48;2;71;66;71m[38;2;71;66;71m░[0m[48;2;83;79;83m[38;2;83;79;83m@[0m[48;2;196;195;196m[38;2;196;195;196m-[0m                            
                                         [48;2;169;168;169m[38;2;169;168;169m=[0m[48;2;56;48;54m[38;2;56;48;54m▒[0m[48;2;152;137;149m[38;2;152;137;149m*[0m[48;2;160;141;154m[38;2;160;141;154m+[0m[48;2;161;140;155m[38;2;161;140;155m+[0m[48;2;161;140;155m[38;2;161;140;155m+[0m[48;2;161;140;155m[38;2;161;140;155m+[0m[48;2;150;131;145m[38;2;150;131;145m*[0m[48;2;45;36;45m[38;2;45;36;45m▒[0m[48;2;21;16;25m[38;2;21;16;25m▓[0m[48;2;16;12;19m[38;2;16;12;19m█[0m[48;2;7;5;12m[38;2;7;5;12m█[0m[48;2;22;20;26m[38;2;22;20;26m▓[0m[48;2;10;7;13m[38;2;10;7;13m█[0m[48;2;59;48;58m[38;2;59;48;58m▒[0m[48;2;160;140;155m[38;2;160;140;155m+[0m[48;2;161;140;155m[38;2;161;140;155m+[0m[48;2;161;140;155m[38;2;161;140;155m+[0m[48;2;161;140;155m[38;2;161;140;155m+[0m[48;2;161;140;155m[38;2;161;140;155m+[0m[48;2;161;140;155m[38;2;161;140;155m+[0m[48;2;161;140;155m[38;2;161;140;155m+[0m[48;2;161;140;155m[38;2;161;140;155m+[0m[48;2;161;140;155m[38;2;161;140;155m+[0m[48;2;161;140;155m[38;2;161;140;155m+[0m[48;2;161;140;155m[38;2;161;140;155m+[0m[48;2;161;140;155m[38;2;161;140;155m+[0m[48;2;157;137;152m[38;2;157;137;152m*[0m[48;2;96;83;94m[38;2;96;83;94m@[0m[48;2;33;25;33m[38;2;33;25;33m▓[0m[48;2;52;46;51m[38;2;52;46;51m▒[0m[48;2;52;47;52m[38;2;52;47;52m▒[0m[48;2;173;169;174m[38;2;173;169;174m=[0m[48;2;195;192;195m[38;2;195;192;195m-[0m[48;2;178;174;178m[38;2;178;174;178m=[0m[48;2;171;167;171m[38;2;171;167;171m=[0m[48;2;93;89;94m[38;2;93;89;94m@[0m[48;2;73;66;71m[38;2;73;66;71m░[0m[48;2;158;142;152m[38;2;158;142;152m+[0m[48;2;143;129;138m[38;2;143;129;138m*[0m[48;2;39;33;38m[38;2;39;33;38m▓[0m[48;2;229;227;229m[38;2;229;227;229m.[0m                           
                                          [48;2;112;110;111m[38;2;112;110;111m#[0m[48;2;31;24;29m[38;2;31;24;29m▓[0m[48;2;112;100;109m[38;2;112;100;109m%[0m[48;2;158;141;153m[38;2;158;141;153m+[0m[48;2;161;140;155m[38;2;161;140;155m+[0m[48;2;161;140;155m[38;2;161;140;155m+[0m[48;2;161;140;155m[38;2;161;140;155m+[0m[48;2;160;141;155m[38;2;160;141;155m+[0m[48;2;125;108;122m[38;2;125;108;122m#[0m[48;2;29;19;29m[38;2;29;19;29m▓[0m[48;2;26;21;30m[38;2;26;21;30m▓[0m[48;2;13;8;16m[38;2;13;8;16m█[0m[48;2;85;76;85m[38;2;85;76;85m@[0m[48;2;63;53;61m[38;2;63;53;61m░[0m[48;2;75;63;73m[38;2;75;63;73m░[0m[48;2;115;98;111m[38;2;115;98;111m%[0m[48;2;148;128;143m[38;2;148;128;143m*[0m[48;2;161;140;155m[38;2;161;140;155m+[0m[48;2;161;140;155m[38;2;161;140;155m+[0m[48;2;161;140;155m[38;2;161;140;155m+[0m[48;2;161;140;155m[38;2;161;140;155m+[0m[48;2;161;140;155m[38;2;161;140;155m+[0m[48;2;161;140;155m[38;2;161;140;155m+[0m[48;2;161;140;155m[38;2;161;140;155m+[0m[48;2;161;140;155m[38;2;161;140;155m+[0m[48;2;161;140;155m[38;2;161;140;155m+[0m[48;2;161;140;155m[38;2;161;140;155m+[0m[48;2;161;140;155m[38;2;161;140;155m+[0m[48;2;158;139;153m[38;2;158;139;153m*[0m[48;2;136;120;133m[38;2;136;120;133m#[0m[48;2;123;109;121m[38;2;123;109;121m#[0m[48;2;107;95;106m[38;2;107;95;106m%[0m[48;2;102;93;102m[38;2;102;93;102m%[0m[48;2;108;98;108m[38;2;108;98;108m%[0m[48;2;107;96;106m[38;2;107;96;106m%[0m[48;2;129;116;127m[38;2;129;116;127m#[0m[48;2;155;143;153m[38;2;155;143;153m+[0m[48;2;151;135;146m[38;2;151;135;146m*[0m[48;2;127;110;121m[38;2;127;110;121m#[0m[48;2;24;15;22m[38;2;24;15;22m▓[0m[48;2;113;109;113m[38;2;113;109;113m#[0m                           
                                          [48;2;229;229;229m[38;2;229;229;229m.[0m[48;2;44;41;43m[38;2;44;41;43m▒[0m[48;2;80;76;79m[38;2;80;76;79m@[0m[48;2;55;47;53m[38;2;55;47;53m▒[0m[48;2;150;134;145m[38;2;150;134;145m*[0m[48;2;160;141;154m[38;2;160;141;154m+[0m[48;2;161;140;155m[38;2;161;140;155m+[0m[48;2;161;140;155m[38;2;161;140;155m+[0m[48;2;161;140;155m[38;2;161;140;155m+[0m[48;2;159;138;153m[38;2;159;138;153m*[0m[48;2;158;139;153m[38;2;158;139;153m*[0m[48;2;128;110;124m[38;2;128;110;124m#[0m[48;2;57;43;54m[38;2;57;43;54m▒[0m[48;2;89;78;87m[38;2;89;78;87m@[0m[48;2;91;80;89m[38;2;91;80;89m@[0m[48;2;18;11;18m[38;2;18;11;18m█[0m[48;2;9;3;10m[38;2;9;3;10m█[0m[48;2;52;40;51m[38;2;52;40;51m▒[0m[48;2;159;139;154m[38;2;159;139;154m+[0m[48;2;158;137;152m[38;2;158;137;152m*[0m[48;2;145;126;140m[38;2;145;126;140m*[0m[48;2;161;140;155m[38;2;161;140;155m+[0m[48;2;161;140;155m[38;2;161;140;155m+[0m[48;2;161;140;155m[38;2;161;140;155m+[0m[48;2;161;140;155m[38;2;161;140;155m+[0m[48;2;161;140;155m[38;2;161;140;155m+[0m[48;2;161;140;155m[38;2;161;140;155m+[0m[48;2;161;140;155m[38;2;161;140;155m+[0m[48;2;160;141;155m[38;2;160;141;155m+[0m[48;2;160;141;155m[38;2;160;141;155m+[0m[48;2;159;141;155m[38;2;159;141;155m+[0m[48;2;101;87;99m[38;2;101;87;99m%[0m[48;2;71;60;71m[38;2;71;60;71m░[0m[48;2;69;58;69m[38;2;69;58;69m░[0m[48;2;69;58;67m[38;2;69;58;67m░[0m[48;2;68;57;66m[38;2;68;57;66m░[0m[48;2;69;57;67m[38;2;69;57;67m░[0m[48;2;76;63;73m[38;2;76;63;73m░[0m[48;2;98;84;94m[38;2;98;84;94m@[0m[48;2;131;120;129m[38;2;131;120;129m#[0m[48;2;42;36;42m[38;2;42;36;42m▒[0m[48;2;198;196;199m[38;2;198;196;199m-[0m                          
                                           [48;2;214;214;214m[38;2;214;214;214m:[0m[48;2;93;93;93m[38;2;93;93;93m%[0m[48;2;62;59;62m[38;2;62;59;62m░[0m[48;2;62;55;61m[38;2;62;55;61m░[0m[48;2;107;95;105m[38;2;107;95;105m%[0m[48;2;158;140;154m[38;2;158;140;154m+[0m[48;2;161;140;155m[38;2;161;140;155m+[0m[48;2;161;140;155m[38;2;161;140;155m+[0m[48;2;161;140;155m[38;2;161;140;155m+[0m[48;2;161;140;155m[38;2;161;140;155m+[0m[48;2;161;140;155m[38;2;161;140;155m+[0m[48;2;160;140;154m[38;2;160;140;154m+[0m[48;2;131;112;126m[38;2;131;112;126m#[0m[48;2;94;78;90m[38;2;94;78;90m@[0m[48;2;83;69;79m[38;2;83;69;79m@[0m[48;2;122;106;118m[38;2;122;106;118m#[0m[48;2;152;134;147m[38;2;152;134;147m*[0m[48;2;161;140;155m[38;2;161;140;155m+[0m[48;2;151;131;145m[38;2;151;131;145m*[0m[48;2;70;53;66m[38;2;70;53;66m░[0m[48;2;68;52;64m[38;2;68;52;64m░[0m[48;2;97;82;94m[38;2;97;82;94m@[0m[48;2;115;101;112m[38;2;115;101;112m%[0m[48;2;79;66;76m[38;2;79;66;76m░[0m[48;2;45;34;44m[38;2;45;34;44m▒[0m[48;2;67;57;66m[38;2;67;57;66m░[0m[48;2;79;67;77m[38;2;79;67;77m░[0m[48;2;88;76;86m[38;2;88;76;86m@[0m[48;2;97;85;96m[38;2;97;85;96m@[0m[48;2;102;90;101m[38;2;102;90;101m%[0m[48;2;103;91;102m[38;2;103;91;102m%[0m[48;2;106;94;105m[38;2;106;94;105m%[0m[48;2;108;97;107m[38;2;108;97;107m%[0m[48;2;109;97;107m[38;2;109;97;107m%[0m[48;2;102;92;100m[38;2;102;92;100m%[0m[48;2;98;88;96m[38;2;98;88;96m%[0m[48;2;91;80;89m[38;2;91;80;89m@[0m[48;2;81;71;79m[38;2;81;71;79m@[0m[48;2;49;42;49m[38;2;49;42;49m▒[0m[48;2;107;103;108m[38;2;107;103;108m%[0m                           
                                              [48;2;82;79;83m[38;2;82;79;83m@[0m[48;2;7;3;9m[38;2;7;3;9m█[0m[48;2;36;28;38m[38;2;36;28;38m▓[0m[48;2;95;83;94m[38;2;95;83;94m@[0m[48;2;151;134;148m[38;2;151;134;148m*[0m[48;2;160;141;155m[38;2;160;141;155m+[0m[48;2;161;140;155m[38;2;161;140;155m+[0m[48;2;161;140;155m[38;2;161;140;155m+[0m[48;2;161;140;155m[38;2;161;140;155m+[0m[48;2;161;140;155m[38;2;161;140;155m+[0m[48;2;161;140;155m[38;2;161;140;155m+[0m[48;2;123;102;117m[38;2;123;102;117m#[0m[48;2;100;81;95m[38;2;100;81;95m@[0m[48;2;151;133;147m[38;2;151;133;147m*[0m[48;2;160;141;155m[38;2;160;141;155m+[0m[48;2;161;140;155m[38;2;161;140;155m+[0m[48;2;160;140;155m[38;2;160;140;155m+[0m[48;2;154;136;150m[38;2;154;136;150m*[0m[48;2;131;114;128m[38;2;131;114;128m#[0m[48;2;114;98;110m[38;2;114;98;110m%[0m[48;2;103;87;99m[38;2;103;87;99m%[0m[48;2;101;85;96m[38;2;101;85;96m@[0m[48;2;99;84;95m[38;2;99;84;95m@[0m[48;2;100;86;97m[38;2;100;86;97m%[0m[48;2;104;90;101m[38;2;104;90;101m%[0m[48;2;110;97;107m[38;2;110;97;107m%[0m[48;2;120;106;116m[38;2;120;106;116m#[0m[48;2;122;107;117m[38;2;122;107;117m#[0m[48;2;119;103;115m[38;2;119;103;115m%[0m[48;2;116;101;114m[38;2;116;101;114m%[0m[48;2;102;90;100m[38;2;102;90;100m%[0m[48;2;50;42;50m[38;2;50;42;50m▒[0m[48;2;61;55;62m[38;2;61;55;62m░[0m[48;2;198;194;198m[38;2;198;194;198m-[0m[48;2;232;230;232m[38;2;232;230;232m.[0m                             
                                             [48;2;118;115;120m[38;2;118;115;120m#[0m[48;2;18;15;23m[38;2;18;15;23m█[0m[48;2;14;11;21m[38;2;14;11;21m█[0m[48;2;10;6;15m[38;2;10;6;15m█[0m[48;2;32;23;60m[38;2;32;23;60m▓[0m[48;2;50;40;75m[38;2;50;40;75m▒[0m[48;2;61;51;69m[38;2;61;51;69m░[0m[48;2;87;74;89m[38;2;87;74;89m@[0m[48;2;120;105;117m[38;2;120;105;117m#[0m[48;2;148;131;144m[38;2;148;131;144m*[0m[48;2;160;140;155m[38;2;160;140;155m+[0m[48;2;161;140;155m[38;2;161;140;155m+[0m[48;2;160;139;154m[38;2;160;139;154m+[0m[48;2;120;102;115m[38;2;120;102;115m%[0m[48;2;65;52;64m[38;2;65;52;64m░[0m[48;2;49;39;50m[38;2;49;39;50m▒[0m[48;2;62;51;62m[38;2;62;51;62m░[0m[48;2;85;73;84m[38;2;85;73;84m@[0m[48;2;103;91;102m[38;2;103;91;102m%[0m[48;2;123;109;120m[38;2;123;109;120m#[0m[48;2;138;123;135m[38;2;138;123;135m*[0m[48;2;146;130;143m[38;2;146;130;143m*[0m[48;2;151;135;148m[38;2;151;135;148m*[0m[48;2;152;137;149m[38;2;152;137;149m*[0m[48;2;152;137;149m[38;2;152;137;149m*[0m[48;2;150;134;146m[38;2;150;134;146m*[0m[48;2;136;121;132m[38;2;136;121;132m#[0m[48;2;123;108;120m[38;2;123;108;120m#[0m[48;2;100;86;98m[38;2;100;86;98m%[0m[48;2;77;65;76m[38;2;77;65;76m░[0m[48;2;72;63;72m[38;2;72;63;72m░[0m[48;2;112;106;113m[38;2;112;106;113m%[0m[48;2;189;186;190m[38;2;189;186;190m-[0m                                
                                            [48;2;178;178;179m[38;2;178;178;179m=[0m[48;2;16;13;20m[38;2;16;13;20m█[0m[48;2;36;31;47m[38;2;36;31;47m▓[0m[48;2;36;31;50m[38;2;36;31;50m▓[0m[48;2;16;12;24m[38;2;16;12;24m█[0m[48;2;46;34;92m[38;2;46;34;92m▒[0m[48;2;94;80;152m[38;2;94;80;152m%[0m[48;2;100;92;130m[38;2;100;92;130m%[0m[48;2;35;20;114m[38;2;35;20;114m▓[0m[48;2;6;3;19m[38;2;6;3;19m█[0m[48;2;38;28;84m[38;2;38;28;84m▒[0m[48;2;41;32;71m[38;2;41;32;71m▒[0m[48;2;56;45;82m[38;2;56;45;82m▒[0m[48;2;65;56;73m[38;2;65;56;73m░[0m[48;2;81;71;87m[38;2;81;71;87m@[0m[48;2;97;87;98m[38;2;97;87;98m@[0m[48;2;99;90;99m[38;2;99;90;99m%[0m[48;2;77;69;77m[38;2;77;69;77m░[0m[48;2;48;42;49m[38;2;48;42;49m▒[0m[48;2;25;21;26m[38;2;25;21;26m▓[0m[48;2;5;2;7m[38;2;5;2;7m█[0m[48;2;3;0;4m[38;2;3;0;4m█[0m[48;2;4;0;5m[38;2;4;0;5m█[0m[48;2;5;1;6m[38;2;5;1;6m█[0m[48;2;4;2;6m[38;2;4;2;6m█[0m[48;2;5;2;7m[38;2;5;2;7m█[0m[48;2;8;3;11m[38;2;8;3;11m█[0m[48;2;6;2;11m[38;2;6;2;11m█[0m[48;2;6;2;11m[38;2;6;2;11m█[0m[48;2;22;18;28m[38;2;22;18;28m▓[0m[48;2;105;102;109m[38;2;105;102;109m%[0m[48;2;179;176;182m[38;2;179;176;182m=[0m[48;2;239;237;241m[38;2;239;237;241m [0m                                 
                                           [48;2;239;239;239m[38;2;239;239;239m [0m[48;2;32;31;35m[38;2;32;31;35m▓[0m[48;2;33;29;41m[38;2;33;29;41m▓[0m[48;2;38;32;51m[38;2;38;32;51m▓[0m[48;2;37;31;51m[38;2;37;31;51m▓[0m[48;2;21;17;31m[38;2;21;17;31m▓[0m[48;2;40;28;87m[38;2;40;28;87m▒[0m[48;2;91;77;150m[38;2;91;77;150m@[0m[48;2;104;94;145m[38;2;104;94;145m%[0m[48;2;57;40;143m[38;2;57;40;143m░[0m[48;2;6;2;22m[38;2;6;2;22m█[0m[48;2;29;21;61m[38;2;29;21;61m▓[0m[48;2;81;67;152m[38;2;81;67;152m@[0m[48;2;70;55;160m[38;2;70;55;160m░[0m[48;2;79;68;159m[38;2;79;68;159m@[0m[48;2;56;40;161m[38;2;56;40;161m░[0m[48;2;67;54;144m[38;2;67;54;144m░[0m[48;2;50;39;104m[38;2;50;39;104m▒[0m[48;2;11;5;38m[38;2;11;5;38m█[0m[48;2;7;4;11m[38;2;7;4;11m█[0m[48;2;22;18;29m[38;2;22;18;29m▓[0m[48;2;24;20;33m[38;2;24;20;33m▓[0m[48;2;23;19;32m[38;2;23;19;32m▓[0m[48;2;23;19;33m[38;2;23;19;33m▓[0m[48;2;24;19;35m[38;2;24;19;35m▓[0m[48;2;24;20;35m[38;2;24;20;35m▓[0m[48;2;25;21;37m[38;2;25;21;37m▓[0m[48;2;28;23;40m[38;2;28;23;40m▓[0m[48;2;33;28;47m[38;2;33;28;47m▓[0m[48;2;36;31;51m[38;2;36;31;51m▓[0m[48;2;37;31;51m[38;2;37;31;51m▓[0m[48;2;33;28;47m[38;2;33;28;47m▓[0m[48;2;26;21;38m[38;2;26;21;38m▓[0m[48;2;26;22;34m[38;2;26;22;34m▓[0m[48;2;87;84;92m[38;2;87;84;92m@[0m[48;2;175;174;178m[38;2;175;174;178m=[0m                               
                                           [48;2;141;141;141m[38;2;141;141;141m*[0m[48;2;18;16;24m[38;2;18;16;24m█[0m[48;2;37;31;51m[38;2;37;31;51m▓[0m[48;2;37;31;52m[38;2;37;31;52m▓[0m[48;2;37;31;52m[38;2;37;31;52m▓[0m[48;2;29;24;42m[38;2;29;24;42m▓[0m[48;2;17;10;43m[38;2;17;10;43m█[0m[48;2;87;73;143m[38;2;87;73;143m@[0m[48;2;96;83;151m[38;2;96;83;151m%[0m[48;2;80;65;150m[38;2;80;65;150m@[0m[48;2;21;11;61m[38;2;21;11;61m▓[0m[48;2;124;121;127m[38;2;124;121;127m#[0m[48;2;29;23;56m[38;2;29;23;56m▓[0m[48;2;68;55;140m[38;2;68;55;140m░[0m[48;2;77;65;160m[38;2;77;65;160m@[0m[48;2;78;65;166m[38;2;78;65;166m@[0m[48;2;72;60;153m[38;2;72;60;153m@[0m[48;2;46;35;103m[38;2;46;35;103m▒[0m[48;2;15;12;23m[38;2;15;12;23m█[0m[48;2;50;47;54m[38;2;50;47;54m▒[0m[48;2;48;44;59m[38;2;48;44;59m▒[0m[48;2;38;33;51m[38;2;38;33;51m▓[0m[48;2;38;32;52m[38;2;38;32;52m▓[0m[48;2;37;31;52m[38;2;37;31;52m▓[0m[48;2;37;31;52m[38;2;37;31;52m▓[0m[48;2;37;31;52m[38;2;37;31;52m▓[0m[48;2;37;31;52m[38;2;37;31;52m▓[0m[48;2;37;31;52m[38;2;37;31;52m▓[0m[48;2;37;31;52m[38;2;37;31;52m▓[0m[48;2;37;31;52m[38;2;37;31;52m▓[0m[48;2;37;31;52m[38;2;37;31;52m▓[0m[48;2;37;31;52m[38;2;37;31;52m▓[0m[48;2;37;31;52m[38;2;37;31;52m▓[0m[48;2;37;31;52m[38;2;37;31;52m▓[0m[48;2;35;30;49m[38;2;35;30;49m▓[0m[48;2;24;19;35m[38;2;24;19;35m▓[0m[48;2;45;43;50m[38;2;45;43;50m▒[0m[48;2;155;154;157m[38;2;155;154;157m+[0m                             
                                           [48;2;43;43;43m[38;2;43;43;43m▒[0m[48;2;31;28;41m[38;2;31;28;41m▓[0m[48;2;37;31;52m[38;2;37;31;52m▓[0m[48;2;37;31;52m[38;2;37;31;52m▓[0m[48;2;37;31;52m[38;2;37;31;52m▓[0m[48;2;37;31;52m[38;2;37;31;52m▓[0m[48;2;23;18;36m[38;2;23;18;36m▓[0m[48;2;21;16;33m[38;2;21;16;33m▓[0m[48;2;26;21;37m[38;2;26;21;37m▓[0m[48;2;35;31;50m[38;2;35;31;50m▓[0m[48;2;16;9;36m[38;2;16;9;36m█[0m[48;2;94;91;96m[38;2;94;91;96m%[0m[48;2;203;200;206m[38;2;203;200;206m:[0m[48;2;72;69;80m[38;2;72;69;80m░[0m[48;2;37;27;84m[38;2;37;27;84m▓[0m[48;2;62;52;107m[38;2;62;52;107m░[0m[48;2;48;43;62m[38;2;48;43;62m▒[0m[48;2;164;163;168m[38;2;164;163;168m+[0m[48;2;135;133;137m[38;2;135;133;137m*[0m[48;2;37;34;40m[38;2;37;34;40m▓[0m[48;2;44;39;50m[38;2;44;39;50m▒[0m[48;2;64;60;73m[38;2;64;60;73m░[0m[48;2;59;55;70m[38;2;59;55;70m░[0m[48;2;40;35;54m[38;2;40;35;54m▒[0m[48;2;37;31;52m[38;2;37;31;52m▓[0m[48;2;37;31;52m[38;2;37;31;52m▓[0m[48;2;37;31;52m[38;2;37;31;52m▓[0m[48;2;37;31;52m[38;2;37;31;52m▓[0m[48;2;37;31;52m[38;2;37;31;52m▓[0m[48;2;37;31;52m[38;2;37;31;52m▓[0m[48;2;37;31;52m[38;2;37;31;52m▓[0m[48;2;37;31;52m[38;2;37;31;52m▓[0m[48;2;37;31;52m[38;2;37;31;52m▓[0m[48;2;37;31;52m[38;2;37;31;52m▓[0m[48;2;37;31;52m[38;2;37;31;52m▓[0m[48;2;37;31;52m[38;2;37;31;52m▓[0m[48;2;37;31;50m[38;2;37;31;50m▓[0m[48;2;27;24;38m[38;2;27;24;38m▓[0m[48;2;49;47;55m[38;2;49;47;55m▒[0m[48;2;199;198;201m[38;2;199;198;201m-[0m                           
                                          [48;2;224;224;224m[38;2;224;224;224m.[0m[48;2;10;9;12m[38;2;10;9;12m█[0m[48;2;36;33;47m[38;2;36;33;47m▓[0m[48;2;37;31;52m[38;2;37;31;52m▓[0m[48;2;37;31;52m[38;2;37;31;52m▓[0m[48;2;37;31;52m[38;2;37;31;52m▓[0m[48;2;37;31;52m[38;2;37;31;52m▓[0m[48;2;37;31;52m[38;2;37;31;52m▓[0m[48;2;37;31;52m[38;2;37;31;52m▓[0m[48;2;37;31;52m[38;2;37;31;52m▓[0m[48;2;77;73;88m[38;2;77;73;88m@[0m[48;2;16;13;23m[38;2;16;13;23m█[0m[48;2;5;2;10m[38;2;5;2;10m█[0m[48;2;94;91;96m[38;2;94;91;96m%[0m[48;2;214;213;216m[38;2;214;213;216m:[0m[48;2;188;188;189m[38;2;188;188;189m-[0m[48;2;63;62;64m[38;2;63;62;64m░[0m[48;2;53;50;54m[38;2;53;50;54m▒[0m[48;2;165;164;167m[38;2;165;164;167m=[0m[48;2;240;238;241m[38;2;240;238;241m [0m[48;2;239;236;242m[38;2;239;236;242m.[0m[48;2;78;75;80m[38;2;78;75;80m@[0m[48;2;42;38;45m[38;2;42;38;45m▒[0m[48;2;28;24;35m[38;2;28;24;35m▓[0m[48;2;56;52;65m[38;2;56;52;65m▒[0m[48;2;66;61;77m[38;2;66;61;77m░[0m[48;2;56;51;67m[38;2;56;51;67m▒[0m[48;2;38;33;52m[38;2;38;33;52m▒[0m[48;2;38;32;52m[38;2;38;32;52m▓[0m[48;2;37;31;52m[38;2;37;31;52m▓[0m[48;2;37;31;52m[38;2;37;31;52m▓[0m[48;2;37;31;52m[38;2;37;31;52m▓[0m[48;2;37;31;52m[38;2;37;31;52m▓[0m[48;2;37;31;52m[38;2;37;31;52m▓[0m[48;2;37;31;52m[38;2;37;31;52m▓[0m[48;2;37;31;52m[38;2;37;31;52m▓[0m[48;2;37;31;52m[38;2;37;31;52m▓[0m[48;2;37;31;52m[38;2;37;31;52m▓[0m[48;2;37;31;52m[38;2;37;31;52m▓[0m[48;2;33;30;45m[38;2;33;30;45m▓[0m[48;2;19;17;24m[38;2;19;17;24m▓[0m[48;2;169;168;170m[38;2;169;168;170m=[0m                          