                                                                                                    
                                                                                                    
                                                                                                    
                                                                                                    
                                                                                                    
                                                                                                    
                                                                                                    
                                                                                                    
                                                                                                    
                                                                                                    
                                                                                                    
                                               [48;2;237;237;237m[38;2;237;237;237m.[0m[48;2;216;216;216m[38;2;216;216;216m:[0m[48;2;204;204;204m[38;2;204;204;204m:[0m[48;2;202;201;202m[38;2;202;201;202m:[0m[48;2;205;204;205m[38;2;205;204;205m:[0m[48;2;225;225;225m[38;2;225;225;225m.[0m                                               
                                           [48;2;190;190;190m[38;2;190;190;190m-[0m[48;2;123;122;125m[38;2;123;122;125m#[0m[48;2;72;71;76m[38;2;72;71;76m░[0m[48;2;38;37;44m[38;2;38;37;44m▒[0m[48;2;26;24;34m[38;2;26;24;34m▓[0m[48;2;28;26;37m[38;2;28;26;37m▓[0m[48;2;31;29;40m[38;2;31;29;40m▓[0m[48;2;32;30;41m[38;2;32;30;41m▓[0m[48;2;29;28;39m[38;2;29;28;39m▓[0m[48;2;25;24;35m[38;2;25;24;35m▓[0m[48;2;30;29;40m[38;2;30;29;40m▓[0m[48;2;73;71;80m[38;2;73;71;80m░[0m[48;2;138;138;142m[38;2;138;138;142m*[0m[48;2;230;229;231m[38;2;230;229;231m.[0m                                           
                                        [48;2;234;234;234m[38;2;234;234;234m.[0m[48;2;123;123;125m[38;2;123;123;125m#[0m[48;2;39;38;45m[38;2;39;38;45m▒[0m[48;2;31;29;40m[38;2;31;29;40m▓[0m[48;2;44;41;56m[38;2;44;41;56m▒[0m[48;2;47;45;60m[38;2;47;45;60m▒[0m[48;2;43;42;58m[38;2;43;42;58m▒[0m[48;2;54;54;69m[38;2;54;54;69m░[0m[48;2;47;47;62m[38;2;47;47;62m▒[0m[48;2;43;43;59m[38;2;43;43;59m▒[0m[48;2;41;43;59m[38;2;41;43;59m▒[0m[48;2;41;43;59m[38;2;41;43;59m▒[0m[48;2;41;43;59m[38;2;41;43;59m▒[0m[48;2;41;43;59m[38;2;41;43;59m▒[0m[48;2;41;42;59m[38;2;41;42;59m▒[0m[48;2;36;36;52m[38;2;36;36;52m▒[0m[48;2;29;27;39m[38;2;29;27;39m▓[0m[48;2;124;123;129m[38;2;124;123;129m#[0m                                          
                                       [48;2;174;174;175m[38;2;174;174;175m=[0m[48;2;33;32;36m[38;2;33;32;36m▓[0m[48;2;30;28;37m[38;2;30;28;37m▓[0m[48;2;29;26;38m[38;2;29;26;38m▓[0m[48;2;34;31;40m[38;2;34;31;40m▓[0m[48;2;53;49;55m[38;2;53;49;55m▒[0m[48;2;60;53;61m[38;2;60;53;61m░[0m[48;2;74;65;73m[38;2;74;65;73m░[0m[48;2;78;69;75m[38;2;78;69;75m░[0m[48;2;74;64;72m[38;2;74;64;72m░[0m[48;2;58;48;58m[38;2;58;48;58m▒[0m[48;2;37;30;41m[38;2;37;30;41m▓[0m[48;2;26;24;37m[38;2;26;24;37m▓[0m[48;2;37;36;51m[38;2;37;36;51m▒[0m[48;2;42;42;58m[38;2;42;42;58m▒[0m[48;2;41;43;59m[38;2;41;43;59m▒[0m[48;2;41;43;59m[38;2;41;43;59m▒[0m[48;2;42;43;59m[38;2;42;43;59m▒[0m[48;2;32;31;45m[38;2;32;31;45m▓[0m[48;2;56;55;61m[38;2;56;55;61m░[0m[48;2;213;213;214m[38;2;213;213;214m:[0m                                        
                                      [48;2;195;195;195m[38;2;195;195;195m-[0m[48;2;10;9;11m[38;2;10;9;11m█[0m[48;2;46;42;47m[38;2;46;42;47m▒[0m[48;2;59;52;59m[38;2;59;52;59m░[0m[48;2;55;48;55m[38;2;55;48;55m▒[0m[48;2;78;69;78m[38;2;78;69;78m░[0m[48;2;149;135;147m[38;2;149;135;147m*[0m[48;2;115;98;111m[38;2;115;98;111m%[0m[48;2;80;66;77m[38;2;80;66;77m░[0m[48;2;83;68;78m[38;2;83;68;78m@[0m[48;2;145;128;139m[38;2;145;128;139m*[0m[48;2;160;142;153m[38;2;160;142;153m+[0m[48;2;160;141;154m[38;2;160;141;154m+[0m[48;2;138;121;134m[38;2;138;121;134m#[0m[48;2;91;77;89m[38;2;91;77;89m@[0m[48;2;43;34;46m[38;2;43;34;46m▒[0m[48;2;51;44;58m[38;2;51;44;58m▒[0m[48;2;52;48;60m[38;2;52;48;60m▒[0m[48;2;34;32;45m[38;2;34;32;45m▓[0m[48;2;26;25;37m[38;2;26;25;37m▓[0m[48;2;22;19;31m[38;2;22;19;31m▓[0m[48;2;22;20;24m[38;2;22;20;24m▓[0m[48;2;191;191;192m[38;2;191;191;192m-[0m                                       
                                     [48;2;197;196;197m[38;2;197;196;197m-[0m[48;2;60;55;60m[38;2;60;55;60m░[0m[48;2;128;114;123m[38;2;128;114;123m#[0m[48;2;158;141;151m[38;2;158;141;151m+[0m[48;2;129;113;123m[38;2;129;113;123m#[0m[48;2;153;136;147m[38;2;153;136;147m*[0m[48;2;159;140;154m[38;2;159;140;154m+[0m[48;2;161;140;155m[38;2;161;140;155m+[0m[48;2;161;140;155m[38;2;161;140;155m+[0m[48;2;161;140;155m[38;2;161;140;155m+[0m[48;2;119;102;115m[38;2;119;102;115m%[0m[48;2;89;73;85m[38;2;89;73;85m@[0m[48;2;156;138;151m[38;2;156;138;151m*[0m[48;2;161;140;155m[38;2;161;140;155m+[0m[48;2;161;140;155m[38;2;161;140;155m+[0m[48;2;161;140;155m[38;2;161;140;155m+[0m[48;2;159;140;154m[38;2;159;140;154m+[0m[48;2;101;87;99m[38;2;101;87;99m%[0m[48;2;24;17;30m[38;2;24;17;30m▓[0m[48;2;74;60;115m[38;2;74;60;115m░[0m[48;2;26;15;46m[38;2;26;15;46m▓[0m[48;2;83;63;126m[38;2;83;63;126m@[0m[48;2;9;3;8m[38;2;9;3;8m█[0m[48;2;21;19;22m[38;2;21;19;22m▓[0m[48;2;216;215;216m[38;2;216;215;216m:[0m                                      
                                    [48;2;192;192;193m[38;2;192;192;193m-[0m[48;2;56;50;56m[38;2;56;50;56m▒[0m[48;2;152;136;147m[38;2;152;136;147m*[0m[48;2;162;142;155m[38;2;162;142;155m+[0m[48;2;162;141;155m[38;2;162;141;155m+[0m[48;2;161;141;155m[38;2;161;141;155m+[0m[48;2;161;140;155m[38;2;161;140;155m+[0m[48;2;161;140;155m[38;2;161;140;155m+[0m[48;2;157;137;152m[38;2;157;137;152m*[0m[48;2;102;84;97m[38;2;102;84;97m@[0m[48;2;160;141;155m[38;2;160;141;155m+[0m[48;2;46;30;42m[38;2;46;30;42m▓[0m[48;2;119;103;116m[38;2;119;103;116m%[0m[48;2;67;52;64m[38;2;67;52;64m░[0m[48;2;158;138;153m[38;2;158;138;153m*[0m[48;2;161;140;155m[38;2;161;140;155m+[0m[48;2;161;140;155m[38;2;161;140;155m+[0m[48;2;161;140;155m[38;2;161;140;155m+[0m[48;2;161;140;155m[38;2;161;140;155m+[0m[48;2;133;116;130m[38;2;133;116;130m#[0m[48;2;44;30;52m[38;2;44;30;52m▒[0m[48;2;91;69;137m[38;2;91;69;137m@[0m[48;2;68;45;106m[38;2;68;45;106m░[0m[48;2;48;33;67m[38;2;48;33;67m▒[0m[48;2;13;9;17m[38;2;13;9;17m█[0m[48;2;67;63;68m[38;2;67;63;68m░[0m                                      
                                    [48;2;53;51;54m[38;2;53;51;54m▒[0m[48;2;106;94;104m[38;2;106;94;104m%[0m[48;2;89;76;88m[38;2;89;76;88m@[0m[48;2;82;67;79m[38;2;82;67;79m░[0m[48;2;161;142;156m[38;2;161;142;156m+[0m[48;2;161;141;155m[38;2;161;141;155m+[0m[48;2;161;140;155m[38;2;161;140;155m+[0m[48;2;161;140;155m[38;2;161;140;155m+[0m[48;2;151;131;145m[38;2;151;131;145m*[0m[48;2;39;25;36m[38;2;39;25;36m▓[0m[48;2;154;139;152m[38;2;154;139;152m*[0m[48;2;89;76;88m[38;2;89;76;88m@[0m[48;2;61;49;60m[38;2;61;49;60m▒[0m[48;2;85;73;84m[38;2;85;73;84m@[0m[48;2;72;58;69m[38;2;72;58;69m░[0m[48;2;153;133;148m[38;2;153;133;148m*[0m[48;2;161;140;155m[38;2;161;140;155m+[0m[48;2;161;140;155m[38;2;161;140;155m+[0m[48;2;161;140;155m[38;2;161;140;155m+[0m[48;2;160;141;155m[38;2;160;141;155m+[0m[48;2;137;120;132m[38;2;137;120;132m#[0m[48;2;51;35;55m[38;2;51;35;55m▒[0m[48;2;23;12;31m[38;2;23;12;31m█[0m[48;2;15;11;20m[38;2;15;11;20m█[0m[48;2;34;30;42m[38;2;34;30;42m▓[0m[48;2;21;17;27m[38;2;21;17;27m▓[0m[48;2;178;176;178m[38;2;178;176;178m=[0m                                     
                                   [48;2;165;165;165m[38;2;165;165;165m=[0m[48;2;81;73;78m[38;2;81;73;78m@[0m[48;2;45;35;43m[38;2;45;35;43m▒[0m[48;2;25;17;23m[38;2;25;17;23m▓[0m[48;2;95;84;93m[38;2;95;84;93m@[0m[48;2;89;74;86m[38;2;89;74;86m@[0m[48;2;130;114;127m[38;2;130;114;127m#[0m[48;2;146;126;141m[38;2;146;126;141m*[0m[48;2;161;140;155m[38;2;161;140;155m+[0m[48;2;160;140;154m[38;2;160;140;154m+[0m[48;2;42;28;39m[38;2;42;28;39m▓[0m[48;2;65;53;64m[38;2;65;53;64m░[0m[48;2;148;135;146m[38;2;148;135;146m*[0m[48;2;42;31;41m[38;2;42;31;41m▓[0m[48;2;50;41;49m[38;2;50;41;49m▒[0m[48;2;52;43;51m[38;2;52;43;51m▒[0m[48;2;33;23;31m[38;2;33;23;31m▓[0m[48;2;96;83;94m[38;2;96;83;94m@[0m[48;2;148;131;144m[38;2;148;131;144m*[0m[48;2;159;141;155m[38;2;159;141;155m+[0m[48;2;160;141;155m[38;2;160;141;155m+[0m[48;2;160;141;155m[38;2;160;141;155m+[0m[48;2;150;132;146m[38;2;150;132;146m*[0m[48;2;76;64;74m[38;2;76;64;74m░[0m[48;2;38;31;42m[38;2;38;31;42m▓[0m[48;2;39;34;47m[38;2;39;34;47m▒[0m[48;2;38;34;47m[38;2;38;34;47m▒[0m[48;2;92;90;94m[38;2;92;90;94m@[0m                                     
                                   [48;2;114;113;113m[38;2;114;113;113m#[0m[48;2;112;102;109m[38;2;112;102;109m%[0m[48;2;15;7;13m[38;2;15;7;13m█[0m[48;2;80;73;80m[38;2;80;73;80m@[0m[48;2;96;88;96m[38;2;96;88;96m@[0m[48;2;28;20;27m[38;2;28;20;27m▓[0m[48;2;30;22;30m[38;2;30;22;30m▓[0m[48;2;50;39;49m[38;2;50;39;49m▒[0m[48;2;117;102;113m[38;2;117;102;113m%[0m[48;2;113;98;109m[38;2;113;98;109m%[0m[48;2;66;53;63m[38;2;66;53;63m░[0m[48;2;25;16;23m[38;2;25;16;23m▓[0m[48;2;37;28;39m[38;2;37;28;39m▓[0m[48;2;59;47;73m[38;2;59;47;73m▒[0m[48;2;25;14;38m[38;2;25;14;38m▓[0m[48;2;79;71;76m[38;2;79;71;76m@[0m[48;2;33;26;31m[38;2;33;26;31m▓[0m[48;2;78;71;74m[38;2;78;71;74m@[0m[48;2;32;26;29m[38;2;32;26;29m▓[0m[48;2;19;13;17m[38;2;19;13;17m█[0m[48;2;33;26;32m[38;2;33;26;32m▓[0m[48;2;55;47;55m[38;2;55;47;55m▒[0m[48;2;51;43;51m[38;2;51;43;51m▒[0m[48;2;75;66;76m[38;2;75;66;76m░[0m[48;2;70;61;71m[38;2;70;61;71m░[0m[48;2;29;22;32m[38;2;29;22;32m▓[0m[48;2;28;22;33m[38;2;28;22;33m▓[0m[48;2;72;68;73m[38;2;72;68;73m░[0m                                     
                                   [48;2;117;116;116m[38;2;117;116;116m#[0m[48;2;101;91;98m[38;2;101;91;98m%[0m[48;2;11;4;9m[38;2;11;4;9m█[0m[48;2;100;94;98m[38;2;100;94;98m%[0m[48;2;39;32;38m[38;2;39;32;38m▓[0m[48;2;41;22;80m[38;2;41;22;80m▓[0m[48;2;48;21;100m[38;2;48;21;100m▒[0m[48;2;28;10;58m[38;2;28;10;58m▓[0m[48;2;135;125;130m[38;2;135;125;130m*[0m[48;2;196;184;185m[38;2;196;184;185m-[0m[48;2;216;204;203m[38;2;216;204;203m:[0m[48;2;132;122;123m[38;2;132;122;123m#[0m[48;2;50;30;79m[38;2;50;30;79m▒[0m[48;2;96;60;162m[38;2;96;60;162m@[0m[48;2;56;26;105m[38;2;56;26;105m▒[0m[48;2;147;136;139m[38;2;147;136;139m*[0m[48;2;171;160;159m[38;2;171;160;159m+[0m[48;2;246;233;229m[38;2;246;233;229m.[0m[48;2;179;168;168m[38;2;179;168;168m=[0m[48;2;63;54;59m[38;2;63;54;59m░[0m[48;2;151;139;148m[38;2;151;139;148m*[0m[48;2;155;140;151m[38;2;155;140;151m*[0m[48;2;87;74;84m[38;2;87;74;84m@[0m[48;2;73;62;70m[38;2;73;62;70m░[0m[48;2;143;131;139m[38;2;143;131;139m*[0m[48;2;154;140;150m[38;2;154;140;150m*[0m[48;2;124;110;120m[38;2;124;110;120m#[0m[48;2;85;73;81m[38;2;85;73;81m@[0m[48;2;77;67;74m[38;2;77;67;74m░[0m[48;2;108;103;106m[38;2;108;103;106m%[0m[48;2;158;155;158m[38;2;158;155;158m+[0m[48;2;234;232;233m[38;2;234;232;233m.[0m                                 
                                   [48;2;178;178;178m[38;2;178;178;178m=[0m[48;2;65;58;63m[38;2;65;58;63m░[0m[48;2;18;12;17m[38;2;18;12;17m█[0m[48;2;158;153;154m[38;2;158;153;154m+[0m[48;2;135;126;129m[38;2;135;126;129m*[0m[48;2;101;80;120m[38;2;101;80;120m@[0m[48;2;174;129;195m[38;2;174;129;195m+[0m[48;2;94;62;114m[38;2;94;62;114m@[0m[48;2;160;149;151m[38;2;160;149;151m+[0m[48;2;249;236;231m[38;2;249;236;231m [0m[48;2;250;235;229m[38;2;250;235;229m [0m[48;2;235;221;217m[38;2;235;221;217m.[0m[48;2;60;46;56m[38;2;60;46;56m▒[0m[48;2;193;153;196m[38;2;193;153;196m=[0m[48;2;92;63;96m[38;2;92;63;96m@[0m[48;2;186;175;175m[38;2;186;175;175m=[0m[48;2;247;228;220m[38;2;247;228;220m.[0m[48;2;244;218;209m[38;2;244;218;209m.[0m[48;2;250;234;228m[38;2;250;234;228m [0m[48;2;159;147;145m[38;2;159;147;145m+[0m[48;2;71;59;65m[38;2;71;59;65m░[0m[48;2;148;135;145m[38;2;148;135;145m*[0m[48;2;145;129;141m[38;2;145;129;141m*[0m[48;2;136;120;133m[38;2;136;120;133m#[0m[48;2;81;68;77m[38;2;81;68;77m░[0m[48;2;73;61;70m[38;2;73;61;70m░[0m[48;2;98;85;94m[38;2;98;85;94m@[0m[48;2;129;113;123m[38;2;129;113;123m#[0m[48;2;149;133;144m[38;2;149;133;144m*[0m[48;2;157;140;153m[38;2;157;140;153m+[0m[48;2;127;113;123m[38;2;127;113;123m#[0m[48;2;74;66;72m[38;2;74;66;72m░[0m[48;2;115;113;115m[38;2;115;113;115m#[0m[48;2;235;235;235m[38;2;235;235;235m.[0m                               
                                    [48;2;68;65;67m[38;2;68;65;67m░[0m[48;2;41;34;39m[38;2;41;34;39m▒[0m[48;2;177;168;170m[38;2;177;168;170m=[0m[48;2;236;219;218m[38;2;236;219;218m.[0m[48;2;91;76;80m[38;2;91;76;80m@[0m[48;2;122;89;117m[38;2;122;89;117m%[0m[48;2;77;56;74m[38;2;77;56;74m░[0m[48;2;227;215;213m[38;2;227;215;213m:[0m[48;2;202;186;183m[38;2;202;186;183m-[0m[48;2;171;155;152m[38;2;171;155;152m+[0m[48;2;250;236;230m[38;2;250;236;230m [0m[48;2;223;210;206m[38;2;223;210;206m:[0m[48;2;134;121;121m[38;2;134;121;121m#[0m[48;2;165;152;150m[38;2;165;152;150m+[0m[48;2;249;235;228m[38;2;249;235;228m [0m[48;2;237;212;200m[38;2;237;212;200m:[0m[48;2;242;213;204m[38;2;242;213;204m.[0m[48;2;250;234;227m[38;2;250;234;227m [0m[48;2;249;234;229m[38;2;249;234;229m [0m[48;2;84;74;76m[38;2;84;74;76m@[0m[48;2;57;47;54m[38;2;57;47;54m▒[0m[48;2;46;37;45m[38;2;46;37;45m▒[0m[48;2;60;49;57m[38;2;60;49;57m▒[0m[48;2;109;97;105m[38;2;109;97;105m%[0m[48;2;140;127;136m[38;2;140;127;136m*[0m[48;2;127;114;124m[38;2;127;114;124m#[0m[48;2;92;79;89m[38;2;92;79;89m@[0m[48;2;51;40;48m[38;2;51;40;48m▒[0m[48;2;24;14;22m[38;2;24;14;22m█[0m[48;2;47;38;46m[38;2;47;38;46m▒[0m[48;2;117;104;114m[38;2;117;104;114m%[0m[48;2;130;118;126m[38;2;130;118;126m#[0m[48;2;62;56;60m[38;2;62;56;60m░[0m[48;2;192;191;191m[38;2;192;191;191m-[0m                              
                                    [48;2;200;199;200m[38;2;200;199;200m-[0m[48;2;12;9;10m[38;2;12;9;10m█[0m[48;2;13;9;11m[38;2;13;9;11m█[0m[48;2;181;166;164m[38;2;181;166;164m=[0m[48;2;248;231;226m[38;2;248;231;226m.[0m[48;2;226;211;205m[38;2;226;211;205m:[0m[48;2;244;230;223m[38;2;244;230;223m.[0m[48;2;250;235;228m[38;2;250;235;228m [0m[48;2;212;196;192m[38;2;212;196;192m-[0m[48;2;224;208;203m[38;2;224;208;203m:[0m[48;2;250;234;228m[38;2;250;234;228m [0m[48;2;251;235;229m[38;2;251;235;229m [0m[48;2;250;234;228m[38;2;250;234;228m [0m[48;2;250;235;227m[38;2;250;235;227m [0m[48;2;250;235;226m[38;2;250;235;226m [0m[48;2;250;234;227m[38;2;250;234;227m [0m[48;2;250;235;230m[38;2;250;235;230m [0m[48;2;241;228;225m[38;2;241;228;225m.[0m[48;2;115;104;104m[38;2;115;104;104m%[0m[48;2;33;25;29m[38;2;33;25;29m▓[0m[48;2;62;54;60m[38;2;62;54;60m░[0m[48;2;66;59;64m[38;2;66;59;64m░[0m[48;2;157;150;155m[38;2;157;150;155m+[0m[48;2;39;36;38m[38;2;39;36;38m▒[0m[48;2;63;56;61m[38;2;63;56;61m░[0m[48;2;87;74;83m[38;2;87;74;83m@[0m[48;2;94;80;89m[38;2;94;80;89m@[0m[48;2;112;98;107m[38;2;112;98;107m%[0m[48;2;139;124;133m[38;2;139;124;133m*[0m[48;2;158;140;153m[38;2;158;140;153m+[0m[48;2;161;141;154m[38;2;161;141;154m+[0m[48;2;161;141;154m[38;2;161;141;154m+[0m[48;2;154;137;148m[38;2;154;137;148m*[0m[48;2;64;57;62m[38;2;64;57;62m░[0m[48;2;182;180;181m[38;2;182;180;181m=[0m                             
                                    [48;2;226;226;226m[38;2;226;226;226m.[0m[48;2;102;101;102m[38;2;102;101;102m%[0m[48;2;102;98;100m[38;2;102;98;100m%[0m[48;2;227;217;216m[38;2;227;217;216m.[0m[48;2;249;234;230m[38;2;249;234;230m [0m[48;2;249;235;228m[38;2;249;235;228m [0m[48;2;249;236;228m[38;2;249;236;228m [0m[48;2;250;235;229m[38;2;250;235;229m [0m[48;2;251;236;231m[38;2;251;236;231m [0m[48;2;251;236;231m[38;2;251;236;231m [0m[48;2;249;234;229m[38;2;249;234;229m [0m[48;2;239;224;219m[38;2;239;224;219m.[0m[48;2;216;202;198m[38;2;216;202;198m:[0m[48;2;186;174;169m[38;2;186;174;169m=[0m[48;2;156;144;142m[38;2;156;144;142m+[0m[48;2;120;110;109m[38;2;120;110;109m#[0m[48;2;81;72;73m[38;2;81;72;73m@[0m[48;2;32;25;28m[38;2;32;25;28m▓[0m[48;2;5;2;7m[38;2;5;2;7m█[0m[48;2;69;65;71m[38;2;69;65;71m░[0m[48;2;178;173;178m[38;2;178;173;178m=[0m[48;2;38;32;38m[38;2;38;32;38m▓[0m[48;2;78;72;77m[38;2;78;72;77m@[0m[48;2;94;89;95m[38;2;94;89;95m@[0m[48;2;84;76;84m[38;2;84;76;84m@[0m[48;2;159;142;154m[38;2;159;142;154m+[0m[48;2;161;140;155m[38;2;161;140;155m+[0m[48;2;161;140;155m[38;2;161;140;155m+[0m[48;2;161;140;155m[38;2;161;140;155m+[0m[48;2;161;140;155m[38;2;161;140;155m+[0m[48;2;161;140;155m[38;2;161;140;155m+[0m[48;2;161;140;155m[38;2;161;140;155m+[0m[48;2;160;140;155m[38;2;160;140;155m+[0m[48;2;152;135;147m[38;2;152;135;147m*[0m[48;2;51;43;49m[38;2;51;43;49m▒[0m[48;2;231;231;231m[38;2;231;231;231m.[0m                            
                                      [48;2;187;187;187m[38;2;187;187;187m-[0m[48;2;77;75;76m[38;2;77;75;76m@[0m[48;2;33;30;32m[38;2;33;30;32m▓[0m[48;2;42;40;41m[38;2;42;40;41m▒[0m[48;2;47;46;46m[38;2;47;46;46m▒[0m[48;2;63;62;62m[38;2;63;62;62m░[0m[48;2;50;48;48m[38;2;50;48;48m▒[0m[48;2;82;77;78m[38;2;82;77;78m@[0m[48;2;62;55;57m[38;2;62;55;57m░[0m[48;2;85;80;81m[38;2;85;80;81m@[0m[48;2;12;8;10m[38;2;12;8;10m█[0m[48;2;40;37;39m[38;2;40;37;39m▒[0m[48;2;26;21;25m[38;2;26;21;25m▓[0m[48;2;6;2;7m[38;2;6;2;7m█[0m[48;2;14;11;18m[38;2;14;11;18m█[0m[48;2;18;14;23m[38;2;18;14;23m█[0m[48;2;17;15;22m[38;2;17;15;22m█[0m[48;2;150;148;155m[38;2;150;148;155m+[0m[48;2;235;232;238m[38;2;235;232;238m.[0m[48;2;51;47;53m[38;2;51;47;53m▒[0m[48;2;194;191;196m[38;2;194;191;196m-[0m[48;2;190;184;190m[38;2;190;184;190m-[0m[48;2;41;34;40m[38;2;41;34;40m▒[0m[48;2;159;142;154m[38;2;159;142;154m+[0m[48;2;161;140;155m[38;2;161;140;155m+[0m[48;2;161;140;155m[38;2;161;140;155m+[0m[48;2;161;140;155m[38;2;161;140;155m+[0m[48;2;161;140;155m[38;2;161;140;155m+[0m[48;2;161;140;155m[38;2;161;140;155m+[0m[48;2;161;140;155m[38;2;161;140;155m+[0m[48;2;161;140;155m[38;2;161;140;155m+[0m[48;2;161;140;155m[38;2;161;140;155m+[0m[48;2;99;84;95m[38;2;99;84;95m@[0m[48;2;148;145;147m[38;2;148;145;147m*[0m                            
                                   [48;2;240;240;240m[38;2;240;240;240m [0m[48;2;77;76;78m[38;2;77;76;78m@[0m[48;2;28;27;29m[38;2;28;27;29m▓[0m[48;2;24;23;29m[38;2;24;23;29m▓[0m[48;2;27;23;35m[38;2;27;23;35m▓[0m[48;2;27;23;37m[38;2;27;23;37m▓[0m[48;2;7;5;13m[38;2;7;5;13m█[0m[48;2;26;23;29m[38;2;26;23;29m▓[0m[48;2;31;29;32m[38;2;31;29;32m▓[0m[48;2;49;48;49m[38;2;49;48;49m▒[0m[48;2;28;24;28m[38;2;28;24;28m▓[0m[48;2;155;152;157m[38;2;155;152;157m+[0m[48;2;22;19;22m[38;2;22;19;22m▓[0m[48;2;38;36;39m[38;2;38;36;39m▒[0m[48;2;14;12;16m[38;2;14;12;16m█[0m[48;2;31;27;32m[38;2;31;27;32m▓[0m[48;2;32;27;34m[38;2;32;27;34m▓[0m[48;2;25;21;33m[38;2;25;21;33m▓[0m[48;2;4;2;10m[38;2;4;2;10m█[0m[48;2;13;12;17m[38;2;13;12;17m█[0m[48;2;157;155;161m[38;2;157;155;161m+[0m [48;2;138;136;140m[38;2;138;136;140m*[0m[48;2;112;109;114m[38;2;112;109;114m#[0m[48;2;201;197;202m[38;2;201;197;202m-[0m[48;2;37;31;38m[38;2;37;31;38m▓[0m[48;2;158;140;152m[38;2;158;140;152m+[0m[48;2;161;140;155m[38;2;161;140;155m+[0m[48;2;161;140;155m[38;2;161;140;155m+[0m[48;2;161;140;155m[38;2;161;140;155m+[0m[48;2;161;140;155m[38;2;161;140;155m+[0m[48;2;161;140;155m[38;2;161;140;155m+[0m[48;2;161;140;155m[38;2;161;140;155m+[0m[48;2;161;140;155m[38;2;161;140;155m+[0m[48;2;161;140;155m[38;2;161;140;155m+[0m[48;2;124;107;120m[38;2;124;107;120m#[0m[48;2;107;103;106m[38;2;107;103;106m%[0m                            
                                   [48;2;150;150;150m[38;2;150;150;150m+[0m[48;2;12;11;12m[38;2;12;11;12m█[0m[48;2;79;78;80m[38;2;79;78;80m@[0m[48;2;26;22;34m[38;2;26;22;34m▓[0m[48;2;37;32;50m[38;2;37;32;50m▓[0m[48;2;36;30;49m[38;2;36;30;49m▓[0m[48;2;9;6;16m[38;2;9;6;16m█[0m[48;2;30;26;39m[38;2;30;26;39m▓[0m[48;2;13;9;21m[38;2;13;9;21m█[0m[48;2;41;37;44m[38;2;41;37;44m▒[0m[48;2;8;6;10m[38;2;8;6;10m█[0m[48;2;64;62;65m[38;2;64;62;65m░[0m[48;2;12;10;12m[38;2;12;10;12m█[0m[48;2;17;14;17m[38;2;17;14;17m█[0m[48;2;13;10;14m[38;2;13;10;14m█[0m[48;2;82;76;75m[38;2;82;76;75m@[0m[48;2;133;124;116m[38;2;133;124;116m#[0m[48;2;44;36;49m[38;2;44;36;49m▒[0m[48;2;29;24;41m[38;2;29;24;41m▓[0m[48;2;13;10;22m[38;2;13;10;22m█[0m[48;2;47;45;53m[38;2;47;45;53m▒[0m[48;2;150;147;153m[38;2;150;147;153m+[0m[48;2;179;176;181m[38;2;179;176;181m=[0m[48;2;63;60;64m[38;2;63;60;64m░[0m[48;2;67;64;68m[38;2;67;64;68m░[0m[48;2;68;62;69m[38;2;68;62;69m░[0m[48;2;158;142;154m[38;2;158;142;154m+[0m[48;2;122;105;118m[38;2;122;105;118m#[0m[48;2;144;124;138m[38;2;144;124;138m*[0m[48;2;161;140;155m[38;2;161;140;155m+[0m[48;2;161;140;155m[38;2;161;140;155m+[0m[48;2;161;140;155m[38;2;161;140;155m+[0m[48;2;161;140;155m[38;2;161;140;155m+[0m[48;2;161;140;155m[38;2;161;140;155m+[0m[48;2;161;140;155m[38;2;161;140;155m+[0m[48;2;101;86;97m[38;2;101;86;97m%[0m[48;2;145;140;144m[38;2;145;140;144m*[0m                            
                                    [48;2;166;165;166m[38;2;166;165;166m=[0m[48;2;86;83;86m[38;2;86;83;86m@[0m[48;2;62;59;67m[38;2;62;59;67m░[0m[48;2;28;24;38m[38;2;28;24;38m▓[0m[48;2;30;25;41m[38;2;30;25;41m▓[0m[48;2;14;11;21m[38;2;14;11;21m█[0m[48;2;35;31;47m[38;2;35;31;47m▓[0m[48;2;19;15;29m[38;2;19;15;29m█[0m[48;2;31;27;32m[38;2;31;27;32m▓[0m[48;2;26;21;22m[38;2;26;21;22m▓[0m[48;2;5;1;5m[38;2;5;1;5m█[0m[48;2;21;17;20m[38;2;21;17;20m▓[0m[48;2;88;82;71m[38;2;88;82;71m@[0m[48;2;44;37;33m[38;2;44;37;33m▒[0m[48;2;87;79;81m[38;2;87;79;81m@[0m[48;2;104;95;95m[38;2;104;95;95m%[0m[48;2;42;33;51m[38;2;42;33;51m▒[0m[48;2;37;31;52m[38;2;37;31;52m▓[0m[48;2;37;31;52m[38;2;37;31;52m▓[0m[48;2;31;26;44m[38;2;31;26;44m▓[0m[48;2;14;10;22m[38;2;14;10;22m█[0m[48;2;59;55;63m[38;2;59;55;63m░[0m[48;2;112;105;113m[38;2;112;105;113m%[0m[48;2;129;121;129m[38;2;129;121;129m#[0m[48;2;99;91;100m[38;2;99;91;100m%[0m[48;2;44;36;43m[38;2;44;36;43m▒[0m[48;2;41;29;39m[38;2;41;29;39m▓[0m[48;2;145;129;142m[38;2;145;129;142m*[0m[48;2;161;140;155m[38;2;161;140;155m+[0m[48;2;161;140;155m[38;2;161;140;155m+[0m[48;2;161;140;155m[38;2;161;140;155m+[0m[48;2;161;140;155m[38;2;161;140;155m+[0m[48;2;161;140;155m[38;2;161;140;155m+[0m[48;2;140;120;134m[38;2;140;120;134m#[0m[48;2;61;53;60m[38;2;61;53;60m░[0m[48;2;239;237;239m[38;2;239;237;239m [0m                            
                                     [48;2;140;139;140m[38;2;140;139;140m*[0m[48;2;107;106;108m[38;2;107;106;108m%[0m[48;2;73;71;75m[38;2;73;71;75m░[0m[48;2;7;6;12m[38;2;7;6;12m█[0m[48;2;24;20;32m[38;2;24;20;32m▓[0m[48;2;37;32;50m[38;2;37;32;50m▓[0m[48;2;35;30;47m[38;2;35;30;47m▓[0m[48;2;26;21;27m[38;2;26;21;27m▓[0m[48;2;125;117;101m[38;2;125;117;101m#[0m[48;2;136;124;103m[38;2;136;124;103m#[0m[48;2;159;144;118m[38;2;159;144;118m*[0m[48;2;148;134;111m[38;2;148;134;111m*[0m[48;2;31;23;23m[38;2;31;23;23m▓[0m[48;2;33;27;38m[38;2;33;27;38m▓[0m[48;2;37;31;46m[38;2;37;31;46m▓[0m[48;2;34;28;49m[38;2;34;28;49m▓[0m[48;2;31;26;45m[38;2;31;26;45m▓[0m[48;2;35;29;48m[38;2;35;29;48m▓[0m[48;2;37;31;51m[38;2;37;31;51m▓[0m[48;2;36;31;50m[38;2;36;31;50m▓[0m[48;2;28;23;37m[38;2;28;23;37m▓[0m[48;2;21;15;28m[38;2;21;15;28m█[0m[48;2;15;9;19m[38;2;15;9;19m█[0m[48;2;25;20;27m[38;2;25;20;27m▓[0m[48;2;77;72;79m[38;2;77;72;79m@[0m[48;2;154;138;151m[38;2;154;138;151m*[0m[48;2;160;141;155m[38;2;160;141;155m+[0m[48;2;160;141;155m[38;2;160;141;155m+[0m[48;2;161;140;155m[38;2;161;140;155m+[0m[48;2;160;140;155m[38;2;160;140;155m+[0m[48;2;133;119;130m[38;2;133;119;130m#[0m[48;2;82;72;81m[38;2;82;72;81m@[0m[48;2;103;96;103m[38;2;103;96;103m%[0m[48;2;225;223;226m[38;2;225;223;226m.[0m                             
                                      [48;2;180;179;180m[38;2;180;179;180m=[0m[48;2;158;156;158m[38;2;158;156;158m+[0m[48;2;42;41;44m[38;2;42;41;44m▒[0m[48;2;31;27;39m[38;2;31;27;39m▓[0m[48;2;19;15;27m[38;2;19;15;27m█[0m[48;2;26;23;31m[38;2;26;23;31m▓[0m[48;2;6;2;7m[38;2;6;2;7m█[0m[48;2;14;7;18m[38;2;14;7;18m█[0m[48;2;24;17;41m[38;2;24;17;41m▓[0m[48;2;27;21;26m[38;2;27;21;26m▓[0m[48;2;10;5;10m[38;2;10;5;10m█[0m[48;2;14;9;15m[38;2;14;9;15m█[0m[48;2;23;19;25m[38;2;23;19;25m▓[0m[48;2;20;18;24m[38;2;20;18;24m▓[0m[48;2;6;3;9m[38;2;6;3;9m█[0m[48;2;9;6;12m[38;2;9;6;12m█[0m[48;2;6;3;9m[38;2;6;3;9m█[0m[48;2;7;4;10m[38;2;7;4;10m█[0m[48;2;14;11;18m[38;2;14;11;18m█[0m[48;2;11;8;15m[38;2;11;8;15m█[0m[48;2;13;10;18m[38;2;13;10;18m█[0m[48;2;10;7;15m[38;2;10;7;15m█[0m[48;2;21;17;30m[38;2;21;17;30m▓[0m[48;2;24;19;33m[38;2;24;19;33m▓[0m[48;2;57;51;63m[38;2;57;51;63m▒[0m[48;2;113;101;113m[38;2;113;101;113m%[0m[48;2;116;103;114m[38;2;116;103;114m%[0m[48;2;74;63;73m[38;2;74;63;73m░[0m[48;2;96;87;96m[38;2;96;87;96m@[0m[48;2;145;141;147m[38;2;145;141;147m*[0m[48;2;229;227;231m[38;2;229;227;231m.[0m                               
                                        [48;2;16;15;17m[38;2;16;15;17m█[0m[48;2;17;14;21m[38;2;17;14;21m█[0m[48;2;41;38;45m[38;2;41;38;45m▒[0m[48;2;32;29;35m[38;2;32;29;35m▓[0m[48;2;14;12;16m[38;2;14;12;16m█[0m[48;2;51;48;52m[38;2;51;48;52m▒[0m[48;2;20;16;30m[38;2;20;16;30m▓[0m[48;2;15;12;22m[38;2;15;12;22m█[0m[48;2;13;8;26m[38;2;13;8;26m█[0m[48;2;66;49;124m[38;2;66;49;124m░[0m[48;2;37;28;59m[38;2;37;28;59m▓[0m[48;2;15;11;17m[38;2;15;11;17m█[0m[48;2;35;32;37m[38;2;35;32;37m▓[0m[48;2;44;42;48m[38;2;44;42;48m▒[0m[48;2;47;44;51m[38;2;47;44;51m▒[0m[48;2;50;47;54m[38;2;50;47;54m▒[0m[48;2;51;47;55m[38;2;51;47;55m▒[0m[48;2;27;23;32m[38;2;27;23;32m▓[0m[48;2;21;17;28m[38;2;21;17;28m▓[0m[48;2;32;27;42m[38;2;32;27;42m▓[0m[48;2;37;31;52m[38;2;37;31;52m▓[0m[48;2;37;31;52m[38;2;37;31;52m▓[0m[48;2;35;29;49m[38;2;35;29;49m▓[0m[48;2;26;21;38m[38;2;26;21;38m▓[0m[48;2;15;10;22m[38;2;15;10;22m█[0m[48;2;108;105;111m[38;2;108;105;111m%[0m[48;2;237;236;238m[38;2;237;236;238m.[0m                                 
                                       [48;2;181;181;181m[38;2;181;181;181m=[0m[48;2;15;12;16m[38;2;15;12;16m█[0m[48;2;30;27;32m[38;2;30;27;32m▓[0m[48;2;23;19;31m[38;2;23;19;31m▓[0m[48;2;31;27;41m[38;2;31;27;41m▓[0m[48;2;76;73;78m[38;2;76;73;78m@[0m[48;2;155;152;156m[38;2;155;152;156m+[0m[48;2;44;31;90m[38;2;44;31;90m▒[0m[48;2;63;48;112m[38;2;63;48;112m░[0m[48;2;18;9;48m[38;2;18;9;48m█[0m[48;2;45;32;82m[38;2;45;32;82m▒[0m[48;2;27;19;44m[38;2;27;19;44m▓[0m[48;2;84;79;86m[38;2;84;79;86m@[0m[48;2;99;97;100m[38;2;99;97;100m%[0m[48;2;27;24;33m[38;2;27;24;33m▓[0m[48;2;31;27;41m[38;2;31;27;41m▓[0m[48;2;37;32;50m[38;2;37;32;50m▓[0m[48;2;37;32;51m[38;2;37;32;51m▓[0m[48;2;37;31;52m[38;2;37;31;52m▓[0m[48;2;37;31;52m[38;2;37;31;52m▓[0m[48;2;37;31;52m[38;2;37;31;52m▓[0m[48;2;37;31;52m[38;2;37;31;52m▓[0m[48;2;37;31;52m[38;2;37;31;52m▓[0m[48;2;37;31;52m[38;2;37;31;52m▓[0m[48;2;37;31;52m[38;2;37;31;52m▓[0m[48;2;37;31;52m[38;2;37;31;52m▓[0m[48;2;30;25;42m[38;2;30;25;42m▓[0m[48;2;32;29;39m[38;2;32;29;39m▓[0m[48;2;139;138;141m[38;2;139;138;141m*[0m                                
                                       [48;2;77;76;78m[38;2;77;76;78m@[0m[48;2;9;7;12m[38;2;9;7;12m█[0m[48;2;32;27;42m[38;2;32;27;42m▓[0m[48;2;37;31;52m[38;2;37;31;52m▓[0m[48;2;28;22;41m[38;2;28;22;41m▓[0m[48;2;117;115;120m[38;2;117;115;120m#[0m[48;2;236;234;235m[38;2;236;234;235m.[0m[48;2;84;80;86m[38;2;84;80;86m@[0m[48;2;70;63;76m[38;2;70;63;76m░[0m[48;2;18;10;45m[38;2;18;10;45m█[0m[48;2;63;48;114m[38;2;63;48;114m░[0m[48;2;30;21;48m[38;2;30;21;48m▓[0m[48;2;162;160;163m[38;2;162;160;163m+[0m [48;2;227;226;228m[38;2;227;226;228m.[0m[48;2;135;133;138m[38;2;135;133;138m*[0m[48;2;49;46;53m[38;2;49;46;53m▒[0m[48;2;24;20;33m[38;2;24;20;33m▓[0m[48;2;34;29;46m[38;2;34;29;46m▓[0m[48;2;37;32;50m[38;2;37;32;50m▓[0m[48;2;37;31;51m[38;2;37;31;51m▓[0m[48;2;37;31;52m[38;2;37;31;52m▓[0m[48;2;37;31;52m[38;2;37;31;52m▓[0m[48;2;37;31;52m[38;2;37;31;52m▓[0m[48;2;37;31;52m[38;2;37;31;52m▓[0m[48;2;37;31;52m[38;2;37;31;52m▓[0m[48;2;37;31;52m[38;2;37;31;52m▓[0m[48;2;37;31;51m[38;2;37;31;51m▓[0m[48;2;27;23;38m[38;2;27;23;38m▓[0m[48;2;48;45;55m[38;2;48;45;55m▒[0m[48;2;198;198;200m[38;2;198;198;200m-[0m                              
                                       [48;2;138;138;138m[38;2;138;138;138m*[0m[48;2;23;20;29m[38;2;23;20;29m▓[0m[48;2;37;31;52m[38;2;37;31;52m▓[0m[48;2;37;31;52m[38;2;37;31;52m▓[0m[48;2;25;19;39m[38;2;25;19;39m▓[0m[48;2;134;131;138m[38;2;134;131;138m*[0m   [48;2;178;176;179m[38;2;178;176;179m=[0m[48;2;89;85;92m[38;2;89;85;92m@[0m[48;2;94;90;97m[38;2;94;90;97m%[0m[48;2;235;234;237m[38;2;235;234;237m.[0m    [48;2;160;157;162m[38;2;160;157;162m+[0m[48;2;33;30;36m[38;2;33;30;36m▓[0m[48;2;52;48;55m[38;2;52;48;55m▒[0m[48;2;21;17;27m[38;2;21;17;27m▓[0m[48;2;28;24;39m[38;2;28;24;39m▓[0m[48;2;37;31;51m[38;2;37;31;51m▓[0m[48;2;37;31;52m[38;2;37;31;52m▓[0m[48;2;37;31;52m[38;2;37;31;52m▓[0m[48;2;37;31;52m[38;2;37;31;52m▓[0m[48;2;37;31;52m[38;2;37;31;52m▓[0m[48;2;37;31;52m[38;2;37;31;52m▓[0m[48;2;37;31;52m[38;2;37;31;52m▓[0m[48;2;35;31;48m[38;2;35;31;48m▓[0m[48;2;21;18;28m[38;2;21;18;28m▓[0m[48;2;187;187;188m[38;2;187;187;188m-[0m                             