                                                                                                    
                                                                                                    
                                                                                                    
                                                                                                    
                                                                                                    
                                                                                                    
                                                                                                    
                                                                                                    
                                                                                                    
                                                                                                    
                                                                                                    
                                                 [48;2;232;232;232m[38;2;232;232;232m.[0m[48;2;214;214;214m[38;2;214;214;214m:[0m[48;2;205;205;205m[38;2;205;205;205m:[0m[48;2;206;206;207m[38;2;206;206;207m:[0m[48;2;219;219;219m[38;2;219;219;219m:[0m[48;2;240;240;240m[38;2;240;240;240m [0m                                             
                                             [48;2;212;212;212m[38;2;212;212;212m:[0m[48;2;112;111;113m[38;2;112;111;113m#[0m[48;2;60;59;65m[38;2;60;59;65m░[0m[48;2;32;31;39m[38;2;32;31;39m▓[0m[48;2;26;24;34m[38;2;26;24;34m▓[0m[48;2;29;27;38m[38;2;29;27;38m▓[0m[48;2;30;28;39m[38;2;30;28;39m▓[0m[48;2;30;28;40m[38;2;30;28;40m▓[0m[48;2;28;26;38m[38;2;28;26;38m▓[0m[48;2;23;22;33m[38;2;23;22;33m▓[0m[48;2;47;45;55m[38;2;47;45;55m▒[0m[48;2;91;90;98m[38;2;91;90;98m@[0m[48;2;161;160;165m[38;2;161;160;165m+[0m[48;2;240;239;241m[38;2;240;239;241m [0m                                         
                                            [48;2;130;130;131m[38;2;130;130;131m*[0m[48;2;26;24;32m[38;2;26;24;32m▓[0m[48;2;40;39;53m[38;2;40;39;53m▒[0m[48;2;42;43;59m[38;2;42;43;59m▒[0m[48;2;41;43;59m[38;2;41;43;59m▒[0m[48;2;40;44;59m[38;2;40;44;59m▒[0m[48;2;40;44;59m[38;2;40;44;59m▒[0m[48;2;40;44;59m[38;2;40;44;59m▒[0m[48;2;40;44;59m[38;2;40;44;59m▒[0m[48;2;40;44;59m[38;2;40;44;59m▒[0m[48;2;40;44;59m[38;2;40;44;59m▒[0m[48;2;41;43;59m[38;2;41;43;59m▒[0m[48;2;41;42;60m[38;2;41;42;60m▒[0m[48;2;33;32;47m[38;2;33;32;47m▓[0m[48;2;31;31;41m[38;2;31;31;41m▓[0m[48;2;121;120;124m[38;2;121;120;124m#[0m[48;2;207;207;209m[38;2;207;207;209m:[0m                                       
                                           [48;2;99;98;101m[38;2;99;98;101m%[0m[48;2;29;27;37m[38;2;29;27;37m▓[0m[48;2;42;42;58m[38;2;42;42;58m▒[0m[48;2;41;43;59m[38;2;41;43;59m▒[0m[48;2;40;44;59m[38;2;40;44;59m▒[0m[48;2;40;44;59m[38;2;40;44;59m▒[0m[48;2;40;44;59m[38;2;40;44;59m▒[0m[48;2;40;44;59m[38;2;40;44;59m▒[0m[48;2;40;44;59m[38;2;40;44;59m▒[0m[48;2;40;44;59m[38;2;40;44;59m▒[0m[48;2;40;44;59m[38;2;40;44;59m▒[0m[48;2;40;44;59m[38;2;40;44;59m▒[0m[48;2;40;44;59m[38;2;40;44;59m▒[0m[48;2;40;44;59m[38;2;40;44;59m▒[0m[48;2;41;44;59m[38;2;41;44;59m▒[0m[48;2;43;43;58m[38;2;43;43;58m▒[0m[48;2;54;53;60m[38;2;54;53;60m▒[0m[48;2;6;5;9m[38;2;6;5;9m█[0m[48;2;79;78;82m[38;2;79;78;82m@[0m[48;2;215;214;215m[38;2;215;214;215m:[0m                                     
                                         [48;2;162;162;162m[38;2;162;162;162m+[0m[48;2;12;11;15m[38;2;12;11;15m█[0m[48;2;27;25;35m[38;2;27;25;35m▓[0m[48;2;44;43;59m[38;2;44;43;59m▒[0m[48;2;41;43;59m[38;2;41;43;59m▒[0m[48;2;40;44;59m[38;2;40;44;59m▒[0m[48;2;40;44;59m[38;2;40;44;59m▒[0m[48;2;40;44;59m[38;2;40;44;59m▒[0m[48;2;40;44;59m[38;2;40;44;59m▒[0m[48;2;40;44;59m[38;2;40;44;59m▒[0m[48;2;40;44;59m[38;2;40;44;59m▒[0m[48;2;40;44;59m[38;2;40;44;59m▒[0m[48;2;40;44;59m[38;2;40;44;59m▒[0m[48;2;40;44;59m[38;2;40;44;59m▒[0m[48;2;40;44;59m[38;2;40;44;59m▒[0m[48;2;40;44;59m[38;2;40;44;59m▒[0m[48;2;40;44;59m[38;2;40;44;59m▒[0m[48;2;46;47;64m[38;2;46;47;64m▒[0m[48;2;73;73;81m[38;2;73;73;81m@[0m[48;2;14;12;19m[38;2;14;12;19m█[0m[48;2;117;108;117m[38;2;117;108;117m#[0m[48;2;55;49;54m[38;2;55;49;54m▒[0m[48;2;207;206;207m[38;2;207;206;207m:[0m                                    
                                         [48;2;29;29;30m[38;2;29;29;30m▓[0m[48;2;14;12;21m[38;2;14;12;21m█[0m[48;2;42;42;58m[38;2;42;42;58m▒[0m[48;2;41;43;59m[38;2;41;43;59m▒[0m[48;2;40;44;59m[38;2;40;44;59m▒[0m[48;2;40;44;59m[38;2;40;44;59m▒[0m[48;2;40;44;59m[38;2;40;44;59m▒[0m[48;2;40;44;59m[38;2;40;44;59m▒[0m[48;2;40;44;59m[38;2;40;44;59m▒[0m[48;2;40;44;59m[38;2;40;44;59m▒[0m[48;2;40;44;59m[38;2;40;44;59m▒[0m[48;2;40;44;59m[38;2;40;44;59m▒[0m[48;2;40;44;59m[38;2;40;44;59m▒[0m[48;2;40;44;59m[38;2;40;44;59m▒[0m[48;2;40;44;59m[38;2;40;44;59m▒[0m[48;2;40;44;59m[38;2;40;44;59m▒[0m[48;2;40;44;59m[38;2;40;44;59m▒[0m[48;2;57;59;74m[38;2;57;59;74m░[0m[48;2;45;43;57m[38;2;45;43;57m▒[0m[48;2;18;14;23m[38;2;18;14;23m█[0m[48;2;108;98;106m[38;2;108;98;106m%[0m[48;2;115;105;111m[38;2;115;105;111m%[0m[48;2;62;57;60m[38;2;62;57;60m░[0m                                    
                                       [48;2;234;234;234m[38;2;234;234;234m.[0m[48;2;66;63;65m[38;2;66;63;65m░[0m[48;2;30;26;30m[38;2;30;26;30m▓[0m[48;2;30;28;39m[38;2;30;28;39m▓[0m[48;2;41;43;59m[38;2;41;43;59m▒[0m[48;2;40;44;59m[38;2;40;44;59m▒[0m[48;2;40;44;59m[38;2;40;44;59m▒[0m[48;2;40;44;59m[38;2;40;44;59m▒[0m[48;2;40;44;59m[38;2;40;44;59m▒[0m[48;2;40;44;59m[38;2;40;44;59m▒[0m[48;2;40;44;59m[38;2;40;44;59m▒[0m[48;2;40;44;59m[38;2;40;44;59m▒[0m[48;2;40;44;59m[38;2;40;44;59m▒[0m[48;2;40;44;59m[38;2;40;44;59m▒[0m[48;2;40;44;59m[38;2;40;44;59m▒[0m[48;2;40;44;59m[38;2;40;44;59m▒[0m[48;2;40;44;59m[38;2;40;44;59m▒[0m[48;2;43;42;59m[38;2;43;42;59m▒[0m[48;2;63;60;77m[38;2;63;60;77m░[0m[48;2;61;59;73m[38;2;61;59;73m░[0m[48;2;24;20;31m[38;2;24;20;31m▓[0m[48;2;98;87;97m[38;2;98;87;97m@[0m[48;2;103;92;100m[38;2;103;92;100m%[0m[48;2;38;29;35m[38;2;38;29;35m▓[0m[48;2;74;66;71m[38;2;74;66;71m░[0m[48;2;178;178;178m[38;2;178;178;178m=[0m                                   
                                       [48;2;57;56;59m[38;2;57;56;59m░[0m[48;2;105;96;105m[38;2;105;96;105m%[0m[48;2;68;60;69m[38;2;68;60;69m░[0m[48;2;35;32;46m[38;2;35;32;46m▓[0m[48;2;41;42;61m[38;2;41;42;61m▒[0m[48;2;40;44;59m[38;2;40;44;59m▒[0m[48;2;40;44;59m[38;2;40;44;59m▒[0m[48;2;40;44;59m[38;2;40;44;59m▒[0m[48;2;40;44;59m[38;2;40;44;59m▒[0m[48;2;40;44;59m[38;2;40;44;59m▒[0m[48;2;40;44;59m[38;2;40;44;59m▒[0m[48;2;40;44;59m[38;2;40;44;59m▒[0m[48;2;40;44;59m[38;2;40;44;59m▒[0m[48;2;40;44;59m[38;2;40;44;59m▒[0m[48;2;40;44;59m[38;2;40;44;59m▒[0m[48;2;41;43;59m[38;2;41;43;59m▒[0m[48;2;47;46;62m[38;2;47;46;62m▒[0m[48;2;71;69;81m[38;2;71;69;81m░[0m[48;2;50;47;58m[38;2;50;47;58m▒[0m[48;2;31;27;37m[38;2;31;27;37m▓[0m[48;2;112;101;112m[38;2;112;101;112m%[0m[48;2;158;141;153m[38;2;158;141;153m+[0m[48;2;158;141;153m[38;2;158;141;153m+[0m[48;2;51;41;50m[38;2;51;41;50m▒[0m[48;2;79;75;80m[38;2;79;75;80m@[0m[48;2;126;126;126m[38;2;126;126;126m#[0m                                   
                                      [48;2;108;107;108m[38;2;108;107;108m%[0m[48;2;89;83;88m[38;2;89;83;88m@[0m[48;2;157;142;155m[38;2;157;142;155m+[0m[48;2;97;84;97m[38;2;97;84;97m@[0m[48;2;28;23;36m[38;2;28;23;36m▓[0m[48;2;42;43;59m[38;2;42;43;59m▒[0m[48;2;40;44;59m[38;2;40;44;59m▒[0m[48;2;40;44;59m[38;2;40;44;59m▒[0m[48;2;40;44;59m[38;2;40;44;59m▒[0m[48;2;40;44;59m[38;2;40;44;59m▒[0m[48;2;40;44;59m[38;2;40;44;59m▒[0m[48;2;40;44;59m[38;2;40;44;59m▒[0m[48;2;40;44;59m[38;2;40;44;59m▒[0m[48;2;40;44;59m[38;2;40;44;59m▒[0m[48;2;41;43;59m[38;2;41;43;59m▒[0m[48;2;49;50;64m[38;2;49;50;64m▒[0m[48;2;67;66;79m[38;2;67;66;79m░[0m[48;2;59;55;67m[38;2;59;55;67m░[0m[48;2;31;25;36m[38;2;31;25;36m▓[0m[48;2;85;73;85m[38;2;85;73;85m@[0m[48;2;151;134;148m[38;2;151;134;148m*[0m[48;2;160;140;155m[38;2;160;140;155m+[0m[48;2;161;140;155m[38;2;161;140;155m+[0m[48;2;160;141;155m[38;2;160;141;155m+[0m[48;2;82;70;80m[38;2;82;70;80m@[0m[48;2;33;29;34m[38;2;33;29;34m▓[0m[48;2;131;131;132m[38;2;131;131;132m*[0m                                   
                                     [48;2;214;213;214m[38;2;214;213;214m:[0m[48;2;47;41;45m[38;2;47;41;45m▒[0m[48;2;157;142;152m[38;2;157;142;152m+[0m[48;2;160;143;154m[38;2;160;143;154m+[0m[48;2;79;67;77m[38;2;79;67;77m░[0m[48;2;30;22;31m[38;2;30;22;31m▓[0m[48;2;35;31;43m[38;2;35;31;43m▓[0m[48;2;43;42;59m[38;2;43;42;59m▒[0m[48;2;41;43;59m[38;2;41;43;59m▒[0m[48;2;40;44;59m[38;2;40;44;59m▒[0m[48;2;40;44;59m[38;2;40;44;59m▒[0m[48;2;41;43;59m[38;2;41;43;59m▒[0m[48;2;44;45;61m[38;2;44;45;61m▒[0m[48;2;60;59;75m[38;2;60;59;75m░[0m[48;2;51;49;65m[38;2;51;49;65m▒[0m[48;2;61;57;69m[38;2;61;57;69m░[0m[48;2;44;38;48m[38;2;44;38;48m▒[0m[48;2;46;37;47m[38;2;46;37;47m▒[0m[48;2;98;85;94m[38;2;98;85;94m@[0m[48;2;151;133;145m[38;2;151;133;145m*[0m[48;2;159;139;153m[38;2;159;139;153m+[0m[48;2;161;140;155m[38;2;161;140;155m+[0m[48;2;161;140;155m[38;2;161;140;155m+[0m[48;2;161;140;155m[38;2;161;140;155m+[0m[48;2;161;140;155m[38;2;161;140;155m+[0m[48;2;93;80;91m[38;2;93;80;91m@[0m[48;2;15;12;16m[38;2;15;12;16m█[0m[48;2;196;195;196m[38;2;196;195;196m-[0m                                   
                                     [48;2;98;96;99m[38;2;98;96;99m%[0m[48;2;124;111;119m[38;2;124;111;119m#[0m[48;2;161;143;154m[38;2;161;143;154m+[0m[48;2;161;142;155m[38;2;161;142;155m+[0m[48;2;102;89;99m[38;2;102;89;99m%[0m[48;2;82;72;81m[38;2;82;72;81m@[0m[48;2;58;49;59m[38;2;58;49;59m▒[0m[48;2;28;22;36m[38;2;28;22;36m▓[0m[48;2;41;38;54m[38;2;41;38;54m▒[0m[48;2;43;43;58m[38;2;43;43;58m▒[0m[48;2;56;55;69m[38;2;56;55;69m░[0m[48;2;66;63;76m[38;2;66;63;76m░[0m[48;2;59;55;67m[38;2;59;55;67m░[0m[48;2;30;25;35m[38;2;30;25;35m▓[0m[48;2;47;39;50m[38;2;47;39;50m▒[0m[48;2;87;74;85m[38;2;87;74;85m@[0m[48;2;137;121;132m[38;2;137;121;132m#[0m[48;2;159;141;153m[38;2;159;141;153m+[0m[48;2;160;140;154m[38;2;160;140;154m+[0m[48;2;157;136;150m[38;2;157;136;150m*[0m[48;2;162;140;155m[38;2;162;140;155m+[0m[48;2;161;140;155m[38;2;161;140;155m+[0m[48;2;161;140;155m[38;2;161;140;155m+[0m[48;2;161;140;155m[38;2;161;140;155m+[0m[48;2;160;141;155m[38;2;160;141;155m+[0m[48;2;63;51;61m[38;2;63;51;61m░[0m[48;2;151;147;152m[38;2;151;147;152m+[0m[48;2;153;152;153m[38;2;153;152;153m+[0m[48;2;177;177;177m[38;2;177;177;177m=[0m[48;2;205;205;205m[38;2;205;205;205m:[0m                                 
                                     [48;2;41;36;41m[38;2;41;36;41m▒[0m[48;2;158;141;152m[38;2;158;141;152m+[0m[48;2;161;140;155m[38;2;161;140;155m+[0m[48;2;161;140;155m[38;2;161;140;155m+[0m[48;2;156;139;152m[38;2;156;139;152m*[0m[48;2;48;39;47m[38;2;48;39;47m▒[0m[48;2;104;90;101m[38;2;104;90;101m%[0m[48;2;101;87;99m[38;2;101;87;99m%[0m[48;2;84;73;83m[38;2;84;73;83m@[0m[48;2;71;62;72m[38;2;71;62;72m░[0m[48;2;32;23;32m[38;2;32;23;32m▓[0m[48;2;79;69;79m[38;2;79;69;79m░[0m[48;2;111;98;109m[38;2;111;98;109m%[0m[48;2;146;129;141m[38;2;146;129;141m*[0m[48;2;159;141;154m[38;2;159;141;154m+[0m[48;2;141;123;137m[38;2;141;123;137m*[0m[48;2;111;93;106m[38;2;111;93;106m%[0m[48;2;81;65;76m[38;2;81;65;76m░[0m[48;2;74;60;72m[38;2;74;60;72m░[0m[48;2;112;97;110m[38;2;112;97;110m%[0m[48;2;163;142;157m[38;2;163;142;157m+[0m[48;2;161;140;155m[38;2;161;140;155m+[0m[48;2;161;140;155m[38;2;161;140;155m+[0m[48;2;161;140;155m[38;2;161;140;155m+[0m[48;2;140;123;137m[38;2;140;123;137m*[0m[48;2;15;8;16m[38;2;15;8;16m█[0m[48;2;19;17;22m[38;2;19;17;22m█[0m[48;2;195;194;197m[38;2;195;194;197m-[0m[48;2;65;64;66m[38;2;65;64;66m░[0m[48;2;38;38;39m[38;2;38;38;39m▒[0m[48;2;171;171;172m[38;2;171;171;172m=[0m                                
                                    [48;2;226;225;226m[38;2;226;225;226m.[0m[48;2;45;39;44m[38;2;45;39;44m▒[0m[48;2;160;142;154m[38;2;160;142;154m+[0m[48;2;161;140;155m[38;2;161;140;155m+[0m[48;2;161;140;155m[38;2;161;140;155m+[0m[48;2;161;140;155m[38;2;161;140;155m+[0m[48;2;145;128;141m[38;2;145;128;141m*[0m[48;2;46;33;43m[38;2;46;33;43m▒[0m[48;2;26;15;23m[38;2;26;15;23m▓[0m[48;2;104;95;102m[38;2;104;95;102m%[0m[48;2;31;24;31m[38;2;31;24;31m▓[0m[48;2;40;33;40m[38;2;40;33;40m▓[0m[48;2;86;77;85m[38;2;86;77;85m@[0m[48;2;79;69;77m[38;2;79;69;77m░[0m[48;2;76;63;74m[38;2;76;63;74m░[0m[48;2;76;64;75m[38;2;76;64;75m░[0m[48;2;93;79;91m[38;2;93;79;91m@[0m[48;2;128;110;123m[38;2;128;110;123m#[0m[48;2;156;136;151m[38;2;156;136;151m*[0m[48;2;161;140;155m[38;2;161;140;155m+[0m[48;2;161;140;155m[38;2;161;140;155m+[0m[48;2;161;140;155m[38;2;161;140;155m+[0m[48;2;161;140;155m[38;2;161;140;155m+[0m[48;2;161;140;155m[38;2;161;140;155m+[0m[48;2;160;140;155m[38;2;160;140;155m+[0m[48;2;57;45;56m[38;2;57;45;56m▒[0m[48;2;26;20;32m[38;2;26;20;32m▓[0m[48;2;18;14;24m[38;2;18;14;24m█[0m[48;2;171;169;173m[38;2;171;169;173m=[0m[48;2;223;221;225m[38;2;223;221;225m.[0m[48;2;41;39;43m[38;2;41;39;43m▒[0m                                 
                                    [48;2;233;233;233m[38;2;233;233;233m.[0m[48;2;45;40;45m[38;2;45;40;45m▒[0m[48;2;159;142;155m[38;2;159;142;155m+[0m[48;2;161;140;155m[38;2;161;140;155m+[0m[48;2;161;140;155m[38;2;161;140;155m+[0m[48;2;161;140;155m[38;2;161;140;155m+[0m[48;2;161;140;155m[38;2;161;140;155m+[0m[48;2;157;138;152m[38;2;157;138;152m*[0m[48;2;56;46;55m[38;2;56;46;55m▒[0m[48;2;7;2;8m[38;2;7;2;8m█[0m[48;2;9;6;12m[38;2;9;6;12m█[0m[48;2;29;25;31m[38;2;29;25;31m▓[0m[48;2;74;68;75m[38;2;74;68;75m░[0m[48;2;122;112;121m[38;2;122;112;121m#[0m[48;2;157;139;153m[38;2;157;139;153m*[0m[48;2;160;140;155m[38;2;160;140;155m+[0m[48;2;161;140;155m[38;2;161;140;155m+[0m[48;2;161;140;155m[38;2;161;140;155m+[0m[48;2;161;140;155m[38;2;161;140;155m+[0m[48;2;161;140;155m[38;2;161;140;155m+[0m[48;2;161;140;155m[38;2;161;140;155m+[0m[48;2;161;140;155m[38;2;161;140;155m+[0m[48;2;161;140;155m[38;2;161;140;155m+[0m[48;2;161;140;155m[38;2;161;140;155m+[0m[48;2;151;131;146m[38;2;151;131;146m*[0m[48;2;47;37;45m[38;2;47;37;45m▒[0m[48;2;24;17;30m[38;2;24;17;30m▓[0m[48;2;27;22;34m[38;2;27;22;34m▓[0m[48;2;115;113;117m[38;2;115;113;117m#[0m[48;2;200;197;201m[38;2;200;197;201m-[0m[48;2;53;50;54m[38;2;53;50;54m▒[0m[48;2;123;121;123m[38;2;123;121;123m#[0m[48;2;147;147;147m[38;2;147;147;147m+[0m[48;2;163;163;163m[38;2;163;163;163m+[0m[48;2;198;198;198m[38;2;198;198;198m-[0m[48;2;239;239;239m[38;2;239;239;239m [0m                            
                                    [48;2;185;185;185m[38;2;185;185;185m-[0m[48;2;14;11;14m[38;2;14;11;14m█[0m[48;2;139;127;137m[38;2;139;127;137m*[0m[48;2;160;140;155m[38;2;160;140;155m+[0m[48;2;161;140;155m[38;2;161;140;155m+[0m[48;2;161;140;155m[38;2;161;140;155m+[0m[48;2;161;140;155m[38;2;161;140;155m+[0m[48;2;160;141;155m[38;2;160;141;155m+[0m[48;2;53;42;53m[38;2;53;42;53m▒[0m[48;2;33;27;34m[38;2;33;27;34m▓[0m[48;2;4;2;7m[38;2;4;2;7m█[0m[48;2;17;15;20m[38;2;17;15;20m█[0m[48;2;19;14;21m[38;2;19;14;21m█[0m[48;2;49;41;49m[38;2;49;41;49m▒[0m[48;2;154;137;151m[38;2;154;137;151m*[0m[48;2;161;140;155m[38;2;161;140;155m+[0m[48;2;161;140;155m[38;2;161;140;155m+[0m[48;2;161;140;155m[38;2;161;140;155m+[0m[48;2;161;140;155m[38;2;161;140;155m+[0m[48;2;161;140;155m[38;2;161;140;155m+[0m[48;2;161;140;155m[38;2;161;140;155m+[0m[48;2;161;140;155m[38;2;161;140;155m+[0m[48;2;161;140;155m[38;2;161;140;155m+[0m[48;2;161;140;155m[38;2;161;140;155m+[0m[48;2;161;140;155m[38;2;161;140;155m+[0m[48;2;150;133;146m[38;2;150;133;146m*[0m[48;2;35;25;36m[38;2;35;25;36m▓[0m[48;2;23;17;27m[38;2;23;17;27m▓[0m[48;2;103;100;105m[38;2;103;100;105m%[0m[48;2;151;148;152m[38;2;151;148;152m+[0m[48;2;43;40;44m[38;2;43;40;44m▒[0m[48;2;86;83;87m[38;2;86;83;87m@[0m[48;2;99;96;100m[38;2;99;96;100m%[0m[48;2;56;55;56m[38;2;56;55;56m░[0m[48;2;42;42;42m[38;2;42;42;42m▒[0m[48;2;62;61;62m[38;2;62;61;62m░[0m[48;2;83;83;83m[38;2;83;83;83m@[0m[48;2;148;148;148m[38;2;148;148;148m+[0m                          
                                     [48;2;198;198;198m[38;2;198;198;198m-[0m[48;2;54;47;52m[38;2;54;47;52m▒[0m[48;2;151;132;144m[38;2;151;132;144m*[0m[48;2;161;140;155m[38;2;161;140;155m+[0m[48;2;161;140;155m[38;2;161;140;155m+[0m[48;2;161;140;155m[38;2;161;140;155m+[0m[48;2;160;140;155m[38;2;160;140;155m+[0m[48;2;95;81;93m[38;2;95;81;93m@[0m[48;2;36;29;38m[38;2;36;29;38m▓[0m[48;2;11;7;14m[38;2;11;7;14m█[0m[48;2;11;8;14m[38;2;11;8;14m█[0m[48;2;18;15;21m[38;2;18;15;21m█[0m[48;2;11;6;14m[38;2;11;6;14m█[0m[48;2;72;62;71m[38;2;72;62;71m░[0m[48;2;159;140;154m[38;2;159;140;154m+[0m[48;2;161;140;155m[38;2;161;140;155m+[0m[48;2;161;140;155m[38;2;161;140;155m+[0m[48;2;161;140;155m[38;2;161;140;155m+[0m[48;2;161;140;155m[38;2;161;140;155m+[0m[48;2;161;140;155m[38;2;161;140;155m+[0m[48;2;161;140;155m[38;2;161;140;155m+[0m[48;2;161;140;155m[38;2;161;140;155m+[0m[48;2;161;140;155m[38;2;161;140;155m+[0m[48;2;161;140;155m[38;2;161;140;155m+[0m[48;2;160;139;154m[38;2;160;139;154m+[0m[48;2;145;127;140m[38;2;145;127;140m*[0m[48;2;59;49;58m[38;2;59;49;58m▒[0m[48;2;54;50;55m[38;2;54;50;55m▒[0m[48;2;33;30;34m[38;2;33;30;34m▓[0m[48;2;128;125;129m[38;2;128;125;129m#[0m[48;2;199;196;200m[38;2;199;196;200m-[0m[48;2;188;185;189m[38;2;188;185;189m-[0m[48;2;177;174;178m[38;2;177;174;178m=[0m[48;2;85;80;85m[38;2;85;80;85m@[0m[48;2;86;79;85m[38;2;86;79;85m@[0m[48;2;154;141;149m[38;2;154;141;149m*[0m[48;2;99;89;96m[38;2;99;89;96m%[0m[48;2;114;111;113m[38;2;114;111;113m#[0m                         
                                      [48;2;151;149;151m[38;2;151;149;151m+[0m[48;2;29;21;27m[38;2;29;21;27m▓[0m[48;2;106;94;104m[38;2;106;94;104m%[0m[48;2;157;139;153m[38;2;157;139;153m*[0m[48;2;161;140;155m[38;2;161;140;155m+[0m[48;2;161;140;155m[38;2;161;140;155m+[0m[48;2;161;140;155m[38;2;161;140;155m+[0m[48;2;156;139;152m[38;2;156;139;152m*[0m[48;2;59;48;59m[38;2;59;48;59m▒[0m[48;2;35;28;37m[38;2;35;28;37m▓[0m[48;2;21;16;24m[38;2;21;16;24m▓[0m[48;2;77;70;76m[38;2;77;70;76m░[0m[48;2;72;63;69m[38;2;72;63;69m░[0m[48;2;77;64;74m[38;2;77;64;74m░[0m[48;2;111;96;108m[38;2;111;96;108m%[0m[48;2;145;127;141m[38;2;145;127;141m*[0m[48;2;159;141;155m[38;2;159;141;155m+[0m[48;2;161;140;155m[38;2;161;140;155m+[0m[48;2;161;140;155m[38;2;161;140;155m+[0m[48;2;161;140;155m[38;2;161;140;155m+[0m[48;2;161;140;155m[38;2;161;140;155m+[0m[48;2;161;140;155m[38;2;161;140;155m+[0m[48;2;161;140;155m[38;2;161;140;155m+[0m[48;2;161;140;155m[38;2;161;140;155m+[0m[48;2;161;140;155m[38;2;161;140;155m+[0m[48;2;161;140;155m[38;2;161;140;155m+[0m[48;2;151;133;146m[38;2;151;133;146m*[0m[48;2;131;116;126m[38;2;131;116;126m#[0m[48;2;115;105;113m[38;2;115;105;113m%[0m[48;2;104;94;103m[38;2;104;94;103m%[0m[48;2;111;102;110m[38;2;111;102;110m%[0m[48;2;112;102;110m[38;2;112;102;110m%[0m[48;2;135;123;132m[38;2;135;123;132m#[0m[48;2;150;137;147m[38;2;150;137;147m*[0m[48;2;133;118;128m[38;2;133;118;128m#[0m[48;2;82;70;79m[38;2;82;70;79m@[0m[48;2;35;30;35m[38;2;35;30;35m▓[0m[48;2;196;194;196m[38;2;196;194;196m-[0m                        
                                       [48;2;73;72;74m[38;2;73;72;74m░[0m[48;2;82;78;83m[38;2;82;78;83m@[0m[48;2;60;51;60m[38;2;60;51;60m▒[0m[48;2;148;131;143m[38;2;148;131;143m*[0m[48;2;161;140;155m[38;2;161;140;155m+[0m[48;2;161;140;155m[38;2;161;140;155m+[0m[48;2;161;140;155m[38;2;161;140;155m+[0m[48;2;161;140;155m[38;2;161;140;155m+[0m[48;2;160;140;155m[38;2;160;140;155m+[0m[48;2;147;129;143m[38;2;147;129;143m*[0m[48;2;78;63;74m[38;2;78;63;74m░[0m[48;2;76;65;73m[38;2;76;65;73m░[0m[48;2;62;53;61m[38;2;62;53;61m░[0m[48;2;13;8;15m[38;2;13;8;15m█[0m[48;2;24;16;24m[38;2;24;16;24m▓[0m[48;2;110;96;107m[38;2;110;96;107m%[0m[48;2;161;140;155m[38;2;161;140;155m+[0m[48;2;123;103;118m[38;2;123;103;118m#[0m[48;2;154;135;149m[38;2;154;135;149m*[0m[48;2;160;141;155m[38;2;160;141;155m+[0m[48;2;160;141;155m[38;2;160;141;155m+[0m[48;2;154;134;149m[38;2;154;134;149m*[0m[48;2;158;138;153m[38;2;158;138;153m*[0m[48;2;160;140;155m[38;2;160;140;155m+[0m[48;2;161;140;155m[38;2;161;140;155m+[0m[48;2;161;140;155m[38;2;161;140;155m+[0m[48;2;160;141;155m[38;2;160;141;155m+[0m[48;2;136;118;132m[38;2;136;118;132m#[0m[48;2;87;72;83m[38;2;87;72;83m@[0m[48;2;81;68;78m[38;2;81;68;78m░[0m[48;2;81;67;78m[38;2;81;67;78m░[0m[48;2;81;68;78m[38;2;81;68;78m░[0m[48;2;85;73;82m[38;2;85;73;82m@[0m[48;2;101;90;98m[38;2;101;90;98m%[0m[48;2;127;114;124m[38;2;127;114;124m#[0m[48;2;104;94;102m[38;2;104;94;102m%[0m[48;2;102;99;103m[38;2;102;99;103m%[0m                        
                                        [48;2;143;141;144m[38;2;143;141;144m*[0m[48;2;122;119;123m[38;2;122;119;123m#[0m[48;2;63;58;64m[38;2;63;58;64m░[0m[48;2;93;81;93m[38;2;93;81;93m@[0m[48;2;152;134;148m[38;2;152;134;148m*[0m[48;2;161;140;155m[38;2;161;140;155m+[0m[48;2;161;140;155m[38;2;161;140;155m+[0m[48;2;161;140;155m[38;2;161;140;155m+[0m[48;2;161;140;155m[38;2;161;140;155m+[0m[48;2;161;140;155m[38;2;161;140;155m+[0m[48;2;153;135;148m[38;2;153;135;148m*[0m[48;2;128;112;124m[38;2;128;112;124m#[0m[48;2;118;103;114m[38;2;118;103;114m%[0m[48;2;155;136;150m[38;2;155;136;150m*[0m[48;2;160;140;154m[38;2;160;140;154m+[0m[48;2;161;140;155m[38;2;161;140;155m+[0m[48;2;129;110;124m[38;2;129;110;124m#[0m[48;2;78;62;75m[38;2;78;62;75m░[0m[48;2;80;64;77m[38;2;80;64;77m░[0m[48;2;82;68;80m[38;2;82;68;80m@[0m[48;2;45;35;45m[38;2;45;35;45m▒[0m[48;2;16;8;17m[38;2;16;8;17m█[0m[48;2;34;26;34m[38;2;34;26;34m▓[0m[48;2;45;36;44m[38;2;45;36;44m▒[0m[48;2;57;46;55m[38;2;57;46;55m▒[0m[48;2;69;57;66m[38;2;69;57;66m░[0m[48;2;76;63;72m[38;2;76;63;72m░[0m[48;2;78;65;75m[38;2;78;65;75m░[0m[48;2;78;65;76m[38;2;78;65;76m░[0m[48;2;79;67;77m[38;2;79;67;77m░[0m[48;2;71;61;71m[38;2;71;61;71m░[0m[48;2;60;50;58m[38;2;60;50;58m▒[0m[48;2;88;80;85m[38;2;88;80;85m@[0m[48;2;95;90;93m[38;2;95;90;93m%[0m[48;2;108;105;107m[38;2;108;105;107m%[0m[48;2;234;232;234m[38;2;234;232;234m.[0m                        
                                         [48;2;191;191;192m[38;2;191;191;192m-[0m[48;2;12;10;15m[38;2;12;10;15m█[0m[48;2;14;10;19m[38;2;14;10;19m█[0m[48;2;18;13;23m[38;2;18;13;23m█[0m[48;2;77;66;83m[38;2;77;66;83m░[0m[48;2;124;110;121m[38;2;124;110;121m#[0m[48;2;155;138;151m[38;2;155;138;151m*[0m[48;2;161;140;155m[38;2;161;140;155m+[0m[48;2;161;140;155m[38;2;161;140;155m+[0m[48;2;161;140;155m[38;2;161;140;155m+[0m[48;2;161;140;155m[38;2;161;140;155m+[0m[48;2;103;82;97m[38;2;103;82;97m@[0m[48;2;75;60;71m[38;2;75;60;71m░[0m[48;2;118;103;114m[38;2;118;103;114m%[0m[48;2;141;123;136m[38;2;141;123;136m*[0m[48;2;158;139;152m[38;2;158;139;152m*[0m[48;2;160;141;155m[38;2;160;141;155m+[0m[48;2;160;141;155m[38;2;160;141;155m+[0m[48;2;158;139;153m[38;2;158;139;153m*[0m[48;2;152;133;147m[38;2;152;133;147m*[0m[48;2;149;132;145m[38;2;149;132;145m*[0m[48;2;149;132;146m[38;2;149;132;146m*[0m[48;2;152;135;148m[38;2;152;135;148m*[0m[48;2;155;137;151m[38;2;155;137;151m*[0m[48;2;158;141;152m[38;2;158;141;152m+[0m[48;2;159;142;153m[38;2;159;142;153m+[0m[48;2;154;139;149m[38;2;154;139;149m*[0m[48;2;129;115;125m[38;2;129;115;125m#[0m[48;2;88;77;86m[38;2;88;77;86m@[0m[48;2;82;73;80m[38;2;82;73;80m@[0m[48;2;172;167;171m[38;2;172;167;171m=[0m                            
                                        [48;2;224;223;225m[38;2;224;223;225m.[0m[48;2;29;27;33m[38;2;29;27;33m▓[0m[48;2;33;30;44m[38;2;33;30;44m▓[0m[48;2;22;17;33m[38;2;22;17;33m▓[0m[48;2;8;4;18m[38;2;8;4;18m█[0m[48;2;82;68;136m[38;2;82;68;136m@[0m[48;2;70;57;113m[38;2;70;57;113m░[0m[48;2;39;27;76m[38;2;39;27;76m▓[0m[48;2;42;35;48m[38;2;42;35;48m▒[0m[48;2;72;62;82m[38;2;72;62;82m░[0m[48;2;96;85;97m[38;2;96;85;97m@[0m[48;2;119;106;118m[38;2;119;106;118m#[0m[48;2;138;123;135m[38;2;138;123;135m*[0m[48;2;144;130;141m[38;2;144;130;141m*[0m[48;2;104;94;102m[38;2;104;94;102m%[0m[48;2;62;52;60m[38;2;62;52;60m░[0m[48;2;32;23;30m[38;2;32;23;30m▓[0m[48;2;31;22;30m[38;2;31;22;30m▓[0m[48;2;46;39;45m[38;2;46;39;45m▒[0m[48;2;62;53;60m[38;2;62;53;60m░[0m[48;2;71;62;69m[38;2;71;62;69m░[0m[48;2;76;67;75m[38;2;76;67;75m░[0m[48;2;76;67;76m[38;2;76;67;76m░[0m[48;2;76;67;76m[38;2;76;67;76m░[0m[48;2;71;62;71m[38;2;71;62;71m░[0m[48;2;55;47;54m[38;2;55;47;54m▒[0m[48;2;37;31;38m[38;2;37;31;38m▓[0m[48;2;81;76;82m[38;2;81;76;82m@[0m[48;2;156;150;156m[38;2;156;150;156m+[0m[48;2;220;215;219m[38;2;220;215;219m:[0m                              
                                        [48;2;73;72;75m[38;2;73;72;75m░[0m[48;2;28;25;38m[38;2;28;25;38m▓[0m[48;2;37;32;51m[38;2;37;32;51m▓[0m[48;2;37;31;50m[38;2;37;31;50m▓[0m[48;2;11;7;22m[38;2;11;7;22m█[0m[48;2;85;73;142m[38;2;85;73;142m@[0m[48;2;94;83;148m[38;2;94;83;148m%[0m[48;2;74;57;153m[38;2;74;57;153m░[0m[48;2;10;3;33m[38;2;10;3;33m█[0m[48;2;51;37;108m[38;2;51;37;108m▒[0m[48;2;68;54;142m[38;2;68;54;142m░[0m[48;2;54;39;132m[38;2;54;39;132m▒[0m[48;2;48;37;98m[38;2;48;37;98m▒[0m[48;2;40;25;101m[38;2;40;25;101m▒[0m[48;2;48;40;75m[38;2;48;40;75m▒[0m[48;2;31;23;53m[38;2;31;23;53m▓[0m[48;2;36;29;37m[38;2;36;29;37m▓[0m[48;2;37;30;39m[38;2;37;30;39m▓[0m[48;2;17;11;20m[38;2;17;11;20m█[0m[48;2;11;7;16m[38;2;11;7;16m█[0m[48;2;10;7;17m[38;2;10;7;17m█[0m[48;2;11;8;18m[38;2;11;8;18m█[0m[48;2;11;8;19m[38;2;11;8;19m█[0m[48;2;13;10;20m[38;2;13;10;20m█[0m[48;2;18;15;27m[38;2;18;15;27m█[0m[48;2;23;18;33m[38;2;23;18;33m▓[0m[48;2;27;22;39m[38;2;27;22;39m▓[0m[48;2;23;18;35m[38;2;23;18;35m▓[0m[48;2;40;36;48m[38;2;40;36;48m▒[0m[48;2;100;97;105m[38;2;100;97;105m%[0m[48;2;179;179;181m[38;2;179;179;181m=[0m                             
                                       [48;2;182;182;182m[38;2;182;182;182m=[0m[48;2;16;14;20m[38;2;16;14;20m█[0m[48;2;37;32;50m[38;2;37;32;50m▓[0m[48;2;37;31;52m[38;2;37;31;52m▓[0m[48;2;37;31;50m[38;2;37;31;50m▓[0m[48;2;14;9;24m[38;2;14;9;24m█[0m[48;2;77;67;121m[38;2;77;67;121m@[0m[48;2;88;74;155m[38;2;88;74;155m@[0m[48;2;85;72;152m[38;2;85;72;152m@[0m[48;2;20;8;73m[38;2;20;8;73m▓[0m[48;2;74;70;79m[38;2;74;70;79m░[0m[48;2;39;29;89m[38;2;39;29;89m▒[0m[48;2;80;66;155m[38;2;80;66;155m@[0m[48;2;76;60;164m[38;2;76;60;164m@[0m[48;2;80;65;162m[38;2;80;65;162m@[0m[48;2;70;52;165m[38;2;70;52;165m░[0m[48;2;43;34;82m[38;2;43;34;82m▒[0m[48;2;26;21;32m[38;2;26;21;32m▓[0m[48;2;36;30;41m[38;2;36;30;41m▓[0m[48;2;39;33;50m[38;2;39;33;50m▒[0m[48;2;37;32;51m[38;2;37;32;51m▓[0m[48;2;37;31;52m[38;2;37;31;52m▓[0m[48;2;37;31;52m[38;2;37;31;52m▓[0m[48;2;37;31;52m[38;2;37;31;52m▓[0m[48;2;36;30;51m[38;2;36;30;51m▓[0m[48;2;36;30;51m[38;2;36;30;51m▓[0m[48;2;37;31;52m[38;2;37;31;52m▓[0m[48;2;37;31;52m[38;2;37;31;52m▓[0m[48;2;37;31;52m[38;2;37;31;52m▓[0m[48;2;37;31;52m[38;2;37;31;52m▓[0m[48;2;36;30;50m[38;2;36;30;50m▓[0m[48;2;26;21;37m[38;2;26;21;37m▓[0m[48;2;36;33;42m[38;2;36;33;42m▓[0m[48;2;130;129;133m[38;2;130;129;133m*[0m[48;2;235;235;236m[38;2;235;235;236m.[0m                          
                                       [48;2;73;72;73m[38;2;73;72;73m░[0m[48;2;31;28;42m[38;2;31;28;42m▓[0m[48;2;37;31;52m[38;2;37;31;52m▓[0m[48;2;37;31;52m[38;2;37;31;52m▓[0m[48;2;37;31;52m[38;2;37;31;52m▓[0m[48;2;28;23;41m[38;2;28;23;41m▓[0m[48;2;23;19;35m[38;2;23;19;35m▓[0m[48;2;37;31;54m[38;2;37;31;54m▓[0m[48;2;43;36;66m[38;2;43;36;66m▒[0m[48;2;20;12;56m[38;2;20;12;56m▓[0m[48;2;110;107;114m[38;2;110;107;114m%[0m[48;2;162;160;165m[38;2;162;160;165m+[0m[48;2;43;37;67m[38;2;43;37;67m▒[0m[48;2;62;50;122m[38;2;62;50;122m░[0m[48;2;52;43;104m[38;2;52;43;104m▒[0m[48;2;73;71;83m[38;2;73;71;83m░[0m[48;2;133;131;136m[38;2;133;131;136m*[0m[48;2;47;44;49m[38;2;47;44;49m▒[0m[48;2;51;48;55m[38;2;51;48;55m▒[0m[48;2;62;58;70m[38;2;62;58;70m░[0m[48;2;53;48;65m[38;2;53;48;65m▒[0m[48;2;37;31;51m[38;2;37;31;51m▓[0m[48;2;37;31;52m[38;2;37;31;52m▓[0m[48;2;37;31;52m[38;2;37;31;52m▓[0m[48;2;37;31;52m[38;2;37;31;52m▓[0m[48;2;37;31;52m[38;2;37;31;52m▓[0m[48;2;37;31;52m[38;2;37;31;52m▓[0m[48;2;37;31;52m[38;2;37;31;52m▓[0m[48;2;37;31;52m[38;2;37;31;52m▓[0m[48;2;37;31;52m[38;2;37;31;52m▓[0m[48;2;37;31;52m[38;2;37;31;52m▓[0m[48;2;37;31;52m[38;2;37;31;52m▓[0m[48;2;37;31;52m[38;2;37;31;52m▓[0m[48;2;32;27;44m[38;2;32;27;44m▓[0m[48;2;31;28;38m[38;2;31;28;38m▓[0m[48;2;149;148;151m[38;2;149;148;151m+[0m                         
                                       [48;2;18;17;20m[38;2;18;17;20m█[0m[48;2;36;33;49m[38;2;36;33;49m▓[0m[48;2;37;31;52m[38;2;37;31;52m▓[0m[48;2;37;31;52m[38;2;37;31;52m▓[0m[48;2;37;31;52m[38;2;37;31;52m▓[0m[48;2;37;31;52m[38;2;37;31;52m▓[0m[48;2;37;31;52m[38;2;37;31;52m▓[0m[48;2;37;31;51m[38;2;37;31;51m▓[0m[48;2;67;62;78m[38;2;67;62;78m░[0m[48;2;24;20;30m[38;2;24;20;30m▓[0m[48;2;4;2;9m[38;2;4;2;9m█[0m[48;2;111;110;113m[38;2;111;110;113m#[0m[48;2;212;211;214m[38;2;212;211;214m:[0m[48;2;147;145;149m[38;2;147;145;149m*[0m[48;2;26;25;30m[38;2;26;25;30m▓[0m[48;2;117;115;120m[38;2;117;115;120m#[0m[48;2;218;215;220m[38;2;218;215;220m:[0m[48;2;241;238;242m[38;2;241;238;242m [0m[48;2;120;116;121m[38;2;120;116;121m#[0m[48;2;35;31;39m[38;2;35;31;39m▓[0m[48;2;35;31;43m[38;2;35;31;43m▓[0m[48;2;56;52;65m[38;2;56;52;65m▒[0m[48;2;62;57;71m[38;2;62;57;71m░[0m[48;2;47;41;59m[38;2;47;41;59m▒[0m[48;2;37;31;52m[38;2;37;31;52m▓[0m[48;2;37;31;52m[38;2;37;31;52m▓[0m[48;2;37;31;52m[38;2;37;31;52m▓[0m[48;2;37;31;52m[38;2;37;31;52m▓[0m[48;2;37;31;52m[38;2;37;31;52m▓[0m[48;2;37;31;52m[38;2;37;31;52m▓[0m[48;2;37;31;52m[38;2;37;31;52m▓[0m[48;2;37;31;52m[38;2;37;31;52m▓[0m[48;2;37;31;52m[38;2;37;31;52m▓[0m[48;2;37;31;52m[38;2;37;31;52m▓[0m[48;2;37;31;51m[38;2;37;31;51m▓[0m[48;2;24;20;34m[38;2;24;20;34m▓[0m[48;2;88;87;91m[38;2;88;87;91m@[0m                        