                                                                                                              
                                                                                                              
                                                                                                              
                                                                                                              
                                                                                                              
                                                                                                              
                                                                                                              
                                                                                                              
                                                                                                              
                                                                                                              
                                                                                                              
                                                                                                              
                                                                                                              
                                               [48;2;200;200;200m[38;2;200;200;200m-[0m[48;2;127;127;128m[38;2;127;127;128m#[0m[48;2;83;82;85m[38;2;83;82;85m@[0m[48;2;62;61;65m[38;2;62;61;65m░[0m[48;2;56;55;59m[38;2;56;55;59m░[0m[48;2;57;56;60m[38;2;57;56;60m░[0m[48;2;64;63;68m[38;2;64;63;68m░[0m[48;2;76;75;81m[38;2;76;75;81m@[0m[48;2;95;94;98m[38;2;95;94;98m%[0m[48;2;122;122;125m[38;2;122;122;125m#[0m[48;2;154;154;156m[38;2;154;154;156m+[0m[48;2;199;199;200m[38;2;199;199;200m-[0m                                                   
                                             [48;2;217;217;217m[38;2;217;217;217m:[0m[48;2;40;40;43m[38;2;40;40;43m▒[0m[48;2;13;12;18m[38;2;13;12;18m█[0m[48;2;32;30;42m[38;2;32;30;42m▓[0m[48;2;43;42;57m[38;2;43;42;57m▒[0m[48;2;43;42;59m[38;2;43;42;59m▒[0m[48;2;44;43;59m[38;2;44;43;59m▒[0m[48;2;44;43;59m[38;2;44;43;59m▒[0m[48;2;43;42;59m[38;2;43;42;59m▒[0m[48;2;42;42;58m[38;2;42;42;58m▒[0m[48;2;41;42;57m[38;2;41;42;57m▒[0m[48;2;37;39;54m[38;2;37;39;54m▒[0m[48;2;32;32;48m[38;2;32;32;48m▓[0m[48;2;26;25;40m[38;2;26;25;40m▓[0m[48;2;25;23;35m[38;2;25;23;35m▓[0m[48;2;69;68;77m[38;2;69;68;77m░[0m[48;2;140;139;143m[38;2;140;139;143m*[0m[48;2;229;228;230m[38;2;229;228;230m.[0m                                               
                                             [48;2;80;79;82m[38;2;80;79;82m@[0m[48;2;27;25;36m[38;2;27;25;36m▓[0m[48;2;43;42;58m[38;2;43;42;58m▒[0m[48;2;43;43;59m[38;2;43;43;59m▒[0m[48;2;41;43;59m[38;2;41;43;59m▒[0m[48;2;40;44;59m[38;2;40;44;59m▒[0m[48;2;40;44;59m[38;2;40;44;59m▒[0m[48;2;40;44;59m[38;2;40;44;59m▒[0m[48;2;40;44;59m[38;2;40;44;59m▒[0m[48;2;40;44;59m[38;2;40;44;59m▒[0m[48;2;40;44;59m[38;2;40;44;59m▒[0m[48;2;40;44;59m[38;2;40;44;59m▒[0m[48;2;40;44;59m[38;2;40;44;59m▒[0m[48;2;40;43;59m[38;2;40;43;59m▒[0m[48;2;40;43;59m[38;2;40;43;59m▒[0m[48;2;41;42;58m[38;2;41;42;58m▒[0m[48;2;33;32;47m[38;2;33;32;47m▓[0m[48;2;24;22;34m[38;2;24;22;34m▓[0m[48;2;112;111;116m[38;2;112;111;116m#[0m[48;2;237;236;237m[38;2;237;236;237m.[0m                                             
                                            [48;2;109;109;110m[38;2;109;109;110m%[0m[48;2;42;40;47m[38;2;42;40;47m▒[0m[48;2;45;43;57m[38;2;45;43;57m▒[0m[48;2;40;44;59m[38;2;40;44;59m▒[0m[48;2;40;44;59m[38;2;40;44;59m▒[0m[48;2;40;44;59m[38;2;40;44;59m▒[0m[48;2;40;44;59m[38;2;40;44;59m▒[0m[48;2;40;44;59m[38;2;40;44;59m▒[0m[48;2;40;44;59m[38;2;40;44;59m▒[0m[48;2;40;44;59m[38;2;40;44;59m▒[0m[48;2;40;44;59m[38;2;40;44;59m▒[0m[48;2;40;44;59m[38;2;40;44;59m▒[0m[48;2;40;44;59m[38;2;40;44;59m▒[0m[48;2;40;44;59m[38;2;40;44;59m▒[0m[48;2;40;44;59m[38;2;40;44;59m▒[0m[48;2;40;44;59m[38;2;40;44;59m▒[0m[48;2;40;44;59m[38;2;40;44;59m▒[0m[48;2;40;44;59m[38;2;40;44;59m▒[0m[48;2;42;43;59m[38;2;42;43;59m▒[0m[48;2;33;31;45m[38;2;33;31;45m▓[0m[48;2;40;39;44m[38;2;40;39;44m▒[0m[48;2;206;206;206m[38;2;206;206;206m:[0m                                            
                                          [48;2;207;207;208m[38;2;207;207;208m:[0m[48;2;56;55;58m[38;2;56;55;58m░[0m[48;2;7;6;10m[38;2;7;6;10m█[0m[48;2;75;73;80m[38;2;75;73;80m@[0m[48;2;44;43;56m[38;2;44;43;56m▒[0m[48;2;40;44;59m[38;2;40;44;59m▒[0m[48;2;40;44;59m[38;2;40;44;59m▒[0m[48;2;40;44;59m[38;2;40;44;59m▒[0m[48;2;40;44;59m[38;2;40;44;59m▒[0m[48;2;40;44;59m[38;2;40;44;59m▒[0m[48;2;40;44;59m[38;2;40;44;59m▒[0m[48;2;40;44;59m[38;2;40;44;59m▒[0m[48;2;40;44;59m[38;2;40;44;59m▒[0m[48;2;40;44;59m[38;2;40;44;59m▒[0m[48;2;40;44;59m[38;2;40;44;59m▒[0m[48;2;40;44;59m[38;2;40;44;59m▒[0m[48;2;40;44;59m[38;2;40;44;59m▒[0m[48;2;40;44;59m[38;2;40;44;59m▒[0m[48;2;40;44;59m[38;2;40;44;59m▒[0m[48;2;40;44;59m[38;2;40;44;59m▒[0m[48;2;41;43;59m[38;2;41;43;59m▒[0m[48;2;42;43;59m[38;2;42;43;59m▒[0m[48;2;38;37;53m[38;2;38;37;53m▒[0m[48;2;26;25;33m[38;2;26;25;33m▓[0m[48;2;193;192;194m[38;2;193;192;194m-[0m                                           
                                         [48;2;179;178;180m[38;2;179;178;180m=[0m[48;2;49;45;50m[38;2;49;45;50m▒[0m[48;2;121;115;122m[38;2;121;115;122m#[0m[48;2;12;10;13m[38;2;12;10;13m█[0m[48;2;79;78;84m[38;2;79;78;84m@[0m[48;2;44;43;56m[38;2;44;43;56m▒[0m[48;2;40;44;59m[38;2;40;44;59m▒[0m[48;2;40;44;59m[38;2;40;44;59m▒[0m[48;2;40;44;59m[38;2;40;44;59m▒[0m[48;2;40;44;59m[38;2;40;44;59m▒[0m[48;2;40;44;59m[38;2;40;44;59m▒[0m[48;2;40;44;59m[38;2;40;44;59m▒[0m[48;2;40;44;59m[38;2;40;44;59m▒[0m[48;2;40;44;59m[38;2;40;44;59m▒[0m[48;2;40;44;59m[38;2;40;44;59m▒[0m[48;2;40;44;59m[38;2;40;44;59m▒[0m[48;2;40;44;59m[38;2;40;44;59m▒[0m[48;2;40;44;59m[38;2;40;44;59m▒[0m[48;2;40;44;59m[38;2;40;44;59m▒[0m[48;2;40;44;59m[38;2;40;44;59m▒[0m[48;2;40;44;59m[38;2;40;44;59m▒[0m[48;2;40;44;59m[38;2;40;44;59m▒[0m[48;2;40;44;59m[38;2;40;44;59m▒[0m[48;2;41;43;59m[38;2;41;43;59m▒[0m[48;2;39;40;54m[38;2;39;40;54m▒[0m[48;2;26;25;33m[38;2;26;25;33m▓[0m[48;2;211;211;211m[38;2;211;211;211m:[0m                                          
                                        [48;2;194;194;194m[38;2;194;194;194m-[0m[48;2;27;24;29m[38;2;27;24;29m▓[0m[48;2;74;68;76m[38;2;74;68;76m░[0m[48;2;91;84;93m[38;2;91;84;93m@[0m[48;2;11;8;14m[38;2;11;8;14m█[0m[48;2;78;76;83m[38;2;78;76;83m@[0m[48;2;49;48;59m[38;2;49;48;59m▒[0m[48;2;41;43;59m[38;2;41;43;59m▒[0m[48;2;40;44;59m[38;2;40;44;59m▒[0m[48;2;40;44;59m[38;2;40;44;59m▒[0m[48;2;40;44;59m[38;2;40;44;59m▒[0m[48;2;40;44;59m[38;2;40;44;59m▒[0m[48;2;40;44;59m[38;2;40;44;59m▒[0m[48;2;40;44;59m[38;2;40;44;59m▒[0m[48;2;40;44;59m[38;2;40;44;59m▒[0m[48;2;40;44;59m[38;2;40;44;59m▒[0m[48;2;40;44;59m[38;2;40;44;59m▒[0m[48;2;40;44;59m[38;2;40;44;59m▒[0m[48;2;40;44;59m[38;2;40;44;59m▒[0m[48;2;40;44;59m[38;2;40;44;59m▒[0m[48;2;40;44;59m[38;2;40;44;59m▒[0m[48;2;40;44;59m[38;2;40;44;59m▒[0m[48;2;40;44;59m[38;2;40;44;59m▒[0m[48;2;40;44;59m[38;2;40;44;59m▒[0m[48;2;40;44;59m[38;2;40;44;59m▒[0m[48;2;41;44;59m[38;2;41;44;59m▒[0m[48;2;36;35;48m[38;2;36;35;48m▒[0m[48;2;59;57;60m[38;2;59;57;60m░[0m                                          
                                        [48;2;56;55;57m[38;2;56;55;57m░[0m[48;2;52;47;54m[38;2;52;47;54m▒[0m[48;2;25;17;33m[38;2;25;17;33m▓[0m[48;2;52;36;84m[38;2;52;36;84m▒[0m[48;2;46;32;72m[38;2;46;32;72m▒[0m[48;2;32;23;50m[38;2;32;23;50m▓[0m[48;2;48;45;57m[38;2;48;45;57m▒[0m[48;2;41;43;59m[38;2;41;43;59m▒[0m[48;2;40;44;59m[38;2;40;44;59m▒[0m[48;2;40;44;59m[38;2;40;44;59m▒[0m[48;2;40;44;59m[38;2;40;44;59m▒[0m[48;2;40;44;59m[38;2;40;44;59m▒[0m[48;2;40;44;59m[38;2;40;44;59m▒[0m[48;2;40;44;59m[38;2;40;44;59m▒[0m[48;2;40;44;59m[38;2;40;44;59m▒[0m[48;2;40;44;59m[38;2;40;44;59m▒[0m[48;2;40;44;59m[38;2;40;44;59m▒[0m[48;2;40;44;59m[38;2;40;44;59m▒[0m[48;2;40;44;59m[38;2;40;44;59m▒[0m[48;2;40;44;59m[38;2;40;44;59m▒[0m[48;2;40;44;59m[38;2;40;44;59m▒[0m[48;2;40;44;59m[38;2;40;44;59m▒[0m[48;2;40;44;59m[38;2;40;44;59m▒[0m[48;2;40;44;59m[38;2;40;44;59m▒[0m[48;2;40;44;59m[38;2;40;44;59m▒[0m[48;2;41;44;60m[38;2;41;44;60m▒[0m[48;2;44;43;58m[38;2;44;43;58m▒[0m[48;2;10;8;14m[38;2;10;8;14m█[0m[48;2;224;223;224m[38;2;224;223;224m.[0m                                         
                                       [48;2;200;200;200m[38;2;200;200;200m-[0m[48;2;41;36;40m[38;2;41;36;40m▒[0m[48;2;20;11;19m[38;2;20;11;19m█[0m[48;2;50;35;68m[38;2;50;35;68m▒[0m[48;2;89;66;136m[38;2;89;66;136m@[0m[48;2;68;47;101m[38;2;68;47;101m░[0m[48;2;27;15;34m[38;2;27;15;34m▓[0m[48;2;55;49;62m[38;2;55;49;62m▒[0m[48;2;53;52;67m[38;2;53;52;67m▒[0m[48;2;41;43;59m[38;2;41;43;59m▒[0m[48;2;40;44;59m[38;2;40;44;59m▒[0m[48;2;40;44;59m[38;2;40;44;59m▒[0m[48;2;40;44;59m[38;2;40;44;59m▒[0m[48;2;40;44;59m[38;2;40;44;59m▒[0m[48;2;40;44;59m[38;2;40;44;59m▒[0m[48;2;40;44;59m[38;2;40;44;59m▒[0m[48;2;40;44;59m[38;2;40;44;59m▒[0m[48;2;40;44;59m[38;2;40;44;59m▒[0m[48;2;40;44;59m[38;2;40;44;59m▒[0m[48;2;40;44;59m[38;2;40;44;59m▒[0m[48;2;40;44;59m[38;2;40;44;59m▒[0m[48;2;40;44;59m[38;2;40;44;59m▒[0m[48;2;40;44;59m[38;2;40;44;59m▒[0m[48;2;40;44;59m[38;2;40;44;59m▒[0m[48;2;40;44;59m[38;2;40;44;59m▒[0m[48;2;40;44;59m[38;2;40;44;59m▒[0m[48;2;41;45;60m[38;2;41;45;60m▒[0m[48;2;40;40;56m[38;2;40;40;56m▒[0m[48;2;26;23;31m[38;2;26;23;31m▓[0m                                          
                                       [48;2;168;167;168m[38;2;168;167;168m=[0m[48;2;38;33;37m[38;2;38;33;37m▓[0m[48;2;8;1;7m[38;2;8;1;7m█[0m[48;2;28;19;34m[38;2;28;19;34m▓[0m[48;2;29;19;35m[38;2;29;19;35m▓[0m[48;2;50;40;55m[38;2;50;40;55m▒[0m[48;2;51;42;51m[38;2;51;42;51m▒[0m[48;2;27;19;29m[38;2;27;19;29m▓[0m[48;2;81;75;88m[38;2;81;75;88m@[0m[48;2;51;49;64m[38;2;51;49;64m▒[0m[48;2;43;43;59m[38;2;43;43;59m▒[0m[48;2;41;43;59m[38;2;41;43;59m▒[0m[48;2;40;44;59m[38;2;40;44;59m▒[0m[48;2;40;44;59m[38;2;40;44;59m▒[0m[48;2;40;44;59m[38;2;40;44;59m▒[0m[48;2;40;44;59m[38;2;40;44;59m▒[0m[48;2;40;44;59m[38;2;40;44;59m▒[0m[48;2;40;44;59m[38;2;40;44;59m▒[0m[48;2;40;44;59m[38;2;40;44;59m▒[0m[48;2;40;44;59m[38;2;40;44;59m▒[0m[48;2;40;44;59m[38;2;40;44;59m▒[0m[48;2;40;44;59m[38;2;40;44;59m▒[0m[48;2;40;44;59m[38;2;40;44;59m▒[0m[48;2;40;44;59m[38;2;40;44;59m▒[0m[48;2;40;44;59m[38;2;40;44;59m▒[0m[48;2;41;44;59m[38;2;41;44;59m▒[0m[48;2;38;40;56m[38;2;38;40;56m▒[0m[48;2;13;12;25m[38;2;13;12;25m█[0m[48;2;78;75;82m[38;2;78;75;82m@[0m                                          
                                       [48;2;230;230;230m[38;2;230;230;230m.[0m[48;2;34;30;33m[38;2;34;30;33m▓[0m[48;2;92;86;90m[38;2;92;86;90m@[0m[48;2;45;37;45m[38;2;45;37;45m▒[0m[48;2;153;138;151m[38;2;153;138;151m*[0m[48;2;101;87;99m[38;2;101;87;99m%[0m[48;2;79;68;77m[38;2;79;68;77m░[0m[48;2;108;95;107m[38;2;108;95;107m%[0m[48;2;29;21;33m[38;2;29;21;33m▓[0m[48;2;62;56;69m[38;2;62;56;69m░[0m[48;2;68;63;76m[38;2;68;63;76m░[0m[48;2;44;43;59m[38;2;44;43;59m▒[0m[48;2;41;43;59m[38;2;41;43;59m▒[0m[48;2;40;44;59m[38;2;40;44;59m▒[0m[48;2;40;44;59m[38;2;40;44;59m▒[0m[48;2;39;44;59m[38;2;39;44;59m▒[0m[48;2;40;44;59m[38;2;40;44;59m▒[0m[48;2;40;44;59m[38;2;40;44;59m▒[0m[48;2;40;44;59m[38;2;40;44;59m▒[0m[48;2;40;44;59m[38;2;40;44;59m▒[0m[48;2;40;44;59m[38;2;40;44;59m▒[0m[48;2;40;44;59m[38;2;40;44;59m▒[0m[48;2;40;44;59m[38;2;40;44;59m▒[0m[48;2;41;43;59m[38;2;41;43;59m▒[0m[48;2;41;41;57m[38;2;41;41;57m▒[0m[48;2;28;25;42m[38;2;28;25;42m▓[0m[48;2;8;5;20m[38;2;8;5;20m█[0m[48;2;61;55;66m[38;2;61;55;66m░[0m[48;2;56;52;57m[38;2;56;52;57m▒[0m                                          
                                        [48;2;104;102;104m[38;2;104;102;104m%[0m[48;2;168;162;164m[38;2;168;162;164m+[0m[48;2;68;59;63m[38;2;68;59;63m░[0m[48;2;125;111;122m[38;2;125;111;122m#[0m[48;2;143;126;138m[38;2;143;126;138m*[0m[48;2;28;18;26m[38;2;28;18;26m▓[0m[48;2;137;123;134m[38;2;137;123;134m*[0m[48;2;148;133;146m[38;2;148;133;146m*[0m[48;2;87;74;87m[38;2;87;74;87m@[0m[48;2;47;37;49m[38;2;47;37;49m▒[0m[48;2;58;51;63m[38;2;58;51;63m▒[0m[48;2;53;52;65m[38;2;53;52;65m▒[0m[48;2;47;47;60m[38;2;47;47;60m▒[0m[48;2;41;43;57m[38;2;41;43;57m▒[0m[48;2;41;44;57m[38;2;41;44;57m▒[0m[48;2;41;43;58m[38;2;41;43;58m▒[0m[48;2;40;44;59m[38;2;40;44;59m▒[0m[48;2;40;44;59m[38;2;40;44;59m▒[0m[48;2;41;44;59m[38;2;41;44;59m▒[0m[48;2;41;43;59m[38;2;41;43;59m▒[0m[48;2;40;41;56m[38;2;40;41;56m▒[0m[48;2;32;31;45m[38;2;32;31;45m▓[0m[48;2;22;21;34m[38;2;22;21;34m▓[0m[48;2;46;41;54m[38;2;46;41;54m▒[0m[48;2;52;47;59m[38;2;52;47;59m▒[0m[48;2;47;40;52m[38;2;47;40;52m▒[0m[48;2;147;134;145m[38;2;147;134;145m*[0m[48;2;51;42;51m[38;2;51;42;51m▒[0m[48;2;189;187;191m[38;2;189;187;191m-[0m                                         
                                        [48;2;145;144;145m[38;2;145;144;145m*[0m[48;2;116;110;111m[38;2;116;110;111m#[0m[48;2;212;203;203m[38;2;212;203;203m:[0m[48;2;51;43;48m[38;2;51;43;48m▒[0m[48;2;137;123;133m[38;2;137;123;133m*[0m[48;2;128;113;124m[38;2;128;113;124m#[0m[48;2;48;35;44m[38;2;48;35;44m▒[0m[48;2;142;127;139m[38;2;142;127;139m*[0m[48;2;159;141;155m[38;2;159;141;155m+[0m[48;2;157;140;153m[38;2;157;140;153m+[0m[48;2;128;113;126m[38;2;128;113;126m#[0m[48;2;87;74;86m[38;2;87;74;86m@[0m[48;2;62;51;63m[38;2;62;51;63m░[0m[48;2;39;30;41m[38;2;39;30;41m▓[0m[48;2;21;14;25m[38;2;21;14;25m█[0m[48;2;22;17;28m[38;2;22;17;28m▓[0m[48;2;25;21;33m[38;2;25;21;33m▓[0m[48;2;25;23;34m[38;2;25;23;34m▓[0m[48;2;30;28;37m[38;2;30;28;37m▓[0m[48;2;44;40;48m[38;2;44;40;48m▒[0m[48;2;63;58;66m[38;2;63;58;66m░[0m[48;2;95;85;94m[38;2;95;85;94m@[0m[48;2;126;113;124m[38;2;126;113;124m#[0m[48;2;66;56;66m[38;2;66;56;66m░[0m[48;2;67;57;65m[38;2;67;57;65m░[0m[48;2;148;136;146m[38;2;148;136;146m*[0m[48;2;157;141;151m[38;2;157;141;151m+[0m[48;2;141;124;136m[38;2;141;124;136m*[0m[48;2;48;41;47m[38;2;48;41;47m▒[0m[48;2;199;197;200m[38;2;199;197;200m-[0m                                        
                                        [48;2;106;106;107m[38;2;106;106;107m%[0m[48;2;24;19;23m[38;2;24;19;23m▓[0m[48;2;68;59;61m[38;2;68;59;61m░[0m[48;2;96;91;93m[38;2;96;91;93m%[0m[48;2;28;21;27m[38;2;28;21;27m▓[0m[48;2;124;112;121m[38;2;124;112;121m#[0m[48;2;129;116;125m[38;2;129;116;125m#[0m[48;2;48;39;47m[38;2;48;39;47m▒[0m[48;2;120;108;118m[38;2;120;108;118m#[0m[48;2;159;142;155m[38;2;159;142;155m+[0m[48;2;161;140;155m[38;2;161;140;155m+[0m[48;2;161;140;155m[38;2;161;140;155m+[0m[48;2;161;140;155m[38;2;161;140;155m+[0m[48;2;159;138;153m[38;2;159;138;153m*[0m[48;2;114;98;111m[38;2;114;98;111m%[0m[48;2;76;63;73m[38;2;76;63;73m░[0m[48;2;68;55;66m[38;2;68;55;66m░[0m[48;2;69;56;67m[38;2;69;56;67m░[0m[48;2;71;60;70m[38;2;71;60;70m░[0m[48;2;70;61;69m[38;2;70;61;69m░[0m[48;2;55;48;55m[38;2;55;48;55m▒[0m[48;2;32;26;32m[38;2;32;26;32m▓[0m[48;2;13;6;13m[38;2;13;6;13m█[0m[48;2;27;21;28m[38;2;27;21;28m▓[0m[48;2;26;22;29m[38;2;26;22;29m▓[0m[48;2;23;18;25m[38;2;23;18;25m▓[0m[48;2;119;106;117m[38;2;119;106;117m#[0m[48;2;159;141;155m[38;2;159;141;155m+[0m[48;2;133;118;130m[38;2;133;118;130m#[0m[48;2;27;20;27m[38;2;27;20;27m▓[0m[48;2;32;29;34m[38;2;32;29;34m▓[0m[48;2;92;90;94m[38;2;92;90;94m@[0m[48;2;157;155;157m[38;2;157;155;157m+[0m[48;2;233;232;233m[38;2;233;232;233m.[0m                                    
                                        [48;2;66;64;67m[38;2;66;64;67m░[0m[48;2;156;152;156m[38;2;156;152;156m+[0m[48;2;146;137;141m[38;2;146;137;141m*[0m[48;2;49;42;45m[38;2;49;42;45m▒[0m[48;2;47;40;43m[38;2;47;40;43m▒[0m[48;2;53;47;50m[38;2;53;47;50m▒[0m[48;2;37;31;34m[38;2;37;31;34m▓[0m[48;2;63;57;62m[38;2;63;57;62m░[0m[48;2;45;37;44m[38;2;45;37;44m▒[0m[48;2;70;60;69m[38;2;70;60;69m░[0m[48;2;144;127;140m[38;2;144;127;140m*[0m[48;2;161;141;155m[38;2;161;141;155m+[0m[48;2;161;140;155m[38;2;161;140;155m+[0m[48;2;161;140;155m[38;2;161;140;155m+[0m[48;2;161;140;155m[38;2;161;140;155m+[0m[48;2;161;140;155m[38;2;161;140;155m+[0m[48;2;161;140;155m[38;2;161;140;155m+[0m[48;2;161;140;155m[38;2;161;140;155m+[0m[48;2;161;140;155m[38;2;161;140;155m+[0m[48;2;157;141;154m[38;2;157;141;154m+[0m[48;2;47;37;47m[38;2;47;37;47m▒[0m[48;2;19;12;21m[38;2;19;12;21m█[0m[48;2;2;0;5m[38;2;2;0;5m█[0m[48;2;9;7;12m[38;2;9;7;12m█[0m[48;2;25;22;30m[38;2;25;22;30m▓[0m[48;2;13;9;17m[38;2;13;9;17m█[0m[48;2;116;105;116m[38;2;116;105;116m%[0m[48;2;158;141;154m[38;2;158;141;154m+[0m[48;2;159;139;153m[38;2;159;139;153m+[0m[48;2;147;128;141m[38;2;147;128;141m*[0m[48;2;67;55;65m[38;2;67;55;65m░[0m[48;2;71;62;71m[38;2;71;62;71m░[0m[48;2;110;98;108m[38;2;110;98;108m%[0m[48;2;65;57;63m[38;2;65;57;63m░[0m[48;2;110;107;110m[38;2;110;107;110m%[0m[48;2;231;230;231m[38;2;231;230;231m.[0m                                  
                                        [48;2;82;81;82m[38;2;82;81;82m@[0m[48;2;78;76;77m[38;2;78;76;77m@[0m[48;2;85;81;83m[38;2;85;81;83m@[0m[48;2;77;73;77m[38;2;77;73;77m@[0m[48;2;54;49;52m[38;2;54;49;52m▒[0m[48;2;239;233;237m[38;2;239;233;237m.[0m[48;2;35;30;33m[38;2;35;30;33m▓[0m[48;2;74;66;72m[38;2;74;66;72m░[0m[48;2;86;76;84m[38;2;86;76;84m@[0m[48;2;65;55;63m[38;2;65;55;63m░[0m[48;2;51;40;48m[38;2;51;40;48m▒[0m[48;2;97;84;95m[38;2;97;84;95m@[0m[48;2;160;141;155m[38;2;160;141;155m+[0m[48;2;161;140;155m[38;2;161;140;155m+[0m[48;2;161;140;155m[38;2;161;140;155m+[0m[48;2;161;140;155m[38;2;161;140;155m+[0m[48;2;161;140;155m[38;2;161;140;155m+[0m[48;2;161;140;155m[38;2;161;140;155m+[0m[48;2;161;140;155m[38;2;161;140;155m+[0m[48;2;151;130;145m[38;2;151;130;145m*[0m[48;2;19;8;18m[38;2;19;8;18m█[0m[48;2;25;18;28m[38;2;25;18;28m▓[0m[48;2;6;3;9m[38;2;6;3;9m█[0m[48;2;8;5;11m[38;2;8;5;11m█[0m[48;2;5;2;8m[38;2;5;2;8m█[0m[48;2;17;14;21m[38;2;17;14;21m█[0m[48;2;26;19;29m[38;2;26;19;29m▓[0m[48;2;148;132;145m[38;2;148;132;145m*[0m[48;2;161;140;155m[38;2;161;140;155m+[0m[48;2;161;140;155m[38;2;161;140;155m+[0m[48;2;161;140;155m[38;2;161;140;155m+[0m[48;2;133;114;128m[38;2;133;114;128m#[0m[48;2;155;135;150m[38;2;155;135;150m*[0m[48;2;159;140;154m[38;2;159;140;154m+[0m[48;2;126;113;122m[38;2;126;113;122m#[0m[48;2;51;46;50m[38;2;51;46;50m▒[0m[48;2;209;209;209m[38;2;209;209;209m:[0m                                 
                                        [48;2;86;85;86m[38;2;86;85;86m@[0m[48;2;154;152;153m[38;2;154;152;153m+[0m[48;2;200;198;199m[38;2;200;198;199m-[0m[48;2;194;191;195m[38;2;194;191;195m-[0m[48;2;32;32;32m[38;2;32;32;32m▓[0m [48;2;107;104;105m[38;2;107;104;105m%[0m[48;2;85;76;82m[38;2;85;76;82m@[0m[48;2;155;139;149m[38;2;155;139;149m*[0m[48;2;157;139;150m[38;2;157;139;150m*[0m[48;2;158;139;151m[38;2;158;139;151m*[0m[48;2;159;140;154m[38;2;159;140;154m+[0m[48;2;161;140;155m[38;2;161;140;155m+[0m[48;2;161;140;155m[38;2;161;140;155m+[0m[48;2;161;140;155m[38;2;161;140;155m+[0m[48;2;161;140;155m[38;2;161;140;155m+[0m[48;2;161;140;155m[38;2;161;140;155m+[0m[48;2;161;140;155m[38;2;161;140;155m+[0m[48;2;161;140;155m[38;2;161;140;155m+[0m[48;2;161;140;155m[38;2;161;140;155m+[0m[48;2;149;131;145m[38;2;149;131;145m*[0m[48;2;145;131;143m[38;2;145;131;143m*[0m[48;2;101;90;101m[38;2;101;90;101m%[0m[48;2;21;14;22m[38;2;21;14;22m█[0m[48;2;18;11;18m[38;2;18;11;18m█[0m[48;2;47;42;49m[38;2;47;42;49m▒[0m[48;2;49;43;50m[38;2;49;43;50m▒[0m[48;2;91;81;91m[38;2;91;81;91m@[0m[48;2;149;131;145m[38;2;149;131;145m*[0m[48;2;161;140;155m[38;2;161;140;155m+[0m[48;2;161;140;155m[38;2;161;140;155m+[0m[48;2;161;140;155m[38;2;161;140;155m+[0m[48;2;161;140;155m[38;2;161;140;155m+[0m[48;2;161;140;155m[38;2;161;140;155m+[0m[48;2;160;141;154m[38;2;160;141;154m+[0m[48;2;133;118;128m[38;2;133;118;128m#[0m[48;2;51;45;50m[38;2;51;45;50m▒[0m                                 
                                        [48;2;138;135;137m[38;2;138;135;137m*[0m[48;2;111;107;112m[38;2;111;107;112m%[0m[48;2;199;197;200m[38;2;199;197;200m-[0m[48;2;182;179;183m[38;2;182;179;183m=[0m[48;2;48;46;49m[38;2;48;46;49m▒[0m [48;2;151;148;152m[38;2;151;148;152m+[0m[48;2;9;5;9m[38;2;9;5;9m█[0m[48;2;119;105;114m[38;2;119;105;114m#[0m[48;2;160;140;154m[38;2;160;140;154m+[0m[48;2;161;140;155m[38;2;161;140;155m+[0m[48;2;161;140;155m[38;2;161;140;155m+[0m[48;2;161;140;155m[38;2;161;140;155m+[0m[48;2;161;140;155m[38;2;161;140;155m+[0m[48;2;161;140;155m[38;2;161;140;155m+[0m[48;2;161;140;155m[38;2;161;140;155m+[0m[48;2;161;140;155m[38;2;161;140;155m+[0m[48;2;161;140;155m[38;2;161;140;155m+[0m[48;2;161;140;155m[38;2;161;140;155m+[0m[48;2;161;140;155m[38;2;161;140;155m+[0m[48;2;161;140;155m[38;2;161;140;155m+[0m[48;2;161;140;155m[38;2;161;140;155m+[0m[48;2;161;140;155m[38;2;161;140;155m+[0m[48;2;152;132;146m[38;2;152;132;146m*[0m[48;2;153;134;148m[38;2;153;134;148m*[0m[48;2;89;72;85m[38;2;89;72;85m@[0m[48;2;59;47;57m[38;2;59;47;57m▒[0m[48;2;12;5;12m[38;2;12;5;12m█[0m[48;2;11;5;13m[38;2;11;5;13m█[0m[48;2;52;40;51m[38;2;52;40;51m▒[0m[48;2;125;105;119m[38;2;125;105;119m#[0m[48;2;160;140;154m[38;2;160;140;154m+[0m[48;2;161;140;155m[38;2;161;140;155m+[0m[48;2;161;140;155m[38;2;161;140;155m+[0m[48;2;161;140;155m[38;2;161;140;155m+[0m[48;2;160;141;155m[38;2;160;141;155m+[0m[48;2;66;54;63m[38;2;66;54;63m░[0m[48;2;177;174;177m[38;2;177;174;177m=[0m                                
                                        [48;2;209;207;209m[38;2;209;207;209m:[0m[48;2;51;49;52m[38;2;51;49;52m▒[0m[48;2;197;196;199m[38;2;197;196;199m-[0m[48;2;88;86;90m[38;2;88;86;90m@[0m[48;2;148;147;150m[38;2;148;147;150m+[0m [48;2;169;168;170m[38;2;169;168;170m=[0m[48;2;7;5;8m[38;2;7;5;8m█[0m[48;2;14;9;14m[38;2;14;9;14m█[0m[48;2;108;95;105m[38;2;108;95;105m%[0m[48;2;160;140;154m[38;2;160;140;154m+[0m[48;2;161;140;155m[38;2;161;140;155m+[0m[48;2;161;140;155m[38;2;161;140;155m+[0m[48;2;161;140;155m[38;2;161;140;155m+[0m[48;2;161;140;155m[38;2;161;140;155m+[0m[48;2;161;140;155m[38;2;161;140;155m+[0m[48;2;161;140;155m[38;2;161;140;155m+[0m[48;2;161;140;155m[38;2;161;140;155m+[0m[48;2;161;140;155m[38;2;161;140;155m+[0m[48;2;161;140;155m[38;2;161;140;155m+[0m[48;2;161;140;155m[38;2;161;140;155m+[0m[48;2;161;140;155m[38;2;161;140;155m+[0m[48;2;161;140;155m[38;2;161;140;155m+[0m[48;2;161;140;155m[38;2;161;140;155m+[0m[48;2;161;140;155m[38;2;161;140;155m+[0m[48;2;161;140;155m[38;2;161;140;155m+[0m[48;2;155;136;150m[38;2;155;136;150m*[0m[48;2;123;106;119m[38;2;123;106;119m#[0m[48;2;87;72;83m[38;2;87;72;83m@[0m[48;2;52;42;50m[38;2;52;42;50m▒[0m[48;2;85;72;83m[38;2;85;72;83m@[0m[48;2;138;119;134m[38;2;138;119;134m#[0m[48;2;161;140;155m[38;2;161;140;155m+[0m[48;2;161;140;155m[38;2;161;140;155m+[0m[48;2;161;140;155m[38;2;161;140;155m+[0m[48;2;161;140;155m[38;2;161;140;155m+[0m[48;2;79;65;76m[38;2;79;65;76m░[0m[48;2;161;156;160m[38;2;161;156;160m+[0m                                
                                         [48;2;128;126;127m[38;2;128;126;127m#[0m[48;2;42;41;42m[38;2;42;41;42m▒[0m[48;2;40;38;41m[38;2;40;38;41m▒[0m[48;2;152;151;153m[38;2;152;151;153m+[0m[48;2;138;136;139m[38;2;138;136;139m*[0m[48;2;71;69;72m[38;2;71;69;72m░[0m[48;2;14;11;17m[38;2;14;11;17m█[0m[48;2;27;23;33m[38;2;27;23;33m▓[0m[48;2;21;15;26m[38;2;21;15;26m█[0m[48;2;61;50;61m[38;2;61;50;61m▒[0m[48;2;143;127;140m[38;2;143;127;140m*[0m[48;2;160;141;155m[38;2;160;141;155m+[0m[48;2;161;140;155m[38;2;161;140;155m+[0m[48;2;161;140;155m[38;2;161;140;155m+[0m[48;2;161;140;155m[38;2;161;140;155m+[0m[48;2;161;140;155m[38;2;161;140;155m+[0m[48;2;161;140;155m[38;2;161;140;155m+[0m[48;2;161;140;155m[38;2;161;140;155m+[0m[48;2;161;140;155m[38;2;161;140;155m+[0m[48;2;161;140;155m[38;2;161;140;155m+[0m[48;2;161;140;155m[38;2;161;140;155m+[0m[48;2;161;140;155m[38;2;161;140;155m+[0m[48;2;161;140;155m[38;2;161;140;155m+[0m[48;2;161;140;155m[38;2;161;140;155m+[0m[48;2;161;140;155m[38;2;161;140;155m+[0m[48;2;161;140;155m[38;2;161;140;155m+[0m[48;2;161;140;155m[38;2;161;140;155m+[0m[48;2;161;140;155m[38;2;161;140;155m+[0m[48;2;160;139;154m[38;2;160;139;154m+[0m[48;2;127;109;122m[38;2;127;109;122m#[0m[48;2;78;61;74m[38;2;78;61;74m░[0m[48;2;71;53;66m[38;2;71;53;66m░[0m[48;2;72;57;70m[38;2;72;57;70m░[0m[48;2;74;62;72m[38;2;74;62;72m░[0m[48;2;74;62;72m[38;2;74;62;72m░[0m[48;2;24;15;23m[38;2;24;15;23m▓[0m[48;2;74;68;74m[38;2;74;68;74m░[0m                                
                                          [48;2;228;228;228m[38;2;228;228;228m.[0m[48;2;202;202;202m[38;2;202;202;202m:[0m[48;2;200;200;200m[38;2;200;200;200m-[0m[48;2;188;186;189m[38;2;188;186;189m-[0m[48;2;10;7;12m[38;2;10;7;12m█[0m[48;2;34;30;45m[38;2;34;30;45m▓[0m[48;2;35;30;48m[38;2;35;30;48m▓[0m[48;2;37;31;49m[38;2;37;31;49m▓[0m[48;2;30;24;41m[38;2;30;24;41m▓[0m[48;2;23;15;30m[38;2;23;15;30m▓[0m[48;2;79;67;79m[38;2;79;67;79m░[0m[48;2;141;124;137m[38;2;141;124;137m*[0m[48;2;161;142;156m[38;2;161;142;156m+[0m[48;2;160;141;155m[38;2;160;141;155m+[0m[48;2;160;141;155m[38;2;160;141;155m+[0m[48;2;161;140;155m[38;2;161;140;155m+[0m[48;2;161;140;155m[38;2;161;140;155m+[0m[48;2;161;140;155m[38;2;161;140;155m+[0m[48;2;161;140;155m[38;2;161;140;155m+[0m[48;2;161;140;155m[38;2;161;140;155m+[0m[48;2;161;140;155m[38;2;161;140;155m+[0m[48;2;161;140;155m[38;2;161;140;155m+[0m[48;2;161;140;155m[38;2;161;140;155m+[0m[48;2;161;140;155m[38;2;161;140;155m+[0m[48;2;161;140;155m[38;2;161;140;155m+[0m[48;2;161;140;155m[38;2;161;140;155m+[0m[48;2;161;140;155m[38;2;161;140;155m+[0m[48;2;161;140;155m[38;2;161;140;155m+[0m[48;2;161;140;155m[38;2;161;140;155m+[0m[48;2;161;140;155m[38;2;161;140;155m+[0m[48;2;161;140;155m[38;2;161;140;155m+[0m[48;2;160;140;154m[38;2;160;140;154m+[0m[48;2;155;134;149m[38;2;155;134;149m*[0m[48;2;153;134;148m[38;2;153;134;148m*[0m[48;2;135;120;132m[38;2;135;120;132m#[0m[48;2;62;54;61m[38;2;62;54;61m░[0m                                
                                             [48;2;227;226;227m[38;2;227;226;227m.[0m[48;2;6;3;8m[38;2;6;3;8m█[0m[48;2;20;17;28m[38;2;20;17;28m▓[0m[48;2;33;28;44m[38;2;33;28;44m▓[0m[48;2;37;32;49m[38;2;37;32;49m▓[0m[48;2;37;32;51m[38;2;37;32;51m▓[0m[48;2;37;31;50m[38;2;37;31;50m▓[0m[48;2;24;18;32m[38;2;24;18;32m▓[0m[48;2;14;7;30m[38;2;14;7;30m█[0m[48;2;52;41;70m[38;2;52;41;70m▒[0m[48;2;98;85;97m[38;2;98;85;97m@[0m[48;2;141;125;138m[38;2;141;125;138m*[0m[48;2;160;140;155m[38;2;160;140;155m+[0m[48;2;161;140;155m[38;2;161;140;155m+[0m[48;2;161;140;155m[38;2;161;140;155m+[0m[48;2;161;140;155m[38;2;161;140;155m+[0m[48;2;161;140;155m[38;2;161;140;155m+[0m[48;2;161;140;155m[38;2;161;140;155m+[0m[48;2;161;140;155m[38;2;161;140;155m+[0m[48;2;161;140;155m[38;2;161;140;155m+[0m[48;2;161;140;155m[38;2;161;140;155m+[0m[48;2;161;140;155m[38;2;161;140;155m+[0m[48;2;161;140;155m[38;2;161;140;155m+[0m[48;2;161;140;155m[38;2;161;140;155m+[0m[48;2;161;140;155m[38;2;161;140;155m+[0m[48;2;161;140;155m[38;2;161;140;155m+[0m[48;2;161;140;155m[38;2;161;140;155m+[0m[48;2;161;140;155m[38;2;161;140;155m+[0m[48;2;160;140;155m[38;2;160;140;155m+[0m[48;2;159;141;154m[38;2;159;141;154m+[0m[48;2;142;126;138m[38;2;142;126;138m*[0m[48;2;54;43;52m[38;2;54;43;52m▒[0m[48;2;188;183;188m[38;2;188;183;188m-[0m                                
                                              [48;2;17;14;19m[38;2;17;14;19m█[0m[48;2;24;21;32m[38;2;24;21;32m▓[0m[48;2;18;13;28m[38;2;18;13;28m█[0m[48;2;15;11;26m[38;2;15;11;26m█[0m[48;2;17;13;28m[38;2;17;13;28m█[0m[48;2;20;16;30m[38;2;20;16;30m▓[0m[48;2;16;13;25m[38;2;16;13;25m█[0m[48;2;13;8;29m[38;2;13;8;29m█[0m[48;2;78;60;157m[38;2;78;60;157m@[0m[48;2;58;43;131m[38;2;58;43;131m░[0m[48;2;44;34;79m[38;2;44;34;79m▒[0m[48;2;49;40;77m[38;2;49;40;77m▒[0m[48;2;66;56;77m[38;2;66;56;77m░[0m[48;2;100;87;97m[38;2;100;87;97m%[0m[48;2;127;112;124m[38;2;127;112;124m#[0m[48;2;150;132;146m[38;2;150;132;146m*[0m[48;2;159;140;154m[38;2;159;140;154m+[0m[48;2;160;141;155m[38;2;160;141;155m+[0m[48;2;160;141;155m[38;2;160;141;155m+[0m[48;2;160;141;155m[38;2;160;141;155m+[0m[48;2;160;141;155m[38;2;160;141;155m+[0m[48;2;161;140;155m[38;2;161;140;155m+[0m[48;2;161;140;155m[38;2;161;140;155m+[0m[48;2;160;141;155m[38;2;160;141;155m+[0m[48;2;160;140;155m[38;2;160;140;155m+[0m[48;2;158;139;153m[38;2;158;139;153m*[0m[48;2;137;120;134m[38;2;137;120;134m#[0m[48;2;98;85;95m[38;2;98;85;95m@[0m[48;2;55;46;54m[38;2;55;46;54m▒[0m[48;2;87;80;87m[38;2;87;80;87m@[0m[48;2;209;206;210m[38;2;209;206;210m:[0m                                 
                                              [48;2;56;53;58m[38;2;56;53;58m▒[0m[48;2;31;27;40m[38;2;31;27;40m▓[0m[48;2;36;31;49m[38;2;36;31;49m▓[0m[48;2;36;31;50m[38;2;36;31;50m▓[0m[48;2;36;31;50m[38;2;36;31;50m▓[0m[48;2;34;29;48m[38;2;34;29;48m▓[0m[48;2;32;27;46m[38;2;32;27;46m▓[0m[48;2;14;9;25m[38;2;14;9;25m█[0m[48;2;55;38;128m[38;2;55;38;128m▒[0m[48;2;82;68;155m[38;2;82;68;155m@[0m[48;2;85;71;155m[38;2;85;71;155m@[0m[48;2;85;69;167m[38;2;85;69;167m@[0m[48;2;38;23;112m[38;2;38;23;112m▒[0m[48;2;4;0;8m[38;2;4;0;8m█[0m[48;2;16;9;39m[38;2;16;9;39m█[0m[48;2;38;25;93m[38;2;38;25;93m▒[0m[48;2;40;30;69m[38;2;40;30;69m▒[0m[48;2;47;35;85m[38;2;47;35;85m▒[0m[48;2;57;49;69m[38;2;57;49;69m▒[0m[48;2;64;55;73m[38;2;64;55;73m░[0m[48;2;63;53;70m[38;2;63;53;70m░[0m[48;2;64;54;64m[38;2;64;54;64m░[0m[48;2;64;53;63m[38;2;64;53;63m░[0m[48;2;57;48;58m[38;2;57;48;58m▒[0m[48;2;42;34;45m[38;2;42;34;45m▒[0m[48;2;23;15;27m[38;2;23;15;27m▓[0m[48;2;19;14;22m[38;2;19;14;22m█[0m[48;2;140;138;143m[38;2;140;138;143m*[0m[48;2;230;228;232m[38;2;230;228;232m.[0m                                   
                                              [48;2;137;136;138m[38;2;137;136;138m*[0m[48;2;19;16;24m[38;2;19;16;24m█[0m[48;2;37;32;50m[38;2;37;32;50m▓[0m[48;2;37;31;52m[38;2;37;31;52m▓[0m[48;2;37;31;52m[38;2;37;31;52m▓[0m[48;2;37;31;52m[38;2;37;31;52m▓[0m[48;2;37;31;52m[38;2;37;31;52m▓[0m[48;2;29;24;44m[38;2;29;24;44m▓[0m[48;2;19;12;44m[38;2;19;12;44m█[0m[48;2;76;66;122m[38;2;76;66;122m@[0m[48;2;85;71;155m[38;2;85;71;155m@[0m[48;2;73;54;170m[38;2;73;54;170m░[0m[48;2;78;64;150m[38;2;78;64;150m@[0m[48;2;18;10;55m[38;2;18;10;55m█[0m[48;2;66;63;73m[38;2;66;63;73m░[0m[48;2;31;21;79m[38;2;31;21;79m▓[0m[48;2;85;70;160m[38;2;85;70;160m@[0m[48;2;63;44;161m[38;2;63;44;161m░[0m[48;2;79;65;150m[38;2;79;65;150m@[0m[48;2;58;46;110m[38;2;58;46;110m░[0m[48;2;34;28;50m[38;2;34;28;50m▓[0m[48;2;9;5;13m[38;2;9;5;13m█[0m[48;2;66;61;69m[38;2;66;61;69m░[0m[48;2;46;40;54m[38;2;46;40;54m▒[0m[48;2;38;31;50m[38;2;38;31;50m▓[0m[48;2;37;31;52m[38;2;37;31;52m▓[0m[48;2;32;27;46m[38;2;32;27;46m▓[0m[48;2;20;16;30m[38;2;20;16;30m▓[0m[48;2;56;53;61m[38;2;56;53;61m▒[0m[48;2;151;150;152m[38;2;151;150;152m+[0m[48;2;241;240;241m[38;2;241;240;241m [0m                                 
                                              [48;2;227;226;227m[38;2;227;226;227m.[0m[48;2;20;18;24m[38;2;20;18;24m▓[0m[48;2;35;30;47m[38;2;35;30;47m▓[0m[48;2;37;31;52m[38;2;37;31;52m▓[0m[48;2;37;31;52m[38;2;37;31;52m▓[0m[48;2;37;31;52m[38;2;37;31;52m▓[0m[48;2;37;31;52m[38;2;37;31;52m▓[0m[48;2;37;31;52m[38;2;37;31;52m▓[0m[48;2;31;25;45m[38;2;31;25;45m▓[0m[48;2;20;16;32m[38;2;20;16;32m▓[0m[48;2;27;23;37m[38;2;27;23;37m▓[0m[48;2;32;26;57m[38;2;32;26;57m▓[0m[48;2;49;42;76m[38;2;49;42;76m▒[0m[48;2;24;13;71m[38;2;24;13;71m▓[0m[48;2;70;68;74m[38;2;70;68;74m░[0m[48;2;120;120;122m[38;2;120;120;122m#[0m[48;2;17;13;34m[38;2;17;13;34m█[0m[48;2;58;56;70m[38;2;58;56;70m░[0m[48;2;104;101;114m[38;2;104;101;114m%[0m[48;2;168;166;171m[38;2;168;166;171m=[0m[48;2;233;230;234m[38;2;233;230;234m.[0m[48;2;165;163;167m[38;2;165;163;167m+[0m[48;2;26;23;30m[38;2;26;23;30m▓[0m[48;2;57;53;61m[38;2;57;53;61m░[0m[48;2;64;60;70m[38;2;64;60;70m░[0m[48;2;39;34;52m[38;2;39;34;52m▒[0m[48;2;37;31;52m[38;2;37;31;52m▓[0m[48;2;37;31;52m[38;2;37;31;52m▓[0m[48;2;36;30;50m[38;2;36;30;50m▓[0m[48;2;28;23;39m[38;2;28;23;39m▓[0m[48;2;33;30;39m[38;2;33;30;39m▓[0m[48;2;150;149;152m[38;2;150;149;152m+[0m                                
                                               [48;2;122;120;124m[38;2;122;120;124m#[0m[48;2;21;17;29m[38;2;21;17;29m▓[0m[48;2;37;31;51m[38;2;37;31;51m▓[0m[48;2;37;31;52m[38;2;37;31;52m▓[0m[48;2;37;31;52m[38;2;37;31;52m▓[0m[48;2;37;31;52m[38;2;37;31;52m▓[0m[48;2;37;31;52m[38;2;37;31;52m▓[0m[48;2;37;31;52m[38;2;37;31;52m▓[0m[48;2;37;31;51m[38;2;37;31;51m▓[0m[48;2;77;72;87m[38;2;77;72;87m@[0m[48;2;15;12;20m[38;2;15;12;20m█[0m[48;2;51;49;56m[38;2;51;49;56m▒[0m[48;2;157;154;161m[38;2;157;154;161m+[0m[48;2;204;202;206m[38;2;204;202;206m:[0m[48;2;190;190;190m[38;2;190;190;190m-[0m[48;2;44;43;44m[38;2;44;43;44m▒[0m[48;2;85;83;87m[38;2;85;83;87m@[0m[48;2;118;117;121m[38;2;118;117;121m#[0m[48;2;212;211;214m[38;2;212;211;214m:[0m [48;2;231;229;232m[38;2;231;229;232m.[0m[48;2;40;38;42m[38;2;40;38;42m▒[0m[48;2;127;124;130m[38;2;127;124;130m#[0m[48;2;36;33;39m[38;2;36;33;39m▓[0m[48;2;58;54;64m[38;2;58;54;64m░[0m[48;2;66;61;75m[38;2;66;61;75m░[0m[48;2;39;33;53m[38;2;39;33;53m▒[0m[48;2;37;31;52m[38;2;37;31;52m▓[0m[48;2;37;31;52m[38;2;37;31;52m▓[0m[48;2;36;31;50m[38;2;36;31;50m▓[0m[48;2;22;18;30m[38;2;22;18;30m▓[0m[48;2;79;77;81m[38;2;79;77;81m@[0m                               