                                                                                                    
                                                                                                    
                                                                                                    
                                                                                                    
                                                                                                    
                                                                                                    
                                                                                                    
                                                                                                    
                                                                                                    
                                                                                                    
                                                                                                    
                                                 [48;2;231;231;231m[38;2;231;231;231m.[0m[48;2;214;214;214m[38;2;214;214;214m:[0m[48;2;204;204;205m[38;2;204;204;205m:[0m[48;2;206;205;206m[38;2;206;205;206m:[0m[48;2;219;219;219m[38;2;219;219;219m:[0m[48;2;240;240;240m[38;2;240;240;240m [0m                                             
                                             [48;2;211;211;212m[38;2;211;211;212m:[0m[48;2;110;109;112m[38;2;110;109;112m%[0m[48;2;60;59;64m[38;2;60;59;64m░[0m[48;2;33;32;39m[38;2;33;32;39m▓[0m[48;2;25;24;33m[38;2;25;24;33m▓[0m[48;2;28;27;37m[38;2;28;27;37m▓[0m[48;2;30;28;40m[38;2;30;28;40m▓[0m[48;2;29;27;39m[38;2;29;27;39m▓[0m[48;2;27;26;37m[38;2;27;26;37m▓[0m[48;2;24;23;34m[38;2;24;23;34m▓[0m[48;2;48;46;56m[38;2;48;46;56m▒[0m[48;2;93;92;101m[38;2;93;92;101m%[0m[48;2;161;160;165m[38;2;161;160;165m+[0m[48;2;240;240;241m[38;2;240;240;241m [0m                                         
                                            [48;2;130;129;130m[38;2;130;129;130m*[0m[48;2;27;25;34m[38;2;27;25;34m▓[0m[48;2;40;39;53m[38;2;40;39;53m▒[0m[48;2;43;42;59m[38;2;43;42;59m▒[0m[48;2;42;43;59m[38;2;42;43;59m▒[0m[48;2;41;43;59m[38;2;41;43;59m▒[0m[48;2;41;43;59m[38;2;41;43;59m▒[0m[48;2;41;43;59m[38;2;41;43;59m▒[0m[48;2;41;43;59m[38;2;41;43;59m▒[0m[48;2;41;43;59m[38;2;41;43;59m▒[0m[48;2;41;43;59m[38;2;41;43;59m▒[0m[48;2;41;43;59m[38;2;41;43;59m▒[0m[48;2;42;42;60m[38;2;42;42;60m▒[0m[48;2;33;32;49m[38;2;33;32;49m▓[0m[48;2;32;31;42m[38;2;32;31;42m▓[0m[48;2;122;121;126m[38;2;122;121;126m#[0m[48;2;208;208;209m[38;2;208;208;209m:[0m                                       
                                           [48;2;100;99;101m[38;2;100;99;101m%[0m[48;2;29;27;37m[38;2;29;27;37m▓[0m[48;2;43;42;58m[38;2;43;42;58m▒[0m[48;2;41;43;59m[38;2;41;43;59m▒[0m[48;2;41;43;59m[38;2;41;43;59m▒[0m[48;2;40;44;59m[38;2;40;44;59m▒[0m[48;2;40;44;59m[38;2;40;44;59m▒[0m[48;2;40;44;59m[38;2;40;44;59m▒[0m[48;2;40;44;59m[38;2;40;44;59m▒[0m[48;2;40;44;59m[38;2;40;44;59m▒[0m[48;2;40;44;59m[38;2;40;44;59m▒[0m[48;2;40;44;59m[38;2;40;44;59m▒[0m[48;2;40;44;59m[38;2;40;44;59m▒[0m[48;2;40;44;59m[38;2;40;44;59m▒[0m[48;2;41;44;59m[38;2;41;44;59m▒[0m[48;2;44;43;59m[38;2;44;43;59m▒[0m[48;2;54;52;61m[38;2;54;52;61m▒[0m[48;2;6;5;10m[38;2;6;5;10m█[0m[48;2;79;77;82m[38;2;79;77;82m@[0m[48;2;215;214;216m[38;2;215;214;216m:[0m                                     
                                         [48;2;161;161;162m[38;2;161;161;162m+[0m[48;2;13;12;15m[38;2;13;12;15m█[0m[48;2;28;26;35m[38;2;28;26;35m▓[0m[48;2;44;43;59m[38;2;44;43;59m▒[0m[48;2;41;43;59m[38;2;41;43;59m▒[0m[48;2;40;44;59m[38;2;40;44;59m▒[0m[48;2;40;44;59m[38;2;40;44;59m▒[0m[48;2;40;44;59m[38;2;40;44;59m▒[0m[48;2;40;44;59m[38;2;40;44;59m▒[0m[48;2;40;44;59m[38;2;40;44;59m▒[0m[48;2;40;44;59m[38;2;40;44;59m▒[0m[48;2;40;44;59m[38;2;40;44;59m▒[0m[48;2;40;44;59m[38;2;40;44;59m▒[0m[48;2;40;44;59m[38;2;40;44;59m▒[0m[48;2;40;44;59m[38;2;40;44;59m▒[0m[48;2;40;44;59m[38;2;40;44;59m▒[0m[48;2;40;44;59m[38;2;40;44;59m▒[0m[48;2;46;46;61m[38;2;46;46;61m▒[0m[48;2;76;74;83m[38;2;76;74;83m@[0m[48;2;14;12;18m[38;2;14;12;18m█[0m[48;2;117;109;117m[38;2;117;109;117m#[0m[48;2;57;51;57m[38;2;57;51;57m▒[0m[48;2;208;206;207m[38;2;208;206;207m:[0m                                    
                                         [48;2;29;28;31m[38;2;29;28;31m▓[0m[48;2;13;12;19m[38;2;13;12;19m█[0m[48;2;44;43;59m[38;2;44;43;59m▒[0m[48;2;41;43;59m[38;2;41;43;59m▒[0m[48;2;40;44;59m[38;2;40;44;59m▒[0m[48;2;40;44;59m[38;2;40;44;59m▒[0m[48;2;40;44;59m[38;2;40;44;59m▒[0m[48;2;40;44;59m[38;2;40;44;59m▒[0m[48;2;40;44;59m[38;2;40;44;59m▒[0m[48;2;40;44;59m[38;2;40;44;59m▒[0m[48;2;40;44;59m[38;2;40;44;59m▒[0m[48;2;40;44;59m[38;2;40;44;59m▒[0m[48;2;40;44;59m[38;2;40;44;59m▒[0m[48;2;40;44;59m[38;2;40;44;59m▒[0m[48;2;40;44;59m[38;2;40;44;59m▒[0m[48;2;40;44;59m[38;2;40;44;59m▒[0m[48;2;41;43;59m[38;2;41;43;59m▒[0m[48;2;58;58;74m[38;2;58;58;74m░[0m[48;2;46;44;56m[38;2;46;44;56m▒[0m[48;2;20;14;23m[38;2;20;14;23m█[0m[48;2;109;99;108m[38;2;109;99;108m%[0m[48;2;118;105;114m[38;2;118;105;114m#[0m[48;2;61;54;58m[38;2;61;54;58m░[0m                                    
                                       [48;2;233;233;233m[38;2;233;233;233m.[0m[48;2;65;64;67m[38;2;65;64;67m░[0m[48;2;28;26;31m[38;2;28;26;31m▓[0m[48;2;30;28;39m[38;2;30;28;39m▓[0m[48;2;42;43;59m[38;2;42;43;59m▒[0m[48;2;40;44;59m[38;2;40;44;59m▒[0m[48;2;40;44;59m[38;2;40;44;59m▒[0m[48;2;40;44;59m[38;2;40;44;59m▒[0m[48;2;40;44;59m[38;2;40;44;59m▒[0m[48;2;40;44;59m[38;2;40;44;59m▒[0m[48;2;40;44;59m[38;2;40;44;59m▒[0m[48;2;40;44;59m[38;2;40;44;59m▒[0m[48;2;40;44;59m[38;2;40;44;59m▒[0m[48;2;40;44;59m[38;2;40;44;59m▒[0m[48;2;40;44;59m[38;2;40;44;59m▒[0m[48;2;40;44;59m[38;2;40;44;59m▒[0m[48;2;40;44;59m[38;2;40;44;59m▒[0m[48;2;42;43;59m[38;2;42;43;59m▒[0m[48;2;63;61;77m[38;2;63;61;77m░[0m[48;2;61;59;72m[38;2;61;59;72m░[0m[48;2;24;21;33m[38;2;24;21;33m▓[0m[48;2;99;89;100m[38;2;99;89;100m%[0m[48;2;103;92;101m[38;2;103;92;101m%[0m[48;2;38;28;36m[38;2;38;28;36m▓[0m[48;2;74;66;72m[38;2;74;66;72m░[0m[48;2;177;176;178m[38;2;177;176;178m=[0m                                   
                                       [48;2;56;54;57m[38;2;56;54;57m░[0m[48;2;106;96;106m[38;2;106;96;106m%[0m[48;2;69;59;70m[38;2;69;59;70m░[0m[48;2;35;33;45m[38;2;35;33;45m▓[0m[48;2;40;44;59m[38;2;40;44;59m▒[0m[48;2;40;44;59m[38;2;40;44;59m▒[0m[48;2;40;44;59m[38;2;40;44;59m▒[0m[48;2;40;44;59m[38;2;40;44;59m▒[0m[48;2;40;44;59m[38;2;40;44;59m▒[0m[48;2;40;44;59m[38;2;40;44;59m▒[0m[48;2;40;44;59m[38;2;40;44;59m▒[0m[48;2;40;44;59m[38;2;40;44;59m▒[0m[48;2;40;44;59m[38;2;40;44;59m▒[0m[48;2;40;44;59m[38;2;40;44;59m▒[0m[48;2;40;44;59m[38;2;40;44;59m▒[0m[48;2;40;44;59m[38;2;40;44;59m▒[0m[48;2;47;46;63m[38;2;47;46;63m▒[0m[48;2;71;69;83m[38;2;71;69;83m░[0m[48;2;51;49;60m[38;2;51;49;60m▒[0m[48;2;30;27;36m[38;2;30;27;36m▓[0m[48;2;111;102;112m[38;2;111;102;112m%[0m[48;2;157;141;154m[38;2;157;141;154m+[0m[48;2;157;140;153m[38;2;157;140;153m+[0m[48;2;51;40;47m[38;2;51;40;47m▒[0m[48;2;80;75;80m[38;2;80;75;80m@[0m[48;2;127;126;127m[38;2;127;126;127m#[0m                                   
                                      [48;2;109;108;110m[38;2;109;108;110m%[0m[48;2;90;82;89m[38;2;90;82;89m@[0m[48;2;158;142;155m[38;2;158;142;155m+[0m[48;2;95;84;95m[38;2;95;84;95m@[0m[48;2;27;24;36m[38;2;27;24;36m▓[0m[48;2;41;44;59m[38;2;41;44;59m▒[0m[48;2;40;44;59m[38;2;40;44;59m▒[0m[48;2;40;44;59m[38;2;40;44;59m▒[0m[48;2;40;44;59m[38;2;40;44;59m▒[0m[48;2;40;44;59m[38;2;40;44;59m▒[0m[48;2;40;44;59m[38;2;40;44;59m▒[0m[48;2;40;44;59m[38;2;40;44;59m▒[0m[48;2;40;44;59m[38;2;40;44;59m▒[0m[48;2;40;44;59m[38;2;40;44;59m▒[0m[48;2;42;43;58m[38;2;42;43;58m▒[0m[48;2;51;49;64m[38;2;51;49;64m▒[0m[48;2;68;66;79m[38;2;68;66;79m░[0m[48;2;58;54;66m[38;2;58;54;66m░[0m[48;2;31;26;36m[38;2;31;26;36m▓[0m[48;2;85;74;84m[38;2;85;74;84m@[0m[48;2;151;135;148m[38;2;151;135;148m*[0m[48;2;160;141;155m[38;2;160;141;155m+[0m[48;2;161;140;155m[38;2;161;140;155m+[0m[48;2;161;140;155m[38;2;161;140;155m+[0m[48;2;81;69;78m[38;2;81;69;78m@[0m[48;2;32;30;33m[38;2;32;30;33m▓[0m[48;2;129;129;131m[38;2;129;129;131m*[0m                                   
                                     [48;2;214;213;214m[38;2;214;213;214m:[0m[48;2;48;43;48m[38;2;48;43;48m▒[0m[48;2;157;141;152m[38;2;157;141;152m+[0m[48;2;160;142;155m[38;2;160;142;155m+[0m[48;2;81;68;80m[38;2;81;68;80m@[0m[48;2;29;22;32m[38;2;29;22;32m▓[0m[48;2;33;31;44m[38;2;33;31;44m▓[0m[48;2;42;43;58m[38;2;42;43;58m▒[0m[48;2;41;43;59m[38;2;41;43;59m▒[0m[48;2;40;44;59m[38;2;40;44;59m▒[0m[48;2;40;44;59m[38;2;40;44;59m▒[0m[48;2;41;43;59m[38;2;41;43;59m▒[0m[48;2;44;46;60m[38;2;44;46;60m▒[0m[48;2;59;60;74m[38;2;59;60;74m░[0m[48;2;49;49;64m[38;2;49;49;64m▒[0m[48;2;60;58;70m[38;2;60;58;70m░[0m[48;2;44;40;50m[38;2;44;40;50m▒[0m[48;2;45;39;48m[38;2;45;39;48m▒[0m[48;2;95;85;94m[38;2;95;85;94m@[0m[48;2;150;133;146m[38;2;150;133;146m*[0m[48;2;160;140;155m[38;2;160;140;155m+[0m[48;2;161;140;155m[38;2;161;140;155m+[0m[48;2;161;140;155m[38;2;161;140;155m+[0m[48;2;161;140;155m[38;2;161;140;155m+[0m[48;2;161;140;155m[38;2;161;140;155m+[0m[48;2;91;79;89m[38;2;91;79;89m@[0m[48;2;13;12;15m[38;2;13;12;15m█[0m[48;2;195;194;196m[38;2;195;194;196m-[0m                                   
                                     [48;2;99;97;98m[38;2;99;97;98m%[0m[48;2;123;112;120m[38;2;123;112;120m#[0m[48;2;161;142;156m[38;2;161;142;156m+[0m[48;2;161;141;156m[38;2;161;141;156m+[0m[48;2;102;88;100m[38;2;102;88;100m%[0m[48;2;84;73;84m[38;2;84;73;84m@[0m[48;2;58;49;60m[38;2;58;49;60m▒[0m[48;2;27;23;36m[38;2;27;23;36m▓[0m[48;2;40;38;54m[38;2;40;38;54m▒[0m[48;2;42;44;57m[38;2;42;44;57m▒[0m[48;2;56;56;70m[38;2;56;56;70m░[0m[48;2;64;63;76m[38;2;64;63;76m░[0m[48;2;58;56;64m[38;2;58;56;64m░[0m[48;2;28;25;33m[38;2;28;25;33m▓[0m[48;2;46;40;49m[38;2;46;40;49m▒[0m[48;2;86;76;85m[38;2;86;76;85m@[0m[48;2;135;121;132m[38;2;135;121;132m#[0m[48;2;159;142;154m[38;2;159;142;154m+[0m[48;2;159;141;154m[38;2;159;141;154m+[0m[48;2;156;136;151m[38;2;156;136;151m*[0m[48;2;161;140;155m[38;2;161;140;155m+[0m[48;2;161;140;155m[38;2;161;140;155m+[0m[48;2;161;140;155m[38;2;161;140;155m+[0m[48;2;161;140;155m[38;2;161;140;155m+[0m[48;2;160;141;155m[38;2;160;141;155m+[0m[48;2;64;52;61m[38;2;64;52;61m░[0m[48;2;149;147;151m[38;2;149;147;151m+[0m[48;2;154;153;154m[38;2;154;153;154m+[0m[48;2;176;176;177m[38;2;176;176;177m=[0m[48;2;205;205;205m[38;2;205;205;205m:[0m                                 
                                     [48;2;40;36;39m[38;2;40;36;39m▒[0m[48;2;157;141;151m[38;2;157;141;151m+[0m[48;2;161;140;155m[38;2;161;140;155m+[0m[48;2;161;140;155m[38;2;161;140;155m+[0m[48;2;157;138;152m[38;2;157;138;152m*[0m[48;2;50;38;49m[38;2;50;38;49m▒[0m[48;2;103;89;101m[38;2;103;89;101m%[0m[48;2;100;87;99m[38;2;100;87;99m%[0m[48;2;84;74;84m[38;2;84;74;84m@[0m[48;2;71;63;72m[38;2;71;63;72m░[0m[48;2;32;24;33m[38;2;32;24;33m▓[0m[48;2;79;70;80m[38;2;79;70;80m@[0m[48;2;110;98;109m[38;2;110;98;109m%[0m[48;2;144;130;142m[38;2;144;130;142m*[0m[48;2;157;142;154m[38;2;157;142;154m+[0m[48;2;140;125;137m[38;2;140;125;137m*[0m[48;2;108;93;105m[38;2;108;93;105m%[0m[48;2;79;65;75m[38;2;79;65;75m░[0m[48;2;73;60;71m[38;2;73;60;71m░[0m[48;2;113;98;110m[38;2;113;98;110m%[0m[48;2;161;141;155m[38;2;161;141;155m+[0m[48;2;161;140;155m[38;2;161;140;155m+[0m[48;2;161;140;155m[38;2;161;140;155m+[0m[48;2;161;140;155m[38;2;161;140;155m+[0m[48;2;140;123;136m[38;2;140;123;136m*[0m[48;2;16;7;14m[38;2;16;7;14m█[0m[48;2;20;17;22m[38;2;20;17;22m▓[0m[48;2;196;193;198m[38;2;196;193;198m-[0m[48;2;66;63;67m[38;2;66;63;67m░[0m[48;2;38;36;39m[38;2;38;36;39m▒[0m[48;2;170;170;171m[38;2;170;170;171m=[0m                                
                                    [48;2;226;226;226m[38;2;226;226;226m.[0m[48;2;47;41;45m[38;2;47;41;45m▒[0m[48;2;161;142;153m[38;2;161;142;153m+[0m[48;2;161;140;155m[38;2;161;140;155m+[0m[48;2;161;140;155m[38;2;161;140;155m+[0m[48;2;161;140;155m[38;2;161;140;155m+[0m[48;2;145;128;141m[38;2;145;128;141m*[0m[48;2;45;33;42m[38;2;45;33;42m▒[0m[48;2;24;15;23m[38;2;24;15;23m▓[0m[48;2;104;95;103m[38;2;104;95;103m%[0m[48;2;31;23;31m[38;2;31;23;31m▓[0m[48;2;40;33;40m[38;2;40;33;40m▓[0m[48;2;85;76;84m[38;2;85;76;84m@[0m[48;2;77;67;76m[38;2;77;67;76m░[0m[48;2;74;64;74m[38;2;74;64;74m░[0m[48;2;74;63;72m[38;2;74;63;72m░[0m[48;2;93;80;91m[38;2;93;80;91m@[0m[48;2;128;109;123m[38;2;128;109;123m#[0m[48;2;157;137;151m[38;2;157;137;151m*[0m[48;2;160;141;155m[38;2;160;141;155m+[0m[48;2;161;141;155m[38;2;161;141;155m+[0m[48;2;161;140;155m[38;2;161;140;155m+[0m[48;2;161;140;155m[38;2;161;140;155m+[0m[48;2;161;140;155m[38;2;161;140;155m+[0m[48;2;160;140;154m[38;2;160;140;154m+[0m[48;2;56;45;54m[38;2;56;45;54m▒[0m[48;2;26;21;30m[38;2;26;21;30m▓[0m[48;2;19;15;25m[38;2;19;15;25m█[0m[48;2;173;170;174m[38;2;173;170;174m=[0m[48;2;223;222;223m[38;2;223;222;223m.[0m[48;2;40;40;40m[38;2;40;40;40m▒[0m                                 
                                    [48;2;233;233;233m[38;2;233;233;233m.[0m[48;2;45;40;43m[38;2;45;40;43m▒[0m[48;2;161;143;154m[38;2;161;143;154m+[0m[48;2;161;140;155m[38;2;161;140;155m+[0m[48;2;161;140;155m[38;2;161;140;155m+[0m[48;2;161;140;155m[38;2;161;140;155m+[0m[48;2;161;140;155m[38;2;161;140;155m+[0m[48;2;157;138;152m[38;2;157;138;152m*[0m[48;2;59;46;57m[38;2;59;46;57m▒[0m[48;2;9;3;10m[38;2;9;3;10m█[0m[48;2;9;6;12m[38;2;9;6;12m█[0m[48;2;28;25;31m[38;2;28;25;31m▓[0m[48;2;72;66;73m[38;2;72;66;73m░[0m[48;2;121;109;119m[38;2;121;109;119m#[0m[48;2;159;140;154m[38;2;159;140;154m+[0m[48;2;161;140;155m[38;2;161;140;155m+[0m[48;2;161;140;155m[38;2;161;140;155m+[0m[48;2;161;140;155m[38;2;161;140;155m+[0m[48;2;161;140;155m[38;2;161;140;155m+[0m[48;2;161;140;155m[38;2;161;140;155m+[0m[48;2;161;140;155m[38;2;161;140;155m+[0m[48;2;161;140;155m[38;2;161;140;155m+[0m[48;2;161;140;155m[38;2;161;140;155m+[0m[48;2;161;140;155m[38;2;161;140;155m+[0m[48;2;152;132;146m[38;2;152;132;146m*[0m[48;2;47;37;45m[38;2;47;37;45m▒[0m[48;2;23;18;26m[38;2;23;18;26m▓[0m[48;2;26;21;33m[38;2;26;21;33m▓[0m[48;2;114;113;115m[38;2;114;113;115m#[0m[48;2;199;199;199m[38;2;199;199;199m-[0m[48;2;53;53;53m[38;2;53;53;53m▒[0m[48;2;123;123;123m[38;2;123;123;123m#[0m[48;2;147;147;147m[38;2;147;147;147m+[0m[48;2;162;162;162m[38;2;162;162;162m+[0m[48;2;197;196;197m[38;2;197;196;197m-[0m[48;2;239;238;238m[38;2;239;238;238m [0m                            
                                    [48;2;186;186;186m[38;2;186;186;186m-[0m[48;2;15;12;15m[38;2;15;12;15m█[0m[48;2;144;127;139m[38;2;144;127;139m*[0m[48;2;161;140;155m[38;2;161;140;155m+[0m[48;2;161;140;155m[38;2;161;140;155m+[0m[48;2;161;140;155m[38;2;161;140;155m+[0m[48;2;161;140;155m[38;2;161;140;155m+[0m[48;2;161;141;155m[38;2;161;141;155m+[0m[48;2;54;42;53m[38;2;54;42;53m▒[0m[48;2;32;25;35m[38;2;32;25;35m▓[0m[48;2;4;2;7m[38;2;4;2;7m█[0m[48;2;16;14;20m[38;2;16;14;20m█[0m[48;2;19;15;21m[38;2;19;15;21m█[0m[48;2;49;40;49m[38;2;49;40;49m▒[0m[48;2;155;138;151m[38;2;155;138;151m*[0m[48;2;161;140;155m[38;2;161;140;155m+[0m[48;2;161;140;155m[38;2;161;140;155m+[0m[48;2;161;140;155m[38;2;161;140;155m+[0m[48;2;161;140;155m[38;2;161;140;155m+[0m[48;2;161;140;155m[38;2;161;140;155m+[0m[48;2;161;140;155m[38;2;161;140;155m+[0m[48;2;161;140;155m[38;2;161;140;155m+[0m[48;2;161;140;155m[38;2;161;140;155m+[0m[48;2;161;140;155m[38;2;161;140;155m+[0m[48;2;161;140;155m[38;2;161;140;155m+[0m[48;2;150;133;146m[38;2;150;133;146m*[0m[48;2;33;25;34m[38;2;33;25;34m▓[0m[48;2;22;17;27m[38;2;22;17;27m▓[0m[48;2;102;99;105m[38;2;102;99;105m%[0m[48;2;149;148;149m[38;2;149;148;149m+[0m[48;2;43;42;43m[38;2;43;42;43m▒[0m[48;2;86;83;87m[38;2;86;83;87m@[0m[48;2;99;98;99m[38;2;99;98;99m%[0m[48;2;55;55;55m[38;2;55;55;55m░[0m[48;2;43;39;40m[38;2;43;39;40m▒[0m[48;2;64;59;62m[38;2;64;59;62m░[0m[48;2;86;81;84m[38;2;86;81;84m@[0m[48;2;150;148;149m[38;2;150;148;149m+[0m                          
                                     [48;2;200;199;199m[38;2;200;199;199m-[0m[48;2;56;47;54m[38;2;56;47;54m▒[0m[48;2;152;133;147m[38;2;152;133;147m*[0m[48;2;161;140;155m[38;2;161;140;155m+[0m[48;2;161;140;155m[38;2;161;140;155m+[0m[48;2;161;140;155m[38;2;161;140;155m+[0m[48;2;161;140;155m[38;2;161;140;155m+[0m[48;2;97;82;92m[38;2;97;82;92m@[0m[48;2;38;29;37m[38;2;38;29;37m▓[0m[48;2;12;7;13m[38;2;12;7;13m█[0m[48;2;11;9;14m[38;2;11;9;14m█[0m[48;2;19;16;22m[38;2;19;16;22m█[0m[48;2;11;7;13m[38;2;11;7;13m█[0m[48;2;72;62;71m[38;2;72;62;71m░[0m[48;2;160;141;155m[38;2;160;141;155m+[0m[48;2;161;140;155m[38;2;161;140;155m+[0m[48;2;161;140;155m[38;2;161;140;155m+[0m[48;2;161;140;155m[38;2;161;140;155m+[0m[48;2;161;140;155m[38;2;161;140;155m+[0m[48;2;161;140;155m[38;2;161;140;155m+[0m[48;2;161;140;155m[38;2;161;140;155m+[0m[48;2;161;140;155m[38;2;161;140;155m+[0m[48;2;161;140;155m[38;2;161;140;155m+[0m[48;2;161;140;155m[38;2;161;140;155m+[0m[48;2;160;140;154m[38;2;160;140;154m+[0m[48;2;145;127;141m[38;2;145;127;141m*[0m[48;2;62;50;61m[38;2;62;50;61m▒[0m[48;2;57;49;57m[38;2;57;49;57m▒[0m[48;2;33;29;33m[38;2;33;29;33m▓[0m[48;2;128;124;128m[38;2;128;124;128m#[0m[48;2;197;194;198m[38;2;197;194;198m-[0m[48;2;187;184;188m[38;2;187;184;188m-[0m[48;2;179;177;179m[38;2;179;177;179m=[0m[48;2;85;79;82m[38;2;85;79;82m@[0m[48;2;88;79;84m[38;2;88;79;84m@[0m[48;2;155;139;148m[38;2;155;139;148m*[0m[48;2;101;89;96m[38;2;101;89;96m%[0m[48;2;115;112;114m[38;2;115;112;114m#[0m                         
                                      [48;2;154;152;153m[38;2;154;152;153m+[0m[48;2;30;23;28m[38;2;30;23;28m▓[0m[48;2;106;95;103m[38;2;106;95;103m%[0m[48;2;156;140;151m[38;2;156;140;151m*[0m[48;2;161;140;155m[38;2;161;140;155m+[0m[48;2;161;140;155m[38;2;161;140;155m+[0m[48;2;161;141;154m[38;2;161;141;154m+[0m[48;2;156;139;150m[38;2;156;139;150m*[0m[48;2;59;48;57m[38;2;59;48;57m▒[0m[48;2;37;29;38m[38;2;37;29;38m▓[0m[48;2;21;15;23m[38;2;21;15;23m█[0m[48;2;78;71;79m[38;2;78;71;79m@[0m[48;2;72;61;71m[38;2;72;61;71m░[0m[48;2;77;65;76m[38;2;77;65;76m░[0m[48;2;110;96;108m[38;2;110;96;108m%[0m[48;2;146;128;142m[38;2;146;128;142m*[0m[48;2;161;140;155m[38;2;161;140;155m+[0m[48;2;161;140;155m[38;2;161;140;155m+[0m[48;2;161;140;155m[38;2;161;140;155m+[0m[48;2;161;140;155m[38;2;161;140;155m+[0m[48;2;161;140;155m[38;2;161;140;155m+[0m[48;2;161;140;155m[38;2;161;140;155m+[0m[48;2;161;140;155m[38;2;161;140;155m+[0m[48;2;161;140;155m[38;2;161;140;155m+[0m[48;2;161;140;155m[38;2;161;140;155m+[0m[48;2;161;140;155m[38;2;161;140;155m+[0m[48;2;152;134;147m[38;2;152;134;147m*[0m[48;2;130;117;125m[38;2;130;117;125m#[0m[48;2;117;104;113m[38;2;117;104;113m%[0m[48;2;105;95;102m[38;2;105;95;102m%[0m[48;2;111;102;110m[38;2;111;102;110m%[0m[48;2;112;102;110m[38;2;112;102;110m%[0m[48;2;135;122;131m[38;2;135;122;131m#[0m[48;2;151;135;146m[38;2;151;135;146m*[0m[48;2;135;117;130m[38;2;135;117;130m#[0m[48;2;84;69;80m[38;2;84;69;80m@[0m[48;2;37;29;36m[38;2;37;29;36m▓[0m[48;2;195;194;196m[38;2;195;194;196m-[0m                        
                                       [48;2;73;72;74m[38;2;73;72;74m░[0m[48;2;82;78;80m[38;2;82;78;80m@[0m[48;2;61;53;59m[38;2;61;53;59m░[0m[48;2;147;131;142m[38;2;147;131;142m*[0m[48;2;160;141;155m[38;2;160;141;155m+[0m[48;2;161;140;155m[38;2;161;140;155m+[0m[48;2;161;140;155m[38;2;161;140;155m+[0m[48;2;161;140;155m[38;2;161;140;155m+[0m[48;2;161;140;155m[38;2;161;140;155m+[0m[48;2;148;128;143m[38;2;148;128;143m*[0m[48;2;77;62;74m[38;2;77;62;74m░[0m[48;2;76;64;75m[38;2;76;64;75m░[0m[48;2;62;53;63m[38;2;62;53;63m░[0m[48;2;11;6;13m[38;2;11;6;13m█[0m[48;2;23;16;23m[38;2;23;16;23m▓[0m[48;2;110;95;107m[38;2;110;95;107m%[0m[48;2;161;140;155m[38;2;161;140;155m+[0m[48;2;123;104;118m[38;2;123;104;118m#[0m[48;2;154;135;149m[38;2;154;135;149m*[0m[48;2;161;140;155m[38;2;161;140;155m+[0m[48;2;161;140;155m[38;2;161;140;155m+[0m[48;2;155;134;149m[38;2;155;134;149m*[0m[48;2;159;138;153m[38;2;159;138;153m*[0m[48;2;161;140;155m[38;2;161;140;155m+[0m[48;2;161;140;155m[38;2;161;140;155m+[0m[48;2;161;140;155m[38;2;161;140;155m+[0m[48;2;161;141;154m[38;2;161;141;154m+[0m[48;2;137;118;131m[38;2;137;118;131m#[0m[48;2;87;73;83m[38;2;87;73;83m@[0m[48;2;80;68;77m[38;2;80;68;77m░[0m[48;2;79;67;76m[38;2;79;67;76m░[0m[48;2;81;68;77m[38;2;81;68;77m░[0m[48;2;85;72;82m[38;2;85;72;82m@[0m[48;2;101;88;99m[38;2;101;88;99m%[0m[48;2;128;114;127m[38;2;128;114;127m#[0m[48;2;104;93;102m[38;2;104;93;102m%[0m[48;2;103;100;104m[38;2;103;100;104m%[0m                        
                                        [48;2;145;145;145m[38;2;145;145;145m*[0m[48;2;123;120;123m[38;2;123;120;123m#[0m[48;2;64;59;64m[38;2;64;59;64m░[0m[48;2;92;82;92m[38;2;92;82;92m@[0m[48;2;152;135;149m[38;2;152;135;149m*[0m[48;2;161;140;155m[38;2;161;140;155m+[0m[48;2;161;140;155m[38;2;161;140;155m+[0m[48;2;161;140;155m[38;2;161;140;155m+[0m[48;2;161;140;155m[38;2;161;140;155m+[0m[48;2;161;140;155m[38;2;161;140;155m+[0m[48;2;152;135;149m[38;2;152;135;149m*[0m[48;2;127;111;124m[38;2;127;111;124m#[0m[48;2;119;103;116m[38;2;119;103;116m%[0m[48;2;154;136;150m[38;2;154;136;150m*[0m[48;2;160;139;154m[38;2;160;139;154m+[0m[48;2;161;140;155m[38;2;161;140;155m+[0m[48;2;129;110;124m[38;2;129;110;124m#[0m[48;2;76;63;73m[38;2;76;63;73m░[0m[48;2;78;64;75m[38;2;78;64;75m░[0m[48;2;80;68;77m[38;2;80;68;77m░[0m[48;2;46;36;45m[38;2;46;36;45m▒[0m[48;2;17;9;16m[38;2;17;9;16m█[0m[48;2;34;26;34m[38;2;34;26;34m▓[0m[48;2;45;36;44m[38;2;45;36;44m▒[0m[48;2;55;46;54m[38;2;55;46;54m▒[0m[48;2;68;58;66m[38;2;68;58;66m░[0m[48;2;73;63;71m[38;2;73;63;71m░[0m[48;2;76;66;74m[38;2;76;66;74m░[0m[48;2;77;67;75m[38;2;77;67;75m░[0m[48;2;76;66;75m[38;2;76;66;75m░[0m[48;2;70;61;69m[38;2;70;61;69m░[0m[48;2;59;51;59m[38;2;59;51;59m▒[0m[48;2;87;82;88m[38;2;87;82;88m@[0m[48;2;94;90;96m[38;2;94;90;96m%[0m[48;2;108;104;109m[38;2;108;104;109m%[0m[48;2;234;232;235m[38;2;234;232;235m.[0m                        
                                         [48;2;191;191;191m[38;2;191;191;191m-[0m[48;2;13;10;15m[38;2;13;10;15m█[0m[48;2;14;10;18m[38;2;14;10;18m█[0m[48;2;18;12;24m[38;2;18;12;24m█[0m[48;2;77;66;81m[38;2;77;66;81m░[0m[48;2;126;110;124m[38;2;126;110;124m#[0m[48;2;156;137;151m[38;2;156;137;151m*[0m[48;2;161;140;155m[38;2;161;140;155m+[0m[48;2;161;140;155m[38;2;161;140;155m+[0m[48;2;161;140;155m[38;2;161;140;155m+[0m[48;2;160;140;155m[38;2;160;140;155m+[0m[48;2;100;83;96m[38;2;100;83;96m@[0m[48;2;76;60;73m[38;2;76;60;73m░[0m[48;2;119;101;115m[38;2;119;101;115m%[0m[48;2;141;123;137m[38;2;141;123;137m*[0m[48;2;157;138;152m[38;2;157;138;152m*[0m[48;2;160;142;155m[38;2;160;142;155m+[0m[48;2;160;141;155m[38;2;160;141;155m+[0m[48;2;157;139;153m[38;2;157;139;153m*[0m[48;2;153;135;148m[38;2;153;135;148m*[0m[48;2;149;133;146m[38;2;149;133;146m*[0m[48;2;149;133;145m[38;2;149;133;145m*[0m[48;2;151;135;147m[38;2;151;135;147m*[0m[48;2;154;138;150m[38;2;154;138;150m*[0m[48;2;158;141;154m[38;2;158;141;154m+[0m[48;2;159;141;155m[38;2;159;141;155m+[0m[48;2;155;139;151m[38;2;155;139;151m*[0m[48;2;131;115;127m[38;2;131;115;127m#[0m[48;2;89;78;86m[38;2;89;78;86m@[0m[48;2;81;73;80m[38;2;81;73;80m@[0m[48;2;173;168;172m[38;2;173;168;172m=[0m                            
                                        [48;2;224;224;224m[38;2;224;224;224m.[0m[48;2;31;30;35m[38;2;31;30;35m▓[0m[48;2;34;30;45m[38;2;34;30;45m▓[0m[48;2;22;17;33m[38;2;22;17;33m▓[0m[48;2;8;3;19m[38;2;8;3;19m█[0m[48;2;82;69;136m[38;2;82;69;136m@[0m[48;2;69;59;108m[38;2;69;59;108m░[0m[48;2;37;27;74m[38;2;37;27;74m▓[0m[48;2;42;34;46m[38;2;42;34;46m▒[0m[48;2;74;62;82m[38;2;74;62;82m░[0m[48;2;97;85;97m[38;2;97;85;97m@[0m[48;2;119;105;118m[38;2;119;105;118m#[0m[48;2;138;123;136m[38;2;138;123;136m*[0m[48;2;144;130;142m[38;2;144;130;142m*[0m[48;2;106;93;105m[38;2;106;93;105m%[0m[48;2;59;52;60m[38;2;59;52;60m░[0m[48;2;30;23;30m[38;2;30;23;30m▓[0m[48;2;30;24;30m[38;2;30;24;30m▓[0m[48;2;46;39;46m[38;2;46;39;46m▒[0m[48;2;62;54;61m[38;2;62;54;61m░[0m[48;2;70;62;70m[38;2;70;62;70m░[0m[48;2;76;67;74m[38;2;76;67;74m░[0m[48;2;77;68;75m[38;2;77;68;75m░[0m[48;2;76;67;74m[38;2;76;67;74m░[0m[48;2;70;61;69m[38;2;70;61;69m░[0m[48;2;55;47;55m[38;2;55;47;55m▒[0m[48;2;38;32;39m[38;2;38;32;39m▓[0m[48;2;82;76;83m[38;2;82;76;83m@[0m[48;2;155;149;155m[38;2;155;149;155m+[0m[48;2;218;215;219m[38;2;218;215;219m:[0m                              
                                        [48;2;72;72;73m[38;2;72;72;73m░[0m[48;2;29;25;37m[38;2;29;25;37m▓[0m[48;2;37;31;52m[38;2;37;31;52m▓[0m[48;2;37;31;50m[38;2;37;31;50m▓[0m[48;2;11;6;21m[38;2;11;6;21m█[0m[48;2;86;72;142m[38;2;86;72;142m@[0m[48;2;95;84;150m[38;2;95;84;150m%[0m[48;2;73;57;152m[38;2;73;57;152m░[0m[48;2;7;3;30m[38;2;7;3;30m█[0m[48;2;50;36;108m[38;2;50;36;108m▒[0m[48;2;70;56;138m[38;2;70;56;138m░[0m[48;2;55;40;131m[38;2;55;40;131m▒[0m[48;2;46;35;103m[38;2;46;35;103m▒[0m[48;2;39;25;103m[38;2;39;25;103m▒[0m[48;2;49;40;74m[38;2;49;40;74m▒[0m[48;2;30;23;50m[38;2;30;23;50m▓[0m[48;2;32;28;36m[38;2;32;28;36m▓[0m[48;2;34;31;38m[38;2;34;31;38m▓[0m[48;2;16;12;21m[38;2;16;12;21m█[0m[48;2;11;8;16m[38;2;11;8;16m█[0m[48;2;11;8;16m[38;2;11;8;16m█[0m[48;2;12;8;16m[38;2;12;8;16m█[0m[48;2;13;9;17m[38;2;13;9;17m█[0m[48;2;14;10;19m[38;2;14;10;19m█[0m[48;2;18;14;24m[38;2;18;14;24m█[0m[48;2;23;18;33m[38;2;23;18;33m▓[0m[48;2;28;23;40m[38;2;28;23;40m▓[0m[48;2;23;18;34m[38;2;23;18;34m▓[0m[48;2;42;37;50m[38;2;42;37;50m▒[0m[48;2;101;98;105m[38;2;101;98;105m%[0m[48;2;179;178;181m[38;2;179;178;181m=[0m                             
                                       [48;2;181;181;181m[38;2;181;181;181m=[0m[48;2;17;15;22m[38;2;17;15;22m█[0m[48;2;37;32;50m[38;2;37;32;50m▓[0m[48;2;37;31;52m[38;2;37;31;52m▓[0m[48;2;37;31;51m[38;2;37;31;51m▓[0m[48;2;12;9;22m[38;2;12;9;22m█[0m[48;2;77;65;123m[38;2;77;65;123m@[0m[48;2;87;73;151m[38;2;87;73;151m@[0m[48;2;85;71;155m[38;2;85;71;155m@[0m[48;2;19;8;72m[38;2;19;8;72m▓[0m[48;2;76;72;82m[38;2;76;72;82m@[0m[48;2;40;30;88m[38;2;40;30;88m▒[0m[48;2;80;66;157m[38;2;80;66;157m@[0m[48;2;77;62;163m[38;2;77;62;163m@[0m[48;2;80;65;163m[38;2;80;65;163m@[0m[48;2;70;53;164m[38;2;70;53;164m░[0m[48;2;42;34;81m[38;2;42;34;81m▒[0m[48;2;25;22;32m[38;2;25;22;32m▓[0m[48;2;36;32;45m[38;2;36;32;45m▓[0m[48;2;38;33;50m[38;2;38;33;50m▓[0m[48;2;37;32;50m[38;2;37;32;50m▓[0m[48;2;37;31;52m[38;2;37;31;52m▓[0m[48;2;37;31;52m[38;2;37;31;52m▓[0m[48;2;37;31;52m[38;2;37;31;52m▓[0m[48;2;37;31;52m[38;2;37;31;52m▓[0m[48;2;37;31;52m[38;2;37;31;52m▓[0m[48;2;37;31;52m[38;2;37;31;52m▓[0m[48;2;37;31;52m[38;2;37;31;52m▓[0m[48;2;37;31;52m[38;2;37;31;52m▓[0m[48;2;37;31;52m[38;2;37;31;52m▓[0m[48;2;35;30;49m[38;2;35;30;49m▓[0m[48;2;26;21;37m[38;2;26;21;37m▓[0m[48;2;37;34;44m[38;2;37;34;44m▓[0m[48;2;132;130;136m[38;2;132;130;136m*[0m[48;2;236;235;236m[38;2;236;235;236m.[0m                          
                                       [48;2;74;74;74m[38;2;74;74;74m@[0m[48;2;31;27;40m[38;2;31;27;40m▓[0m[48;2;37;31;52m[38;2;37;31;52m▓[0m[48;2;37;31;52m[38;2;37;31;52m▓[0m[48;2;37;31;52m[38;2;37;31;52m▓[0m[48;2;29;23;42m[38;2;29;23;42m▓[0m[48;2;25;21;37m[38;2;25;21;37m▓[0m[48;2;35;30;54m[38;2;35;30;54m▓[0m[48;2;44;38;67m[38;2;44;38;67m▒[0m[48;2;21;12;56m[38;2;21;12;56m▓[0m[48;2;111;108;113m[38;2;111;108;113m%[0m[48;2;164;161;166m[38;2;164;161;166m+[0m[48;2;44;37;65m[38;2;44;37;65m▒[0m[48;2;62;50;122m[38;2;62;50;122m░[0m[48;2;52;41;101m[38;2;52;41;101m▒[0m[48;2;73;70;83m[38;2;73;70;83m░[0m[48;2;133;131;137m[38;2;133;131;137m*[0m[48;2;45;42;48m[38;2;45;42;48m▒[0m[48;2;50;44;54m[38;2;50;44;54m▒[0m[48;2;63;56;70m[38;2;63;56;70m░[0m[48;2;53;47;63m[38;2;53;47;63m▒[0m[48;2;37;32;49m[38;2;37;32;49m▓[0m[48;2;37;31;52m[38;2;37;31;52m▓[0m[48;2;37;31;52m[38;2;37;31;52m▓[0m[48;2;37;31;52m[38;2;37;31;52m▓[0m[48;2;37;31;52m[38;2;37;31;52m▓[0m[48;2;37;31;52m[38;2;37;31;52m▓[0m[48;2;37;31;52m[38;2;37;31;52m▓[0m[48;2;37;31;52m[38;2;37;31;52m▓[0m[48;2;37;31;52m[38;2;37;31;52m▓[0m[48;2;37;31;52m[38;2;37;31;52m▓[0m[48;2;37;31;52m[38;2;37;31;52m▓[0m[48;2;37;31;52m[38;2;37;31;52m▓[0m[48;2;32;26;44m[38;2;32;26;44m▓[0m[48;2;32;28;40m[38;2;32;28;40m▓[0m[48;2;150;148;152m[38;2;150;148;152m+[0m                         
                                       [48;2;18;18;19m[38;2;18;18;19m█[0m[48;2;35;31;46m[38;2;35;31;46m▓[0m[48;2;37;31;52m[38;2;37;31;52m▓[0m[48;2;37;31;52m[38;2;37;31;52m▓[0m[48;2;37;31;52m[38;2;37;31;52m▓[0m[48;2;37;31;52m[38;2;37;31;52m▓[0m[48;2;37;31;52m[38;2;37;31;52m▓[0m[48;2;37;31;52m[38;2;37;31;52m▓[0m[48;2;66;61;78m[38;2;66;61;78m░[0m[48;2;24;20;30m[38;2;24;20;30m▓[0m[48;2;4;2;6m[38;2;4;2;6m█[0m[48;2;111;110;113m[38;2;111;110;113m#[0m[48;2;215;214;217m[38;2;215;214;217m:[0m[48;2;147;145;149m[38;2;147;145;149m*[0m[48;2;25;23;28m[38;2;25;23;28m▓[0m[48;2;118;115;119m[38;2;118;115;119m#[0m[48;2;220;217;221m[38;2;220;217;221m:[0m[48;2;242;239;245m[38;2;242;239;245m [0m[48;2;120;116;123m[38;2;120;116;123m#[0m[48;2;35;31;39m[38;2;35;31;39m▓[0m[48;2;34;29;39m[38;2;34;29;39m▓[0m[48;2;55;51;62m[38;2;55;51;62m▒[0m[48;2;63;58;75m[38;2;63;58;75m░[0m[48;2;47;42;60m[38;2;47;42;60m▒[0m[48;2;37;31;52m[38;2;37;31;52m▓[0m[48;2;37;31;52m[38;2;37;31;52m▓[0m[48;2;37;31;52m[38;2;37;31;52m▓[0m[48;2;37;31;52m[38;2;37;31;52m▓[0m[48;2;37;31;52m[38;2;37;31;52m▓[0m[48;2;37;31;52m[38;2;37;31;52m▓[0m[48;2;37;31;52m[38;2;37;31;52m▓[0m[48;2;37;31;52m[38;2;37;31;52m▓[0m[48;2;37;31;52m[38;2;37;31;52m▓[0m[48;2;37;31;52m[38;2;37;31;52m▓[0m[48;2;37;31;51m[38;2;37;31;51m▓[0m[48;2;24;20;34m[38;2;24;20;34m▓[0m[48;2;88;87;91m[38;2;88;87;91m@[0m                        