                                                                                                              
                                                                                                              
                                                                                                              
                                                                                                              
                                                                                                              
                                                                                                              
                                                                                                              
                                                                                                              
                                                                                                              
                                                                                                              
                                                                                                              
                                                                                                              
                                                                                                              
                                                [48;2;240;240;240m[38;2;240;240;240m [0m[48;2;185;185;186m[38;2;185;185;186m-[0m[48;2;134;133;135m[38;2;134;133;135m*[0m[48;2;97;96;99m[38;2;97;96;99m%[0m[48;2;69;69;71m[38;2;69;69;71m░[0m[48;2;55;54;58m[38;2;55;54;58m▒[0m[48;2;45;44;48m[38;2;45;44;48m▒[0m[48;2;43;41;48m[38;2;43;41;48m▒[0m[48;2;45;44;51m[38;2;45;44;51m▒[0m[48;2;59;58;64m[38;2;59;58;64m░[0m[48;2;82;81;87m[38;2;82;81;87m@[0m[48;2;128;128;132m[38;2;128;128;132m*[0m[48;2;194;193;196m[38;2;194;193;196m-[0m                                                 
                                              [48;2;161;160;161m[38;2;161;160;161m+[0m[48;2;75;74;78m[38;2;75;74;78m@[0m[48;2;27;25;33m[38;2;27;25;33m▓[0m[48;2;29;26;38m[38;2;29;26;38m▓[0m[48;2;38;35;49m[38;2;38;35;49m▒[0m[48;2;43;41;58m[38;2;43;41;58m▒[0m[48;2;42;43;59m[38;2;42;43;59m▒[0m[48;2;42;43;59m[38;2;42;43;59m▒[0m[48;2;43;43;59m[38;2;43;43;59m▒[0m[48;2;42;43;59m[38;2;42;43;59m▒[0m[48;2;42;42;59m[38;2;42;42;59m▒[0m[48;2;43;42;59m[38;2;43;42;59m▒[0m[48;2;42;42;58m[38;2;42;42;58m▒[0m[48;2;37;36;52m[38;2;37;36;52m▒[0m[48;2;26;24;40m[38;2;26;24;40m▓[0m[48;2;41;39;49m[38;2;41;39;49m▒[0m[48;2;141;140;146m[38;2;141;140;146m*[0m                                               
                                            [48;2;150;149;151m[38;2;150;149;151m+[0m[48;2;33;32;36m[38;2;33;32;36m▓[0m[48;2;30;28;39m[38;2;30;28;39m▓[0m[48;2;44;41;55m[38;2;44;41;55m▒[0m[48;2;62;59;73m[38;2;62;59;73m░[0m[48;2;57;54;67m[38;2;57;54;67m░[0m[48;2;32;29;42m[38;2;32;29;42m▓[0m[48;2;29;26;38m[38;2;29;26;38m▓[0m[48;2;48;45;57m[38;2;48;45;57m▒[0m[48;2;35;33;44m[38;2;35;33;44m▓[0m[48;2;33;32;46m[38;2;33;32;46m▓[0m[48;2;37;37;52m[38;2;37;37;52m▒[0m[48;2;42;42;58m[38;2;42;42;58m▒[0m[48;2;41;43;59m[38;2;41;43;59m▒[0m[48;2;40;44;59m[38;2;40;44;59m▒[0m[48;2;41;43;59m[38;2;41;43;59m▒[0m[48;2;42;42;59m[38;2;42;42;59m▒[0m[48;2;44;42;58m[38;2;44;42;58m▒[0m[48;2;29;27;41m[38;2;29;27;41m▓[0m[48;2;52;50;60m[38;2;52;50;60m▒[0m[48;2;205;204;207m[38;2;205;204;207m:[0m                                             
                                           [48;2;80;80;82m[38;2;80;80;82m@[0m[48;2;20;18;25m[38;2;20;18;25m▓[0m[48;2;25;22;33m[38;2;25;22;33m▓[0m[48;2;34;28;40m[38;2;34;28;40m▓[0m[48;2;54;46;58m[38;2;54;46;58m▒[0m[48;2;69;58;68m[38;2;69;58;68m░[0m[48;2;86;74;84m[38;2;86;74;84m@[0m[48;2;98;86;97m[38;2;98;86;97m@[0m[48;2;122;110;119m[38;2;122;110;119m#[0m[48;2;136;120;132m[38;2;136;120;132m#[0m[48;2;125;110;123m[38;2;125;110;123m#[0m[48;2;106;92;104m[38;2;106;92;104m%[0m[48;2;79;67;78m[38;2;79;67;78m░[0m[48;2;47;38;48m[38;2;47;38;48m▒[0m[48;2;26;21;32m[38;2;26;21;32m▓[0m[48;2;36;34;47m[38;2;36;34;47m▓[0m[48;2;44;44;59m[38;2;44;44;59m▒[0m[48;2;43;43;59m[38;2;43;43;59m▒[0m[48;2;44;43;60m[38;2;44;43;60m▒[0m[48;2;45;43;60m[38;2;45;43;60m▒[0m[48;2;42;38;52m[38;2;42;38;52m▒[0m[48;2;23;21;28m[38;2;23;21;28m▓[0m[48;2;153;152;155m[38;2;153;152;155m+[0m                                            
                                          [48;2;125;124;125m[38;2;125;124;125m#[0m[48;2;18;14;19m[38;2;18;14;19m█[0m[48;2;78;69;79m[38;2;78;69;79m░[0m[48;2;80;67;79m[38;2;80;67;79m░[0m[48;2;63;51;60m[38;2;63;51;60m░[0m[48;2;74;61;71m[38;2;74;61;71m░[0m[48;2;123;105;118m[38;2;123;105;118m#[0m[48;2;153;135;147m[38;2;153;135;147m*[0m[48;2;99;82;94m[38;2;99;82;94m@[0m[48;2;80;65;75m[38;2;80;65;75m░[0m[48;2;62;48;57m[38;2;62;48;57m▒[0m[48;2;140;122;135m[38;2;140;122;135m*[0m[48;2;160;141;155m[38;2;160;141;155m+[0m[48;2;161;140;154m[38;2;161;140;154m+[0m[48;2;160;140;154m[38;2;160;140;154m+[0m[48;2;144;126;139m[38;2;144;126;139m*[0m[48;2;92;78;90m[38;2;92;78;90m@[0m[48;2;44;34;44m[38;2;44;34;44m▒[0m[48;2;55;48;57m[38;2;55;48;57m▒[0m[48;2;31;27;41m[38;2;31;27;41m▓[0m[48;2;24;22;36m[38;2;24;22;36m▓[0m[48;2;18;14;28m[38;2;18;14;28m█[0m[48;2;27;21;41m[38;2;27;21;41m▓[0m[48;2;9;7;15m[38;2;9;7;15m█[0m[48;2;135;134;137m[38;2;135;134;137m*[0m                                           
                                         [48;2;121;119;121m[38;2;121;119;121m#[0m[48;2;64;58;64m[38;2;64;58;64m░[0m[48;2;149;135;145m[38;2;149;135;145m*[0m[48;2;159;141;154m[38;2;159;141;154m+[0m[48;2;152;133;147m[38;2;152;133;147m*[0m[48;2;158;139;152m[38;2;158;139;152m*[0m[48;2;159;139;152m[38;2;159;139;152m+[0m[48;2;161;140;155m[38;2;161;140;155m+[0m[48;2;161;140;155m[38;2;161;140;155m+[0m[48;2;161;140;155m[38;2;161;140;155m+[0m[48;2;158;137;152m[38;2;158;137;152m*[0m[48;2;101;85;97m[38;2;101;85;97m@[0m[48;2;101;84;96m[38;2;101;84;96m@[0m[48;2;152;134;147m[38;2;152;134;147m*[0m[48;2;161;140;155m[38;2;161;140;155m+[0m[48;2;161;140;155m[38;2;161;140;155m+[0m[48;2;161;140;155m[38;2;161;140;155m+[0m[48;2;161;141;155m[38;2;161;141;155m+[0m[48;2;154;136;149m[38;2;154;136;149m*[0m[48;2;72;61;69m[38;2;72;61;69m░[0m[48;2;46;34;62m[38;2;46;34;62m▒[0m[48;2;90;70;137m[38;2;90;70;137m@[0m[48;2;45;29;74m[38;2;45;29;74m▒[0m[48;2;70;52;108m[38;2;70;52;108m░[0m[48;2;7;3;11m[38;2;7;3;11m█[0m[48;2;5;4;7m[38;2;5;4;7m█[0m[48;2;172;169;172m[38;2;172;169;172m=[0m                                          
                                        [48;2;110;110;111m[38;2;110;110;111m#[0m[48;2;80;72;80m[38;2;80;72;80m@[0m[48;2;155;141;152m[38;2;155;141;152m+[0m[48;2;160;142;156m[38;2;160;142;156m+[0m[48;2;161;141;156m[38;2;161;141;156m+[0m[48;2;161;140;155m[38;2;161;140;155m+[0m[48;2;161;140;155m[38;2;161;140;155m+[0m[48;2;161;140;155m[38;2;161;140;155m+[0m[48;2;161;140;155m[38;2;161;140;155m+[0m[48;2;111;92;106m[38;2;111;92;106m%[0m[48;2;132;114;127m[38;2;132;114;127m#[0m[48;2;145;126;140m[38;2;145;126;140m*[0m[48;2;41;27;38m[38;2;41;27;38m▓[0m[48;2;111;96;107m[38;2;111;96;107m%[0m[48;2;65;49;61m[38;2;65;49;61m░[0m[48;2;157;137;152m[38;2;157;137;152m*[0m[48;2;160;139;154m[38;2;160;139;154m+[0m[48;2;161;140;155m[38;2;161;140;155m+[0m[48;2;161;140;155m[38;2;161;140;155m+[0m[48;2;161;140;155m[38;2;161;140;155m+[0m[48;2;159;140;154m[38;2;159;140;154m+[0m[48;2;97;82;94m[38;2;97;82;94m@[0m[48;2;37;22;50m[38;2;37;22;50m▓[0m[48;2;108;81;162m[38;2;108;81;162m%[0m[48;2;57;35;89m[38;2;57;35;89m▒[0m[48;2;51;39;75m[38;2;51;39;75m▒[0m[48;2;12;10;17m[38;2;12;10;17m█[0m[48;2;31;29;34m[38;2;31;29;34m▓[0m[48;2;234;233;235m[38;2;234;233;235m.[0m                                         
                                       [48;2;185;185;185m[38;2;185;185;185m-[0m[48;2;52;48;53m[38;2;52;48;53m▒[0m[48;2;100;89;98m[38;2;100;89;98m%[0m[48;2;92;79;91m[38;2;92;79;91m@[0m[48;2;84;70;82m[38;2;84;70;82m@[0m[48;2;160;141;155m[38;2;160;141;155m+[0m[48;2;161;140;155m[38;2;161;140;155m+[0m[48;2;161;140;155m[38;2;161;140;155m+[0m[48;2;161;140;155m[38;2;161;140;155m+[0m[48;2;161;140;155m[38;2;161;140;155m+[0m[48;2;75;58;71m[38;2;75;58;71m░[0m[48;2;96;82;92m[38;2;96;82;92m@[0m[48;2;156;140;151m[38;2;156;140;151m*[0m[48;2;50;37;48m[38;2;50;37;48m▒[0m[48;2;83;72;82m[38;2;83;72;82m@[0m[48;2;77;65;74m[38;2;77;65;74m░[0m[48;2;70;57;67m[38;2;70;57;67m░[0m[48;2;154;137;150m[38;2;154;137;150m*[0m[48;2;160;141;155m[38;2;160;141;155m+[0m[48;2;161;140;155m[38;2;161;140;155m+[0m[48;2;161;140;155m[38;2;161;140;155m+[0m[48;2;161;140;155m[38;2;161;140;155m+[0m[48;2;160;141;154m[38;2;160;141;154m+[0m[48;2;101;88;97m[38;2;101;88;97m%[0m[48;2;43;30;56m[38;2;43;30;56m▒[0m[48;2;12;4;18m[38;2;12;4;18m█[0m[48;2;10;6;16m[38;2;10;6;16m█[0m[48;2;30;28;38m[38;2;30;28;38m▓[0m[48;2;25;23;33m[38;2;25;23;33m▓[0m[48;2;128;127;129m[38;2;128;127;129m#[0m                                         
                                       [48;2;70;69;70m[38;2;70;69;70m░[0m[48;2;116;107;115m[38;2;116;107;115m#[0m[48;2;22;14;22m[38;2;22;14;22m█[0m[48;2;32;25;34m[38;2;32;25;34m▓[0m[48;2;102;91;100m[38;2;102;91;100m%[0m[48;2;111;95;108m[38;2;111;95;108m%[0m[48;2;152;133;148m[38;2;152;133;148m*[0m[48;2;151;132;146m[38;2;151;132;146m*[0m[48;2;161;140;155m[38;2;161;140;155m+[0m[48;2;160;141;155m[38;2;160;141;155m+[0m[48;2;109;93;106m[38;2;109;93;106m%[0m[48;2;17;9;17m[38;2;17;9;17m█[0m[48;2;125;112;122m[38;2;125;112;122m#[0m[48;2;130;116;127m[38;2;130;116;127m#[0m[48;2;15;7;14m[38;2;15;7;14m█[0m[48;2;46;38;45m[38;2;46;38;45m▒[0m[48;2;56;47;54m[38;2;56;47;54m▒[0m[48;2;41;31;40m[38;2;41;31;40m▓[0m[48;2;108;93;104m[38;2;108;93;104m%[0m[48;2;156;138;150m[38;2;156;138;150m*[0m[48;2;160;141;154m[38;2;160;141;154m+[0m[48;2;161;141;155m[38;2;161;141;155m+[0m[48;2;161;140;155m[38;2;161;140;155m+[0m[48;2;160;141;155m[38;2;160;141;155m+[0m[48;2;123;109;120m[38;2;123;109;120m#[0m[48;2;43;35;44m[38;2;43;35;44m▒[0m[48;2;40;35;44m[38;2;40;35;44m▒[0m[48;2;43;39;52m[38;2;43;39;52m▒[0m[48;2;43;40;53m[38;2;43;40;53m▒[0m[48;2;38;37;41m[38;2;38;37;41m▒[0m                                         
                                       [48;2;31;29;31m[38;2;31;29;31m▓[0m[48;2;118;106;115m[38;2;118;106;115m#[0m[48;2;9;3;8m[38;2;9;3;8m█[0m[48;2;47;41;48m[38;2;47;41;48m▒[0m[48;2;110;101;109m[38;2;110;101;109m%[0m[48;2;21;11;21m[38;2;21;11;21m█[0m[48;2;28;19;27m[38;2;28;19;27m▓[0m[48;2;42;33;42m[38;2;42;33;42m▒[0m[48;2;153;136;149m[38;2;153;136;149m*[0m[48;2;159;140;154m[38;2;159;140;154m+[0m[48;2;146;130;142m[38;2;146;130;142m*[0m[48;2;25;16;24m[38;2;25;16;24m▓[0m[48;2;35;26;32m[38;2;35;26;32m▓[0m[48;2;86;76;85m[38;2;86;76;85m@[0m[48;2;62;52;64m[38;2;62;52;64m░[0m[48;2;41;31;41m[38;2;41;31;41m▓[0m[48;2;42;34;40m[38;2;42;34;40m▒[0m[48;2;18;12;15m[38;2;18;12;15m█[0m[48;2;20;14;18m[38;2;20;14;18m█[0m[48;2;21;12;18m[38;2;21;12;18m█[0m[48;2;53;43;50m[38;2;53;43;50m▒[0m[48;2;54;44;52m[38;2;54;44;52m▒[0m[48;2;77;65;73m[38;2;77;65;73m░[0m[48;2;82;70;78m[38;2;82;70;78m@[0m[48;2;81;69;78m[38;2;81;69;78m@[0m[48;2;69;58;67m[38;2;69;58;67m░[0m[48;2;32;25;33m[38;2;32;25;33m▓[0m[48;2;17;12;23m[38;2;17;12;23m█[0m[48;2;41;37;49m[38;2;41;37;49m▒[0m[48;2;16;13;19m[38;2;16;13;19m█[0m                                         
                                      [48;2;237;237;237m[38;2;237;237;237m.[0m[48;2;31;28;31m[38;2;31;28;31m▓[0m[48;2;99;86;95m[38;2;99;86;95m@[0m[48;2;28;22;28m[38;2;28;22;28m▓[0m[48;2;62;55;62m[38;2;62;55;62m░[0m[48;2;39;32;40m[38;2;39;32;40m▓[0m[48;2;32;19;43m[38;2;32;19;43m▓[0m[48;2;42;26;60m[38;2;42;26;60m▓[0m[48;2;17;5;36m[38;2;17;5;36m█[0m[48;2;52;43;51m[38;2;52;43;51m▒[0m[48;2;110;99;104m[38;2;110;99;104m%[0m[48;2;121;110;113m[38;2;121;110;113m#[0m[48;2;138;127;131m[38;2;138;127;131m*[0m[48;2;30;23;27m[38;2;30;23;27m▓[0m[48;2;51;30;94m[38;2;51;30;94m▒[0m[48;2;66;34;136m[38;2;66;34;136m░[0m[48;2;44;19;94m[38;2;44;19;94m▓[0m[48;2;141;134;135m[38;2;141;134;135m*[0m[48;2;115;107;108m[38;2;115;107;108m%[0m[48;2;208;197;196m[38;2;208;197;196m-[0m[48;2;203;192;192m[38;2;203;192;192m-[0m[48;2;24;16;21m[38;2;24;16;21m▓[0m[48;2;102;94;100m[38;2;102;94;100m%[0m[48;2;104;94;101m[38;2;104;94;101m%[0m[48;2;109;97;106m[38;2;109;97;106m%[0m[48;2;40;31;39m[38;2;40;31;39m▓[0m[48;2;131;120;129m[38;2;131;120;129m#[0m[48;2;157;144;154m[38;2;157;144;154m+[0m[48;2;121;108;119m[38;2;121;108;119m#[0m[48;2;76;63;75m[38;2;76;63;75m░[0m[48;2;43;34;41m[38;2;43;34;41m▒[0m[48;2;91;84;90m[38;2;91;84;90m@[0m[48;2;158;154;159m[38;2;158;154;159m+[0m[48;2;217;216;217m[38;2;217;216;217m:[0m                                      
                                       [48;2;41;39;40m[38;2;41;39;40m▒[0m[48;2;87;77;85m[38;2;87;77;85m@[0m[48;2;13;6;12m[38;2;13;6;12m█[0m[48;2;198;192;195m[38;2;198;192;195m-[0m[48;2;78;70;74m[38;2;78;70;74m░[0m[48;2;79;53;124m[38;2;79;53;124m░[0m[48;2;109;68;166m[38;2;109;68;166m@[0m[48;2;80;44;131m[38;2;80;44;131m░[0m[48;2;79;69;78m[38;2;79;69;78m░[0m[48;2;248;236;233m[38;2;248;236;233m [0m[48;2;249;234;228m[38;2;249;234;228m [0m[48;2;248;234;229m[38;2;248;234;229m.[0m[48;2;120;110;109m[38;2;120;110;109m#[0m[48;2;88;68;101m[38;2;88;68;101m@[0m[48;2;169;126;195m[38;2;169;126;195m+[0m[48;2;84;52;106m[38;2;84;52;106m░[0m[48;2;144;134;135m[38;2;144;134;135m*[0m[48;2;250;236;232m[38;2;250;236;232m [0m[48;2;249;233;227m[38;2;249;233;227m.[0m[48;2;250;235;229m[38;2;250;235;229m [0m[48;2;149;136;136m[38;2;149;136;136m*[0m[48;2;66;54;59m[38;2;66;54;59m░[0m[48;2;152;140;149m[38;2;152;140;149m*[0m[48;2;159;143;153m[38;2;159;143;153m+[0m[48;2;139;124;135m[38;2;139;124;135m*[0m[48;2;69;56;65m[38;2;69;56;65m░[0m[48;2;70;59;67m[38;2;70;59;67m░[0m[48;2;124;110;120m[38;2;124;110;120m#[0m[48;2;155;138;151m[38;2;155;138;151m*[0m[48;2;156;139;152m[38;2;156;139;152m*[0m[48;2;144;128;139m[38;2;144;128;139m*[0m[48;2;124;109;119m[38;2;124;109;119m#[0m[48;2;87;74;83m[38;2;87;74;83m@[0m[48;2;73;65;71m[38;2;73;65;71m░[0m[48;2;144;140;143m[38;2;144;140;143m*[0m[48;2;241;240;241m[38;2;241;240;241m [0m                                   
                                       [48;2;126;125;125m[38;2;126;125;125m#[0m[48;2;64;56;62m[38;2;64;56;62m░[0m[48;2;44;37;42m[38;2;44;37;42m▒[0m[48;2;217;207;209m[38;2;217;207;209m:[0m[48;2;189;176;178m[38;2;189;176;178m=[0m[48;2;68;53;67m[38;2;68;53;67m░[0m[48;2;214;169;216m[38;2;214;169;216m-[0m[48;2;152;111;154m[38;2;152;111;154m*[0m[48;2;101;90;97m[38;2;101;90;97m%[0m[48;2;250;237;233m[38;2;250;237;233m [0m[48;2;250;235;230m[38;2;250;235;230m [0m[48;2;250;235;229m[38;2;250;235;229m [0m[48;2;239;224;221m[38;2;239;224;221m.[0m[48;2;82;68;71m[38;2;82;68;71m░[0m[48;2;110;84;109m[38;2;110;84;109m%[0m[48;2;64;47;61m[38;2;64;47;61m▒[0m[48;2;224;212;209m[38;2;224;212;209m:[0m[48;2;240;217;205m[38;2;240;217;205m.[0m[48;2;234;194;182m[38;2;234;194;182m:[0m[48;2;248;226;217m[38;2;248;226;217m.[0m[48;2;250;234;228m[38;2;250;234;228m [0m[48;2;171;158;156m[38;2;171;158;156m+[0m[48;2;50;39;44m[38;2;50;39;44m▒[0m[48;2;129;115;124m[38;2;129;115;124m#[0m[48;2;85;71;81m[38;2;85;71;81m@[0m[48;2;143;130;140m[38;2;143;130;140m*[0m[48;2;138;126;136m[38;2;138;126;136m*[0m[48;2;91;81;90m[38;2;91;81;90m@[0m[48;2;65;56;64m[38;2;65;56;64m░[0m[48;2;67;57;66m[38;2;67;57;66m░[0m[48;2;76;66;74m[38;2;76;66;74m░[0m[48;2;94;82;92m[38;2;94;82;92m@[0m[48;2;107;94;105m[38;2;107;94;105m%[0m[48;2;125;110;122m[38;2;125;110;122m#[0m[48;2;107;95;104m[38;2;107;95;104m%[0m[48;2;57;51;55m[38;2;57;51;55m▒[0m[48;2;174;172;174m[38;2;174;172;174m=[0m                                  
                                       [48;2;238;238;238m[38;2;238;238;238m [0m[48;2;55;51;54m[38;2;55;51;54m▒[0m[48;2;34;26;31m[38;2;34;26;31m▓[0m[48;2;134;124;126m[38;2;134;124;126m#[0m[48;2;237;217;215m[38;2;237;217;215m.[0m[48;2;168;154;152m[38;2;168;154;152m+[0m[48;2;94;80;86m[38;2;94;80;86m@[0m[48;2;101;85;92m[38;2;101;85;92m@[0m[48;2;223;210;208m[38;2;223;210;208m:[0m[48;2;212;197;192m[38;2;212;197;192m-[0m[48;2;113;98;95m[38;2;113;98;95m%[0m[48;2;188;174;169m[38;2;188;174;169m=[0m[48;2;253;237;230m[38;2;253;237;230m [0m[48;2;248;235;228m[38;2;248;235;228m [0m[48;2;218;205;200m[38;2;218;205;200m:[0m[48;2;238;224;218m[38;2;238;224;218m.[0m[48;2;250;235;227m[38;2;250;235;227m [0m[48;2;244;226;216m[38;2;244;226;216m.[0m[48;2;248;227;217m[38;2;248;227;217m.[0m[48;2;250;234;226m[38;2;250;234;226m [0m[48;2;249;234;228m[38;2;249;234;228m [0m[48;2;142;129;128m[38;2;142;129;128m*[0m[48;2;65;57;61m[38;2;65;57;61m░[0m[48;2;61;52;59m[38;2;61;52;59m░[0m[48;2;22;12;20m[38;2;22;12;20m█[0m[48;2;34;27;33m[38;2;34;27;33m▓[0m[48;2;56;48;56m[38;2;56;48;56m▒[0m[48;2;86;77;85m[38;2;86;77;85m@[0m[48;2;99;88;97m[38;2;99;88;97m%[0m[48;2;92;82;90m[38;2;92;82;90m@[0m[48;2;68;59;67m[38;2;68;59;67m░[0m[48;2;44;35;43m[38;2;44;35;43m▒[0m[48;2;51;43;50m[38;2;51;43;50m▒[0m[48;2;91;80;89m[38;2;91;80;89m@[0m[48;2;150;134;145m[38;2;150;134;145m*[0m[48;2;152;138;148m[38;2;152;138;148m*[0m[48;2;71;62;69m[38;2;71;62;69m░[0m[48;2;120;118;120m[38;2;120;118;120m#[0m                                 
                                        [48;2;124;123;124m[38;2;124;123;124m#[0m[48;2;6;4;5m[38;2;6;4;5m█[0m[48;2;41;35;38m[38;2;41;35;38m▒[0m[48;2;192;181;179m[38;2;192;181;179m-[0m[48;2;249;236;229m[38;2;249;236;229m [0m[48;2;249;236;230m[38;2;249;236;230m [0m[48;2;250;235;228m[38;2;250;235;228m [0m[48;2;250;235;226m[38;2;250;235;226m [0m[48;2;250;235;227m[38;2;250;235;227m [0m[48;2;250;235;227m[38;2;250;235;227m [0m[48;2;250;234;228m[38;2;250;234;228m [0m[48;2;251;235;229m[38;2;251;235;229m [0m[48;2;250;234;228m[38;2;250;234;228m [0m[48;2;250;234;228m[38;2;250;234;228m [0m[48;2;250;234;227m[38;2;250;234;227m [0m[48;2;250;235;226m[38;2;250;235;226m [0m[48;2;250;235;226m[38;2;250;235;226m [0m[48;2;251;236;229m[38;2;251;236;229m [0m[48;2;233;219;214m[38;2;233;219;214m.[0m[48;2;122;113;111m[38;2;122;113;111m#[0m[48;2;11;6;8m[38;2;11;6;8m█[0m[48;2;45;40;43m[38;2;45;40;43m▒[0m[48;2;36;31;35m[38;2;36;31;35m▓[0m[48;2;141;134;139m[38;2;141;134;139m*[0m[48;2;166;158;162m[38;2;166;158;162m+[0m[48;2;34;27;32m[38;2;34;27;32m▓[0m[48;2;91;82;89m[38;2;91;82;89m@[0m[48;2;127;113;123m[38;2;127;113;123m#[0m[48;2;131;116;128m[38;2;131;116;128m#[0m[48;2;147;130;142m[38;2;147;130;142m*[0m[48;2;158;140;153m[38;2;158;140;153m+[0m[48;2;158;139;153m[38;2;158;139;153m*[0m[48;2;160;140;154m[38;2;160;140;154m+[0m[48;2;161;140;155m[38;2;161;140;155m+[0m[48;2;161;140;155m[38;2;161;140;155m+[0m[48;2;159;141;154m[38;2;159;141;154m+[0m[48;2;80;70;79m[38;2;80;70;79m@[0m[48;2;126;124;126m[38;2;126;124;126m#[0m                                
                                        [48;2;213;213;213m[38;2;213;213;213m:[0m[48;2;108;107;108m[38;2;108;107;108m%[0m[48;2;108;103;104m[38;2;108;103;104m%[0m[48;2;208;198;196m[38;2;208;198;196m-[0m[48;2;240;229;225m[38;2;240;229;225m.[0m[48;2;247;234;230m[38;2;247;234;230m.[0m[48;2;248;234;229m[38;2;248;234;229m.[0m[48;2;249;235;230m[38;2;249;235;230m [0m[48;2;249;235;229m[38;2;249;235;229m [0m[48;2;248;233;227m[38;2;248;233;227m.[0m[48;2;243;228;223m[38;2;243;228;223m.[0m[48;2;226;211;206m[38;2;226;211;206m:[0m[48;2;208;194;189m[38;2;208;194;189m-[0m[48;2;184;171;168m[38;2;184;171;168m=[0m[48;2;151;139;137m[38;2;151;139;137m*[0m[48;2;120;111;110m[38;2;120;111;110m#[0m[48;2;83;75;75m[38;2;83;75;75m@[0m[48;2;44;39;39m[38;2;44;39;39m▒[0m[48;2;24;20;22m[38;2;24;20;22m▓[0m[48;2;6;3;6m[38;2;6;3;6m█[0m[48;2;5;2;5m[38;2;5;2;5m█[0m[48;2;193;190;192m[38;2;193;190;192m-[0m[48;2;111;108;112m[38;2;111;108;112m%[0m[48;2;34;32;34m[38;2;34;32;34m▓[0m[48;2;104;100;104m[38;2;104;100;104m%[0m[48;2;122;117;122m[38;2;122;117;122m#[0m[48;2;68;59;66m[38;2;68;59;66m░[0m[48;2;159;142;154m[38;2;159;142;154m+[0m[48;2;161;140;155m[38;2;161;140;155m+[0m[48;2;161;140;155m[38;2;161;140;155m+[0m[48;2;161;140;155m[38;2;161;140;155m+[0m[48;2;161;140;155m[38;2;161;140;155m+[0m[48;2;161;140;155m[38;2;161;140;155m+[0m[48;2;161;140;155m[38;2;161;140;155m+[0m[48;2;161;140;155m[38;2;161;140;155m+[0m[48;2;160;141;154m[38;2;160;141;154m+[0m[48;2;155;140;152m[38;2;155;140;152m*[0m[48;2;48;39;46m[38;2;48;39;46m▒[0m[48;2;198;196;198m[38;2;198;196;198m-[0m                               
                                          [48;2;187;186;186m[38;2;187;186;186m-[0m[48;2;78;76;78m[38;2;78;76;78m@[0m[48;2;17;12;14m[38;2;17;12;14m█[0m[48;2;21;16;18m[38;2;21;16;18m█[0m[48;2;27;21;23m[38;2;27;21;23m▓[0m[48;2;34;28;31m[38;2;34;28;31m▓[0m[48;2;43;38;41m[38;2;43;38;41m▒[0m[48;2;35;31;34m[38;2;35;31;34m▓[0m[48;2;69;63;65m[38;2;69;63;65m░[0m[48;2;71;65;68m[38;2;71;65;68m░[0m[48;2;72;69;72m[38;2;72;69;72m░[0m[48;2;15;13;16m[38;2;15;13;16m█[0m[48;2;45;42;46m[38;2;45;42;46m▒[0m[48;2;29;25;27m[38;2;29;25;27m▓[0m[48;2;6;3;8m[38;2;6;3;8m█[0m[48;2;14;11;18m[38;2;14;11;18m█[0m[48;2;11;8;14m[38;2;11;8;14m█[0m[48;2;24;20;27m[38;2;24;20;27m▓[0m[48;2;27;24;29m[38;2;27;24;29m▓[0m[48;2;242;239;243m[38;2;242;239;243m [0m[48;2;184;182;185m[38;2;184;182;185m-[0m[48;2;66;64;67m[38;2;66;64;67m░[0m[48;2;196;195;198m[38;2;196;195;198m-[0m[48;2;189;187;190m[38;2;189;187;190m-[0m[48;2;29;26;29m[38;2;29;26;29m▓[0m[48;2;155;141;152m[38;2;155;141;152m+[0m[48;2;161;140;155m[38;2;161;140;155m+[0m[48;2;161;140;155m[38;2;161;140;155m+[0m[48;2;161;140;155m[38;2;161;140;155m+[0m[48;2;161;140;155m[38;2;161;140;155m+[0m[48;2;161;140;155m[38;2;161;140;155m+[0m[48;2;161;140;155m[38;2;161;140;155m+[0m[48;2;161;140;155m[38;2;161;140;155m+[0m[48;2;161;141;154m[38;2;161;141;154m+[0m[48;2;160;141;155m[38;2;160;141;155m+[0m[48;2;108;96;105m[38;2;108;96;105m%[0m[48;2;108;105;107m[38;2;108;105;107m%[0m                               
                                       [48;2;181;181;181m[38;2;181;181;181m=[0m[48;2;67;65;67m[38;2;67;65;67m░[0m[48;2;19;17;20m[38;2;19;17;20m█[0m[48;2;22;20;26m[38;2;22;20;26m▓[0m[48;2;25;22;33m[38;2;25;22;33m▓[0m[48;2;28;23;36m[38;2;28;23;36m▓[0m[48;2;10;6;15m[38;2;10;6;15m█[0m[48;2;8;4;9m[38;2;8;4;9m█[0m[48;2;51;48;51m[38;2;51;48;51m▒[0m[48;2;48;45;49m[38;2;48;45;49m▒[0m[48;2;25;22;27m[38;2;25;22;27m▓[0m[48;2;82;79;84m[38;2;82;79;84m@[0m[48;2;123;120;124m[38;2;123;120;124m#[0m[48;2;9;7;11m[38;2;9;7;11m█[0m[48;2;41;38;44m[38;2;41;38;44m▒[0m[48;2;12;11;16m[38;2;12;11;16m█[0m[48;2;35;31;37m[38;2;35;31;37m▓[0m[48;2;23;18;29m[38;2;23;18;29m▓[0m[48;2;32;27;41m[38;2;32;27;41m▓[0m[48;2;5;2;11m[38;2;5;2;11m█[0m[48;2;16;12;20m[38;2;16;12;20m█[0m[48;2;35;32;38m[38;2;35;32;38m▓[0m[48;2;243;240;244m[38;2;243;240;244m [0m[48;2;241;239;242m[38;2;241;239;242m [0m[48;2;75;73;76m[38;2;75;73;76m@[0m[48;2;147;145;148m[38;2;147;145;148m*[0m[48;2;198;199;201m[38;2;198;199;201m-[0m[48;2;31;29;30m[38;2;31;29;30m▓[0m[48;2;148;135;146m[38;2;148;135;146m*[0m[48;2;161;140;155m[38;2;161;140;155m+[0m[48;2;161;140;155m[38;2;161;140;155m+[0m[48;2;161;140;155m[38;2;161;140;155m+[0m[48;2;161;140;155m[38;2;161;140;155m+[0m[48;2;161;140;155m[38;2;161;140;155m+[0m[48;2;161;140;155m[38;2;161;140;155m+[0m[48;2;161;140;155m[38;2;161;140;155m+[0m[48;2;161;140;155m[38;2;161;140;155m+[0m[48;2;161;140;155m[38;2;161;140;155m+[0m[48;2;136;119;130m[38;2;136;119;130m#[0m[48;2;69;63;68m[38;2;69;63;68m░[0m                               
                                       [48;2;41;40;42m[38;2;41;40;42m▒[0m[48;2;70;67;70m[38;2;70;67;70m░[0m[48;2;31;29;33m[38;2;31;29;33m▓[0m[48;2;31;29;43m[38;2;31;29;43m▓[0m[48;2;37;32;52m[38;2;37;32;52m▓[0m[48;2;36;31;50m[38;2;36;31;50m▓[0m[48;2;11;7;21m[38;2;11;7;21m█[0m[48;2;24;19;32m[38;2;24;19;32m▓[0m[48;2;13;10;21m[38;2;13;10;21m█[0m[48;2;50;46;54m[38;2;50;46;54m▒[0m[48;2;20;17;22m[38;2;20;17;22m▓[0m[48;2;29;26;32m[38;2;29;26;32m▓[0m[48;2;80;78;82m[38;2;80;78;82m@[0m[48;2;12;10;13m[38;2;12;10;13m█[0m[48;2;7;4;8m[38;2;7;4;8m█[0m[48;2;11;8;11m[38;2;11;8;11m█[0m[48;2;86;81;77m[38;2;86;81;77m@[0m[48;2;136;129;119m[38;2;136;129;119m*[0m[48;2;56;49;56m[38;2;56;49;56m▒[0m[48;2;31;26;43m[38;2;31;26;43m▓[0m[48;2;14;11;22m[38;2;14;11;22m█[0m[48;2;7;4;11m[38;2;7;4;11m█[0m[48;2;141;138;142m[38;2;141;138;142m*[0m[48;2;209;206;208m[38;2;209;206;208m:[0m[48;2;207;204;207m[38;2;207;204;207m:[0m[48;2;57;52;57m[38;2;57;52;57m▒[0m[48;2;98;94;99m[38;2;98;94;99m%[0m[48;2;42;37;41m[38;2;42;37;41m▒[0m[48;2;157;141;153m[38;2;157;141;153m+[0m[48;2;153;133;147m[38;2;153;133;147m*[0m[48;2;140;121;135m[38;2;140;121;135m*[0m[48;2;161;140;155m[38;2;161;140;155m+[0m[48;2;161;140;155m[38;2;161;140;155m+[0m[48;2;161;140;155m[38;2;161;140;155m+[0m[48;2;161;140;155m[38;2;161;140;155m+[0m[48;2;161;140;155m[38;2;161;140;155m+[0m[48;2;161;140;155m[38;2;161;140;155m+[0m[48;2;161;140;155m[38;2;161;140;155m+[0m[48;2;119;103;114m[38;2;119;103;114m%[0m[48;2;94;88;93m[38;2;94;88;93m@[0m                               
                                       [48;2;195;195;196m[38;2;195;195;196m-[0m[48;2;59;58;59m[38;2;59;58;59m░[0m[48;2;125;122;126m[38;2;125;122;126m#[0m[48;2;19;16;25m[38;2;19;16;25m█[0m[48;2;35;30;45m[38;2;35;30;45m▓[0m[48;2;33;28;45m[38;2;33;28;45m▓[0m[48;2;8;5;16m[38;2;8;5;16m█[0m[48;2;34;30;45m[38;2;34;30;45m▓[0m[48;2;27;22;37m[38;2;27;22;37m▓[0m[48;2;20;17;26m[38;2;20;17;26m▓[0m[48;2;12;9;13m[38;2;12;9;13m█[0m[48;2;9;5;9m[38;2;9;5;9m█[0m[48;2;3;0;4m[38;2;3;0;4m█[0m[48;2;49;46;50m[38;2;49;46;50m▒[0m[48;2;46;40;39m[38;2;46;40;39m▒[0m[48;2;21;16;17m[38;2;21;16;17m█[0m[48;2;91;83;83m[38;2;91;83;83m@[0m[48;2;112;101;98m[38;2;112;101;98m%[0m[48;2;68;61;63m[38;2;68;61;63m░[0m[48;2;36;30;50m[38;2;36;30;50m▓[0m[48;2;37;31;51m[38;2;37;31;51m▓[0m[48;2;34;28;47m[38;2;34;28;47m▓[0m[48;2;14;10;23m[38;2;14;10;23m█[0m[48;2;22;17;27m[38;2;22;17;27m▓[0m[48;2;69;66;74m[38;2;69;66;74m░[0m[48;2;85;79;86m[38;2;85;79;86m@[0m[48;2;113;105;111m[38;2;113;105;111m%[0m[48;2;136;128;134m[38;2;136;128;134m*[0m[48;2;91;82;89m[38;2;91;82;89m@[0m[48;2;29;20;29m[38;2;29;20;29m▓[0m[48;2;95;82;92m[38;2;95;82;92m@[0m[48;2;160;141;155m[38;2;160;141;155m+[0m[48;2;161;140;155m[38;2;161;140;155m+[0m[48;2;161;140;155m[38;2;161;140;155m+[0m[48;2;161;140;155m[38;2;161;140;155m+[0m[48;2;161;140;155m[38;2;161;140;155m+[0m[48;2;161;140;155m[38;2;161;140;155m+[0m[48;2;155;136;149m[38;2;155;136;149m*[0m[48;2;47;38;45m[38;2;47;38;45m▒[0m[48;2;201;197;201m[38;2;201;197;201m-[0m                               
                                        [48;2;216;216;216m[38;2;216;216;216m:[0m[48;2;59;58;59m[38;2;59;58;59m░[0m[48;2;153;150;153m[38;2;153;150;153m+[0m[48;2;35;32;38m[38;2;35;32;38m▓[0m[48;2;19;15;25m[38;2;19;15;25m█[0m[48;2;15;12;22m[38;2;15;12;22m█[0m[48;2;36;31;47m[38;2;36;31;47m▓[0m[48;2;35;30;47m[38;2;35;30;47m▓[0m[48;2;16;10;22m[38;2;16;10;22m█[0m[48;2;116;107;98m[38;2;116;107;98m%[0m[48;2;104;94;76m[38;2;104;94;76m%[0m[48;2;51;40;33m[38;2;51;40;33m▒[0m[48;2;113;101;81m[38;2;113;101;81m%[0m[48;2;197;185;151m[38;2;197;185;151m-[0m[48;2;42;35;32m[38;2;42;35;32m▒[0m[48;2;36;28;39m[38;2;36;28;39m▓[0m[48;2;46;38;53m[38;2;46;38;53m▒[0m[48;2;36;29;50m[38;2;36;29;50m▓[0m[48;2;36;30;52m[38;2;36;30;52m▓[0m[48;2;37;31;52m[38;2;37;31;52m▓[0m[48;2;36;30;51m[38;2;36;30;51m▓[0m[48;2;35;30;49m[38;2;35;30;49m▓[0m[48;2;26;22;37m[38;2;26;22;37m▓[0m[48;2;26;22;32m[38;2;26;22;32m▓[0m[48;2;55;50;59m[38;2;55;50;59m▒[0m[48;2;46;42;48m[38;2;46;42;48m▒[0m[48;2;32;29;32m[38;2;32;29;32m▓[0m[48;2;24;19;25m[38;2;24;19;25m▓[0m[48;2;106;97;105m[38;2;106;97;105m%[0m[48;2;159;142;154m[38;2;159;142;154m+[0m[48;2;161;140;155m[38;2;161;140;155m+[0m[48;2;161;140;155m[38;2;161;140;155m+[0m[48;2;161;140;155m[38;2;161;140;155m+[0m[48;2;161;140;155m[38;2;161;140;155m+[0m[48;2;160;140;154m[38;2;160;140;154m+[0m[48;2;126;111;122m[38;2;126;111;122m#[0m[48;2;57;47;55m[38;2;57;47;55m▒[0m[48;2;167;162;166m[38;2;167;162;166m+[0m                                
                                         [48;2;209;209;209m[38;2;209;209;209m:[0m[48;2;68;66;69m[38;2;68;66;69m░[0m[48;2;83;80;84m[38;2;83;80;84m@[0m[48;2;30;26;33m[38;2;30;26;33m▓[0m[48;2;25;21;33m[38;2;25;21;33m▓[0m[48;2;34;29;46m[38;2;34;29;46m▓[0m[48;2;26;22;38m[38;2;26;22;38m▓[0m[48;2;13;9;19m[38;2;13;9;19m█[0m[48;2;9;2;7m[38;2;9;2;7m█[0m[48;2;63;51;60m[38;2;63;51;60m░[0m[48;2;125;113;103m[38;2;125;113;103m#[0m[48;2;105;93;80m[38;2;105;93;80m%[0m[48;2;21;13;13m[38;2;21;13;13m█[0m[48;2;17;11;16m[38;2;17;11;16m█[0m[48;2;19;13;22m[38;2;19;13;22m█[0m[48;2;20;15;26m[38;2;20;15;26m█[0m[48;2;16;11;23m[38;2;16;11;23m█[0m[48;2;16;11;22m[38;2;16;11;22m█[0m[48;2;17;13;23m[38;2;17;13;23m█[0m[48;2;20;16;27m[38;2;20;16;27m▓[0m[48;2;23;18;30m[38;2;23;18;30m▓[0m[48;2;23;20;30m[38;2;23;20;30m▓[0m[48;2;23;20;30m[38;2;23;20;30m▓[0m[48;2;19;16;25m[38;2;19;16;25m█[0m[48;2;8;5;12m[38;2;8;5;12m█[0m[48;2;6;2;11m[38;2;6;2;11m█[0m[48;2;58;54;62m[38;2;58;54;62m░[0m[48;2;115;107;116m[38;2;115;107;116m#[0m[48;2;154;139;152m[38;2;154;139;152m*[0m[48;2;160;141;155m[38;2;160;141;155m+[0m[48;2;158;139;153m[38;2;158;139;153m*[0m[48;2;133;115;129m[38;2;133;115;129m#[0m[48;2;90;75;87m[38;2;90;75;87m@[0m[48;2;76;65;73m[38;2;76;65;73m░[0m[48;2;141;134;140m[38;2;141;134;140m*[0m[48;2;232;230;232m[38;2;232;230;232m.[0m                                 
                                            [48;2;36;32;37m[38;2;36;32;37m▓[0m[48;2;28;24;34m[38;2;28;24;34m▓[0m[48;2;12;8;18m[38;2;12;8;18m█[0m[48;2;46;43;50m[38;2;46;43;50m▒[0m[48;2;21;18;22m[38;2;21;18;22m▓[0m[48;2;12;9;13m[38;2;12;9;13m█[0m[48;2;28;23;36m[38;2;28;23;36m▓[0m[48;2;24;19;35m[38;2;24;19;35m▓[0m[48;2;15;12;17m[38;2;15;12;17m█[0m[48;2;12;9;16m[38;2;12;9;16m█[0m[48;2;18;11;46m[38;2;18;11;46m█[0m[48;2;24;20;30m[38;2;24;20;30m▓[0m[48;2;34;30;35m[38;2;34;30;35m▓[0m[48;2;35;32;38m[38;2;35;32;38m▓[0m[48;2;43;40;46m[38;2;43;40;46m▒[0m[48;2;48;45;49m[38;2;48;45;49m▒[0m[48;2;46;44;48m[38;2;46;44;48m▒[0m[48;2;52;49;53m[38;2;52;49;53m▒[0m[48;2;53;51;56m[38;2;53;51;56m▒[0m[48;2;10;7;12m[38;2;10;7;12m█[0m[48;2;10;7;13m[38;2;10;7;13m█[0m[48;2;18;14;26m[38;2;18;14;26m█[0m[48;2;36;30;50m[38;2;36;30;50m▓[0m[48;2;34;29;48m[38;2;34;29;48m▓[0m[48;2;23;18;33m[38;2;23;18;33m▓[0m[48;2;31;24;37m[38;2;31;24;37m▓[0m[48;2;56;48;57m[38;2;56;48;57m▒[0m[48;2;49;42;51m[38;2;49;42;51m▒[0m[48;2;126;119;126m[38;2;126;119;126m#[0m[48;2;208;204;208m[38;2;208;204;208m:[0m                                    
                                           [48;2;233;233;233m[38;2;233;233;233m.[0m[48;2;9;7;10m[38;2;9;7;10m█[0m[48;2;24;22;27m[38;2;24;22;27m▓[0m[48;2;42;39;45m[38;2;42;39;45m▒[0m[48;2;21;17;25m[38;2;21;17;25m▓[0m[48;2;13;10;16m[38;2;13;10;16m█[0m[48;2;113;110;114m[38;2;113;110;114m#[0m[48;2;20;15;23m[38;2;20;15;23m█[0m[48;2;24;13;67m[38;2;24;13;67m▓[0m[48;2;9;4;23m[38;2;9;4;23m█[0m[48;2;17;9;49m[38;2;17;9;49m█[0m[48;2;69;54;120m[38;2;69;54;120m░[0m[48;2;43;35;64m[38;2;43;35;64m▒[0m[48;2;11;8;14m[38;2;11;8;14m█[0m[48;2;7;4;8m[38;2;7;4;8m█[0m[48;2;19;16;23m[38;2;19;16;23m█[0m[48;2;20;17;28m[38;2;20;17;28m▓[0m[48;2;20;16;28m[38;2;20;16;28m▓[0m[48;2;19;15;27m[38;2;19;15;27m█[0m[48;2;21;17;31m[38;2;21;17;31m▓[0m[48;2;27;22;38m[38;2;27;22;38m▓[0m[48;2;33;28;46m[38;2;33;28;46m▓[0m[48;2;37;31;51m[38;2;37;31;51m▓[0m[48;2;37;31;52m[38;2;37;31;52m▓[0m[48;2;37;31;52m[38;2;37;31;52m▓[0m[48;2;37;31;52m[38;2;37;31;52m▓[0m[48;2;37;31;52m[38;2;37;31;52m▓[0m[48;2;30;25;42m[38;2;30;25;42m▓[0m[48;2;22;18;30m[38;2;22;18;30m▓[0m[48;2;94;92;97m[38;2;94;92;97m%[0m[48;2;212;211;213m[38;2;212;211;213m:[0m                                    
                                           [48;2;127;126;128m[38;2;127;126;128m#[0m[48;2;13;11;14m[38;2;13;11;14m█[0m[48;2;23;20;27m[38;2;23;20;27m▓[0m[48;2;27;23;36m[38;2;27;23;36m▓[0m[48;2;35;30;49m[38;2;35;30;49m▓[0m[48;2;12;8;19m[38;2;12;8;19m█[0m[48;2;215;212;216m[38;2;215;212;216m:[0m[48;2;74;70;76m[38;2;74;70;76m░[0m[48;2;85;66;141m[38;2;85;66;141m@[0m[48;2;60;45;94m[38;2;60;45;94m░[0m[48;2;16;7;43m[38;2;16;7;43m█[0m[48;2;49;38;83m[38;2;49;38;83m▒[0m[48;2;29;23;46m[38;2;29;23;46m▓[0m[48;2;99;97;100m[38;2;99;97;100m%[0m[48;2;188;186;189m[38;2;188;186;189m-[0m[48;2;85;83;88m[38;2;85;83;88m@[0m[48;2;22;18;30m[38;2;22;18;30m▓[0m[48;2;31;26;43m[38;2;31;26;43m▓[0m[48;2;37;31;50m[38;2;37;31;50m▓[0m[48;2;37;31;52m[38;2;37;31;52m▓[0m[48;2;37;31;52m[38;2;37;31;52m▓[0m[48;2;37;31;52m[38;2;37;31;52m▓[0m[48;2;37;31;52m[38;2;37;31;52m▓[0m[48;2;37;31;52m[38;2;37;31;52m▓[0m[48;2;37;31;52m[38;2;37;31;52m▓[0m[48;2;37;31;52m[38;2;37;31;52m▓[0m[48;2;37;31;52m[38;2;37;31;52m▓[0m[48;2;37;31;52m[38;2;37;31;52m▓[0m[48;2;37;31;52m[38;2;37;31;52m▓[0m[48;2;32;27;46m[38;2;32;27;46m▓[0m[48;2;20;16;28m[38;2;20;16;28m▓[0m[48;2;107;105;110m[38;2;107;105;110m%[0m[48;2;232;232;233m[38;2;232;232;233m.[0m                                  
                                           [48;2;73;73;75m[38;2;73;73;75m@[0m[48;2;9;7;12m[38;2;9;7;12m█[0m[48;2;33;29;43m[38;2;33;29;43m▓[0m[48;2;37;31;51m[38;2;37;31;51m▓[0m[48;2;34;28;51m[38;2;34;28;51m▓[0m[48;2;20;17;27m[38;2;20;17;27m▓[0m[48;2;239;237;240m[38;2;239;237;240m [0m[48;2;208;206;208m[38;2;208;206;208m:[0m[48;2;83;81;86m[38;2;83;81;86m@[0m[48;2;77;72;79m[38;2;77;72;79m@[0m[48;2;28;18;64m[38;2;28;18;64m▓[0m[48;2;84;66;141m[38;2;84;66;141m@[0m[48;2;36;26;58m[38;2;36;26;58m▓[0m[48;2;123;120;123m[38;2;123;120;123m#[0m  [48;2;217;216;217m[38;2;217;216;217m:[0m[48;2;124;122;125m[38;2;124;122;125m#[0m[48;2;42;39;45m[38;2;42;39;45m▒[0m[48;2;23;19;31m[38;2;23;19;31m▓[0m[48;2;33;28;44m[38;2;33;28;44m▓[0m[48;2;37;32;49m[38;2;37;32;49m▓[0m[48;2;37;31;51m[38;2;37;31;51m▓[0m[48;2;37;31;52m[38;2;37;31;52m▓[0m[48;2;37;31;52m[38;2;37;31;52m▓[0m[48;2;37;31;52m[38;2;37;31;52m▓[0m[48;2;37;31;52m[38;2;37;31;52m▓[0m[48;2;37;31;52m[38;2;37;31;52m▓[0m[48;2;37;31;52m[38;2;37;31;52m▓[0m[48;2;37;31;52m[38;2;37;31;52m▓[0m[48;2;37;31;52m[38;2;37;31;52m▓[0m[48;2;29;24;41m[38;2;29;24;41m▓[0m[48;2;33;29;41m[38;2;33;29;41m▓[0m[48;2;180;179;183m[38;2;180;179;183m=[0m                                 
                                           [48;2;125;125;125m[38;2;125;125;125m#[0m[48;2;22;19;26m[38;2;22;19;26m▓[0m[48;2;37;32;49m[38;2;37;32;49m▓[0m[48;2;37;31;53m[38;2;37;31;53m▓[0m[48;2;33;27;51m[38;2;33;27;51m▓[0m[48;2;30;27;38m[38;2;30;27;38m▓[0m    [48;2;179;178;179m[38;2;179;178;179m=[0m[48;2;85;83;86m[38;2;85;83;86m@[0m[48;2;88;87;89m[38;2;88;87;89m@[0m[48;2;236;236;236m[38;2;236;236;236m.[0m    [48;2;240;240;240m[38;2;240;240;240m [0m[48;2;106;104;107m[38;2;106;104;107m%[0m[48;2;46;44;48m[38;2;46;44;48m▒[0m[48;2;45;42;50m[38;2;45;42;50m▒[0m[48;2;19;15;29m[38;2;19;15;29m█[0m[48;2;29;23;42m[38;2;29;23;42m▓[0m[48;2;37;31;51m[38;2;37;31;51m▓[0m[48;2;37;31;52m[38;2;37;31;52m▓[0m[48;2;37;31;52m[38;2;37;31;52m▓[0m[48;2;37;31;52m[38;2;37;31;52m▓[0m[48;2;37;31;52m[38;2;37;31;52m▓[0m[48;2;37;31;52m[38;2;37;31;52m▓[0m[48;2;37;31;52m[38;2;37;31;52m▓[0m[48;2;37;31;52m[38;2;37;31;52m▓[0m[48;2;36;31;47m[38;2;36;31;47m▓[0m[48;2;18;15;24m[38;2;18;15;24m█[0m[48;2;173;173;174m[38;2;173;173;174m=[0m                                