                                                                                                              
                                                                                                              
                                                                                                              
                                                                                                              
                                                                                                              
                                                                                                              
                                                                                                              
                                                                                                              
                                                                                                              
                                                                                                              
                                                                                                              
                                                                                                              
                                                                                                              
                                               [48;2;200;199;200m[38;2;200;199;200m-[0m[48;2;127;127;128m[38;2;127;127;128m#[0m[48;2;82;82;84m[38;2;82;82;84m@[0m[48;2;62;61;65m[38;2;62;61;65m░[0m[48;2;55;54;59m[38;2;55;54;59m░[0m[48;2;58;57;62m[38;2;58;57;62m░[0m[48;2;63;62;67m[38;2;63;62;67m░[0m[48;2;76;75;79m[38;2;76;75;79m@[0m[48;2;96;95;99m[38;2;96;95;99m%[0m[48;2;123;122;125m[38;2;123;122;125m#[0m[48;2;155;155;157m[38;2;155;155;157m+[0m[48;2;199;199;200m[38;2;199;199;200m-[0m                                                   
                                             [48;2;216;216;216m[38;2;216;216;216m:[0m[48;2;41;40;44m[38;2;41;40;44m▒[0m[48;2;15;13;22m[38;2;15;13;22m█[0m[48;2;32;30;43m[38;2;32;30;43m▓[0m[48;2;43;41;56m[38;2;43;41;56m▒[0m[48;2;44;43;59m[38;2;44;43;59m▒[0m[48;2;44;43;60m[38;2;44;43;60m▒[0m[48;2;44;43;60m[38;2;44;43;60m▒[0m[48;2;43;42;59m[38;2;43;42;59m▒[0m[48;2;43;42;58m[38;2;43;42;58m▒[0m[48;2;43;41;57m[38;2;43;41;57m▒[0m[48;2;39;38;54m[38;2;39;38;54m▒[0m[48;2;33;32;47m[38;2;33;32;47m▓[0m[48;2;27;25;40m[38;2;27;25;40m▓[0m[48;2;25;23;35m[38;2;25;23;35m▓[0m[48;2;70;68;77m[38;2;70;68;77m░[0m[48;2;140;140;144m[38;2;140;140;144m*[0m[48;2;229;229;230m[38;2;229;229;230m.[0m                                               
                                             [48;2;81;80;83m[38;2;81;80;83m@[0m[48;2;27;25;36m[38;2;27;25;36m▓[0m[48;2;45;42;59m[38;2;45;42;59m▒[0m[48;2;42;43;59m[38;2;42;43;59m▒[0m[48;2;41;43;59m[38;2;41;43;59m▒[0m[48;2;40;44;59m[38;2;40;44;59m▒[0m[48;2;40;44;59m[38;2;40;44;59m▒[0m[48;2;40;44;59m[38;2;40;44;59m▒[0m[48;2;40;44;59m[38;2;40;44;59m▒[0m[48;2;40;44;59m[38;2;40;44;59m▒[0m[48;2;40;44;59m[38;2;40;44;59m▒[0m[48;2;40;44;59m[38;2;40;44;59m▒[0m[48;2;41;43;59m[38;2;41;43;59m▒[0m[48;2;41;43;60m[38;2;41;43;60m▒[0m[48;2;42;42;60m[38;2;42;42;60m▒[0m[48;2;42;42;60m[38;2;42;42;60m▒[0m[48;2;33;33;48m[38;2;33;33;48m▓[0m[48;2;23;22;35m[38;2;23;22;35m▓[0m[48;2;113;112;118m[38;2;113;112;118m#[0m[48;2;238;238;240m[38;2;238;238;240m [0m                                             
                                            [48;2;109;109;111m[38;2;109;109;111m%[0m[48;2;41;39;48m[38;2;41;39;48m▒[0m[48;2;44;43;59m[38;2;44;43;59m▒[0m[48;2;42;43;59m[38;2;42;43;59m▒[0m[48;2;40;44;59m[38;2;40;44;59m▒[0m[48;2;40;44;59m[38;2;40;44;59m▒[0m[48;2;40;44;59m[38;2;40;44;59m▒[0m[48;2;40;44;59m[38;2;40;44;59m▒[0m[48;2;40;44;59m[38;2;40;44;59m▒[0m[48;2;40;44;59m[38;2;40;44;59m▒[0m[48;2;40;44;59m[38;2;40;44;59m▒[0m[48;2;40;44;59m[38;2;40;44;59m▒[0m[48;2;40;44;59m[38;2;40;44;59m▒[0m[48;2;40;44;59m[38;2;40;44;59m▒[0m[48;2;40;44;59m[38;2;40;44;59m▒[0m[48;2;40;44;59m[38;2;40;44;59m▒[0m[48;2;40;44;59m[38;2;40;44;59m▒[0m[48;2;40;44;59m[38;2;40;44;59m▒[0m[48;2;42;43;59m[38;2;42;43;59m▒[0m[48;2;33;32;46m[38;2;33;32;46m▓[0m[48;2;40;39;46m[38;2;40;39;46m▒[0m[48;2;206;205;208m[38;2;206;205;208m:[0m                                            
                                          [48;2;206;206;206m[38;2;206;206;206m:[0m[48;2;56;54;57m[38;2;56;54;57m░[0m[48;2;10;7;12m[38;2;10;7;12m█[0m[48;2;76;74;84m[38;2;76;74;84m@[0m[48;2;43;43;59m[38;2;43;43;59m▒[0m[48;2;41;43;59m[38;2;41;43;59m▒[0m[48;2;40;44;59m[38;2;40;44;59m▒[0m[48;2;40;44;59m[38;2;40;44;59m▒[0m[48;2;40;44;59m[38;2;40;44;59m▒[0m[48;2;40;44;59m[38;2;40;44;59m▒[0m[48;2;40;44;59m[38;2;40;44;59m▒[0m[48;2;40;44;59m[38;2;40;44;59m▒[0m[48;2;40;44;59m[38;2;40;44;59m▒[0m[48;2;40;44;59m[38;2;40;44;59m▒[0m[48;2;40;44;59m[38;2;40;44;59m▒[0m[48;2;40;44;59m[38;2;40;44;59m▒[0m[48;2;40;44;59m[38;2;40;44;59m▒[0m[48;2;40;44;59m[38;2;40;44;59m▒[0m[48;2;40;44;59m[38;2;40;44;59m▒[0m[48;2;40;44;59m[38;2;40;44;59m▒[0m[48;2;41;43;59m[38;2;41;43;59m▒[0m[48;2;41;43;59m[38;2;41;43;59m▒[0m[48;2;38;37;50m[38;2;38;37;50m▒[0m[48;2;25;24;31m[38;2;25;24;31m▓[0m[48;2;193;192;194m[38;2;193;192;194m-[0m                                           
                                         [48;2;179;179;179m[38;2;179;179;179m=[0m[48;2;49;45;50m[38;2;49;45;50m▒[0m[48;2;125;115;123m[38;2;125;115;123m#[0m[48;2;16;10;17m[38;2;16;10;17m█[0m[48;2;80;77;88m[38;2;80;77;88m@[0m[48;2;43;43;59m[38;2;43;43;59m▒[0m[48;2;40;44;59m[38;2;40;44;59m▒[0m[48;2;40;44;59m[38;2;40;44;59m▒[0m[48;2;40;44;59m[38;2;40;44;59m▒[0m[48;2;40;44;59m[38;2;40;44;59m▒[0m[48;2;40;44;59m[38;2;40;44;59m▒[0m[48;2;40;44;59m[38;2;40;44;59m▒[0m[48;2;40;44;59m[38;2;40;44;59m▒[0m[48;2;40;44;59m[38;2;40;44;59m▒[0m[48;2;40;44;59m[38;2;40;44;59m▒[0m[48;2;40;44;59m[38;2;40;44;59m▒[0m[48;2;40;44;59m[38;2;40;44;59m▒[0m[48;2;40;44;59m[38;2;40;44;59m▒[0m[48;2;40;44;59m[38;2;40;44;59m▒[0m[48;2;40;44;59m[38;2;40;44;59m▒[0m[48;2;40;44;59m[38;2;40;44;59m▒[0m[48;2;40;44;59m[38;2;40;44;59m▒[0m[48;2;40;44;59m[38;2;40;44;59m▒[0m[48;2;41;43;59m[38;2;41;43;59m▒[0m[48;2;40;39;55m[38;2;40;39;55m▒[0m[48;2;27;25;35m[38;2;27;25;35m▓[0m[48;2;211;210;211m[38;2;211;210;211m:[0m                                          
                                        [48;2;193;193;194m[38;2;193;193;194m-[0m[48;2;30;26;31m[38;2;30;26;31m▓[0m[48;2;73;67;75m[38;2;73;67;75m░[0m[48;2;90;83;91m[38;2;90;83;91m@[0m[48;2;15;7;15m[38;2;15;7;15m█[0m[48;2;80;73;83m[38;2;80;73;83m@[0m[48;2;50;47;61m[38;2;50;47;61m▒[0m[48;2;41;43;59m[38;2;41;43;59m▒[0m[48;2;40;44;59m[38;2;40;44;59m▒[0m[48;2;40;44;59m[38;2;40;44;59m▒[0m[48;2;40;44;59m[38;2;40;44;59m▒[0m[48;2;40;44;59m[38;2;40;44;59m▒[0m[48;2;40;44;59m[38;2;40;44;59m▒[0m[48;2;40;44;59m[38;2;40;44;59m▒[0m[48;2;40;44;59m[38;2;40;44;59m▒[0m[48;2;40;44;59m[38;2;40;44;59m▒[0m[48;2;40;44;59m[38;2;40;44;59m▒[0m[48;2;40;44;59m[38;2;40;44;59m▒[0m[48;2;40;44;59m[38;2;40;44;59m▒[0m[48;2;40;44;59m[38;2;40;44;59m▒[0m[48;2;40;44;59m[38;2;40;44;59m▒[0m[48;2;40;44;59m[38;2;40;44;59m▒[0m[48;2;40;44;59m[38;2;40;44;59m▒[0m[48;2;40;44;59m[38;2;40;44;59m▒[0m[48;2;40;44;59m[38;2;40;44;59m▒[0m[48;2;42;43;59m[38;2;42;43;59m▒[0m[48;2;36;34;47m[38;2;36;34;47m▓[0m[48;2;58;56;59m[38;2;58;56;59m░[0m                                          
                                        [48;2;57;55;58m[38;2;57;55;58m░[0m[48;2;54;46;54m[38;2;54;46;54m▒[0m[48;2;24;15;35m[38;2;24;15;35m▓[0m[48;2;52;36;82m[38;2;52;36;82m▒[0m[48;2;47;33;68m[38;2;47;33;68m▒[0m[48;2;35;23;50m[38;2;35;23;50m▓[0m[48;2;48;43;58m[38;2;48;43;58m▒[0m[48;2;43;42;59m[38;2;43;42;59m▒[0m[48;2;41;43;59m[38;2;41;43;59m▒[0m[48;2;40;44;59m[38;2;40;44;59m▒[0m[48;2;40;44;59m[38;2;40;44;59m▒[0m[48;2;40;44;59m[38;2;40;44;59m▒[0m[48;2;40;44;59m[38;2;40;44;59m▒[0m[48;2;40;44;59m[38;2;40;44;59m▒[0m[48;2;40;44;59m[38;2;40;44;59m▒[0m[48;2;40;44;59m[38;2;40;44;59m▒[0m[48;2;40;44;59m[38;2;40;44;59m▒[0m[48;2;40;44;59m[38;2;40;44;59m▒[0m[48;2;40;44;59m[38;2;40;44;59m▒[0m[48;2;40;44;59m[38;2;40;44;59m▒[0m[48;2;40;44;59m[38;2;40;44;59m▒[0m[48;2;40;44;59m[38;2;40;44;59m▒[0m[48;2;40;44;59m[38;2;40;44;59m▒[0m[48;2;40;44;59m[38;2;40;44;59m▒[0m[48;2;40;44;59m[38;2;40;44;59m▒[0m[48;2;41;43;59m[38;2;41;43;59m▒[0m[48;2;43;42;56m[38;2;43;42;56m▒[0m[48;2;12;9;12m[38;2;12;9;12m█[0m[48;2;225;224;225m[38;2;225;224;225m.[0m                                         
                                       [48;2;201;201;201m[38;2;201;201;201m-[0m[48;2;41;36;41m[38;2;41;36;41m▒[0m[48;2;19;11;19m[38;2;19;11;19m█[0m[48;2;48;37;63m[38;2;48;37;63m▒[0m[48;2;87;67;134m[38;2;87;67;134m@[0m[48;2;65;48;97m[38;2;65;48;97m░[0m[48;2;26;16;39m[38;2;26;16;39m▓[0m[48;2;55;49;62m[38;2;55;49;62m▒[0m[48;2;54;52;67m[38;2;54;52;67m▒[0m[48;2;42;43;58m[38;2;42;43;58m▒[0m[48;2;41;43;59m[38;2;41;43;59m▒[0m[48;2;40;44;59m[38;2;40;44;59m▒[0m[48;2;40;44;59m[38;2;40;44;59m▒[0m[48;2;40;44;59m[38;2;40;44;59m▒[0m[48;2;40;44;59m[38;2;40;44;59m▒[0m[48;2;40;44;59m[38;2;40;44;59m▒[0m[48;2;40;44;59m[38;2;40;44;59m▒[0m[48;2;40;44;59m[38;2;40;44;59m▒[0m[48;2;40;44;59m[38;2;40;44;59m▒[0m[48;2;40;44;59m[38;2;40;44;59m▒[0m[48;2;40;44;59m[38;2;40;44;59m▒[0m[48;2;40;44;59m[38;2;40;44;59m▒[0m[48;2;40;44;59m[38;2;40;44;59m▒[0m[48;2;40;44;59m[38;2;40;44;59m▒[0m[48;2;40;44;59m[38;2;40;44;59m▒[0m[48;2;40;44;59m[38;2;40;44;59m▒[0m[48;2;41;43;59m[38;2;41;43;59m▒[0m[48;2;41;40;54m[38;2;41;40;54m▒[0m[48;2;28;25;30m[38;2;28;25;30m▓[0m                                          
                                       [48;2;166;165;166m[38;2;166;165;166m=[0m[48;2;38;33;38m[38;2;38;33;38m▓[0m[48;2;8;1;8m[38;2;8;1;8m█[0m[48;2;27;20;33m[38;2;27;20;33m▓[0m[48;2;29;19;35m[38;2;29;19;35m▓[0m[48;2;51;39;57m[38;2;51;39;57m▒[0m[48;2;51;43;52m[38;2;51;43;52m▒[0m[48;2;26;19;28m[38;2;26;19;28m▓[0m[48;2;80;76;86m[38;2;80;76;86m@[0m[48;2;51;49;63m[38;2;51;49;63m▒[0m[48;2;41;43;59m[38;2;41;43;59m▒[0m[48;2;40;44;59m[38;2;40;44;59m▒[0m[48;2;40;44;59m[38;2;40;44;59m▒[0m[48;2;40;44;59m[38;2;40;44;59m▒[0m[48;2;40;44;59m[38;2;40;44;59m▒[0m[48;2;40;44;59m[38;2;40;44;59m▒[0m[48;2;40;44;59m[38;2;40;44;59m▒[0m[48;2;40;44;59m[38;2;40;44;59m▒[0m[48;2;40;44;59m[38;2;40;44;59m▒[0m[48;2;40;44;59m[38;2;40;44;59m▒[0m[48;2;40;44;59m[38;2;40;44;59m▒[0m[48;2;40;44;59m[38;2;40;44;59m▒[0m[48;2;40;44;59m[38;2;40;44;59m▒[0m[48;2;40;44;59m[38;2;40;44;59m▒[0m[48;2;40;44;59m[38;2;40;44;59m▒[0m[48;2;41;43;59m[38;2;41;43;59m▒[0m[48;2;38;38;54m[38;2;38;38;54m▒[0m[48;2;15;13;27m[38;2;15;13;27m█[0m[48;2;79;76;83m[38;2;79;76;83m@[0m                                          
                                       [48;2;229;229;229m[38;2;229;229;229m.[0m[48;2;35;32;35m[38;2;35;32;35m▓[0m[48;2;92;87;90m[38;2;92;87;90m@[0m[48;2;46;39;47m[38;2;46;39;47m▒[0m[48;2;155;142;153m[38;2;155;142;153m+[0m[48;2;103;90;99m[38;2;103;90;99m%[0m[48;2;80;70;79m[38;2;80;70;79m@[0m[48;2;107;96;106m[38;2;107;96;106m%[0m[48;2;30;22;32m[38;2;30;22;32m▓[0m[48;2;61;54;67m[38;2;61;54;67m░[0m[48;2;67;63;77m[38;2;67;63;77m░[0m[48;2;44;44;58m[38;2;44;44;58m▒[0m[48;2;41;43;58m[38;2;41;43;58m▒[0m[48;2;40;44;59m[38;2;40;44;59m▒[0m[48;2;40;44;59m[38;2;40;44;59m▒[0m[48;2;40;44;59m[38;2;40;44;59m▒[0m[48;2;40;44;59m[38;2;40;44;59m▒[0m[48;2;40;44;59m[38;2;40;44;59m▒[0m[48;2;40;44;59m[38;2;40;44;59m▒[0m[48;2;40;44;59m[38;2;40;44;59m▒[0m[48;2;40;44;59m[38;2;40;44;59m▒[0m[48;2;40;44;59m[38;2;40;44;59m▒[0m[48;2;40;44;59m[38;2;40;44;59m▒[0m[48;2;40;44;58m[38;2;40;44;58m▒[0m[48;2;40;41;56m[38;2;40;41;56m▒[0m[48;2;28;26;40m[38;2;28;26;40m▓[0m[48;2;7;4;17m[38;2;7;4;17m█[0m[48;2;60;55;66m[38;2;60;55;66m░[0m[48;2;58;54;59m[38;2;58;54;59m░[0m                                          
                                        [48;2;104;103;104m[38;2;104;103;104m%[0m[48;2;168;162;165m[38;2;168;162;165m+[0m[48;2;69;58;62m[38;2;69;58;62m░[0m[48;2;126;111;122m[38;2;126;111;122m#[0m[48;2;143;126;138m[38;2;143;126;138m*[0m[48;2;28;18;27m[38;2;28;18;27m▓[0m[48;2;134;122;133m[38;2;134;122;133m#[0m[48;2;146;132;144m[38;2;146;132;144m*[0m[48;2;86;73;85m[38;2;86;73;85m@[0m[48;2;48;37;47m[38;2;48;37;47m▒[0m[48;2;57;49;60m[38;2;57;49;60m▒[0m[48;2;55;51;64m[38;2;55;51;64m▒[0m[48;2;47;46;60m[38;2;47;46;60m▒[0m[48;2;42;43;58m[38;2;42;43;58m▒[0m[48;2;41;43;59m[38;2;41;43;59m▒[0m[48;2;40;44;59m[38;2;40;44;59m▒[0m[48;2;40;44;59m[38;2;40;44;59m▒[0m[48;2;40;44;59m[38;2;40;44;59m▒[0m[48;2;40;44;59m[38;2;40;44;59m▒[0m[48;2;41;43;58m[38;2;41;43;58m▒[0m[48;2;41;41;56m[38;2;41;41;56m▒[0m[48;2;33;32;46m[38;2;33;32;46m▓[0m[48;2;24;21;33m[38;2;24;21;33m▓[0m[48;2;47;40;52m[38;2;47;40;52m▒[0m[48;2;53;47;57m[38;2;53;47;57m▒[0m[48;2;48;41;51m[38;2;48;41;51m▒[0m[48;2;145;134;143m[38;2;145;134;143m*[0m[48;2;51;42;50m[38;2;51;42;50m▒[0m[48;2;191;188;192m[38;2;191;188;192m-[0m                                         
                                        [48;2;145;145;145m[38;2;145;145;145m*[0m[48;2;116;109;112m[38;2;116;109;112m#[0m[48;2;214;203;203m[38;2;214;203;203m:[0m[48;2;51;41;45m[38;2;51;41;45m▒[0m[48;2;138;123;135m[38;2;138;123;135m*[0m[48;2;129;113;126m[38;2;129;113;126m#[0m[48;2;47;36;46m[38;2;47;36;46m▒[0m[48;2;144;127;139m[38;2;144;127;139m*[0m[48;2;160;141;155m[38;2;160;141;155m+[0m[48;2;158;139;153m[38;2;158;139;153m*[0m[48;2;129;113;126m[38;2;129;113;126m#[0m[48;2;87;75;87m[38;2;87;75;87m@[0m[48;2;63;51;62m[38;2;63;51;62m░[0m[48;2;39;29;40m[38;2;39;29;40m▓[0m[48;2;19;13;25m[38;2;19;13;25m█[0m[48;2;20;17;29m[38;2;20;17;29m▓[0m[48;2;24;22;34m[38;2;24;22;34m▓[0m[48;2;25;24;33m[38;2;25;24;33m▓[0m[48;2;29;28;37m[38;2;29;28;37m▓[0m[48;2;44;40;50m[38;2;44;40;50m▒[0m[48;2;64;58;68m[38;2;64;58;68m░[0m[48;2;94;84;95m[38;2;94;84;95m@[0m[48;2;124;111;124m[38;2;124;111;124m#[0m[48;2;68;54;65m[38;2;68;54;65m░[0m[48;2;67;56;65m[38;2;67;56;65m░[0m[48;2;149;136;146m[38;2;149;136;146m*[0m[48;2;156;139;150m[38;2;156;139;150m*[0m[48;2;140;122;133m[38;2;140;122;133m*[0m[48;2;49;41;48m[38;2;49;41;48m▒[0m[48;2;197;195;197m[38;2;197;195;197m-[0m                                        
                                        [48;2;106;106;106m[38;2;106;106;106m%[0m[48;2;22;20;21m[38;2;22;20;21m▓[0m[48;2;66;60;61m[38;2;66;60;61m░[0m[48;2;98;91;93m[38;2;98;91;93m%[0m[48;2;29;20;27m[38;2;29;20;27m▓[0m[48;2;124;111;122m[38;2;124;111;122m#[0m[48;2;127;114;125m[38;2;127;114;125m#[0m[48;2;49;37;47m[38;2;49;37;47m▒[0m[48;2;122;106;118m[38;2;122;106;118m#[0m[48;2;160;142;155m[38;2;160;142;155m+[0m[48;2;160;141;155m[38;2;160;141;155m+[0m[48;2;161;140;155m[38;2;161;140;155m+[0m[48;2;161;140;155m[38;2;161;140;155m+[0m[48;2;159;139;154m[38;2;159;139;154m+[0m[48;2;113;97;110m[38;2;113;97;110m%[0m[48;2;76;64;75m[38;2;76;64;75m░[0m[48;2;68;56;66m[38;2;68;56;66m░[0m[48;2;68;58;67m[38;2;68;58;67m░[0m[48;2;71;61;70m[38;2;71;61;70m░[0m[48;2;70;61;69m[38;2;70;61;69m░[0m[48;2;55;47;55m[38;2;55;47;55m▒[0m[48;2;33;25;33m[38;2;33;25;33m▓[0m[48;2;12;6;12m[38;2;12;6;12m█[0m[48;2;26;22;28m[38;2;26;22;28m▓[0m[48;2;26;21;28m[38;2;26;21;28m▓[0m[48;2;26;18;27m[38;2;26;18;27m▓[0m[48;2;117;105;114m[38;2;117;105;114m%[0m[48;2;158;140;151m[38;2;158;140;151m+[0m[48;2;130;116;125m[38;2;130;116;125m#[0m[48;2;27;20;27m[38;2;27;20;27m▓[0m[48;2;33;28;33m[38;2;33;28;33m▓[0m[48;2;93;89;94m[38;2;93;89;94m@[0m[48;2;158;156;158m[38;2;158;156;158m+[0m[48;2;233;232;233m[38;2;233;232;233m.[0m                                    
                                        [48;2;65;65;65m[38;2;65;65;65m░[0m[48;2;154;152;153m[38;2;154;152;153m+[0m[48;2;141;136;136m[38;2;141;136;136m*[0m[48;2;47;43;43m[38;2;47;43;43m▒[0m[48;2;47;41;45m[38;2;47;41;45m▒[0m[48;2;54;48;54m[38;2;54;48;54m▒[0m[48;2;36;29;35m[38;2;36;29;35m▓[0m[48;2;63;56;62m[38;2;63;56;62m░[0m[48;2;44;36;43m[38;2;44;36;43m▒[0m[48;2;71;61;70m[38;2;71;61;70m░[0m[48;2;143;127;139m[38;2;143;127;139m*[0m[48;2;160;141;155m[38;2;160;141;155m+[0m[48;2;161;140;155m[38;2;161;140;155m+[0m[48;2;161;140;155m[38;2;161;140;155m+[0m[48;2;161;140;155m[38;2;161;140;155m+[0m[48;2;161;140;155m[38;2;161;140;155m+[0m[48;2;161;140;155m[38;2;161;140;155m+[0m[48;2;160;140;155m[38;2;160;140;155m+[0m[48;2;160;140;155m[38;2;160;140;155m+[0m[48;2;157;140;154m[38;2;157;140;154m+[0m[48;2;47;36;47m[38;2;47;36;47m▒[0m[48;2;19;12;21m[38;2;19;12;21m█[0m[48;2;3;0;5m[38;2;3;0;5m█[0m[48;2;8;7;11m[38;2;8;7;11m█[0m[48;2;24;22;29m[38;2;24;22;29m▓[0m[48;2;13;9;17m[38;2;13;9;17m█[0m[48;2;113;105;113m[38;2;113;105;113m%[0m[48;2;159;141;153m[38;2;159;141;153m+[0m[48;2;160;140;154m[38;2;160;140;154m+[0m[48;2;147;129;143m[38;2;147;129;143m*[0m[48;2;69;55;67m[38;2;69;55;67m░[0m[48;2;74;62;74m[38;2;74;62;74m░[0m[48;2;110;99;108m[38;2;110;99;108m%[0m[48;2;63;56;61m[38;2;63;56;61m░[0m[48;2;111;107;110m[38;2;111;107;110m%[0m[48;2;231;231;231m[38;2;231;231;231m.[0m                                  
                                        [48;2;82;82;82m[38;2;82;82;82m@[0m[48;2;78;76;76m[38;2;78;76;76m@[0m[48;2;85;82;82m[38;2;85;82;82m@[0m[48;2;78;74;74m[38;2;78;74;74m@[0m[48;2;54;49;51m[38;2;54;49;51m▒[0m[48;2;238;232;235m[38;2;238;232;235m.[0m[48;2;35;30;34m[38;2;35;30;34m▓[0m[48;2;73;67;72m[38;2;73;67;72m░[0m[48;2;86;77;85m[38;2;86;77;85m@[0m[48;2;65;55;63m[38;2;65;55;63m░[0m[48;2;51;41;49m[38;2;51;41;49m▒[0m[48;2;97;84;95m[38;2;97;84;95m@[0m[48;2;159;139;154m[38;2;159;139;154m+[0m[48;2;161;140;155m[38;2;161;140;155m+[0m[48;2;161;140;155m[38;2;161;140;155m+[0m[48;2;161;140;155m[38;2;161;140;155m+[0m[48;2;161;140;155m[38;2;161;140;155m+[0m[48;2;161;140;155m[38;2;161;140;155m+[0m[48;2;161;140;155m[38;2;161;140;155m+[0m[48;2;150;130;145m[38;2;150;130;145m*[0m[48;2;18;7;17m[38;2;18;7;17m█[0m[48;2;24;17;27m[38;2;24;17;27m▓[0m[48;2;7;3;10m[38;2;7;3;10m█[0m[48;2;8;6;11m[38;2;8;6;11m█[0m[48;2;5;3;8m[38;2;5;3;8m█[0m[48;2;17;15;21m[38;2;17;15;21m█[0m[48;2;24;19;26m[38;2;24;19;26m▓[0m[48;2;150;135;146m[38;2;150;135;146m*[0m[48;2;161;141;155m[38;2;161;141;155m+[0m[48;2;161;140;155m[38;2;161;140;155m+[0m[48;2;161;140;155m[38;2;161;140;155m+[0m[48;2;133;115;128m[38;2;133;115;128m#[0m[48;2;155;137;150m[38;2;155;137;150m*[0m[48;2;159;141;154m[38;2;159;141;154m+[0m[48;2;125;111;120m[38;2;125;111;120m#[0m[48;2;49;43;49m[38;2;49;43;49m▒[0m[48;2;208;208;209m[38;2;208;208;209m:[0m                                 
                                        [48;2;87;86;87m[38;2;87;86;87m@[0m[48;2;153;151;155m[38;2;153;151;155m+[0m[48;2;201;199;203m[38;2;201;199;203m-[0m[48;2;193;191;195m[38;2;193;191;195m-[0m[48;2;33;32;34m[38;2;33;32;34m▓[0m[48;2;241;239;242m[38;2;241;239;242m [0m[48;2;107;105;108m[38;2;107;105;108m%[0m[48;2;84;78;84m[38;2;84;78;84m@[0m[48;2;155;139;149m[38;2;155;139;149m*[0m[48;2;158;139;150m[38;2;158;139;150m*[0m[48;2;158;138;150m[38;2;158;138;150m*[0m[48;2;160;140;154m[38;2;160;140;154m+[0m[48;2;161;140;155m[38;2;161;140;155m+[0m[48;2;161;140;155m[38;2;161;140;155m+[0m[48;2;161;140;155m[38;2;161;140;155m+[0m[48;2;161;140;155m[38;2;161;140;155m+[0m[48;2;161;140;155m[38;2;161;140;155m+[0m[48;2;161;140;155m[38;2;161;140;155m+[0m[48;2;161;140;155m[38;2;161;140;155m+[0m[48;2;161;140;155m[38;2;161;140;155m+[0m[48;2;151;132;146m[38;2;151;132;146m*[0m[48;2;148;131;144m[38;2;148;131;144m*[0m[48;2;103;89;101m[38;2;103;89;101m%[0m[48;2;22;14;22m[38;2;22;14;22m█[0m[48;2;18;11;19m[38;2;18;11;19m█[0m[48;2;47;41;49m[38;2;47;41;49m▒[0m[48;2;49;42;51m[38;2;49;42;51m▒[0m[48;2;92;80;91m[38;2;92;80;91m@[0m[48;2;148;132;145m[38;2;148;132;145m*[0m[48;2;161;140;155m[38;2;161;140;155m+[0m[48;2;161;140;155m[38;2;161;140;155m+[0m[48;2;161;140;155m[38;2;161;140;155m+[0m[48;2;161;140;155m[38;2;161;140;155m+[0m[48;2;161;140;155m[38;2;161;140;155m+[0m[48;2;160;140;153m[38;2;160;140;153m+[0m[48;2;134;119;129m[38;2;134;119;129m#[0m[48;2;53;47;52m[38;2;53;47;52m▒[0m                                 
                                        [48;2;136;135;137m[38;2;136;135;137m*[0m[48;2;111;110;113m[38;2;111;110;113m#[0m[48;2;202;201;204m[38;2;202;201;204m:[0m[48;2;180;179;182m[38;2;180;179;182m=[0m[48;2;47;46;49m[38;2;47;46;49m▒[0m [48;2;151;149;153m[38;2;151;149;153m+[0m[48;2;9;5;9m[38;2;9;5;9m█[0m[48;2;119;104;113m[38;2;119;104;113m%[0m[48;2;158;138;152m[38;2;158;138;152m*[0m[48;2;161;140;154m[38;2;161;140;154m+[0m[48;2;161;140;155m[38;2;161;140;155m+[0m[48;2;161;140;155m[38;2;161;140;155m+[0m[48;2;161;140;155m[38;2;161;140;155m+[0m[48;2;161;140;155m[38;2;161;140;155m+[0m[48;2;161;140;155m[38;2;161;140;155m+[0m[48;2;161;140;155m[38;2;161;140;155m+[0m[48;2;161;140;155m[38;2;161;140;155m+[0m[48;2;161;140;155m[38;2;161;140;155m+[0m[48;2;161;140;155m[38;2;161;140;155m+[0m[48;2;161;140;155m[38;2;161;140;155m+[0m[48;2;161;140;155m[38;2;161;140;155m+[0m[48;2;160;139;154m[38;2;160;139;154m+[0m[48;2;151;131;146m[38;2;151;131;146m*[0m[48;2;154;134;149m[38;2;154;134;149m*[0m[48;2;90;72;85m[38;2;90;72;85m@[0m[48;2;62;48;61m[38;2;62;48;61m▒[0m[48;2;14;6;14m[38;2;14;6;14m█[0m[48;2;12;5;13m[38;2;12;5;13m█[0m[48;2;51;40;50m[38;2;51;40;50m▒[0m[48;2;125;106;120m[38;2;125;106;120m#[0m[48;2;161;140;155m[38;2;161;140;155m+[0m[48;2;161;140;155m[38;2;161;140;155m+[0m[48;2;161;140;155m[38;2;161;140;155m+[0m[48;2;161;140;155m[38;2;161;140;155m+[0m[48;2;161;140;155m[38;2;161;140;155m+[0m[48;2;66;52;60m[38;2;66;52;60m░[0m[48;2;176;173;176m[38;2;176;173;176m=[0m                                
                                        [48;2;207;206;207m[38;2;207;206;207m:[0m[48;2;50;48;52m[38;2;50;48;52m▒[0m[48;2;199;198;202m[38;2;199;198;202m-[0m[48;2;86;85;88m[38;2;86;85;88m@[0m[48;2;149;148;151m[38;2;149;148;151m+[0m [48;2;170;169;172m[38;2;170;169;172m=[0m[48;2;6;3;6m[38;2;6;3;6m█[0m[48;2;15;8;13m[38;2;15;8;13m█[0m[48;2;107;94;104m[38;2;107;94;104m%[0m[48;2;158;138;153m[38;2;158;138;153m*[0m[48;2;161;140;155m[38;2;161;140;155m+[0m[48;2;161;140;155m[38;2;161;140;155m+[0m[48;2;161;140;155m[38;2;161;140;155m+[0m[48;2;161;140;155m[38;2;161;140;155m+[0m[48;2;161;140;155m[38;2;161;140;155m+[0m[48;2;161;140;155m[38;2;161;140;155m+[0m[48;2;161;140;155m[38;2;161;140;155m+[0m[48;2;161;140;155m[38;2;161;140;155m+[0m[48;2;161;140;155m[38;2;161;140;155m+[0m[48;2;161;140;155m[38;2;161;140;155m+[0m[48;2;161;140;155m[38;2;161;140;155m+[0m[48;2;161;140;155m[38;2;161;140;155m+[0m[48;2;161;140;155m[38;2;161;140;155m+[0m[48;2;161;140;155m[38;2;161;140;155m+[0m[48;2;161;140;155m[38;2;161;140;155m+[0m[48;2;154;135;149m[38;2;154;135;149m*[0m[48;2;123;106;120m[38;2;123;106;120m#[0m[48;2;86;72;83m[38;2;86;72;83m@[0m[48;2;52;42;50m[38;2;52;42;50m▒[0m[48;2;85;72;81m[38;2;85;72;81m@[0m[48;2;138;120;132m[38;2;138;120;132m#[0m[48;2;160;140;154m[38;2;160;140;154m+[0m[48;2;160;140;155m[38;2;160;140;155m+[0m[48;2;161;140;155m[38;2;161;140;155m+[0m[48;2;161;140;155m[38;2;161;140;155m+[0m[48;2;80;66;75m[38;2;80;66;75m░[0m[48;2;163;159;162m[38;2;163;159;162m+[0m                                
                                         [48;2;127;126;127m[38;2;127;126;127m#[0m[48;2;42;41;43m[38;2;42;41;43m▒[0m[48;2;40;39;42m[38;2;40;39;42m▒[0m[48;2;155;154;157m[38;2;155;154;157m+[0m[48;2;137;137;139m[38;2;137;137;139m*[0m[48;2;70;69;72m[38;2;70;69;72m░[0m[48;2;15;12;19m[38;2;15;12;19m█[0m[48;2;29;24;37m[38;2;29;24;37m▓[0m[48;2;20;15;27m[38;2;20;15;27m█[0m[48;2;61;52;62m[38;2;61;52;62m░[0m[48;2;145;128;141m[38;2;145;128;141m*[0m[48;2;160;141;155m[38;2;160;141;155m+[0m[48;2;161;140;155m[38;2;161;140;155m+[0m[48;2;161;140;155m[38;2;161;140;155m+[0m[48;2;161;140;155m[38;2;161;140;155m+[0m[48;2;161;140;155m[38;2;161;140;155m+[0m[48;2;161;140;155m[38;2;161;140;155m+[0m[48;2;161;140;155m[38;2;161;140;155m+[0m[48;2;161;140;155m[38;2;161;140;155m+[0m[48;2;161;140;155m[38;2;161;140;155m+[0m[48;2;161;140;155m[38;2;161;140;155m+[0m[48;2;161;140;155m[38;2;161;140;155m+[0m[48;2;161;140;155m[38;2;161;140;155m+[0m[48;2;161;140;155m[38;2;161;140;155m+[0m[48;2;161;140;155m[38;2;161;140;155m+[0m[48;2;161;140;155m[38;2;161;140;155m+[0m[48;2;161;140;155m[38;2;161;140;155m+[0m[48;2;160;141;155m[38;2;160;141;155m+[0m[48;2;159;140;153m[38;2;159;140;153m+[0m[48;2;126;109;120m[38;2;126;109;120m#[0m[48;2;77;62;71m[38;2;77;62;71m░[0m[48;2;69;55;64m[38;2;69;55;64m░[0m[48;2;70;57;67m[38;2;70;57;67m░[0m[48;2;76;62;72m[38;2;76;62;72m░[0m[48;2;77;63;74m[38;2;77;63;74m░[0m[48;2;27;16;23m[38;2;27;16;23m▓[0m[48;2;75;70;74m[38;2;75;70;74m░[0m                                
                                          [48;2;228;227;228m[38;2;228;227;228m.[0m[48;2;202;202;204m[38;2;202;202;204m:[0m[48;2;201;200;202m[38;2;201;200;202m-[0m[48;2;189;189;191m[38;2;189;189;191m-[0m[48;2;9;8;12m[38;2;9;8;12m█[0m[48;2;35;31;46m[38;2;35;31;46m▓[0m[48;2;37;31;52m[38;2;37;31;52m▓[0m[48;2;36;31;50m[38;2;36;31;50m▓[0m[48;2;29;24;41m[38;2;29;24;41m▓[0m[48;2;22;15;29m[38;2;22;15;29m▓[0m[48;2;78;67;79m[38;2;78;67;79m░[0m[48;2;140;125;138m[38;2;140;125;138m*[0m[48;2;160;142;156m[38;2;160;142;156m+[0m[48;2;161;140;155m[38;2;161;140;155m+[0m[48;2;161;140;155m[38;2;161;140;155m+[0m[48;2;161;140;155m[38;2;161;140;155m+[0m[48;2;161;140;155m[38;2;161;140;155m+[0m[48;2;161;140;155m[38;2;161;140;155m+[0m[48;2;161;140;155m[38;2;161;140;155m+[0m[48;2;161;140;155m[38;2;161;140;155m+[0m[48;2;161;140;155m[38;2;161;140;155m+[0m[48;2;161;140;155m[38;2;161;140;155m+[0m[48;2;161;140;155m[38;2;161;140;155m+[0m[48;2;161;140;155m[38;2;161;140;155m+[0m[48;2;161;140;155m[38;2;161;140;155m+[0m[48;2;161;140;155m[38;2;161;140;155m+[0m[48;2;161;140;155m[38;2;161;140;155m+[0m[48;2;161;140;155m[38;2;161;140;155m+[0m[48;2;161;140;155m[38;2;161;140;155m+[0m[48;2;161;140;155m[38;2;161;140;155m+[0m[48;2;161;141;155m[38;2;161;141;155m+[0m[48;2;159;140;154m[38;2;159;140;154m+[0m[48;2;154;136;150m[38;2;154;136;150m*[0m[48;2;152;135;148m[38;2;152;135;148m*[0m[48;2;136;121;132m[38;2;136;121;132m#[0m[48;2;62;55;60m[38;2;62;55;60m░[0m                                
                                             [48;2;226;226;226m[38;2;226;226;226m.[0m[48;2;7;5;10m[38;2;7;5;10m█[0m[48;2;20;16;31m[38;2;20;16;31m▓[0m[48;2;33;28;46m[38;2;33;28;46m▓[0m[48;2;37;32;50m[38;2;37;32;50m▓[0m[48;2;35;30;49m[38;2;35;30;49m▓[0m[48;2;36;29;48m[38;2;36;29;48m▓[0m[48;2;23;16;30m[38;2;23;16;30m▓[0m[48;2;16;7;31m[38;2;16;7;31m█[0m[48;2;53;42;71m[38;2;53;42;71m▒[0m[48;2;97;85;96m[38;2;97;85;96m@[0m[48;2;142;125;139m[38;2;142;125;139m*[0m[48;2;159;141;155m[38;2;159;141;155m+[0m[48;2;160;140;155m[38;2;160;140;155m+[0m[48;2;161;140;155m[38;2;161;140;155m+[0m[48;2;161;140;155m[38;2;161;140;155m+[0m[48;2;161;140;155m[38;2;161;140;155m+[0m[48;2;161;140;155m[38;2;161;140;155m+[0m[48;2;161;140;155m[38;2;161;140;155m+[0m[48;2;161;140;155m[38;2;161;140;155m+[0m[48;2;161;140;155m[38;2;161;140;155m+[0m[48;2;161;140;155m[38;2;161;140;155m+[0m[48;2;161;140;155m[38;2;161;140;155m+[0m[48;2;161;140;155m[38;2;161;140;155m+[0m[48;2;161;140;155m[38;2;161;140;155m+[0m[48;2;161;140;155m[38;2;161;140;155m+[0m[48;2;161;140;155m[38;2;161;140;155m+[0m[48;2;161;140;155m[38;2;161;140;155m+[0m[48;2;161;140;155m[38;2;161;140;155m+[0m[48;2;161;140;155m[38;2;161;140;155m+[0m[48;2;142;125;138m[38;2;142;125;138m*[0m[48;2;53;42;51m[38;2;53;42;51m▒[0m[48;2;189;184;189m[38;2;189;184;189m-[0m                                
                                              [48;2;17;15;21m[38;2;17;15;21m█[0m[48;2;23;20;34m[38;2;23;20;34m▓[0m[48;2;18;13;29m[38;2;18;13;29m█[0m[48;2;15;11;26m[38;2;15;11;26m█[0m[48;2;17;13;27m[38;2;17;13;27m█[0m[48;2;20;17;30m[38;2;20;17;30m▓[0m[48;2;18;13;26m[38;2;18;13;26m█[0m[48;2;15;7;29m[38;2;15;7;29m█[0m[48;2;80;60;159m[38;2;80;60;159m@[0m[48;2;57;41;126m[38;2;57;41;126m░[0m[48;2;43;34;80m[38;2;43;34;80m▒[0m[48;2;48;39;76m[38;2;48;39;76m▒[0m[48;2;66;56;80m[38;2;66;56;80m░[0m[48;2;99;87;99m[38;2;99;87;99m%[0m[48;2;126;112;125m[38;2;126;112;125m#[0m[48;2;149;133;147m[38;2;149;133;147m*[0m[48;2;158;140;154m[38;2;158;140;154m+[0m[48;2;159;141;155m[38;2;159;141;155m+[0m[48;2;160;141;155m[38;2;160;141;155m+[0m[48;2;161;140;155m[38;2;161;140;155m+[0m[48;2;161;140;155m[38;2;161;140;155m+[0m[48;2;161;140;155m[38;2;161;140;155m+[0m[48;2;161;140;155m[38;2;161;140;155m+[0m[48;2;161;140;155m[38;2;161;140;155m+[0m[48;2;161;140;155m[38;2;161;140;155m+[0m[48;2;158;139;153m[38;2;158;139;153m*[0m[48;2;138;120;134m[38;2;138;120;134m#[0m[48;2;99;85;97m[38;2;99;85;97m@[0m[48;2;56;46;56m[38;2;56;46;56m▒[0m[48;2;87;80;86m[38;2;87;80;86m@[0m[48;2;212;208;212m[38;2;212;208;212m:[0m                                 
                                              [48;2;55;53;57m[38;2;55;53;57m▒[0m[48;2;30;26;41m[38;2;30;26;41m▓[0m[48;2;36;30;49m[38;2;36;30;49m▓[0m[48;2;36;31;50m[38;2;36;31;50m▓[0m[48;2;36;31;49m[38;2;36;31;49m▓[0m[48;2;33;28;46m[38;2;33;28;46m▓[0m[48;2;32;27;45m[38;2;32;27;45m▓[0m[48;2;13;8;23m[38;2;13;8;23m█[0m[48;2;55;38;129m[38;2;55;38;129m▒[0m[48;2;82;68;155m[38;2;82;68;155m@[0m[48;2;87;73;155m[38;2;87;73;155m@[0m[48;2;84;68;163m[38;2;84;68;163m@[0m[48;2;37;22;114m[38;2;37;22;114m▒[0m[48;2;4;1;11m[38;2;4;1;11m█[0m[48;2;16;9;42m[38;2;16;9;42m█[0m[48;2;37;25;94m[38;2;37;25;94m▓[0m[48;2;39;31;68m[38;2;39;31;68m▒[0m[48;2;45;35;82m[38;2;45;35;82m▒[0m[48;2;56;48;69m[38;2;56;48;69m▒[0m[48;2;64;54;73m[38;2;64;54;73m░[0m[48;2;63;52;72m[38;2;63;52;72m░[0m[48;2;64;54;63m[38;2;64;54;63m░[0m[48;2;63;53;63m[38;2;63;53;63m░[0m[48;2;57;47;58m[38;2;57;47;58m▒[0m[48;2;44;35;45m[38;2;44;35;45m▒[0m[48;2;23;16;27m[38;2;23;16;27m▓[0m[48;2;20;15;24m[38;2;20;15;24m█[0m[48;2;141;137;143m[38;2;141;137;143m*[0m[48;2;230;227;231m[38;2;230;227;231m.[0m                                   
                                              [48;2;136;135;139m[38;2;136;135;139m*[0m[48;2;18;16;27m[38;2;18;16;27m█[0m[48;2;37;31;51m[38;2;37;31;51m▓[0m[48;2;37;31;52m[38;2;37;31;52m▓[0m[48;2;37;31;52m[38;2;37;31;52m▓[0m[48;2;37;31;52m[38;2;37;31;52m▓[0m[48;2;37;31;52m[38;2;37;31;52m▓[0m[48;2;30;25;43m[38;2;30;25;43m▓[0m[48;2;18;10;43m[38;2;18;10;43m█[0m[48;2;76;66;125m[38;2;76;66;125m@[0m[48;2;86;71;157m[38;2;86;71;157m@[0m[48;2;73;54;167m[38;2;73;54;167m░[0m[48;2;77;62;153m[38;2;77;62;153m@[0m[48;2;18;9;58m[38;2;18;9;58m█[0m[48;2;67;63;75m[38;2;67;63;75m░[0m[48;2;33;22;81m[38;2;33;22;81m▓[0m[48;2;81;67;158m[38;2;81;67;158m@[0m[48;2;63;45;160m[38;2;63;45;160m░[0m[48;2;77;63;155m[38;2;77;63;155m@[0m[48;2;57;46;112m[38;2;57;46;112m░[0m[48;2;33;27;52m[38;2;33;27;52m▓[0m[48;2;10;6;12m[38;2;10;6;12m█[0m[48;2;66;60;68m[38;2;66;60;68m░[0m[48;2;46;39;55m[38;2;46;39;55m▒[0m[48;2;37;31;51m[38;2;37;31;51m▓[0m[48;2;37;31;51m[38;2;37;31;51m▓[0m[48;2;33;27;46m[38;2;33;27;46m▓[0m[48;2;21;17;31m[38;2;21;17;31m▓[0m[48;2;54;51;60m[38;2;54;51;60m▒[0m[48;2;150;149;153m[38;2;150;149;153m+[0m                                  
                                              [48;2;228;227;229m[38;2;228;227;229m.[0m[48;2;19;16;24m[38;2;19;16;24m█[0m[48;2;34;29;47m[38;2;34;29;47m▓[0m[48;2;37;31;52m[38;2;37;31;52m▓[0m[48;2;37;31;52m[38;2;37;31;52m▓[0m[48;2;37;31;52m[38;2;37;31;52m▓[0m[48;2;37;31;52m[38;2;37;31;52m▓[0m[48;2;37;31;52m[38;2;37;31;52m▓[0m[48;2;31;25;45m[38;2;31;25;45m▓[0m[48;2;21;16;34m[38;2;21;16;34m▓[0m[48;2;27;22;39m[38;2;27;22;39m▓[0m[48;2;34;27;60m[38;2;34;27;60m▓[0m[48;2;49;42;76m[38;2;49;42;76m▒[0m[48;2;24;15;67m[38;2;24;15;67m▓[0m[48;2;71;68;74m[38;2;71;68;74m░[0m[48;2;122;120;125m[38;2;122;120;125m#[0m[48;2;17;12;33m[38;2;17;12;33m█[0m[48;2;60;57;70m[38;2;60;57;70m░[0m[48;2;102;99;109m[38;2;102;99;109m%[0m[48;2;167;164;170m[38;2;167;164;170m=[0m[48;2;234;232;235m[38;2;234;232;235m.[0m[48;2;163;161;165m[38;2;163;161;165m+[0m[48;2;25;22;27m[38;2;25;22;27m▓[0m[48;2;56;53;59m[38;2;56;53;59m▒[0m[48;2;64;60;73m[38;2;64;60;73m░[0m[48;2;39;35;50m[38;2;39;35;50m▒[0m[48;2;37;32;49m[38;2;37;32;49m▓[0m[48;2;37;32;51m[38;2;37;32;51m▓[0m[48;2;36;30;51m[38;2;36;30;51m▓[0m[48;2;27;22;38m[38;2;27;22;38m▓[0m[48;2;34;31;40m[38;2;34;31;40m▓[0m[48;2;150;149;153m[38;2;150;149;153m+[0m                                
                                               [48;2;121;119;125m[38;2;121;119;125m#[0m[48;2;22;17;32m[38;2;22;17;32m▓[0m[48;2;37;31;52m[38;2;37;31;52m▓[0m[48;2;37;31;52m[38;2;37;31;52m▓[0m[48;2;37;31;52m[38;2;37;31;52m▓[0m[48;2;37;31;52m[38;2;37;31;52m▓[0m[48;2;37;31;52m[38;2;37;31;52m▓[0m[48;2;37;31;52m[38;2;37;31;52m▓[0m[48;2;37;31;52m[38;2;37;31;52m▓[0m[48;2;76;71;89m[38;2;76;71;89m@[0m[48;2;17;13;23m[38;2;17;13;23m█[0m[48;2;52;49;57m[38;2;52;49;57m▒[0m[48;2;155;154;155m[38;2;155;154;155m+[0m[48;2;203;201;202m[38;2;203;201;202m:[0m[48;2;190;189;191m[38;2;190;189;191m-[0m[48;2;44;42;46m[38;2;44;42;46m▒[0m[48;2;84;82;86m[38;2;84;82;86m@[0m[48;2;116;114;119m[38;2;116;114;119m#[0m[48;2;211;208;213m[38;2;211;208;213m:[0m [48;2;230;228;231m[38;2;230;228;231m.[0m[48;2;41;38;43m[38;2;41;38;43m▒[0m[48;2;127;124;129m[38;2;127;124;129m#[0m[48;2;36;33;39m[38;2;36;33;39m▓[0m[48;2;59;55;63m[38;2;59;55;63m░[0m[48;2;64;60;72m[38;2;64;60;72m░[0m[48;2;41;36;52m[38;2;41;36;52m▒[0m[48;2;37;31;52m[38;2;37;31;52m▓[0m[48;2;37;31;52m[38;2;37;31;52m▓[0m[48;2;37;31;51m[38;2;37;31;51m▓[0m[48;2;23;18;33m[38;2;23;18;33m▓[0m[48;2;80;77;84m[38;2;80;77;84m@[0m                               