                                                                                                              
                                                                                                              
                                                                                                              
                                                                                                              
                                                                                                              
                                                                                                              
                                                                                                              
                                                                                                              
                                                                                                              
                                                                                                              
                                                                                                              
                                                                                                              
                                                                                                              
                                                   [48;2;179;179;180m[38;2;179;179;180m=[0m[48;2;127;127;129m[38;2;127;127;129m#[0m[48;2;95;94;97m[38;2;95;94;97m%[0m[48;2;69;68;72m[38;2;69;68;72m░[0m[48;2;55;54;59m[38;2;55;54;59m░[0m[48;2;44;44;50m[38;2;44;44;50m▒[0m[48;2;45;44;49m[38;2;45;44;49m▒[0m[48;2;54;52;58m[38;2;54;52;58m▒[0m[48;2;68;67;72m[38;2;68;67;72m░[0m[48;2;96;95;99m[38;2;96;95;99m%[0m[48;2;145;144;148m[38;2;145;144;148m*[0m[48;2;204;203;205m[38;2;204;203;205m:[0m                                               
                                                 [48;2;160;160;161m[38;2;160;160;161m+[0m[48;2;32;31;37m[38;2;32;31;37m▓[0m[48;2;28;26;37m[38;2;28;26;37m▓[0m[48;2;38;36;51m[38;2;38;36;51m▒[0m[48;2;42;42;58m[38;2;42;42;58m▒[0m[48;2;43;43;59m[38;2;43;43;59m▒[0m[48;2;43;43;59m[38;2;43;43;59m▒[0m[48;2;42;43;59m[38;2;42;43;59m▒[0m[48;2;42;43;59m[38;2;42;43;59m▒[0m[48;2;42;43;59m[38;2;42;43;59m▒[0m[48;2;42;42;59m[38;2;42;42;59m▒[0m[48;2;40;40;56m[38;2;40;40;56m▒[0m[48;2;34;34;51m[38;2;34;34;51m▓[0m[48;2;25;24;39m[38;2;25;24;39m▓[0m[48;2;45;44;52m[38;2;45;44;52m▒[0m[48;2;132;131;135m[38;2;132;131;135m*[0m[48;2;236;235;237m[38;2;236;235;237m.[0m                                            
                                                [48;2;96;95;98m[38;2;96;95;98m%[0m[48;2;22;21;29m[38;2;22;21;29m▓[0m[48;2;43;42;56m[38;2;43;42;56m▒[0m[48;2;42;43;59m[38;2;42;43;59m▒[0m[48;2;41;43;59m[38;2;41;43;59m▒[0m[48;2;40;44;59m[38;2;40;44;59m▒[0m[48;2;40;44;59m[38;2;40;44;59m▒[0m[48;2;40;44;59m[38;2;40;44;59m▒[0m[48;2;40;44;59m[38;2;40;44;59m▒[0m[48;2;40;44;59m[38;2;40;44;59m▒[0m[48;2;40;44;59m[38;2;40;44;59m▒[0m[48;2;40;44;59m[38;2;40;44;59m▒[0m[48;2;40;44;59m[38;2;40;44;59m▒[0m[48;2;41;43;59m[38;2;41;43;59m▒[0m[48;2;41;43;59m[38;2;41;43;59m▒[0m[48;2;42;42;59m[38;2;42;42;59m▒[0m[48;2;34;33;45m[38;2;34;33;45m▓[0m[48;2;25;24;30m[38;2;25;24;30m▓[0m[48;2;87;86;88m[38;2;87;86;88m@[0m[48;2;186;186;186m[38;2;186;186;186m-[0m                                          
                                              [48;2;189;189;190m[38;2;189;189;190m-[0m[48;2;83;82;84m[38;2;83;82;84m@[0m[48;2;27;25;34m[38;2;27;25;34m▓[0m[48;2;44;43;58m[38;2;44;43;58m▒[0m[48;2;41;43;59m[38;2;41;43;59m▒[0m[48;2;40;44;59m[38;2;40;44;59m▒[0m[48;2;40;44;59m[38;2;40;44;59m▒[0m[48;2;40;44;59m[38;2;40;44;59m▒[0m[48;2;40;44;59m[38;2;40;44;59m▒[0m[48;2;40;44;59m[38;2;40;44;59m▒[0m[48;2;40;44;59m[38;2;40;44;59m▒[0m[48;2;40;44;59m[38;2;40;44;59m▒[0m[48;2;40;44;59m[38;2;40;44;59m▒[0m[48;2;40;44;59m[38;2;40;44;59m▒[0m[48;2;40;44;59m[38;2;40;44;59m▒[0m[48;2;40;44;59m[38;2;40;44;59m▒[0m[48;2;40;44;59m[38;2;40;44;59m▒[0m[48;2;41;44;59m[38;2;41;44;59m▒[0m[48;2;44;44;59m[38;2;44;44;59m▒[0m[48;2;75;74;82m[38;2;75;74;82m@[0m[48;2;8;7;10m[38;2;8;7;10m█[0m[48;2;52;49;52m[38;2;52;49;52m▒[0m[48;2;105;102;105m[38;2;105;102;105m%[0m                                         
                                             [48;2;144;144;145m[38;2;144;144;145m*[0m[48;2;4;2;6m[38;2;4;2;6m█[0m[48;2;21;20;28m[38;2;21;20;28m▓[0m[48;2;44;43;57m[38;2;44;43;57m▒[0m[48;2;42;43;59m[38;2;42;43;59m▒[0m[48;2;40;44;59m[38;2;40;44;59m▒[0m[48;2;40;44;59m[38;2;40;44;59m▒[0m[48;2;40;44;59m[38;2;40;44;59m▒[0m[48;2;40;44;59m[38;2;40;44;59m▒[0m[48;2;40;44;59m[38;2;40;44;59m▒[0m[48;2;40;44;59m[38;2;40;44;59m▒[0m[48;2;40;44;59m[38;2;40;44;59m▒[0m[48;2;40;44;59m[38;2;40;44;59m▒[0m[48;2;40;44;59m[38;2;40;44;59m▒[0m[48;2;40;44;59m[38;2;40;44;59m▒[0m[48;2;40;44;59m[38;2;40;44;59m▒[0m[48;2;40;44;59m[38;2;40;44;59m▒[0m[48;2;40;44;59m[38;2;40;44;59m▒[0m[48;2;41;44;59m[38;2;41;44;59m▒[0m[48;2;56;57;71m[38;2;56;57;71m░[0m[48;2;70;69;75m[38;2;70;69;75m░[0m[48;2;15;12;19m[38;2;15;12;19m█[0m[48;2;107;99;104m[38;2;107;99;104m%[0m[48;2;92;84;91m[38;2;92;84;91m@[0m[48;2;93;90;93m[38;2;93;90;93m@[0m                                        
                                             [48;2;42;40;43m[38;2;42;40;43m▒[0m[48;2;7;5;11m[38;2;7;5;11m█[0m[48;2;42;41;53m[38;2;42;41;53m▒[0m[48;2;41;43;58m[38;2;41;43;58m▒[0m[48;2;40;44;59m[38;2;40;44;59m▒[0m[48;2;40;44;59m[38;2;40;44;59m▒[0m[48;2;40;44;59m[38;2;40;44;59m▒[0m[48;2;40;44;59m[38;2;40;44;59m▒[0m[48;2;40;44;59m[38;2;40;44;59m▒[0m[48;2;40;44;59m[38;2;40;44;59m▒[0m[48;2;40;44;59m[38;2;40;44;59m▒[0m[48;2;40;44;59m[38;2;40;44;59m▒[0m[48;2;40;44;59m[38;2;40;44;59m▒[0m[48;2;40;44;59m[38;2;40;44;59m▒[0m[48;2;40;44;59m[38;2;40;44;59m▒[0m[48;2;40;44;59m[38;2;40;44;59m▒[0m[48;2;40;44;59m[38;2;40;44;59m▒[0m[48;2;40;44;59m[38;2;40;44;59m▒[0m[48;2;43;46;61m[38;2;43;46;61m▒[0m[48;2;60;59;73m[38;2;60;59;73m░[0m[48;2;43;41;52m[38;2;43;41;52m▒[0m[48;2;16;12;21m[38;2;16;12;21m█[0m[48;2;108;97;105m[38;2;108;97;105m%[0m[48;2;98;85;93m[38;2;98;85;93m@[0m[48;2;62;54;60m[38;2;62;54;60m░[0m[48;2;171;168;170m[38;2;171;168;170m=[0m                                       
                                           [48;2;228;228;229m[38;2;228;228;229m.[0m[48;2;56;53;57m[38;2;56;53;57m▒[0m[48;2;37;33;38m[38;2;37;33;38m▓[0m[48;2;22;19;27m[38;2;22;19;27m▓[0m[48;2;43;43;57m[38;2;43;43;57m▒[0m[48;2;41;44;59m[38;2;41;44;59m▒[0m[48;2;40;44;59m[38;2;40;44;59m▒[0m[48;2;40;44;59m[38;2;40;44;59m▒[0m[48;2;40;44;59m[38;2;40;44;59m▒[0m[48;2;40;44;59m[38;2;40;44;59m▒[0m[48;2;40;44;59m[38;2;40;44;59m▒[0m[48;2;40;44;59m[38;2;40;44;59m▒[0m[48;2;40;44;59m[38;2;40;44;59m▒[0m[48;2;40;44;59m[38;2;40;44;59m▒[0m[48;2;40;44;59m[38;2;40;44;59m▒[0m[48;2;40;44;59m[38;2;40;44;59m▒[0m[48;2;40;44;59m[38;2;40;44;59m▒[0m[48;2;40;44;59m[38;2;40;44;59m▒[0m[48;2;41;43;59m[38;2;41;43;59m▒[0m[48;2;42;43;59m[38;2;42;43;59m▒[0m[48;2;75;75;91m[38;2;75;75;91m@[0m[48;2;52;50;63m[38;2;52;50;63m▒[0m[48;2;21;16;27m[38;2;21;16;27m▓[0m[48;2;97;89;100m[38;2;97;89;100m%[0m[48;2;121;111;120m[38;2;121;111;120m#[0m[48;2;13;7;11m[38;2;13;7;11m█[0m[48;2;109;102;107m[38;2;109;102;107m%[0m[48;2;70;66;71m[38;2;70;66;71m░[0m                                       
                                          [48;2;237;237;238m[38;2;237;237;238m.[0m[48;2;49;47;50m[38;2;49;47;50m▒[0m[48;2;98;87;94m[38;2;98;87;94m@[0m[48;2;89;79;86m[38;2;89;79;86m@[0m[48;2;29;24;35m[38;2;29;24;35m▓[0m[48;2;41;43;59m[38;2;41;43;59m▒[0m[48;2;40;44;59m[38;2;40;44;59m▒[0m[48;2;40;44;59m[38;2;40;44;59m▒[0m[48;2;40;44;59m[38;2;40;44;59m▒[0m[48;2;40;44;59m[38;2;40;44;59m▒[0m[48;2;40;44;59m[38;2;40;44;59m▒[0m[48;2;40;44;59m[38;2;40;44;59m▒[0m[48;2;40;44;59m[38;2;40;44;59m▒[0m[48;2;40;44;59m[38;2;40;44;59m▒[0m[48;2;40;44;59m[38;2;40;44;59m▒[0m[48;2;40;44;59m[38;2;40;44;59m▒[0m[48;2;40;44;59m[38;2;40;44;59m▒[0m[48;2;41;43;59m[38;2;41;43;59m▒[0m[48;2;42;43;59m[38;2;42;43;59m▒[0m[48;2;53;52;68m[38;2;53;52;68m▒[0m[48;2;76;75;88m[38;2;76;75;88m@[0m[48;2;42;40;52m[38;2;42;40;52m▒[0m[48;2;29;25;36m[38;2;29;25;36m▓[0m[48;2;112;101;113m[38;2;112;101;113m%[0m[48;2;155;138;152m[38;2;155;138;152m*[0m[48;2;155;139;151m[38;2;155;139;151m*[0m[48;2;77;68;76m[38;2;77;68;76m░[0m[48;2;86;79;84m[38;2;86;79;84m@[0m[48;2;29;25;30m[38;2;29;25;30m▓[0m                                       
                                          [48;2;95;94;97m[38;2;95;94;97m%[0m[48;2;80;72;79m[38;2;80;72;79m@[0m[48;2;157;142;152m[38;2;157;142;152m+[0m[48;2;110;97;107m[38;2;110;97;107m%[0m[48;2;22;16;28m[38;2;22;16;28m▓[0m[48;2;41;43;58m[38;2;41;43;58m▒[0m[48;2;40;44;59m[38;2;40;44;59m▒[0m[48;2;40;44;59m[38;2;40;44;59m▒[0m[48;2;40;44;59m[38;2;40;44;59m▒[0m[48;2;40;44;59m[38;2;40;44;59m▒[0m[48;2;40;44;59m[38;2;40;44;59m▒[0m[48;2;40;44;59m[38;2;40;44;59m▒[0m[48;2;40;44;59m[38;2;40;44;59m▒[0m[48;2;40;44;59m[38;2;40;44;59m▒[0m[48;2;40;44;59m[38;2;40;44;59m▒[0m[48;2;41;43;59m[38;2;41;43;59m▒[0m[48;2;43;43;58m[38;2;43;43;58m▒[0m[48;2;55;52;67m[38;2;55;52;67m▒[0m[48;2;72;68;83m[38;2;72;68;83m░[0m[48;2;59;54;69m[38;2;59;54;69m░[0m[48;2;27;21;33m[38;2;27;21;33m▓[0m[48;2;77;67;79m[38;2;77;67;79m░[0m[48;2;150;135;147m[38;2;150;135;147m*[0m[48;2;159;141;155m[38;2;159;141;155m+[0m[48;2;160;140;155m[38;2;160;140;155m+[0m[48;2;160;140;154m[38;2;160;140;154m+[0m[48;2;118;106;115m[38;2;118;106;115m#[0m[48;2;35;31;35m[38;2;35;31;35m▓[0m[48;2;32;30;33m[38;2;32;30;33m▓[0m                                       
                                         [48;2;203;202;203m[38;2;203;202;203m:[0m[48;2;38;32;37m[38;2;38;32;37m▓[0m[48;2;154;140;150m[38;2;154;140;150m*[0m[48;2;160;141;155m[38;2;160;141;155m+[0m[48;2;118;101;114m[38;2;118;101;114m%[0m[48;2;16;6;18m[38;2;16;6;18m█[0m[48;2;33;28;41m[38;2;33;28;41m▓[0m[48;2;42;43;59m[38;2;42;43;59m▒[0m[48;2;40;44;59m[38;2;40;44;59m▒[0m[48;2;40;44;59m[38;2;40;44;59m▒[0m[48;2;40;44;59m[38;2;40;44;59m▒[0m[48;2;40;44;59m[38;2;40;44;59m▒[0m[48;2;41;43;59m[38;2;41;43;59m▒[0m[48;2;41;43;59m[38;2;41;43;59m▒[0m[48;2;50;49;67m[38;2;50;49;67m▒[0m[48;2;47;45;64m[38;2;47;45;64m▒[0m[48;2;68;65;81m[38;2;68;65;81m░[0m[48;2;67;63;76m[38;2;67;63;76m░[0m[48;2;48;42;52m[38;2;48;42;52m▒[0m[48;2;34;26;35m[38;2;34;26;35m▓[0m[48;2;85;74;83m[38;2;85;74;83m@[0m[48;2;146;131;142m[38;2;146;131;142m*[0m[48;2;160;141;154m[38;2;160;141;154m+[0m[48;2;161;140;154m[38;2;161;140;154m+[0m[48;2;161;140;155m[38;2;161;140;155m+[0m[48;2;161;140;155m[38;2;161;140;155m+[0m[48;2;161;140;155m[38;2;161;140;155m+[0m[48;2;128;113;125m[38;2;128;113;125m#[0m[48;2;9;5;10m[38;2;9;5;10m█[0m[48;2;60;59;62m[38;2;60;59;62m░[0m                                       
                                         [48;2;75;73;74m[38;2;75;73;74m@[0m[48;2;121;110;118m[38;2;121;110;118m#[0m[48;2;160;142;154m[38;2;160;142;154m+[0m[48;2;160;141;154m[38;2;160;141;154m+[0m[48;2;104;88;100m[38;2;104;88;100m%[0m[48;2;70;58;70m[38;2;70;58;70m░[0m[48;2;46;36;47m[38;2;46;36;47m▒[0m[48;2;29;26;39m[38;2;29;26;39m▓[0m[48;2;43;42;57m[38;2;43;42;57m▒[0m[48;2;41;43;59m[38;2;41;43;59m▒[0m[48;2;40;43;60m[38;2;40;43;60m▒[0m[48;2;41;43;60m[38;2;41;43;60m▒[0m[48;2;57;57;73m[38;2;57;57;73m░[0m[48;2;72;69;84m[38;2;72;69;84m░[0m[48;2;56;54;65m[38;2;56;54;65m░[0m[48;2;29;24;38m[38;2;29;24;38m▓[0m[48;2;31;25;36m[38;2;31;25;36m▓[0m[48;2;68;56;68m[38;2;68;56;68m░[0m[48;2;119;104;116m[38;2;119;104;116m#[0m[48;2;156;139;151m[38;2;156;139;151m*[0m[48;2;160;142;154m[38;2;160;142;154m+[0m[48;2;161;140;155m[38;2;161;140;155m+[0m[48;2;161;140;155m[38;2;161;140;155m+[0m[48;2;161;140;155m[38;2;161;140;155m+[0m[48;2;161;140;155m[38;2;161;140;155m+[0m[48;2;161;140;155m[38;2;161;140;155m+[0m[48;2;161;140;155m[38;2;161;140;155m+[0m[48;2;117;102;114m[38;2;117;102;114m%[0m[48;2;72;68;73m[38;2;72;68;73m░[0m[48;2;223;222;225m[38;2;223;222;225m.[0m                                       
                                        [48;2;220;220;220m[38;2;220;220;220m.[0m[48;2;38;33;36m[38;2;38;33;36m▓[0m[48;2;158;143;154m[38;2;158;143;154m+[0m[48;2;161;141;156m[38;2;161;141;156m+[0m[48;2;160;141;155m[38;2;160;141;155m+[0m[48;2;153;135;149m[38;2;153;135;149m*[0m[48;2;39;27;38m[38;2;39;27;38m▓[0m[48;2;131;118;129m[38;2;131;118;129m#[0m[48;2;84;72;84m[38;2;84;72;84m@[0m[48;2;37;27;39m[38;2;37;27;39m▓[0m[48;2;28;19;32m[38;2;28;19;32m▓[0m[48;2;33;27;39m[38;2;33;27;39m▓[0m[48;2;47;42;54m[38;2;47;42;54m▒[0m[48;2;43;36;47m[38;2;43;36;47m▒[0m[48;2;48;39;50m[38;2;48;39;50m▒[0m[48;2;77;65;77m[38;2;77;65;77m░[0m[48;2;121;106;119m[38;2;121;106;119m#[0m[48;2;156;140;150m[38;2;156;140;150m*[0m[48;2;160;142;154m[38;2;160;142;154m+[0m[48;2;155;137;150m[38;2;155;137;150m*[0m[48;2;124;106;120m[38;2;124;106;120m#[0m[48;2;87;71;83m[38;2;87;71;83m@[0m[48;2;134;116;130m[38;2;134;116;130m#[0m[48;2;161;140;155m[38;2;161;140;155m+[0m[48;2;161;140;155m[38;2;161;140;155m+[0m[48;2;161;140;155m[38;2;161;140;155m+[0m[48;2;161;140;155m[38;2;161;140;155m+[0m[48;2;161;140;155m[38;2;161;140;155m+[0m[48;2;64;50;61m[38;2;64;50;61m░[0m[48;2;39;37;41m[38;2;39;37;41m▒[0m[48;2;86;85;88m[38;2;86;85;88m@[0m[48;2;64;63;66m[38;2;64;63;66m░[0m[48;2;65;63;66m[38;2;65;63;66m░[0m[48;2;89;88;89m[38;2;89;88;89m@[0m[48;2;237;237;237m[38;2;237;237;237m.[0m                                   
                                        [48;2;163;163;163m[38;2;163;163;163m+[0m[48;2;72;64;70m[38;2;72;64;70m░[0m[48;2;160;142;154m[38;2;160;142;154m+[0m[48;2;161;140;155m[38;2;161;140;155m+[0m[48;2;161;140;155m[38;2;161;140;155m+[0m[48;2;161;140;155m[38;2;161;140;155m+[0m[48;2;123;107;119m[38;2;123;107;119m#[0m[48;2;42;31;40m[38;2;42;31;40m▓[0m[48;2;32;23;32m[38;2;32;23;32m▓[0m[48;2;133;121;131m[38;2;133;121;131m#[0m[48;2;139;126;136m[38;2;139;126;136m*[0m[48;2;74;64;72m[38;2;74;64;72m░[0m[48;2;62;53;62m[38;2;62;53;62m░[0m[48;2;153;141;151m[38;2;153;141;151m*[0m[48;2;152;138;148m[38;2;152;138;148m*[0m[48;2;136;120;131m[38;2;136;120;131m#[0m[48;2;109;94;104m[38;2;109;94;104m%[0m[48;2;83;69;78m[38;2;83;69;78m@[0m[48;2;69;55;65m[38;2;69;55;65m░[0m[48;2;72;58;68m[38;2;72;58;68m░[0m[48;2;99;85;95m[38;2;99;85;95m@[0m[48;2;141;124;137m[38;2;141;124;137m*[0m[48;2;160;141;155m[38;2;160;141;155m+[0m[48;2;161;140;155m[38;2;161;140;155m+[0m[48;2;161;140;155m[38;2;161;140;155m+[0m[48;2;161;140;155m[38;2;161;140;155m+[0m[48;2;161;140;155m[38;2;161;140;155m+[0m[48;2;130;113;127m[38;2;130;113;127m#[0m[48;2;15;6;15m[38;2;15;6;15m█[0m[48;2;17;12;20m[38;2;17;12;20m█[0m[48;2;123;122;126m[38;2;123;122;126m#[0m[48;2;239;238;241m[38;2;239;238;241m [0m[48;2;61;60;63m[38;2;61;60;63m░[0m[48;2;61;60;62m[38;2;61;60;62m░[0m                                    
                                        [48;2;147;147;147m[38;2;147;147;147m+[0m[48;2;79;72;76m[38;2;79;72;76m@[0m[48;2;160;141;154m[38;2;160;141;154m+[0m[48;2;161;140;155m[38;2;161;140;155m+[0m[48;2;161;140;155m[38;2;161;140;155m+[0m[48;2;161;140;155m[38;2;161;140;155m+[0m[48;2;160;141;155m[38;2;160;141;155m+[0m[48;2;124;108;119m[38;2;124;108;119m#[0m[48;2;35;26;33m[38;2;35;26;33m▓[0m[48;2;41;33;40m[38;2;41;33;40m▓[0m[48;2;26;21;27m[38;2;26;21;27m▓[0m[48;2;9;5;9m[38;2;9;5;9m█[0m[48;2;49;44;49m[38;2;49;44;49m▒[0m[48;2;64;57;64m[38;2;64;57;64m░[0m[48;2;71;61;69m[38;2;71;61;69m░[0m[48;2;89;76;86m[38;2;89;76;86m@[0m[48;2;118;103;114m[38;2;118;103;114m%[0m[48;2;146;128;141m[38;2;146;128;141m*[0m[48;2;161;141;155m[38;2;161;141;155m+[0m[48;2;161;140;155m[38;2;161;140;155m+[0m[48;2;161;140;155m[38;2;161;140;155m+[0m[48;2;161;140;155m[38;2;161;140;155m+[0m[48;2;161;140;155m[38;2;161;140;155m+[0m[48;2;161;140;155m[38;2;161;140;155m+[0m[48;2;161;140;155m[38;2;161;140;155m+[0m[48;2;161;140;155m[38;2;161;140;155m+[0m[48;2;159;138;153m[38;2;159;138;153m*[0m[48;2;46;32;43m[38;2;46;32;43m▒[0m[48;2;22;13;24m[38;2;22;13;24m█[0m[48;2;32;27;38m[38;2;32;27;38m▓[0m[48;2;43;40;47m[38;2;43;40;47m▒[0m [48;2;191;190;192m[38;2;191;190;192m-[0m[48;2;78;77;80m[38;2;78;77;80m@[0m                                    
                                        [48;2;163;163;163m[38;2;163;163;163m+[0m[48;2;70;63;67m[38;2;70;63;67m░[0m[48;2;160;142;154m[38;2;160;142;154m+[0m[48;2;161;140;155m[38;2;161;140;155m+[0m[48;2;161;140;155m[38;2;161;140;155m+[0m[48;2;161;140;155m[38;2;161;140;155m+[0m[48;2;161;140;155m[38;2;161;140;155m+[0m[48;2;161;140;155m[38;2;161;140;155m+[0m[48;2;132;118;130m[38;2;132;118;130m#[0m[48;2;11;5;13m[38;2;11;5;13m█[0m[48;2;6;3;9m[38;2;6;3;9m█[0m[48;2;15;13;18m[38;2;15;13;18m█[0m[48;2;25;24;29m[38;2;25;24;29m▓[0m[48;2;53;48;54m[38;2;53;48;54m▒[0m[48;2;95;84;93m[38;2;95;84;93m@[0m[48;2;157;139;153m[38;2;157;139;153m*[0m[48;2;161;140;155m[38;2;161;140;155m+[0m[48;2;161;140;155m[38;2;161;140;155m+[0m[48;2;161;140;155m[38;2;161;140;155m+[0m[48;2;161;140;155m[38;2;161;140;155m+[0m[48;2;161;140;155m[38;2;161;140;155m+[0m[48;2;161;140;155m[38;2;161;140;155m+[0m[48;2;161;140;155m[38;2;161;140;155m+[0m[48;2;161;140;155m[38;2;161;140;155m+[0m[48;2;161;140;155m[38;2;161;140;155m+[0m[48;2;161;140;155m[38;2;161;140;155m+[0m[48;2;158;138;152m[38;2;158;138;152m*[0m[48;2;96;81;93m[38;2;96;81;93m@[0m[48;2;18;9;20m[38;2;18;9;20m█[0m[48;2;33;28;39m[38;2;33;28;39m▓[0m[48;2;11;8;17m[38;2;11;8;17m█[0m[48;2;200;199;201m[38;2;200;199;201m-[0m[48;2;107;106;107m[38;2;107;106;107m%[0m[48;2;14;12;16m[38;2;14;12;16m█[0m[48;2;77;76;79m[38;2;77;76;79m@[0m[48;2;82;81;84m[38;2;82;81;84m@[0m[48;2;102;101;104m[38;2;102;101;104m%[0m[48;2;135;134;136m[38;2;135;134;136m*[0m[48;2;181;180;181m[38;2;181;180;181m=[0m[48;2;233;233;234m[38;2;233;233;234m.[0m                              
                                        [48;2;114;113;114m[38;2;114;113;114m#[0m[48;2;27;22;27m[38;2;27;22;27m▓[0m[48;2;146;133;143m[38;2;146;133;143m*[0m[48;2;160;139;154m[38;2;160;139;154m+[0m[48;2;161;140;155m[38;2;161;140;155m+[0m[48;2;161;140;155m[38;2;161;140;155m+[0m[48;2;161;140;155m[38;2;161;140;155m+[0m[48;2;161;140;155m[38;2;161;140;155m+[0m[48;2;118;103;116m[38;2;118;103;116m%[0m[48;2;21;15;23m[38;2;21;15;23m█[0m[48;2;26;23;31m[38;2;26;23;31m▓[0m[48;2;2;1;6m[38;2;2;1;6m█[0m[48;2;13;12;17m[38;2;13;12;17m█[0m[48;2;12;10;15m[38;2;12;10;15m█[0m[48;2;53;46;53m[38;2;53;46;53m▒[0m[48;2;150;131;145m[38;2;150;131;145m*[0m[48;2;161;140;155m[38;2;161;140;155m+[0m[48;2;161;140;155m[38;2;161;140;155m+[0m[48;2;161;140;155m[38;2;161;140;155m+[0m[48;2;161;140;155m[38;2;161;140;155m+[0m[48;2;161;140;155m[38;2;161;140;155m+[0m[48;2;161;140;155m[38;2;161;140;155m+[0m[48;2;161;140;155m[38;2;161;140;155m+[0m[48;2;161;140;155m[38;2;161;140;155m+[0m[48;2;161;140;155m[38;2;161;140;155m+[0m[48;2;161;140;155m[38;2;161;140;155m+[0m[48;2;161;140;155m[38;2;161;140;155m+[0m[48;2;160;140;155m[38;2;160;140;155m+[0m[48;2;77;63;75m[38;2;77;63;75m░[0m[48;2;20;14;24m[38;2;20;14;24m█[0m[48;2;10;7;15m[38;2;10;7;15m█[0m[48;2;212;209;213m[38;2;212;209;213m:[0m[48;2;136;132;136m[38;2;136;132;136m*[0m[48;2;31;26;31m[38;2;31;26;31m▓[0m[48;2;154;151;155m[38;2;154;151;155m+[0m[48;2;128;127;130m[38;2;128;127;130m#[0m[48;2;81;80;83m[38;2;81;80;83m@[0m[48;2;47;46;49m[38;2;47;46;49m▒[0m[48;2;65;63;66m[38;2;65;63;66m░[0m[48;2;68;66;69m[38;2;68;66;69m░[0m[48;2;81;79;82m[38;2;81;79;82m@[0m[48;2;196;195;196m[38;2;196;195;196m-[0m                            
                                         [48;2;169;168;168m[38;2;169;168;168m=[0m[48;2;54;47;53m[38;2;54;47;53m▒[0m[48;2;153;133;148m[38;2;153;133;148m*[0m[48;2;160;139;154m[38;2;160;139;154m+[0m[48;2;161;140;155m[38;2;161;140;155m+[0m[48;2;161;140;155m[38;2;161;140;155m+[0m[48;2;160;140;155m[38;2;160;140;155m+[0m[48;2;150;131;145m[38;2;150;131;145m*[0m[48;2;46;35;45m[38;2;46;35;45m▒[0m[48;2;23;17;24m[38;2;23;17;24m▓[0m[48;2;15;13;18m[38;2;15;13;18m█[0m[48;2;8;6;12m[38;2;8;6;12m█[0m[48;2;23;21;26m[38;2;23;21;26m▓[0m[48;2;11;8;14m[38;2;11;8;14m█[0m[48;2;62;52;61m[38;2;62;52;61m░[0m[48;2;158;141;154m[38;2;158;141;154m+[0m[48;2;161;140;155m[38;2;161;140;155m+[0m[48;2;161;140;155m[38;2;161;140;155m+[0m[48;2;161;140;155m[38;2;161;140;155m+[0m[48;2;161;140;155m[38;2;161;140;155m+[0m[48;2;161;140;155m[38;2;161;140;155m+[0m[48;2;161;140;155m[38;2;161;140;155m+[0m[48;2;161;140;155m[38;2;161;140;155m+[0m[48;2;161;140;155m[38;2;161;140;155m+[0m[48;2;161;140;155m[38;2;161;140;155m+[0m[48;2;161;140;155m[38;2;161;140;155m+[0m[48;2;161;140;155m[38;2;161;140;155m+[0m[48;2;158;137;152m[38;2;158;137;152m*[0m[48;2;99;83;96m[38;2;99;83;96m@[0m[48;2;30;22;32m[38;2;30;22;32m▓[0m[48;2;51;45;51m[38;2;51;45;51m▒[0m[48;2;50;46;50m[38;2;50;46;50m▒[0m[48;2;171;168;172m[38;2;171;168;172m=[0m[48;2;191;187;191m[38;2;191;187;191m-[0m[48;2;173;171;174m[38;2;173;171;174m=[0m[48;2;169;167;171m[38;2;169;167;171m=[0m[48;2;97;91;96m[38;2;97;91;96m%[0m[48;2;71;62;68m[38;2;71;62;68m░[0m[48;2;158;143;152m[38;2;158;143;152m+[0m[48;2;144;129;138m[38;2;144;129;138m*[0m[48;2;42;33;39m[38;2;42;33;39m▓[0m[48;2;228;224;228m[38;2;228;224;228m.[0m                           
                                          [48;2;112;109;112m[38;2;112;109;112m#[0m[48;2;33;24;32m[38;2;33;24;32m▓[0m[48;2;112;99;110m[38;2;112;99;110m%[0m[48;2;158;141;154m[38;2;158;141;154m+[0m[48;2;161;140;155m[38;2;161;140;155m+[0m[48;2;161;140;155m[38;2;161;140;155m+[0m[48;2;161;140;155m[38;2;161;140;155m+[0m[48;2;161;141;154m[38;2;161;141;154m+[0m[48;2;124;109;119m[38;2;124;109;119m#[0m[48;2;29;20;29m[38;2;29;20;29m▓[0m[48;2;27;20;28m[38;2;27;20;28m▓[0m[48;2;13;8;15m[38;2;13;8;15m█[0m[48;2;84;76;84m[38;2;84;76;84m@[0m[48;2;63;55;63m[38;2;63;55;63m░[0m[48;2;74;63;72m[38;2;74;63;72m░[0m[48;2;113;98;109m[38;2;113;98;109m%[0m[48;2;147;128;142m[38;2;147;128;142m*[0m[48;2;160;140;155m[38;2;160;140;155m+[0m[48;2;161;140;155m[38;2;161;140;155m+[0m[48;2;161;140;155m[38;2;161;140;155m+[0m[48;2;161;140;155m[38;2;161;140;155m+[0m[48;2;161;140;155m[38;2;161;140;155m+[0m[48;2;161;140;155m[38;2;161;140;155m+[0m[48;2;161;140;155m[38;2;161;140;155m+[0m[48;2;161;140;155m[38;2;161;140;155m+[0m[48;2;161;140;155m[38;2;161;140;155m+[0m[48;2;161;140;155m[38;2;161;140;155m+[0m[48;2;161;140;155m[38;2;161;140;155m+[0m[48;2;157;139;153m[38;2;157;139;153m*[0m[48;2;136;122;134m[38;2;136;122;134m#[0m[48;2;122;110;120m[38;2;122;110;120m#[0m[48;2;108;98;107m[38;2;108;98;107m%[0m[48;2;103;94;103m[38;2;103;94;103m%[0m[48;2;109;99;108m[38;2;109;99;108m%[0m[48;2;111;98;107m[38;2;111;98;107m%[0m[48;2;132;118;128m[38;2;132;118;128m#[0m[48;2;159;143;153m[38;2;159;143;153m+[0m[48;2;153;136;146m[38;2;153;136;146m*[0m[48;2;124;109;117m[38;2;124;109;117m#[0m[48;2;23;14;20m[38;2;23;14;20m█[0m[48;2;114;108;113m[38;2;114;108;113m#[0m                           
                                          [48;2;228;228;229m[38;2;228;228;229m.[0m[48;2;44;42;45m[38;2;44;42;45m▒[0m[48;2;80;77;81m[38;2;80;77;81m@[0m[48;2;55;48;55m[38;2;55;48;55m▒[0m[48;2;151;135;148m[38;2;151;135;148m*[0m[48;2;161;141;155m[38;2;161;141;155m+[0m[48;2;161;140;155m[38;2;161;140;155m+[0m[48;2;161;140;155m[38;2;161;140;155m+[0m[48;2;161;140;155m[38;2;161;140;155m+[0m[48;2;158;138;153m[38;2;158;138;153m*[0m[48;2;158;139;153m[38;2;158;139;153m*[0m[48;2;125;110;122m[38;2;125;110;122m#[0m[48;2;55;44;55m[38;2;55;44;55m▒[0m[48;2;92;80;90m[38;2;92;80;90m@[0m[48;2;89;79;87m[38;2;89;79;87m@[0m[48;2;17;12;18m[38;2;17;12;18m█[0m[48;2;8;3;9m[38;2;8;3;9m█[0m[48;2;47;39;47m[38;2;47;39;47m▒[0m[48;2;157;139;153m[38;2;157;139;153m*[0m[48;2;158;137;152m[38;2;158;137;152m*[0m[48;2;147;126;141m[38;2;147;126;141m*[0m[48;2;161;140;155m[38;2;161;140;155m+[0m[48;2;161;140;155m[38;2;161;140;155m+[0m[48;2;161;140;155m[38;2;161;140;155m+[0m[48;2;161;140;155m[38;2;161;140;155m+[0m[48;2;160;141;155m[38;2;160;141;155m+[0m[48;2;161;140;155m[38;2;161;140;155m+[0m[48;2;161;140;155m[38;2;161;140;155m+[0m[48;2;161;140;155m[38;2;161;140;155m+[0m[48;2;160;141;155m[38;2;160;141;155m+[0m[48;2;160;141;155m[38;2;160;141;155m+[0m[48;2;103;87;100m[38;2;103;87;100m%[0m[48;2;72;59;71m[38;2;72;59;71m░[0m[48;2;70;58;69m[38;2;70;58;69m░[0m[48;2;71;58;69m[38;2;71;58;69m░[0m[48;2;72;58;69m[38;2;72;58;69m░[0m[48;2;71;58;68m[38;2;71;58;68m░[0m[48;2;76;64;74m[38;2;76;64;74m░[0m[48;2;96;83;93m[38;2;96;83;93m@[0m[48;2;128;117;125m[38;2;128;117;125m#[0m[48;2;42;34;40m[38;2;42;34;40m▒[0m[48;2;197;194;196m[38;2;197;194;196m-[0m                          
                                           [48;2;215;215;215m[38;2;215;215;215m:[0m[48;2;92;92;92m[38;2;92;92;92m%[0m[48;2;61;59;60m[38;2;61;59;60m░[0m[48;2;62;55;62m[38;2;62;55;62m░[0m[48;2;108;96;106m[38;2;108;96;106m%[0m[48;2;157;140;153m[38;2;157;140;153m+[0m[48;2;161;140;155m[38;2;161;140;155m+[0m[48;2;161;140;155m[38;2;161;140;155m+[0m[48;2;161;140;155m[38;2;161;140;155m+[0m[48;2;161;140;155m[38;2;161;140;155m+[0m[48;2;161;140;155m[38;2;161;140;155m+[0m[48;2;159;140;154m[38;2;159;140;154m+[0m[48;2;129;111;125m[38;2;129;111;125m#[0m[48;2;93;78;90m[38;2;93;78;90m@[0m[48;2;81;70;78m[38;2;81;70;78m@[0m[48;2;120;105;116m[38;2;120;105;116m#[0m[48;2;151;132;146m[38;2;151;132;146m*[0m[48;2;161;140;155m[38;2;161;140;155m+[0m[48;2;152;131;146m[38;2;152;131;146m*[0m[48;2;72;54;66m[38;2;72;54;66m░[0m[48;2;69;52;65m[38;2;69;52;65m░[0m[48;2;97;81;93m[38;2;97;81;93m@[0m[48;2;114;99;112m[38;2;114;99;112m%[0m[48;2;82;68;80m[38;2;82;68;80m@[0m[48;2;46;35;45m[38;2;46;35;45m▒[0m[48;2;67;56;66m[38;2;67;56;66m░[0m[48;2;78;68;76m[38;2;78;68;76m░[0m[48;2;86;75;84m[38;2;86;75;84m@[0m[48;2;98;86;95m[38;2;98;86;95m@[0m[48;2;103;89;99m[38;2;103;89;99m%[0m[48;2;105;90;100m[38;2;105;90;100m%[0m[48;2;109;95;105m[38;2;109;95;105m%[0m[48;2;111;98;107m[38;2;111;98;107m%[0m[48;2;108;97;106m[38;2;108;97;106m%[0m[48;2;102;91;101m[38;2;102;91;101m%[0m[48;2;97;87;96m[38;2;97;87;96m@[0m[48;2;90;80;89m[38;2;90;80;89m@[0m[48;2;79;70;80m[38;2;79;70;80m@[0m[48;2;45;39;47m[38;2;45;39;47m▒[0m[48;2;106;101;107m[38;2;106;101;107m%[0m                           
                                              [48;2;82;80;84m[38;2;82;80;84m@[0m[48;2;8;3;11m[38;2;8;3;11m█[0m[48;2;36;28;37m[38;2;36;28;37m▓[0m[48;2;96;84;95m[38;2;96;84;95m@[0m[48;2;152;134;148m[38;2;152;134;148m*[0m[48;2;161;140;155m[38;2;161;140;155m+[0m[48;2;161;140;155m[38;2;161;140;155m+[0m[48;2;161;140;155m[38;2;161;140;155m+[0m[48;2;161;140;155m[38;2;161;140;155m+[0m[48;2;160;139;154m[38;2;160;139;154m+[0m[48;2;160;140;154m[38;2;160;140;154m+[0m[48;2;121;102;113m[38;2;121;102;113m%[0m[48;2;98;81;92m[38;2;98;81;92m@[0m[48;2;150;132;145m[38;2;150;132;145m*[0m[48;2;159;140;154m[38;2;159;140;154m+[0m[48;2;160;141;155m[38;2;160;141;155m+[0m[48;2;160;141;155m[38;2;160;141;155m+[0m[48;2;154;135;149m[38;2;154;135;149m*[0m[48;2;134;115;129m[38;2;134;115;129m#[0m[48;2;115;97;110m[38;2;115;97;110m%[0m[48;2;104;88;101m[38;2;104;88;101m%[0m[48;2;100;85;97m[38;2;100;85;97m@[0m[48;2;98;85;96m[38;2;98;85;96m@[0m[48;2;100;86;97m[38;2;100;86;97m%[0m[48;2;103;90;100m[38;2;103;90;100m%[0m[48;2;112;98;108m[38;2;112;98;108m%[0m[48;2;118;103;114m[38;2;118;103;114m%[0m[48;2;120;105;116m[38;2;120;105;116m#[0m[48;2;119;103;114m[38;2;119;103;114m%[0m[48;2;116;102;112m[38;2;116;102;112m%[0m[48;2;103;92;100m[38;2;103;92;100m%[0m[48;2;49;40;47m[38;2;49;40;47m▒[0m[48;2;61;54;61m[38;2;61;54;61m░[0m[48;2;200;195;200m[38;2;200;195;200m-[0m[48;2;231;229;232m[38;2;231;229;232m.[0m                             
                                             [48;2;117;116;120m[38;2;117;116;120m#[0m[48;2;18;16;25m[38;2;18;16;25m█[0m[48;2;16;12;25m[38;2;16;12;25m█[0m[48;2;11;7;17m[38;2;11;7;17m█[0m[48;2;30;21;63m[38;2;30;21;63m▓[0m[48;2;51;40;78m[38;2;51;40;78m▒[0m[48;2;63;51;71m[38;2;63;51;71m░[0m[48;2;88;75;90m[38;2;88;75;90m@[0m[48;2;121;105;118m[38;2;121;105;118m#[0m[48;2;147;130;145m[38;2;147;130;145m*[0m[48;2;159;141;155m[38;2;159;141;155m+[0m[48;2;159;141;155m[38;2;159;141;155m+[0m[48;2;159;139;153m[38;2;159;139;153m+[0m[48;2;119;102;113m[38;2;119;102;113m%[0m[48;2;68;54;64m[38;2;68;54;64m░[0m[48;2;53;40;51m[38;2;53;40;51m▒[0m[48;2;65;53;63m[38;2;65;53;63m░[0m[48;2;86;73;83m[38;2;86;73;83m@[0m[48;2;104;90;102m[38;2;104;90;102m%[0m[48;2;123;109;120m[38;2;123;109;120m#[0m[48;2;135;123;134m[38;2;135;123;134m#[0m[48;2;146;132;143m[38;2;146;132;143m*[0m[48;2;151;137;149m[38;2;151;137;149m*[0m[48;2;151;137;149m[38;2;151;137;149m*[0m[48;2;151;137;149m[38;2;151;137;149m*[0m[48;2;148;134;145m[38;2;148;134;145m*[0m[48;2;136;122;133m[38;2;136;122;133m#[0m[48;2;122;107;118m[38;2;122;107;118m#[0m[48;2;100;86;98m[38;2;100;86;98m%[0m[48;2;77;64;76m[38;2;77;64;76m░[0m[48;2;73;64;72m[38;2;73;64;72m░[0m[48;2;113;106;112m[38;2;113;106;112m%[0m[48;2;190;185;190m[38;2;190;185;190m-[0m                                
                                            [48;2;179;178;181m[38;2;179;178;181m=[0m[48;2;13;11;20m[38;2;13;11;20m█[0m[48;2;36;32;48m[38;2;36;32;48m▓[0m[48;2;36;30;51m[38;2;36;30;51m▓[0m[48;2;18;13;25m[38;2;18;13;25m█[0m[48;2;43;32;89m[38;2;43;32;89m▒[0m[48;2;93;82;151m[38;2;93;82;151m%[0m[48;2;99;92;133m[38;2;99;92;133m%[0m[48;2;36;21;113m[38;2;36;21;113m▓[0m[48;2;7;3;16m[38;2;7;3;16m█[0m[48;2;40;28;83m[38;2;40;28;83m▒[0m[48;2;40;32;73m[38;2;40;32;73m▒[0m[48;2;53;44;82m[38;2;53;44;82m▒[0m[48;2;63;56;74m[38;2;63;56;74m░[0m[48;2;81;71;89m[38;2;81;71;89m@[0m[48;2;97;88;99m[38;2;97;88;99m%[0m[48;2;100;90;100m[38;2;100;90;100m%[0m[48;2;76;68;76m[38;2;76;68;76m░[0m[48;2;48;42;49m[38;2;48;42;49m▒[0m[48;2;26;21;28m[38;2;26;21;28m▓[0m[48;2;7;2;9m[38;2;7;2;9m█[0m[48;2;5;0;7m[38;2;5;0;7m█[0m[48;2;4;1;7m[38;2;4;1;7m█[0m[48;2;3;1;6m[38;2;3;1;6m█[0m[48;2;3;2;6m[38;2;3;2;6m█[0m[48;2;4;2;6m[38;2;4;2;6m█[0m[48;2;7;4;9m[38;2;7;4;9m█[0m[48;2;7;3;10m[38;2;7;3;10m█[0m[48;2;8;3;12m[38;2;8;3;12m█[0m[48;2;22;18;29m[38;2;22;18;29m▓[0m[48;2;104;100;108m[38;2;104;100;108m%[0m[48;2;177;175;179m[38;2;177;175;179m=[0m[48;2;240;239;241m[38;2;240;239;241m [0m                                 
                                           [48;2;239;239;239m[38;2;239;239;239m [0m[48;2;32;31;36m[38;2;32;31;36m▓[0m[48;2;31;28;42m[38;2;31;28;42m▓[0m[48;2;37;31;52m[38;2;37;31;52m▓[0m[48;2;37;31;52m[38;2;37;31;52m▓[0m[48;2;22;17;31m[38;2;22;17;31m▓[0m[48;2;39;29;85m[38;2;39;29;85m▒[0m[48;2;90;80;149m[38;2;90;80;149m@[0m[48;2;103;95;143m[38;2;103;95;143m%[0m[48;2;57;40;144m[38;2;57;40;144m░[0m[48;2;6;2;21m[38;2;6;2;21m█[0m[48;2;28;20;63m[38;2;28;20;63m▓[0m[48;2;80;66;154m[38;2;80;66;154m@[0m[48;2;71;57;162m[38;2;71;57;162m@[0m[48;2;78;67;159m[38;2;78;67;159m@[0m[48;2;58;42;158m[38;2;58;42;158m░[0m[48;2;66;54;138m[38;2;66;54;138m░[0m[48;2;50;40;102m[38;2;50;40;102m▒[0m[48;2;10;5;35m[38;2;10;5;35m█[0m[48;2;5;3;8m[38;2;5;3;8m█[0m[48;2;22;19;29m[38;2;22;19;29m▓[0m[48;2;24;20;32m[38;2;24;20;32m▓[0m[48;2;24;20;32m[38;2;24;20;32m▓[0m[48;2;23;19;32m[38;2;23;19;32m▓[0m[48;2;24;19;33m[38;2;24;19;33m▓[0m[48;2;24;20;34m[38;2;24;20;34m▓[0m[48;2;24;20;35m[38;2;24;20;35m▓[0m[48;2;27;22;39m[38;2;27;22;39m▓[0m[48;2;32;27;45m[38;2;32;27;45m▓[0m[48;2;36;30;51m[38;2;36;30;51m▓[0m[48;2;36;30;52m[38;2;36;30;52m▓[0m[48;2;33;28;47m[38;2;33;28;47m▓[0m[48;2;25;20;36m[38;2;25;20;36m▓[0m[48;2;27;22;35m[38;2;27;22;35m▓[0m[48;2;87;84;92m[38;2;87;84;92m@[0m[48;2;176;174;178m[38;2;176;174;178m=[0m                               
                                           [48;2;141;141;142m[38;2;141;141;142m*[0m[48;2;18;16;24m[38;2;18;16;24m█[0m[48;2;37;31;50m[38;2;37;31;50m▓[0m[48;2;37;31;52m[38;2;37;31;52m▓[0m[48;2;37;31;52m[38;2;37;31;52m▓[0m[48;2;29;24;41m[38;2;29;24;41m▓[0m[48;2;19;12;44m[38;2;19;12;44m█[0m[48;2;86;74;142m[38;2;86;74;142m@[0m[48;2;94;83;153m[38;2;94;83;153m%[0m[48;2;80;66;152m[38;2;80;66;152m@[0m[48;2;18;9;67m[38;2;18;9;67m▓[0m[48;2;123;120;126m[38;2;123;120;126m#[0m[48;2;31;24;55m[38;2;31;24;55m▓[0m[48;2;69;53;144m[38;2;69;53;144m░[0m[48;2;79;65;162m[38;2;79;65;162m@[0m[48;2;78;66;162m[38;2;78;66;162m@[0m[48;2;73;61;154m[38;2;73;61;154m@[0m[48;2;46;36;100m[38;2;46;36;100m▒[0m[48;2;14;11;23m[38;2;14;11;23m█[0m[48;2;50;47;56m[38;2;50;47;56m▒[0m[48;2;47;42;56m[38;2;47;42;56m▒[0m[48;2;38;33;50m[38;2;38;33;50m▓[0m[48;2;37;32;52m[38;2;37;32;52m▓[0m[48;2;37;31;52m[38;2;37;31;52m▓[0m[48;2;37;31;52m[38;2;37;31;52m▓[0m[48;2;36;30;51m[38;2;36;30;51m▓[0m[48;2;37;31;52m[38;2;37;31;52m▓[0m[48;2;37;31;52m[38;2;37;31;52m▓[0m[48;2;37;31;52m[38;2;37;31;52m▓[0m[48;2;37;31;52m[38;2;37;31;52m▓[0m[48;2;37;31;52m[38;2;37;31;52m▓[0m[48;2;37;31;52m[38;2;37;31;52m▓[0m[48;2;37;31;52m[38;2;37;31;52m▓[0m[48;2;37;31;52m[38;2;37;31;52m▓[0m[48;2;35;29;48m[38;2;35;29;48m▓[0m[48;2;24;20;35m[38;2;24;20;35m▓[0m[48;2;47;43;54m[38;2;47;43;54m▒[0m[48;2;153;151;156m[38;2;153;151;156m+[0m                             
                                           [48;2;44;44;45m[38;2;44;44;45m▒[0m[48;2;31;28;40m[38;2;31;28;40m▓[0m[48;2;37;31;52m[38;2;37;31;52m▓[0m[48;2;37;31;52m[38;2;37;31;52m▓[0m[48;2;37;31;52m[38;2;37;31;52m▓[0m[48;2;36;31;51m[38;2;36;31;51m▓[0m[48;2;23;18;37m[38;2;23;18;37m▓[0m[48;2;19;14;32m[38;2;19;14;32m█[0m[48;2;24;20;33m[38;2;24;20;33m▓[0m[48;2;38;33;51m[38;2;38;33;51m▓[0m[48;2;15;9;34m[38;2;15;9;34m█[0m[48;2;94;92;97m[38;2;94;92;97m%[0m[48;2;203;200;206m[38;2;203;200;206m:[0m[48;2;73;69;82m[38;2;73;69;82m░[0m[48;2;39;28;83m[38;2;39;28;83m▒[0m[48;2;60;50;107m[38;2;60;50;107m░[0m[48;2;48;45;64m[38;2;48;45;64m▒[0m[48;2;165;162;167m[38;2;165;162;167m+[0m[48;2;134;131;137m[38;2;134;131;137m*[0m[48;2;41;36;43m[38;2;41;36;43m▒[0m[48;2;46;40;50m[38;2;46;40;50m▒[0m[48;2;65;58;72m[38;2;65;58;72m░[0m[48;2;61;54;71m[38;2;61;54;71m░[0m[48;2;40;33;51m[38;2;40;33;51m▒[0m[48;2;37;31;52m[38;2;37;31;52m▓[0m[48;2;37;31;52m[38;2;37;31;52m▓[0m[48;2;37;31;52m[38;2;37;31;52m▓[0m[48;2;37;31;52m[38;2;37;31;52m▓[0m[48;2;37;31;52m[38;2;37;31;52m▓[0m[48;2;37;31;52m[38;2;37;31;52m▓[0m[48;2;37;31;52m[38;2;37;31;52m▓[0m[48;2;37;31;52m[38;2;37;31;52m▓[0m[48;2;37;31;52m[38;2;37;31;52m▓[0m[48;2;37;31;52m[38;2;37;31;52m▓[0m[48;2;37;31;52m[38;2;37;31;52m▓[0m[48;2;37;31;52m[38;2;37;31;52m▓[0m[48;2;37;31;51m[38;2;37;31;51m▓[0m[48;2;25;20;36m[38;2;25;20;36m▓[0m[48;2;50;47;56m[38;2;50;47;56m▒[0m[48;2;199;198;201m[38;2;199;198;201m-[0m                           
                                          [48;2;224;224;224m[38;2;224;224;224m.[0m[48;2;10;10;12m[38;2;10;10;12m█[0m[48;2;37;32;48m[38;2;37;32;48m▓[0m[48;2;37;31;52m[38;2;37;31;52m▓[0m[48;2;37;31;52m[38;2;37;31;52m▓[0m[48;2;37;31;52m[38;2;37;31;52m▓[0m[48;2;37;31;52m[38;2;37;31;52m▓[0m[48;2;37;31;52m[38;2;37;31;52m▓[0m[48;2;37;31;52m[38;2;37;31;52m▓[0m[48;2;37;31;50m[38;2;37;31;50m▓[0m[48;2;77;72;86m[38;2;77;72;86m@[0m[48;2;16;12;20m[38;2;16;12;20m█[0m[48;2;5;2;9m[38;2;5;2;9m█[0m[48;2;93;90;97m[38;2;93;90;97m%[0m[48;2;209;206;212m[38;2;209;206;212m:[0m[48;2;188;185;192m[38;2;188;185;192m-[0m[48;2;64;61;68m[38;2;64;61;68m░[0m[48;2;51;48;55m[38;2;51;48;55m▒[0m[48;2;165;163;166m[38;2;165;163;166m+[0m[48;2;240;237;240m[38;2;240;237;240m [0m[48;2;240;235;241m[38;2;240;235;241m.[0m[48;2;79;73;79m[38;2;79;73;79m@[0m[48;2;44;38;45m[38;2;44;38;45m▒[0m[48;2;29;22;32m[38;2;29;22;32m▓[0m[48;2;58;51;62m[38;2;58;51;62m▒[0m[48;2;67;60;76m[38;2;67;60;76m░[0m[48;2;55;48;67m[38;2;55;48;67m▒[0m[48;2;37;32;51m[38;2;37;32;51m▓[0m[48;2;37;31;52m[38;2;37;31;52m▓[0m[48;2;37;31;52m[38;2;37;31;52m▓[0m[48;2;37;31;52m[38;2;37;31;52m▓[0m[48;2;37;31;52m[38;2;37;31;52m▓[0m[48;2;37;31;52m[38;2;37;31;52m▓[0m[48;2;37;31;52m[38;2;37;31;52m▓[0m[48;2;37;31;52m[38;2;37;31;52m▓[0m[48;2;37;31;52m[38;2;37;31;52m▓[0m[48;2;37;31;52m[38;2;37;31;52m▓[0m[48;2;37;31;52m[38;2;37;31;52m▓[0m[48;2;37;31;51m[38;2;37;31;51m▓[0m[48;2;33;29;45m[38;2;33;29;45m▓[0m[48;2;19;16;26m[38;2;19;16;26m█[0m[48;2;168;167;169m[38;2;168;167;169m=[0m                          