                                                                                                    
                                                                                                    
                                                                                                    
                                                                                                    
                                                                                                    
                                                                                                    
                                                                                                    
                                                                                                    
                                                                                                    
                                                                                                    
                                                                                                    
                                             [48;2;231;231;231m[38;2;231;231;231m.[0m[48;2;217;217;217m[38;2;217;217;217m:[0m[48;2;214;214;214m[38;2;214;214;214m:[0m[48;2;221;221;221m[38;2;221;221;221m.[0m[48;2;237;237;237m[38;2;237;237;237m.[0m                                                  
                                          [48;2;162;161;163m[38;2;162;161;163m+[0m[48;2;81;80;83m[38;2;81;80;83m@[0m[48;2;33;31;38m[38;2;33;31;38m▓[0m[48;2;25;23;33m[38;2;25;23;33m▓[0m[48;2;29;27;39m[38;2;29;27;39m▓[0m[48;2;29;28;40m[38;2;29;28;40m▓[0m[48;2;28;27;39m[38;2;28;27;39m▓[0m[48;2;24;23;35m[38;2;24;23;35m▓[0m[48;2;30;28;39m[38;2;30;28;39m▓[0m[48;2;51;50;59m[38;2;51;50;59m▒[0m[48;2;79;78;85m[38;2;79;78;85m@[0m[48;2;121;120;125m[38;2;121;120;125m#[0m[48;2;176;176;178m[38;2;176;176;178m=[0m[48;2;237;236;238m[38;2;237;236;238m.[0m                                            
                                         [48;2;125;124;126m[38;2;125;124;126m#[0m[48;2;15;14;23m[38;2;15;14;23m█[0m[48;2;40;37;52m[38;2;40;37;52m▒[0m[48;2;45;43;59m[38;2;45;43;59m▒[0m[48;2;42;42;59m[38;2;42;42;59m▒[0m[48;2;41;43;59m[38;2;41;43;59m▒[0m[48;2;40;44;59m[38;2;40;44;59m▒[0m[48;2;40;44;59m[38;2;40;44;59m▒[0m[48;2;40;44;59m[38;2;40;44;59m▒[0m[48;2;40;44;59m[38;2;40;44;59m▒[0m[48;2;40;44;59m[38;2;40;44;59m▒[0m[48;2;41;43;59m[38;2;41;43;59m▒[0m[48;2;39;41;56m[38;2;39;41;56m▒[0m[48;2;31;32;47m[38;2;31;32;47m▓[0m[48;2;27;25;38m[38;2;27;25;38m▓[0m[48;2;85;84;92m[38;2;85;84;92m@[0m[48;2;193;192;195m[38;2;193;192;195m-[0m                                          
                                        [48;2;173;173;174m[38;2;173;173;174m=[0m[48;2;29;28;35m[38;2;29;28;35m▓[0m[48;2;43;42;58m[38;2;43;42;58m▒[0m[48;2;42;43;59m[38;2;42;43;59m▒[0m[48;2;41;43;59m[38;2;41;43;59m▒[0m[48;2;40;44;59m[38;2;40;44;59m▒[0m[48;2;40;44;59m[38;2;40;44;59m▒[0m[48;2;40;44;59m[38;2;40;44;59m▒[0m[48;2;40;44;59m[38;2;40;44;59m▒[0m[48;2;40;44;59m[38;2;40;44;59m▒[0m[48;2;40;44;59m[38;2;40;44;59m▒[0m[48;2;40;44;59m[38;2;40;44;59m▒[0m[48;2;40;44;59m[38;2;40;44;59m▒[0m[48;2;40;44;59m[38;2;40;44;59m▒[0m[48;2;40;44;59m[38;2;40;44;59m▒[0m[48;2;41;44;59m[38;2;41;44;59m▒[0m[48;2;41;40;57m[38;2;41;40;57m▒[0m[48;2;25;23;36m[38;2;25;23;36m▓[0m[48;2;99;96;103m[38;2;99;96;103m%[0m[48;2;239;238;240m[38;2;239;238;240m [0m                                        
                                       [48;2;115;115;117m[38;2;115;115;117m#[0m[48;2;16;15;19m[38;2;16;15;19m█[0m[48;2;67;66;73m[38;2;67;66;73m░[0m[48;2;43;43;57m[38;2;43;43;57m▒[0m[48;2;41;43;58m[38;2;41;43;58m▒[0m[48;2;40;44;59m[38;2;40;44;59m▒[0m[48;2;40;44;59m[38;2;40;44;59m▒[0m[48;2;40;44;59m[38;2;40;44;59m▒[0m[48;2;40;44;59m[38;2;40;44;59m▒[0m[48;2;40;44;59m[38;2;40;44;59m▒[0m[48;2;40;44;59m[38;2;40;44;59m▒[0m[48;2;40;44;59m[38;2;40;44;59m▒[0m[48;2;40;44;59m[38;2;40;44;59m▒[0m[48;2;40;44;59m[38;2;40;44;59m▒[0m[48;2;40;44;59m[38;2;40;44;59m▒[0m[48;2;40;44;59m[38;2;40;44;59m▒[0m[48;2;40;44;59m[38;2;40;44;59m▒[0m[48;2;41;43;59m[38;2;41;43;59m▒[0m[48;2;43;42;59m[38;2;43;42;59m▒[0m[48;2;35;32;47m[38;2;35;32;47m▓[0m[48;2;59;56;64m[38;2;59;56;64m░[0m[48;2;229;228;230m[38;2;229;228;230m.[0m                                       
                                     [48;2;231;230;231m[38;2;231;230;231m.[0m[48;2;71;69;73m[38;2;71;69;73m░[0m[48;2;103;94;104m[38;2;103;94;104m%[0m[48;2;19;16;22m[38;2;19;16;22m█[0m[48;2;75;73;81m[38;2;75;73;81m@[0m[48;2;43;43;59m[38;2;43;43;59m▒[0m[48;2;40;44;59m[38;2;40;44;59m▒[0m[48;2;40;44;59m[38;2;40;44;59m▒[0m[48;2;40;44;59m[38;2;40;44;59m▒[0m[48;2;40;44;59m[38;2;40;44;59m▒[0m[48;2;40;44;59m[38;2;40;44;59m▒[0m[48;2;40;44;59m[38;2;40;44;59m▒[0m[48;2;40;44;59m[38;2;40;44;59m▒[0m[48;2;40;44;59m[38;2;40;44;59m▒[0m[48;2;40;44;59m[38;2;40;44;59m▒[0m[48;2;40;44;59m[38;2;40;44;59m▒[0m[48;2;40;44;59m[38;2;40;44;59m▒[0m[48;2;40;44;59m[38;2;40;44;59m▒[0m[48;2;40;44;59m[38;2;40;44;59m▒[0m[48;2;40;44;59m[38;2;40;44;59m▒[0m[48;2;40;44;59m[38;2;40;44;59m▒[0m[48;2;42;43;59m[38;2;42;43;59m▒[0m[48;2;38;36;50m[38;2;38;36;50m▒[0m[48;2;53;50;56m[38;2;53;50;56m▒[0m[48;2;237;237;237m[38;2;237;237;237m.[0m                                      
                                    [48;2;240;240;240m[38;2;240;240;240m [0m[48;2;56;54;57m[38;2;56;54;57m░[0m[48;2;67;58;67m[38;2;67;58;67m░[0m[48;2;98;85;96m[38;2;98;85;96m@[0m[48;2;15;9;16m[38;2;15;9;16m█[0m[48;2;80;76;84m[38;2;80;76;84m@[0m[48;2;44;43;58m[38;2;44;43;58m▒[0m[48;2;41;43;59m[38;2;41;43;59m▒[0m[48;2;40;44;59m[38;2;40;44;59m▒[0m[48;2;40;44;59m[38;2;40;44;59m▒[0m[48;2;40;44;59m[38;2;40;44;59m▒[0m[48;2;40;44;59m[38;2;40;44;59m▒[0m[48;2;40;44;59m[38;2;40;44;59m▒[0m[48;2;40;44;59m[38;2;40;44;59m▒[0m[48;2;40;44;59m[38;2;40;44;59m▒[0m[48;2;40;44;59m[38;2;40;44;59m▒[0m[48;2;40;44;59m[38;2;40;44;59m▒[0m[48;2;40;44;59m[38;2;40;44;59m▒[0m[48;2;40;44;59m[38;2;40;44;59m▒[0m[48;2;40;44;59m[38;2;40;44;59m▒[0m[48;2;40;44;59m[38;2;40;44;59m▒[0m[48;2;40;44;59m[38;2;40;44;59m▒[0m[48;2;40;44;59m[38;2;40;44;59m▒[0m[48;2;42;43;59m[38;2;42;43;59m▒[0m[48;2;34;31;43m[38;2;34;31;43m▓[0m[48;2;105;102;106m[38;2;105;102;106m%[0m                                      
                                    [48;2;131;130;131m[38;2;131;130;131m*[0m[48;2;51;43;50m[38;2;51;43;50m▒[0m[48;2;18;7;24m[38;2;18;7;24m█[0m[48;2;58;42;87m[38;2;58;42;87m▒[0m[48;2;55;38;79m[38;2;55;38;79m▒[0m[48;2;36;26;48m[38;2;36;26;48m▓[0m[48;2;46;43;58m[38;2;46;43;58m▒[0m[48;2;41;43;59m[38;2;41;43;59m▒[0m[48;2;40;44;59m[38;2;40;44;59m▒[0m[48;2;40;44;59m[38;2;40;44;59m▒[0m[48;2;40;44;59m[38;2;40;44;59m▒[0m[48;2;40;44;59m[38;2;40;44;59m▒[0m[48;2;40;44;59m[38;2;40;44;59m▒[0m[48;2;40;44;59m[38;2;40;44;59m▒[0m[48;2;40;44;59m[38;2;40;44;59m▒[0m[48;2;40;44;59m[38;2;40;44;59m▒[0m[48;2;40;44;59m[38;2;40;44;59m▒[0m[48;2;40;44;59m[38;2;40;44;59m▒[0m[48;2;40;44;59m[38;2;40;44;59m▒[0m[48;2;40;44;59m[38;2;40;44;59m▒[0m[48;2;40;44;59m[38;2;40;44;59m▒[0m[48;2;40;44;59m[38;2;40;44;59m▒[0m[48;2;40;44;59m[38;2;40;44;59m▒[0m[48;2;41;43;59m[38;2;41;43;59m▒[0m[48;2;43;41;56m[38;2;43;41;56m▒[0m[48;2;28;26;31m[38;2;28;26;31m▓[0m                                      
                                    [48;2;49;47;49m[38;2;49;47;49m▒[0m[48;2;39;31;37m[38;2;39;31;37m▓[0m[48;2;40;29;49m[38;2;40;29;49m▓[0m[48;2;75;58;112m[38;2;75;58;112m░[0m[48;2;56;39;83m[38;2;56;39;83m▒[0m[48;2;20;13;25m[38;2;20;13;25m█[0m[48;2;65;62;73m[38;2;65;62;73m░[0m[48;2;45;46;60m[38;2;45;46;60m▒[0m[48;2;41;43;59m[38;2;41;43;59m▒[0m[48;2;40;44;59m[38;2;40;44;59m▒[0m[48;2;40;44;59m[38;2;40;44;59m▒[0m[48;2;40;44;59m[38;2;40;44;59m▒[0m[48;2;40;44;59m[38;2;40;44;59m▒[0m[48;2;40;44;59m[38;2;40;44;59m▒[0m[48;2;40;44;59m[38;2;40;44;59m▒[0m[48;2;40;44;59m[38;2;40;44;59m▒[0m[48;2;40;44;59m[38;2;40;44;59m▒[0m[48;2;40;44;59m[38;2;40;44;59m▒[0m[48;2;40;44;59m[38;2;40;44;59m▒[0m[48;2;40;44;59m[38;2;40;44;59m▒[0m[48;2;40;44;59m[38;2;40;44;59m▒[0m[48;2;40;44;59m[38;2;40;44;59m▒[0m[48;2;40;43;60m[38;2;40;43;60m▒[0m[48;2;41;43;59m[38;2;41;43;59m▒[0m[48;2;36;35;51m[38;2;36;35;51m▒[0m[48;2;72;71;77m[38;2;72;71;77m░[0m                                      
                                    [48;2;38;37;38m[38;2;38;37;38m▒[0m[48;2;27;20;25m[38;2;27;20;25m▓[0m[48;2;22;14;28m[38;2;22;14;28m█[0m[48;2;67;56;75m[38;2;67;56;75m░[0m[48;2;71;60;73m[38;2;71;60;73m░[0m[48;2;78;68;79m[38;2;78;68;79m░[0m[48;2;31;23;33m[38;2;31;23;33m▓[0m[48;2;75;70;84m[38;2;75;70;84m░[0m[48;2;50;49;64m[38;2;50;49;64m▒[0m[48;2;41;43;59m[38;2;41;43;59m▒[0m[48;2;40;44;59m[38;2;40;44;59m▒[0m[48;2;40;44;59m[38;2;40;44;59m▒[0m[48;2;40;44;59m[38;2;40;44;59m▒[0m[48;2;40;44;59m[38;2;40;44;59m▒[0m[48;2;40;44;59m[38;2;40;44;59m▒[0m[48;2;40;44;59m[38;2;40;44;59m▒[0m[48;2;40;44;59m[38;2;40;44;59m▒[0m[48;2;40;44;59m[38;2;40;44;59m▒[0m[48;2;40;44;59m[38;2;40;44;59m▒[0m[48;2;40;44;59m[38;2;40;44;59m▒[0m[48;2;40;44;59m[38;2;40;44;59m▒[0m[48;2;41;43;59m[38;2;41;43;59m▒[0m[48;2;42;42;59m[38;2;42;42;59m▒[0m[48;2;34;32;46m[38;2;34;32;46m▓[0m[48;2;17;14;25m[38;2;17;14;25m█[0m[48;2;117;115;119m[38;2;117;115;119m#[0m                                      
                                    [48;2;152;150;151m[38;2;152;150;151m+[0m[48;2;100;93;97m[38;2;100;93;97m%[0m[48;2;51;43;51m[38;2;51;43;51m▒[0m[48;2;149;135;147m[38;2;149;135;147m*[0m[48;2;96;81;92m[38;2;96;81;92m@[0m[48;2;64;54;63m[38;2;64;54;63m░[0m[48;2;131;118;129m[38;2;131;118;129m#[0m[48;2;53;42;53m[38;2;53;42;53m▒[0m[48;2;51;44;55m[38;2;51;44;55m▒[0m[48;2;68;62;76m[38;2;68;62;76m░[0m[48;2;47;45;61m[38;2;47;45;61m▒[0m[48;2;40;44;59m[38;2;40;44;59m▒[0m[48;2;40;44;59m[38;2;40;44;59m▒[0m[48;2;40;44;59m[38;2;40;44;59m▒[0m[48;2;40;44;59m[38;2;40;44;59m▒[0m[48;2;40;44;59m[38;2;40;44;59m▒[0m[48;2;40;44;59m[38;2;40;44;59m▒[0m[48;2;40;44;59m[38;2;40;44;59m▒[0m[48;2;40;44;59m[38;2;40;44;59m▒[0m[48;2;41;43;59m[38;2;41;43;59m▒[0m[48;2;41;42;57m[38;2;41;42;57m▒[0m[48;2;33;32;46m[38;2;33;32;46m▓[0m[48;2;27;26;38m[38;2;27;26;38m▓[0m[48;2;9;7;16m[38;2;9;7;16m█[0m[48;2;91;87;96m[38;2;91;87;96m@[0m[48;2;70;67;71m[38;2;70;67;71m░[0m                                      
                                    [48;2;191;191;191m[38;2;191;191;191m-[0m[48;2;105;99;101m[38;2;105;99;101m%[0m[48;2;171;161;162m[38;2;171;161;162m+[0m[48;2;72;60;68m[38;2;72;60;68m░[0m[48;2;154;136;149m[38;2;154;136;149m*[0m[48;2;58;45;55m[38;2;58;45;55m▒[0m[48;2;120;105;117m[38;2;120;105;117m#[0m[48;2;159;141;154m[38;2;159;141;154m+[0m[48;2;127;111;124m[38;2;127;111;124m#[0m[48;2;78;66;77m[38;2;78;66;77m░[0m[48;2;55;47;59m[38;2;55;47;59m▒[0m[48;2;37;32;45m[38;2;37;32;45m▓[0m[48;2;32;28;42m[38;2;32;28;42m▓[0m[48;2;36;34;48m[38;2;36;34;48m▓[0m[48;2;37;36;50m[38;2;37;36;50m▒[0m[48;2;36;36;50m[38;2;36;36;50m▒[0m[48;2;36;36;50m[38;2;36;36;50m▒[0m[48;2;33;33;46m[38;2;33;33;46m▓[0m[48;2;26;25;39m[38;2;26;25;39m▓[0m[48;2;30;26;39m[38;2;30;26;39m▓[0m[48;2;59;52;62m[38;2;59;52;62m░[0m[48;2;88;81;91m[38;2;88;81;91m@[0m[48;2;54;48;55m[38;2;54;48;55m▒[0m[48;2;102;94;102m[38;2;102;94;102m%[0m[48;2;155;140;152m[38;2;155;140;152m*[0m[48;2;77;65;74m[38;2;77;65;74m░[0m[48;2;161;158;161m[38;2;161;158;161m+[0m                                     
                                    [48;2;212;212;212m[38;2;212;212;212m:[0m[48;2;43;39;42m[38;2;43;39;42m▒[0m[48;2;141;133;135m[38;2;141;133;135m*[0m[48;2;114;107;111m[38;2;114;107;111m%[0m[48;2;74;63;72m[38;2;74;63;72m░[0m[48;2;150;134;146m[38;2;150;134;146m*[0m[48;2;63;50;61m[38;2;63;50;61m░[0m[48;2;108;93;104m[38;2;108;93;104m%[0m[48;2;156;140;153m[38;2;156;140;153m*[0m[48;2;159;140;154m[38;2;159;140;154m+[0m[48;2;159;140;155m[38;2;159;140;155m+[0m[48;2;149;130;144m[38;2;149;130;144m*[0m[48;2;124;107;120m[38;2;124;107;120m#[0m[48;2;60;49;59m[38;2;60;49;59m▒[0m[48;2;23;15;24m[38;2;23;15;24m▓[0m[48;2;25;18;26m[38;2;25;18;26m▓[0m[48;2;37;32;40m[38;2;37;32;40m▓[0m[48;2;52;46;53m[38;2;52;46;53m▒[0m[48;2;73;64;72m[38;2;73;64;72m░[0m[48;2;94;84;92m[38;2;94;84;92m@[0m[48;2;60;49;59m[38;2;60;49;59m▒[0m[48;2;28;20;28m[38;2;28;20;28m▓[0m[48;2;42;36;42m[38;2;42;36;42m▒[0m[48;2;73;64;72m[38;2;73;64;72m░[0m[48;2;144;130;142m[38;2;144;130;142m*[0m[48;2;155;140;150m[38;2;155;140;150m*[0m[48;2;62;52;59m[38;2;62;52;59m░[0m[48;2;78;75;78m[38;2;78;75;78m@[0m[48;2;137;136;137m[38;2;137;136;137m*[0m[48;2;210;209;210m[38;2;210;209;210m:[0m                                  
                                    [48;2;120;120;120m[38;2;120;120;120m#[0m[48;2;110;106;109m[38;2;110;106;109m%[0m[48;2;97;90;95m[38;2;97;90;95m%[0m[48;2;17;12;16m[38;2;17;12;16m█[0m[48;2;25;21;24m[38;2;25;21;24m▓[0m[48;2;44;38;43m[38;2;44;38;43m▒[0m[48;2;76;71;75m[38;2;76;71;75m░[0m[48;2;64;58;63m[38;2;64;58;63m░[0m[48;2;70;60;68m[38;2;70;60;68m░[0m[48;2;144;128;140m[38;2;144;128;140m*[0m[48;2;160;141;155m[38;2;160;141;155m+[0m[48;2;161;140;155m[38;2;161;140;155m+[0m[48;2;161;140;155m[38;2;161;140;155m+[0m[48;2;161;140;155m[38;2;161;140;155m+[0m[48;2;160;140;155m[38;2;160;140;155m+[0m[48;2;154;135;149m[38;2;154;135;149m*[0m[48;2;146;128;141m[38;2;146;128;141m*[0m[48;2;143;127;139m[38;2;143;127;139m*[0m[48;2;121;107;118m[38;2;121;107;118m#[0m[48;2;14;8;13m[38;2;14;8;13m█[0m[48;2;7;2;8m[38;2;7;2;8m█[0m[48;2;16;14;19m[38;2;16;14;19m█[0m[48;2;35;33;38m[38;2;35;33;38m▓[0m[48;2;23;19;26m[38;2;23;19;26m▓[0m[48;2;122;111;121m[38;2;122;111;121m#[0m[48;2;159;141;153m[38;2;159;141;153m+[0m[48;2;155;138;150m[38;2;155;138;150m*[0m[48;2;88;76;85m[38;2;88;76;85m@[0m[48;2;52;43;49m[38;2;52;43;49m▒[0m[48;2;82;74;81m[38;2;82;74;81m@[0m[48;2;77;71;77m[38;2;77;71;77m@[0m[48;2;146;144;146m[38;2;146;144;146m*[0m                                
                                    [48;2;174;173;174m[38;2;174;173;174m=[0m[48;2;47;43;44m[38;2;47;43;44m▒[0m[48;2;102;98;99m[38;2;102;98;99m%[0m[48;2;95;90;91m[38;2;95;90;91m%[0m[48;2;79;77;78m[38;2;79;77;78m@[0m[48;2;196;194;195m[38;2;196;194;195m-[0m[48;2;13;10;11m[38;2;13;10;11m█[0m[48;2;69;63;68m[38;2;69;63;68m░[0m[48;2;62;53;61m[38;2;62;53;61m░[0m[48;2;40;31;38m[38;2;40;31;38m▓[0m[48;2;79;65;75m[38;2;79;65;75m░[0m[48;2;157;138;151m[38;2;157;138;151m*[0m[48;2;161;140;155m[38;2;161;140;155m+[0m[48;2;161;140;155m[38;2;161;140;155m+[0m[48;2;161;140;155m[38;2;161;140;155m+[0m[48;2;161;140;155m[38;2;161;140;155m+[0m[48;2;161;140;155m[38;2;161;140;155m+[0m[48;2;161;140;155m[38;2;161;140;155m+[0m[48;2;87;71;83m[38;2;87;71;83m@[0m[48;2;20;14;22m[38;2;20;14;22m█[0m[48;2;13;9;15m[38;2;13;9;15m█[0m[48;2;4;2;7m[38;2;4;2;7m█[0m[48;2;3;2;6m[38;2;3;2;6m█[0m[48;2;15;12;18m[38;2;15;12;18m█[0m[48;2;36;28;36m[38;2;36;28;36m▓[0m[48;2;155;137;151m[38;2;155;137;151m*[0m[48;2;161;140;155m[38;2;161;140;155m+[0m[48;2;160;141;154m[38;2;160;141;154m+[0m[48;2;136;119;131m[38;2;136;119;131m#[0m[48;2;124;108;119m[38;2;124;108;119m#[0m[48;2;158;142;154m[38;2;158;142;154m+[0m[48;2;119;107;116m[38;2;119;107;116m#[0m[48;2;64;59;63m[38;2;64;59;63m░[0m[48;2;216;215;216m[38;2;216;215;216m:[0m                              
                                    [48;2;166;166;166m[38;2;166;166;166m=[0m[48;2;106;103;106m[38;2;106;103;106m%[0m[48;2;201;199;202m[38;2;201;199;202m-[0m[48;2;185;182;186m[38;2;185;182;186m-[0m[48;2;50;48;50m[38;2;50;48;50m▒[0m [48;2;55;52;56m[38;2;55;52;56m▒[0m[48;2;130;120;127m[38;2;130;120;127m#[0m[48;2;155;138;149m[38;2;155;138;149m*[0m[48;2;158;139;152m[38;2;158;139;152m*[0m[48;2;159;141;153m[38;2;159;141;153m+[0m[48;2;160;141;154m[38;2;160;141;154m+[0m[48;2;161;140;155m[38;2;161;140;155m+[0m[48;2;161;140;155m[38;2;161;140;155m+[0m[48;2;161;140;155m[38;2;161;140;155m+[0m[48;2;161;140;155m[38;2;161;140;155m+[0m[48;2;161;140;155m[38;2;161;140;155m+[0m[48;2;161;140;155m[38;2;161;140;155m+[0m[48;2;155;134;149m[38;2;155;134;149m*[0m[48;2;130;114;127m[38;2;130;114;127m#[0m[48;2;121;109;120m[38;2;121;109;120m#[0m[48;2;26;19;27m[38;2;26;19;27m▓[0m[48;2;20;13;21m[38;2;20;13;21m█[0m[48;2;40;33;41m[38;2;40;33;41m▓[0m[48;2;53;45;54m[38;2;53;45;54m▒[0m[48;2;108;93;105m[38;2;108;93;105m%[0m[48;2;156;137;151m[38;2;156;137;151m*[0m[48;2;161;140;155m[38;2;161;140;155m+[0m[48;2;161;140;155m[38;2;161;140;155m+[0m[48;2;161;140;155m[38;2;161;140;155m+[0m[48;2;161;140;155m[38;2;161;140;155m+[0m[48;2;161;140;155m[38;2;161;140;155m+[0m[48;2;138;125;134m[38;2;138;125;134m*[0m[48;2;60;55;59m[38;2;60;55;59m░[0m                              
                                    [48;2;218;217;218m[38;2;218;217;218m:[0m[48;2;64;63;65m[38;2;64;63;65m░[0m[48;2;201;200;203m[38;2;201;200;203m-[0m[48;2;180;177;181m[38;2;180;177;181m=[0m[48;2;69;67;70m[38;2;69;67;70m░[0m [48;2;95;93;97m[38;2;95;93;97m%[0m[48;2;32;27;31m[38;2;32;27;31m▓[0m[48;2;143;128;138m[38;2;143;128;138m*[0m[48;2;159;139;153m[38;2;159;139;153m+[0m[48;2;161;140;155m[38;2;161;140;155m+[0m[48;2;161;140;155m[38;2;161;140;155m+[0m[48;2;161;140;155m[38;2;161;140;155m+[0m[48;2;161;140;155m[38;2;161;140;155m+[0m[48;2;161;140;155m[38;2;161;140;155m+[0m[48;2;161;140;155m[38;2;161;140;155m+[0m[48;2;161;140;155m[38;2;161;140;155m+[0m[48;2;161;140;155m[38;2;161;140;155m+[0m[48;2;161;140;155m[38;2;161;140;155m+[0m[48;2;161;140;155m[38;2;161;140;155m+[0m[48;2;161;140;155m[38;2;161;140;155m+[0m[48;2;155;136;150m[38;2;155;136;150m*[0m[48;2;155;136;150m[38;2;155;136;150m*[0m[48;2;100;83;96m[38;2;100;83;96m@[0m[48;2;64;51;62m[38;2;64;51;62m░[0m[48;2;10;1;8m[38;2;10;1;8m█[0m[48;2;22;11;20m[38;2;22;11;20m█[0m[48;2;74;57;69m[38;2;74;57;69m░[0m[48;2;155;135;149m[38;2;155;135;149m*[0m[48;2;161;140;155m[38;2;161;140;155m+[0m[48;2;161;140;155m[38;2;161;140;155m+[0m[48;2;161;140;155m[38;2;161;140;155m+[0m[48;2;160;141;155m[38;2;160;141;155m+[0m[48;2;77;64;73m[38;2;77;64;73m░[0m[48;2;181;180;181m[38;2;181;180;181m=[0m                             
                                     [48;2;62;61;63m[38;2;62;61;63m░[0m[48;2;176;175;178m[38;2;176;175;178m=[0m[48;2;78;77;80m[38;2;78;77;80m@[0m[48;2;178;176;181m[38;2;178;176;181m=[0m [48;2;109;107;111m[38;2;109;107;111m%[0m[48;2;6;4;9m[38;2;6;4;9m█[0m[48;2;33;27;34m[38;2;33;27;34m▓[0m[48;2;133;118;129m[38;2;133;118;129m#[0m[48;2;161;140;155m[38;2;161;140;155m+[0m[48;2;161;140;155m[38;2;161;140;155m+[0m[48;2;161;140;155m[38;2;161;140;155m+[0m[48;2;161;140;155m[38;2;161;140;155m+[0m[48;2;161;140;155m[38;2;161;140;155m+[0m[48;2;161;140;155m[38;2;161;140;155m+[0m[48;2;161;140;155m[38;2;161;140;155m+[0m[48;2;161;140;155m[38;2;161;140;155m+[0m[48;2;161;140;155m[38;2;161;140;155m+[0m[48;2;161;140;155m[38;2;161;140;155m+[0m[48;2;161;140;155m[38;2;161;140;155m+[0m[48;2;161;140;155m[38;2;161;140;155m+[0m[48;2;161;140;155m[38;2;161;140;155m+[0m[48;2;161;140;155m[38;2;161;140;155m+[0m[48;2;158;138;153m[38;2;158;138;153m*[0m[48;2;137;120;133m[38;2;137;120;133m#[0m[48;2;98;84;94m[38;2;98;84;94m@[0m[48;2;72;57;68m[38;2;72;57;68m░[0m[48;2;86;71;81m[38;2;86;71;81m@[0m[48;2;138;120;133m[38;2;138;120;133m#[0m[48;2;158;139;153m[38;2;158;139;153m*[0m[48;2;160;141;155m[38;2;160;141;155m+[0m[48;2;161;140;155m[38;2;161;140;155m+[0m[48;2;81;66;76m[38;2;81;66;76m░[0m[48;2;163;158;162m[38;2;163;158;162m+[0m                             
                                     [48;2;214;213;214m[38;2;214;213;214m:[0m[48;2;75;74;76m[38;2;75;74;76m@[0m[48;2;59;58;61m[38;2;59;58;61m░[0m[48;2;120;118;122m[38;2;120;118;122m#[0m[48;2;98;97;100m[38;2;98;97;100m%[0m[48;2;23;21;27m[38;2;23;21;27m▓[0m[48;2;27;23;35m[38;2;27;23;35m▓[0m[48;2;33;28;45m[38;2;33;28;45m▓[0m[48;2;22;15;29m[38;2;22;15;29m▓[0m[48;2;80;70;82m[38;2;80;70;82m@[0m[48;2;151;134;147m[38;2;151;134;147m*[0m[48;2;160;141;155m[38;2;160;141;155m+[0m[48;2;161;140;155m[38;2;161;140;155m+[0m[48;2;161;140;155m[38;2;161;140;155m+[0m[48;2;161;140;155m[38;2;161;140;155m+[0m[48;2;161;140;155m[38;2;161;140;155m+[0m[48;2;161;140;155m[38;2;161;140;155m+[0m[48;2;161;140;155m[38;2;161;140;155m+[0m[48;2;161;140;155m[38;2;161;140;155m+[0m[48;2;161;140;155m[38;2;161;140;155m+[0m[48;2;161;140;155m[38;2;161;140;155m+[0m[48;2;161;140;155m[38;2;161;140;155m+[0m[48;2;161;140;155m[38;2;161;140;155m+[0m[48;2;161;140;155m[38;2;161;140;155m+[0m[48;2;161;140;155m[38;2;161;140;155m+[0m[48;2;161;140;155m[38;2;161;140;155m+[0m[48;2;161;140;155m[38;2;161;140;155m+[0m[48;2;136;117;131m[38;2;136;117;131m#[0m[48;2;94;79;91m[38;2;94;79;91m@[0m[48;2;78;63;75m[38;2;78;63;75m░[0m[48;2;80;65;77m[38;2;80;65;77m░[0m[48;2;77;63;75m[38;2;77;63;75m░[0m[48;2;59;46;57m[38;2;59;46;57m▒[0m[48;2;76;69;75m[38;2;76;69;75m░[0m                             
                                         [48;2;182;181;183m[38;2;182;181;183m=[0m[48;2;15;13;21m[38;2;15;13;21m█[0m[48;2;36;31;48m[38;2;36;31;48m▓[0m[48;2;37;31;51m[38;2;37;31;51m▓[0m[48;2;37;31;51m[38;2;37;31;51m▓[0m[48;2;31;25;44m[38;2;31;25;44m▓[0m[48;2;27;21;35m[38;2;27;21;35m▓[0m[48;2;76;64;76m[38;2;76;64;76m░[0m[48;2;132;115;129m[38;2;132;115;129m#[0m[48;2;160;140;155m[38;2;160;140;155m+[0m[48;2;160;141;155m[38;2;160;141;155m+[0m[48;2;161;140;155m[38;2;161;140;155m+[0m[48;2;161;140;155m[38;2;161;140;155m+[0m[48;2;161;140;155m[38;2;161;140;155m+[0m[48;2;161;140;155m[38;2;161;140;155m+[0m[48;2;161;140;155m[38;2;161;140;155m+[0m[48;2;161;140;155m[38;2;161;140;155m+[0m[48;2;161;140;155m[38;2;161;140;155m+[0m[48;2;161;140;155m[38;2;161;140;155m+[0m[48;2;161;140;155m[38;2;161;140;155m+[0m[48;2;161;140;155m[38;2;161;140;155m+[0m[48;2;161;140;155m[38;2;161;140;155m+[0m[48;2;161;140;155m[38;2;161;140;155m+[0m[48;2;161;140;155m[38;2;161;140;155m+[0m[48;2;161;140;155m[38;2;161;140;155m+[0m[48;2;161;140;155m[38;2;161;140;155m+[0m[48;2;161;140;155m[38;2;161;140;155m+[0m[48;2;160;140;154m[38;2;160;140;154m+[0m[48;2;115;99;111m[38;2;115;99;111m%[0m[48;2;113;106;111m[38;2;113;106;111m%[0m                             
                                         [48;2;194;193;194m[38;2;194;193;194m-[0m[48;2;7;5;12m[38;2;7;5;12m█[0m[48;2;15;12;24m[38;2;15;12;24m█[0m[48;2;22;18;33m[38;2;22;18;33m▓[0m[48;2;29;24;41m[38;2;29;24;41m▓[0m[48;2;33;28;45m[38;2;33;28;45m▓[0m[48;2;31;27;41m[38;2;31;27;41m▓[0m[48;2;13;7;31m[38;2;13;7;31m█[0m[48;2;48;32;100m[38;2;48;32;100m▒[0m[48;2;48;36;80m[38;2;48;36;80m▒[0m[48;2;76;65;81m[38;2;76;65;81m░[0m[48;2;114;99;114m[38;2;114;99;114m%[0m[48;2;147;129;143m[38;2;147;129;143m*[0m[48;2;160;141;155m[38;2;160;141;155m+[0m[48;2;160;141;155m[38;2;160;141;155m+[0m[48;2;161;140;155m[38;2;161;140;155m+[0m[48;2;161;140;155m[38;2;161;140;155m+[0m[48;2;161;140;155m[38;2;161;140;155m+[0m[48;2;161;140;155m[38;2;161;140;155m+[0m[48;2;161;140;155m[38;2;161;140;155m+[0m[48;2;161;140;155m[38;2;161;140;155m+[0m[48;2;161;140;155m[38;2;161;140;155m+[0m[48;2;161;140;155m[38;2;161;140;155m+[0m[48;2;161;140;155m[38;2;161;140;155m+[0m[48;2;161;140;155m[38;2;161;140;155m+[0m[48;2;159;140;154m[38;2;159;140;154m+[0m[48;2;134;118;129m[38;2;134;118;129m#[0m[48;2;84;72;80m[38;2;84;72;80m@[0m[48;2;102;94;100m[38;2;102;94;100m%[0m[48;2;240;238;241m[38;2;240;238;241m [0m                             
                                         [48;2;230;229;231m[38;2;230;229;231m.[0m[48;2;14;12;21m[38;2;14;12;21m█[0m[48;2;34;30;48m[38;2;34;30;48m▓[0m[48;2;31;26;44m[38;2;31;26;44m▓[0m[48;2;25;20;37m[38;2;25;20;37m▓[0m[48;2;21;17;31m[38;2;21;17;31m▓[0m[48;2;21;17;30m[38;2;21;17;30m▓[0m[48;2;10;7;19m[38;2;10;7;19m█[0m[48;2;63;47;138m[38;2;63;47;138m░[0m[48;2;80;65;159m[38;2;80;65;159m@[0m[48;2;75;62;149m[38;2;75;62;149m@[0m[48;2;65;53;121m[38;2;65;53;121m░[0m[48;2;12;4;40m[38;2;12;4;40m█[0m[48;2;24;21;28m[38;2;24;21;28m▓[0m[48;2;56;48;80m[38;2;56;48;80m▒[0m[48;2;72;63;79m[38;2;72;63;79m░[0m[48;2;87;75;90m[38;2;87;75;90m@[0m[48;2;103;91;101m[38;2;103;91;101m%[0m[48;2;113;98;110m[38;2;113;98;110m%[0m[48;2;118;104;115m[38;2;118;104;115m%[0m[48;2;119;105;116m[38;2;119;105;116m#[0m[48;2;116;102;114m[38;2;116;102;114m%[0m[48;2;106;92;104m[38;2;106;92;104m%[0m[48;2;86;74;86m[38;2;86;74;86m@[0m[48;2;60;50;60m[38;2;60;50;60m▒[0m[48;2;90;83;91m[38;2;90;83;91m@[0m[48;2;127;122;128m[38;2;127;122;128m#[0m[48;2;204;202;205m[38;2;204;202;205m:[0m                               
                                          [48;2;60;58;63m[38;2;60;58;63m░[0m[48;2;31;28;42m[38;2;31;28;42m▓[0m[48;2;37;31;52m[38;2;37;31;52m▓[0m[48;2;37;31;52m[38;2;37;31;52m▓[0m[48;2;37;31;52m[38;2;37;31;52m▓[0m[48;2;37;31;51m[38;2;37;31;51m▓[0m[48;2;28;23;40m[38;2;28;23;40m▓[0m[48;2;25;16;61m[38;2;25;16;61m▓[0m[48;2;85;73;146m[38;2;85;73;146m@[0m[48;2;83;71;153m[38;2;83;71;153m@[0m[48;2;82;68;162m[38;2;82;68;162m@[0m[48;2;38;24;116m[38;2;38;24;116m▒[0m[48;2;35;32;40m[38;2;35;32;40m▓[0m[48;2;32;22;70m[38;2;32;22;70m▓[0m[48;2;79;62;155m[38;2;79;62;155m@[0m[48;2;63;41;157m[38;2;63;41;157m░[0m[48;2;69;53;142m[38;2;69;53;142m░[0m[48;2;58;46;113m[38;2;58;46;113m░[0m[48;2;23;16;46m[38;2;23;16;46m▓[0m[48;2;14;11;15m[38;2;14;11;15m█[0m[48;2;44;39;48m[38;2;44;39;48m▒[0m[48;2;32;26;40m[38;2;32;26;40m▓[0m[48;2;35;29;46m[38;2;35;29;46m▓[0m[48;2;29;24;41m[38;2;29;24;41m▓[0m[48;2;32;28;39m[38;2;32;28;39m▓[0m[48;2;100;97;104m[38;2;100;97;104m%[0m[48;2;196;195;197m[38;2;196;195;197m-[0m                               
                                          [48;2;154;153;157m[38;2;154;153;157m+[0m[48;2;21;18;30m[38;2;21;18;30m▓[0m[48;2;37;32;51m[38;2;37;32;51m▓[0m[48;2;37;31;52m[38;2;37;31;52m▓[0m[48;2;37;31;52m[38;2;37;31;52m▓[0m[48;2;37;31;52m[38;2;37;31;52m▓[0m[48;2;37;31;52m[38;2;37;31;52m▓[0m[48;2;26;21;40m[38;2;26;21;40m▓[0m[48;2;24;19;36m[38;2;24;19;36m▓[0m[48;2;39;33;61m[38;2;39;33;61m▒[0m[48;2;44;35;87m[38;2;44;35;87m▒[0m[48;2;54;45;101m[38;2;54;45;101m▒[0m[48;2;20;14;43m[38;2;20;14;43m▓[0m[48;2;140;138;143m[38;2;140;138;143m*[0m[48;2;22;18;40m[38;2;22;18;40m▓[0m[48;2;51;45;74m[38;2;51;45;74m▒[0m[48;2;72;68;94m[38;2;72;68;94m░[0m[48;2;126;124;133m[38;2;126;124;133m#[0m[48;2;193;191;197m[38;2;193;191;197m-[0m[48;2;103;101;105m[38;2;103;101;105m%[0m[48;2;36;34;39m[38;2;36;34;39m▓[0m[48;2;66;62;72m[38;2;66;62;72m░[0m[48;2;46;42;56m[38;2;46;42;56m▒[0m[48;2;37;32;50m[38;2;37;32;50m▓[0m[48;2;37;31;52m[38;2;37;31;52m▓[0m[48;2;35;29;49m[38;2;35;29;49m▓[0m[48;2;23;19;34m[38;2;23;19;34m▓[0m[48;2;62;59;68m[38;2;62;59;68m░[0m[48;2;190;189;192m[38;2;190;189;192m-[0m                             
                                          [48;2;241;240;242m[38;2;241;240;242m [0m[48;2;48;45;54m[38;2;48;45;54m▒[0m[48;2;33;28;44m[38;2;33;28;44m▓[0m[48;2;37;31;52m[38;2;37;31;52m▓[0m[48;2;37;31;52m[38;2;37;31;52m▓[0m[48;2;37;31;52m[38;2;37;31;52m▓[0m[48;2;37;31;52m[38;2;37;31;52m▓[0m[48;2;37;31;52m[38;2;37;31;52m▓[0m[48;2;37;31;51m[38;2;37;31;51m▓[0m[48;2;72;67;82m[38;2;72;67;82m░[0m[48;2;14;11;19m[38;2;14;11;19m█[0m[48;2;78;76;81m[38;2;78;76;81m@[0m[48;2;165;162;168m[38;2;165;162;168m+[0m[48;2;223;221;223m[38;2;223;221;223m.[0m[48;2;50;46;46m[38;2;50;46;46m▒[0m[48;2;98;96;99m[38;2;98;96;99m%[0m[48;2;120;119;122m[38;2;120;119;122m#[0m[48;2;209;208;211m[38;2;209;208;211m:[0m [48;2;198;195;199m[38;2;198;195;199m-[0m[48;2;64;62;66m[38;2;64;62;66m░[0m[48;2;81;78;82m[38;2;81;78;82m@[0m[48;2;43;40;47m[38;2;43;40;47m▒[0m[48;2;63;59;71m[38;2;63;59;71m░[0m[48;2;47;42;58m[38;2;47;42;58m▒[0m[48;2;37;31;51m[38;2;37;31;51m▓[0m[48;2;37;31;52m[38;2;37;31;52m▓[0m[48;2;36;30;49m[38;2;36;30;49m▓[0m[48;2;22;18;31m[38;2;22;18;31m▓[0m[48;2;125;124;128m[38;2;125;124;128m#[0m                            