                                                                                                    
                                                                                                    
                                                                                                    
                                                                                                    
                                                                                                    
                                                                                                    
                                                                                                    
                                                                                                    
                                                                                                    
                                                                                                    
                                                                                                    
                                             [48;2;231;231;231m[38;2;231;231;231m.[0m[48;2;217;217;217m[38;2;217;217;217m:[0m[48;2;215;215;215m[38;2;215;215;215m:[0m[48;2;221;221;221m[38;2;221;221;221m.[0m[48;2;238;238;238m[38;2;238;238;238m [0m                                                  
                                          [48;2;162;162;163m[38;2;162;162;163m+[0m[48;2;82;81;84m[38;2;82;81;84m@[0m[48;2;31;30;37m[38;2;31;30;37m▓[0m[48;2;25;23;33m[38;2;25;23;33m▓[0m[48;2;28;26;37m[38;2;28;26;37m▓[0m[48;2;29;28;39m[38;2;29;28;39m▓[0m[48;2;28;27;37m[38;2;28;27;37m▓[0m[48;2;25;23;34m[38;2;25;23;34m▓[0m[48;2;30;29;37m[38;2;30;29;37m▓[0m[48;2;52;51;58m[38;2;52;51;58m▒[0m[48;2;80;79;86m[38;2;80;79;86m@[0m[48;2;120;119;124m[38;2;120;119;124m#[0m[48;2;174;174;177m[38;2;174;174;177m=[0m[48;2;237;236;238m[38;2;237;236;238m.[0m                                            
                                         [48;2;125;124;125m[38;2;125;124;125m#[0m[48;2;16;14;22m[38;2;16;14;22m█[0m[48;2;38;35;50m[38;2;38;35;50m▒[0m[48;2;43;42;59m[38;2;43;42;59m▒[0m[48;2;42;43;59m[38;2;42;43;59m▒[0m[48;2;41;43;59m[38;2;41;43;59m▒[0m[48;2;41;43;59m[38;2;41;43;59m▒[0m[48;2;41;43;59m[38;2;41;43;59m▒[0m[48;2;41;43;59m[38;2;41;43;59m▒[0m[48;2;41;43;59m[38;2;41;43;59m▒[0m[48;2;41;43;59m[38;2;41;43;59m▒[0m[48;2;42;43;59m[38;2;42;43;59m▒[0m[48;2;40;41;57m[38;2;40;41;57m▒[0m[48;2;31;31;46m[38;2;31;31;46m▓[0m[48;2;26;25;37m[38;2;26;25;37m▓[0m[48;2;86;84;93m[38;2;86;84;93m@[0m[48;2;194;193;196m[38;2;194;193;196m-[0m                                          
                                        [48;2;174;174;174m[38;2;174;174;174m=[0m[48;2;29;28;34m[38;2;29;28;34m▓[0m[48;2;43;42;57m[38;2;43;42;57m▒[0m[48;2;41;43;59m[38;2;41;43;59m▒[0m[48;2;40;44;59m[38;2;40;44;59m▒[0m[48;2;40;44;59m[38;2;40;44;59m▒[0m[48;2;40;44;59m[38;2;40;44;59m▒[0m[48;2;40;44;59m[38;2;40;44;59m▒[0m[48;2;40;44;59m[38;2;40;44;59m▒[0m[48;2;40;44;59m[38;2;40;44;59m▒[0m[48;2;40;44;59m[38;2;40;44;59m▒[0m[48;2;40;44;59m[38;2;40;44;59m▒[0m[48;2;40;44;59m[38;2;40;44;59m▒[0m[48;2;40;44;59m[38;2;40;44;59m▒[0m[48;2;40;44;59m[38;2;40;44;59m▒[0m[48;2;41;43;59m[38;2;41;43;59m▒[0m[48;2;39;40;56m[38;2;39;40;56m▒[0m[48;2;26;24;35m[38;2;26;24;35m▓[0m[48;2;97;96;101m[38;2;97;96;101m%[0m[48;2;239;239;240m[38;2;239;239;240m [0m                                        
                                       [48;2;114;114;115m[38;2;114;114;115m#[0m[48;2;14;13;17m[38;2;14;13;17m█[0m[48;2;66;64;73m[38;2;66;64;73m░[0m[48;2;42;44;58m[38;2;42;44;58m▒[0m[48;2;40;44;59m[38;2;40;44;59m▒[0m[48;2;40;44;59m[38;2;40;44;59m▒[0m[48;2;40;44;59m[38;2;40;44;59m▒[0m[48;2;40;44;59m[38;2;40;44;59m▒[0m[48;2;40;44;59m[38;2;40;44;59m▒[0m[48;2;40;44;59m[38;2;40;44;59m▒[0m[48;2;40;44;59m[38;2;40;44;59m▒[0m[48;2;40;44;59m[38;2;40;44;59m▒[0m[48;2;40;44;59m[38;2;40;44;59m▒[0m[48;2;40;44;59m[38;2;40;44;59m▒[0m[48;2;40;44;59m[38;2;40;44;59m▒[0m[48;2;40;44;59m[38;2;40;44;59m▒[0m[48;2;40;44;59m[38;2;40;44;59m▒[0m[48;2;40;44;59m[38;2;40;44;59m▒[0m[48;2;41;43;58m[38;2;41;43;58m▒[0m[48;2;34;33;45m[38;2;34;33;45m▓[0m[48;2;58;57;62m[38;2;58;57;62m░[0m[48;2;229;228;229m[38;2;229;228;229m.[0m                                       
                                     [48;2;230;230;230m[38;2;230;230;230m.[0m[48;2;71;68;72m[38;2;71;68;72m░[0m[48;2;104;95;102m[38;2;104;95;102m%[0m[48;2;21;17;23m[38;2;21;17;23m▓[0m[48;2;74;73;80m[38;2;74;73;80m@[0m[48;2;42;43;58m[38;2;42;43;58m▒[0m[48;2;40;44;59m[38;2;40;44;59m▒[0m[48;2;40;44;59m[38;2;40;44;59m▒[0m[48;2;40;44;59m[38;2;40;44;59m▒[0m[48;2;40;44;59m[38;2;40;44;59m▒[0m[48;2;40;44;59m[38;2;40;44;59m▒[0m[48;2;40;44;59m[38;2;40;44;59m▒[0m[48;2;40;44;59m[38;2;40;44;59m▒[0m[48;2;40;44;59m[38;2;40;44;59m▒[0m[48;2;40;44;59m[38;2;40;44;59m▒[0m[48;2;40;44;59m[38;2;40;44;59m▒[0m[48;2;40;44;59m[38;2;40;44;59m▒[0m[48;2;40;44;59m[38;2;40;44;59m▒[0m[48;2;40;44;59m[38;2;40;44;59m▒[0m[48;2;40;44;59m[38;2;40;44;59m▒[0m[48;2;40;44;59m[38;2;40;44;59m▒[0m[48;2;41;45;60m[38;2;41;45;60m▒[0m[48;2;36;37;51m[38;2;36;37;51m▒[0m[48;2;52;51;57m[38;2;52;51;57m▒[0m[48;2;238;237;238m[38;2;238;237;238m.[0m                                      
                                    [48;2;240;240;240m[38;2;240;240;240m [0m[48;2;58;55;59m[38;2;58;55;59m░[0m[48;2;66;58;66m[38;2;66;58;66m░[0m[48;2;99;88;98m[38;2;99;88;98m%[0m[48;2;18;12;20m[38;2;18;12;20m█[0m[48;2;79;75;85m[38;2;79;75;85m@[0m[48;2;43;44;59m[38;2;43;44;59m▒[0m[48;2;40;44;59m[38;2;40;44;59m▒[0m[48;2;40;44;59m[38;2;40;44;59m▒[0m[48;2;40;44;59m[38;2;40;44;59m▒[0m[48;2;40;44;59m[38;2;40;44;59m▒[0m[48;2;40;44;59m[38;2;40;44;59m▒[0m[48;2;40;44;59m[38;2;40;44;59m▒[0m[48;2;40;44;59m[38;2;40;44;59m▒[0m[48;2;40;44;59m[38;2;40;44;59m▒[0m[48;2;40;44;59m[38;2;40;44;59m▒[0m[48;2;40;44;59m[38;2;40;44;59m▒[0m[48;2;40;44;59m[38;2;40;44;59m▒[0m[48;2;40;44;59m[38;2;40;44;59m▒[0m[48;2;40;44;59m[38;2;40;44;59m▒[0m[48;2;40;44;59m[38;2;40;44;59m▒[0m[48;2;40;44;59m[38;2;40;44;59m▒[0m[48;2;40;44;59m[38;2;40;44;59m▒[0m[48;2;40;44;59m[38;2;40;44;59m▒[0m[48;2;32;31;43m[38;2;32;31;43m▓[0m[48;2;105;103;107m[38;2;105;103;107m%[0m                                      
                                    [48;2;129;129;130m[38;2;129;129;130m*[0m[48;2;50;43;50m[38;2;50;43;50m▒[0m[48;2;17;9;22m[38;2;17;9;22m█[0m[48;2;59;42;90m[38;2;59;42;90m▒[0m[48;2;54;39;83m[38;2;54;39;83m▒[0m[48;2;35;26;53m[38;2;35;26;53m▓[0m[48;2;45;43;60m[38;2;45;43;60m▒[0m[48;2;40;44;59m[38;2;40;44;59m▒[0m[48;2;40;44;59m[38;2;40;44;59m▒[0m[48;2;40;44;59m[38;2;40;44;59m▒[0m[48;2;40;44;59m[38;2;40;44;59m▒[0m[48;2;40;44;59m[38;2;40;44;59m▒[0m[48;2;40;44;59m[38;2;40;44;59m▒[0m[48;2;40;44;59m[38;2;40;44;59m▒[0m[48;2;40;44;59m[38;2;40;44;59m▒[0m[48;2;40;44;59m[38;2;40;44;59m▒[0m[48;2;40;44;59m[38;2;40;44;59m▒[0m[48;2;40;44;59m[38;2;40;44;59m▒[0m[48;2;40;44;59m[38;2;40;44;59m▒[0m[48;2;40;44;59m[38;2;40;44;59m▒[0m[48;2;40;44;59m[38;2;40;44;59m▒[0m[48;2;40;44;59m[38;2;40;44;59m▒[0m[48;2;40;44;59m[38;2;40;44;59m▒[0m[48;2;40;44;59m[38;2;40;44;59m▒[0m[48;2;41;42;57m[38;2;41;42;57m▒[0m[48;2;27;25;31m[38;2;27;25;31m▓[0m                                      
                                    [48;2;51;48;50m[38;2;51;48;50m▒[0m[48;2;43;32;40m[38;2;43;32;40m▓[0m[48;2;44;30;52m[38;2;44;30;52m▒[0m[48;2;76;58;113m[38;2;76;58;113m░[0m[48;2;58;41;83m[38;2;58;41;83m▒[0m[48;2;20;12;30m[38;2;20;12;30m█[0m[48;2;66;62;78m[38;2;66;62;78m░[0m[48;2;47;46;63m[38;2;47;46;63m▒[0m[48;2;41;43;59m[38;2;41;43;59m▒[0m[48;2;40;44;59m[38;2;40;44;59m▒[0m[48;2;40;44;59m[38;2;40;44;59m▒[0m[48;2;40;44;59m[38;2;40;44;59m▒[0m[48;2;40;44;59m[38;2;40;44;59m▒[0m[48;2;40;44;59m[38;2;40;44;59m▒[0m[48;2;40;44;59m[38;2;40;44;59m▒[0m[48;2;40;44;59m[38;2;40;44;59m▒[0m[48;2;40;44;59m[38;2;40;44;59m▒[0m[48;2;40;44;59m[38;2;40;44;59m▒[0m[48;2;40;44;59m[38;2;40;44;59m▒[0m[48;2;40;44;59m[38;2;40;44;59m▒[0m[48;2;40;44;59m[38;2;40;44;59m▒[0m[48;2;40;44;59m[38;2;40;44;59m▒[0m[48;2;40;44;59m[38;2;40;44;59m▒[0m[48;2;41;43;59m[38;2;41;43;59m▒[0m[48;2;36;35;50m[38;2;36;35;50m▒[0m[48;2;71;69;75m[38;2;71;69;75m░[0m                                      
                                    [48;2;39;35;37m[38;2;39;35;37m▓[0m[48;2;28;20;26m[38;2;28;20;26m▓[0m[48;2;24;16;25m[38;2;24;16;25m▓[0m[48;2;69;59;72m[38;2;69;59;72m░[0m[48;2;73;61;74m[38;2;73;61;74m░[0m[48;2;80;70;82m[38;2;80;70;82m@[0m[48;2;31;22;35m[38;2;31;22;35m▓[0m[48;2;73;66;82m[38;2;73;66;82m░[0m[48;2;52;47;63m[38;2;52;47;63m▒[0m[48;2;43;42;59m[38;2;43;42;59m▒[0m[48;2;41;43;59m[38;2;41;43;59m▒[0m[48;2;40;44;59m[38;2;40;44;59m▒[0m[48;2;40;44;59m[38;2;40;44;59m▒[0m[48;2;40;44;59m[38;2;40;44;59m▒[0m[48;2;40;44;59m[38;2;40;44;59m▒[0m[48;2;40;44;59m[38;2;40;44;59m▒[0m[48;2;40;44;59m[38;2;40;44;59m▒[0m[48;2;40;44;59m[38;2;40;44;59m▒[0m[48;2;40;44;59m[38;2;40;44;59m▒[0m[48;2;40;44;59m[38;2;40;44;59m▒[0m[48;2;40;44;59m[38;2;40;44;59m▒[0m[48;2;41;43;59m[38;2;41;43;59m▒[0m[48;2;42;42;59m[38;2;42;42;59m▒[0m[48;2;33;31;48m[38;2;33;31;48m▓[0m[48;2;16;13;25m[38;2;16;13;25m█[0m[48;2;117;115;119m[38;2;117;115;119m#[0m                                      
                                    [48;2;152;151;152m[38;2;152;151;152m+[0m[48;2;99;93;98m[38;2;99;93;98m%[0m[48;2;54;48;53m[38;2;54;48;53m▒[0m[48;2;148;134;145m[38;2;148;134;145m*[0m[48;2;94;81;91m[38;2;94;81;91m@[0m[48;2;63;53;62m[38;2;63;53;62m░[0m[48;2;129;116;126m[38;2;129;116;126m#[0m[48;2;51;40;54m[38;2;51;40;54m▒[0m[48;2;49;40;55m[38;2;49;40;55m▒[0m[48;2;69;62;78m[38;2;69;62;78m░[0m[48;2;48;46;61m[38;2;48;46;61m▒[0m[48;2;40;44;59m[38;2;40;44;59m▒[0m[48;2;40;44;59m[38;2;40;44;59m▒[0m[48;2;40;44;59m[38;2;40;44;59m▒[0m[48;2;40;44;59m[38;2;40;44;59m▒[0m[48;2;40;44;59m[38;2;40;44;59m▒[0m[48;2;40;44;59m[38;2;40;44;59m▒[0m[48;2;40;44;59m[38;2;40;44;59m▒[0m[48;2;40;44;59m[38;2;40;44;59m▒[0m[48;2;40;44;59m[38;2;40;44;59m▒[0m[48;2;40;43;58m[38;2;40;43;58m▒[0m[48;2;32;32;48m[38;2;32;32;48m▓[0m[48;2;28;25;39m[38;2;28;25;39m▓[0m[48;2;11;6;19m[38;2;11;6;19m█[0m[48;2;94;89;98m[38;2;94;89;98m%[0m[48;2;71;67;71m[38;2;71;67;71m░[0m                                      
                                    [48;2;192;191;192m[38;2;192;191;192m-[0m[48;2;105;100;102m[38;2;105;100;102m%[0m[48;2;170;161;163m[38;2;170;161;163m+[0m[48;2;71;59;67m[38;2;71;59;67m░[0m[48;2;152;137;147m[38;2;152;137;147m*[0m[48;2;57;46;55m[38;2;57;46;55m▒[0m[48;2;119;105;116m[38;2;119;105;116m#[0m[48;2;159;141;155m[38;2;159;141;155m+[0m[48;2;129;112;126m[38;2;129;112;126m#[0m[48;2;77;65;77m[38;2;77;65;77m░[0m[48;2;57;48;59m[38;2;57;48;59m▒[0m[48;2;36;32;44m[38;2;36;32;44m▓[0m[48;2;31;30;43m[38;2;31;30;43m▓[0m[48;2;33;34;48m[38;2;33;34;48m▓[0m[48;2;35;36;50m[38;2;35;36;50m▒[0m[48;2;35;37;50m[38;2;35;37;50m▒[0m[48;2;36;36;49m[38;2;36;36;49m▒[0m[48;2;31;32;45m[38;2;31;32;45m▓[0m[48;2;25;25;37m[38;2;25;25;37m▓[0m[48;2;30;26;37m[38;2;30;26;37m▓[0m[48;2;59;52;61m[38;2;59;52;61m░[0m[48;2;89;81;88m[38;2;89;81;88m@[0m[48;2;53;45;51m[38;2;53;45;51m▒[0m[48;2;104;95;103m[38;2;104;95;103m%[0m[48;2;155;141;152m[38;2;155;141;152m+[0m[48;2;75;65;74m[38;2;75;65;74m░[0m[48;2;160;157;160m[38;2;160;157;160m+[0m                                     
                                    [48;2;211;211;211m[38;2;211;211;211m:[0m[48;2;43;40;42m[38;2;43;40;42m▒[0m[48;2;140;133;134m[38;2;140;133;134m*[0m[48;2;118;109;111m[38;2;118;109;111m#[0m[48;2;74;64;72m[38;2;74;64;72m░[0m[48;2;148;134;145m[38;2;148;134;145m*[0m[48;2;59;48;57m[38;2;59;48;57m▒[0m[48;2;108;94;105m[38;2;108;94;105m%[0m[48;2;160;140;155m[38;2;160;140;155m+[0m[48;2;161;140;155m[38;2;161;140;155m+[0m[48;2;160;140;155m[38;2;160;140;155m+[0m[48;2;148;130;144m[38;2;148;130;144m*[0m[48;2;123;106;119m[38;2;123;106;119m#[0m[48;2;59;49;60m[38;2;59;49;60m▒[0m[48;2;22;16;25m[38;2;22;16;25m▓[0m[48;2;23;18;27m[38;2;23;18;27m▓[0m[48;2;37;31;41m[38;2;37;31;41m▓[0m[48;2;50;45;55m[38;2;50;45;55m▒[0m[48;2;71;66;74m[38;2;71;66;74m░[0m[48;2;93;85;93m[38;2;93;85;93m@[0m[48;2;60;50;58m[38;2;60;50;58m▒[0m[48;2;30;21;28m[38;2;30;21;28m▓[0m[48;2;45;37;44m[38;2;45;37;44m▒[0m[48;2;74;65;72m[38;2;74;65;72m░[0m[48;2;147;131;140m[38;2;147;131;140m*[0m[48;2;156;140;150m[38;2;156;140;150m*[0m[48;2;64;53;61m[38;2;64;53;61m░[0m[48;2;78;75;79m[38;2;78;75;79m@[0m[48;2;137;135;137m[38;2;137;135;137m*[0m[48;2;209;208;209m[38;2;209;208;209m:[0m                                  
                                    [48;2;120;119;120m[38;2;120;119;120m#[0m[48;2;111;108;110m[38;2;111;108;110m%[0m[48;2;96;92;94m[38;2;96;92;94m%[0m[48;2;16;12;15m[38;2;16;12;15m█[0m[48;2;24;20;23m[38;2;24;20;23m▓[0m[48;2;44;38;43m[38;2;44;38;43m▒[0m[48;2;81;71;78m[38;2;81;71;78m@[0m[48;2;68;58;66m[38;2;68;58;66m░[0m[48;2;72;60;70m[38;2;72;60;70m░[0m[48;2;144;127;139m[38;2;144;127;139m*[0m[48;2;161;140;155m[38;2;161;140;155m+[0m[48;2;161;140;155m[38;2;161;140;155m+[0m[48;2;161;140;155m[38;2;161;140;155m+[0m[48;2;160;141;155m[38;2;160;141;155m+[0m[48;2;160;140;155m[38;2;160;140;155m+[0m[48;2;154;135;149m[38;2;154;135;149m*[0m[48;2;146;127;141m[38;2;146;127;141m*[0m[48;2;143;125;139m[38;2;143;125;139m*[0m[48;2;120;107;119m[38;2;120;107;119m#[0m[48;2;15;7;15m[38;2;15;7;15m█[0m[48;2;6;2;8m[38;2;6;2;8m█[0m[48;2;16;14;19m[38;2;16;14;19m█[0m[48;2;32;30;38m[38;2;32;30;38m▓[0m[48;2;18;15;23m[38;2;18;15;23m█[0m[48;2;122;110;120m[38;2;122;110;120m#[0m[48;2;160;141;155m[38;2;160;141;155m+[0m[48;2;158;140;153m[38;2;158;140;153m+[0m[48;2;89;76;87m[38;2;89;76;87m@[0m[48;2;52;45;51m[38;2;52;45;51m▒[0m[48;2;81;74;80m[38;2;81;74;80m@[0m[48;2;77;72;77m[38;2;77;72;77m@[0m[48;2;145;143;145m[38;2;145;143;145m*[0m                                
                                    [48;2;173;173;173m[38;2;173;173;173m=[0m[48;2;44;42;43m[38;2;44;42;43m▒[0m[48;2;99;95;97m[38;2;99;95;97m%[0m[48;2;96;90;93m[38;2;96;90;93m%[0m[48;2;80;76;78m[38;2;80;76;78m@[0m[48;2;199;194;196m[38;2;199;194;196m-[0m[48;2;16;10;13m[38;2;16;10;13m█[0m[48;2;71;64;68m[38;2;71;64;68m░[0m[48;2;59;51;58m[38;2;59;51;58m▒[0m[48;2;40;30;38m[38;2;40;30;38m▓[0m[48;2;77;65;73m[38;2;77;65;73m░[0m[48;2;156;138;151m[38;2;156;138;151m*[0m[48;2;161;140;155m[38;2;161;140;155m+[0m[48;2;161;140;155m[38;2;161;140;155m+[0m[48;2;161;140;155m[38;2;161;140;155m+[0m[48;2;161;140;155m[38;2;161;140;155m+[0m[48;2;161;140;155m[38;2;161;140;155m+[0m[48;2;161;140;155m[38;2;161;140;155m+[0m[48;2;88;72;84m[38;2;88;72;84m@[0m[48;2;24;14;24m[38;2;24;14;24m█[0m[48;2;14;9;17m[38;2;14;9;17m█[0m[48;2;4;2;7m[38;2;4;2;7m█[0m[48;2;3;1;7m[38;2;3;1;7m█[0m[48;2;15;13;20m[38;2;15;13;20m█[0m[48;2;37;30;39m[38;2;37;30;39m▓[0m[48;2;156;140;153m[38;2;156;140;153m*[0m[48;2;161;141;155m[38;2;161;141;155m+[0m[48;2;160;140;155m[38;2;160;140;155m+[0m[48;2;137;120;133m[38;2;137;120;133m#[0m[48;2;121;108;118m[38;2;121;108;118m#[0m[48;2;156;140;151m[38;2;156;140;151m*[0m[48;2;118;106;115m[38;2;118;106;115m#[0m[48;2;67;62;65m[38;2;67;62;65m░[0m[48;2;216;215;215m[38;2;216;215;215m:[0m                              
                                    [48;2;168;167;168m[38;2;168;167;168m=[0m[48;2;105;104;105m[38;2;105;104;105m%[0m[48;2;199;197;198m[38;2;199;197;198m-[0m[48;2;184;181;183m[38;2;184;181;183m=[0m[48;2;53;49;52m[38;2;53;49;52m▒[0m [48;2;56;52;54m[38;2;56;52;54m▒[0m[48;2;131;121;128m[38;2;131;121;128m#[0m[48;2;155;138;149m[38;2;155;138;149m*[0m[48;2;157;139;151m[38;2;157;139;151m*[0m[48;2;158;139;152m[38;2;158;139;152m*[0m[48;2;160;140;155m[38;2;160;140;155m+[0m[48;2;161;140;155m[38;2;161;140;155m+[0m[48;2;161;140;155m[38;2;161;140;155m+[0m[48;2;161;140;155m[38;2;161;140;155m+[0m[48;2;161;140;155m[38;2;161;140;155m+[0m[48;2;161;140;155m[38;2;161;140;155m+[0m[48;2;161;140;155m[38;2;161;140;155m+[0m[48;2;154;134;148m[38;2;154;134;148m*[0m[48;2;131;114;128m[38;2;131;114;128m#[0m[48;2;123;110;122m[38;2;123;110;122m#[0m[48;2;26;19;28m[38;2;26;19;28m▓[0m[48;2;18;12;20m[38;2;18;12;20m█[0m[48;2;39;34;41m[38;2;39;34;41m▓[0m[48;2;53;45;54m[38;2;53;45;54m▒[0m[48;2;108;97;108m[38;2;108;97;108m%[0m[48;2;154;136;150m[38;2;154;136;150m*[0m[48;2;161;140;155m[38;2;161;140;155m+[0m[48;2;161;140;155m[38;2;161;140;155m+[0m[48;2;161;140;155m[38;2;161;140;155m+[0m[48;2;161;140;155m[38;2;161;140;155m+[0m[48;2;158;138;152m[38;2;158;138;152m*[0m[48;2;138;122;133m[38;2;138;122;133m*[0m[48;2;61;56;60m[38;2;61;56;60m░[0m                              
                                    [48;2;218;217;217m[38;2;218;217;217m:[0m[48;2;64;62;65m[38;2;64;62;65m░[0m[48;2;199;197;200m[38;2;199;197;200m-[0m[48;2;178;176;179m[38;2;178;176;179m=[0m[48;2;71;69;72m[38;2;71;69;72m░[0m [48;2;94;92;94m[38;2;94;92;94m%[0m[48;2;32;27;31m[38;2;32;27;31m▓[0m[48;2;146;128;139m[38;2;146;128;139m*[0m[48;2;160;139;154m[38;2;160;139;154m+[0m[48;2;161;140;155m[38;2;161;140;155m+[0m[48;2;161;140;155m[38;2;161;140;155m+[0m[48;2;161;140;155m[38;2;161;140;155m+[0m[48;2;161;140;155m[38;2;161;140;155m+[0m[48;2;161;140;155m[38;2;161;140;155m+[0m[48;2;161;140;155m[38;2;161;140;155m+[0m[48;2;161;140;155m[38;2;161;140;155m+[0m[48;2;161;140;155m[38;2;161;140;155m+[0m[48;2;161;140;155m[38;2;161;140;155m+[0m[48;2;161;140;155m[38;2;161;140;155m+[0m[48;2;161;140;155m[38;2;161;140;155m+[0m[48;2;155;136;150m[38;2;155;136;150m*[0m[48;2;153;136;149m[38;2;153;136;149m*[0m[48;2;97;82;94m[38;2;97;82;94m@[0m[48;2;61;50;61m[38;2;61;50;61m▒[0m[48;2;7;1;8m[38;2;7;1;8m█[0m[48;2;18;11;19m[38;2;18;11;19m█[0m[48;2;70;56;68m[38;2;70;56;68m░[0m[48;2;156;136;150m[38;2;156;136;150m*[0m[48;2;161;140;155m[38;2;161;140;155m+[0m[48;2;161;140;155m[38;2;161;140;155m+[0m[48;2;161;140;155m[38;2;161;140;155m+[0m[48;2;161;140;155m[38;2;161;140;155m+[0m[48;2;76;63;72m[38;2;76;63;72m░[0m[48;2;181;179;181m[38;2;181;179;181m=[0m                             
                                     [48;2;62;59;62m[38;2;62;59;62m░[0m[48;2;178;175;179m[38;2;178;175;179m=[0m[48;2;77;74;78m[38;2;77;74;78m@[0m[48;2;180;178;181m[38;2;180;178;181m=[0m [48;2;109;107;109m[38;2;109;107;109m%[0m[48;2;7;3;8m[38;2;7;3;8m█[0m[48;2;32;24;31m[38;2;32;24;31m▓[0m[48;2;132;117;129m[38;2;132;117;129m#[0m[48;2;161;140;155m[38;2;161;140;155m+[0m[48;2;161;140;155m[38;2;161;140;155m+[0m[48;2;161;140;155m[38;2;161;140;155m+[0m[48;2;161;140;155m[38;2;161;140;155m+[0m[48;2;161;140;155m[38;2;161;140;155m+[0m[48;2;161;140;155m[38;2;161;140;155m+[0m[48;2;161;140;155m[38;2;161;140;155m+[0m[48;2;161;140;155m[38;2;161;140;155m+[0m[48;2;161;140;155m[38;2;161;140;155m+[0m[48;2;161;140;155m[38;2;161;140;155m+[0m[48;2;161;140;155m[38;2;161;140;155m+[0m[48;2;161;140;155m[38;2;161;140;155m+[0m[48;2;161;140;155m[38;2;161;140;155m+[0m[48;2;161;140;155m[38;2;161;140;155m+[0m[48;2;159;139;153m[38;2;159;139;153m+[0m[48;2;137;121;133m[38;2;137;121;133m#[0m[48;2;95;82;93m[38;2;95;82;93m@[0m[48;2;67;56;66m[38;2;67;56;66m░[0m[48;2;86;73;84m[38;2;86;73;84m@[0m[48;2;138;121;133m[38;2;138;121;133m#[0m[48;2;159;139;154m[38;2;159;139;154m+[0m[48;2;161;140;155m[38;2;161;140;155m+[0m[48;2;160;140;155m[38;2;160;140;155m+[0m[48;2;80;66;76m[38;2;80;66;76m░[0m[48;2;163;160;163m[38;2;163;160;163m+[0m                             
                                     [48;2;214;213;214m[38;2;214;213;214m:[0m[48;2;73;72;73m[38;2;73;72;73m░[0m[48;2;60;59;61m[38;2;60;59;61m░[0m[48;2;118;118;118m[38;2;118;118;118m#[0m[48;2;98;97;98m[38;2;98;97;98m%[0m[48;2;24;21;27m[38;2;24;21;27m▓[0m[48;2;29;25;36m[38;2;29;25;36m▓[0m[48;2;34;28;43m[38;2;34;28;43m▓[0m[48;2;21;16;29m[38;2;21;16;29m▓[0m[48;2;80;68;80m[38;2;80;68;80m░[0m[48;2;151;133;148m[38;2;151;133;148m*[0m[48;2;160;140;155m[38;2;160;140;155m+[0m[48;2;161;140;155m[38;2;161;140;155m+[0m[48;2;161;140;155m[38;2;161;140;155m+[0m[48;2;161;140;155m[38;2;161;140;155m+[0m[48;2;161;140;155m[38;2;161;140;155m+[0m[48;2;161;140;155m[38;2;161;140;155m+[0m[48;2;161;140;155m[38;2;161;140;155m+[0m[48;2;161;140;155m[38;2;161;140;155m+[0m[48;2;161;140;155m[38;2;161;140;155m+[0m[48;2;161;140;155m[38;2;161;140;155m+[0m[48;2;161;140;155m[38;2;161;140;155m+[0m[48;2;161;140;155m[38;2;161;140;155m+[0m[48;2;161;140;155m[38;2;161;140;155m+[0m[48;2;161;140;155m[38;2;161;140;155m+[0m[48;2;161;140;155m[38;2;161;140;155m+[0m[48;2;160;140;155m[38;2;160;140;155m+[0m[48;2;135;117;130m[38;2;135;117;130m#[0m[48;2;95;80;91m[38;2;95;80;91m@[0m[48;2;79;64;75m[38;2;79;64;75m░[0m[48;2;80;67;77m[38;2;80;67;77m░[0m[48;2;78;66;76m[38;2;78;66;76m░[0m[48;2;57;47;56m[38;2;57;47;56m▒[0m[48;2;75;70;74m[38;2;75;70;74m░[0m                             
                                         [48;2;182;181;182m[38;2;182;181;182m=[0m[48;2;16;12;20m[38;2;16;12;20m█[0m[48;2;36;30;48m[38;2;36;30;48m▓[0m[48;2;37;31;51m[38;2;37;31;51m▓[0m[48;2;37;31;52m[38;2;37;31;52m▓[0m[48;2;29;23;42m[38;2;29;23;42m▓[0m[48;2;26;19;34m[38;2;26;19;34m▓[0m[48;2;74;64;76m[38;2;74;64;76m░[0m[48;2;133;117;131m[38;2;133;117;131m#[0m[48;2;159;141;155m[38;2;159;141;155m+[0m[48;2;160;141;155m[38;2;160;141;155m+[0m[48;2;161;140;155m[38;2;161;140;155m+[0m[48;2;161;140;155m[38;2;161;140;155m+[0m[48;2;161;140;155m[38;2;161;140;155m+[0m[48;2;161;140;155m[38;2;161;140;155m+[0m[48;2;161;140;155m[38;2;161;140;155m+[0m[48;2;161;140;155m[38;2;161;140;155m+[0m[48;2;161;140;155m[38;2;161;140;155m+[0m[48;2;161;140;155m[38;2;161;140;155m+[0m[48;2;161;140;155m[38;2;161;140;155m+[0m[48;2;161;140;155m[38;2;161;140;155m+[0m[48;2;161;140;155m[38;2;161;140;155m+[0m[48;2;161;140;155m[38;2;161;140;155m+[0m[48;2;161;140;155m[38;2;161;140;155m+[0m[48;2;161;140;155m[38;2;161;140;155m+[0m[48;2;161;140;155m[38;2;161;140;155m+[0m[48;2;161;141;155m[38;2;161;141;155m+[0m[48;2;160;141;155m[38;2;160;141;155m+[0m[48;2;116;99;112m[38;2;116;99;112m%[0m[48;2;108;104;109m[38;2;108;104;109m%[0m                             
                                         [48;2;193;193;193m[38;2;193;193;193m-[0m[48;2;7;5;10m[38;2;7;5;10m█[0m[48;2;15;11;25m[38;2;15;11;25m█[0m[48;2;23;19;34m[38;2;23;19;34m▓[0m[48;2;29;25;42m[38;2;29;25;42m▓[0m[48;2;34;29;46m[38;2;34;29;46m▓[0m[48;2;32;27;43m[38;2;32;27;43m▓[0m[48;2;13;7;31m[38;2;13;7;31m█[0m[48;2;49;34;104m[38;2;49;34;104m▒[0m[48;2;47;36;76m[38;2;47;36;76m▒[0m[48;2;74;65;80m[38;2;74;65;80m░[0m[48;2;114;99;114m[38;2;114;99;114m%[0m[48;2;146;129;143m[38;2;146;129;143m*[0m[48;2;160;141;155m[38;2;160;141;155m+[0m[48;2;160;141;155m[38;2;160;141;155m+[0m[48;2;161;140;155m[38;2;161;140;155m+[0m[48;2;161;140;155m[38;2;161;140;155m+[0m[48;2;161;140;155m[38;2;161;140;155m+[0m[48;2;161;140;155m[38;2;161;140;155m+[0m[48;2;161;140;155m[38;2;161;140;155m+[0m[48;2;161;140;155m[38;2;161;140;155m+[0m[48;2;161;140;155m[38;2;161;140;155m+[0m[48;2;161;140;155m[38;2;161;140;155m+[0m[48;2;161;140;155m[38;2;161;140;155m+[0m[48;2;161;140;155m[38;2;161;140;155m+[0m[48;2;160;140;155m[38;2;160;140;155m+[0m[48;2;136;117;131m[38;2;136;117;131m#[0m[48;2;84;71;81m[38;2;84;71;81m@[0m[48;2;100;92;99m[38;2;100;92;99m%[0m[48;2;241;238;242m[38;2;241;238;242m [0m                             
                                         [48;2;229;229;229m[38;2;229;229;229m.[0m[48;2;14;11;17m[38;2;14;11;17m█[0m[48;2;35;30;47m[38;2;35;30;47m▓[0m[48;2;31;26;44m[38;2;31;26;44m▓[0m[48;2;24;20;37m[38;2;24;20;37m▓[0m[48;2;21;17;34m[38;2;21;17;34m▓[0m[48;2;20;16;32m[38;2;20;16;32m▓[0m[48;2;10;6;23m[38;2;10;6;23m█[0m[48;2;66;50;139m[38;2;66;50;139m░[0m[48;2;78;64;158m[38;2;78;64;158m@[0m[48;2;74;61;146m[38;2;74;61;146m@[0m[48;2;66;53;124m[38;2;66;53;124m░[0m[48;2;13;5;43m[38;2;13;5;43m█[0m[48;2;26;21;30m[38;2;26;21;30m▓[0m[48;2;57;49;81m[38;2;57;49;81m░[0m[48;2;73;64;79m[38;2;73;64;79m░[0m[48;2;87;74;91m[38;2;87;74;91m@[0m[48;2;104;91;103m[38;2;104;91;103m%[0m[48;2;113;99;110m[38;2;113;99;110m%[0m[48;2;118;103;115m[38;2;118;103;115m%[0m[48;2;120;105;116m[38;2;120;105;116m#[0m[48;2;117;104;115m[38;2;117;104;115m%[0m[48;2;105;92;102m[38;2;105;92;102m%[0m[48;2;86;74;84m[38;2;86;74;84m@[0m[48;2;60;50;60m[38;2;60;50;60m▒[0m[48;2;90;82;90m[38;2;90;82;90m@[0m[48;2;127;121;128m[38;2;127;121;128m#[0m[48;2;203;200;205m[38;2;203;200;205m:[0m                               
                                          [48;2;60;58;61m[38;2;60;58;61m░[0m[48;2;32;27;41m[38;2;32;27;41m▓[0m[48;2;37;31;51m[38;2;37;31;51m▓[0m[48;2;37;31;52m[38;2;37;31;52m▓[0m[48;2;37;31;52m[38;2;37;31;52m▓[0m[48;2;37;31;52m[38;2;37;31;52m▓[0m[48;2;29;23;44m[38;2;29;23;44m▓[0m[48;2;25;15;64m[38;2;25;15;64m▓[0m[48;2;84;71;146m[38;2;84;71;146m@[0m[48;2;86;71;156m[38;2;86;71;156m@[0m[48;2;83;67;163m[38;2;83;67;163m@[0m[48;2;39;24;116m[38;2;39;24;116m▒[0m[48;2;35;31;42m[38;2;35;31;42m▓[0m[48;2;32;21;71m[38;2;32;21;71m▓[0m[48;2;79;62;155m[38;2;79;62;155m@[0m[48;2;62;43;159m[38;2;62;43;159m░[0m[48;2;71;55;142m[38;2;71;55;142m░[0m[48;2;58;45;114m[38;2;58;45;114m░[0m[48;2;22;15;41m[38;2;22;15;41m▓[0m[48;2;15;11;17m[38;2;15;11;17m█[0m[48;2;45;39;48m[38;2;45;39;48m▒[0m[48;2;32;26;42m[38;2;32;26;42m▓[0m[48;2;34;28;46m[38;2;34;28;46m▓[0m[48;2;29;24;42m[38;2;29;24;42m▓[0m[48;2;31;26;39m[38;2;31;26;39m▓[0m[48;2;99;96;102m[38;2;99;96;102m%[0m[48;2;197;196;197m[38;2;197;196;197m-[0m                               
                                          [48;2;155;154;156m[38;2;155;154;156m+[0m[48;2;22;18;27m[38;2;22;18;27m▓[0m[48;2;37;31;51m[38;2;37;31;51m▓[0m[48;2;37;31;52m[38;2;37;31;52m▓[0m[48;2;37;31;52m[38;2;37;31;52m▓[0m[48;2;37;31;52m[38;2;37;31;52m▓[0m[48;2;37;31;52m[38;2;37;31;52m▓[0m[48;2;27;21;42m[38;2;27;21;42m▓[0m[48;2;23;19;35m[38;2;23;19;35m▓[0m[48;2;40;33;62m[38;2;40;33;62m▒[0m[48;2;44;34;86m[38;2;44;34;86m▒[0m[48;2;56;45;103m[38;2;56;45;103m░[0m[48;2;20;14;41m[38;2;20;14;41m▓[0m[48;2;142;139;145m[38;2;142;139;145m*[0m[48;2;26;20;45m[38;2;26;20;45m▓[0m[48;2;53;46;75m[38;2;53;46;75m▒[0m[48;2;74;69;93m[38;2;74;69;93m@[0m[48;2;124;122;127m[38;2;124;122;127m#[0m[48;2;194;192;195m[38;2;194;192;195m-[0m[48;2;104;102;105m[38;2;104;102;105m%[0m[48;2;38;33;41m[38;2;38;33;41m▓[0m[48;2;66;60;74m[38;2;66;60;74m░[0m[48;2;46;40;55m[38;2;46;40;55m▒[0m[48;2;37;32;51m[38;2;37;32;51m▓[0m[48;2;37;31;52m[38;2;37;31;52m▓[0m[48;2;35;30;48m[38;2;35;30;48m▓[0m[48;2;24;20;34m[38;2;24;20;34m▓[0m[48;2;65;62;70m[38;2;65;62;70m░[0m[48;2;192;191;193m[38;2;192;191;193m-[0m                             
                                           [48;2;48;46;51m[38;2;48;46;51m▒[0m[48;2;33;28;45m[38;2;33;28;45m▓[0m[48;2;37;31;52m[38;2;37;31;52m▓[0m[48;2;37;31;52m[38;2;37;31;52m▓[0m[48;2;37;31;52m[38;2;37;31;52m▓[0m[48;2;37;31;52m[38;2;37;31;52m▓[0m[48;2;37;31;52m[38;2;37;31;52m▓[0m[48;2;37;32;50m[38;2;37;32;50m▓[0m[48;2;73;68;83m[38;2;73;68;83m░[0m[48;2;14;10;19m[38;2;14;10;19m█[0m[48;2;81;77;85m[38;2;81;77;85m@[0m[48;2;162;159;164m[38;2;162;159;164m+[0m[48;2;224;221;225m[38;2;224;221;225m.[0m[48;2;48;45;51m[38;2;48;45;51m▒[0m[48;2;97;93;100m[38;2;97;93;100m%[0m[48;2;118;115;120m[38;2;118;115;120m#[0m[48;2;210;210;210m[38;2;210;210;210m:[0m [48;2;198;197;198m[38;2;198;197;198m-[0m[48;2;66;64;68m[38;2;66;64;68m░[0m[48;2;82;78;85m[38;2;82;78;85m@[0m[48;2;43;40;47m[38;2;43;40;47m▒[0m[48;2;62;58;68m[38;2;62;58;68m░[0m[48;2;47;42;61m[38;2;47;42;61m▒[0m[48;2;37;31;52m[38;2;37;31;52m▓[0m[48;2;37;31;52m[38;2;37;31;52m▓[0m[48;2;36;30;50m[38;2;36;30;50m▓[0m[48;2;22;17;30m[38;2;22;17;30m▓[0m[48;2;124;123;126m[38;2;124;123;126m#[0m                            