                                                                                                              
                                                                                                              
                                                                                                              
                                                                                                              
                                                                                                              
                                                                                                              
                                                                                                              
                                                                                                              
                                                                                                              
                                                                                                              
                                                                                                              
                                                                                                              
                                                                                                              
                                                [48;2;240;240;240m[38;2;240;240;240m [0m[48;2;184;184;184m[38;2;184;184;184m-[0m[48;2;133;132;134m[38;2;133;132;134m*[0m[48;2;98;97;99m[38;2;98;97;99m%[0m[48;2;70;69;72m[38;2;70;69;72m░[0m[48;2;53;53;56m[38;2;53;53;56m▒[0m[48;2;44;43;47m[38;2;44;43;47m▒[0m[48;2;41;40;46m[38;2;41;40;46m▒[0m[48;2;45;43;50m[38;2;45;43;50m▒[0m[48;2;58;57;64m[38;2;58;57;64m░[0m[48;2;82;81;87m[38;2;82;81;87m@[0m[48;2;128;127;131m[38;2;128;127;131m#[0m[48;2;193;192;195m[38;2;193;192;195m-[0m                                                 
                                              [48;2;160;160;161m[38;2;160;160;161m+[0m[48;2;74;73;77m[38;2;74;73;77m@[0m[48;2;27;25;33m[38;2;27;25;33m▓[0m[48;2;28;26;37m[38;2;28;26;37m▓[0m[48;2;38;35;49m[38;2;38;35;49m▒[0m[48;2;44;42;57m[38;2;44;42;57m▒[0m[48;2;45;42;59m[38;2;45;42;59m▒[0m[48;2;44;43;59m[38;2;44;43;59m▒[0m[48;2;44;43;60m[38;2;44;43;60m▒[0m[48;2;42;43;60m[38;2;42;43;60m▒[0m[48;2;42;43;59m[38;2;42;43;59m▒[0m[48;2;42;43;59m[38;2;42;43;59m▒[0m[48;2;41;42;58m[38;2;41;42;58m▒[0m[48;2;37;37;53m[38;2;37;37;53m▒[0m[48;2;25;24;38m[38;2;25;24;38m▓[0m[48;2;41;39;48m[38;2;41;39;48m▒[0m[48;2;140;139;144m[38;2;140;139;144m*[0m                                               
                                            [48;2;149;148;151m[38;2;149;148;151m+[0m[48;2;33;32;37m[38;2;33;32;37m▓[0m[48;2;31;29;41m[38;2;31;29;41m▓[0m[48;2;44;41;55m[38;2;44;41;55m▒[0m[48;2;61;58;71m[38;2;61;58;71m░[0m[48;2;58;56;67m[38;2;58;56;67m░[0m[48;2;32;29;42m[38;2;32;29;42m▓[0m[48;2;30;26;38m[38;2;30;26;38m▓[0m[48;2;48;44;56m[38;2;48;44;56m▒[0m[48;2;36;32;44m[38;2;36;32;44m▓[0m[48;2;33;31;44m[38;2;33;31;44m▓[0m[48;2;37;38;51m[38;2;37;38;51m▒[0m[48;2;41;44;58m[38;2;41;44;58m▒[0m[48;2;40;44;59m[38;2;40;44;59m▒[0m[48;2;40;44;59m[38;2;40;44;59m▒[0m[48;2;41;43;59m[38;2;41;43;59m▒[0m[48;2;42;43;59m[38;2;42;43;59m▒[0m[48;2;42;42;59m[38;2;42;42;59m▒[0m[48;2;30;28;42m[38;2;30;28;42m▓[0m[48;2;51;49;59m[38;2;51;49;59m▒[0m[48;2;205;205;207m[38;2;205;205;207m:[0m                                             
                                           [48;2;80;80;82m[38;2;80;80;82m@[0m[48;2;19;18;26m[38;2;19;18;26m▓[0m[48;2;25;22;33m[38;2;25;22;33m▓[0m[48;2;33;28;39m[38;2;33;28;39m▓[0m[48;2;55;49;59m[38;2;55;49;59m▒[0m[48;2;68;59;70m[38;2;68;59;70m░[0m[48;2;86;76;85m[38;2;86;76;85m@[0m[48;2;97;86;95m[38;2;97;86;95m@[0m[48;2;123;110;119m[38;2;123;110;119m#[0m[48;2;135;120;131m[38;2;135;120;131m#[0m[48;2;125;111;122m[38;2;125;111;122m#[0m[48;2;108;93;105m[38;2;108;93;105m%[0m[48;2;80;67;78m[38;2;80;67;78m░[0m[48;2;47;38;47m[38;2;47;38;47m▒[0m[48;2;27;20;30m[38;2;27;20;30m▓[0m[48;2;38;33;45m[38;2;38;33;45m▓[0m[48;2;44;43;59m[38;2;44;43;59m▒[0m[48;2;42;43;59m[38;2;42;43;59m▒[0m[48;2;41;43;59m[38;2;41;43;59m▒[0m[48;2;42;42;59m[38;2;42;42;59m▒[0m[48;2;40;38;51m[38;2;40;38;51m▒[0m[48;2;22;20;27m[38;2;22;20;27m▓[0m[48;2;154;153;155m[38;2;154;153;155m+[0m                                            
                                          [48;2;124;124;125m[38;2;124;124;125m#[0m[48;2;18;13;18m[38;2;18;13;18m█[0m[48;2;79;69;78m[38;2;79;69;78m░[0m[48;2;80;69;78m[38;2;80;69;78m@[0m[48;2;61;51;59m[38;2;61;51;59m░[0m[48;2;74;62;71m[38;2;74;62;71m░[0m[48;2;119;105;116m[38;2;119;105;116m#[0m[48;2;153;135;148m[38;2;153;135;148m*[0m[48;2;98;81;93m[38;2;98;81;93m@[0m[48;2;80;65;77m[38;2;80;65;77m░[0m[48;2;62;47;57m[38;2;62;47;57m▒[0m[48;2;139;122;134m[38;2;139;122;134m*[0m[48;2;160;141;155m[38;2;160;141;155m+[0m[48;2;161;141;155m[38;2;161;141;155m+[0m[48;2;159;141;154m[38;2;159;141;154m+[0m[48;2;145;127;139m[38;2;145;127;139m*[0m[48;2;93;78;89m[38;2;93;78;89m@[0m[48;2;43;33;43m[38;2;43;33;43m▒[0m[48;2;52;46;56m[38;2;52;46;56m▒[0m[48;2;31;28;41m[38;2;31;28;41m▓[0m[48;2;25;22;38m[38;2;25;22;38m▓[0m[48;2;19;14;28m[38;2;19;14;28m█[0m[48;2;28;22;41m[38;2;28;22;41m▓[0m[48;2;8;6;11m[38;2;8;6;11m█[0m[48;2;135;134;137m[38;2;135;134;137m*[0m                                           
                                         [48;2;121;121;122m[38;2;121;121;122m#[0m[48;2;65;58;65m[38;2;65;58;65m░[0m[48;2;150;134;145m[38;2;150;134;145m*[0m[48;2;159;139;153m[38;2;159;139;153m+[0m[48;2;152;133;146m[38;2;152;133;146m*[0m[48;2;158;139;153m[38;2;158;139;153m*[0m[48;2;159;139;154m[38;2;159;139;154m+[0m[48;2;161;140;155m[38;2;161;140;155m+[0m[48;2;161;140;155m[38;2;161;140;155m+[0m[48;2;161;140;155m[38;2;161;140;155m+[0m[48;2;157;138;152m[38;2;157;138;152m*[0m[48;2;99;84;96m[38;2;99;84;96m@[0m[48;2;99;83;95m[38;2;99;83;95m@[0m[48;2;152;134;147m[38;2;152;134;147m*[0m[48;2;159;139;154m[38;2;159;139;154m+[0m[48;2;161;140;155m[38;2;161;140;155m+[0m[48;2;161;140;155m[38;2;161;140;155m+[0m[48;2;161;140;155m[38;2;161;140;155m+[0m[48;2;152;134;147m[38;2;152;134;147m*[0m[48;2;71;60;69m[38;2;71;60;69m░[0m[48;2;45;34;58m[38;2;45;34;58m▒[0m[48;2;88;69;136m[38;2;88;69;136m@[0m[48;2;46;30;74m[38;2;46;30;74m▒[0m[48;2;71;53;108m[38;2;71;53;108m░[0m[48;2;5;1;8m[38;2;5;1;8m█[0m[48;2;4;2;7m[38;2;4;2;7m█[0m[48;2;172;170;172m[38;2;172;170;172m=[0m                                          
                                        [48;2;109;108;110m[38;2;109;108;110m%[0m[48;2;83;75;83m[38;2;83;75;83m@[0m[48;2;157;143;154m[38;2;157;143;154m+[0m[48;2;161;142;156m[38;2;161;142;156m+[0m[48;2;162;141;156m[38;2;162;141;156m+[0m[48;2;161;140;155m[38;2;161;140;155m+[0m[48;2;161;140;155m[38;2;161;140;155m+[0m[48;2;161;140;155m[38;2;161;140;155m+[0m[48;2;162;141;156m[38;2;162;141;156m+[0m[48;2;112;93;107m[38;2;112;93;107m%[0m[48;2;130;113;125m[38;2;130;113;125m#[0m[48;2;144;126;139m[38;2;144;126;139m*[0m[48;2;40;26;38m[38;2;40;26;38m▓[0m[48;2;113;97;110m[38;2;113;97;110m%[0m[48;2;65;50;62m[38;2;65;50;62m░[0m[48;2;159;139;153m[38;2;159;139;153m+[0m[48;2;161;140;155m[38;2;161;140;155m+[0m[48;2;161;140;155m[38;2;161;140;155m+[0m[48;2;161;140;155m[38;2;161;140;155m+[0m[48;2;161;140;155m[38;2;161;140;155m+[0m[48;2;160;141;155m[38;2;160;141;155m+[0m[48;2;97;82;93m[38;2;97;82;93m@[0m[48;2;38;22;48m[38;2;38;22;48m▓[0m[48;2;109;81;159m[38;2;109;81;159m%[0m[48;2;55;37;86m[38;2;55;37;86m▒[0m[48;2;51;38;79m[38;2;51;38;79m▒[0m[48;2;12;9;17m[38;2;12;9;17m█[0m[48;2;33;29;34m[38;2;33;29;34m▓[0m[48;2;234;233;234m[38;2;234;233;234m.[0m                                         
                                       [48;2;185;185;185m[38;2;185;185;185m-[0m[48;2;50;46;49m[38;2;50;46;49m▒[0m[48;2;98;88;97m[38;2;98;88;97m%[0m[48;2;93;80;90m[38;2;93;80;90m@[0m[48;2;83;69;80m[38;2;83;69;80m@[0m[48;2;161;143;157m[38;2;161;143;157m+[0m[48;2;160;141;155m[38;2;160;141;155m+[0m[48;2;161;140;155m[38;2;161;140;155m+[0m[48;2;161;140;155m[38;2;161;140;155m+[0m[48;2;161;140;155m[38;2;161;140;155m+[0m[48;2;75;59;72m[38;2;75;59;72m░[0m[48;2;94;82;92m[38;2;94;82;92m@[0m[48;2;152;138;149m[38;2;152;138;149m*[0m[48;2;49;37;46m[38;2;49;37;46m▒[0m[48;2;83;71;82m[38;2;83;71;82m@[0m[48;2;79;67;77m[38;2;79;67;77m░[0m[48;2;71;57;67m[38;2;71;57;67m░[0m[48;2;155;136;150m[38;2;155;136;150m*[0m[48;2;161;141;155m[38;2;161;141;155m+[0m[48;2;161;140;155m[38;2;161;140;155m+[0m[48;2;161;140;155m[38;2;161;140;155m+[0m[48;2;160;141;155m[38;2;160;141;155m+[0m[48;2;160;141;155m[38;2;160;141;155m+[0m[48;2;101;85;98m[38;2;101;85;98m@[0m[48;2;44;29;57m[38;2;44;29;57m▒[0m[48;2;12;4;21m[38;2;12;4;21m█[0m[48;2;11;6;19m[38;2;11;6;19m█[0m[48;2;30;27;37m[38;2;30;27;37m▓[0m[48;2;26;24;33m[38;2;26;24;33m▓[0m[48;2;128;126;129m[38;2;128;126;129m#[0m                                         
                                       [48;2;71;70;71m[38;2;71;70;71m░[0m[48;2;118;108;115m[38;2;118;108;115m#[0m[48;2;22;13;19m[38;2;22;13;19m█[0m[48;2;32;24;30m[38;2;32;24;30m▓[0m[48;2;102;92;101m[38;2;102;92;101m%[0m[48;2;112;97;109m[38;2;112;97;109m%[0m[48;2;151;133;147m[38;2;151;133;147m*[0m[48;2;152;133;147m[38;2;152;133;147m*[0m[48;2;161;140;155m[38;2;161;140;155m+[0m[48;2;161;140;155m[38;2;161;140;155m+[0m[48;2;107;92;104m[38;2;107;92;104m%[0m[48;2;19;10;18m[38;2;19;10;18m█[0m[48;2;124;111;121m[38;2;124;111;121m#[0m[48;2;130;117;127m[38;2;130;117;127m#[0m[48;2;15;7;15m[38;2;15;7;15m█[0m[48;2;47;38;46m[38;2;47;38;46m▒[0m[48;2;56;47;54m[38;2;56;47;54m▒[0m[48;2;40;32;39m[38;2;40;32;39m▓[0m[48;2;106;93;103m[38;2;106;93;103m%[0m[48;2;155;138;150m[38;2;155;138;150m*[0m[48;2;160;140;155m[38;2;160;140;155m+[0m[48;2;161;140;155m[38;2;161;140;155m+[0m[48;2;160;141;155m[38;2;160;141;155m+[0m[48;2;160;141;154m[38;2;160;141;154m+[0m[48;2;123;109;119m[38;2;123;109;119m#[0m[48;2;44;34;45m[38;2;44;34;45m▒[0m[48;2;40;34;45m[38;2;40;34;45m▒[0m[48;2;43;39;50m[38;2;43;39;50m▒[0m[48;2;42;39;52m[38;2;42;39;52m▒[0m[48;2;39;36;42m[38;2;39;36;42m▒[0m                                         
                                       [48;2;31;27;29m[38;2;31;27;29m▓[0m[48;2;117;105;112m[38;2;117;105;112m%[0m[48;2;11;3;9m[38;2;11;3;9m█[0m[48;2;48;41;47m[38;2;48;41;47m▒[0m[48;2;108;100;108m[38;2;108;100;108m%[0m[48;2;21;12;22m[38;2;21;12;22m█[0m[48;2;28;19;28m[38;2;28;19;28m▓[0m[48;2;45;33;42m[38;2;45;33;42m▒[0m[48;2;152;136;149m[38;2;152;136;149m*[0m[48;2;157;140;153m[38;2;157;140;153m+[0m[48;2;143;128;140m[38;2;143;128;140m*[0m[48;2;26;17;25m[38;2;26;17;25m▓[0m[48;2;32;24;32m[38;2;32;24;32m▓[0m[48;2;85;77;85m[38;2;85;77;85m@[0m[48;2;62;53;63m[38;2;62;53;63m░[0m[48;2;41;33;43m[38;2;41;33;43m▓[0m[48;2;43;35;38m[38;2;43;35;38m▒[0m[48;2;17;12;16m[38;2;17;12;16m█[0m[48;2;20;14;18m[38;2;20;14;18m█[0m[48;2;20;13;18m[38;2;20;13;18m█[0m[48;2;52;42;49m[38;2;52;42;49m▒[0m[48;2;54;44;51m[38;2;54;44;51m▒[0m[48;2;76;66;74m[38;2;76;66;74m░[0m[48;2;81;72;79m[38;2;81;72;79m@[0m[48;2;80;68;76m[38;2;80;68;76m░[0m[48;2;70;58;67m[38;2;70;58;67m░[0m[48;2;34;25;34m[38;2;34;25;34m▓[0m[48;2;17;12;22m[38;2;17;12;22m█[0m[48;2;40;34;46m[38;2;40;34;46m▒[0m[48;2;16;13;19m[38;2;16;13;19m█[0m                                         
                                      [48;2;237;237;237m[38;2;237;237;237m.[0m[48;2;29;27;29m[38;2;29;27;29m▓[0m[48;2;99;87;94m[38;2;99;87;94m@[0m[48;2;30;22;29m[38;2;30;22;29m▓[0m[48;2;63;56;63m[38;2;63;56;63m░[0m[48;2;40;32;40m[38;2;40;32;40m▓[0m[48;2;30;17;42m[38;2;30;17;42m▓[0m[48;2;41;26;58m[38;2;41;26;58m▓[0m[48;2;20;6;36m[38;2;20;6;36m█[0m[48;2;52;42;49m[38;2;52;42;49m▒[0m[48;2;110;99;103m[38;2;110;99;103m%[0m[48;2;122;110;112m[38;2;122;110;112m#[0m[48;2;138;128;130m[38;2;138;128;130m*[0m[48;2;28;22;27m[38;2;28;22;27m▓[0m[48;2;50;29;98m[38;2;50;29;98m▒[0m[48;2;67;34;137m[38;2;67;34;137m░[0m[48;2;43;19;91m[38;2;43;19;91m▓[0m[48;2;141;134;136m[38;2;141;134;136m*[0m[48;2;115;107;109m[38;2;115;107;109m%[0m[48;2;206;197;196m[38;2;206;197;196m-[0m[48;2;203;193;192m[38;2;203;193;192m-[0m[48;2;23;17;20m[38;2;23;17;20m▓[0m[48;2;102;94;100m[38;2;102;94;100m%[0m[48;2;103;93;100m[38;2;103;93;100m%[0m[48;2;109;97;106m[38;2;109;97;106m%[0m[48;2;43;32;41m[38;2;43;32;41m▓[0m[48;2;130;118;129m[38;2;130;118;129m#[0m[48;2;156;143;153m[38;2;156;143;153m+[0m[48;2;121;107;120m[38;2;121;107;120m#[0m[48;2;75;63;75m[38;2;75;63;75m░[0m[48;2;43;33;43m[38;2;43;33;43m▒[0m[48;2;90;85;90m[38;2;90;85;90m@[0m[48;2;157;155;158m[38;2;157;155;158m+[0m[48;2;216;216;217m[38;2;216;216;217m:[0m                                      
                                       [48;2;39;37;39m[38;2;39;37;39m▒[0m[48;2;87;77;85m[38;2;87;77;85m@[0m[48;2;14;6;13m[38;2;14;6;13m█[0m[48;2;200;190;196m[38;2;200;190;196m-[0m[48;2;78;70;74m[38;2;78;70;74m░[0m[48;2;77;54;119m[38;2;77;54;119m░[0m[48;2;107;69;164m[38;2;107;69;164m@[0m[48;2;81;44;134m[38;2;81;44;134m░[0m[48;2;80;69;78m[38;2;80;69;78m@[0m[48;2;249;235;230m[38;2;249;235;230m [0m[48;2;250;234;228m[38;2;250;234;228m [0m[48;2;250;234;229m[38;2;250;234;229m [0m[48;2;120;110;109m[38;2;120;110;109m#[0m[48;2;88;69;106m[38;2;88;69;106m@[0m[48;2;170;126;196m[38;2;170;126;196m+[0m[48;2;84;53;104m[38;2;84;53;104m░[0m[48;2;142;134;136m[38;2;142;134;136m*[0m[48;2;250;237;233m[38;2;250;237;233m [0m[48;2;250;233;229m[38;2;250;233;229m.[0m[48;2;250;233;229m[38;2;250;233;229m.[0m[48;2;147;136;136m[38;2;147;136;136m*[0m[48;2;65;54;61m[38;2;65;54;61m░[0m[48;2;154;140;150m[38;2;154;140;150m*[0m[48;2;160;144;154m[38;2;160;144;154m+[0m[48;2;142;125;137m[38;2;142;125;137m*[0m[48;2;68;55;64m[38;2;68;55;64m░[0m[48;2;71;59;68m[38;2;71;59;68m░[0m[48;2;122;110;119m[38;2;122;110;119m#[0m[48;2;154;139;151m[38;2;154;139;151m*[0m[48;2;156;140;153m[38;2;156;140;153m*[0m[48;2;145;130;142m[38;2;145;130;142m*[0m[48;2;123;110;120m[38;2;123;110;120m#[0m[48;2;84;75;82m[38;2;84;75;82m@[0m[48;2;72;65;70m[38;2;72;65;70m░[0m[48;2;143;140;143m[38;2;143;140;143m*[0m[48;2;241;240;241m[38;2;241;240;241m [0m                                   
                                       [48;2;124;124;124m[38;2;124;124;124m#[0m[48;2;66;56;62m[38;2;66;56;62m░[0m[48;2;45;36;41m[38;2;45;36;41m▒[0m[48;2;217;206;211m[38;2;217;206;211m:[0m[48;2;188;177;179m[38;2;188;177;179m=[0m[48;2;69;55;69m[38;2;69;55;69m░[0m[48;2;216;170;213m[38;2;216;170;213m-[0m[48;2;152;111;157m[38;2;152;111;157m*[0m[48;2;102;90;99m[38;2;102;90;99m%[0m[48;2;251;236;233m[38;2;251;236;233m [0m[48;2;250;234;230m[38;2;250;234;230m [0m[48;2;250;234;230m[38;2;250;234;230m [0m[48;2;238;224;221m[38;2;238;224;221m.[0m[48;2;81;68;72m[38;2;81;68;72m░[0m[48;2;111;84;109m[38;2;111;84;109m%[0m[48;2;64;47;62m[38;2;64;47;62m▒[0m[48;2;224;213;212m[38;2;224;213;212m:[0m[48;2;241;217;206m[38;2;241;217;206m.[0m[48;2;236;194;181m[38;2;236;194;181m:[0m[48;2;248;226;217m[38;2;248;226;217m.[0m[48;2;249;235;231m[38;2;249;235;231m [0m[48;2;171;159;159m[38;2;171;159;159m+[0m[48;2;51;40;46m[38;2;51;40;46m▒[0m[48;2;130;117;127m[38;2;130;117;127m#[0m[48;2;85;72;82m[38;2;85;72;82m@[0m[48;2;146;130;141m[38;2;146;130;141m*[0m[48;2;141;127;137m[38;2;141;127;137m*[0m[48;2;93;81;90m[38;2;93;81;90m@[0m[48;2;66;56;64m[38;2;66;56;64m░[0m[48;2;68;57;65m[38;2;68;57;65m░[0m[48;2;76;65;74m[38;2;76;65;74m░[0m[48;2;95;82;92m[38;2;95;82;92m@[0m[48;2;108;94;104m[38;2;108;94;104m%[0m[48;2;124;110;120m[38;2;124;110;120m#[0m[48;2;107;96;104m[38;2;107;96;104m%[0m[48;2;56;52;56m[38;2;56;52;56m▒[0m[48;2;174;173;174m[38;2;174;173;174m=[0m                                  
                                       [48;2;238;238;238m[38;2;238;238;238m [0m[48;2;53;51;52m[38;2;53;51;52m▒[0m[48;2;34;27;30m[38;2;34;27;30m▓[0m[48;2;132;122;124m[38;2;132;122;124m#[0m[48;2;237;218;215m[38;2;237;218;215m.[0m[48;2;168;156;154m[38;2;168;156;154m+[0m[48;2;95;80;87m[38;2;95;80;87m@[0m[48;2;100;86;93m[38;2;100;86;93m@[0m[48;2;223;211;210m[38;2;223;211;210m:[0m[48;2;210;196;193m[38;2;210;196;193m-[0m[48;2;111;97;94m[38;2;111;97;94m%[0m[48;2;188;173;170m[38;2;188;173;170m=[0m[48;2;252;236;230m[38;2;252;236;230m [0m[48;2;249;234;228m[38;2;249;234;228m [0m[48;2;218;203;198m[38;2;218;203;198m:[0m[48;2;240;225;220m[38;2;240;225;220m.[0m[48;2;251;236;229m[38;2;251;236;229m [0m[48;2;244;226;215m[38;2;244;226;215m.[0m[48;2;247;226;219m[38;2;247;226;219m.[0m[48;2;250;234;229m[38;2;250;234;229m [0m[48;2;250;235;230m[38;2;250;235;230m [0m[48;2;140;129;129m[38;2;140;129;129m*[0m[48;2;64;56;59m[38;2;64;56;59m░[0m[48;2;63;52;59m[38;2;63;52;59m░[0m[48;2;22;13;19m[38;2;22;13;19m█[0m[48;2;38;28;36m[38;2;38;28;36m▓[0m[48;2;57;47;55m[38;2;57;47;55m▒[0m[48;2;88;77;86m[38;2;88;77;86m@[0m[48;2;99;88;97m[38;2;99;88;97m%[0m[48;2;92;82;90m[38;2;92;82;90m@[0m[48;2;67;57;65m[38;2;67;57;65m░[0m[48;2;44;34;42m[38;2;44;34;42m▒[0m[48;2;52;43;50m[38;2;52;43;50m▒[0m[48;2;91;79;88m[38;2;91;79;88m@[0m[48;2;150;134;145m[38;2;150;134;145m*[0m[48;2;153;138;149m[38;2;153;138;149m*[0m[48;2;71;62;69m[38;2;71;62;69m░[0m[48;2;121;119;121m[38;2;121;119;121m#[0m                                 
                                        [48;2;125;124;125m[38;2;125;124;125m#[0m[48;2;5;3;4m[38;2;5;3;4m█[0m[48;2;40;37;38m[38;2;40;37;38m▒[0m[48;2;191;180;178m[38;2;191;180;178m-[0m[48;2;249;234;229m[38;2;249;234;229m [0m[48;2;250;235;229m[38;2;250;235;229m [0m[48;2;250;235;228m[38;2;250;235;228m [0m[48;2;250;235;227m[38;2;250;235;227m [0m[48;2;250;235;226m[38;2;250;235;226m [0m[48;2;250;235;227m[38;2;250;235;227m [0m[48;2;250;235;227m[38;2;250;235;227m [0m[48;2;250;235;226m[38;2;250;235;226m [0m[48;2;250;235;226m[38;2;250;235;226m [0m[48;2;250;235;226m[38;2;250;235;226m [0m[48;2;250;235;227m[38;2;250;235;227m [0m[48;2;250;235;227m[38;2;250;235;227m [0m[48;2;250;235;227m[38;2;250;235;227m [0m[48;2;250;234;228m[38;2;250;234;228m [0m[48;2;234;220;215m[38;2;234;220;215m.[0m[48;2;124;113;111m[38;2;124;113;111m#[0m[48;2;13;6;9m[38;2;13;6;9m█[0m[48;2;45;40;44m[38;2;45;40;44m▒[0m[48;2;38;31;37m[38;2;38;31;37m▓[0m[48;2;143;135;140m[38;2;143;135;140m*[0m[48;2;165;156;163m[38;2;165;156;163m+[0m[48;2;33;26;31m[38;2;33;26;31m▓[0m[48;2;90;81;87m[38;2;90;81;87m@[0m[48;2;125;113;122m[38;2;125;113;122m#[0m[48;2;131;117;127m[38;2;131;117;127m#[0m[48;2;147;130;141m[38;2;147;130;141m*[0m[48;2;158;140;152m[38;2;158;140;152m+[0m[48;2;160;141;154m[38;2;160;141;154m+[0m[48;2;161;140;154m[38;2;161;140;154m+[0m[48;2;161;140;155m[38;2;161;140;155m+[0m[48;2;161;140;155m[38;2;161;140;155m+[0m[48;2;158;140;154m[38;2;158;140;154m+[0m[48;2;80;71;79m[38;2;80;71;79m@[0m[48;2;126;123;126m[38;2;126;123;126m#[0m                                
                                        [48;2;214;214;214m[38;2;214;214;214m:[0m[48;2;109;107;108m[38;2;109;107;108m%[0m[48;2;109;104;106m[38;2;109;104;106m%[0m[48;2;210;199;197m[38;2;210;199;197m:[0m[48;2;241;228;224m[38;2;241;228;224m.[0m[48;2;248;234;230m[38;2;248;234;230m.[0m[48;2;250;235;230m[38;2;250;235;230m [0m[48;2;250;235;230m[38;2;250;235;230m [0m[48;2;250;235;229m[38;2;250;235;229m [0m[48;2;249;234;228m[38;2;249;234;228m [0m[48;2;244;230;223m[38;2;244;230;223m.[0m[48;2;227;213;207m[38;2;227;213;207m:[0m[48;2;207;193;188m[38;2;207;193;188m-[0m[48;2;182;169;165m[38;2;182;169;165m=[0m[48;2;151;141;139m[38;2;151;141;139m*[0m[48;2;122;112;111m[38;2;122;112;111m#[0m[48;2;84;76;77m[38;2;84;76;77m@[0m[48;2;45;39;40m[38;2;45;39;40m▒[0m[48;2;24;20;23m[38;2;24;20;23m▓[0m[48;2;6;2;7m[38;2;6;2;7m█[0m[48;2;5;2;7m[38;2;5;2;7m█[0m[48;2;191;188;193m[38;2;191;188;193m-[0m[48;2;115;109;115m[38;2;115;109;115m#[0m[48;2;36;31;36m[38;2;36;31;36m▓[0m[48;2;105;102;104m[38;2;105;102;104m%[0m[48;2;121;116;118m[38;2;121;116;118m#[0m[48;2;66;59;64m[38;2;66;59;64m░[0m[48;2;158;143;153m[38;2;158;143;153m+[0m[48;2;161;141;155m[38;2;161;141;155m+[0m[48;2;161;140;155m[38;2;161;140;155m+[0m[48;2;161;140;155m[38;2;161;140;155m+[0m[48;2;161;140;155m[38;2;161;140;155m+[0m[48;2;161;140;155m[38;2;161;140;155m+[0m[48;2;161;140;155m[38;2;161;140;155m+[0m[48;2;161;140;155m[38;2;161;140;155m+[0m[48;2;161;140;155m[38;2;161;140;155m+[0m[48;2;157;139;152m[38;2;157;139;152m*[0m[48;2;48;39;46m[38;2;48;39;46m▒[0m[48;2;198;197;198m[38;2;198;197;198m-[0m                               
                                          [48;2;186;184;185m[38;2;186;184;185m-[0m[48;2;78;76;77m[38;2;78;76;77m@[0m[48;2;16;13;14m[38;2;16;13;14m█[0m[48;2;20;16;17m[38;2;20;16;17m█[0m[48;2;26;22;25m[38;2;26;22;25m▓[0m[48;2;34;29;32m[38;2;34;29;32m▓[0m[48;2;44;40;42m[38;2;44;40;42m▒[0m[48;2;34;30;32m[38;2;34;30;32m▓[0m[48;2;68;64;65m[38;2;68;64;65m░[0m[48;2;72;67;69m[38;2;72;67;69m░[0m[48;2;73;69;71m[38;2;73;69;71m░[0m[48;2;16;10;14m[38;2;16;10;14m█[0m[48;2;47;41;46m[38;2;47;41;46m▒[0m[48;2;30;25;28m[38;2;30;25;28m▓[0m[48;2;4;1;6m[38;2;4;1;6m█[0m[48;2;15;12;19m[38;2;15;12;19m█[0m[48;2;12;8;15m[38;2;12;8;15m█[0m[48;2;23;19;27m[38;2;23;19;27m▓[0m[48;2;27;23;31m[38;2;27;23;31m▓[0m[48;2;243;240;246m[38;2;243;240;246m [0m[48;2;185;182;185m[38;2;185;182;185m-[0m[48;2;66;63;65m[38;2;66;63;65m░[0m[48;2;197;196;198m[38;2;197;196;198m-[0m[48;2;187;186;187m[38;2;187;186;187m-[0m[48;2;28;24;28m[38;2;28;24;28m▓[0m[48;2;156;140;151m[38;2;156;140;151m*[0m[48;2;161;140;155m[38;2;161;140;155m+[0m[48;2;161;140;155m[38;2;161;140;155m+[0m[48;2;161;140;155m[38;2;161;140;155m+[0m[48;2;161;140;155m[38;2;161;140;155m+[0m[48;2;161;140;155m[38;2;161;140;155m+[0m[48;2;161;140;155m[38;2;161;140;155m+[0m[48;2;161;140;155m[38;2;161;140;155m+[0m[48;2;161;140;155m[38;2;161;140;155m+[0m[48;2;161;140;155m[38;2;161;140;155m+[0m[48;2;110;95;105m[38;2;110;95;105m%[0m[48;2;108;105;108m[38;2;108;105;108m%[0m                               
                                       [48;2;181;181;181m[38;2;181;181;181m=[0m[48;2;69;67;69m[38;2;69;67;69m░[0m[48;2;19;18;21m[38;2;19;18;21m▓[0m[48;2;22;19;25m[38;2;22;19;25m▓[0m[48;2;26;22;33m[38;2;26;22;33m▓[0m[48;2;27;23;34m[38;2;27;23;34m▓[0m[48;2;9;6;14m[38;2;9;6;14m█[0m[48;2;7;4;9m[38;2;7;4;9m█[0m[48;2;50;48;51m[38;2;50;48;51m▒[0m[48;2;47;44;49m[38;2;47;44;49m▒[0m[48;2;26;23;29m[38;2;26;23;29m▓[0m[48;2;84;81;87m[38;2;84;81;87m@[0m[48;2;124;121;124m[38;2;124;121;124m#[0m[48;2;11;9;10m[38;2;11;9;10m█[0m[48;2;42;39;41m[38;2;42;39;41m▒[0m[48;2;15;9;14m[38;2;15;9;14m█[0m[48;2;35;30;35m[38;2;35;30;35m▓[0m[48;2;25;18;29m[38;2;25;18;29m▓[0m[48;2;34;27;40m[38;2;34;27;40m▓[0m[48;2;7;3;12m[38;2;7;3;12m█[0m[48;2;16;12;21m[38;2;16;12;21m█[0m[48;2;35;32;39m[38;2;35;32;39m▓[0m [48;2;240;237;241m[38;2;240;237;241m [0m[48;2;76;72;76m[38;2;76;72;76m@[0m[48;2;147;144;148m[38;2;147;144;148m*[0m[48;2;199;196;200m[38;2;199;196;200m-[0m[48;2;31;28;32m[38;2;31;28;32m▓[0m[48;2;149;135;145m[38;2;149;135;145m*[0m[48;2;161;140;155m[38;2;161;140;155m+[0m[48;2;161;140;155m[38;2;161;140;155m+[0m[48;2;161;140;155m[38;2;161;140;155m+[0m[48;2;161;140;155m[38;2;161;140;155m+[0m[48;2;161;140;155m[38;2;161;140;155m+[0m[48;2;161;140;155m[38;2;161;140;155m+[0m[48;2;161;140;155m[38;2;161;140;155m+[0m[48;2;161;140;155m[38;2;161;140;155m+[0m[48;2;161;140;155m[38;2;161;140;155m+[0m[48;2;135;117;130m[38;2;135;117;130m#[0m[48;2;70;63;68m[38;2;70;63;68m░[0m                               
                                       [48;2;42;40;43m[38;2;42;40;43m▒[0m[48;2;70;67;71m[38;2;70;67;71m░[0m[48;2;29;27;31m[38;2;29;27;31m▓[0m[48;2;33;29;43m[38;2;33;29;43m▓[0m[48;2;37;31;51m[38;2;37;31;51m▓[0m[48;2;37;32;49m[38;2;37;32;49m▓[0m[48;2;10;7;19m[38;2;10;7;19m█[0m[48;2;24;20;31m[38;2;24;20;31m▓[0m[48;2;14;10;21m[38;2;14;10;21m█[0m[48;2;49;46;53m[38;2;49;46;53m▒[0m[48;2;21;17;23m[38;2;21;17;23m▓[0m[48;2;31;27;33m[38;2;31;27;33m▓[0m[48;2;80;78;83m[38;2;80;78;83m@[0m[48;2;12;10;13m[38;2;12;10;13m█[0m[48;2;7;4;7m[38;2;7;4;7m█[0m[48;2;12;8;11m[38;2;12;8;11m█[0m[48;2;86;79;77m[38;2;86;79;77m@[0m[48;2;138;127;119m[38;2;138;127;119m*[0m[48;2;58;48;54m[38;2;58;48;54m▒[0m[48;2;32;26;43m[38;2;32;26;43m▓[0m[48;2;15;11;23m[38;2;15;11;23m█[0m[48;2;6;3;12m[38;2;6;3;12m█[0m[48;2;141;138;144m[38;2;141;138;144m*[0m[48;2;209;206;210m[38;2;209;206;210m:[0m[48;2;206;203;207m[38;2;206;203;207m:[0m[48;2;55;51;56m[38;2;55;51;56m▒[0m[48;2;98;93;98m[38;2;98;93;98m%[0m[48;2;45;37;43m[38;2;45;37;43m▒[0m[48;2;156;141;151m[38;2;156;141;151m+[0m[48;2;152;134;147m[38;2;152;134;147m*[0m[48;2;140;121;134m[38;2;140;121;134m*[0m[48;2;161;140;155m[38;2;161;140;155m+[0m[48;2;161;140;155m[38;2;161;140;155m+[0m[48;2;161;140;155m[38;2;161;140;155m+[0m[48;2;161;140;155m[38;2;161;140;155m+[0m[48;2;161;140;155m[38;2;161;140;155m+[0m[48;2;161;140;155m[38;2;161;140;155m+[0m[48;2;161;140;155m[38;2;161;140;155m+[0m[48;2;121;104;116m[38;2;121;104;116m#[0m[48;2;96;89;95m[38;2;96;89;95m%[0m                               
                                       [48;2;196;196;196m[38;2;196;196;196m-[0m[48;2;59;57;58m[38;2;59;57;58m░[0m[48;2;125;122;125m[38;2;125;122;125m#[0m[48;2;19;16;24m[38;2;19;16;24m█[0m[48;2;35;30;46m[38;2;35;30;46m▓[0m[48;2;34;29;45m[38;2;34;29;45m▓[0m[48;2;8;5;14m[38;2;8;5;14m█[0m[48;2;35;30;47m[38;2;35;30;47m▓[0m[48;2;26;21;38m[38;2;26;21;38m▓[0m[48;2;18;15;24m[38;2;18;15;24m█[0m[48;2;11;8;13m[38;2;11;8;13m█[0m[48;2;8;5;9m[38;2;8;5;9m█[0m[48;2;3;0;4m[38;2;3;0;4m█[0m[48;2;48;46;48m[38;2;48;46;48m▒[0m[48;2;44;40;37m[38;2;44;40;37m▒[0m[48;2;21;18;16m[38;2;21;18;16m▓[0m[48;2;92;84;80m[38;2;92;84;80m@[0m[48;2;111;100;98m[38;2;111;100;98m%[0m[48;2;67;60;63m[38;2;67;60;63m░[0m[48;2;36;30;51m[38;2;36;30;51m▓[0m[48;2;37;31;52m[38;2;37;31;52m▓[0m[48;2;34;29;47m[38;2;34;29;47m▓[0m[48;2;14;10;24m[38;2;14;10;24m█[0m[48;2;19;16;24m[38;2;19;16;24m█[0m[48;2;71;65;71m[38;2;71;65;71m░[0m[48;2;86;79;85m[38;2;86;79;85m@[0m[48;2;114;106;113m[38;2;114;106;113m%[0m[48;2;136;124;133m[38;2;136;124;133m*[0m[48;2;90;80;87m[38;2;90;80;87m@[0m[48;2;31;20;26m[38;2;31;20;26m▓[0m[48;2;95;81;91m[38;2;95;81;91m@[0m[48;2;160;141;155m[38;2;160;141;155m+[0m[48;2;161;140;155m[38;2;161;140;155m+[0m[48;2;161;140;155m[38;2;161;140;155m+[0m[48;2;161;140;155m[38;2;161;140;155m+[0m[48;2;161;140;155m[38;2;161;140;155m+[0m[48;2;161;140;155m[38;2;161;140;155m+[0m[48;2;155;136;150m[38;2;155;136;150m*[0m[48;2;48;37;46m[38;2;48;37;46m▒[0m[48;2;202;198;201m[38;2;202;198;201m-[0m                               
                                        [48;2;216;216;216m[38;2;216;216;216m:[0m[48;2;58;56;58m[38;2;58;56;58m░[0m[48;2;150;148;151m[38;2;150;148;151m+[0m[48;2;35;32;40m[38;2;35;32;40m▓[0m[48;2;18;14;24m[38;2;18;14;24m█[0m[48;2;16;12;22m[38;2;16;12;22m█[0m[48;2;37;31;51m[38;2;37;31;51m▓[0m[48;2;35;30;49m[38;2;35;30;49m▓[0m[48;2;15;9;19m[38;2;15;9;19m█[0m[48;2;116;107;98m[38;2;116;107;98m%[0m[48;2;104;94;75m[38;2;104;94;75m%[0m[48;2;51;40;31m[38;2;51;40;31m▒[0m[48;2;114;101;82m[38;2;114;101;82m%[0m[48;2;199;185;151m[38;2;199;185;151m-[0m[48;2;43;35;30m[38;2;43;35;30m▒[0m[48;2;34;27;38m[38;2;34;27;38m▓[0m[48;2;46;38;53m[38;2;46;38;53m▒[0m[48;2;36;29;48m[38;2;36;29;48m▓[0m[48;2;35;29;50m[38;2;35;29;50m▓[0m[48;2;37;31;52m[38;2;37;31;52m▓[0m[48;2;37;31;51m[38;2;37;31;51m▓[0m[48;2;36;31;50m[38;2;36;31;50m▓[0m[48;2;27;21;37m[38;2;27;21;37m▓[0m[48;2;27;20;32m[38;2;27;20;32m▓[0m[48;2;56;50;59m[38;2;56;50;59m▒[0m[48;2;48;41;48m[38;2;48;41;48m▒[0m[48;2;35;27;34m[38;2;35;27;34m▓[0m[48;2;26;18;25m[38;2;26;18;25m▓[0m[48;2;109;98;106m[38;2;109;98;106m%[0m[48;2;159;142;154m[38;2;159;142;154m+[0m[48;2;161;140;155m[38;2;161;140;155m+[0m[48;2;161;140;155m[38;2;161;140;155m+[0m[48;2;161;140;155m[38;2;161;140;155m+[0m[48;2;161;140;155m[38;2;161;140;155m+[0m[48;2;159;140;154m[38;2;159;140;154m+[0m[48;2;125;110;122m[38;2;125;110;122m#[0m[48;2;57;47;56m[38;2;57;47;56m▒[0m[48;2;167;161;167m[38;2;167;161;167m+[0m                                
                                         [48;2;209;209;209m[38;2;209;209;209m:[0m[48;2;67;66;67m[38;2;67;66;67m░[0m[48;2;85;83;85m[38;2;85;83;85m@[0m[48;2;30;26;31m[38;2;30;26;31m▓[0m[48;2;25;21;31m[38;2;25;21;31m▓[0m[48;2;35;30;47m[38;2;35;30;47m▓[0m[48;2;26;21;38m[38;2;26;21;38m▓[0m[48;2;14;9;21m[38;2;14;9;21m█[0m[48;2;7;1;7m[38;2;7;1;7m█[0m[48;2;63;53;60m[38;2;63;53;60m░[0m[48;2;125;113;101m[38;2;125;113;101m#[0m[48;2;106;93;79m[38;2;106;93;79m%[0m[48;2;22;12;12m[38;2;22;12;12m█[0m[48;2;15;9;13m[38;2;15;9;13m█[0m[48;2;17;13;21m[38;2;17;13;21m█[0m[48;2;18;14;25m[38;2;18;14;25m█[0m[48;2;16;11;22m[38;2;16;11;22m█[0m[48;2;15;11;21m[38;2;15;11;21m█[0m[48;2;17;14;23m[38;2;17;14;23m█[0m[48;2;20;16;27m[38;2;20;16;27m▓[0m[48;2;24;20;31m[38;2;24;20;31m▓[0m[48;2;25;22;32m[38;2;25;22;32m▓[0m[48;2;25;21;31m[38;2;25;21;31m▓[0m[48;2;20;16;26m[38;2;20;16;26m▓[0m[48;2;9;5;13m[38;2;9;5;13m█[0m[48;2;6;2;10m[38;2;6;2;10m█[0m[48;2;58;51;59m[38;2;58;51;59m▒[0m[48;2;118;105;116m[38;2;118;105;116m#[0m[48;2;157;140;153m[38;2;157;140;153m+[0m[48;2;160;141;155m[38;2;160;141;155m+[0m[48;2;157;138;152m[38;2;157;138;152m*[0m[48;2;133;116;128m[38;2;133;116;128m#[0m[48;2;90;75;86m[38;2;90;75;86m@[0m[48;2;75;64;73m[38;2;75;64;73m░[0m[48;2;142;136;141m[38;2;142;136;141m*[0m[48;2;232;230;232m[38;2;232;230;232m.[0m                                 
                                            [48;2;36;34;38m[38;2;36;34;38m▓[0m[48;2;28;24;31m[38;2;28;24;31m▓[0m[48;2;11;7;15m[38;2;11;7;15m█[0m[48;2;47;43;50m[38;2;47;43;50m▒[0m[48;2;21;18;23m[38;2;21;18;23m▓[0m[48;2;12;9;13m[38;2;12;9;13m█[0m[48;2;27;22;36m[38;2;27;22;36m▓[0m[48;2;22;17;35m[38;2;22;17;35m▓[0m[48;2;14;12;17m[38;2;14;12;17m█[0m[48;2;12;9;18m[38;2;12;9;18m█[0m[48;2;18;11;45m[38;2;18;11;45m█[0m[48;2;25;21;31m[38;2;25;21;31m▓[0m[48;2;34;30;34m[38;2;34;30;34m▓[0m[48;2;36;33;38m[38;2;36;33;38m▓[0m[48;2;43;40;45m[38;2;43;40;45m▒[0m[48;2;47;44;50m[38;2;47;44;50m▒[0m[48;2;46;43;49m[38;2;46;43;49m▒[0m[48;2;53;50;56m[38;2;53;50;56m▒[0m[48;2;53;51;56m[38;2;53;51;56m▒[0m[48;2;10;7;13m[38;2;10;7;13m█[0m[48;2;10;7;13m[38;2;10;7;13m█[0m[48;2;20;15;28m[38;2;20;15;28m█[0m[48;2;36;31;49m[38;2;36;31;49m▓[0m[48;2;34;28;48m[38;2;34;28;48m▓[0m[48;2;23;17;35m[38;2;23;17;35m▓[0m[48;2;31;25;39m[38;2;31;25;39m▓[0m[48;2;55;47;59m[38;2;55;47;59m▒[0m[48;2;51;42;51m[38;2;51;42;51m▒[0m[48;2;124;118;123m[38;2;124;118;123m#[0m[48;2;208;204;209m[38;2;208;204;209m:[0m                                    
                                           [48;2;233;233;234m[38;2;233;233;234m.[0m[48;2;9;6;10m[38;2;9;6;10m█[0m[48;2;23;20;25m[38;2;23;20;25m▓[0m[48;2;42;39;43m[38;2;42;39;43m▒[0m[48;2;21;18;27m[38;2;21;18;27m▓[0m[48;2;13;9;16m[38;2;13;9;16m█[0m[48;2;113;110;114m[38;2;113;110;114m#[0m[48;2;15;12;22m[38;2;15;12;22m█[0m[48;2;22;12;66m[38;2;22;12;66m▓[0m[48;2;7;4;22m[38;2;7;4;22m█[0m[48;2;15;8;45m[38;2;15;8;45m█[0m[48;2;69;54;120m[38;2;69;54;120m░[0m[48;2;44;35;67m[38;2;44;35;67m▒[0m[48;2;11;8;14m[38;2;11;8;14m█[0m[48;2;7;4;9m[38;2;7;4;9m█[0m[48;2;20;16;24m[38;2;20;16;24m█[0m[48;2;20;17;27m[38;2;20;17;27m▓[0m[48;2;18;16;26m[38;2;18;16;26m█[0m[48;2;19;15;28m[38;2;19;15;28m█[0m[48;2;22;17;32m[38;2;22;17;32m▓[0m[48;2;26;21;38m[38;2;26;21;38m▓[0m[48;2;33;28;46m[38;2;33;28;46m▓[0m[48;2;37;31;51m[38;2;37;31;51m▓[0m[48;2;37;31;52m[38;2;37;31;52m▓[0m[48;2;37;31;52m[38;2;37;31;52m▓[0m[48;2;36;30;51m[38;2;36;30;51m▓[0m[48;2;36;30;51m[38;2;36;30;51m▓[0m[48;2;30;24;43m[38;2;30;24;43m▓[0m[48;2;22;18;32m[38;2;22;18;32m▓[0m[48;2;94;91;98m[38;2;94;91;98m%[0m[48;2;213;211;215m[38;2;213;211;215m:[0m                                    
                                           [48;2;127;126;128m[38;2;127;126;128m#[0m[48;2;13;11;15m[38;2;13;11;15m█[0m[48;2;22;19;26m[38;2;22;19;26m▓[0m[48;2;27;22;37m[38;2;27;22;37m▓[0m[48;2;36;31;50m[38;2;36;31;50m▓[0m[48;2;12;8;20m[38;2;12;8;20m█[0m[48;2;217;214;219m[38;2;217;214;219m:[0m[48;2;72;69;79m[38;2;72;69;79m░[0m[48;2;84;68;141m[38;2;84;68;141m@[0m[48;2;58;46;93m[38;2;58;46;93m░[0m[48;2;17;9;44m[38;2;17;9;44m█[0m[48;2;49;36;84m[38;2;49;36;84m▒[0m[48;2;30;22;47m[38;2;30;22;47m▓[0m[48;2;99;96;101m[38;2;99;96;101m%[0m[48;2;188;186;191m[38;2;188;186;191m-[0m[48;2;85;83;90m[38;2;85;83;90m@[0m[48;2;22;18;28m[38;2;22;18;28m▓[0m[48;2;30;26;42m[38;2;30;26;42m▓[0m[48;2;37;31;51m[38;2;37;31;51m▓[0m[48;2;37;31;52m[38;2;37;31;52m▓[0m[48;2;37;31;52m[38;2;37;31;52m▓[0m[48;2;37;31;52m[38;2;37;31;52m▓[0m[48;2;37;31;52m[38;2;37;31;52m▓[0m[48;2;37;31;52m[38;2;37;31;52m▓[0m[48;2;37;31;52m[38;2;37;31;52m▓[0m[48;2;37;31;52m[38;2;37;31;52m▓[0m[48;2;37;31;52m[38;2;37;31;52m▓[0m[48;2;37;31;52m[38;2;37;31;52m▓[0m[48;2;37;31;52m[38;2;37;31;52m▓[0m[48;2;32;27;44m[38;2;32;27;44m▓[0m[48;2;20;16;27m[38;2;20;16;27m▓[0m[48;2;107;105;109m[38;2;107;105;109m%[0m[48;2;232;232;233m[38;2;232;232;233m.[0m                                  
                                           [48;2;75;74;76m[38;2;75;74;76m@[0m[48;2;10;7;14m[38;2;10;7;14m█[0m[48;2;34;29;45m[38;2;34;29;45m▓[0m[48;2;37;31;52m[38;2;37;31;52m▓[0m[48;2;36;31;51m[38;2;36;31;51m▓[0m[48;2;20;19;27m[38;2;20;19;27m▓[0m[48;2;240;239;242m[38;2;240;239;242m [0m[48;2;208;206;210m[38;2;208;206;210m:[0m[48;2;83;81;87m[38;2;83;81;87m@[0m[48;2;75;72;77m[38;2;75;72;77m@[0m[48;2;26;16;63m[38;2;26;16;63m▓[0m[48;2;83;64;138m[38;2;83;64;138m@[0m[48;2;36;26;57m[38;2;36;26;57m▓[0m[48;2;123;120;124m[38;2;123;120;124m#[0m  [48;2;215;213;217m[38;2;215;213;217m:[0m[48;2;122;120;125m[38;2;122;120;125m#[0m[48;2;42;38;48m[38;2;42;38;48m▒[0m[48;2;23;18;33m[38;2;23;18;33m▓[0m[48;2;33;28;44m[38;2;33;28;44m▓[0m[48;2;37;31;50m[38;2;37;31;50m▓[0m[48;2;37;31;52m[38;2;37;31;52m▓[0m[48;2;37;31;52m[38;2;37;31;52m▓[0m[48;2;37;31;52m[38;2;37;31;52m▓[0m[48;2;37;31;52m[38;2;37;31;52m▓[0m[48;2;37;31;52m[38;2;37;31;52m▓[0m[48;2;37;31;52m[38;2;37;31;52m▓[0m[48;2;37;31;52m[38;2;37;31;52m▓[0m[48;2;37;31;52m[38;2;37;31;52m▓[0m[48;2;37;31;51m[38;2;37;31;51m▓[0m[48;2;29;24;42m[38;2;29;24;42m▓[0m[48;2;32;29;39m[38;2;32;29;39m▓[0m[48;2;180;179;181m[38;2;180;179;181m=[0m                                 
                                           [48;2;123;122;123m[38;2;123;122;123m#[0m[48;2;23;19;29m[38;2;23;19;29m▓[0m[48;2;37;31;52m[38;2;37;31;52m▓[0m[48;2;37;31;52m[38;2;37;31;52m▓[0m[48;2;35;29;51m[38;2;35;29;51m▓[0m[48;2;29;26;36m[38;2;29;26;36m▓[0m    [48;2;178;176;180m[38;2;178;176;180m=[0m[48;2;84;81;88m[38;2;84;81;88m@[0m[48;2;88;86;91m[38;2;88;86;91m@[0m[48;2;233;231;234m[38;2;233;231;234m.[0m    [48;2;240;239;242m[38;2;240;239;242m [0m[48;2;103;102;105m[38;2;103;102;105m%[0m[48;2;46;45;49m[38;2;46;45;49m▒[0m[48;2;44;42;48m[38;2;44;42;48m▒[0m[48;2;19;15;28m[38;2;19;15;28m█[0m[48;2;29;24;41m[38;2;29;24;41m▓[0m[48;2;36;31;51m[38;2;36;31;51m▓[0m[48;2;37;31;52m[38;2;37;31;52m▓[0m[48;2;37;31;52m[38;2;37;31;52m▓[0m[48;2;37;31;52m[38;2;37;31;52m▓[0m[48;2;37;31;52m[38;2;37;31;52m▓[0m[48;2;37;31;52m[38;2;37;31;52m▓[0m[48;2;37;31;52m[38;2;37;31;52m▓[0m[48;2;37;31;52m[38;2;37;31;52m▓[0m[48;2;35;31;47m[38;2;35;31;47m▓[0m[48;2;17;14;22m[38;2;17;14;22m█[0m[48;2;173;172;174m[38;2;173;172;174m=[0m                                