                                                                                                    
                                                                                                    
                                                                                                    
                                                                                                    
                                                                                                    
                                                                                                    
                                                                                                    
                                                                                                    
                                                                                                    
                                                                                                    
                                                                                                    
                                                 [48;2;229;229;229m[38;2;229;229;229m.[0m[48;2;217;217;218m[38;2;217;217;218m:[0m[48;2;213;213;213m[38;2;213;213;213m:[0m[48;2;221;221;222m[38;2;221;221;222m.[0m                                               
                                             [48;2;191;191;192m[38;2;191;191;192m-[0m[48;2;116;115;118m[38;2;116;115;118m#[0m[48;2;64;62;68m[38;2;64;62;68m░[0m[48;2;33;31;39m[38;2;33;31;39m▓[0m[48;2;26;24;34m[38;2;26;24;34m▓[0m[48;2;29;27;37m[38;2;29;27;37m▓[0m[48;2;30;28;39m[38;2;30;28;39m▓[0m[48;2;27;25;36m[38;2;27;25;36m▓[0m[48;2;23;21;32m[38;2;23;21;32m▓[0m[48;2;45;43;53m[38;2;45;43;53m▒[0m[48;2;86;85;93m[38;2;86;85;93m@[0m[48;2;142;141;147m[38;2;142;141;147m*[0m[48;2;219;219;221m[38;2;219;219;221m:[0m                                          
                                           [48;2;189;189;190m[38;2;189;189;190m-[0m[48;2;53;52;57m[38;2;53;52;57m▒[0m[48;2;29;26;38m[38;2;29;26;38m▓[0m[48;2;42;39;55m[38;2;42;39;55m▒[0m[48;2;44;42;59m[38;2;44;42;59m▒[0m[48;2;44;42;58m[38;2;44;42;58m▒[0m[48;2;45;42;57m[38;2;45;42;57m▒[0m[48;2;56;53;69m[38;2;56;53;69m░[0m[48;2;59;56;71m[38;2;59;56;71m░[0m[48;2;44;41;56m[38;2;44;41;56m▒[0m[48;2;63;59;75m[38;2;63;59;75m░[0m[48;2;48;45;61m[38;2;48;45;61m▒[0m[48;2;45;42;58m[38;2;45;42;58m▒[0m[48;2;39;36;52m[38;2;39;36;52m▒[0m[48;2;26;23;37m[38;2;26;23;37m▓[0m[48;2;71;70;78m[38;2;71;70;78m░[0m[48;2;179;178;181m[38;2;179;178;181m=[0m                                        
                                         [48;2;225;225;226m[38;2;225;225;226m.[0m[48;2;81;80;84m[38;2;81;80;84m@[0m[48;2;28;26;37m[38;2;28;26;37m▓[0m[48;2;44;41;55m[38;2;44;41;55m▒[0m[48;2;36;33;47m[38;2;36;33;47m▓[0m[48;2;30;25;37m[38;2;30;25;37m▓[0m[48;2;51;44;55m[38;2;51;44;55m▒[0m[48;2;75;66;76m[38;2;75;66;76m░[0m[48;2;89;79;89m[38;2;89;79;89m@[0m[48;2;95;85;94m[38;2;95;85;94m@[0m[48;2;94;84;93m[38;2;94;84;93m@[0m[48;2;80;69;78m[38;2;80;69;78m@[0m[48;2;58;49;58m[38;2;58;49;58m▒[0m[48;2;51;44;53m[38;2;51;44;53m▒[0m[48;2;48;43;50m[38;2;48;43;50m▒[0m[48;2;30;26;34m[38;2;30;26;34m▓[0m[48;2;31;28;37m[38;2;31;28;37m▓[0m[48;2;25;23;31m[38;2;25;23;31m▓[0m[48;2;14;12;18m[38;2;14;12;18m█[0m[48;2;73;72;75m[38;2;73;72;75m░[0m[48;2;228;227;228m[38;2;228;227;228m.[0m                                      
                                        [48;2;206;206;206m[38;2;206;206;206m:[0m[48;2;35;34;39m[38;2;35;34;39m▓[0m[48;2;40;38;51m[38;2;40;38;51m▒[0m[48;2;42;39;54m[38;2;42;39;54m▒[0m[48;2;20;18;29m[38;2;20;18;29m▓[0m[48;2;71;63;73m[38;2;71;63;73m░[0m[48;2;148;133;145m[38;2;148;133;145m*[0m[48;2;159;141;154m[38;2;159;141;154m+[0m[48;2;160;142;155m[38;2;160;142;155m+[0m[48;2;126;108;121m[38;2;126;108;121m#[0m[48;2;80;65;76m[38;2;80;65;76m░[0m[48;2;80;65;75m[38;2;80;65;75m░[0m[48;2;80;67;76m[38;2;80;67;76m░[0m[48;2;108;94;104m[38;2;108;94;104m%[0m[48;2;146;131;141m[38;2;146;131;141m*[0m[48;2;129;114;124m[38;2;129;114;124m#[0m[48;2;157;140;151m[38;2;157;140;151m+[0m[48;2;159;141;152m[38;2;159;141;152m+[0m[48;2;97;83;93m[38;2;97;83;93m@[0m[48;2;84;73;82m[38;2;84;73;82m@[0m[48;2;64;57;63m[38;2;64;57;63m░[0m[48;2;43;38;43m[38;2;43;38;43m▒[0m[48;2;223;222;224m[38;2;223;222;224m.[0m                                     
                                       [48;2;223;223;224m[38;2;223;223;224m.[0m[48;2;31;29;34m[38;2;31;29;34m▓[0m[48;2;41;39;50m[38;2;41;39;50m▒[0m[48;2;26;23;34m[38;2;26;23;34m▓[0m[48;2;37;30;42m[38;2;37;30;42m▓[0m[48;2;127;113;126m[38;2;127;113;126m#[0m[48;2;160;141;155m[38;2;160;141;155m+[0m[48;2;161;140;155m[38;2;161;140;155m+[0m[48;2;161;140;155m[38;2;161;140;155m+[0m[48;2;162;141;156m[38;2;162;141;156m+[0m[48;2;159;138;153m[38;2;159;138;153m*[0m[48;2;160;139;154m[38;2;160;139;154m+[0m[48;2;160;139;154m[38;2;160;139;154m+[0m[48;2;160;140;154m[38;2;160;140;154m+[0m[48;2;161;140;155m[38;2;161;140;155m+[0m[48;2;161;140;155m[38;2;161;140;155m+[0m[48;2;161;140;155m[38;2;161;140;155m+[0m[48;2;161;140;155m[38;2;161;140;155m+[0m[48;2;161;140;155m[38;2;161;140;155m+[0m[48;2;147;127;142m[38;2;147;127;142m*[0m[48;2;115;98;110m[38;2;115;98;110m%[0m[48;2;99;87;95m[38;2;99;87;95m%[0m[48;2;86;76;83m[38;2;86;76;83m@[0m[48;2;28;23;27m[38;2;28;23;27m▓[0m[48;2;115;113;116m[38;2;115;113;116m#[0m[48;2;169;168;171m[38;2;169;168;171m=[0m                                   
                                       [48;2;75;74;76m[38;2;75;74;76m@[0m[48;2;30;28;36m[38;2;30;28;36m▓[0m[48;2;12;9;17m[38;2;12;9;17m█[0m[48;2;43;36;45m[38;2;43;36;45m▒[0m[48;2;151;135;148m[38;2;151;135;148m*[0m[48;2;161;140;155m[38;2;161;140;155m+[0m[48;2;161;140;155m[38;2;161;140;155m+[0m[48;2;161;140;155m[38;2;161;140;155m+[0m[48;2;160;139;154m[38;2;160;139;154m+[0m[48;2;159;138;153m[38;2;159;138;153m*[0m[48;2;159;138;153m[38;2;159;138;153m*[0m[48;2;159;138;153m[38;2;159;138;153m*[0m[48;2;161;140;155m[38;2;161;140;155m+[0m[48;2;161;140;155m[38;2;161;140;155m+[0m[48;2;161;140;155m[38;2;161;140;155m+[0m[48;2;161;140;155m[38;2;161;140;155m+[0m[48;2;161;140;155m[38;2;161;140;155m+[0m[48;2;161;140;155m[38;2;161;140;155m+[0m[48;2;161;140;155m[38;2;161;140;155m+[0m[48;2;154;134;149m[38;2;154;134;149m*[0m[48;2;138;118;133m[38;2;138;118;133m#[0m[48;2;160;141;155m[38;2;160;141;155m+[0m[48;2;159;141;154m[38;2;159;141;154m+[0m[48;2;86;75;84m[38;2;86;75;84m@[0m[48;2;22;16;30m[38;2;22;16;30m▓[0m[48;2;30;24;48m[38;2;30;24;48m▓[0m[48;2;216;215;216m[38;2;216;215;216m:[0m                                  
                                      [48;2;201;201;201m[38;2;201;201;201m-[0m[48;2;10;10;12m[38;2;10;10;12m█[0m[48;2;29;26;32m[38;2;29;26;32m▓[0m[48;2;27;20;28m[38;2;27;20;28m▓[0m[48;2;149;133;145m[38;2;149;133;145m*[0m[48;2;161;142;156m[38;2;161;142;156m+[0m[48;2;161;140;155m[38;2;161;140;155m+[0m[48;2;160;141;155m[38;2;160;141;155m+[0m[48;2;148;131;144m[38;2;148;131;144m*[0m[48;2;57;43;55m[38;2;57;43;55m▒[0m[48;2;107;94;105m[38;2;107;94;105m%[0m[48;2;53;40;51m[38;2;53;40;51m▒[0m[48;2;155;139;152m[38;2;155;139;152m*[0m[48;2;86;70;83m[38;2;86;70;83m@[0m[48;2;154;135;149m[38;2;154;135;149m*[0m[48;2;161;140;155m[38;2;161;140;155m+[0m[48;2;161;140;155m[38;2;161;140;155m+[0m[48;2;161;140;155m[38;2;161;140;155m+[0m[48;2;159;139;153m[38;2;159;139;153m+[0m[48;2;119;100;114m[38;2;119;100;114m%[0m[48;2;144;128;140m[38;2;144;128;140m*[0m[48;2;48;35;44m[38;2;48;35;44m▒[0m[48;2;156;140;153m[38;2;156;140;153m*[0m[48;2;160;140;155m[38;2;160;140;155m+[0m[48;2;158;140;153m[38;2;158;140;153m+[0m[48;2;53;41;49m[38;2;53;41;49m▒[0m[48;2;36;27;49m[38;2;36;27;49m▓[0m[48;2;89;87;93m[38;2;89;87;93m@[0m                                  
                                      [48;2;123;123;123m[38;2;123;123;123m#[0m[48;2;19;17;20m[38;2;19;17;20m█[0m[48;2;82;77;83m[38;2;82;77;83m@[0m[48;2;85;77;85m[38;2;85;77;85m@[0m[48;2;161;142;156m[38;2;161;142;156m+[0m[48;2;161;140;155m[38;2;161;140;155m+[0m[48;2;161;140;155m[38;2;161;140;155m+[0m[48;2;160;140;154m[38;2;160;140;154m+[0m[48;2;56;44;54m[38;2;56;44;54m▒[0m[48;2;44;38;44m[38;2;44;38;44m▒[0m[48;2;23;19;23m[38;2;23;19;23m▓[0m[48;2;104;95;103m[38;2;104;95;103m%[0m[48;2;84;72;82m[38;2;84;72;82m@[0m[48;2;53;42;51m[38;2;53;42;51m▒[0m[48;2;115;100;112m[38;2;115;100;112m%[0m[48;2;159;141;154m[38;2;159;141;154m+[0m[48;2;161;140;155m[38;2;161;140;155m+[0m[48;2;161;140;155m[38;2;161;140;155m+[0m[48;2;154;134;149m[38;2;154;134;149m*[0m[48;2;34;21;32m[38;2;34;21;32m▓[0m[48;2;150;136;148m[38;2;150;136;148m*[0m[48;2;75;62;73m[38;2;75;62;73m░[0m[48;2;107;92;105m[38;2;107;92;105m%[0m[48;2;160;141;155m[38;2;160;141;155m+[0m[48;2;160;141;155m[38;2;160;141;155m+[0m[48;2;136;119;131m[38;2;136;119;131m#[0m[48;2;23;14;26m[38;2;23;14;26m█[0m[48;2;92;89;94m[38;2;92;89;94m@[0m                                  
                                      [48;2;81;80;80m[38;2;81;80;80m@[0m[48;2;105;96;103m[38;2;105;96;103m%[0m[48;2;67;57;65m[38;2;67;57;65m░[0m[48;2;126;112;122m[38;2;126;112;122m#[0m[48;2;161;140;155m[38;2;161;140;155m+[0m[48;2;161;140;155m[38;2;161;140;155m+[0m[48;2;161;140;155m[38;2;161;140;155m+[0m[48;2;127;109;122m[38;2;127;109;122m#[0m[48;2;9;0;8m[38;2;9;0;8m█[0m[48;2;70;64;68m[38;2;70;64;68m░[0m[48;2;47;42;44m[38;2;47;42;44m▒[0m[48;2;55;47;63m[38;2;55;47;63m▒[0m[48;2;23;14;36m[38;2;23;14;36m▓[0m[48;2;15;9;20m[38;2;15;9;20m█[0m[48;2;12;6;11m[38;2;12;6;11m█[0m[48;2;68;58;66m[38;2;68;58;66m░[0m[48;2;120;105;116m[38;2;120;105;116m#[0m[48;2;125;108;120m[38;2;125;108;120m#[0m[48;2;123;108;119m[38;2;123;108;119m#[0m[48;2;26;18;23m[38;2;26;18;23m▓[0m[48;2;40;31;39m[38;2;40;31;39m▓[0m[48;2;115;103;113m[38;2;115;103;113m%[0m[48;2;25;15;24m[38;2;25;15;24m▓[0m[48;2;70;59;68m[38;2;70;59;68m░[0m[48;2;121;109;119m[38;2;121;109;119m#[0m[48;2;91;79;89m[38;2;91;79;89m@[0m[48;2;101;91;98m[38;2;101;91;98m%[0m[48;2;72;64;71m[38;2;72;64;71m░[0m[48;2;124;120;124m[38;2;124;120;124m#[0m[48;2;201;200;202m[38;2;201;200;202m-[0m                                
                                      [48;2;43;41;42m[38;2;43;41;42m▒[0m[48;2;156;141;150m[38;2;156;141;150m+[0m[48;2;66;55;63m[38;2;66;55;63m░[0m[48;2;127;114;124m[38;2;127;114;124m#[0m[48;2;161;140;155m[38;2;161;140;155m+[0m[48;2;161;140;155m[38;2;161;140;155m+[0m[48;2;161;140;155m[38;2;161;140;155m+[0m[48;2;93;77;88m[38;2;93;77;88m@[0m[48;2;114;105;110m[38;2;114;105;110m%[0m[48;2;222;210;213m[38;2;222;210;213m:[0m[48;2;103;93;95m[38;2;103;93;95m%[0m[48;2;88;62;131m[38;2;88;62;131m@[0m[48;2;82;43;154m[38;2;82;43;154m░[0m[48;2;37;14;68m[38;2;37;14;68m▓[0m[48;2;193;183;184m[38;2;193;183;184m-[0m[48;2;212;202;196m[38;2;212;202;196m:[0m[48;2;184;173;169m[38;2;184;173;169m=[0m[48;2;179;167;165m[38;2;179;167;165m=[0m[48;2;178;166;166m[38;2;178;166;166m=[0m[48;2;30;19;27m[38;2;30;19;27m▓[0m[48;2;58;29;118m[38;2;58;29;118m▒[0m[48;2;55;26;113m[38;2;55;26;113m▒[0m[48;2;25;14;34m[38;2;25;14;34m▓[0m[48;2;107;100;104m[38;2;107;100;104m%[0m[48;2;26;19;24m[38;2;26;19;24m▓[0m[48;2;39;33;38m[38;2;39;33;38m▓[0m[48;2;36;30;34m[38;2;36;30;34m▓[0m[48;2;33;28;34m[38;2;33;28;34m▓[0m[48;2;98;95;99m[38;2;98;95;99m%[0m[48;2;143;140;144m[38;2;143;140;144m*[0m                                
                                     [48;2;223;223;223m[38;2;223;223;223m.[0m[48;2;49;43;46m[38;2;49;43;46m▒[0m[48;2;159;142;152m[38;2;159;142;152m+[0m[48;2;111;98;109m[38;2;111;98;109m%[0m[48;2;73;63;71m[38;2;73;63;71m░[0m[48;2;160;141;155m[38;2;160;141;155m+[0m[48;2;161;140;155m[38;2;161;140;155m+[0m[48;2;161;140;155m[38;2;161;140;155m+[0m[48;2;89;75;84m[38;2;89;75;84m@[0m[48;2;160;151;153m[38;2;160;151;153m+[0m[48;2;251;237;236m[38;2;251;237;236m [0m[48;2;95;84;87m[38;2;95;84;87m@[0m[48;2;181;150;187m[38;2;181;150;187m+[0m[48;2;202;148;207m[38;2;202;148;207m=[0m[48;2;55;37;56m[38;2;55;37;56m▒[0m[48;2;236;224;220m[38;2;236;224;220m.[0m[48;2;249;236;226m[38;2;249;236;226m [0m[48;2;250;235;226m[38;2;250;235;226m [0m[48;2;250;234;228m[38;2;250;234;228m [0m[48;2;247;233;227m[38;2;247;233;227m.[0m[48;2;40;28;34m[38;2;40;28;34m▓[0m[48;2;174;141;198m[38;2;174;141;198m+[0m[48;2;105;66;145m[38;2;105;66;145m@[0m[48;2;85;74;83m[38;2;85;74;83m@[0m[48;2;211;201;200m[38;2;211;201;200m:[0m[48;2;179;170;169m[38;2;179;170;169m=[0m[48;2;90;84;83m[38;2;90;84;83m@[0m[48;2;46;40;44m[38;2;46;40;44m▒[0m[48;2;25;21;24m[38;2;25;21;24m▓[0m                                  
                                      [48;2;44;39;42m[38;2;44;39;42m▒[0m[48;2;153;136;148m[38;2;153;136;148m*[0m[48;2;126;110;121m[38;2;126;110;121m#[0m[48;2;8;2;9m[38;2;8;2;9m█[0m[48;2;71;61;70m[38;2;71;61;70m░[0m[48;2;147;131;144m[38;2;147;131;144m*[0m[48;2;160;141;155m[38;2;160;141;155m+[0m[48;2;131;116;126m[38;2;131;116;126m#[0m[48;2;75;62;66m[38;2;75;62;66m░[0m[48;2;239;214;214m[38;2;239;214;214m.[0m[48;2;206;191;189m[38;2;206;191;189m-[0m[48;2;97;82;88m[38;2;97;82;88m@[0m[48;2;101;84;92m[38;2;101;84;92m@[0m[48;2;188;175;176m[38;2;188;175;176m=[0m[48;2;249;235;229m[38;2;249;235;229m [0m[48;2;248;232;225m[38;2;248;232;225m.[0m[48;2;247;231;224m[38;2;247;231;224m.[0m[48;2;250;235;227m[38;2;250;235;227m [0m[48;2;250;235;228m[38;2;250;235;228m [0m[48;2;118;103;103m[38;2;118;103;103m%[0m[48;2;115;88;111m[38;2;115;88;111m%[0m[48;2;78;54;72m[38;2;78;54;72m░[0m[48;2;207;193;189m[38;2;207;193;189m-[0m[48;2;247;227;221m[38;2;247;227;221m.[0m[48;2;246;231;226m[38;2;246;231;226m.[0m[48;2;97;88;87m[38;2;97;88;87m@[0m[48;2;124;113;119m[38;2;124;113;119m#[0m[48;2;59;51;57m[38;2;59;51;57m▒[0m[48;2;182;179;181m[38;2;182;179;181m=[0m                                 
                                      [48;2;114;112;113m[38;2;114;112;113m#[0m[48;2;17;15;17m[38;2;17;15;17m█[0m[48;2;99;93;96m[38;2;99;93;96m%[0m[48;2;155;146;147m[38;2;155;146;147m+[0m[48;2;77;69;70m[38;2;77;69;70m░[0m[48;2;9;4;6m[38;2;9;4;6m█[0m[48;2;36;31;36m[38;2;36;31;36m▓[0m[48;2;75;68;73m[38;2;75;68;73m░[0m[48;2;40;33;37m[38;2;40;33;37m▓[0m[48;2;69;61;61m[38;2;69;61;61m░[0m[48;2;174;162;159m[38;2;174;162;159m=[0m[48;2;250;237;230m[38;2;250;237;230m [0m[48;2;250;234;228m[38;2;250;234;228m [0m[48;2;250;235;226m[38;2;250;235;226m [0m[48;2;250;235;226m[38;2;250;235;226m [0m[48;2;212;197;190m[38;2;212;197;190m-[0m[48;2;147;131;126m[38;2;147;131;126m*[0m[48;2;249;233;227m[38;2;249;233;227m.[0m[48;2;250;235;227m[38;2;250;235;227m [0m[48;2;249;234;226m[38;2;249;234;226m.[0m[48;2;217;202;194m[38;2;217;202;194m:[0m[48;2;239;223;216m[38;2;239;223;216m.[0m[48;2;244;223;213m[38;2;244;223;213m.[0m[48;2;237;202;189m[38;2;237;202;189m:[0m[48;2;246;223;217m[38;2;246;223;217m.[0m[48;2;76;66;68m[38;2;76;66;68m░[0m[48;2;85;74;80m[38;2;85;74;80m@[0m[48;2;70;62;67m[38;2;70;62;67m░[0m[48;2;230;228;229m[38;2;230;228;229m.[0m                                 
                                     [48;2;226;226;226m[38;2;226;226;226m.[0m[48;2;55;55;55m[38;2;55;55;55m░[0m[48;2;177;176;177m[38;2;177;176;177m=[0m[48;2;70;68;68m[38;2;70;68;68m░[0m[48;2;170;163;161m[38;2;170;163;161m=[0m[48;2;233;225;223m[38;2;233;225;223m.[0m[48;2;41;35;35m[38;2;41;35;35m▒[0m[48;2;48;45;47m[38;2;48;45;47m▒[0m[48;2;50;45;48m[38;2;50;45;48m▒[0m[48;2;197;191;193m[38;2;197;191;193m-[0m[48;2;242;232;230m[38;2;242;232;230m.[0m[48;2;244;231;227m[38;2;244;231;227m.[0m[48;2;250;234;229m[38;2;250;234;229m [0m[48;2;250;235;230m[38;2;250;235;230m [0m[48;2;251;235;228m[38;2;251;235;228m [0m[48;2;250;235;227m[38;2;250;235;227m [0m[48;2;250;235;226m[38;2;250;235;226m [0m[48;2;250;235;226m[38;2;250;235;226m [0m[48;2;250;235;226m[38;2;250;235;226m [0m[48;2;250;235;226m[38;2;250;235;226m [0m[48;2;250;235;226m[38;2;250;235;226m [0m[48;2;250;235;226m[38;2;250;235;226m [0m[48;2;250;235;226m[38;2;250;235;226m [0m[48;2;251;237;230m[38;2;251;237;230m [0m[48;2;249;236;231m[38;2;249;236;231m [0m[48;2;174;161;161m[38;2;174;161;161m=[0m[48;2;54;45;48m[38;2;54;45;48m▒[0m[48;2;46;41;43m[38;2;46;41;43m▒[0m[48;2;168;163;167m[38;2;168;163;167m=[0m                                  
                                     [48;2;175;175;175m[38;2;175;175;175m=[0m[48;2;87;87;87m[38;2;87;87;87m@[0m[48;2;202;202;202m[38;2;202;202;202m:[0m[48;2;134;133;134m[38;2;134;133;134m*[0m[48;2;3;1;4m[38;2;3;1;4m█[0m[48;2;37;34;37m[38;2;37;34;37m▓[0m[48;2;24;22;23m[38;2;24;22;23m▓[0m[48;2;189;187;188m[38;2;189;187;188m-[0m[48;2;41;37;39m[38;2;41;37;39m▒[0m[48;2;59;55;58m[38;2;59;55;58m░[0m[48;2;47;43;46m[38;2;47;43;46m▒[0m[48;2;66;60;62m[38;2;66;60;62m░[0m[48;2;91;85;86m[38;2;91;85;86m@[0m[48;2;115;106;108m[38;2;115;106;108m%[0m[48;2;134;124;124m[38;2;134;124;124m#[0m[48;2;151;141;140m[38;2;151;141;140m*[0m[48;2;167;157;156m[38;2;167;157;156m+[0m[48;2;179;168;167m[38;2;179;168;167m=[0m[48;2;188;177;176m[38;2;188;177;176m=[0m[48;2;191;179;178m[38;2;191;179;178m=[0m[48;2;190;178;176m[38;2;190;178;176m=[0m[48;2;179;167;165m[38;2;179;167;165m=[0m[48;2;160;149;147m[38;2;160;149;147m+[0m[48;2;126;117;117m[38;2;126;117;117m#[0m[48;2;68;59;66m[38;2;68;59;66m░[0m[48;2;17;11;20m[38;2;17;11;20m█[0m[48;2;34;28;35m[38;2;34;28;35m▓[0m[48;2;87;85;89m[38;2;87;85;89m@[0m                                   
                                   [48;2;199;199;200m[38;2;199;199;200m-[0m[48;2;92;89;92m[38;2;92;89;92m@[0m[48;2;66;61;65m[38;2;66;61;65m░[0m[48;2;72;70;73m[38;2;72;70;73m░[0m[48;2;202;201;204m[38;2;202;201;204m:[0m[48;2;127;126;129m[38;2;127;126;129m#[0m[48;2;4;3;6m[38;2;4;3;6m█[0m[48;2;10;8;12m[38;2;10;8;12m█[0m[48;2;6;4;7m[38;2;6;4;7m█[0m[48;2;222;219;222m[38;2;222;219;222m.[0m[48;2;150;148;151m[38;2;150;148;151m+[0m[48;2;5;3;6m[38;2;5;3;6m█[0m[48;2;16;15;19m[38;2;16;15;19m█[0m[48;2;5;4;9m[38;2;5;4;9m█[0m[48;2;8;6;11m[38;2;8;6;11m█[0m[48;2;20;17;26m[38;2;20;17;26m▓[0m[48;2;31;27;38m[38;2;31;27;38m▓[0m[48;2;24;19;28m[38;2;24;19;28m▓[0m[48;2;50;45;51m[38;2;50;45;51m▒[0m[48;2;95;89;95m[38;2;95;89;95m%[0m[48;2;45;40;43m[38;2;45;40;43m▒[0m[48;2;44;39;42m[38;2;44;39;42m▒[0m[48;2;78;73;76m[38;2;78;73;76m@[0m[48;2;14;10;13m[38;2;14;10;13m█[0m[48;2;8;5;8m[38;2;8;5;8m█[0m[48;2;7;5;10m[38;2;7;5;10m█[0m[48;2;35;31;45m[38;2;35;31;45m▓[0m[48;2;21;17;31m[38;2;21;17;31m▓[0m[48;2;13;9;16m[38;2;13;9;16m█[0m[48;2;166;163;168m[38;2;166;163;168m+[0m                                   
                                  [48;2;126;123;126m[38;2;126;123;126m#[0m[48;2;76;70;76m[38;2;76;70;76m░[0m[48;2;147;133;144m[38;2;147;133;144m*[0m[48;2;154;137;149m[38;2;154;137;149m*[0m[48;2;49;43;49m[38;2;49;43;49m▒[0m[48;2;171;169;173m[38;2;171;169;173m=[0m[48;2;189;186;190m[38;2;189;186;190m-[0m[48;2;24;22;26m[38;2;24;22;26m▓[0m[48;2;7;6;9m[38;2;7;6;9m█[0m[48;2;86;85;89m[38;2;86;85;89m@[0m [48;2;88;85;91m[38;2;88;85;91m@[0m[48;2;18;16;22m[38;2;18;16;22m█[0m[48;2;14;12;21m[38;2;14;12;21m█[0m[48;2;31;27;43m[38;2;31;27;43m▓[0m[48;2;27;24;36m[38;2;27;24;36m▓[0m[48;2;24;21;31m[38;2;24;21;31m▓[0m[48;2;15;12;21m[38;2;15;12;21m█[0m[48;2;37;33;41m[38;2;37;33;41m▓[0m[48;2;10;7;13m[38;2;10;7;13m█[0m[48;2;8;6;10m[38;2;8;6;10m█[0m[48;2;105;102;107m[38;2;105;102;107m%[0m[48;2;117;113;117m[38;2;117;113;117m#[0m[48;2;53;48;52m[38;2;53;48;52m▒[0m[48;2;20;14;18m[38;2;20;14;18m█[0m[48;2;94;89;83m[38;2;94;89;83m@[0m[48;2;10;6;13m[38;2;10;6;13m█[0m[48;2;28;23;36m[38;2;28;23;36m▓[0m[48;2;76;72;82m[38;2;76;72;82m@[0m[48;2;225;222;227m[38;2;225;222;227m.[0m                                    
                                 [48;2;136;136;136m[38;2;136;136;136m*[0m[48;2;88;80;86m[38;2;88;80;86m@[0m[48;2;159;141;154m[38;2;159;141;154m+[0m[48;2;158;140;151m[38;2;158;140;151m+[0m[48;2;127;112;122m[38;2;127;112;122m#[0m[48;2;68;61;69m[38;2;68;61;69m░[0m[48;2;69;66;71m[38;2;69;66;71m░[0m[48;2;107;104;109m[38;2;107;104;109m%[0m[48;2;62;61;64m[38;2;62;61;64m░[0m[48;2;31;30;33m[38;2;31;30;33m▓[0m[48;2;122;121;126m[38;2;122;121;126m#[0m[48;2;50;49;53m[38;2;50;49;53m▒[0m[48;2;18;16;25m[38;2;18;16;25m█[0m[48;2;19;16;28m[38;2;19;16;28m█[0m[48;2;16;13;25m[38;2;16;13;25m█[0m[48;2;37;31;51m[38;2;37;31;51m▓[0m[48;2;37;31;52m[38;2;37;31;52m▓[0m[48;2;37;31;51m[38;2;37;31;51m▓[0m[48;2;30;25;43m[38;2;30;25;43m▓[0m[48;2;11;8;16m[38;2;11;8;16m█[0m[48;2;128;119;102m[38;2;128;119;102m#[0m[48;2;91;81;67m[38;2;91;81;67m@[0m[48;2;16;8;7m[38;2;16;8;7m█[0m[48;2;14;7;7m[38;2;14;7;7m█[0m[48;2;103;95;81m[38;2;103;95;81m%[0m[48;2;46;39;33m[38;2;46;39;33m▒[0m[48;2;116;111;97m[38;2;116;111;97m#[0m[48;2;9;4;10m[38;2;9;4;10m█[0m[48;2;76;72;80m[38;2;76;72;80m@[0m[48;2;239;236;241m[38;2;239;236;241m.[0m                                     
                                 [48;2;52;48;50m[38;2;52;48;50m▒[0m[48;2;149;136;146m[38;2;149;136;146m*[0m[48;2;160;141;155m[38;2;160;141;155m+[0m[48;2;112;97;108m[38;2;112;97;108m%[0m[48;2;95;88;96m[38;2;95;88;96m@[0m[48;2;185;181;187m[38;2;185;181;187m-[0m[48;2;85;83;88m[38;2;85;83;88m@[0m[48;2;74;68;75m[38;2;74;68;75m░[0m[48;2;114;106;113m[38;2;114;106;113m%[0m[48;2;94;86;92m[38;2;94;86;92m@[0m[48;2;71;65;70m[38;2;71;65;70m░[0m[48;2;10;8;12m[38;2;10;8;12m█[0m[48;2;25;22;36m[38;2;25;22;36m▓[0m[48;2;31;26;44m[38;2;31;26;44m▓[0m[48;2;37;31;51m[38;2;37;31;51m▓[0m[48;2;37;31;52m[38;2;37;31;52m▓[0m[48;2;37;31;52m[38;2;37;31;52m▓[0m[48;2;37;31;52m[38;2;37;31;52m▓[0m[48;2;36;31;51m[38;2;36;31;51m▓[0m[48;2;16;13;27m[38;2;16;13;27m█[0m[48;2;107;97;84m[38;2;107;97;84m%[0m[48;2;218;203;161m[38;2;218;203;161m:[0m[48;2;217;199;150m[38;2;217;199;150m-[0m[48;2;210;189;144m[38;2;210;189;144m-[0m[48;2;215;195;152m[38;2;215;195;152m-[0m[48;2;71;60;49m[38;2;71;60;49m░[0m[48;2;14;8;14m[38;2;14;8;14m█[0m[48;2;21;17;26m[38;2;21;17;26m▓[0m[48;2;99;96;103m[38;2;99;96;103m%[0m                                      
                                 [48;2;104;99;102m[38;2;104;99;102m%[0m[48;2;113;100;110m[38;2;113;100;110m%[0m[48;2;159;141;155m[38;2;159;141;155m+[0m[48;2;69;57;67m[38;2;69;57;67m░[0m[48;2;68;62;68m[38;2;68;62;68m░[0m[48;2;38;33;39m[38;2;38;33;39m▓[0m[48;2;132;123;131m[38;2;132;123;131m#[0m[48;2;154;141;150m[38;2;154;141;150m*[0m[48;2;156;139;149m[38;2;156;139;149m*[0m[48;2;126;112;121m[38;2;126;112;121m#[0m[48;2;72;64;72m[38;2;72;64;72m░[0m[48;2;17;13;22m[38;2;17;13;22m█[0m[48;2;37;31;49m[38;2;37;31;49m▓[0m[48;2;37;31;52m[38;2;37;31;52m▓[0m[48;2;37;31;52m[38;2;37;31;52m▓[0m[48;2;37;31;52m[38;2;37;31;52m▓[0m[48;2;31;25;44m[38;2;31;25;44m▓[0m[48;2;24;19;34m[38;2;24;19;34m▓[0m[48;2;10;7;15m[38;2;10;7;15m█[0m[48;2;19;17;23m[38;2;19;17;23m█[0m[48;2;51;48;51m[38;2;51;48;51m▒[0m[48;2;49;45;45m[38;2;49;45;45m▒[0m[48;2;79;71;62m[38;2;79;71;62m░[0m[48;2;103;96;82m[38;2;103;96;82m%[0m[48;2;25;17;21m[38;2;25;17;21m▓[0m[48;2;13;6;12m[38;2;13;6;12m█[0m[48;2;4;1;6m[38;2;4;1;6m█[0m[48;2;39;37;41m[38;2;39;37;41m▒[0m[48;2;41;38;43m[38;2;41;38;43m▒[0m[48;2;68;66;69m[38;2;68;66;69m░[0m[48;2;80;79;80m[38;2;80;79;80m@[0m[48;2;191;190;191m[38;2;191;190;191m-[0m                                   
                                  [48;2;118;117;118m[38;2;118;117;118m#[0m[48;2;71;66;70m[38;2;71;66;70m░[0m[48;2;117;106;114m[38;2;117;106;114m#[0m[48;2;101;91;99m[38;2;101;91;99m%[0m[48;2;85;76;84m[38;2;85;76;84m@[0m[48;2;76;66;75m[38;2;76;66;75m░[0m[48;2;85;74;82m[38;2;85;74;82m@[0m[48;2;36;28;35m[38;2;36;28;35m▓[0m[48;2;20;14;21m[38;2;20;14;21m█[0m[48;2;67;61;68m[38;2;67;61;68m░[0m[48;2;9;6;13m[38;2;9;6;13m█[0m[48;2;30;26;39m[38;2;30;26;39m▓[0m[48;2;37;32;49m[38;2;37;32;49m▓[0m[48;2;37;31;50m[38;2;37;31;50m▓[0m[48;2;23;19;33m[38;2;23;19;33m▓[0m[48;2;5;2;9m[38;2;5;2;9m█[0m[48;2;30;28;33m[38;2;30;28;33m▓[0m[48;2;65;62;66m[38;2;65;62;66m░[0m[48;2;20;17;21m[38;2;20;17;21m▓[0m[48;2;20;18;21m[38;2;20;18;21m▓[0m[48;2;82;80;81m[38;2;82;80;81m@[0m[48;2;58;55;57m[38;2;58;55;57m░[0m[48;2;71;69;70m[38;2;71;69;70m░[0m[48;2;74;71;74m[38;2;74;71;74m░[0m[48;2;55;53;56m[38;2;55;53;56m▒[0m[48;2;12;7;27m[38;2;12;7;27m█[0m[48;2;4;1;7m[38;2;4;1;7m█[0m[48;2;20;17;28m[38;2;20;17;28m▓[0m[48;2;21;17;31m[38;2;21;17;31m▓[0m[48;2;19;14;28m[38;2;19;14;28m█[0m[48;2;55;51;61m[38;2;55;51;61m▒[0m[48;2;206;204;207m[38;2;206;204;207m:[0m                                  
                                   [48;2;136;135;135m[38;2;136;135;135m*[0m[48;2;41;36;40m[38;2;41;36;40m▒[0m[48;2;82;73;81m[38;2;82;73;81m@[0m[48;2;79;67;76m[38;2;79;67;76m░[0m[48;2;80;68;77m[38;2;80;68;77m░[0m[48;2;82;70;79m[38;2;82;70;79m@[0m[48;2;87;76;85m[38;2;87;76;85m@[0m[48;2;81;72;80m[38;2;81;72;80m@[0m[48;2;75;66;74m[38;2;75;66;74m░[0m[48;2;71;60;69m[38;2;71;60;69m░[0m[48;2;68;58;66m[38;2;68;58;66m░[0m[48;2;68;57;67m[38;2;68;57;67m░[0m[48;2;67;58;68m[38;2;67;58;68m░[0m[48;2;63;56;64m[38;2;63;56;64m░[0m[48;2;56;52;57m[38;2;56;52;57m▒[0m[48;2;25;22;27m[38;2;25;22;27m▓[0m[48;2;6;3;9m[38;2;6;3;9m█[0m[48;2;26;22;32m[38;2;26;22;32m▓[0m[48;2;21;17;28m[38;2;21;17;28m▓[0m[48;2;145;141;150m[38;2;145;141;150m*[0m[48;2;223;218;223m[38;2;223;218;223m.[0m[48;2;150;147;151m[38;2;150;147;151m+[0m[48;2;23;19;33m[38;2;23;19;33m▓[0m[48;2;37;29;69m[38;2;37;29;69m▓[0m[48;2;24;18;42m[38;2;24;18;42m▓[0m[48;2;11;7;20m[38;2;11;7;20m█[0m[48;2;16;12;23m[38;2;16;12;23m█[0m[48;2;36;30;50m[38;2;36;30;50m▓[0m[48;2;37;31;52m[38;2;37;31;52m▓[0m[48;2;35;29;49m[38;2;35;29;49m▓[0m[48;2;23;19;33m[38;2;23;19;33m▓[0m[48;2;82;80;86m[38;2;82;80;86m@[0m[48;2;206;206;208m[38;2;206;206;208m:[0m                                
                                    [48;2;176;175;176m[38;2;176;175;176m=[0m[48;2;107;103;107m[38;2;107;103;107m%[0m[48;2;89;83;88m[38;2;89;83;88m@[0m[48;2;85;77;83m[38;2;85;77;83m@[0m[48;2;92;83;90m[38;2;92;83;90m@[0m[48;2;92;82;90m[38;2;92;82;90m@[0m[48;2;96;85;94m[38;2;96;85;94m@[0m[48;2;99;89;97m[38;2;99;89;97m%[0m[48;2;97;86;95m[38;2;97;86;95m@[0m[48;2;91;80;91m[38;2;91;80;91m@[0m[48;2;81;70;81m[38;2;81;70;81m@[0m[48;2;60;50;62m[38;2;60;50;62m▒[0m[48;2;44;37;49m[38;2;44;37;49m▒[0m[48;2;24;19;32m[38;2;24;19;32m▓[0m[48;2;27;23;37m[38;2;27;23;37m▓[0m[48;2;36;31;48m[38;2;36;31;48m▓[0m[48;2;37;31;51m[38;2;37;31;51m▓[0m[48;2;37;30;50m[38;2;37;30;50m▓[0m[48;2;22;16;30m[38;2;22;16;30m▓[0m[48;2;181;175;182m[38;2;181;175;182m=[0m [48;2;222;221;223m[38;2;222;221;223m.[0m[48;2;143;141;144m[38;2;143;141;144m*[0m[48;2;41;37;50m[38;2;41;37;50m▒[0m[48;2;44;40;56m[38;2;44;40;56m▒[0m[48;2;7;6;10m[38;2;7;6;10m█[0m[48;2;18;14;28m[38;2;18;14;28m█[0m[48;2;36;31;51m[38;2;36;31;51m▓[0m[48;2;37;31;52m[38;2;37;31;52m▓[0m[48;2;37;31;52m[38;2;37;31;52m▓[0m[48;2;35;29;48m[38;2;35;29;48m▓[0m[48;2;22;18;32m[38;2;22;18;32m▓[0m[48;2;108;106;113m[38;2;108;106;113m%[0m[48;2;239;238;241m[38;2;239;238;241m [0m                              
                                         [48;2;230;230;231m[38;2;230;230;231m.[0m[48;2;219;218;219m[38;2;219;218;219m:[0m[48;2;216;216;217m[38;2;216;216;217m:[0m[48;2;27;25;28m[38;2;27;25;28m▓[0m[48;2;33;28;41m[38;2;33;28;41m▓[0m[48;2;35;29;48m[38;2;35;29;48m▓[0m[48;2;36;31;49m[38;2;36;31;49m▓[0m[48;2;37;31;51m[38;2;37;31;51m▓[0m[48;2;37;31;52m[38;2;37;31;52m▓[0m[48;2;37;31;52m[38;2;37;31;52m▓[0m[48;2;37;31;52m[38;2;37;31;52m▓[0m[48;2;37;31;52m[38;2;37;31;52m▓[0m[48;2;37;31;52m[38;2;37;31;52m▓[0m[48;2;35;30;49m[38;2;35;30;49m▓[0m[48;2;25;21;33m[38;2;25;21;33m▓[0m[48;2;183;181;184m[38;2;183;181;184m=[0m  [48;2;228;227;229m[38;2;228;227;229m.[0m[48;2;228;226;228m[38;2;228;226;228m.[0m[48;2;82;80;83m[38;2;82;80;83m@[0m[48;2;25;14;77m[38;2;25;14;77m▓[0m[48;2;17;12;34m[38;2;17;12;34m█[0m[48;2;36;30;50m[38;2;36;30;50m▓[0m[48;2;37;31;52m[38;2;37;31;52m▓[0m[48;2;37;31;52m[38;2;37;31;52m▓[0m[48;2;37;31;52m[38;2;37;31;52m▓[0m[48;2;30;25;43m[38;2;30;25;43m▓[0m[48;2;49;47;55m[38;2;49;47;55m▒[0m[48;2;223;223;224m[38;2;223;223;224m.[0m                             