                                                                                                    
                                                                                                    
                                                                                                    
                                                                                                    
                                                                                                    
                                                                                                    
                                                                                                    
                                                                                                    
                                                                                                    
                                                                                                    
                                                                                                    
                                               [48;2;238;238;238m[38;2;238;238;238m [0m[48;2;216;216;217m[38;2;216;216;217m:[0m[48;2;204;204;204m[38;2;204;204;204m:[0m[48;2;201;201;201m[38;2;201;201;201m-[0m[48;2;206;205;206m[38;2;206;205;206m:[0m[48;2;225;225;225m[38;2;225;225;225m.[0m                                               
                                           [48;2;190;190;191m[38;2;190;190;191m-[0m[48;2;121;121;123m[38;2;121;121;123m#[0m[48;2;72;71;76m[38;2;72;71;76m░[0m[48;2;38;37;44m[38;2;38;37;44m▒[0m[48;2;27;25;34m[38;2;27;25;34m▓[0m[48;2;29;27;37m[38;2;29;27;37m▓[0m[48;2;31;29;40m[38;2;31;29;40m▓[0m[48;2;30;28;40m[38;2;30;28;40m▓[0m[48;2;29;28;40m[38;2;29;28;40m▓[0m[48;2;26;24;36m[38;2;26;24;36m▓[0m[48;2;30;29;40m[38;2;30;29;40m▓[0m[48;2;73;71;81m[38;2;73;71;81m░[0m[48;2;139;137;143m[38;2;139;137;143m*[0m[48;2;230;230;232m[38;2;230;230;232m.[0m                                           
                                        [48;2;234;234;234m[38;2;234;234;234m.[0m[48;2;123;122;125m[38;2;123;122;125m#[0m[48;2;39;37;44m[38;2;39;37;44m▒[0m[48;2;30;27;38m[38;2;30;27;38m▓[0m[48;2;44;41;55m[38;2;44;41;55m▒[0m[48;2;48;45;62m[38;2;48;45;62m▒[0m[48;2;44;42;59m[38;2;44;42;59m▒[0m[48;2;56;54;71m[38;2;56;54;71m░[0m[48;2;48;48;64m[38;2;48;48;64m▒[0m[48;2;42;42;58m[38;2;42;42;58m▒[0m[48;2;41;43;59m[38;2;41;43;59m▒[0m[48;2;41;43;59m[38;2;41;43;59m▒[0m[48;2;41;43;59m[38;2;41;43;59m▒[0m[48;2;41;43;59m[38;2;41;43;59m▒[0m[48;2;42;42;60m[38;2;42;42;60m▒[0m[48;2;36;35;51m[38;2;36;35;51m▒[0m[48;2;27;25;37m[38;2;27;25;37m▓[0m[48;2;124;123;128m[38;2;124;123;128m#[0m                                          
                                       [48;2;174;174;175m[38;2;174;174;175m=[0m[48;2;32;31;36m[38;2;32;31;36m▓[0m[48;2;30;28;37m[38;2;30;28;37m▓[0m[48;2;30;26;38m[38;2;30;26;38m▓[0m[48;2;35;31;42m[38;2;35;31;42m▓[0m[48;2;53;48;57m[38;2;53;48;57m▒[0m[48;2;59;51;61m[38;2;59;51;61m▒[0m[48;2;72;64;72m[38;2;72;64;72m░[0m[48;2;79;69;77m[38;2;79;69;77m░[0m[48;2;74;64;73m[38;2;74;64;73m░[0m[48;2;58;49;58m[38;2;58;49;58m▒[0m[48;2;37;30;40m[38;2;37;30;40m▓[0m[48;2;28;23;36m[38;2;28;23;36m▓[0m[48;2;37;36;50m[38;2;37;36;50m▒[0m[48;2;41;43;58m[38;2;41;43;58m▒[0m[48;2;40;44;59m[38;2;40;44;59m▒[0m[48;2;41;43;59m[38;2;41;43;59m▒[0m[48;2;43;43;59m[38;2;43;43;59m▒[0m[48;2;33;31;43m[38;2;33;31;43m▓[0m[48;2;57;54;61m[38;2;57;54;61m░[0m[48;2;215;214;216m[38;2;215;214;216m:[0m                                        
                                      [48;2;196;196;196m[38;2;196;196;196m-[0m[48;2;12;10;13m[38;2;12;10;13m█[0m[48;2;46;41;48m[38;2;46;41;48m▒[0m[48;2;59;52;59m[38;2;59;52;59m░[0m[48;2;55;46;56m[38;2;55;46;56m▒[0m[48;2;80;69;79m[38;2;80;69;79m@[0m[48;2;150;134;146m[38;2;150;134;146m*[0m[48;2;113;98;111m[38;2;113;98;111m%[0m[48;2;80;66;76m[38;2;80;66;76m░[0m[48;2;83;69;78m[38;2;83;69;78m@[0m[48;2;146;129;140m[38;2;146;129;140m*[0m[48;2;160;142;153m[38;2;160;142;153m+[0m[48;2;160;141;154m[38;2;160;141;154m+[0m[48;2;140;121;134m[38;2;140;121;134m*[0m[48;2;92;78;89m[38;2;92;78;89m@[0m[48;2;44;33;45m[38;2;44;33;45m▒[0m[48;2;51;44;56m[38;2;51;44;56m▒[0m[48;2;51;48;59m[38;2;51;48;59m▒[0m[48;2;35;33;46m[38;2;35;33;46m▓[0m[48;2;28;26;37m[38;2;28;26;37m▓[0m[48;2;23;19;30m[38;2;23;19;30m▓[0m[48;2;23;20;26m[38;2;23;20;26m▓[0m[48;2;192;190;193m[38;2;192;190;193m-[0m                                       
                                     [48;2;196;196;197m[38;2;196;196;197m-[0m[48;2;60;56;60m[38;2;60;56;60m░[0m[48;2;128;115;124m[38;2;128;115;124m#[0m[48;2;159;140;154m[38;2;159;140;154m+[0m[48;2;129;113;125m[38;2;129;113;125m#[0m[48;2;153;135;149m[38;2;153;135;149m*[0m[48;2;160;140;154m[38;2;160;140;154m+[0m[48;2;161;140;155m[38;2;161;140;155m+[0m[48;2;161;140;155m[38;2;161;140;155m+[0m[48;2;161;140;155m[38;2;161;140;155m+[0m[48;2;120;101;115m[38;2;120;101;115m%[0m[48;2;89;74;86m[38;2;89;74;86m@[0m[48;2;156;138;152m[38;2;156;138;152m*[0m[48;2;161;140;155m[38;2;161;140;155m+[0m[48;2;161;140;155m[38;2;161;140;155m+[0m[48;2;161;140;155m[38;2;161;140;155m+[0m[48;2;159;139;154m[38;2;159;139;154m+[0m[48;2;102;86;99m[38;2;102;86;99m%[0m[48;2;24;15;27m[38;2;24;15;27m▓[0m[48;2;76;58;116m[38;2;76;58;116m░[0m[48;2;28;14;49m[38;2;28;14;49m▓[0m[48;2;81;62;125m[38;2;81;62;125m@[0m[48;2;7;2;8m[38;2;7;2;8m█[0m[48;2;22;18;23m[38;2;22;18;23m▓[0m[48;2;215;214;215m[38;2;215;214;215m:[0m                                      
                                    [48;2;192;192;192m[38;2;192;192;192m-[0m[48;2;57;51;57m[38;2;57;51;57m▒[0m[48;2;152;135;146m[38;2;152;135;146m*[0m[48;2;161;142;154m[38;2;161;142;154m+[0m[48;2;161;140;155m[38;2;161;140;155m+[0m[48;2;161;140;155m[38;2;161;140;155m+[0m[48;2;161;140;155m[38;2;161;140;155m+[0m[48;2;162;141;156m[38;2;162;141;156m+[0m[48;2;156;136;150m[38;2;156;136;150m*[0m[48;2;103;84;98m[38;2;103;84;98m@[0m[48;2;159;139;154m[38;2;159;139;154m+[0m[48;2;46;31;43m[38;2;46;31;43m▒[0m[48;2;120;103;116m[38;2;120;103;116m%[0m[48;2;66;51;63m[38;2;66;51;63m░[0m[48;2;157;138;152m[38;2;157;138;152m*[0m[48;2;161;140;155m[38;2;161;140;155m+[0m[48;2;161;140;155m[38;2;161;140;155m+[0m[48;2;161;140;155m[38;2;161;140;155m+[0m[48;2;161;140;155m[38;2;161;140;155m+[0m[48;2;133;117;130m[38;2;133;117;130m#[0m[48;2;44;30;50m[38;2;44;30;50m▓[0m[48;2;92;69;134m[38;2;92;69;134m@[0m[48;2;68;45;104m[38;2;68;45;104m░[0m[48;2;48;33;72m[38;2;48;33;72m▒[0m[48;2;15;8;16m[38;2;15;8;16m█[0m[48;2;67;63;67m[38;2;67;63;67m░[0m                                      
                                    [48;2;52;50;53m[38;2;52;50;53m▒[0m[48;2;104;95;104m[38;2;104;95;104m%[0m[48;2;88;76;86m[38;2;88;76;86m@[0m[48;2;80;65;77m[38;2;80;65;77m░[0m[48;2;161;140;155m[38;2;161;140;155m+[0m[48;2;161;140;155m[38;2;161;140;155m+[0m[48;2;161;140;155m[38;2;161;140;155m+[0m[48;2;161;140;155m[38;2;161;140;155m+[0m[48;2;149;130;144m[38;2;149;130;144m*[0m[48;2;39;24;36m[38;2;39;24;36m▓[0m[48;2;152;136;149m[38;2;152;136;149m*[0m[48;2;88;74;85m[38;2;88;74;85m@[0m[48;2;63;49;61m[38;2;63;49;61m▒[0m[48;2;84;70;82m[38;2;84;70;82m@[0m[48;2;73;58;70m[38;2;73;58;70m░[0m[48;2;154;135;149m[38;2;154;135;149m*[0m[48;2;161;140;155m[38;2;161;140;155m+[0m[48;2;161;140;155m[38;2;161;140;155m+[0m[48;2;161;140;155m[38;2;161;140;155m+[0m[48;2;161;140;155m[38;2;161;140;155m+[0m[48;2;138;119;133m[38;2;138;119;133m#[0m[48;2;47;33;53m[38;2;47;33;53m▒[0m[48;2;22;13;30m[38;2;22;13;30m█[0m[48;2;15;11;19m[38;2;15;11;19m█[0m[48;2;34;30;41m[38;2;34;30;41m▓[0m[48;2;21;18;27m[38;2;21;18;27m▓[0m[48;2;178;177;178m[38;2;178;177;178m=[0m                                     
                                   [48;2;165;165;165m[38;2;165;165;165m=[0m[48;2;81;72;79m[38;2;81;72;79m@[0m[48;2;44;34;42m[38;2;44;34;42m▒[0m[48;2;25;18;25m[38;2;25;18;25m▓[0m[48;2;94;85;93m[38;2;94;85;93m@[0m[48;2;89;75;85m[38;2;89;75;85m@[0m[48;2;131;114;127m[38;2;131;114;127m#[0m[48;2;146;128;142m[38;2;146;128;142m*[0m[48;2;160;141;155m[38;2;160;141;155m+[0m[48;2;159;140;154m[38;2;159;140;154m+[0m[48;2;40;28;38m[38;2;40;28;38m▓[0m[48;2;65;53;64m[38;2;65;53;64m░[0m[48;2;145;131;144m[38;2;145;131;144m*[0m[48;2;43;32;43m[38;2;43;32;43m▓[0m[48;2;49;39;48m[38;2;49;39;48m▒[0m[48;2;51;43;51m[38;2;51;43;51m▒[0m[48;2;33;23;32m[38;2;33;23;32m▓[0m[48;2;96;81;92m[38;2;96;81;92m@[0m[48;2;148;131;143m[38;2;148;131;143m*[0m[48;2;160;140;154m[38;2;160;140;154m+[0m[48;2;160;140;155m[38;2;160;140;155m+[0m[48;2;161;140;155m[38;2;161;140;155m+[0m[48;2;150;131;145m[38;2;150;131;145m*[0m[48;2;76;64;74m[38;2;76;64;74m░[0m[48;2;37;33;41m[38;2;37;33;41m▓[0m[48;2;37;34;48m[38;2;37;34;48m▓[0m[48;2;37;34;44m[38;2;37;34;44m▓[0m[48;2;92;90;93m[38;2;92;90;93m@[0m                                     
                                   [48;2;114;113;114m[38;2;114;113;114m#[0m[48;2;113;102;110m[38;2;113;102;110m%[0m[48;2;14;8;14m[38;2;14;8;14m█[0m[48;2;80;74;80m[38;2;80;74;80m@[0m[48;2;95;88;95m[38;2;95;88;95m@[0m[48;2;28;20;28m[38;2;28;20;28m▓[0m[48;2;30;22;29m[38;2;30;22;29m▓[0m[48;2;50;40;49m[38;2;50;40;49m▒[0m[48;2;116;102;114m[38;2;116;102;114m%[0m[48;2;112;97;108m[38;2;112;97;108m%[0m[48;2;66;53;64m[38;2;66;53;64m░[0m[48;2;27;16;26m[38;2;27;16;26m▓[0m[48;2;38;28;40m[38;2;38;28;40m▓[0m[48;2;59;47;75m[38;2;59;47;75m▒[0m[48;2;25;14;40m[38;2;25;14;40m▓[0m[48;2;80;72;77m[38;2;80;72;77m@[0m[48;2;35;27;32m[38;2;35;27;32m▓[0m[48;2;80;71;74m[38;2;80;71;74m@[0m[48;2;34;26;30m[38;2;34;26;30m▓[0m[48;2;19;13;18m[38;2;19;13;18m█[0m[48;2;32;25;32m[38;2;32;25;32m▓[0m[48;2;55;46;53m[38;2;55;46;53m▒[0m[48;2;52;42;49m[38;2;52;42;49m▒[0m[48;2;77;67;75m[38;2;77;67;75m░[0m[48;2;70;62;72m[38;2;70;62;72m░[0m[48;2;29;21;33m[38;2;29;21;33m▓[0m[48;2;28;21;33m[38;2;28;21;33m▓[0m[48;2;70;67;72m[38;2;70;67;72m░[0m                                     
                                   [48;2;117;116;116m[38;2;117;116;116m#[0m[48;2;98;89;96m[38;2;98;89;96m%[0m[48;2;8;3;8m[38;2;8;3;8m█[0m[48;2;101;94;99m[38;2;101;94;99m%[0m[48;2;39;32;38m[38;2;39;32;38m▓[0m[48;2;42;22;80m[38;2;42;22;80m▓[0m[48;2;50;21;101m[38;2;50;21;101m▒[0m[48;2;27;10;56m[38;2;27;10;56m▓[0m[48;2;133;123;129m[38;2;133;123;129m#[0m[48;2;195;183;183m[38;2;195;183;183m-[0m[48;2;215;203;202m[38;2;215;203;202m:[0m[48;2;133;122;124m[38;2;133;122;124m#[0m[48;2;49;31;77m[38;2;49;31;77m▒[0m[48;2;95;60;162m[38;2;95;60;162m@[0m[48;2;56;25;106m[38;2;56;25;106m▒[0m[48;2;146;135;137m[38;2;146;135;137m*[0m[48;2;173;162;158m[38;2;173;162;158m=[0m[48;2;245;233;228m[38;2;245;233;228m.[0m[48;2;178;168;167m[38;2;178;168;167m=[0m[48;2;63;56;60m[38;2;63;56;60m░[0m[48;2;148;139;147m[38;2;148;139;147m*[0m[48;2;154;140;151m[38;2;154;140;151m*[0m[48;2;87;74;84m[38;2;87;74;84m@[0m[48;2;73;61;70m[38;2;73;61;70m░[0m[48;2;142;130;140m[38;2;142;130;140m*[0m[48;2;153;139;150m[38;2;153;139;150m*[0m[48;2;124;109;121m[38;2;124;109;121m#[0m[48;2;84;73;82m[38;2;84;73;82m@[0m[48;2;76;68;75m[38;2;76;68;75m░[0m[48;2;105;102;104m[38;2;105;102;104m%[0m[48;2;157;155;157m[38;2;157;155;157m+[0m[48;2;233;233;233m[38;2;233;233;233m.[0m                                 
                                   [48;2;178;178;178m[38;2;178;178;178m=[0m[48;2;66;58;63m[38;2;66;58;63m░[0m[48;2;20;12;18m[38;2;20;12;18m█[0m[48;2;159;151;154m[38;2;159;151;154m+[0m[48;2;136;127;129m[38;2;136;127;129m*[0m[48;2;103;83;118m[38;2;103;83;118m%[0m[48;2;178;132;197m[38;2;178;132;197m+[0m[48;2;92;62;110m[38;2;92;62;110m@[0m[48;2;160;149;150m[38;2;160;149;150m+[0m[48;2;250;235;231m[38;2;250;235;231m [0m[48;2;250;234;228m[38;2;250;234;228m [0m[48;2;234;220;214m[38;2;234;220;214m.[0m[48;2;60;47;57m[38;2;60;47;57m▒[0m[48;2;191;153;198m[38;2;191;153;198m=[0m[48;2;90;62;94m[38;2;90;62;94m@[0m[48;2;184;173;172m[38;2;184;173;172m=[0m[48;2;247;228;221m[38;2;247;228;221m.[0m[48;2;244;217;208m[38;2;244;217;208m.[0m[48;2;249;233;227m[38;2;249;233;227m.[0m[48;2;159;147;145m[38;2;159;147;145m+[0m[48;2;71;60;65m[38;2;71;60;65m░[0m[48;2;149;135;145m[38;2;149;135;145m*[0m[48;2;146;129;141m[38;2;146;129;141m*[0m[48;2;137;121;132m[38;2;137;121;132m#[0m[48;2;81;68;78m[38;2;81;68;78m░[0m[48;2;73;60;70m[38;2;73;60;70m░[0m[48;2;96;83;93m[38;2;96;83;93m@[0m[48;2;127;113;123m[38;2;127;113;123m#[0m[48;2;149;132;144m[38;2;149;132;144m*[0m[48;2;158;140;152m[38;2;158;140;152m+[0m[48;2;129;113;124m[38;2;129;113;124m#[0m[48;2;77;68;76m[38;2;77;68;76m░[0m[48;2;116;112;115m[38;2;116;112;115m#[0m[48;2;235;234;235m[38;2;235;234;235m.[0m                               
                                    [48;2;69;66;68m[38;2;69;66;68m░[0m[48;2;43;35;40m[38;2;43;35;40m▒[0m[48;2;177;167;168m[38;2;177;167;168m=[0m[48;2;232;218;216m[38;2;232;218;216m.[0m[48;2;92;78;81m[38;2;92;78;81m@[0m[48;2;121;91;118m[38;2;121;91;118m%[0m[48;2;71;53;69m[38;2;71;53;69m░[0m[48;2;228;216;212m[38;2;228;216;212m:[0m[48;2;202;187;183m[38;2;202;187;183m-[0m[48;2;172;156;151m[38;2;172;156;151m+[0m[48;2;250;234;228m[38;2;250;234;228m [0m[48;2;224;208;205m[38;2;224;208;205m:[0m[48;2;134;121;120m[38;2;134;121;120m#[0m[48;2;164;152;151m[38;2;164;152;151m+[0m[48;2;250;236;230m[38;2;250;236;230m [0m[48;2;238;212;199m[38;2;238;212;199m:[0m[48;2;242;212;203m[38;2;242;212;203m.[0m[48;2;251;234;228m[38;2;251;234;228m [0m[48;2;247;233;227m[38;2;247;233;227m.[0m[48;2;84;74;75m[38;2;84;74;75m@[0m[48;2;56;46;53m[38;2;56;46;53m▒[0m[48;2;49;37;46m[38;2;49;37;46m▒[0m[48;2;59;48;57m[38;2;59;48;57m▒[0m[48;2;109;98;107m[38;2;109;98;107m%[0m[48;2;138;127;136m[38;2;138;127;136m*[0m[48;2;125;114;123m[38;2;125;114;123m#[0m[48;2;88;80;87m[38;2;88;80;87m@[0m[48;2;48;41;48m[38;2;48;41;48m▒[0m[48;2;22;15;22m[38;2;22;15;22m█[0m[48;2;46;38;45m[38;2;46;38;45m▒[0m[48;2;117;104;115m[38;2;117;104;115m%[0m[48;2;132;117;128m[38;2;132;117;128m#[0m[48;2;63;56;62m[38;2;63;56;62m░[0m[48;2;190;189;191m[38;2;190;189;191m-[0m                              
                                    [48;2;199;199;199m[38;2;199;199;199m-[0m[48;2;12;9;12m[38;2;12;9;12m█[0m[48;2;15;10;12m[38;2;15;10;12m█[0m[48;2;179;167;165m[38;2;179;167;165m=[0m[48;2;247;231;226m[38;2;247;231;226m.[0m[48;2;227;212;208m[38;2;227;212;208m:[0m[48;2;244;229;224m[38;2;244;229;224m.[0m[48;2;250;234;228m[38;2;250;234;228m [0m[48;2;212;196;190m[38;2;212;196;190m-[0m[48;2;221;207;200m[38;2;221;207;200m:[0m[48;2;251;235;229m[38;2;251;235;229m [0m[48;2;250;234;228m[38;2;250;234;228m [0m[48;2;250;234;228m[38;2;250;234;228m [0m[48;2;250;234;228m[38;2;250;234;228m [0m[48;2;250;235;226m[38;2;250;235;226m [0m[48;2;250;235;226m[38;2;250;235;226m [0m[48;2;250;234;227m[38;2;250;234;227m [0m[48;2;241;226;222m[38;2;241;226;222m.[0m[48;2;116;105;106m[38;2;116;105;106m%[0m[48;2;34;27;31m[38;2;34;27;31m▓[0m[48;2;61;53;60m[38;2;61;53;60m░[0m[48;2;66;59;65m[38;2;66;59;65m░[0m[48;2;158;151;155m[38;2;158;151;155m+[0m[48;2;43;36;40m[38;2;43;36;40m▒[0m[48;2;65;57;64m[38;2;65;57;64m░[0m[48;2;84;74;83m[38;2;84;74;83m@[0m[48;2;93;81;91m[38;2;93;81;91m@[0m[48;2;113;99;110m[38;2;113;99;110m%[0m[48;2;139;123;135m[38;2;139;123;135m*[0m[48;2;158;140;153m[38;2;158;140;153m+[0m[48;2;161;141;155m[38;2;161;141;155m+[0m[48;2;160;141;155m[38;2;160;141;155m+[0m[48;2;154;136;149m[38;2;154;136;149m*[0m[48;2;63;55;62m[38;2;63;55;62m░[0m[48;2;182;181;183m[38;2;182;181;183m=[0m                             
                                    [48;2;225;225;225m[38;2;225;225;225m.[0m[48;2;103;101;102m[38;2;103;101;102m%[0m[48;2;103;98;99m[38;2;103;98;99m%[0m[48;2;229;219;217m[38;2;229;219;217m.[0m[48;2;249;236;231m[38;2;249;236;231m [0m[48;2;250;234;230m[38;2;250;234;230m [0m[48;2;250;234;229m[38;2;250;234;229m [0m[48;2;250;234;230m[38;2;250;234;230m [0m[48;2;250;234;229m[38;2;250;234;229m [0m[48;2;249;235;229m[38;2;249;235;229m [0m[48;2;248;234;229m[38;2;248;234;229m.[0m[48;2;239;224;219m[38;2;239;224;219m.[0m[48;2;217;202;199m[38;2;217;202;199m:[0m[48;2;188;175;171m[38;2;188;175;171m=[0m[48;2;157;146;144m[38;2;157;146;144m+[0m[48;2;119;110;108m[38;2;119;110;108m#[0m[48;2;80;73;73m[38;2;80;73;73m@[0m[48;2;33;25;29m[38;2;33;25;29m▓[0m[48;2;6;2;7m[38;2;6;2;7m█[0m[48;2;69;65;70m[38;2;69;65;70m░[0m[48;2;180;174;179m[38;2;180;174;179m=[0m[48;2;37;32;36m[38;2;37;32;36m▓[0m[48;2;77;71;76m[38;2;77;71;76m@[0m[48;2;95;89;94m[38;2;95;89;94m@[0m[48;2;84;76;82m[38;2;84;76;82m@[0m[48;2;159;142;154m[38;2;159;142;154m+[0m[48;2;161;140;155m[38;2;161;140;155m+[0m[48;2;161;140;155m[38;2;161;140;155m+[0m[48;2;161;140;155m[38;2;161;140;155m+[0m[48;2;161;140;155m[38;2;161;140;155m+[0m[48;2;161;140;155m[38;2;161;140;155m+[0m[48;2;161;140;155m[38;2;161;140;155m+[0m[48;2;161;140;155m[38;2;161;140;155m+[0m[48;2;153;136;148m[38;2;153;136;148m*[0m[48;2;51;44;50m[38;2;51;44;50m▒[0m[48;2;231;230;231m[38;2;231;230;231m.[0m                            
                                      [48;2;188;187;187m[38;2;188;187;187m-[0m[48;2;78;75;76m[38;2;78;75;76m@[0m[48;2;33;29;31m[38;2;33;29;31m▓[0m[48;2;42;38;40m[38;2;42;38;40m▒[0m[48;2;47;43;45m[38;2;47;43;45m▒[0m[48;2;63;59;60m[38;2;63;59;60m░[0m[48;2;51;47;49m[38;2;51;47;49m▒[0m[48;2;82;77;79m[38;2;82;77;79m@[0m[48;2;60;55;56m[38;2;60;55;56m░[0m[48;2;86;81;82m[38;2;86;81;82m@[0m[48;2;12;8;10m[38;2;12;8;10m█[0m[48;2;40;36;38m[38;2;40;36;38m▒[0m[48;2;24;21;25m[38;2;24;21;25m▓[0m[48;2;6;3;6m[38;2;6;3;6m█[0m[48;2;13;10;15m[38;2;13;10;15m█[0m[48;2;18;14;21m[38;2;18;14;21m█[0m[48;2;19;15;24m[38;2;19;15;24m█[0m[48;2;150;147;154m[38;2;150;147;154m+[0m[48;2;234;230;236m[38;2;234;230;236m.[0m[48;2;51;46;51m[38;2;51;46;51m▒[0m[48;2;194;190;195m[38;2;194;190;195m-[0m[48;2;188;184;189m[38;2;188;184;189m-[0m[48;2;41;35;41m[38;2;41;35;41m▒[0m[48;2;159;142;154m[38;2;159;142;154m+[0m[48;2;161;140;155m[38;2;161;140;155m+[0m[48;2;161;140;155m[38;2;161;140;155m+[0m[48;2;161;140;155m[38;2;161;140;155m+[0m[48;2;161;140;155m[38;2;161;140;155m+[0m[48;2;161;140;155m[38;2;161;140;155m+[0m[48;2;161;140;155m[38;2;161;140;155m+[0m[48;2;161;140;155m[38;2;161;140;155m+[0m[48;2;161;140;155m[38;2;161;140;155m+[0m[48;2;98;83;94m[38;2;98;83;94m@[0m[48;2;149;145;148m[38;2;149;145;148m+[0m                            
                                   [48;2;240;240;240m[38;2;240;240;240m [0m[48;2;80;79;80m[38;2;80;79;80m@[0m[48;2;30;29;32m[38;2;30;29;32m▓[0m[48;2;24;23;29m[38;2;24;23;29m▓[0m[48;2;27;24;36m[38;2;27;24;36m▓[0m[48;2;28;23;37m[38;2;28;23;37m▓[0m[48;2;8;4;12m[38;2;8;4;12m█[0m[48;2;26;23;27m[38;2;26;23;27m▓[0m[48;2;32;29;33m[38;2;32;29;33m▓[0m[48;2;50;46;52m[38;2;50;46;52m▒[0m[48;2;26;24;29m[38;2;26;24;29m▓[0m[48;2;156;153;156m[38;2;156;153;156m+[0m[48;2;23;20;22m[38;2;23;20;22m▓[0m[48;2;38;35;38m[38;2;38;35;38m▓[0m[48;2;15;12;17m[38;2;15;12;17m█[0m[48;2;32;27;34m[38;2;32;27;34m▓[0m[48;2;32;27;36m[38;2;32;27;36m▓[0m[48;2;26;22;35m[38;2;26;22;35m▓[0m[48;2;5;1;11m[38;2;5;1;11m█[0m[48;2;15;11;19m[38;2;15;11;19m█[0m[48;2;156;153;158m[38;2;156;153;158m+[0m[48;2;244;240;245m[38;2;244;240;245m [0m[48;2;140;136;141m[38;2;140;136;141m*[0m[48;2;112;109;114m[38;2;112;109;114m#[0m[48;2;199;196;202m[38;2;199;196;202m-[0m[48;2;36;33;39m[38;2;36;33;39m▓[0m[48;2;157;139;153m[38;2;157;139;153m*[0m[48;2;161;140;155m[38;2;161;140;155m+[0m[48;2;161;140;155m[38;2;161;140;155m+[0m[48;2;161;140;155m[38;2;161;140;155m+[0m[48;2;161;140;155m[38;2;161;140;155m+[0m[48;2;161;140;155m[38;2;161;140;155m+[0m[48;2;161;140;155m[38;2;161;140;155m+[0m[48;2;161;140;155m[38;2;161;140;155m+[0m[48;2;161;140;155m[38;2;161;140;155m+[0m[48;2;123;107;119m[38;2;123;107;119m#[0m[48;2;108;103;107m[38;2;108;103;107m%[0m                            
                                   [48;2;152;151;152m[38;2;152;151;152m+[0m[48;2;15;13;15m[38;2;15;13;15m█[0m[48;2;78;77;79m[38;2;78;77;79m@[0m[48;2;25;23;34m[38;2;25;23;34m▓[0m[48;2;36;32;50m[38;2;36;32;50m▓[0m[48;2;36;31;48m[38;2;36;31;48m▓[0m[48;2;9;5;16m[38;2;9;5;16m█[0m[48;2;29;24;38m[38;2;29;24;38m▓[0m[48;2;13;9;20m[38;2;13;9;20m█[0m[48;2;42;38;44m[38;2;42;38;44m▒[0m[48;2;10;7;13m[38;2;10;7;13m█[0m[48;2;66;62;67m[38;2;66;62;67m░[0m[48;2;13;10;13m[38;2;13;10;13m█[0m[48;2;17;14;18m[38;2;17;14;18m█[0m[48;2;14;9;14m[38;2;14;9;14m█[0m[48;2;84;75;74m[38;2;84;75;74m@[0m[48;2;135;125;115m[38;2;135;125;115m#[0m[48;2;45;38;48m[38;2;45;38;48m▒[0m[48;2;28;23;41m[38;2;28;23;41m▓[0m[48;2;14;10;21m[38;2;14;10;21m█[0m[48;2;48;45;49m[38;2;48;45;49m▒[0m[48;2;150;147;151m[38;2;150;147;151m+[0m[48;2;180;174;179m[38;2;180;174;179m=[0m[48;2;66;61;66m[38;2;66;61;66m░[0m[48;2;68;63;69m[38;2;68;63;69m░[0m[48;2;68;62;70m[38;2;68;62;70m░[0m[48;2;157;141;152m[38;2;157;141;152m+[0m[48;2;122;105;117m[38;2;122;105;117m#[0m[48;2;144;125;138m[38;2;144;125;138m*[0m[48;2;161;140;155m[38;2;161;140;155m+[0m[48;2;161;140;155m[38;2;161;140;155m+[0m[48;2;161;140;155m[38;2;161;140;155m+[0m[48;2;161;140;155m[38;2;161;140;155m+[0m[48;2;161;140;155m[38;2;161;140;155m+[0m[48;2;161;140;155m[38;2;161;140;155m+[0m[48;2;99;85;95m[38;2;99;85;95m@[0m[48;2;144;140;143m[38;2;144;140;143m*[0m                            
                                    [48;2;166;164;165m[38;2;166;164;165m=[0m[48;2;87;85;87m[38;2;87;85;87m@[0m[48;2;63;61;68m[38;2;63;61;68m░[0m[48;2;27;23;38m[38;2;27;23;38m▓[0m[48;2;30;25;40m[38;2;30;25;40m▓[0m[48;2;14;10;23m[38;2;14;10;23m█[0m[48;2;36;31;47m[38;2;36;31;47m▓[0m[48;2;20;15;28m[38;2;20;15;28m█[0m[48;2;35;28;35m[38;2;35;28;35m▓[0m[48;2;28;21;24m[38;2;28;21;24m▓[0m[48;2;5;0;5m[38;2;5;0;5m█[0m[48;2;22;18;22m[38;2;22;18;22m▓[0m[48;2;89;81;72m[38;2;89;81;72m@[0m[48;2;44;38;34m[38;2;44;38;34m▒[0m[48;2;87;79;83m[38;2;87;79;83m@[0m[48;2;106;97;96m[38;2;106;97;96m%[0m[48;2;40;33;48m[38;2;40;33;48m▒[0m[48;2;36;30;51m[38;2;36;30;51m▓[0m[48;2;37;31;51m[38;2;37;31;51m▓[0m[48;2;31;27;43m[38;2;31;27;43m▓[0m[48;2;15;10;23m[38;2;15;10;23m█[0m[48;2;59;54;64m[38;2;59;54;64m░[0m[48;2;112;106;115m[38;2;112;106;115m%[0m[48;2;129;122;131m[38;2;129;122;131m#[0m[48;2;101;91;100m[38;2;101;91;100m%[0m[48;2;44;35;43m[38;2;44;35;43m▒[0m[48;2;39;30;38m[38;2;39;30;38m▓[0m[48;2;146;129;142m[38;2;146;129;142m*[0m[48;2;161;140;155m[38;2;161;140;155m+[0m[48;2;161;140;155m[38;2;161;140;155m+[0m[48;2;161;140;155m[38;2;161;140;155m+[0m[48;2;161;140;155m[38;2;161;140;155m+[0m[48;2;160;141;155m[38;2;160;141;155m+[0m[48;2;140;122;135m[38;2;140;122;135m*[0m[48;2;61;54;60m[38;2;61;54;60m░[0m[48;2;238;236;238m[38;2;238;236;238m.[0m                            
                                     [48;2;140;138;139m[38;2;140;138;139m*[0m[48;2;108;106;109m[38;2;108;106;109m%[0m[48;2;73;72;76m[38;2;73;72;76m░[0m[48;2;9;6;14m[38;2;9;6;14m█[0m[48;2;24;20;32m[38;2;24;20;32m▓[0m[48;2;36;31;50m[38;2;36;31;50m▓[0m[48;2;35;31;47m[38;2;35;31;47m▓[0m[48;2;27;21;29m[38;2;27;21;29m▓[0m[48;2;129;118;101m[38;2;129;118;101m#[0m[48;2;137;123;100m[38;2;137;123;100m#[0m[48;2;157;142;116m[38;2;157;142;116m*[0m[48;2;147;133;110m[38;2;147;133;110m*[0m[48;2;31;24;24m[38;2;31;24;24m▓[0m[48;2;31;26;37m[38;2;31;26;37m▓[0m[48;2;37;30;46m[38;2;37;30;46m▓[0m[48;2;33;26;46m[38;2;33;26;46m▓[0m[48;2;31;25;44m[38;2;31;25;44m▓[0m[48;2;35;29;48m[38;2;35;29;48m▓[0m[48;2;37;31;51m[38;2;37;31;51m▓[0m[48;2;36;31;50m[38;2;36;31;50m▓[0m[48;2;27;23;38m[38;2;27;23;38m▓[0m[48;2;21;16;27m[38;2;21;16;27m▓[0m[48;2;14;9;18m[38;2;14;9;18m█[0m[48;2;24;20;26m[38;2;24;20;26m▓[0m[48;2;80;73;80m[38;2;80;73;80m@[0m[48;2;152;140;150m[38;2;152;140;150m*[0m[48;2;160;141;155m[38;2;160;141;155m+[0m[48;2;161;140;155m[38;2;161;140;155m+[0m[48;2;161;140;155m[38;2;161;140;155m+[0m[48;2;160;140;155m[38;2;160;140;155m+[0m[48;2;134;118;130m[38;2;134;118;130m#[0m[48;2;83;71;80m[38;2;83;71;80m@[0m[48;2;102;94;102m[38;2;102;94;102m%[0m[48;2;225;223;226m[38;2;225;223;226m.[0m                             
                                      [48;2;180;179;180m[38;2;180;179;180m=[0m[48;2;157;156;157m[38;2;157;156;157m+[0m[48;2;43;41;44m[38;2;43;41;44m▒[0m[48;2;30;26;39m[38;2;30;26;39m▓[0m[48;2;19;15;28m[38;2;19;15;28m█[0m[48;2;26;23;32m[38;2;26;23;32m▓[0m[48;2;6;2;11m[38;2;6;2;11m█[0m[48;2;11;6;21m[38;2;11;6;21m█[0m[48;2;23;16;39m[38;2;23;16;39m▓[0m[48;2;27;21;25m[38;2;27;21;25m▓[0m[48;2;9;4;8m[38;2;9;4;8m█[0m[48;2;14;9;14m[38;2;14;9;14m█[0m[48;2;25;21;26m[38;2;25;21;26m▓[0m[48;2;22;18;25m[38;2;22;18;25m▓[0m[48;2;6;3;9m[38;2;6;3;9m█[0m[48;2;8;5;12m[38;2;8;5;12m█[0m[48;2;6;3;9m[38;2;6;3;9m█[0m[48;2;7;4;12m[38;2;7;4;12m█[0m[48;2;14;11;19m[38;2;14;11;19m█[0m[48;2;12;9;17m[38;2;12;9;17m█[0m[48;2;14;10;18m[38;2;14;10;18m█[0m[48;2;9;6;15m[38;2;9;6;15m█[0m[48;2;21;16;32m[38;2;21;16;32m▓[0m[48;2;24;19;33m[38;2;24;19;33m▓[0m[48;2;59;51;61m[38;2;59;51;61m▒[0m[48;2;114;100;113m[38;2;114;100;113m%[0m[48;2;117;103;114m[38;2;117;103;114m%[0m[48;2;75;63;72m[38;2;75;63;72m░[0m[48;2;96;87;95m[38;2;96;87;95m@[0m[48;2;146;139;145m[38;2;146;139;145m*[0m[48;2;229;226;230m[38;2;229;226;230m.[0m                               
                                        [48;2;18;17;18m[38;2;18;17;18m█[0m[48;2;18;15;21m[38;2;18;15;21m█[0m[48;2;40;37;44m[38;2;40;37;44m▒[0m[48;2;32;29;37m[38;2;32;29;37m▓[0m[48;2;14;11;19m[38;2;14;11;19m█[0m[48;2;50;47;53m[38;2;50;47;53m▒[0m[48;2;20;15;32m[38;2;20;15;32m▓[0m[48;2;16;12;22m[38;2;16;12;22m█[0m[48;2;12;8;23m[38;2;12;8;23m█[0m[48;2;64;49;122m[38;2;64;49;122m░[0m[48;2;37;27;60m[38;2;37;27;60m▓[0m[48;2;14;11;17m[38;2;14;11;17m█[0m[48;2;35;32;38m[38;2;35;32;38m▓[0m[48;2;45;42;49m[38;2;45;42;49m▒[0m[48;2;48;45;52m[38;2;48;45;52m▒[0m[48;2;50;47;55m[38;2;50;47;55m▒[0m[48;2;49;46;54m[38;2;49;46;54m▒[0m[48;2;28;24;33m[38;2;28;24;33m▓[0m[48;2;21;17;29m[38;2;21;17;29m▓[0m[48;2;31;26;43m[38;2;31;26;43m▓[0m[48;2;35;29;50m[38;2;35;29;50m▓[0m[48;2;37;31;52m[38;2;37;31;52m▓[0m[48;2;36;30;50m[38;2;36;30;50m▓[0m[48;2;26;20;37m[38;2;26;20;37m▓[0m[48;2;14;10;21m[38;2;14;10;21m█[0m[48;2;109;106;113m[38;2;109;106;113m%[0m[48;2;237;235;239m[38;2;237;235;239m.[0m                                 
                                       [48;2;180;180;180m[38;2;180;180;180m=[0m[48;2;15;14;17m[38;2;15;14;17m█[0m[48;2;29;27;33m[38;2;29;27;33m▓[0m[48;2;24;19;31m[38;2;24;19;31m▓[0m[48;2;32;26;43m[38;2;32;26;43m▓[0m[48;2;75;72;79m[38;2;75;72;79m@[0m[48;2;155;152;158m[38;2;155;152;158m+[0m[48;2;44;31;93m[38;2;44;31;93m▒[0m[48;2;62;47;111m[38;2;62;47;111m░[0m[48;2;15;8;44m[38;2;15;8;44m█[0m[48;2;44;33;76m[38;2;44;33;76m▒[0m[48;2;25;19;40m[38;2;25;19;40m▓[0m[48;2;83;80;85m[38;2;83;80;85m@[0m[48;2;98;97;102m[38;2;98;97;102m%[0m[48;2;27;24;34m[38;2;27;24;34m▓[0m[48;2;32;27;44m[38;2;32;27;44m▓[0m[48;2;37;31;50m[38;2;37;31;50m▓[0m[48;2;37;31;51m[38;2;37;31;51m▓[0m[48;2;37;31;52m[38;2;37;31;52m▓[0m[48;2;37;31;52m[38;2;37;31;52m▓[0m[48;2;37;31;52m[38;2;37;31;52m▓[0m[48;2;37;31;52m[38;2;37;31;52m▓[0m[48;2;37;31;52m[38;2;37;31;52m▓[0m[48;2;37;31;52m[38;2;37;31;52m▓[0m[48;2;37;31;52m[38;2;37;31;52m▓[0m[48;2;37;31;52m[38;2;37;31;52m▓[0m[48;2;31;26;42m[38;2;31;26;42m▓[0m[48;2;33;29;40m[38;2;33;29;40m▓[0m[48;2;139;138;141m[38;2;139;138;141m*[0m                                
                                       [48;2;75;74;75m[38;2;75;74;75m@[0m[48;2;7;5;11m[38;2;7;5;11m█[0m[48;2;32;27;43m[38;2;32;27;43m▓[0m[48;2;36;30;51m[38;2;36;30;51m▓[0m[48;2;27;21;41m[38;2;27;21;41m▓[0m[48;2;118;115;121m[38;2;118;115;121m#[0m[48;2;237;235;237m[38;2;237;235;237m.[0m[48;2;84;81;87m[38;2;84;81;87m@[0m[48;2;70;65;77m[38;2;70;65;77m░[0m[48;2;20;13;47m[38;2;20;13;47m▓[0m[48;2;66;49;116m[38;2;66;49;116m░[0m[48;2;30;21;48m[38;2;30;21;48m▓[0m[48;2;163;160;163m[38;2;163;160;163m+[0m [48;2;227;226;228m[38;2;227;226;228m.[0m[48;2;135;133;138m[38;2;135;133;138m*[0m[48;2;51;47;56m[38;2;51;47;56m▒[0m[48;2;24;20;33m[38;2;24;20;33m▓[0m[48;2;34;29;46m[38;2;34;29;46m▓[0m[48;2;37;31;50m[38;2;37;31;50m▓[0m[48;2;37;31;51m[38;2;37;31;51m▓[0m[48;2;37;31;52m[38;2;37;31;52m▓[0m[48;2;37;31;52m[38;2;37;31;52m▓[0m[48;2;37;31;52m[38;2;37;31;52m▓[0m[48;2;37;31;52m[38;2;37;31;52m▓[0m[48;2;37;31;52m[38;2;37;31;52m▓[0m[48;2;37;31;52m[38;2;37;31;52m▓[0m[48;2;37;31;51m[38;2;37;31;51m▓[0m[48;2;28;23;39m[38;2;28;23;39m▓[0m[48;2;49;46;56m[38;2;49;46;56m▒[0m[48;2;200;199;201m[38;2;200;199;201m-[0m                              
                                       [48;2;137;137;137m[38;2;137;137;137m*[0m[48;2;23;20;29m[38;2;23;20;29m▓[0m[48;2;37;31;51m[38;2;37;31;51m▓[0m[48;2;37;31;52m[38;2;37;31;52m▓[0m[48;2;24;19;37m[38;2;24;19;37m▓[0m[48;2;135;133;138m[38;2;135;133;138m*[0m   [48;2;178;177;179m[38;2;178;177;179m=[0m[48;2;89;87;92m[38;2;89;87;92m@[0m[48;2;94;90;97m[38;2;94;90;97m%[0m[48;2;236;234;237m[38;2;236;234;237m.[0m    [48;2;160;158;162m[38;2;160;158;162m+[0m[48;2;33;30;36m[38;2;33;30;36m▓[0m[48;2;51;47;57m[38;2;51;47;57m▒[0m[48;2;22;18;29m[38;2;22;18;29m▓[0m[48;2;30;25;40m[38;2;30;25;40m▓[0m[48;2;37;31;51m[38;2;37;31;51m▓[0m[48;2;37;31;52m[38;2;37;31;52m▓[0m[48;2;37;31;52m[38;2;37;31;52m▓[0m[48;2;37;31;52m[38;2;37;31;52m▓[0m[48;2;37;31;52m[38;2;37;31;52m▓[0m[48;2;37;31;52m[38;2;37;31;52m▓[0m[48;2;37;31;52m[38;2;37;31;52m▓[0m[48;2;35;30;49m[38;2;35;30;49m▓[0m[48;2;22;19;28m[38;2;22;19;28m▓[0m[48;2;188;187;188m[38;2;188;187;188m-[0m                             