                                                                                                    
                                                                                                    
                                                                                                    
                                                                                                    
                                                                                                    
                                                                                                    
                                                                                                    
                                                                                                    
                                                                                                    
                                                                                                    
                                                                                                    
                                               [48;2;235;235;235m[38;2;235;235;235m.[0m[48;2;212;212;212m[38;2;212;212;212m:[0m[48;2;199;199;199m[38;2;199;199;199m-[0m[48;2;194;194;194m[38;2;194;194;194m-[0m[48;2;201;201;201m[38;2;201;201;201m-[0m[48;2;212;212;212m[38;2;212;212;212m:[0m[48;2;236;236;236m[38;2;236;236;236m.[0m                                              
                                           [48;2;227;227;227m[38;2;227;227;227m.[0m[48;2;134;134;135m[38;2;134;134;135m*[0m[48;2;78;77;80m[38;2;78;77;80m@[0m[48;2;39;37;44m[38;2;39;37;44m▒[0m[48;2;25;24;33m[38;2;25;24;33m▓[0m[48;2;28;27;37m[38;2;28;27;37m▓[0m[48;2;31;29;41m[38;2;31;29;41m▓[0m[48;2;32;30;41m[38;2;32;30;41m▓[0m[48;2;30;28;40m[38;2;30;28;40m▓[0m[48;2;27;25;36m[38;2;27;25;36m▓[0m[48;2;25;24;35m[38;2;25;24;35m▓[0m[48;2;38;36;47m[38;2;38;36;47m▒[0m[48;2;72;71;80m[38;2;72;71;80m░[0m[48;2;123;122;127m[38;2;123;122;127m#[0m[48;2;205;205;207m[38;2;205;205;207m:[0m                                          
                                          [48;2;160;159;162m[38;2;160;159;162m+[0m[48;2;27;26;33m[38;2;27;26;33m▓[0m[48;2;36;35;49m[38;2;36;35;49m▒[0m[48;2;43;42;58m[38;2;43;42;58m▒[0m[48;2;42;43;59m[38;2;42;43;59m▒[0m[48;2;41;43;59m[38;2;41;43;59m▒[0m[48;2;41;43;59m[38;2;41;43;59m▒[0m[48;2;41;43;59m[38;2;41;43;59m▒[0m[48;2;41;43;59m[38;2;41;43;59m▒[0m[48;2;41;43;59m[38;2;41;43;59m▒[0m[48;2;41;43;59m[38;2;41;43;59m▒[0m[48;2;41;43;59m[38;2;41;43;59m▒[0m[48;2;40;44;59m[38;2;40;44;59m▒[0m[48;2;41;43;59m[38;2;41;43;59m▒[0m[48;2;47;46;60m[38;2;47;46;60m▒[0m[48;2;41;39;48m[38;2;41;39;48m▒[0m[48;2;77;76;82m[38;2;77;76;82m@[0m[48;2;137;136;140m[38;2;137;136;140m*[0m[48;2;212;212;213m[38;2;212;212;213m:[0m                                       
                                         [48;2;130;129;132m[38;2;130;129;132m*[0m[48;2;24;22;32m[38;2;24;22;32m▓[0m[48;2;42;42;57m[38;2;42;42;57m▒[0m[48;2;41;43;59m[38;2;41;43;59m▒[0m[48;2;40;44;59m[38;2;40;44;59m▒[0m[48;2;40;44;59m[38;2;40;44;59m▒[0m[48;2;40;44;59m[38;2;40;44;59m▒[0m[48;2;40;44;59m[38;2;40;44;59m▒[0m[48;2;40;44;59m[38;2;40;44;59m▒[0m[48;2;40;44;59m[38;2;40;44;59m▒[0m[48;2;40;44;59m[38;2;40;44;59m▒[0m[48;2;40;44;59m[38;2;40;44;59m▒[0m[48;2;40;44;59m[38;2;40;44;59m▒[0m[48;2;40;44;59m[38;2;40;44;59m▒[0m[48;2;43;46;62m[38;2;43;46;62m▒[0m[48;2;75;75;87m[38;2;75;75;87m@[0m[48;2;47;45;55m[38;2;47;45;55m▒[0m[48;2;17;13;23m[38;2;17;13;23m█[0m[48;2;129;118;129m[38;2;129;118;129m#[0m[48;2;78;71;78m[38;2;78;71;78m@[0m[48;2;95;92;96m[38;2;95;92;96m%[0m[48;2;240;240;240m[38;2;240;240;240m [0m                                     
                                        [48;2;151;151;152m[38;2;151;151;152m+[0m[48;2;23;21;28m[38;2;23;21;28m▓[0m[48;2;44;42;58m[38;2;44;42;58m▒[0m[48;2;41;43;59m[38;2;41;43;59m▒[0m[48;2;40;44;59m[38;2;40;44;59m▒[0m[48;2;40;44;59m[38;2;40;44;59m▒[0m[48;2;40;44;59m[38;2;40;44;59m▒[0m[48;2;40;44;59m[38;2;40;44;59m▒[0m[48;2;40;44;59m[38;2;40;44;59m▒[0m[48;2;40;44;59m[38;2;40;44;59m▒[0m[48;2;40;44;59m[38;2;40;44;59m▒[0m[48;2;40;44;59m[38;2;40;44;59m▒[0m[48;2;40;44;59m[38;2;40;44;59m▒[0m[48;2;40;44;59m[38;2;40;44;59m▒[0m[48;2;44;47;62m[38;2;44;47;62m▒[0m[48;2;52;55;70m[38;2;52;55;70m░[0m[48;2;44;43;57m[38;2;44;43;57m▒[0m[48;2;24;20;33m[38;2;24;20;33m▓[0m[48;2;93;84;95m[38;2;93;84;95m@[0m[48;2;158;140;153m[38;2;158;140;153m+[0m[48;2;159;140;153m[38;2;159;140;153m+[0m[48;2;127;114;124m[38;2;127;114;124m#[0m[48;2;67;63;67m[38;2;67;63;67m░[0m[48;2;230;230;231m[38;2;230;230;231m.[0m                                    
                                       [48;2;215;215;215m[38;2;215;215;215m:[0m[48;2;24;23;27m[38;2;24;23;27m▓[0m[48;2;43;41;54m[38;2;43;41;54m▒[0m[48;2;41;43;59m[38;2;41;43;59m▒[0m[48;2;40;44;59m[38;2;40;44;59m▒[0m[48;2;40;44;59m[38;2;40;44;59m▒[0m[48;2;40;44;59m[38;2;40;44;59m▒[0m[48;2;40;44;59m[38;2;40;44;59m▒[0m[48;2;40;44;59m[38;2;40;44;59m▒[0m[48;2;40;44;59m[38;2;40;44;59m▒[0m[48;2;40;44;59m[38;2;40;44;59m▒[0m[48;2;40;44;59m[38;2;40;44;59m▒[0m[48;2;40;44;59m[38;2;40;44;59m▒[0m[48;2;40;44;59m[38;2;40;44;59m▒[0m[48;2;48;51;64m[38;2;48;51;64m▒[0m[48;2;70;72;84m[38;2;70;72;84m░[0m[48;2;45;44;55m[38;2;45;44;55m▒[0m[48;2;24;19;30m[38;2;24;19;30m▓[0m[48;2;103;92;104m[38;2;103;92;104m%[0m[48;2;158;140;154m[38;2;158;140;154m+[0m[48;2;161;140;155m[38;2;161;140;155m+[0m[48;2;161;140;155m[38;2;161;140;155m+[0m[48;2;157;139;152m[38;2;157;139;152m*[0m[48;2;114;102;112m[38;2;114;102;112m%[0m[48;2;72;68;72m[38;2;72;68;72m░[0m                                    
                                      [48;2;201;200;201m[38;2;201;200;201m-[0m[48;2;26;25;28m[38;2;26;25;28m▓[0m[48;2;29;27;38m[38;2;29;27;38m▓[0m[48;2;42;43;59m[38;2;42;43;59m▒[0m[48;2;40;44;59m[38;2;40;44;59m▒[0m[48;2;40;44;59m[38;2;40;44;59m▒[0m[48;2;40;44;59m[38;2;40;44;59m▒[0m[48;2;40;44;59m[38;2;40;44;59m▒[0m[48;2;40;44;59m[38;2;40;44;59m▒[0m[48;2;40;44;59m[38;2;40;44;59m▒[0m[48;2;40;44;59m[38;2;40;44;59m▒[0m[48;2;40;44;59m[38;2;40;44;59m▒[0m[48;2;40;44;59m[38;2;40;44;59m▒[0m[48;2;42;44;60m[38;2;42;44;60m▒[0m[48;2;66;65;82m[38;2;66;65;82m░[0m[48;2;64;63;77m[38;2;64;63;77m░[0m[48;2;29;28;38m[38;2;29;28;38m▓[0m[48;2;46;40;50m[38;2;46;40;50m▒[0m[48;2;135;121;134m[38;2;135;121;134m#[0m[48;2;159;140;154m[38;2;159;140;154m+[0m[48;2;161;140;155m[38;2;161;140;155m+[0m[48;2;161;140;155m[38;2;161;140;155m+[0m[48;2;161;140;155m[38;2;161;140;155m+[0m[48;2;144;125;138m[38;2;144;125;138m*[0m[48;2;51;39;47m[38;2;51;39;47m▒[0m[48;2;80;71;77m[38;2;80;71;77m@[0m[48;2;160;159;160m[38;2;160;159;160m+[0m                                   
                                     [48;2;214;214;214m[38;2;214;214;214m:[0m[48;2;52;48;53m[38;2;52;48;53m▒[0m[48;2;51;44;52m[38;2;51;44;52m▒[0m[48;2;36;34;48m[38;2;36;34;48m▓[0m[48;2;42;43;59m[38;2;42;43;59m▒[0m[48;2;40;44;59m[38;2;40;44;59m▒[0m[48;2;40;44;59m[38;2;40;44;59m▒[0m[48;2;40;44;59m[38;2;40;44;59m▒[0m[48;2;40;44;59m[38;2;40;44;59m▒[0m[48;2;40;44;59m[38;2;40;44;59m▒[0m[48;2;40;44;59m[38;2;40;44;59m▒[0m[48;2;40;44;59m[38;2;40;44;59m▒[0m[48;2;51;53;69m[38;2;51;53;69m▒[0m[48;2;66;65;80m[38;2;66;65;80m░[0m[48;2;69;67;80m[38;2;69;67;80m░[0m[48;2;38;35;48m[38;2;38;35;48m▒[0m[48;2;37;32;43m[38;2;37;32;43m▓[0m[48;2;104;92;104m[38;2;104;92;104m%[0m[48;2;158;139;153m[38;2;158;139;153m*[0m[48;2;161;140;155m[38;2;161;140;155m+[0m[48;2;161;140;155m[38;2;161;140;155m+[0m[48;2;161;140;155m[38;2;161;140;155m+[0m[48;2;161;140;155m[38;2;161;140;155m+[0m[48;2;161;140;155m[38;2;161;140;155m+[0m[48;2;128;112;124m[38;2;128;112;124m#[0m[48;2;13;6;12m[38;2;13;6;12m█[0m[48;2;89;83;91m[38;2;89;83;91m@[0m[48;2;103;101;103m[38;2;103;101;103m%[0m                                   
                                     [48;2;58;55;57m[38;2;58;55;57m░[0m[48;2;81;71;78m[38;2;81;71;78m@[0m[48;2;51;41;49m[38;2;51;41;49m▒[0m[48;2;36;32;44m[38;2;36;32;44m▓[0m[48;2;42;43;59m[38;2;42;43;59m▒[0m[48;2;40;44;59m[38;2;40;44;59m▒[0m[48;2;40;44;59m[38;2;40;44;59m▒[0m[48;2;40;44;59m[38;2;40;44;59m▒[0m[48;2;40;44;59m[38;2;40;44;59m▒[0m[48;2;40;44;59m[38;2;40;44;59m▒[0m[48;2;49;50;65m[38;2;49;50;65m▒[0m[48;2;69;68;83m[38;2;69;68;83m░[0m[48;2;45;43;58m[38;2;45;43;58m▒[0m[48;2;33;29;42m[38;2;33;29;42m▓[0m[48;2;37;31;42m[38;2;37;31;42m▓[0m[48;2;99;87;100m[38;2;99;87;100m%[0m[48;2;155;138;151m[38;2;155;138;151m*[0m[48;2;160;139;154m[38;2;160;139;154m+[0m[48;2;161;140;155m[38;2;161;140;155m+[0m[48;2;161;140;155m[38;2;161;140;155m+[0m[48;2;161;140;155m[38;2;161;140;155m+[0m[48;2;161;140;155m[38;2;161;140;155m+[0m[48;2;161;140;155m[38;2;161;140;155m+[0m[48;2;161;140;155m[38;2;161;140;155m+[0m[48;2;86;73;83m[38;2;86;73;83m@[0m[48;2;14;9;14m[38;2;14;9;14m█[0m[48;2;21;15;22m[38;2;21;15;22m█[0m[48;2;150;148;151m[38;2;150;148;151m+[0m                                   
                                    [48;2;160;160;160m[38;2;160;160;160m+[0m[48;2;84;76;81m[38;2;84;76;81m@[0m[48;2;76;65;73m[38;2;76;65;73m░[0m[48;2;93;82;93m[38;2;93;82;93m@[0m[48;2;28;20;30m[38;2;28;20;30m▓[0m[48;2;58;55;68m[38;2;58;55;68m░[0m[48;2;46;45;61m[38;2;46;45;61m▒[0m[48;2;47;48;63m[38;2;47;48;63m▒[0m[48;2;58;58;72m[38;2;58;58;72m░[0m[48;2;66;65;78m[38;2;66;65;78m░[0m[48;2;65;63;75m[38;2;65;63;75m░[0m[48;2;52;48;58m[38;2;52;48;58m▒[0m[48;2;27;22;32m[38;2;27;22;32m▓[0m[48;2;57;49;60m[38;2;57;49;60m▒[0m[48;2;111;100;111m[38;2;111;100;111m%[0m[48;2;156;140;153m[38;2;156;140;153m*[0m[48;2;159;141;155m[38;2;159;141;155m+[0m[48;2;160;141;155m[38;2;160;141;155m+[0m[48;2;161;140;155m[38;2;161;140;155m+[0m[48;2;161;140;155m[38;2;161;140;155m+[0m[48;2;161;140;155m[38;2;161;140;155m+[0m[48;2;161;140;155m[38;2;161;140;155m+[0m[48;2;161;140;155m[38;2;161;140;155m+[0m[48;2;161;140;155m[38;2;161;140;155m+[0m[48;2;153;134;148m[38;2;153;134;148m*[0m[48;2;32;23;32m[38;2;32;23;32m▓[0m[48;2;158;151;158m[38;2;158;151;158m+[0m[48;2;90;84;90m[38;2;90;84;90m@[0m[48;2;203;200;202m[38;2;203;200;202m-[0m                                   
                                    [48;2;80;79;80m[38;2;80;79;80m@[0m[48;2;138;124;133m[38;2;138;124;133m*[0m[48;2;126;111;122m[38;2;126;111;122m#[0m[48;2;58;48;56m[38;2;58;48;56m▒[0m[48;2;133;118;130m[38;2;133;118;130m#[0m[48;2;70;59;72m[38;2;70;59;72m░[0m[48;2;39;32;45m[38;2;39;32;45m▓[0m[48;2;38;31;45m[38;2;38;31;45m▓[0m[48;2;40;33;43m[38;2;40;33;43m▓[0m[48;2;48;41;48m[38;2;48;41;48m▒[0m[48;2;69;60;69m[38;2;69;60;69m░[0m[48;2;105;94;105m[38;2;105;94;105m%[0m[48;2;147;133;146m[38;2;147;133;146m*[0m[48;2;159;141;155m[38;2;159;141;155m+[0m[48;2;159;141;155m[38;2;159;141;155m+[0m[48;2;155;138;151m[38;2;155;138;151m*[0m[48;2;116;102;114m[38;2;116;102;114m%[0m[48;2;78;64;76m[38;2;78;64;76m░[0m[48;2;156;137;151m[38;2;156;137;151m*[0m[48;2;161;140;155m[38;2;161;140;155m+[0m[48;2;161;140;155m[38;2;161;140;155m+[0m[48;2;161;140;155m[38;2;161;140;155m+[0m[48;2;161;140;155m[38;2;161;140;155m+[0m[48;2;159;140;154m[38;2;159;140;154m+[0m[48;2;71;60;69m[38;2;71;60;69m░[0m[48;2;136;129;135m[38;2;136;129;135m*[0m[48;2;134;127;131m[38;2;134;127;131m*[0m[48;2;40;33;38m[38;2;40;33;38m▓[0m[48;2;94;90;93m[38;2;94;90;93m%[0m[48;2;111;109;111m[38;2;111;109;111m#[0m[48;2;191;190;191m[38;2;191;190;191m-[0m                                 
                                    [48;2;51;49;51m[38;2;51;49;51m▒[0m[48;2;155;139;150m[38;2;155;139;150m*[0m[48;2;160;140;154m[38;2;160;140;154m+[0m[48;2;32;23;31m[38;2;32;23;31m▓[0m[48;2;55;46;54m[38;2;55;46;54m▒[0m[48;2;129;113;125m[38;2;129;113;125m#[0m[48;2;157;139;152m[38;2;157;139;152m*[0m[48;2;155;139;151m[38;2;155;139;151m*[0m[48;2;158;141;154m[38;2;158;141;154m+[0m[48;2;157;142;154m[38;2;157;142;154m+[0m[48;2;150;135;148m[38;2;150;135;148m*[0m[48;2;134;120;131m[38;2;134;120;131m#[0m[48;2;111;97;109m[38;2;111;97;109m%[0m[48;2;85;73;83m[38;2;85;73;83m@[0m[48;2;77;65;75m[38;2;77;65;75m░[0m[48;2;78;66;76m[38;2;78;66;76m░[0m[48;2;111;96;109m[38;2;111;96;109m%[0m[48;2;155;137;150m[38;2;155;137;150m*[0m[48;2;161;140;155m[38;2;161;140;155m+[0m[48;2;161;140;155m[38;2;161;140;155m+[0m[48;2;161;140;155m[38;2;161;140;155m+[0m[48;2;161;140;155m[38;2;161;140;155m+[0m[48;2;154;134;149m[38;2;154;134;149m*[0m[48;2;67;53;64m[38;2;67;53;64m░[0m[48;2;16;10;15m[38;2;16;10;15m█[0m[48;2;105;101;103m[38;2;105;101;103m%[0m[48;2;127;123;124m[38;2;127;123;124m#[0m[48;2;126;123;125m[38;2;126;123;125m#[0m[48;2;177;173;176m[38;2;177;173;176m=[0m[48;2;56;53;55m[38;2;56;53;55m▒[0m[48;2;163;163;163m[38;2;163;163;163m+[0m                                 
                                    [48;2;58;54;57m[38;2;58;54;57m░[0m[48;2;153;137;148m[38;2;153;137;148m*[0m[48;2;159;140;154m[38;2;159;140;154m+[0m[48;2;25;13;22m[38;2;25;13;22m█[0m[48;2;11;5;12m[38;2;11;5;12m█[0m[48;2;26;21;27m[38;2;26;21;27m▓[0m[48;2;16;12;17m[38;2;16;12;17m█[0m[48;2;23;18;24m[38;2;23;18;24m▓[0m[48;2;67;61;68m[38;2;67;61;68m░[0m[48;2;76;69;76m[38;2;76;69;76m░[0m[48;2;86;75;84m[38;2;86;75;84m@[0m[48;2;100;88;97m[38;2;100;88;97m%[0m[48;2;122;107;120m[38;2;122;107;120m#[0m[48;2;149;132;144m[38;2;149;132;144m*[0m[48;2;159;140;153m[38;2;159;140;153m+[0m[48;2;160;140;155m[38;2;160;140;155m+[0m[48;2;161;140;155m[38;2;161;140;155m+[0m[48;2;161;140;155m[38;2;161;140;155m+[0m[48;2;161;140;155m[38;2;161;140;155m+[0m[48;2;161;140;155m[38;2;161;140;155m+[0m[48;2;161;140;155m[38;2;161;140;155m+[0m[48;2;147;127;141m[38;2;147;127;141m*[0m[48;2;42;30;41m[38;2;42;30;41m▓[0m[48;2;18;11;20m[38;2;18;11;20m█[0m[48;2;50;47;52m[38;2;50;47;52m▒[0m [48;2;130;125;126m[38;2;130;125;126m#[0m[48;2;57;52;55m[38;2;57;52;55m▒[0m[48;2;134;128;133m[38;2;134;128;133m*[0m[48;2;153;149;152m[38;2;153;149;152m+[0m[48;2;96;96;97m[38;2;96;96;97m%[0m                                 
                                    [48;2;88;85;87m[38;2;88;85;87m@[0m[48;2;112;99;107m[38;2;112;99;107m%[0m[48;2;159;141;153m[38;2;159;141;153m+[0m[48;2;32;22;31m[38;2;32;22;31m▓[0m[48;2;26;22;31m[38;2;26;22;31m▓[0m[48;2;21;18;25m[38;2;21;18;25m▓[0m[48;2;28;25;31m[38;2;28;25;31m▓[0m[48;2;19;14;20m[38;2;19;14;20m█[0m[48;2;131;118;128m[38;2;131;118;128m#[0m[48;2;159;140;153m[38;2;159;140;153m+[0m[48;2;161;140;154m[38;2;161;140;154m+[0m[48;2;161;140;154m[38;2;161;140;154m+[0m[48;2;161;140;155m[38;2;161;140;155m+[0m[48;2;161;140;155m[38;2;161;140;155m+[0m[48;2;161;140;155m[38;2;161;140;155m+[0m[48;2;161;140;155m[38;2;161;140;155m+[0m[48;2;161;140;155m[38;2;161;140;155m+[0m[48;2;161;140;155m[38;2;161;140;155m+[0m[48;2;161;140;155m[38;2;161;140;155m+[0m[48;2;161;140;155m[38;2;161;140;155m+[0m[48;2;161;140;155m[38;2;161;140;155m+[0m[48;2;53;38;50m[38;2;53;38;50m▒[0m[48;2;32;22;35m[38;2;32;22;35m▓[0m[48;2;26;21;33m[38;2;26;21;33m▓[0m[48;2;127;121;126m[38;2;127;121;126m#[0m [48;2;150;148;148m[38;2;150;148;148m+[0m[48;2;114;110;112m[38;2;114;110;112m#[0m[48;2;203;199;203m[38;2;203;199;203m-[0m[48;2;199;197;200m[38;2;199;197;200m-[0m[48;2;49;47;50m[38;2;49;47;50m▒[0m                                 
                                    [48;2;156;156;156m[38;2;156;156;156m+[0m[48;2;42;35;40m[38;2;42;35;40m▒[0m[48;2;158;141;152m[38;2;158;141;152m+[0m[48;2;111;98;108m[38;2;111;98;108m%[0m[48;2;40;33;43m[38;2;40;33;43m▓[0m[48;2;8;5;10m[38;2;8;5;10m█[0m[48;2;18;15;21m[38;2;18;15;21m█[0m[48;2;22;19;25m[38;2;22;19;25m▓[0m[48;2;31;23;32m[38;2;31;23;32m▓[0m[48;2;143;126;139m[38;2;143;126;139m*[0m[48;2;161;140;155m[38;2;161;140;155m+[0m[48;2;161;140;155m[38;2;161;140;155m+[0m[48;2;161;140;155m[38;2;161;140;155m+[0m[48;2;161;140;155m[38;2;161;140;155m+[0m[48;2;161;140;155m[38;2;161;140;155m+[0m[48;2;161;140;155m[38;2;161;140;155m+[0m[48;2;120;101;114m[38;2;120;101;114m%[0m[48;2;130;112;125m[38;2;130;112;125m#[0m[48;2;159;140;154m[38;2;159;140;154m+[0m[48;2;160;140;155m[38;2;160;140;155m+[0m[48;2;145;125;140m[38;2;145;125;140m*[0m[48;2;20;10;21m[38;2;20;10;21m█[0m[48;2;38;32;46m[38;2;38;32;46m▓[0m[48;2;18;16;25m[38;2;18;16;25m█[0m[48;2;156;154;158m[38;2;156;154;158m+[0m [48;2;220;219;220m[38;2;220;219;220m:[0m[48;2;55;55;56m[38;2;55;55;56m░[0m[48;2;195;194;196m[38;2;195;194;196m-[0m[48;2;200;198;202m[38;2;200;198;202m-[0m[48;2;45;44;46m[38;2;45;44;46m▒[0m                                 
                                     [48;2;89;85;89m[38;2;89;85;89m@[0m[48;2;115;103;112m[38;2;115;103;112m%[0m[48;2;160;141;154m[38;2;160;141;154m+[0m[48;2;146;129;143m[38;2;146;129;143m*[0m[48;2;62;50;61m[38;2;62;50;61m▒[0m[48;2;30;24;32m[38;2;30;24;32m▓[0m[48;2;49;45;51m[38;2;49;45;51m▒[0m[48;2;59;50;60m[38;2;59;50;60m▒[0m[48;2;115;100;113m[38;2;115;100;113m%[0m[48;2;156;138;152m[38;2;156;138;152m*[0m[48;2;161;140;155m[38;2;161;140;155m+[0m[48;2;161;140;155m[38;2;161;140;155m+[0m[48;2;161;140;155m[38;2;161;140;155m+[0m[48;2;161;140;155m[38;2;161;140;155m+[0m[48;2;160;139;154m[38;2;160;139;154m+[0m[48;2;148;128;142m[38;2;148;128;142m*[0m[48;2;102;84;98m[38;2;102;84;98m@[0m[48;2;81;64;77m[38;2;81;64;77m░[0m[48;2;80;62;75m[38;2;80;62;75m░[0m[48;2;74;58;71m[38;2;74;58;71m░[0m[48;2;12;5;15m[38;2;12;5;15m█[0m[48;2;27;21;33m[38;2;27;21;33m▓[0m[48;2;15;11;21m[38;2;15;11;21m█[0m[48;2;110;106;112m[38;2;110;106;112m%[0m[48;2;178;175;180m[38;2;178;175;180m=[0m[48;2;183;182;184m[38;2;183;182;184m=[0m[48;2;130;128;130m[38;2;130;128;130m*[0m[48;2;52;50;52m[38;2;52;50;52m▒[0m[48;2;69;65;69m[38;2;69;65;69m░[0m[48;2;53;50;53m[38;2;53;50;53m▒[0m[48;2;112;109;112m[38;2;112;109;112m#[0m[48;2;71;69;72m[38;2;71;69;72m░[0m[48;2;57;55;58m[38;2;57;55;58m░[0m[48;2;139;138;139m[38;2;139;138;139m*[0m                             
                                     [48;2;242;240;242m[38;2;242;240;242m [0m[48;2;86;81;85m[38;2;86;81;85m@[0m[48;2;109;96;106m[38;2;109;96;106m%[0m[48;2;160;140;154m[38;2;160;140;154m+[0m[48;2;161;140;155m[38;2;161;140;155m+[0m[48;2;146;126;140m[38;2;146;126;140m*[0m[48;2;66;50;63m[38;2;66;50;63m░[0m[48;2;93;82;91m[38;2;93;82;91m@[0m[48;2;29;22;29m[38;2;29;22;29m▓[0m[48;2;17;10;18m[38;2;17;10;18m█[0m[48;2;73;59;71m[38;2;73;59;71m░[0m[48;2;160;140;155m[38;2;160;140;155m+[0m[48;2;161;140;155m[38;2;161;140;155m+[0m[48;2;161;140;155m[38;2;161;140;155m+[0m[48;2;161;140;155m[38;2;161;140;155m+[0m[48;2;161;140;155m[38;2;161;140;155m+[0m[48;2;161;140;155m[38;2;161;140;155m+[0m[48;2;162;139;155m[38;2;162;139;155m+[0m[48;2;160;141;155m[38;2;160;141;155m+[0m[48;2;159;139;154m[38;2;159;139;154m+[0m[48;2;142;126;139m[38;2;142;126;139m*[0m[48;2;133;117;131m[38;2;133;117;131m#[0m[48;2;125;109;122m[38;2;125;109;122m#[0m[48;2;122;107;120m[38;2;122;107;120m#[0m[48;2;113;101;112m[38;2;113;101;112m%[0m[48;2;102;91;100m[38;2;102;91;100m%[0m[48;2;85;74;83m[38;2;85;74;83m@[0m[48;2;62;52;60m[38;2;62;52;60m░[0m[48;2;45;37;43m[38;2;45;37;43m▒[0m[48;2;26;23;26m[38;2;26;23;26m▓[0m[48;2;9;6;10m[38;2;9;6;10m█[0m[48;2;46;44;47m[38;2;46;44;47m▒[0m[48;2;103;100;104m[38;2;103;100;104m%[0m[48;2;113;111;114m[38;2;113;111;114m#[0m[48;2;178;176;179m[38;2;178;176;179m=[0m                            
                                       [48;2;123;121;123m[38;2;123;121;123m#[0m[48;2;77;67;75m[38;2;77;67;75m░[0m[48;2;155;136;150m[38;2;155;136;150m*[0m[48;2;161;140;155m[38;2;161;140;155m+[0m[48;2;160;139;154m[38;2;160;139;154m+[0m[48;2;127;109;122m[38;2;127;109;122m#[0m[48;2;94;79;90m[38;2;94;79;90m@[0m[48;2;119;105;116m[38;2;119;105;116m#[0m[48;2;82;67;78m[38;2;82;67;78m░[0m[48;2;157;137;151m[38;2;157;137;151m*[0m[48;2;161;140;155m[38;2;161;140;155m+[0m[48;2;161;140;155m[38;2;161;140;155m+[0m[48;2;161;140;155m[38;2;161;140;155m+[0m[48;2;161;140;155m[38;2;161;140;155m+[0m[48;2;161;140;155m[38;2;161;140;155m+[0m[48;2;160;139;154m[38;2;160;139;154m+[0m[48;2;93;75;89m[38;2;93;75;89m@[0m[48;2;80;66;78m[38;2;80;66;78m░[0m[48;2;78;66;76m[38;2;78;66;76m░[0m[48;2;79;66;76m[38;2;79;66;76m░[0m[48;2;79;67;77m[38;2;79;67;77m░[0m[48;2;79;66;77m[38;2;79;66;77m░[0m[48;2;75;62;73m[38;2;75;62;73m░[0m[48;2;83;71;80m[38;2;83;71;80m@[0m[48;2;100;87;98m[38;2;100;87;98m%[0m[48;2;119;105;116m[38;2;119;105;116m#[0m[48;2;113;99;110m[38;2;113;99;110m%[0m[48;2;95;83;93m[38;2;95;83;93m@[0m[48;2;65;56;64m[38;2;65;56;64m░[0m[48;2;73;67;74m[38;2;73;67;74m░[0m[48;2;132;129;132m[38;2;132;129;132m*[0m[48;2;220;219;221m[38;2;220;219;221m.[0m                             
                                        [48;2;192;191;191m[38;2;192;191;191m-[0m[48;2;74;67;73m[38;2;74;67;73m░[0m[48;2;116;101;113m[38;2;116;101;113m%[0m[48;2;159;140;154m[38;2;159;140;154m+[0m[48;2;161;140;155m[38;2;161;140;155m+[0m[48;2;161;140;155m[38;2;161;140;155m+[0m[48;2;161;140;155m[38;2;161;140;155m+[0m[48;2;122;102;117m[38;2;122;102;117m%[0m[48;2;67;54;64m[38;2;67;54;64m░[0m[48;2;82;69;80m[38;2;82;69;80m@[0m[48;2;94;80;92m[38;2;94;80;92m@[0m[48;2;102;87;99m[38;2;102;87;99m%[0m[48;2;110;95;107m[38;2;110;95;107m%[0m[48;2;114;101;113m[38;2;114;101;113m%[0m[48;2;117;104;115m[38;2;117;104;115m%[0m[48;2;120;104;117m[38;2;120;104;117m#[0m[48;2;119;104;117m[38;2;119;104;117m#[0m[48;2;113;99;111m[38;2;113;99;111m%[0m[48;2;104;91;102m[38;2;104;91;102m%[0m[48;2;94;82;93m[38;2;94;82;93m@[0m[48;2;82;70;81m[38;2;82;70;81m@[0m[48;2;80;68;78m[38;2;80;68;78m░[0m[48;2;94;84;94m[38;2;94;84;94m@[0m[48;2;100;91;101m[38;2;100;91;101m%[0m[48;2;93;86;94m[38;2;93;86;94m@[0m[48;2;83;78;85m[38;2;83;78;85m@[0m[48;2;78;75;81m[38;2;78;75;81m@[0m[48;2;148;146;150m[38;2;148;146;150m+[0m                                
                                        [48;2;232;231;232m[38;2;232;231;232m.[0m[48;2;36;33;38m[38;2;36;33;38m▓[0m[48;2;26;21;30m[38;2;26;21;30m▓[0m[48;2;44;36;48m[38;2;44;36;48m▒[0m[48;2;105;91;104m[38;2;105;91;104m%[0m[48;2;152;135;149m[38;2;152;135;149m*[0m[48;2;160;141;155m[38;2;160;141;155m+[0m[48;2;161;140;155m[38;2;161;140;155m+[0m[48;2;161;140;155m[38;2;161;140;155m+[0m[48;2;145;126;140m[38;2;145;126;140m*[0m[48;2;107;91;101m[38;2;107;91;101m%[0m[48;2;79;65;75m[38;2;79;65;75m░[0m[48;2;58;49;59m[38;2;58;49;59m▒[0m[48;2;41;35;43m[38;2;41;35;43m▒[0m[48;2;39;32;40m[38;2;39;32;40m▓[0m[48;2;29;21;30m[38;2;29;21;30m▓[0m[48;2;17;12;19m[38;2;17;12;19m█[0m[48;2;22;16;25m[38;2;22;16;25m▓[0m[48;2;25;19;28m[38;2;25;19;28m▓[0m[48;2;27;23;32m[38;2;27;23;32m▓[0m[48;2;32;27;36m[38;2;32;27;36m▓[0m[48;2;43;39;46m[38;2;43;39;46m▒[0m[48;2;40;36;41m[38;2;40;36;41m▒[0m[48;2;17;14;17m[38;2;17;14;17m█[0m[48;2;56;52;58m[38;2;56;52;58m▒[0m[48;2;128;125;129m[38;2;128;125;129m#[0m[48;2;214;212;216m[38;2;214;212;216m:[0m                                 
                                        [48;2;93;91;94m[38;2;93;91;94m%[0m[48;2;7;4;13m[38;2;7;4;13m█[0m[48;2;71;63;102m[38;2;71;63;102m░[0m[48;2;16;8;48m[38;2;16;8;48m█[0m[48;2;66;55;109m[38;2;66;55;109m░[0m[48;2;51;41;82m[38;2;51;41;82m▒[0m[48;2;55;45;63m[38;2;55;45;63m▒[0m[48;2;76;65;76m[38;2;76;65;76m░[0m[48;2;95;82;94m[38;2;95;82;94m@[0m[48;2;104;90;103m[38;2;104;90;103m%[0m[48;2;114;99;111m[38;2;114;99;111m%[0m[48;2;119;103;116m[38;2;119;103;116m%[0m[48;2;120;105;118m[38;2;120;105;118m#[0m[48;2;118;107;117m[38;2;118;107;117m#[0m[48;2;116;105;116m[38;2;116;105;116m%[0m[48;2;108;96;107m[38;2;108;96;107m%[0m[48;2;94;83;94m[38;2;94;83;94m@[0m[48;2;78;68;78m[38;2;78;68;78m░[0m[48;2;63;54;65m[38;2;63;54;65m░[0m[48;2;44;39;50m[38;2;44;39;50m▒[0m[48;2;27;22;32m[38;2;27;22;32m▓[0m[48;2;14;11;20m[38;2;14;11;20m█[0m[48;2;93;90;95m[38;2;93;90;95m%[0m[48;2;240;238;242m[38;2;240;238;242m [0m                                    
                                       [48;2;196;195;196m[38;2;196;195;196m-[0m[48;2;14;12;18m[38;2;14;12;18m█[0m[48;2;13;9;29m[38;2;13;9;29m█[0m[48;2;84;72;142m[38;2;84;72;142m@[0m[48;2;26;19;56m[38;2;26;19;56m▓[0m[48;2;83;71;137m[38;2;83;71;137m@[0m[48;2;92;79;155m[38;2;92;79;155m%[0m[48;2;72;63;116m[38;2;72;63;116m░[0m[48;2;13;10;28m[38;2;13;10;28m█[0m[48;2;30;26;41m[38;2;30;26;41m▓[0m[48;2;31;26;43m[38;2;31;26;43m▓[0m[48;2;30;25;41m[38;2;30;25;41m▓[0m[48;2;29;24;40m[38;2;29;24;40m▓[0m[48;2;28;23;39m[38;2;28;23;39m▓[0m[48;2;28;23;40m[38;2;28;23;40m▓[0m[48;2;29;23;40m[38;2;29;23;40m▓[0m[48;2;30;25;41m[38;2;30;25;41m▓[0m[48;2;32;27;44m[38;2;32;27;44m▓[0m[48;2;35;29;48m[38;2;35;29;48m▓[0m[48;2;37;31;51m[38;2;37;31;51m▓[0m[48;2;37;31;51m[38;2;37;31;51m▓[0m[48;2;32;27;45m[38;2;32;27;45m▓[0m[48;2;15;11;26m[38;2;15;11;26m█[0m[48;2;7;5;12m[38;2;7;5;12m█[0m[48;2;134;133;136m[38;2;134;133;136m*[0m[48;2;238;237;239m[38;2;238;237;239m.[0m                                   
                                       [48;2;65;64;67m[38;2;65;64;67m░[0m[48;2;22;21;27m[38;2;22;21;27m▓[0m[48;2;22;17;43m[38;2;22;17;43m▓[0m[48;2;86;74;145m[38;2;86;74;145m@[0m[48;2;51;45;74m[38;2;51;45;74m▒[0m[48;2;58;48;107m[38;2;58;48;107m░[0m[48;2;81;66;157m[38;2;81;66;157m@[0m[48;2;88;76;149m[38;2;88;76;149m@[0m[48;2;50;39;102m[38;2;50;39;102m▒[0m[48;2;17;13;34m[38;2;17;13;34m█[0m[48;2;36;31;49m[38;2;36;31;49m▓[0m[48;2;37;31;52m[38;2;37;31;52m▓[0m[48;2;37;31;52m[38;2;37;31;52m▓[0m[48;2;37;31;52m[38;2;37;31;52m▓[0m[48;2;37;31;52m[38;2;37;31;52m▓[0m[48;2;37;31;52m[38;2;37;31;52m▓[0m[48;2;37;31;52m[38;2;37;31;52m▓[0m[48;2;37;31;52m[38;2;37;31;52m▓[0m[48;2;37;31;52m[38;2;37;31;52m▓[0m[48;2;37;31;52m[38;2;37;31;52m▓[0m[48;2;37;31;52m[38;2;37;31;52m▓[0m[48;2;37;31;52m[38;2;37;31;52m▓[0m[48;2;37;31;52m[38;2;37;31;52m▓[0m[48;2;34;28;47m[38;2;34;28;47m▓[0m[48;2;26;21;37m[38;2;26;21;37m▓[0m[48;2;24;20;33m[38;2;24;20;33m▓[0m[48;2;38;35;45m[38;2;38;35;45m▒[0m[48;2;61;58;67m[38;2;61;58;67m░[0m[48;2;84;81;90m[38;2;84;81;90m@[0m[48;2;99;96;103m[38;2;99;96;103m%[0m[48;2;109;108;113m[38;2;109;108;113m%[0m[48;2;122;120;125m[38;2;122;120;125m#[0m[48;2;133;132;136m[38;2;133;132;136m*[0m[48;2;144;143;146m[38;2;144;143;146m*[0m[48;2;152;151;153m[38;2;152;151;153m+[0m[48;2;154;153;155m[38;2;154;153;155m+[0m[48;2;158;157;158m[38;2;158;157;158m+[0m[48;2;207;206;207m[38;2;207;206;207m:[0m                       
                                      [48;2;205;205;205m[38;2;205;205;205m:[0m[48;2;15;14;18m[38;2;15;14;18m█[0m[48;2;40;35;50m[38;2;40;35;50m▒[0m[48;2;38;35;44m[38;2;38;35;44m▒[0m[48;2;42;39;49m[38;2;42;39;49m▒[0m[48;2;30;26;40m[38;2;30;26;40m▓[0m[48;2;23;15;49m[38;2;23;15;49m▓[0m[48;2;85;71;159m[38;2;85;71;159m@[0m[48;2;85;71;158m[38;2;85;71;158m@[0m[48;2;64;51;123m[38;2;64;51;123m░[0m[48;2;13;6;36m[38;2;13;6;36m█[0m[48;2;39;35;47m[38;2;39;35;47m▒[0m[48;2;39;34;51m[38;2;39;34;51m▒[0m[48;2;37;31;52m[38;2;37;31;52m▓[0m[48;2;37;31;52m[38;2;37;31;52m▓[0m[48;2;37;31;52m[38;2;37;31;52m▓[0m[48;2;37;31;52m[38;2;37;31;52m▓[0m[48;2;37;31;52m[38;2;37;31;52m▓[0m[48;2;37;31;52m[38;2;37;31;52m▓[0m[48;2;37;31;52m[38;2;37;31;52m▓[0m[48;2;37;31;52m[38;2;37;31;52m▓[0m[48;2;37;31;52m[38;2;37;31;52m▓[0m[48;2;37;31;52m[38;2;37;31;52m▓[0m[48;2;37;31;52m[38;2;37;31;52m▓[0m[48;2;37;31;52m[38;2;37;31;52m▓[0m[48;2;37;31;52m[38;2;37;31;52m▓[0m[48;2;37;31;52m[38;2;37;31;52m▓[0m[48;2;37;31;52m[38;2;37;31;52m▓[0m[48;2;37;31;52m[38;2;37;31;52m▓[0m[48;2;37;31;52m[38;2;37;31;52m▓[0m[48;2;37;31;51m[38;2;37;31;51m▓[0m[48;2;36;31;51m[38;2;36;31;51m▓[0m[48;2;36;30;50m[38;2;36;30;50m▓[0m[48;2;35;29;49m[38;2;35;29;49m▓[0m[48;2;34;28;48m[38;2;34;28;48m▓[0m[48;2;33;28;46m[38;2;33;28;46m▓[0m[48;2;33;28;44m[38;2;33;28;44m▓[0m[48;2;22;19;27m[38;2;22;19;27m▓[0m[48;2;135;134;136m[38;2;135;134;136m*[0m                       
                                      [48;2;115;115;115m[38;2;115;115;115m#[0m[48;2;25;22;31m[38;2;25;22;31m▓[0m[48;2;58;53;69m[38;2;58;53;69m░[0m[48;2;36;33;40m[38;2;36;33;40m▓[0m[48;2;142;139;145m[38;2;142;139;145m*[0m[48;2;78;76;81m[38;2;78;76;81m@[0m[48;2;49;46;53m[38;2;49;46;53m▒[0m[48;2;51;43;85m[38;2;51;43;85m▒[0m[48;2;50;44;72m[38;2;50;44;72m▒[0m[48;2;148;146;153m[38;2;148;146;153m+[0m[48;2;133;131;136m[38;2;133;131;136m*[0m[48;2;36;33;40m[38;2;36;33;40m▓[0m[48;2;56;52;64m[38;2;56;52;64m▒[0m[48;2;62;57;74m[38;2;62;57;74m░[0m[48;2;40;34;54m[38;2;40;34;54m▒[0m[48;2;37;31;52m[38;2;37;31;52m▓[0m[48;2;37;31;52m[38;2;37;31;52m▓[0m[48;2;37;31;52m[38;2;37;31;52m▓[0m[48;2;37;31;52m[38;2;37;31;52m▓[0m[48;2;37;31;52m[38;2;37;31;52m▓[0m[48;2;37;31;52m[38;2;37;31;52m▓[0m[48;2;37;31;52m[38;2;37;31;52m▓[0m[48;2;37;31;52m[38;2;37;31;52m▓[0m[48;2;37;31;52m[38;2;37;31;52m▓[0m[48;2;37;31;52m[38;2;37;31;52m▓[0m[48;2;37;31;52m[38;2;37;31;52m▓[0m[48;2;37;31;52m[38;2;37;31;52m▓[0m[48;2;37;31;52m[38;2;37;31;52m▓[0m[48;2;37;31;52m[38;2;37;31;52m▓[0m[48;2;37;31;52m[38;2;37;31;52m▓[0m[48;2;37;31;52m[38;2;37;31;52m▓[0m[48;2;37;31;52m[38;2;37;31;52m▓[0m[48;2;37;31;52m[38;2;37;31;52m▓[0m[48;2;37;31;52m[38;2;37;31;52m▓[0m[48;2;37;31;52m[38;2;37;31;52m▓[0m[48;2;37;31;52m[38;2;37;31;52m▓[0m[48;2;36;31;49m[38;2;36;31;49m▓[0m[48;2;20;16;27m[38;2;20;16;27m▓[0m[48;2;209;207;211m[38;2;209;207;211m:[0m                       