                                                                                                              
                                                                                                              
                                                                                                              
                                                                                                              
                                                                                                              
                                                                                                              
                                                                                                              
                                                                                                              
                                                                                                              
                                                                                                              
                                                                                                              
                                                                                                              
                                                                                                              
                                                   [48;2;187;186;187m[38;2;187;186;187m-[0m[48;2;130;130;131m[38;2;130;130;131m*[0m[48;2;92;92;94m[38;2;92;92;94m%[0m[48;2;66;65;69m[38;2;66;65;69m░[0m[48;2;57;56;61m[38;2;57;56;61m░[0m[48;2;53;52;57m[38;2;53;52;57m▒[0m[48;2;56;55;60m[38;2;56;55;60m░[0m[48;2;72;71;75m[38;2;72;71;75m░[0m[48;2;100;99;104m[38;2;100;99;104m%[0m[48;2;143;142;146m[38;2;143;142;146m*[0m[48;2;198;198;200m[38;2;198;198;200m-[0m                                                
                                                [48;2;215;215;215m[38;2;215;215;215m:[0m[48;2;100;99;103m[38;2;100;99;103m%[0m[48;2;29;27;34m[38;2;29;27;34m▓[0m[48;2;28;26;37m[38;2;28;26;37m▓[0m[48;2;39;37;51m[38;2;39;37;51m▒[0m[48;2;44;42;58m[38;2;44;42;58m▒[0m[48;2;45;43;60m[38;2;45;43;60m▒[0m[48;2;46;44;61m[38;2;46;44;61m▒[0m[48;2;47;45;62m[38;2;47;45;62m▒[0m[48;2;45;43;61m[38;2;45;43;61m▒[0m[48;2;43;41;59m[38;2;43;41;59m▒[0m[48;2;41;40;57m[38;2;41;40;57m▒[0m[48;2;36;34;51m[38;2;36;34;51m▓[0m[48;2;27;25;40m[38;2;27;25;40m▓[0m[48;2;36;34;44m[38;2;36;34;44m▓[0m[48;2;100;99;105m[38;2;100;99;105m%[0m[48;2;198;197;200m[38;2;198;197;200m-[0m                                             
                                              [48;2;236;235;236m[38;2;236;235;236m.[0m[48;2;120;120;122m[38;2;120;120;122m#[0m[48;2;25;24;30m[38;2;25;24;30m▓[0m[48;2;38;35;48m[38;2;38;35;48m▒[0m[48;2;45;42;59m[38;2;45;42;59m▒[0m[48;2;41;39;54m[38;2;41;39;54m▒[0m[48;2;33;31;46m[38;2;33;31;46m▓[0m[48;2;27;24;36m[38;2;27;24;36m▓[0m[48;2;28;24;34m[38;2;28;24;34m▓[0m[48;2;41;37;46m[38;2;41;37;46m▒[0m[48;2;46;42;51m[38;2;46;42;51m▒[0m[48;2;28;23;32m[38;2;28;23;32m▓[0m[48;2;47;42;53m[38;2;47;42;53m▒[0m[48;2;67;63;75m[38;2;67;63;75m░[0m[48;2;65;62;74m[38;2;65;62;74m░[0m[48;2;48;46;60m[38;2;48;46;60m▒[0m[48;2;45;43;58m[38;2;45;43;58m▒[0m[48;2;41;39;53m[38;2;41;39;53m▒[0m[48;2;25;23;33m[38;2;25;23;33m▓[0m[48;2;71;69;74m[38;2;71;69;74m░[0m[48;2;206;205;206m[38;2;206;205;206m:[0m                                           
                                             [48;2;189;189;191m[38;2;189;189;191m-[0m[48;2;37;35;42m[38;2;37;35;42m▓[0m[48;2;38;35;47m[38;2;38;35;47m▒[0m[48;2;46;43;58m[38;2;46;43;58m▒[0m[48;2;35;31;47m[38;2;35;31;47m▓[0m[48;2;27;19;34m[38;2;27;19;34m▓[0m[48;2;71;62;74m[38;2;71;62;74m░[0m[48;2;106;95;106m[38;2;106;95;106m%[0m[48;2;135;120;131m[38;2;135;120;131m#[0m[48;2;150;135;145m[38;2;150;135;145m*[0m[48;2;153;138;148m[38;2;153;138;148m*[0m[48;2;147;131;142m[38;2;147;131;142m*[0m[48;2;130;114;124m[38;2;130;114;124m#[0m[48;2;106;92;101m[38;2;106;92;101m%[0m[48;2;79;67;75m[38;2;79;67;75m░[0m[48;2;39;30;38m[38;2;39;30;38m▓[0m[48;2;56;48;56m[38;2;56;48;56m▒[0m[48;2;64;57;65m[38;2;64;57;65m░[0m[48;2;66;59;67m[38;2;66;59;67m░[0m[48;2;54;46;54m[38;2;54;46;54m▒[0m[48;2;26;20;26m[38;2;26;20;26m▓[0m[48;2;9;7;10m[38;2;9;7;10m█[0m[48;2;143;143;144m[38;2;143;143;144m*[0m                                          
                                            [48;2;173;173;173m[38;2;173;173;173m=[0m[48;2;21;20;24m[38;2;21;20;24m▓[0m[48;2;43;41;52m[38;2;43;41;52m▒[0m[48;2;42;39;52m[38;2;42;39;52m▒[0m[48;2;22;19;31m[38;2;22;19;31m▓[0m[48;2;52;46;57m[38;2;52;46;57m▒[0m[48;2;144;128;142m[38;2;144;128;142m*[0m[48;2;160;140;155m[38;2;160;140;155m+[0m[48;2;161;140;155m[38;2;161;140;155m+[0m[48;2;162;141;155m[38;2;162;141;155m+[0m[48;2;118;97;111m[38;2;118;97;111m%[0m[48;2;73;56;68m[38;2;73;56;68m░[0m[48;2;78;63;75m[38;2;78;63;75m░[0m[48;2;85;70;82m[38;2;85;70;82m@[0m[48;2;90;75;86m[38;2;90;75;86m@[0m[48;2;153;135;147m[38;2;153;135;147m*[0m[48;2;158;138;151m[38;2;158;138;151m*[0m[48;2;161;141;154m[38;2;161;141;154m+[0m[48;2;161;142;154m[38;2;161;142;154m+[0m[48;2;150;133;145m[38;2;150;133;145m*[0m[48;2;72;59;69m[38;2;72;59;69m░[0m[48;2;80;70;79m[38;2;80;70;79m@[0m[48;2;85;78;86m[38;2;85;78;86m@[0m[48;2;36;31;37m[38;2;36;31;37m▓[0m[48;2;135;132;136m[38;2;135;132;136m*[0m                                         
                                           [48;2;203;203;203m[38;2;203;203;203m:[0m[48;2;19;18;22m[38;2;19;18;22m▓[0m[48;2;42;40;49m[38;2;42;40;49m▒[0m[48;2;25;23;32m[38;2;25;23;32m▓[0m[48;2;23;18;26m[38;2;23;18;26m▓[0m[48;2;119;106;117m[38;2;119;106;117m#[0m[48;2;159;140;154m[38;2;159;140;154m+[0m[48;2;161;140;155m[38;2;161;140;155m+[0m[48;2;161;140;155m[38;2;161;140;155m+[0m[48;2;161;140;155m[38;2;161;140;155m+[0m[48;2;162;141;156m[38;2;162;141;156m+[0m[48;2;162;141;156m[38;2;162;141;156m+[0m[48;2;161;140;155m[38;2;161;140;155m+[0m[48;2;161;140;155m[38;2;161;140;155m+[0m[48;2;161;140;155m[38;2;161;140;155m+[0m[48;2;161;140;155m[38;2;161;140;155m+[0m[48;2;161;140;155m[38;2;161;140;155m+[0m[48;2;161;140;155m[38;2;161;140;155m+[0m[48;2;161;140;155m[38;2;161;140;155m+[0m[48;2;161;140;155m[38;2;161;140;155m+[0m[48;2;161;140;155m[38;2;161;140;155m+[0m[48;2;160;140;154m[38;2;160;140;154m+[0m[48;2;140;122;136m[38;2;140;122;136m*[0m[48;2;109;94;107m[38;2;109;94;107m%[0m[48;2;116;103;114m[38;2;116;103;114m%[0m[48;2;17;10;16m[38;2;17;10;16m█[0m[48;2;55;53;57m[38;2;55;53;57m▒[0m[48;2;95;93;102m[38;2;95;93;102m%[0m[48;2;207;207;208m[38;2;207;207;208m:[0m                                      
                                           [48;2;54;53;55m[38;2;54;53;55m▒[0m[48;2;32;30;36m[38;2;32;30;36m▓[0m[48;2;12;10;18m[38;2;12;10;18m█[0m[48;2;22;17;25m[38;2;22;17;25m▓[0m[48;2;135;123;135m[38;2;135;123;135m#[0m[48;2;159;140;155m[38;2;159;140;155m+[0m[48;2;161;140;155m[38;2;161;140;155m+[0m[48;2;161;140;155m[38;2;161;140;155m+[0m[48;2;161;140;155m[38;2;161;140;155m+[0m[48;2;160;139;154m[38;2;160;139;154m+[0m[48;2;159;138;153m[38;2;159;138;153m*[0m[48;2;159;139;153m[38;2;159;139;153m+[0m[48;2;159;138;153m[38;2;159;138;153m*[0m[48;2;161;140;155m[38;2;161;140;155m+[0m[48;2;161;140;155m[38;2;161;140;155m+[0m[48;2;161;140;155m[38;2;161;140;155m+[0m[48;2;161;140;155m[38;2;161;140;155m+[0m[48;2;161;140;155m[38;2;161;140;155m+[0m[48;2;161;140;155m[38;2;161;140;155m+[0m[48;2;161;140;155m[38;2;161;140;155m+[0m[48;2;161;140;155m[38;2;161;140;155m+[0m[48;2;149;128;143m[38;2;149;128;143m*[0m[48;2;137;117;132m[38;2;137;117;132m#[0m[48;2;161;140;155m[38;2;161;140;155m+[0m[48;2;160;141;155m[38;2;160;141;155m+[0m[48;2;125;111;122m[38;2;125;111;122m#[0m[48;2;12;7;13m[38;2;12;7;13m█[0m[48;2;54;44;80m[38;2;54;44;80m▒[0m[48;2;86;83;88m[38;2;86;83;88m@[0m                                      
                                          [48;2;177;177;177m[38;2;177;177;177m=[0m[48;2;12;10;13m[38;2;12;10;13m█[0m[48;2;23;21;27m[38;2;23;21;27m▓[0m[48;2;17;13;19m[38;2;17;13;19m█[0m[48;2;126;112;124m[38;2;126;112;124m#[0m[48;2;161;142;156m[38;2;161;142;156m+[0m[48;2;161;140;155m[38;2;161;140;155m+[0m[48;2;161;140;155m[38;2;161;140;155m+[0m[48;2;160;141;155m[38;2;160;141;155m+[0m[48;2;131;113;127m[38;2;131;113;127m#[0m[48;2;54;40;52m[38;2;54;40;52m▒[0m[48;2;112;98;110m[38;2;112;98;110m%[0m[48;2;53;39;51m[38;2;53;39;51m▒[0m[48;2;158;141;154m[38;2;158;141;154m+[0m[48;2;100;83;96m[38;2;100;83;96m@[0m[48;2;138;119;133m[38;2;138;119;133m#[0m[48;2;161;140;155m[38;2;161;140;155m+[0m[48;2;161;140;155m[38;2;161;140;155m+[0m[48;2;161;140;155m[38;2;161;140;155m+[0m[48;2;161;140;155m[38;2;161;140;155m+[0m[48;2;149;129;143m[38;2;149;129;143m*[0m[48;2;132;115;128m[38;2;132;115;128m#[0m[48;2;130;113;126m[38;2;130;113;126m#[0m[48;2;51;38;49m[38;2;51;38;49m▒[0m[48;2;158;140;154m[38;2;158;140;154m+[0m[48;2;161;140;155m[38;2;161;140;155m+[0m[48;2;161;140;155m[38;2;161;140;155m+[0m[48;2;95;81;92m[38;2;95;81;92m@[0m[48;2;14;6;15m[38;2;14;6;15m█[0m[48;2;38;29;53m[38;2;38;29;53m▓[0m[48;2;194;193;194m[38;2;194;193;194m-[0m                                     
                                          [48;2;94;94;94m[38;2;94;94;94m%[0m[48;2;11;9;11m[38;2;11;9;11m█[0m[48;2;87;82;89m[38;2;87;82;89m@[0m[48;2;54;47;55m[38;2;54;47;55m▒[0m[48;2;160;143;156m[38;2;160;143;156m+[0m[48;2;162;141;156m[38;2;162;141;156m+[0m[48;2;161;140;155m[38;2;161;140;155m+[0m[48;2;161;140;155m[38;2;161;140;155m+[0m[48;2;149;131;145m[38;2;149;131;145m*[0m[48;2;34;23;33m[38;2;34;23;33m▓[0m[48;2;56;49;56m[38;2;56;49;56m▒[0m[48;2;11;6;12m[38;2;11;6;12m█[0m[48;2;101;92;101m[38;2;101;92;101m%[0m[48;2;109;94;103m[38;2;109;94;103m%[0m[48;2;43;31;39m[38;2;43;31;39m▓[0m[48;2;132;117;129m[38;2;132;117;129m#[0m[48;2;159;141;154m[38;2;159;141;154m+[0m[48;2;161;140;155m[38;2;161;140;155m+[0m[48;2;161;140;155m[38;2;161;140;155m+[0m[48;2;161;140;155m[38;2;161;140;155m+[0m[48;2;111;95;108m[38;2;111;95;108m%[0m[48;2;63;51;62m[38;2;63;51;62m░[0m[48;2;157;142;154m[38;2;157;142;154m+[0m[48;2;55;43;54m[38;2;55;43;54m▒[0m[48;2;120;104;117m[38;2;120;104;117m#[0m[48;2;160;141;155m[38;2;160;141;155m+[0m[48;2;161;140;155m[38;2;161;140;155m+[0m[48;2;156;138;151m[38;2;156;138;151m*[0m[48;2;37;27;35m[38;2;37;27;35m▓[0m[48;2;26;17;37m[38;2;26;17;37m▓[0m[48;2;188;186;188m[38;2;188;186;188m-[0m                                     
                                          [48;2;49;48;49m[38;2;49;48;49m▒[0m[48;2;91;83;89m[38;2;91;83;89m@[0m[48;2;79;68;77m[38;2;79;68;77m░[0m[48;2;101;89;98m[38;2;101;89;98m%[0m[48;2;159;141;154m[38;2;159;141;154m+[0m[48;2;161;140;155m[38;2;161;140;155m+[0m[48;2;161;140;155m[38;2;161;140;155m+[0m[48;2;160;141;155m[38;2;160;141;155m+[0m[48;2;79;66;76m[38;2;79;66;76m░[0m[48;2;6;0;5m[38;2;6;0;5m█[0m[48;2;60;55;59m[38;2;60;55;59m░[0m[48;2;22;17;20m[38;2;22;17;20m▓[0m[48;2;89;83;88m[38;2;89;83;88m@[0m[48;2;27;20;25m[38;2;27;20;25m▓[0m[48;2;21;14;19m[38;2;21;14;19m█[0m[48;2;8;1;6m[38;2;8;1;6m█[0m[48;2;63;53;60m[38;2;63;53;60m░[0m[48;2;152;137;149m[38;2;152;137;149m*[0m[48;2;158;141;154m[38;2;158;141;154m+[0m[48;2;159;141;154m[38;2;159;141;154m+[0m[48;2;136;121;132m[38;2;136;121;132m#[0m[48;2;9;2;8m[38;2;9;2;8m█[0m[48;2;87;77;85m[38;2;87;77;85m@[0m[48;2;130;119;128m[38;2;130;119;128m#[0m[48;2;25;15;23m[38;2;25;15;23m▓[0m[48;2;97;86;95m[38;2;97;86;95m@[0m[48;2;151;138;148m[38;2;151;138;148m*[0m[48;2;132;118;129m[38;2;132;118;129m#[0m[48;2;124;112;121m[38;2;124;112;121m#[0m[48;2;43;35;41m[38;2;43;35;41m▒[0m[48;2;120;115;119m[38;2;120;115;119m#[0m[48;2;216;214;215m[38;2;216;214;215m:[0m                                    
                                         [48;2;235;235;235m[38;2;235;235;235m.[0m[48;2;31;27;30m[38;2;31;27;30m▓[0m[48;2;153;140;148m[38;2;153;140;148m*[0m[48;2;69;57;66m[38;2;69;57;66m░[0m[48;2;113;100;109m[38;2;113;100;109m%[0m[48;2;160;141;154m[38;2;160;141;154m+[0m[48;2;161;140;155m[38;2;161;140;155m+[0m[48;2;161;140;155m[38;2;161;140;155m+[0m[48;2;159;139;153m[38;2;159;139;153m+[0m[48;2;37;25;33m[38;2;37;25;33m▓[0m[48;2;83;74;79m[38;2;83;74;79m@[0m[48;2;216;206;208m[38;2;216;206;208m:[0m[48;2;71;63;67m[38;2;71;63;67m░[0m[48;2;52;29;103m[38;2;52;29;103m▒[0m[48;2;61;30;131m[38;2;61;30;131m▒[0m[48;2;35;13;76m[38;2;35;13;76m▓[0m[48;2;98;89;94m[38;2;98;89;94m%[0m[48;2;153;145;144m[38;2;153;145;144m+[0m[48;2;108;99;99m[38;2;108;99;99m%[0m[48;2;103;93;94m[38;2;103;93;94m%[0m[48;2;103;92;93m[38;2;103;92;93m%[0m[48;2;86;77;78m[38;2;86;77;78m@[0m[48;2;12;4;16m[38;2;12;4;16m█[0m[48;2;32;13;67m[38;2;32;13;67m▓[0m[48;2;46;27;78m[38;2;46;27;78m▒[0m[48;2;21;12;28m[38;2;21;12;28m█[0m[48;2;23;17;22m[38;2;23;17;22m▓[0m[48;2;18;12;17m[38;2;18;12;17m█[0m[48;2;22;15;21m[38;2;22;15;21m█[0m[48;2;30;23;28m[38;2;30;23;28m▓[0m[48;2;53;46;50m[38;2;53;46;50m▒[0m[48;2;48;42;47m[38;2;48;42;47m▒[0m[48;2;12;9;13m[38;2;12;9;13m█[0m[48;2;137;136;138m[38;2;137;136;138m*[0m                                   
                                         [48;2;182;182;182m[38;2;182;182;182m=[0m[48;2;61;55;58m[38;2;61;55;58m░[0m[48;2;159;143;153m[38;2;159;143;153m+[0m[48;2;89;76;85m[38;2;89;76;85m@[0m[48;2;88;77;86m[38;2;88;77;86m@[0m[48;2;160;141;154m[38;2;160;141;154m+[0m[48;2;161;140;155m[38;2;161;140;155m+[0m[48;2;161;140;155m[38;2;161;140;155m+[0m[48;2;158;138;153m[38;2;158;138;153m*[0m[48;2;37;25;32m[38;2;37;25;32m▓[0m[48;2;243;232;235m[38;2;243;232;235m.[0m[48;2;252;238;238m[38;2;252;238;238m [0m[48;2;50;38;44m[38;2;50;38;44m▒[0m[48;2;178;151;197m[38;2;178;151;197m+[0m[48;2;149;101;186m[38;2;149;101;186m#[0m[48;2;63;36;83m[38;2;63;36;83m▒[0m[48;2;163;151;152m[38;2;163;151;152m+[0m[48;2;251;238;231m[38;2;251;238;231m [0m[48;2;251;237;228m[38;2;251;237;228m [0m[48;2;250;236;227m[38;2;250;236;227m [0m[48;2;249;235;228m[38;2;249;235;228m [0m[48;2;190;178;176m[38;2;190;178;176m=[0m[48;2;32;17;42m[38;2;32;17;42m▓[0m[48;2;113;76;173m[38;2;113;76;173m%[0m[48;2;77;37;148m[38;2;77;37;148m░[0m[48;2;38;25;45m[38;2;38;25;45m▓[0m[48;2;223;212;214m[38;2;223;212;214m:[0m[48;2;61;51;53m[38;2;61;51;53m▒[0m[48;2;143;136;137m[38;2;143;136;137m*[0m[48;2;13;8;9m[38;2;13;8;9m█[0m[48;2;31;26;29m[38;2;31;26;29m▓[0m[48;2;130;127;129m[38;2;130;127;129m*[0m[48;2;238;237;238m[38;2;238;237;238m.[0m                                    
                                         [48;2;178;178;178m[38;2;178;178;178m=[0m[48;2;64;58;62m[38;2;64;58;62m░[0m[48;2;159;143;153m[38;2;159;143;153m+[0m[48;2;147;131;142m[38;2;147;131;142m*[0m[48;2;23;15;22m[38;2;23;15;22m█[0m[48;2;129;114;126m[38;2;129;114;126m#[0m[48;2;160;140;155m[38;2;160;140;155m+[0m[48;2;161;140;155m[38;2;161;140;155m+[0m[48;2;160;140;154m[38;2;160;140;154m+[0m[48;2;39;27;35m[38;2;39;27;35m▓[0m[48;2;215;197;198m[38;2;215;197;198m:[0m[48;2;248;227;225m[38;2;248;227;225m.[0m[48;2;91;80;81m[38;2;91;80;81m@[0m[48;2;143;113;143m[38;2;143;113;143m#[0m[48;2;166;123;166m[38;2;166;123;166m*[0m[48;2;61;47;58m[38;2;61;47;58m▒[0m[48;2;240;226;224m[38;2;240;226;224m.[0m[48;2;250;236;228m[38;2;250;236;228m [0m[48;2;250;235;226m[38;2;250;235;226m [0m[48;2;250;235;226m[38;2;250;235;226m [0m[48;2;250;234;227m[38;2;250;234;227m [0m[48;2;218;204;200m[38;2;218;204;200m:[0m[48;2;50;36;45m[38;2;50;36;45m▒[0m[48;2;216;172;222m[38;2;216;172;222m-[0m[48;2;115;79;125m[38;2;115;79;125m%[0m[48;2;124;111;114m[38;2;124;111;114m#[0m[48;2;248;233;230m[38;2;248;233;230m.[0m[48;2;246;230;227m[38;2;246;230;227m.[0m[48;2;177;166;164m[38;2;177;166;164m=[0m[48;2;60;51;53m[38;2;60;51;53m▒[0m[48;2;68;58;65m[38;2;68;58;65m░[0m[48;2;77;73;76m[38;2;77;73;76m@[0m                                     
                                         [48;2;233;233;233m[38;2;233;233;233m.[0m[48;2;40;36;39m[38;2;40;36;39m▒[0m[48;2;111;101;108m[38;2;111;101;108m%[0m[48;2;80;69;77m[38;2;80;69;77m@[0m[48;2;11;4;10m[38;2;11;4;10m█[0m[48;2;13;5;12m[38;2;13;5;12m█[0m[48;2;78;67;76m[38;2;78;67;76m░[0m[48;2;129;115;125m[38;2;129;115;125m#[0m[48;2;153;138;149m[38;2;153;138;149m*[0m[48;2;106;94;102m[38;2;106;94;102m%[0m[48;2;81;68;70m[38;2;81;68;70m░[0m[48;2;239;224;221m[38;2;239;224;221m.[0m[48;2;236;223;219m[38;2;236;223;219m.[0m[48;2;149;137;134m[38;2;149;137;134m*[0m[48;2;146;135;132m[38;2;146;135;132m*[0m[48;2;229;216;212m[38;2;229;216;212m:[0m[48;2;251;236;229m[38;2;251;236;229m [0m[48;2;248;232;224m[38;2;248;232;224m.[0m[48;2;173;158;151m[38;2;173;158;151m+[0m[48;2;224;209;200m[38;2;224;209;200m:[0m[48;2;250;235;226m[38;2;250;235;226m [0m[48;2;249;234;227m[38;2;249;234;227m.[0m[48;2;138;123;123m[38;2;138;123;123m#[0m[48;2;93;74;82m[38;2;93;74;82m@[0m[48;2;110;93;98m[38;2;110;93;98m%[0m[48;2;239;222;217m[38;2;239;222;217m.[0m[48;2;243;211;200m[38;2;243;211;200m:[0m[48;2;244;216;206m[38;2;244;216;206m.[0m[48;2;178;166;164m[38;2;178;166;164m=[0m[48;2;65;56;58m[38;2;65;56;58m░[0m[48;2;146;133;140m[38;2;146;133;140m*[0m[48;2;35;30;33m[38;2;35;30;33m▓[0m                                     
                                          [48;2;71;70;71m[38;2;71;70;71m░[0m[48;2;34;32;33m[38;2;34;32;33m▓[0m[48;2;119;114;117m[38;2;119;114;117m#[0m[48;2;226;216;219m[38;2;226;216;219m:[0m[48;2;175;164;166m[38;2;175;164;166m=[0m[48;2;16;9;10m[38;2;16;9;10m█[0m[48;2;4;1;2m[38;2;4;1;2m█[0m[48;2;17;14;15m[38;2;17;14;15m█[0m[48;2;92;87;89m[38;2;92;87;89m@[0m[48;2;70;65;66m[38;2;70;65;66m░[0m[48;2;80;70;71m[38;2;80;70;71m░[0m[48;2;182;169;167m[38;2;182;169;167m=[0m[48;2;250;237;232m[38;2;250;237;232m [0m[48;2;250;234;228m[38;2;250;234;228m [0m[48;2;250;235;227m[38;2;250;235;227m [0m[48;2;250;235;226m[38;2;250;235;226m [0m[48;2;249;234;225m[38;2;249;234;225m.[0m[48;2;200;185;177m[38;2;200;185;177m-[0m[48;2;228;212;204m[38;2;228;212;204m:[0m[48;2;250;235;226m[38;2;250;235;226m [0m[48;2;250;235;226m[38;2;250;235;226m [0m[48;2;250;235;226m[38;2;250;235;226m [0m[48;2;250;235;226m[38;2;250;235;226m [0m[48;2;250;235;226m[38;2;250;235;226m [0m[48;2;244;225;216m[38;2;244;225;216m.[0m[48;2;242;214;205m[38;2;242;214;205m.[0m[48;2;250;227;221m[38;2;250;227;221m.[0m[48;2;134;123;122m[38;2;134;123;122m#[0m[48;2;38;30;32m[38;2;38;30;32m▓[0m[48;2;33;25;29m[38;2;33;25;29m▓[0m[48;2;185;181;183m[38;2;185;181;183m=[0m                                     
                                         [48;2;166;166;166m[38;2;166;166;166m=[0m[48;2;87;85;86m[38;2;87;85;86m@[0m[48;2;194;192;193m[38;2;194;192;193m-[0m[48;2;79;76;77m[38;2;79;76;77m@[0m[48;2;115;109;110m[38;2;115;109;110m#[0m[48;2;224;216;217m[38;2;224;216;217m:[0m[48;2;113;105;106m[38;2;113;105;106m%[0m[48;2;82;78;80m[38;2;82;78;80m@[0m[48;2;8;6;7m[38;2;8;6;7m█[0m[48;2;75;70;72m[38;2;75;70;72m░[0m[48;2;212;204;205m[38;2;212;204;205m:[0m[48;2;248;237;234m[38;2;248;237;234m [0m[48;2;251;237;233m[38;2;251;237;233m [0m[48;2;251;236;232m[38;2;251;236;232m [0m[48;2;251;235;230m[38;2;251;235;230m [0m[48;2;251;236;229m[38;2;251;236;229m [0m[48;2;251;235;228m[38;2;251;235;228m [0m[48;2;250;235;227m[38;2;250;235;227m [0m[48;2;250;235;227m[38;2;250;235;227m [0m[48;2;250;235;227m[38;2;250;235;227m [0m[48;2;250;235;227m[38;2;250;235;227m [0m[48;2;250;235;227m[38;2;250;235;227m [0m[48;2;250;235;227m[38;2;250;235;227m [0m[48;2;250;235;227m[38;2;250;235;227m [0m[48;2;250;235;227m[38;2;250;235;227m [0m[48;2;252;235;230m[38;2;252;235;230m [0m[48;2;250;236;232m[38;2;250;236;232m [0m[48;2;184;171;172m[38;2;184;171;172m=[0m[48;2;46;37;40m[38;2;46;37;40m▒[0m[48;2;97;90;95m[38;2;97;90;95m%[0m[48;2;57;52;57m[38;2;57;52;57m▒[0m                                      
                                         [48;2;117;117;117m[38;2;117;117;117m#[0m[48;2;118;116;117m[38;2;118;116;117m#[0m[48;2;203;202;204m[38;2;203;202;204m:[0m[48;2;144;143;146m[38;2;144;143;146m*[0m[48;2;2;1;4m[38;2;2;1;4m█[0m[48;2;13;9;13m[38;2;13;9;13m█[0m[48;2;34;29;33m[38;2;34;29;33m▓[0m[48;2;113;111;112m[38;2;113;111;112m#[0m[48;2;136;134;135m[38;2;136;134;135m*[0m[48;2;39;37;38m[38;2;39;37;38m▒[0m[48;2;53;51;52m[38;2;53;51;52m▒[0m[48;2;26;23;24m[38;2;26;23;24m▓[0m[48;2;48;45;46m[38;2;48;45;46m▒[0m[48;2;73;69;70m[38;2;73;69;70m░[0m[48;2;98;92;94m[38;2;98;92;94m%[0m[48;2;116;110;111m[38;2;116;110;111m#[0m[48;2;134;127;128m[38;2;134;127;128m*[0m[48;2;151;143;142m[38;2;151;143;142m*[0m[48;2;167;157;156m[38;2;167;157;156m+[0m[48;2;176;166;164m[38;2;176;166;164m=[0m[48;2;183;172;170m[38;2;183;172;170m=[0m[48;2;184;174;173m[38;2;184;174;173m=[0m[48;2;179;168;167m[38;2;179;168;167m=[0m[48;2;168;157;156m[38;2;168;157;156m+[0m[48;2;148;138;136m[38;2;148;138;136m*[0m[48;2;114;106;106m[38;2;114;106;106m%[0m[48;2;59;52;56m[38;2;59;52;56m▒[0m[48;2;21;15;22m[38;2;21;15;22m█[0m[48;2;15;9;16m[38;2;15;9;16m█[0m[48;2;29;25;31m[38;2;29;25;31m▓[0m[48;2;215;212;216m[38;2;215;212;216m:[0m                                      
                                       [48;2;164;162;163m[38;2;164;162;163m+[0m[48;2;70;65;68m[38;2;70;65;68m░[0m[48;2;48;44;48m[38;2;48;44;48m▒[0m[48;2;103;100;104m[38;2;103;100;104m%[0m[48;2;202;201;204m[38;2;202;201;204m:[0m[48;2;137;136;139m[38;2;137;136;139m*[0m[48;2;2;1;4m[38;2;2;1;4m█[0m[48;2;9;8;11m[38;2;9;8;11m█[0m[48;2;6;5;9m[38;2;6;5;9m█[0m[48;2;118;117;119m[38;2;118;117;119m#[0m [48;2;40;40;40m[38;2;40;40;40m▒[0m[48;2;8;7;8m[38;2;8;7;8m█[0m[48;2;15;14;16m[38;2;15;14;16m█[0m[48;2;3;2;6m[38;2;3;2;6m█[0m[48;2;3;3;7m[38;2;3;3;7m█[0m[48;2;19;18;24m[38;2;19;18;24m▓[0m[48;2;31;29;38m[38;2;31;29;38m▓[0m[48;2;27;24;34m[38;2;27;24;34m▓[0m[48;2;22;19;27m[38;2;22;19;27m▓[0m[48;2;112;109;114m[38;2;112;109;114m#[0m[48;2;60;56;60m[38;2;60;56;60m░[0m[48;2;19;16;19m[38;2;19;16;19m█[0m[48;2;61;58;60m[38;2;61;58;60m░[0m[48;2;71;68;71m[38;2;71;68;71m░[0m[48;2;11;8;11m[38;2;11;8;11m█[0m[48;2;7;5;7m[38;2;7;5;7m█[0m[48;2;5;3;8m[38;2;5;3;8m█[0m[48;2;33;29;43m[38;2;33;29;43m▓[0m[48;2;29;25;40m[38;2;29;25;40m▓[0m[48;2;6;4;13m[38;2;6;4;13m█[0m[48;2;54;52;57m[38;2;54;52;57m▒[0m                                       
                                     [48;2;226;225;226m[38;2;226;225;226m.[0m[48;2;76;71;75m[38;2;76;71;75m░[0m[48;2;93;83;91m[38;2;93;83;91m@[0m[48;2;152;136;148m[38;2;152;136;148m*[0m[48;2;140;126;136m[38;2;140;126;136m*[0m[48;2;42;37;42m[38;2;42;37;42m▒[0m[48;2;194;191;195m[38;2;194;191;195m-[0m[48;2;190;188;191m[38;2;190;188;191m-[0m[48;2;24;22;25m[38;2;24;22;25m▓[0m[48;2;8;7;10m[38;2;8;7;10m█[0m[48;2;13;12;17m[38;2;13;12;17m█[0m[48;2;204;203;207m[38;2;204;203;207m:[0m[48;2;225;223;226m[38;2;225;223;226m.[0m[48;2;23;22;26m[38;2;23;22;26m▓[0m[48;2;12;11;15m[38;2;12;11;15m█[0m[48;2;24;22;31m[38;2;24;22;31m▓[0m[48;2;27;24;37m[38;2;27;24;37m▓[0m[48;2;28;25;36m[38;2;28;25;36m▓[0m[48;2;22;19;27m[38;2;22;19;27m▓[0m[48;2;7;4;11m[38;2;7;4;11m█[0m[48;2;45;42;49m[38;2;45;42;49m▒[0m[48;2;16;13;19m[38;2;16;13;19m█[0m[48;2;6;3;9m[38;2;6;3;9m█[0m[48;2;55;52;57m[38;2;55;52;57m▒[0m[48;2;178;175;179m[38;2;178;175;179m=[0m[48;2;78;76;78m[38;2;78;76;78m@[0m[48;2;45;43;45m[38;2;45;43;45m▒[0m[48;2;18;15;18m[38;2;18;15;18m█[0m[48;2;76;73;69m[38;2;76;73;69m@[0m[48;2;8;4;11m[38;2;8;4;11m█[0m[48;2;32;28;42m[38;2;32;28;42m▓[0m[48;2;23;20;31m[38;2;23;20;31m▓[0m[48;2;163;162;168m[38;2;163;162;168m+[0m[48;2;241;240;243m[38;2;241;240;243m [0m                                       
                                    [48;2;237;237;237m[38;2;237;237;237m.[0m[48;2;48;45;47m[38;2;48;45;47m▒[0m[48;2;130;116;125m[38;2;130;116;125m#[0m[48;2;158;141;152m[38;2;158;141;152m+[0m[48;2;158;139;151m[38;2;158;139;151m*[0m[48;2;144;129;139m[38;2;144;129;139m*[0m[48;2;54;49;54m[38;2;54;49;54m▒[0m[48;2;53;50;54m[38;2;53;50;54m▒[0m[48;2;159;156;160m[38;2;159;156;160m+[0m[48;2;110;107;111m[38;2;110;107;111m%[0m[48;2;14;11;15m[38;2;14;11;15m█[0m[48;2;141;138;144m[38;2;141;138;144m*[0m[48;2;156;153;159m[38;2;156;153;159m+[0m[48;2;44;41;47m[38;2;44;41;47m▒[0m[48;2;25;22;32m[38;2;25;22;32m▓[0m[48;2;17;15;25m[38;2;17;15;25m█[0m[48;2;18;16;28m[38;2;18;16;28m█[0m[48;2;37;32;50m[38;2;37;32;50m▓[0m[48;2;37;31;50m[38;2;37;31;50m▓[0m[48;2;37;31;49m[38;2;37;31;49m▓[0m[48;2;25;21;36m[38;2;25;21;36m▓[0m[48;2;16;12;23m[38;2;16;12;23m█[0m[48;2;69;65;60m[38;2;69;65;60m░[0m[48;2;44;38;30m[38;2;44;38;30m▒[0m[48;2;16;10;11m[38;2;16;10;11m█[0m[48;2;5;1;4m[38;2;5;1;4m█[0m[48;2;9;4;5m[38;2;9;4;5m█[0m[48;2;77;71;65m[38;2;77;71;65m░[0m[48;2;37;29;28m[38;2;37;29;28m▓[0m[48;2;129;123;109m[38;2;129;123;109m#[0m[48;2;7;4;9m[38;2;7;4;9m█[0m[48;2;21;19;28m[38;2;21;19;28m▓[0m[48;2;180;178;184m[38;2;180;178;184m=[0m                                         
                                    [48;2;140;139;139m[38;2;140;139;139m*[0m[48;2;81;75;79m[38;2;81;75;79m@[0m[48;2;158;141;152m[38;2;158;141;152m+[0m[48;2;160;142;153m[38;2;160;142;153m+[0m[48;2;115;99;109m[38;2;115;99;109m%[0m[48;2;72;62;70m[38;2;72;62;70m░[0m[48;2;189;184;189m[38;2;189;184;189m-[0m[48;2;135;132;136m[38;2;135;132;136m*[0m[48;2;22;18;22m[38;2;22;18;22m▓[0m[48;2;59;54;59m[38;2;59;54;59m░[0m[48;2;41;36;41m[38;2;41;36;41m▒[0m[48;2;30;26;32m[38;2;30;26;32m▓[0m[48;2;8;6;11m[38;2;8;6;11m█[0m[48;2;15;11;21m[38;2;15;11;21m█[0m[48;2;16;13;27m[38;2;16;13;27m█[0m[48;2;23;19;35m[38;2;23;19;35m▓[0m[48;2;35;31;49m[38;2;35;31;49m▓[0m[48;2;37;31;52m[38;2;37;31;52m▓[0m[48;2;37;31;52m[38;2;37;31;52m▓[0m[48;2;37;31;52m[38;2;37;31;52m▓[0m[48;2;37;31;52m[38;2;37;31;52m▓[0m[48;2;25;21;38m[38;2;25;21;38m▓[0m[48;2;90;82;76m[38;2;90;82;76m@[0m[48;2;224;209;165m[38;2;224;209;165m:[0m[48;2;196;178;138m[38;2;196;178;138m=[0m[48;2;132;115;85m[38;2;132;115;85m#[0m[48;2;173;156;121m[38;2;173;156;121m+[0m[48;2;222;206;162m[38;2;222;206;162m:[0m[48;2;54;46;38m[38;2;54;46;38m▒[0m[48;2;48;41;43m[38;2;48;41;43m▒[0m[48;2;17;14;21m[38;2;17;14;21m█[0m[48;2;116;115;120m[38;2;116;115;120m#[0m                                          
                                    [48;2;133;133;133m[38;2;133;133;133m*[0m[48;2;87;79;83m[38;2;87;79;83m@[0m[48;2;158;140;152m[38;2;158;140;152m+[0m[48;2;154;137;148m[38;2;154;137;148m*[0m[48;2;39;28;36m[38;2;39;28;36m▓[0m[48;2;160;154;161m[38;2;160;154;161m+[0m[48;2;43;40;44m[38;2;43;40;44m▒[0m[48;2;77;70;76m[38;2;77;70;76m░[0m[48;2;148;134;144m[38;2;148;134;144m*[0m[48;2;158;142;152m[38;2;158;142;152m+[0m[48;2;157;143;153m[38;2;157;143;153m+[0m[48;2;154;142;152m[38;2;154;142;152m+[0m[48;2;26;22;28m[38;2;26;22;28m▓[0m[48;2;35;30;44m[38;2;35;30;44m▓[0m[48;2;37;31;51m[38;2;37;31;51m▓[0m[48;2;37;31;52m[38;2;37;31;52m▓[0m[48;2;37;31;52m[38;2;37;31;52m▓[0m[48;2;37;31;52m[38;2;37;31;52m▓[0m[48;2;37;31;52m[38;2;37;31;52m▓[0m[48;2;37;31;51m[38;2;37;31;51m▓[0m[48;2;28;24;39m[38;2;28;24;39m▓[0m[48;2;12;8;21m[38;2;12;8;21m█[0m[48;2;25;20;26m[38;2;25;20;26m▓[0m[48;2;86;77;70m[38;2;86;77;70m@[0m[48;2;153;141;118m[38;2;153;141;118m*[0m[48;2;207;192;154m[38;2;207;192;154m-[0m[48;2;189;173;140m[38;2;189;173;140m=[0m[48;2;86;71;62m[38;2;86;71;62m@[0m[48;2;19;10;14m[38;2;19;10;14m█[0m[48;2;6;1;7m[38;2;6;1;7m█[0m[48;2;20;18;24m[38;2;20;18;24m▓[0m[48;2;6;5;9m[38;2;6;5;9m█[0m[48;2;113;112;115m[38;2;113;112;115m#[0m[48;2;178;177;179m[38;2;178;177;179m=[0m[48;2;211;211;212m[38;2;211;211;212m:[0m                                       
                                    [48;2;232;232;232m[38;2;232;232;232m.[0m[48;2;63;57;60m[38;2;63;57;60m░[0m[48;2;113;100;108m[38;2;113;100;108m%[0m[48;2;155;140;151m[38;2;155;140;151m*[0m[48;2;70;60;68m[38;2;70;60;68m░[0m[48;2;15;9;15m[38;2;15;9;15m█[0m[48;2;51;45;50m[38;2;51;45;50m▒[0m[48;2;99;91;97m[38;2;99;91;97m%[0m[48;2;132;119;127m[38;2;132;119;127m#[0m[48;2;114;102;110m[38;2;114;102;110m%[0m[48;2;70;58;67m[38;2;70;58;67m░[0m[48;2;87;77;85m[38;2;87;77;85m@[0m[48;2;12;7;14m[38;2;12;7;14m█[0m[48;2;34;29;44m[38;2;34;29;44m▓[0m[48;2;37;31;52m[38;2;37;31;52m▓[0m[48;2;37;31;53m[38;2;37;31;53m▓[0m[48;2;37;31;53m[38;2;37;31;53m▓[0m[48;2;34;28;49m[38;2;34;28;49m▓[0m[48;2;15;11;26m[38;2;15;11;26m█[0m[48;2;10;6;16m[38;2;10;6;16m█[0m[48;2;17;15;20m[38;2;17;15;20m█[0m[48;2;51;48;52m[38;2;51;48;52m▒[0m[48;2;9;7;9m[38;2;9;7;9m█[0m[48;2;74;69;73m[38;2;74;69;73m░[0m[48;2;48;44;48m[38;2;48;44;48m▒[0m[48;2;25;23;25m[38;2;25;23;25m▓[0m[48;2;13;11;14m[38;2;13;11;14m█[0m[48;2;16;12;21m[38;2;16;12;21m█[0m[48;2;39;36;40m[38;2;39;36;40m▒[0m[48;2;6;3;7m[38;2;6;3;7m█[0m[48;2;33;31;35m[38;2;33;31;35m▓[0m[48;2;46;45;50m[38;2;46;45;50m▒[0m[48;2;34;34;38m[38;2;34;34;38m▓[0m[48;2;34;33;38m[38;2;34;33;38m▓[0m[48;2;26;26;29m[38;2;26;26;29m▓[0m                                       
                                      [48;2;128;127;128m[38;2;128;127;128m#[0m[48;2;36;30;34m[38;2;36;30;34m▓[0m[48;2;82;73;81m[38;2;82;73;81m@[0m[48;2;102;92;101m[38;2;102;92;101m%[0m[48;2;96;86;95m[38;2;96;86;95m@[0m[48;2;77;66;75m[38;2;77;66;75m░[0m[48;2;55;45;53m[38;2;55;45;53m▒[0m[48;2;25;17;24m[38;2;25;17;24m▓[0m[48;2;7;1;7m[38;2;7;1;7m█[0m[48;2;23;18;24m[38;2;23;18;24m▓[0m[48;2;12;9;15m[38;2;12;9;15m█[0m[48;2;9;6;15m[38;2;9;6;15m█[0m[48;2;24;19;33m[38;2;24;19;33m▓[0m[48;2;28;23;38m[38;2;28;23;38m▓[0m[48;2;27;22;38m[38;2;27;22;38m▓[0m[48;2;9;5;17m[38;2;9;5;17m█[0m[48;2;4;1;6m[38;2;4;1;6m█[0m[48;2;35;33;35m[38;2;35;33;35m▓[0m[48;2;59;57;58m[38;2;59;57;58m░[0m[48;2;8;6;7m[38;2;8;6;7m█[0m[48;2;16;14;16m[38;2;16;14;16m█[0m[48;2;104;100;103m[38;2;104;100;103m%[0m[48;2;103;99;103m[38;2;103;99;103m%[0m[48;2;85;83;87m[38;2;85;83;87m@[0m[48;2;75;74;77m[38;2;75;74;77m@[0m[48;2;70;68;80m[38;2;70;68;80m░[0m[48;2;20;16;32m[38;2;20;16;32m▓[0m[48;2;26;18;58m[38;2;26;18;58m▓[0m[48;2;10;6;19m[38;2;10;6;19m█[0m[48;2;27;23;34m[38;2;27;23;34m▓[0m[48;2;35;30;47m[38;2;35;30;47m▓[0m[48;2;33;28;46m[38;2;33;28;46m▓[0m[48;2;21;18;31m[38;2;21;18;31m▓[0m[48;2;56;53;60m[38;2;56;53;60m▒[0m[48;2;173;172;176m[38;2;173;172;176m=[0m                                     
                                       [48;2;82;80;81m[38;2;82;80;81m@[0m[48;2;69;64;68m[38;2;69;64;68m░[0m[48;2;107;97;106m[38;2;107;97;106m%[0m[48;2;114;101;113m[38;2;114;101;113m%[0m[48;2;115;101;113m[38;2;115;101;113m%[0m[48;2;119;104;117m[38;2;119;104;117m#[0m[48;2;128;113;126m[38;2;128;113;126m#[0m[48;2;125;113;124m[38;2;125;113;124m#[0m[48;2;118;105;116m[38;2;118;105;116m#[0m[48;2;114;100;111m[38;2;114;100;111m%[0m[48;2;109;96;107m[38;2;109;96;107m%[0m[48;2;108;94;106m[38;2;108;94;106m%[0m[48;2;106;93;104m[38;2;106;93;104m%[0m[48;2;103;92;103m[38;2;103;92;103m%[0m[48;2;97;89;97m[38;2;97;89;97m%[0m[48;2;67;63;66m[38;2;67;63;66m░[0m[48;2;24;21;26m[38;2;24;21;26m▓[0m[48;2;12;8;14m[38;2;12;8;14m█[0m[48;2;27;22;34m[38;2;27;22;34m▓[0m[48;2;36;29;44m[38;2;36;29;44m▓[0m[48;2;27;22;32m[38;2;27;22;32m▓[0m[48;2;211;206;213m[38;2;211;206;213m:[0m [48;2;163;162;166m[38;2;163;162;166m+[0m[48;2;37;34;49m[38;2;37;34;49m▒[0m[48;2;37;29;62m[38;2;37;29;62m▓[0m[48;2;17;13;27m[38;2;17;13;27m█[0m[48;2;12;9;21m[38;2;12;9;21m█[0m[48;2;6;4;10m[38;2;6;4;10m█[0m[48;2;32;28;43m[38;2;32;28;43m▓[0m[48;2;37;31;52m[38;2;37;31;52m▓[0m[48;2;37;31;52m[38;2;37;31;52m▓[0m[48;2;35;30;49m[38;2;35;30;49m▓[0m[48;2;23;19;32m[38;2;23;19;32m▓[0m[48;2;55;52;59m[38;2;55;52;59m▒[0m[48;2;185;185;186m[38;2;185;185;186m-[0m                                   
                                        [48;2;185;185;185m[38;2;185;185;185m-[0m[48;2;120;117;119m[38;2;120;117;119m#[0m[48;2;90;84;90m[38;2;90;84;90m@[0m[48;2;87;79;87m[38;2;87;79;87m@[0m[48;2;93;85;93m[38;2;93;85;93m@[0m[48;2;77;69;77m[38;2;77;69;77m░[0m[48;2;74;66;74m[38;2;74;66;74m░[0m[48;2;76;67;76m[38;2;76;67;76m░[0m[48;2;76;68;77m[38;2;76;68;77m░[0m[48;2;70;62;72m[38;2;70;62;72m░[0m[48;2;64;56;67m[38;2;64;56;67m░[0m[48;2;52;45;55m[38;2;52;45;55m▒[0m[48;2;30;23;34m[38;2;30;23;34m▓[0m[48;2;22;16;27m[38;2;22;16;27m▓[0m[48;2;23;18;33m[38;2;23;18;33m▓[0m[48;2;32;27;44m[38;2;32;27;44m▓[0m[48;2;37;31;51m[38;2;37;31;51m▓[0m[48;2;37;31;52m[38;2;37;31;52m▓[0m[48;2;37;31;52m[38;2;37;31;52m▓[0m[48;2;30;25;41m[38;2;30;25;41m▓[0m[48;2;46;43;51m[38;2;46;43;51m▒[0m[48;2;223;222;226m[38;2;223;222;226m.[0m [48;2;235;235;236m[38;2;235;235;236m.[0m[48;2;169;169;170m[38;2;169;169;170m=[0m[48;2;51;49;56m[38;2;51;49;56m▒[0m[48;2;58;55;65m[38;2;58;55;65m░[0m[48;2;21;20;23m[38;2;21;20;23m▓[0m[48;2;8;6;17m[38;2;8;6;17m█[0m[48;2;32;28;45m[38;2;32;28;45m▓[0m[48;2;37;31;52m[38;2;37;31;52m▓[0m[48;2;37;31;52m[38;2;37;31;52m▓[0m[48;2;37;31;52m[38;2;37;31;52m▓[0m[48;2;35;29;48m[38;2;35;29;48m▓[0m[48;2;20;16;30m[38;2;20;16;30m▓[0m[48;2;88;85;93m[38;2;88;85;93m@[0m[48;2;233;233;234m[38;2;233;233;234m.[0m                                 
                                               [48;2;241;240;241m[38;2;241;240;241m [0m[48;2;121;120;121m[38;2;121;120;121m#[0m[48;2;22;18;27m[38;2;22;18;27m▓[0m[48;2;36;31;48m[38;2;36;31;48m▓[0m[48;2;37;31;50m[38;2;37;31;50m▓[0m[48;2;36;30;51m[38;2;36;30;51m▓[0m[48;2;37;31;52m[38;2;37;31;52m▓[0m[48;2;37;31;52m[38;2;37;31;52m▓[0m[48;2;36;30;51m[38;2;36;30;51m▓[0m[48;2;37;31;52m[38;2;37;31;52m▓[0m[48;2;37;31;52m[38;2;37;31;52m▓[0m[48;2;37;31;52m[38;2;37;31;52m▓[0m[48;2;37;31;51m[38;2;37;31;51m▓[0m[48;2;28;23;40m[38;2;28;23;40m▓[0m[48;2;53;50;60m[38;2;53;50;60m▒[0m[48;2;225;224;226m[38;2;225;224;226m.[0m  [48;2;237;237;237m[38;2;237;237;237m.[0m[48;2;236;236;236m[38;2;236;236;236m.[0m[48;2;118;118;119m[38;2;118;118;119m#[0m[48;2;24;16;68m[38;2;24;16;68m▓[0m[48;2;13;7;45m[38;2;13;7;45m█[0m[48;2;30;26;43m[38;2;30;26;43m▓[0m[48;2;37;31;52m[38;2;37;31;52m▓[0m[48;2;37;31;52m[38;2;37;31;52m▓[0m[48;2;37;31;52m[38;2;37;31;52m▓[0m[48;2;37;31;52m[38;2;37;31;52m▓[0m[48;2;30;25;41m[38;2;30;25;41m▓[0m[48;2;40;38;44m[38;2;40;38;44m▒[0m[48;2;217;217;217m[38;2;217;217;217m:[0m                                