                                                                                                              
                                                                                                              
                                                                                                              
                                                                                                              
                                                                                                              
                                                                                                              
                                                                                                              
                                                                                                              
                                                                                                              
                                                                                                              
                                                                                                              
                                                                                                              
                                                                                                              
                                                [48;2;239;239;239m[38;2;239;239;239m [0m[48;2;185;184;185m[38;2;185;184;185m-[0m[48;2;133;133;134m[38;2;133;133;134m*[0m[48;2;97;97;100m[38;2;97;97;100m%[0m[48;2;69;69;72m[38;2;69;69;72m░[0m[48;2;52;51;56m[38;2;52;51;56m▒[0m[48;2;44;43;49m[38;2;44;43;49m▒[0m[48;2;41;40;46m[38;2;41;40;46m▒[0m[48;2;45;44;51m[38;2;45;44;51m▒[0m[48;2;59;58;64m[38;2;59;58;64m░[0m[48;2;83;82;88m[38;2;83;82;88m@[0m[48;2;129;128;134m[38;2;129;128;134m*[0m[48;2;194;193;196m[38;2;194;193;196m-[0m                                                 
                                              [48;2;161;161;162m[38;2;161;161;162m+[0m[48;2;74;73;77m[38;2;74;73;77m@[0m[48;2;26;24;32m[38;2;26;24;32m▓[0m[48;2;28;26;38m[38;2;28;26;38m▓[0m[48;2;38;36;50m[38;2;38;36;50m▒[0m[48;2;44;42;58m[38;2;44;42;58m▒[0m[48;2;44;43;60m[38;2;44;43;60m▒[0m[48;2;44;43;60m[38;2;44;43;60m▒[0m[48;2;44;43;60m[38;2;44;43;60m▒[0m[48;2;43;43;59m[38;2;43;43;59m▒[0m[48;2;42;43;59m[38;2;42;43;59m▒[0m[48;2;42;43;59m[38;2;42;43;59m▒[0m[48;2;42;42;59m[38;2;42;42;59m▒[0m[48;2;38;37;54m[38;2;38;37;54m▒[0m[48;2;27;25;40m[38;2;27;25;40m▓[0m[48;2;41;39;49m[38;2;41;39;49m▒[0m[48;2;141;140;145m[38;2;141;140;145m*[0m                                               
                                            [48;2;150;149;151m[38;2;150;149;151m+[0m[48;2;34;33;39m[38;2;34;33;39m▓[0m[48;2;31;29;40m[38;2;31;29;40m▓[0m[48;2;44;41;55m[38;2;44;41;55m▒[0m[48;2;62;59;71m[38;2;62;59;71m░[0m[48;2;58;55;67m[38;2;58;55;67m░[0m[48;2;32;28;41m[38;2;32;28;41m▓[0m[48;2;29;25;37m[38;2;29;25;37m▓[0m[48;2;47;44;55m[38;2;47;44;55m▒[0m[48;2;36;33;44m[38;2;36;33;44m▓[0m[48;2;33;31;44m[38;2;33;31;44m▓[0m[48;2;38;37;51m[38;2;38;37;51m▒[0m[48;2;42;43;59m[38;2;42;43;59m▒[0m[48;2;41;43;60m[38;2;41;43;60m▒[0m[48;2;41;43;59m[38;2;41;43;59m▒[0m[48;2;41;43;59m[38;2;41;43;59m▒[0m[48;2;42;42;60m[38;2;42;42;60m▒[0m[48;2;43;42;59m[38;2;43;42;59m▒[0m[48;2;30;29;43m[38;2;30;29;43m▓[0m[48;2;51;49;57m[38;2;51;49;57m▒[0m[48;2;205;204;207m[38;2;205;204;207m:[0m                                             
                                           [48;2;82;81;83m[38;2;82;81;83m@[0m[48;2;21;19;25m[38;2;21;19;25m▓[0m[48;2;25;22;29m[38;2;25;22;29m▓[0m[48;2;32;28;35m[38;2;32;28;35m▓[0m[48;2;52;48;55m[38;2;52;48;55m▒[0m[48;2;67;59;66m[38;2;67;59;66m░[0m[48;2;86;75;86m[38;2;86;75;86m@[0m[48;2;99;86;98m[38;2;99;86;98m@[0m[48;2;122;109;119m[38;2;122;109;119m#[0m[48;2;133;120;128m[38;2;133;120;128m#[0m[48;2;124;111;120m[38;2;124;111;120m#[0m[48;2;106;92;103m[38;2;106;92;103m%[0m[48;2;80;68;79m[38;2;80;68;79m░[0m[48;2;46;38;49m[38;2;46;38;49m▒[0m[48;2;26;20;33m[38;2;26;20;33m▓[0m[48;2;37;33;48m[38;2;37;33;48m▓[0m[48;2;44;43;58m[38;2;44;43;58m▒[0m[48;2;43;43;58m[38;2;43;43;58m▒[0m[48;2;43;43;59m[38;2;43;43;59m▒[0m[48;2;44;43;58m[38;2;44;43;58m▒[0m[48;2;41;38;53m[38;2;41;38;53m▒[0m[48;2;23;21;30m[38;2;23;21;30m▓[0m[48;2;153;152;155m[38;2;153;152;155m+[0m                                            
                                          [48;2;124;123;125m[38;2;124;123;125m#[0m[48;2;18;14;19m[38;2;18;14;19m█[0m[48;2;78;69;79m[38;2;78;69;79m░[0m[48;2;78;67;78m[38;2;78;67;78m░[0m[48;2;62;51;61m[38;2;62;51;61m░[0m[48;2;74;62;73m[38;2;74;62;73m░[0m[48;2;120;106;117m[38;2;120;106;117m#[0m[48;2;155;136;149m[38;2;155;136;149m*[0m[48;2;98;81;93m[38;2;98;81;93m@[0m[48;2;80;65;75m[38;2;80;65;75m░[0m[48;2;62;46;57m[38;2;62;46;57m▒[0m[48;2;138;121;133m[38;2;138;121;133m#[0m[48;2;160;141;155m[38;2;160;141;155m+[0m[48;2;160;141;155m[38;2;160;141;155m+[0m[48;2;159;141;155m[38;2;159;141;155m+[0m[48;2;144;126;140m[38;2;144;126;140m*[0m[48;2;91;77;89m[38;2;91;77;89m@[0m[48;2;43;32;43m[38;2;43;32;43m▓[0m[48;2;54;47;56m[38;2;54;47;56m▒[0m[48;2;32;28;40m[38;2;32;28;40m▓[0m[48;2;26;21;37m[38;2;26;21;37m▓[0m[48;2;19;14;30m[38;2;19;14;30m█[0m[48;2;27;21;44m[38;2;27;21;44m▓[0m[48;2;8;6;11m[38;2;8;6;11m█[0m[48;2;136;135;137m[38;2;136;135;137m*[0m                                           
                                         [48;2;120;120;121m[38;2;120;120;121m#[0m[48;2;63;59;64m[38;2;63;59;64m░[0m[48;2;149;134;146m[38;2;149;134;146m*[0m[48;2;160;141;155m[38;2;160;141;155m+[0m[48;2;153;133;147m[38;2;153;133;147m*[0m[48;2;159;139;153m[38;2;159;139;153m+[0m[48;2;160;139;154m[38;2;160;139;154m+[0m[48;2;161;140;155m[38;2;161;140;155m+[0m[48;2;161;140;155m[38;2;161;140;155m+[0m[48;2;161;140;155m[38;2;161;140;155m+[0m[48;2;157;137;151m[38;2;157;137;151m*[0m[48;2;101;83;95m[38;2;101;83;95m@[0m[48;2;100;82;95m[38;2;100;82;95m@[0m[48;2;153;134;148m[38;2;153;134;148m*[0m[48;2;159;140;154m[38;2;159;140;154m+[0m[48;2;160;141;155m[38;2;160;141;155m+[0m[48;2;161;140;155m[38;2;161;140;155m+[0m[48;2;161;140;155m[38;2;161;140;155m+[0m[48;2;153;135;148m[38;2;153;135;148m*[0m[48;2;73;62;71m[38;2;73;62;71m░[0m[48;2;44;35;60m[38;2;44;35;60m▒[0m[48;2;89;69;138m[38;2;89;69;138m@[0m[48;2;44;29;76m[38;2;44;29;76m▒[0m[48;2;70;51;110m[38;2;70;51;110m░[0m[48;2;6;1;5m[38;2;6;1;5m█[0m[48;2;4;2;5m[38;2;4;2;5m█[0m[48;2;171;170;171m[38;2;171;170;171m=[0m                                          
                                        [48;2;111;110;111m[38;2;111;110;111m#[0m[48;2;81;74;80m[38;2;81;74;80m@[0m[48;2;158;141;152m[38;2;158;141;152m+[0m[48;2;161;140;155m[38;2;161;140;155m+[0m[48;2;161;140;155m[38;2;161;140;155m+[0m[48;2;161;140;155m[38;2;161;140;155m+[0m[48;2;161;140;155m[38;2;161;140;155m+[0m[48;2;161;140;155m[38;2;161;140;155m+[0m[48;2;162;140;155m[38;2;162;140;155m+[0m[48;2;113;93;107m[38;2;113;93;107m%[0m[48;2;131;112;126m[38;2;131;112;126m#[0m[48;2;144;125;139m[38;2;144;125;139m*[0m[48;2;41;27;38m[38;2;41;27;38m▓[0m[48;2;111;94;107m[38;2;111;94;107m%[0m[48;2;66;50;62m[38;2;66;50;62m░[0m[48;2;157;138;152m[38;2;157;138;152m*[0m[48;2;160;141;155m[38;2;160;141;155m+[0m[48;2;161;140;155m[38;2;161;140;155m+[0m[48;2;161;140;155m[38;2;161;140;155m+[0m[48;2;161;140;155m[38;2;161;140;155m+[0m[48;2;160;140;154m[38;2;160;140;154m+[0m[48;2;98;82;94m[38;2;98;82;94m@[0m[48;2;39;23;48m[38;2;39;23;48m▓[0m[48;2;110;82;164m[38;2;110;82;164m%[0m[48;2;56;35;90m[38;2;56;35;90m▒[0m[48;2;52;39;74m[38;2;52;39;74m▒[0m[48;2;13;10;15m[38;2;13;10;15m█[0m[48;2;32;29;34m[38;2;32;29;34m▓[0m[48;2;234;233;234m[38;2;234;233;234m.[0m                                         
                                       [48;2;185;185;185m[38;2;185;185;185m-[0m[48;2;51;47;50m[38;2;51;47;50m▒[0m[48;2;100;89;98m[38;2;100;89;98m%[0m[48;2;93;79;90m[38;2;93;79;90m@[0m[48;2;85;69;82m[38;2;85;69;82m@[0m[48;2;161;141;156m[38;2;161;141;156m+[0m[48;2;161;140;155m[38;2;161;140;155m+[0m[48;2;161;140;155m[38;2;161;140;155m+[0m[48;2;161;140;155m[38;2;161;140;155m+[0m[48;2;161;141;155m[38;2;161;141;155m+[0m[48;2;74;59;71m[38;2;74;59;71m░[0m[48;2;97;82;94m[38;2;97;82;94m@[0m[48;2;156;138;152m[38;2;156;138;152m*[0m[48;2;49;36;47m[38;2;49;36;47m▒[0m[48;2;84;71;83m[38;2;84;71;83m@[0m[48;2;80;68;78m[38;2;80;68;78m░[0m[48;2;72;57;69m[38;2;72;57;69m░[0m[48;2;154;136;150m[38;2;154;136;150m*[0m[48;2;160;141;155m[38;2;160;141;155m+[0m[48;2;161;140;155m[38;2;161;140;155m+[0m[48;2;161;140;155m[38;2;161;140;155m+[0m[48;2;161;140;155m[38;2;161;140;155m+[0m[48;2;160;141;154m[38;2;160;141;154m+[0m[48;2;102;86;97m[38;2;102;86;97m%[0m[48;2;43;28;57m[38;2;43;28;57m▓[0m[48;2;12;4;19m[38;2;12;4;19m█[0m[48;2;10;5;15m[38;2;10;5;15m█[0m[48;2;30;26;36m[38;2;30;26;36m▓[0m[48;2;26;21;31m[38;2;26;21;31m▓[0m[48;2;127;124;128m[38;2;127;124;128m#[0m                                         
                                       [48;2;71;69;70m[38;2;71;69;70m░[0m[48;2;118;109;116m[38;2;118;109;116m#[0m[48;2;21;13;19m[38;2;21;13;19m█[0m[48;2;32;24;30m[38;2;32;24;30m▓[0m[48;2;101;91;101m[38;2;101;91;101m%[0m[48;2;110;95;107m[38;2;110;95;107m%[0m[48;2;151;134;147m[38;2;151;134;147m*[0m[48;2;152;132;146m[38;2;152;132;146m*[0m[48;2;161;140;155m[38;2;161;140;155m+[0m[48;2;160;141;155m[38;2;160;141;155m+[0m[48;2;107;92;104m[38;2;107;92;104m%[0m[48;2;19;9;18m[38;2;19;9;18m█[0m[48;2;125;113;124m[38;2;125;113;124m#[0m[48;2;131;117;130m[38;2;131;117;130m#[0m[48;2;15;7;15m[38;2;15;7;15m█[0m[48;2;48;40;47m[38;2;48;40;47m▒[0m[48;2;57;47;56m[38;2;57;47;56m▒[0m[48;2;42;31;40m[38;2;42;31;40m▓[0m[48;2;105;92;102m[38;2;105;92;102m%[0m[48;2;155;138;150m[38;2;155;138;150m*[0m[48;2;160;141;155m[38;2;160;141;155m+[0m[48;2;161;140;155m[38;2;161;140;155m+[0m[48;2;161;140;155m[38;2;161;140;155m+[0m[48;2;160;141;155m[38;2;160;141;155m+[0m[48;2;124;110;120m[38;2;124;110;120m#[0m[48;2;44;34;42m[38;2;44;34;42m▒[0m[48;2;40;33;41m[38;2;40;33;41m▓[0m[48;2;41;36;47m[38;2;41;36;47m▒[0m[48;2;41;37;48m[38;2;41;37;48m▒[0m[48;2;38;36;41m[38;2;38;36;41m▒[0m                                         
                                       [48;2;33;29;31m[38;2;33;29;31m▓[0m[48;2;117;105;114m[38;2;117;105;114m%[0m[48;2;10;3;9m[38;2;10;3;9m█[0m[48;2;47;40;45m[38;2;47;40;45m▒[0m[48;2;110;101;109m[38;2;110;101;109m%[0m[48;2;21;11;19m[38;2;21;11;19m█[0m[48;2;29;19;27m[38;2;29;19;27m▓[0m[48;2;43;32;41m[38;2;43;32;41m▓[0m[48;2;150;135;147m[38;2;150;135;147m*[0m[48;2;155;139;152m[38;2;155;139;152m*[0m[48;2;143;129;140m[38;2;143;129;140m*[0m[48;2;25;16;25m[38;2;25;16;25m▓[0m[48;2;33;26;33m[38;2;33;26;33m▓[0m[48;2;84;77;85m[38;2;84;77;85m@[0m[48;2;60;52;63m[38;2;60;52;63m░[0m[48;2;41;33;42m[38;2;41;33;42m▓[0m[48;2;43;35;41m[38;2;43;35;41m▒[0m[48;2;18;12;16m[38;2;18;12;16m█[0m[48;2;21;14;17m[38;2;21;14;17m█[0m[48;2;23;13;17m[38;2;23;13;17m█[0m[48;2;53;43;49m[38;2;53;43;49m▒[0m[48;2;54;44;52m[38;2;54;44;52m▒[0m[48;2;76;65;74m[38;2;76;65;74m░[0m[48;2;80;69;78m[38;2;80;69;78m@[0m[48;2;79;68;77m[38;2;79;68;77m░[0m[48;2;69;58;67m[38;2;69;58;67m░[0m[48;2;33;25;32m[38;2;33;25;32m▓[0m[48;2;15;11;19m[38;2;15;11;19m█[0m[48;2;39;35;45m[38;2;39;35;45m▒[0m[48;2;14;12;17m[38;2;14;12;17m█[0m                                         
                                      [48;2;237;237;237m[38;2;237;237;237m.[0m[48;2;32;28;30m[38;2;32;28;30m▓[0m[48;2;98;88;95m[38;2;98;88;95m%[0m[48;2;29;22;26m[38;2;29;22;26m▓[0m[48;2;63;54;60m[38;2;63;54;60m░[0m[48;2;40;31;38m[38;2;40;31;38m▓[0m[48;2;30;17;43m[38;2;30;17;43m▓[0m[48;2;42;26;61m[38;2;42;26;61m▓[0m[48;2;19;6;37m[38;2;19;6;37m█[0m[48;2;50;42;50m[38;2;50;42;50m▒[0m[48;2;109;99;104m[38;2;109;99;104m%[0m[48;2;120;110;112m[38;2;120;110;112m#[0m[48;2;139;129;132m[38;2;139;129;132m*[0m[48;2;31;23;27m[38;2;31;23;27m▓[0m[48;2;50;28;97m[38;2;50;28;97m▒[0m[48;2;66;34;137m[38;2;66;34;137m░[0m[48;2;44;19;95m[38;2;44;19;95m▓[0m[48;2;145;134;141m[38;2;145;134;141m*[0m[48;2;118;108;111m[38;2;118;108;111m#[0m[48;2;206;195;195m[38;2;206;195;195m-[0m[48;2;204;193;193m[38;2;204;193;193m-[0m[48;2;26;18;21m[38;2;26;18;21m▓[0m[48;2;103;93;99m[38;2;103;93;99m%[0m[48;2;104;95;102m[38;2;104;95;102m%[0m[48;2;110;97;107m[38;2;110;97;107m%[0m[48;2;42;33;41m[38;2;42;33;41m▒[0m[48;2;128;116;125m[38;2;128;116;125m#[0m[48;2;152;140;149m[38;2;152;140;149m*[0m[48;2;119;107;116m[38;2;119;107;116m#[0m[48;2;75;64;74m[38;2;75;64;74m░[0m[48;2;41;34;41m[38;2;41;34;41m▒[0m[48;2;90;85;90m[38;2;90;85;90m@[0m[48;2;157;155;157m[38;2;157;155;157m+[0m[48;2;217;216;218m[38;2;217;216;218m:[0m                                      
                                       [48;2;43;41;42m[38;2;43;41;42m▒[0m[48;2;88;78;86m[38;2;88;78;86m@[0m[48;2;13;7;11m[38;2;13;7;11m█[0m[48;2;201;194;196m[38;2;201;194;196m-[0m[48;2;76;69;72m[38;2;76;69;72m░[0m[48;2;78;54;121m[38;2;78;54;121m░[0m[48;2;109;70;169m[38;2;109;70;169m%[0m[48;2;80;44;136m[38;2;80;44;136m░[0m[48;2;78;69;78m[38;2;78;69;78m░[0m[48;2;248;235;233m[38;2;248;235;233m [0m[48;2;250;235;230m[38;2;250;235;230m [0m[48;2;249;235;231m[38;2;249;235;231m [0m[48;2;121;110;109m[38;2;121;110;109m#[0m[48;2;88;70;100m[38;2;88;70;100m@[0m[48;2;169;126;198m[38;2;169;126;198m+[0m[48;2;84;52;106m[38;2;84;52;106m░[0m[48;2;139;130;131m[38;2;139;130;131m*[0m[48;2;251;236;231m[38;2;251;236;231m [0m[48;2;250;233;230m[38;2;250;233;230m [0m[48;2;250;233;230m[38;2;250;233;230m [0m[48;2;150;136;135m[38;2;150;136;135m*[0m[48;2;65;55;60m[38;2;65;55;60m░[0m[48;2;153;140;150m[38;2;153;140;150m*[0m[48;2;159;144;155m[38;2;159;144;155m+[0m[48;2;141;124;137m[38;2;141;124;137m*[0m[48;2;68;54;65m[38;2;68;54;65m░[0m[48;2;68;58;67m[38;2;68;58;67m░[0m[48;2;121;109;119m[38;2;121;109;119m#[0m[48;2;153;138;149m[38;2;153;138;149m*[0m[48;2;156;140;150m[38;2;156;140;150m*[0m[48;2;145;130;140m[38;2;145;130;140m*[0m[48;2;125;109;121m[38;2;125;109;121m#[0m[48;2;87;75;85m[38;2;87;75;85m@[0m[48;2;73;65;72m[38;2;73;65;72m░[0m[48;2;143;140;143m[38;2;143;140;143m*[0m[48;2;240;240;241m[38;2;240;240;241m [0m                                   
                                       [48;2;126;125;125m[38;2;126;125;125m#[0m[48;2;65;57;63m[38;2;65;57;63m░[0m[48;2;45;38;42m[38;2;45;38;42m▒[0m[48;2;217;208;209m[38;2;217;208;209m:[0m[48;2;189;178;179m[38;2;189;178;179m=[0m[48;2;70;53;66m[38;2;70;53;66m░[0m[48;2;213;170;214m[38;2;213;170;214m-[0m[48;2;150;110;159m[38;2;150;110;159m#[0m[48;2;103;91;95m[38;2;103;91;95m%[0m[48;2;249;236;230m[38;2;249;236;230m [0m[48;2;249;234;229m[38;2;249;234;229m [0m[48;2;250;234;228m[38;2;250;234;228m [0m[48;2;237;222;219m[38;2;237;222;219m.[0m[48;2;82;68;70m[38;2;82;68;70m░[0m[48;2;111;85;106m[38;2;111;85;106m%[0m[48;2;62;46;58m[38;2;62;46;58m▒[0m[48;2;225;213;210m[38;2;225;213;210m:[0m[48;2;241;217;205m[38;2;241;217;205m.[0m[48;2;234;194;181m[38;2;234;194;181m:[0m[48;2;248;226;215m[38;2;248;226;215m.[0m[48;2;249;234;229m[38;2;249;234;229m [0m[48;2;170;158;159m[38;2;170;158;159m+[0m[48;2;49;40;46m[38;2;49;40;46m▒[0m[48;2;130;117;126m[38;2;130;117;126m#[0m[48;2;85;70;81m[38;2;85;70;81m@[0m[48;2;145;130;141m[38;2;145;130;141m*[0m[48;2;141;130;139m[38;2;141;130;139m*[0m[48;2;92;82;90m[38;2;92;82;90m@[0m[48;2;67;57;65m[38;2;67;57;65m░[0m[48;2;66;57;64m[38;2;66;57;64m░[0m[48;2;75;65;73m[38;2;75;65;73m░[0m[48;2;93;82;91m[38;2;93;82;91m@[0m[48;2;108;95;106m[38;2;108;95;106m%[0m[48;2;123;111;122m[38;2;123;111;122m#[0m[48;2;105;95;104m[38;2;105;95;104m%[0m[48;2;57;52;57m[38;2;57;52;57m▒[0m[48;2;175;174;176m[38;2;175;174;176m=[0m                                  
                                       [48;2;239;239;239m[38;2;239;239;239m [0m[48;2;56;52;55m[38;2;56;52;55m▒[0m[48;2;34;27;32m[38;2;34;27;32m▓[0m[48;2;131;122;124m[38;2;131;122;124m#[0m[48;2;235;218;217m[38;2;235;218;217m.[0m[48;2;170;155;154m[38;2;170;155;154m+[0m[48;2;97;80;86m[38;2;97;80;86m@[0m[48;2;100;85;91m[38;2;100;85;91m@[0m[48;2;223;211;209m[38;2;223;211;209m:[0m[48;2;211;197;193m[38;2;211;197;193m-[0m[48;2;111;96;93m[38;2;111;96;93m%[0m[48;2;189;174;169m[38;2;189;174;169m=[0m[48;2;252;236;230m[38;2;252;236;230m [0m[48;2;250;234;230m[38;2;250;234;230m [0m[48;2;216;201;196m[38;2;216;201;196m:[0m[48;2;239;225;218m[38;2;239;225;218m.[0m[48;2;252;236;230m[38;2;252;236;230m [0m[48;2;243;224;214m[38;2;243;224;214m.[0m[48;2;246;226;217m[38;2;246;226;217m.[0m[48;2;251;233;228m[38;2;251;233;228m [0m[48;2;250;234;229m[38;2;250;234;229m [0m[48;2;142;129;128m[38;2;142;129;128m*[0m[48;2;65;56;60m[38;2;65;56;60m░[0m[48;2;60;51;57m[38;2;60;51;57m▒[0m[48;2;23;13;20m[38;2;23;13;20m█[0m[48;2;37;29;35m[38;2;37;29;35m▓[0m[48;2;57;48;56m[38;2;57;48;56m▒[0m[48;2;87;78;86m[38;2;87;78;86m@[0m[48;2;99;89;98m[38;2;99;89;98m%[0m[48;2;92;83;90m[38;2;92;83;90m@[0m[48;2;65;58;65m[38;2;65;58;65m░[0m[48;2;41;34;41m[38;2;41;34;41m▒[0m[48;2;50;42;49m[38;2;50;42;49m▒[0m[48;2;90;80;88m[38;2;90;80;88m@[0m[48;2;150;134;145m[38;2;150;134;145m*[0m[48;2;151;136;147m[38;2;151;136;147m*[0m[48;2;69;62;68m[38;2;69;62;68m░[0m[48;2;121;120;121m[38;2;121;120;121m#[0m                                 
                                        [48;2;127;126;126m[38;2;127;126;126m#[0m[48;2;9;4;7m[38;2;9;4;7m█[0m[48;2;42;36;40m[38;2;42;36;40m▒[0m[48;2;193;181;179m[38;2;193;181;179m-[0m[48;2;250;234;230m[38;2;250;234;230m [0m[48;2;251;235;229m[38;2;251;235;229m [0m[48;2;250;234;228m[38;2;250;234;228m [0m[48;2;250;235;227m[38;2;250;235;227m [0m[48;2;250;235;227m[38;2;250;235;227m [0m[48;2;250;235;227m[38;2;250;235;227m [0m[48;2;250;234;228m[38;2;250;234;228m [0m[48;2;250;234;228m[38;2;250;234;228m [0m[48;2;250;234;228m[38;2;250;234;228m [0m[48;2;250;235;227m[38;2;250;235;227m [0m[48;2;250;235;227m[38;2;250;235;227m [0m[48;2;250;234;228m[38;2;250;234;228m [0m[48;2;250;235;227m[38;2;250;235;227m [0m[48;2;250;235;227m[38;2;250;235;227m [0m[48;2;235;220;215m[38;2;235;220;215m.[0m[48;2;125;114;112m[38;2;125;114;112m#[0m[48;2;13;6;8m[38;2;13;6;8m█[0m[48;2;46;41;45m[38;2;46;41;45m▒[0m[48;2;38;31;37m[38;2;38;31;37m▓[0m[48;2;140;132;137m[38;2;140;132;137m*[0m[48;2;164;158;163m[38;2;164;158;163m+[0m[48;2;33;27;31m[38;2;33;27;31m▓[0m[48;2;90;84;87m[38;2;90;84;87m@[0m[48;2;125;113;122m[38;2;125;113;122m#[0m[48;2;130;116;126m[38;2;130;116;126m#[0m[48;2;147;130;142m[38;2;147;130;142m*[0m[48;2;160;141;155m[38;2;160;141;155m+[0m[48;2;161;142;156m[38;2;161;142;156m+[0m[48;2;161;141;155m[38;2;161;141;155m+[0m[48;2;161;140;155m[38;2;161;140;155m+[0m[48;2;161;140;155m[38;2;161;140;155m+[0m[48;2;158;141;154m[38;2;158;141;154m+[0m[48;2;80;71;79m[38;2;80;71;79m@[0m[48;2;125;123;125m[38;2;125;123;125m#[0m                                
                                        [48;2;214;214;214m[38;2;214;214;214m:[0m[48;2;109;107;108m[38;2;109;107;108m%[0m[48;2;109;104;107m[38;2;109;104;107m%[0m[48;2;207;198;198m[38;2;207;198;198m-[0m[48;2;240;227;224m[38;2;240;227;224m.[0m[48;2;248;233;230m[38;2;248;233;230m.[0m[48;2;249;234;230m[38;2;249;234;230m [0m[48;2;249;234;230m[38;2;249;234;230m [0m[48;2;250;235;230m[38;2;250;235;230m [0m[48;2;248;233;229m[38;2;248;233;229m.[0m[48;2;244;229;225m[38;2;244;229;225m.[0m[48;2;226;212;207m[38;2;226;212;207m:[0m[48;2;206;192;188m[38;2;206;192;188m-[0m[48;2;181;168;164m[38;2;181;168;164m=[0m[48;2;152;141;138m[38;2;152;141;138m*[0m[48;2;123;112;110m[38;2;123;112;110m#[0m[48;2;82;75;75m[38;2;82;75;75m@[0m[48;2;46;39;40m[38;2;46;39;40m▒[0m[48;2;25;20;23m[38;2;25;20;23m▓[0m[48;2;5;2;6m[38;2;5;2;6m█[0m[48;2;5;2;6m[38;2;5;2;6m█[0m[48;2;192;189;193m[38;2;192;189;193m-[0m[48;2;112;109;113m[38;2;112;109;113m#[0m[48;2;36;30;35m[38;2;36;30;35m▓[0m[48;2;104;99;104m[38;2;104;99;104m%[0m[48;2;121;114;119m[38;2;121;114;119m#[0m[48;2;67;59;65m[38;2;67;59;65m░[0m[48;2;157;143;153m[38;2;157;143;153m+[0m[48;2;161;140;155m[38;2;161;140;155m+[0m[48;2;161;140;155m[38;2;161;140;155m+[0m[48;2;161;140;155m[38;2;161;140;155m+[0m[48;2;161;140;155m[38;2;161;140;155m+[0m[48;2;161;140;155m[38;2;161;140;155m+[0m[48;2;161;140;155m[38;2;161;140;155m+[0m[48;2;161;140;155m[38;2;161;140;155m+[0m[48;2;161;140;155m[38;2;161;140;155m+[0m[48;2;157;139;152m[38;2;157;139;152m*[0m[48;2;46;38;44m[38;2;46;38;44m▒[0m[48;2;197;195;197m[38;2;197;195;197m-[0m                               
                                          [48;2;187;185;186m[38;2;187;185;186m-[0m[48;2;79;77;79m[38;2;79;77;79m@[0m[48;2;14;12;14m[38;2;14;12;14m█[0m[48;2;17;14;17m[38;2;17;14;17m█[0m[48;2;23;20;22m[38;2;23;20;22m▓[0m[48;2;31;27;30m[38;2;31;27;30m▓[0m[48;2;42;38;41m[38;2;42;38;41m▒[0m[48;2;34;31;33m[38;2;34;31;33m▓[0m[48;2;68;64;67m[38;2;68;64;67m░[0m[48;2;73;66;69m[38;2;73;66;69m░[0m[48;2;73;66;68m[38;2;73;66;68m░[0m[48;2;16;12;14m[38;2;16;12;14m█[0m[48;2;45;41;45m[38;2;45;41;45m▒[0m[48;2;29;25;27m[38;2;29;25;27m▓[0m[48;2;6;2;7m[38;2;6;2;7m█[0m[48;2;14;11;17m[38;2;14;11;17m█[0m[48;2;10;7;15m[38;2;10;7;15m█[0m[48;2;21;19;27m[38;2;21;19;27m▓[0m[48;2;27;26;32m[38;2;27;26;32m▓[0m[48;2;240;239;244m[38;2;240;239;244m [0m[48;2;184;182;186m[38;2;184;182;186m-[0m[48;2;67;65;68m[38;2;67;65;68m░[0m[48;2;196;194;197m[38;2;196;194;197m-[0m[48;2;189;185;189m[38;2;189;185;189m-[0m[48;2;29;23;28m[38;2;29;23;28m▓[0m[48;2;155;141;151m[38;2;155;141;151m+[0m[48;2;161;140;155m[38;2;161;140;155m+[0m[48;2;161;140;155m[38;2;161;140;155m+[0m[48;2;161;140;155m[38;2;161;140;155m+[0m[48;2;161;140;155m[38;2;161;140;155m+[0m[48;2;161;140;155m[38;2;161;140;155m+[0m[48;2;161;140;155m[38;2;161;140;155m+[0m[48;2;161;140;155m[38;2;161;140;155m+[0m[48;2;161;140;155m[38;2;161;140;155m+[0m[48;2;161;140;155m[38;2;161;140;155m+[0m[48;2;109;94;105m[38;2;109;94;105m%[0m[48;2;111;105;110m[38;2;111;105;110m%[0m                               
                                       [48;2;180;180;180m[38;2;180;180;180m=[0m[48;2;68;67;68m[38;2;68;67;68m░[0m[48;2;19;19;20m[38;2;19;19;20m▓[0m[48;2;23;20;27m[38;2;23;20;27m▓[0m[48;2;26;22;34m[38;2;26;22;34m▓[0m[48;2;27;23;34m[38;2;27;23;34m▓[0m[48;2;9;6;14m[38;2;9;6;14m█[0m[48;2;8;5;9m[38;2;8;5;9m█[0m[48;2;51;48;52m[38;2;51;48;52m▒[0m[48;2;49;45;50m[38;2;49;45;50m▒[0m[48;2;24;21;26m[38;2;24;21;26m▓[0m[48;2;83;80;84m[38;2;83;80;84m@[0m[48;2;125;120;125m[38;2;125;120;125m#[0m[48;2;9;5;8m[38;2;9;5;8m█[0m[48;2;42;39;43m[38;2;42;39;43m▒[0m[48;2;14;11;16m[38;2;14;11;16m█[0m[48;2;34;30;36m[38;2;34;30;36m▓[0m[48;2;24;18;30m[38;2;24;18;30m▓[0m[48;2;32;27;41m[38;2;32;27;41m▓[0m[48;2;4;2;12m[38;2;4;2;12m█[0m[48;2;15;13;21m[38;2;15;13;21m█[0m[48;2;33;32;37m[38;2;33;32;37m▓[0m[48;2;241;240;243m[38;2;241;240;243m [0m[48;2;240;239;242m[38;2;240;239;242m [0m[48;2;76;75;78m[38;2;76;75;78m@[0m[48;2;146;144;147m[38;2;146;144;147m*[0m[48;2;199;197;201m[38;2;199;197;201m-[0m[48;2;33;29;33m[38;2;33;29;33m▓[0m[48;2;149;135;145m[38;2;149;135;145m*[0m[48;2;161;140;155m[38;2;161;140;155m+[0m[48;2;161;140;155m[38;2;161;140;155m+[0m[48;2;161;140;155m[38;2;161;140;155m+[0m[48;2;161;140;155m[38;2;161;140;155m+[0m[48;2;161;140;155m[38;2;161;140;155m+[0m[48;2;161;140;155m[38;2;161;140;155m+[0m[48;2;161;140;155m[38;2;161;140;155m+[0m[48;2;161;140;155m[38;2;161;140;155m+[0m[48;2;161;140;155m[38;2;161;140;155m+[0m[48;2;137;119;132m[38;2;137;119;132m#[0m[48;2;71;64;69m[38;2;71;64;69m░[0m                               
                                       [48;2;42;41;42m[38;2;42;41;42m▒[0m[48;2;69;68;70m[38;2;69;68;70m░[0m[48;2;30;29;33m[38;2;30;29;33m▓[0m[48;2;34;30;45m[38;2;34;30;45m▓[0m[48;2;37;32;51m[38;2;37;32;51m▓[0m[48;2;37;32;47m[38;2;37;32;47m▓[0m[48;2;10;7;18m[38;2;10;7;18m█[0m[48;2;23;20;30m[38;2;23;20;30m▓[0m[48;2;13;10;20m[38;2;13;10;20m█[0m[48;2;50;46;54m[38;2;50;46;54m▒[0m[48;2;21;17;24m[38;2;21;17;24m▓[0m[48;2;31;27;31m[38;2;31;27;31m▓[0m[48;2;80;77;81m[38;2;80;77;81m@[0m[48;2;11;9;12m[38;2;11;9;12m█[0m[48;2;7;4;8m[38;2;7;4;8m█[0m[48;2;12;8;13m[38;2;12;8;13m█[0m[48;2;88;77;78m[38;2;88;77;78m@[0m[48;2;138;126;119m[38;2;138;126;119m*[0m[48;2;58;49;55m[38;2;58;49;55m▒[0m[48;2;31;27;43m[38;2;31;27;43m▓[0m[48;2;15;11;22m[38;2;15;11;22m█[0m[48;2;6;4;11m[38;2;6;4;11m█[0m[48;2;141;139;144m[38;2;141;139;144m*[0m[48;2;208;205;210m[38;2;208;205;210m:[0m[48;2;208;205;209m[38;2;208;205;209m:[0m[48;2;55;52;56m[38;2;55;52;56m▒[0m[48;2;98;95;99m[38;2;98;95;99m%[0m[48;2;46;38;44m[38;2;46;38;44m▒[0m[48;2;156;142;152m[38;2;156;142;152m+[0m[48;2;151;134;146m[38;2;151;134;146m*[0m[48;2;140;121;135m[38;2;140;121;135m*[0m[48;2;161;140;155m[38;2;161;140;155m+[0m[48;2;161;140;155m[38;2;161;140;155m+[0m[48;2;161;140;155m[38;2;161;140;155m+[0m[48;2;161;140;155m[38;2;161;140;155m+[0m[48;2;161;140;155m[38;2;161;140;155m+[0m[48;2;161;140;155m[38;2;161;140;155m+[0m[48;2;161;140;155m[38;2;161;140;155m+[0m[48;2;120;102;116m[38;2;120;102;116m%[0m[48;2;95;87;93m[38;2;95;87;93m@[0m                               
                                       [48;2;196;195;196m[38;2;196;195;196m-[0m[48;2;60;58;59m[38;2;60;58;59m░[0m[48;2;126;123;126m[38;2;126;123;126m#[0m[48;2;20;17;25m[38;2;20;17;25m▓[0m[48;2;35;30;46m[38;2;35;30;46m▓[0m[48;2;34;29;46m[38;2;34;29;46m▓[0m[48;2;7;4;15m[38;2;7;4;15m█[0m[48;2;35;30;47m[38;2;35;30;47m▓[0m[48;2;27;22;38m[38;2;27;22;38m▓[0m[48;2;19;16;23m[38;2;19;16;23m█[0m[48;2;12;8;14m[38;2;12;8;14m█[0m[48;2;9;5;10m[38;2;9;5;10m█[0m[48;2;3;0;4m[38;2;3;0;4m█[0m[48;2;49;46;50m[38;2;49;46;50m▒[0m[48;2;44;39;39m[38;2;44;39;39m▒[0m[48;2;22;17;18m[38;2;22;17;18m▓[0m[48;2;92;83;83m[38;2;92;83;83m@[0m[48;2;110;99;97m[38;2;110;99;97m%[0m[48;2;69;61;66m[38;2;69;61;66m░[0m[48;2;36;30;51m[38;2;36;30;51m▓[0m[48;2;37;31;51m[38;2;37;31;51m▓[0m[48;2;33;28;45m[38;2;33;28;45m▓[0m[48;2;14;10;23m[38;2;14;10;23m█[0m[48;2;18;14;24m[38;2;18;14;24m█[0m[48;2;70;66;74m[38;2;70;66;74m░[0m[48;2;85;80;86m[38;2;85;80;86m@[0m[48;2;113;106;112m[38;2;113;106;112m%[0m[48;2;135;126;134m[38;2;135;126;134m*[0m[48;2;91;81;90m[38;2;91;81;90m@[0m[48;2;29;19;28m[38;2;29;19;28m▓[0m[48;2;95;80;91m[38;2;95;80;91m@[0m[48;2;161;140;155m[38;2;161;140;155m+[0m[48;2;161;140;155m[38;2;161;140;155m+[0m[48;2;161;140;155m[38;2;161;140;155m+[0m[48;2;161;140;155m[38;2;161;140;155m+[0m[48;2;161;140;155m[38;2;161;140;155m+[0m[48;2;161;140;155m[38;2;161;140;155m+[0m[48;2;154;136;150m[38;2;154;136;150m*[0m[48;2;48;38;46m[38;2;48;38;46m▒[0m[48;2;202;198;202m[38;2;202;198;202m-[0m                               
                                        [48;2;216;216;216m[38;2;216;216;216m:[0m[48;2;59;56;59m[38;2;59;56;59m░[0m[48;2;152;150;152m[38;2;152;150;152m+[0m[48;2;34;31;37m[38;2;34;31;37m▓[0m[48;2;18;14;25m[38;2;18;14;25m█[0m[48;2;16;12;22m[38;2;16;12;22m█[0m[48;2;36;31;50m[38;2;36;31;50m▓[0m[48;2;35;30;48m[38;2;35;30;48m▓[0m[48;2;16;10;19m[38;2;16;10;19m█[0m[48;2;114;107;99m[38;2;114;107;99m%[0m[48;2;105;95;78m[38;2;105;95;78m%[0m[48;2;53;41;33m[38;2;53;41;33m▒[0m[48;2;114;102;82m[38;2;114;102;82m%[0m[48;2;198;185;154m[38;2;198;185;154m-[0m[48;2;43;35;32m[38;2;43;35;32m▒[0m[48;2;34;28;39m[38;2;34;28;39m▓[0m[48;2;47;37;54m[38;2;47;37;54m▒[0m[48;2;37;29;51m[38;2;37;29;51m▓[0m[48;2;36;30;51m[38;2;36;30;51m▓[0m[48;2;37;31;52m[38;2;37;31;52m▓[0m[48;2;36;30;51m[38;2;36;30;51m▓[0m[48;2;35;30;50m[38;2;35;30;50m▓[0m[48;2;26;21;37m[38;2;26;21;37m▓[0m[48;2;24;20;31m[38;2;24;20;31m▓[0m[48;2;55;51;59m[38;2;55;51;59m▒[0m[48;2;46;41;48m[38;2;46;41;48m▒[0m[48;2;33;28;35m[38;2;33;28;35m▓[0m[48;2;26;18;26m[38;2;26;18;26m▓[0m[48;2;108;96;107m[38;2;108;96;107m%[0m[48;2;159;141;154m[38;2;159;141;154m+[0m[48;2;161;140;155m[38;2;161;140;155m+[0m[48;2;161;140;155m[38;2;161;140;155m+[0m[48;2;161;140;155m[38;2;161;140;155m+[0m[48;2;161;140;155m[38;2;161;140;155m+[0m[48;2;159;140;154m[38;2;159;140;154m+[0m[48;2;124;110;121m[38;2;124;110;121m#[0m[48;2;55;47;55m[38;2;55;47;55m▒[0m[48;2;166;161;166m[38;2;166;161;166m+[0m                                
                                         [48;2;209;209;209m[38;2;209;209;209m:[0m[48;2;68;66;68m[38;2;68;66;68m░[0m[48;2;87;83;85m[38;2;87;83;85m@[0m[48;2;31;26;32m[38;2;31;26;32m▓[0m[48;2;24;20;31m[38;2;24;20;31m▓[0m[48;2;34;29;47m[38;2;34;29;47m▓[0m[48;2;26;22;37m[38;2;26;22;37m▓[0m[48;2;13;9;20m[38;2;13;9;20m█[0m[48;2;7;2;6m[38;2;7;2;6m█[0m[48;2;62;52;62m[38;2;62;52;62m░[0m[48;2;126;113;103m[38;2;126;113;103m#[0m[48;2;107;94;81m[38;2;107;94;81m%[0m[48;2;22;13;14m[38;2;22;13;14m█[0m[48;2;17;11;16m[38;2;17;11;16m█[0m[48;2;17;14;21m[38;2;17;14;21m█[0m[48;2;18;14;25m[38;2;18;14;25m█[0m[48;2;16;11;22m[38;2;16;11;22m█[0m[48;2;15;11;21m[38;2;15;11;21m█[0m[48;2;18;14;25m[38;2;18;14;25m█[0m[48;2;20;16;28m[38;2;20;16;28m▓[0m[48;2;23;19;31m[38;2;23;19;31m▓[0m[48;2;23;19;31m[38;2;23;19;31m▓[0m[48;2;23;19;30m[38;2;23;19;30m▓[0m[48;2;19;16;25m[38;2;19;16;25m█[0m[48;2;9;5;14m[38;2;9;5;14m█[0m[48;2;5;2;10m[38;2;5;2;10m█[0m[48;2;58;52;60m[38;2;58;52;60m▒[0m[48;2;118;106;118m[38;2;118;106;118m#[0m[48;2;157;140;153m[38;2;157;140;153m+[0m[48;2;160;141;155m[38;2;160;141;155m+[0m[48;2;157;138;152m[38;2;157;138;152m*[0m[48;2;131;115;128m[38;2;131;115;128m#[0m[48;2;89;76;87m[38;2;89;76;87m@[0m[48;2;72;64;71m[38;2;72;64;71m░[0m[48;2;138;134;139m[38;2;138;134;139m*[0m[48;2;232;230;233m[38;2;232;230;233m.[0m                                 
                                            [48;2;38;33;38m[38;2;38;33;38m▓[0m[48;2;27;23;32m[38;2;27;23;32m▓[0m[48;2;11;7;17m[38;2;11;7;17m█[0m[48;2;46;43;51m[38;2;46;43;51m▒[0m[48;2;21;18;25m[38;2;21;18;25m▓[0m[48;2;13;9;15m[38;2;13;9;15m█[0m[48;2;28;24;40m[38;2;28;24;40m▓[0m[48;2;22;17;35m[38;2;22;17;35m▓[0m[48;2;17;13;20m[38;2;17;13;20m█[0m[48;2;15;10;20m[38;2;15;10;20m█[0m[48;2;18;9;44m[38;2;18;9;44m█[0m[48;2;26;21;29m[38;2;26;21;29m▓[0m[48;2;35;30;35m[38;2;35;30;35m▓[0m[48;2;38;33;37m[38;2;38;33;37m▓[0m[48;2;44;39;44m[38;2;44;39;44m▒[0m[48;2;48;43;49m[38;2;48;43;49m▒[0m[48;2;47;42;48m[38;2;47;42;48m▒[0m[48;2;54;49;56m[38;2;54;49;56m▒[0m[48;2;55;50;56m[38;2;55;50;56m▒[0m[48;2;10;7;12m[38;2;10;7;12m█[0m[48;2;11;7;13m[38;2;11;7;13m█[0m[48;2;19;15;26m[38;2;19;15;26m█[0m[48;2;35;29;48m[38;2;35;29;48m▓[0m[48;2;34;28;47m[38;2;34;28;47m▓[0m[48;2;23;18;34m[38;2;23;18;34m▓[0m[48;2;31;24;39m[38;2;31;24;39m▓[0m[48;2;55;47;60m[38;2;55;47;60m▒[0m[48;2;50;43;53m[38;2;50;43;53m▒[0m[48;2;125;120;127m[38;2;125;120;127m#[0m[48;2;208;203;209m[38;2;208;203;209m:[0m                                    
                                           [48;2;234;233;234m[38;2;234;233;234m.[0m[48;2;8;6;9m[38;2;8;6;9m█[0m[48;2;23;20;26m[38;2;23;20;26m▓[0m[48;2;42;39;45m[38;2;42;39;45m▒[0m[48;2;21;17;25m[38;2;21;17;25m▓[0m[48;2;13;10;18m[38;2;13;10;18m█[0m[48;2;114;110;116m[38;2;114;110;116m#[0m[48;2;16;13;22m[38;2;16;13;22m█[0m[48;2;22;11;67m[38;2;22;11;67m▓[0m[48;2;8;3;25m[38;2;8;3;25m█[0m[48;2;16;8;48m[38;2;16;8;48m█[0m[48;2;70;53;119m[38;2;70;53;119m░[0m[48;2;45;35;67m[38;2;45;35;67m▒[0m[48;2;13;8;13m[38;2;13;8;13m█[0m[48;2;8;3;7m[38;2;8;3;7m█[0m[48;2;18;13;19m[38;2;18;13;19m█[0m[48;2;21;17;28m[38;2;21;17;28m▓[0m[48;2;21;17;28m[38;2;21;17;28m▓[0m[48;2;20;16;28m[38;2;20;16;28m▓[0m[48;2;22;17;30m[38;2;22;17;30m▓[0m[48;2;27;22;38m[38;2;27;22;38m▓[0m[48;2;33;28;44m[38;2;33;28;44m▓[0m[48;2;37;31;50m[38;2;37;31;50m▓[0m[48;2;37;31;52m[38;2;37;31;52m▓[0m[48;2;37;31;52m[38;2;37;31;52m▓[0m[48;2;37;31;52m[38;2;37;31;52m▓[0m[48;2;37;31;52m[38;2;37;31;52m▓[0m[48;2;30;25;44m[38;2;30;25;44m▓[0m[48;2;22;17;31m[38;2;22;17;31m▓[0m[48;2;94;92;98m[38;2;94;92;98m%[0m[48;2;212;211;213m[38;2;212;211;213m:[0m                                    
                                           [48;2;127;127;127m[38;2;127;127;127m#[0m[48;2;14;11;16m[38;2;14;11;16m█[0m[48;2;24;21;28m[38;2;24;21;28m▓[0m[48;2;26;22;36m[38;2;26;22;36m▓[0m[48;2;36;31;49m[38;2;36;31;49m▓[0m[48;2;11;7;17m[38;2;11;7;17m█[0m[48;2;215;212;218m[38;2;215;212;218m:[0m[48;2;73;70;77m[38;2;73;70;77m░[0m[48;2;84;67;139m[38;2;84;67;139m@[0m[48;2;59;45;97m[38;2;59;45;97m░[0m[48;2;16;8;45m[38;2;16;8;45m█[0m[48;2;48;36;87m[38;2;48;36;87m▒[0m[48;2;29;23;49m[38;2;29;23;49m▓[0m[48;2;98;95;100m[38;2;98;95;100m%[0m[48;2;187;184;188m[38;2;187;184;188m-[0m[48;2;85;82;87m[38;2;85;82;87m@[0m[48;2;22;18;31m[38;2;22;18;31m▓[0m[48;2;30;25;42m[38;2;30;25;42m▓[0m[48;2;37;31;51m[38;2;37;31;51m▓[0m[48;2;36;31;51m[38;2;36;31;51m▓[0m[48;2;36;30;51m[38;2;36;30;51m▓[0m[48;2;37;31;52m[38;2;37;31;52m▓[0m[48;2;37;31;52m[38;2;37;31;52m▓[0m[48;2;37;31;52m[38;2;37;31;52m▓[0m[48;2;37;31;52m[38;2;37;31;52m▓[0m[48;2;37;31;52m[38;2;37;31;52m▓[0m[48;2;37;31;52m[38;2;37;31;52m▓[0m[48;2;37;31;52m[38;2;37;31;52m▓[0m[48;2;37;31;52m[38;2;37;31;52m▓[0m[48;2;32;28;44m[38;2;32;28;44m▓[0m[48;2;20;16;26m[38;2;20;16;26m▓[0m[48;2;107;105;110m[38;2;107;105;110m%[0m[48;2;233;232;233m[38;2;233;232;233m.[0m                                  
                                           [48;2;75;75;75m[38;2;75;75;75m@[0m[48;2;10;8;12m[38;2;10;8;12m█[0m[48;2;34;29;45m[38;2;34;29;45m▓[0m[48;2;36;30;51m[38;2;36;30;51m▓[0m[48;2;36;30;50m[38;2;36;30;50m▓[0m[48;2;21;18;28m[38;2;21;18;28m▓[0m[48;2;239;237;241m[38;2;239;237;241m [0m[48;2;208;206;210m[38;2;208;206;210m:[0m[48;2;84;80;88m[38;2;84;80;88m@[0m[48;2;76;72;80m[38;2;76;72;80m@[0m[48;2;26;16;64m[38;2;26;16;64m▓[0m[48;2;82;64;137m[38;2;82;64;137m@[0m[48;2;36;26;60m[38;2;36;26;60m▓[0m[48;2;123;120;125m[38;2;123;120;125m#[0m  [48;2;215;213;217m[38;2;215;213;217m:[0m[48;2;123;121;127m[38;2;123;121;127m#[0m[48;2;41;39;47m[38;2;41;39;47m▒[0m[48;2;23;20;31m[38;2;23;20;31m▓[0m[48;2;33;28;43m[38;2;33;28;43m▓[0m[48;2;36;31;50m[38;2;36;31;50m▓[0m[48;2;37;31;52m[38;2;37;31;52m▓[0m[48;2;37;31;52m[38;2;37;31;52m▓[0m[48;2;37;31;52m[38;2;37;31;52m▓[0m[48;2;37;31;52m[38;2;37;31;52m▓[0m[48;2;37;31;52m[38;2;37;31;52m▓[0m[48;2;37;31;52m[38;2;37;31;52m▓[0m[48;2;37;31;52m[38;2;37;31;52m▓[0m[48;2;37;31;52m[38;2;37;31;52m▓[0m[48;2;37;31;51m[38;2;37;31;51m▓[0m[48;2;29;24;41m[38;2;29;24;41m▓[0m[48;2;32;29;39m[38;2;32;29;39m▓[0m[48;2;180;180;182m[38;2;180;180;182m=[0m                                 
                                           [48;2;122;122;122m[38;2;122;122;122m#[0m[48;2;20;18;25m[38;2;20;18;25m▓[0m[48;2;37;32;50m[38;2;37;32;50m▓[0m[48;2;37;31;52m[38;2;37;31;52m▓[0m[48;2;36;30;50m[38;2;36;30;50m▓[0m[48;2;31;28;38m[38;2;31;28;38m▓[0m    [48;2;178;177;180m[38;2;178;177;180m=[0m[48;2;84;82;87m[38;2;84;82;87m@[0m[48;2;91;88;94m[38;2;91;88;94m@[0m[48;2;233;232;234m[38;2;233;232;234m.[0m    [48;2;240;239;241m[38;2;240;239;241m [0m[48;2;105;104;107m[38;2;105;104;107m%[0m[48;2;46;43;49m[38;2;46;43;49m▒[0m[48;2;43;41;49m[38;2;43;41;49m▒[0m[48;2;19;15;27m[38;2;19;15;27m█[0m[48;2;29;24;40m[38;2;29;24;40m▓[0m[48;2;36;31;51m[38;2;36;31;51m▓[0m[48;2;37;31;52m[38;2;37;31;52m▓[0m[48;2;37;31;52m[38;2;37;31;52m▓[0m[48;2;37;31;52m[38;2;37;31;52m▓[0m[48;2;37;31;52m[38;2;37;31;52m▓[0m[48;2;37;31;52m[38;2;37;31;52m▓[0m[48;2;37;31;52m[38;2;37;31;52m▓[0m[48;2;37;31;52m[38;2;37;31;52m▓[0m[48;2;36;31;48m[38;2;36;31;48m▓[0m[48;2;17;14;23m[38;2;17;14;23m█[0m[48;2;173;173;174m[38;2;173;173;174m=[0m                                