                                                                                                    
                                                                                                    
                                                                                                    
                                                                                                    
                                                                                                    
                                                                                                    
                                                                                                    
                                                                                                    
                                                                                                    
                                                                                                    
                                                                                                    
                                                 [48;2;230;230;230m[38;2;230;230;230m.[0m[48;2;218;218;218m[38;2;218;218;218m:[0m[48;2;213;213;213m[38;2;213;213;213m:[0m[48;2;221;221;221m[38;2;221;221;221m.[0m                                               
                                             [48;2;192;192;192m[38;2;192;192;192m-[0m[48;2;116;116;118m[38;2;116;116;118m#[0m[48;2;63;62;67m[38;2;63;62;67m░[0m[48;2;32;30;38m[38;2;32;30;38m▓[0m[48;2;25;23;33m[38;2;25;23;33m▓[0m[48;2;28;26;36m[38;2;28;26;36m▓[0m[48;2;29;27;37m[38;2;29;27;37m▓[0m[48;2;27;25;36m[38;2;27;25;36m▓[0m[48;2;23;21;32m[38;2;23;21;32m▓[0m[48;2;45;43;53m[38;2;45;43;53m▒[0m[48;2;87;85;93m[38;2;87;85;93m@[0m[48;2;142;141;145m[38;2;142;141;145m*[0m[48;2;219;218;219m[38;2;219;218;219m:[0m                                          
                                           [48;2;189;189;189m[38;2;189;189;189m-[0m[48;2;53;52;57m[38;2;53;52;57m▒[0m[48;2;29;27;38m[38;2;29;27;38m▓[0m[48;2;41;39;54m[38;2;41;39;54m▒[0m[48;2;44;42;57m[38;2;44;42;57m▒[0m[48;2;44;42;58m[38;2;44;42;58m▒[0m[48;2;43;42;58m[38;2;43;42;58m▒[0m[48;2;55;53;67m[38;2;55;53;67m░[0m[48;2;57;55;69m[38;2;57;55;69m░[0m[48;2;44;41;55m[38;2;44;41;55m▒[0m[48;2;64;61;74m[38;2;64;61;74m░[0m[48;2;48;46;61m[38;2;48;46;61m▒[0m[48;2;43;42;58m[38;2;43;42;58m▒[0m[48;2;38;36;52m[38;2;38;36;52m▒[0m[48;2;27;24;36m[38;2;27;24;36m▓[0m[48;2;71;69;79m[38;2;71;69;79m░[0m[48;2;179;178;181m[38;2;179;178;181m=[0m                                        
                                         [48;2;225;225;226m[38;2;225;225;226m.[0m[48;2;81;80;84m[38;2;81;80;84m@[0m[48;2;28;27;35m[38;2;28;27;35m▓[0m[48;2;43;41;54m[38;2;43;41;54m▒[0m[48;2;37;33;48m[38;2;37;33;48m▓[0m[48;2;29;25;37m[38;2;29;25;37m▓[0m[48;2;51;46;55m[38;2;51;46;55m▒[0m[48;2;74;65;74m[38;2;74;65;74m░[0m[48;2;90;79;89m[38;2;90;79;89m@[0m[48;2;94;85;93m[38;2;94;85;93m@[0m[48;2;94;84;93m[38;2;94;84;93m@[0m[48;2;80;69;78m[38;2;80;69;78m@[0m[48;2;60;50;59m[38;2;60;50;59m▒[0m[48;2;52;43;53m[38;2;52;43;53m▒[0m[48;2;48;44;51m[38;2;48;44;51m▒[0m[48;2;30;26;34m[38;2;30;26;34m▓[0m[48;2;33;28;38m[38;2;33;28;38m▓[0m[48;2;26;22;32m[38;2;26;22;32m▓[0m[48;2;14;11;19m[38;2;14;11;19m█[0m[48;2;75;73;76m[38;2;75;73;76m@[0m[48;2;228;228;228m[38;2;228;228;228m.[0m                                      
                                        [48;2;206;206;207m[38;2;206;206;207m:[0m[48;2;35;34;40m[38;2;35;34;40m▓[0m[48;2;41;38;51m[38;2;41;38;51m▒[0m[48;2;43;39;54m[38;2;43;39;54m▒[0m[48;2;22;18;29m[38;2;22;18;29m▓[0m[48;2;72;63;72m[38;2;72;63;72m░[0m[48;2;149;132;145m[38;2;149;132;145m*[0m[48;2;160;140;154m[38;2;160;140;154m+[0m[48;2;160;141;154m[38;2;160;141;154m+[0m[48;2;127;109;122m[38;2;127;109;122m#[0m[48;2;80;65;75m[38;2;80;65;75m░[0m[48;2;77;65;75m[38;2;77;65;75m░[0m[48;2;79;67;77m[38;2;79;67;77m░[0m[48;2;109;94;105m[38;2;109;94;105m%[0m[48;2;148;131;143m[38;2;148;131;143m*[0m[48;2;129;113;124m[38;2;129;113;124m#[0m[48;2;157;140;151m[38;2;157;140;151m+[0m[48;2;159;142;153m[38;2;159;142;153m+[0m[48;2;97;84;94m[38;2;97;84;94m@[0m[48;2;83;75;83m[38;2;83;75;83m@[0m[48;2;62;59;64m[38;2;62;59;64m░[0m[48;2;42;40;43m[38;2;42;40;43m▒[0m[48;2;224;223;224m[38;2;224;223;224m.[0m                                     
                                       [48;2;224;224;224m[38;2;224;224;224m.[0m[48;2;31;30;33m[38;2;31;30;33m▓[0m[48;2;42;39;50m[38;2;42;39;50m▒[0m[48;2;27;23;35m[38;2;27;23;35m▓[0m[48;2;37;31;40m[38;2;37;31;40m▓[0m[48;2;126;113;124m[38;2;126;113;124m#[0m[48;2;160;141;154m[38;2;160;141;154m+[0m[48;2;161;140;155m[38;2;161;140;155m+[0m[48;2;161;140;155m[38;2;161;140;155m+[0m[48;2;161;140;155m[38;2;161;140;155m+[0m[48;2;158;138;153m[38;2;158;138;153m*[0m[48;2;160;140;154m[38;2;160;140;154m+[0m[48;2;161;140;155m[38;2;161;140;155m+[0m[48;2;161;140;155m[38;2;161;140;155m+[0m[48;2;161;140;155m[38;2;161;140;155m+[0m[48;2;161;140;155m[38;2;161;140;155m+[0m[48;2;161;140;155m[38;2;161;140;155m+[0m[48;2;161;140;155m[38;2;161;140;155m+[0m[48;2;161;140;155m[38;2;161;140;155m+[0m[48;2;147;127;142m[38;2;147;127;142m*[0m[48;2;115;98;111m[38;2;115;98;111m%[0m[48;2;98;87;97m[38;2;98;87;97m@[0m[48;2;87;77;85m[38;2;87;77;85m@[0m[48;2;29;24;28m[38;2;29;24;28m▓[0m[48;2;115;114;115m[38;2;115;114;115m#[0m[48;2;169;169;170m[38;2;169;169;170m=[0m                                   
                                       [48;2;76;75;77m[38;2;76;75;77m@[0m[48;2;30;29;36m[38;2;30;29;36m▓[0m[48;2;12;9;18m[38;2;12;9;18m█[0m[48;2;44;37;45m[38;2;44;37;45m▒[0m[48;2;150;135;146m[38;2;150;135;146m*[0m[48;2;161;140;155m[38;2;161;140;155m+[0m[48;2;161;140;155m[38;2;161;140;155m+[0m[48;2;161;140;155m[38;2;161;140;155m+[0m[48;2;160;140;154m[38;2;160;140;154m+[0m[48;2;159;139;153m[38;2;159;139;153m+[0m[48;2;159;138;153m[38;2;159;138;153m*[0m[48;2;159;138;153m[38;2;159;138;153m*[0m[48;2;161;140;155m[38;2;161;140;155m+[0m[48;2;161;140;155m[38;2;161;140;155m+[0m[48;2;161;140;155m[38;2;161;140;155m+[0m[48;2;161;140;155m[38;2;161;140;155m+[0m[48;2;161;140;155m[38;2;161;140;155m+[0m[48;2;161;140;155m[38;2;161;140;155m+[0m[48;2;161;140;155m[38;2;161;140;155m+[0m[48;2;155;134;149m[38;2;155;134;149m*[0m[48;2;138;117;132m[38;2;138;117;132m#[0m[48;2;160;140;154m[38;2;160;140;154m+[0m[48;2;159;140;154m[38;2;159;140;154m+[0m[48;2;86;75;84m[38;2;86;75;84m@[0m[48;2;22;16;27m[38;2;22;16;27m▓[0m[48;2;31;25;44m[38;2;31;25;44m▓[0m[48;2;215;213;216m[38;2;215;213;216m:[0m                                  
                                      [48;2;201;201;201m[38;2;201;201;201m-[0m[48;2;11;9;13m[38;2;11;9;13m█[0m[48;2;29;26;34m[38;2;29;26;34m▓[0m[48;2;25;20;27m[38;2;25;20;27m▓[0m[48;2;146;134;145m[38;2;146;134;145m*[0m[48;2;161;141;156m[38;2;161;141;156m+[0m[48;2;161;140;155m[38;2;161;140;155m+[0m[48;2;160;141;155m[38;2;160;141;155m+[0m[48;2;148;130;144m[38;2;148;130;144m*[0m[48;2;57;43;55m[38;2;57;43;55m▒[0m[48;2;106;92;105m[38;2;106;92;105m%[0m[48;2;54;41;52m[38;2;54;41;52m▒[0m[48;2;155;137;151m[38;2;155;137;151m*[0m[48;2;87;69;82m[38;2;87;69;82m@[0m[48;2;154;135;149m[38;2;154;135;149m*[0m[48;2;161;140;155m[38;2;161;140;155m+[0m[48;2;161;140;155m[38;2;161;140;155m+[0m[48;2;161;140;155m[38;2;161;140;155m+[0m[48;2;159;139;154m[38;2;159;139;154m+[0m[48;2;118;101;114m[38;2;118;101;114m%[0m[48;2;145;128;141m[38;2;145;128;141m*[0m[48;2;50;35;47m[38;2;50;35;47m▒[0m[48;2;157;140;153m[38;2;157;140;153m+[0m[48;2;160;140;155m[38;2;160;140;155m+[0m[48;2;158;140;154m[38;2;158;140;154m+[0m[48;2;50;42;48m[38;2;50;42;48m▒[0m[48;2;36;28;49m[38;2;36;28;49m▓[0m[48;2;90;87;94m[38;2;90;87;94m@[0m                                  
                                      [48;2;123;123;123m[38;2;123;123;123m#[0m[48;2;18;16;19m[38;2;18;16;19m█[0m[48;2;83;76;83m[38;2;83;76;83m@[0m[48;2;88;77;86m[38;2;88;77;86m@[0m[48;2;160;143;155m[38;2;160;143;155m+[0m[48;2;161;141;155m[38;2;161;141;155m+[0m[48;2;161;140;155m[38;2;161;140;155m+[0m[48;2;159;140;154m[38;2;159;140;154m+[0m[48;2;58;44;56m[38;2;58;44;56m▒[0m[48;2;46;38;47m[38;2;46;38;47m▒[0m[48;2;24;19;25m[38;2;24;19;25m▓[0m[48;2;105;95;105m[38;2;105;95;105m%[0m[48;2;84;71;82m[38;2;84;71;82m@[0m[48;2;51;42;50m[38;2;51;42;50m▒[0m[48;2;115;101;113m[38;2;115;101;113m%[0m[48;2;159;140;154m[38;2;159;140;154m+[0m[48;2;161;140;155m[38;2;161;140;155m+[0m[48;2;161;140;155m[38;2;161;140;155m+[0m[48;2;155;135;149m[38;2;155;135;149m*[0m[48;2;35;22;33m[38;2;35;22;33m▓[0m[48;2;152;136;147m[38;2;152;136;147m*[0m[48;2;76;63;73m[38;2;76;63;73m░[0m[48;2;106;92;104m[38;2;106;92;104m%[0m[48;2;159;141;155m[38;2;159;141;155m+[0m[48;2;160;141;155m[38;2;160;141;155m+[0m[48;2;133;119;130m[38;2;133;119;130m#[0m[48;2;21;14;25m[38;2;21;14;25m█[0m[48;2;92;90;95m[38;2;92;90;95m@[0m                                  
                                      [48;2;81;79;80m[38;2;81;79;80m@[0m[48;2;105;96;102m[38;2;105;96;102m%[0m[48;2;65;56;64m[38;2;65;56;64m░[0m[48;2;125;112;122m[38;2;125;112;122m#[0m[48;2;161;141;155m[38;2;161;141;155m+[0m[48;2;161;140;155m[38;2;161;140;155m+[0m[48;2;161;140;155m[38;2;161;140;155m+[0m[48;2;126;109;122m[38;2;126;109;122m#[0m[48;2;9;0;7m[38;2;9;0;7m█[0m[48;2;70;63;68m[38;2;70;63;68m░[0m[48;2;48;42;47m[38;2;48;42;47m▒[0m[48;2;57;48;64m[38;2;57;48;64m▒[0m[48;2;24;14;38m[38;2;24;14;38m▓[0m[48;2;15;9;22m[38;2;15;9;22m█[0m[48;2;14;6;12m[38;2;14;6;12m█[0m[48;2;71;58;67m[38;2;71;58;67m░[0m[48;2;122;105;117m[38;2;122;105;117m#[0m[48;2;125;109;120m[38;2;125;109;120m#[0m[48;2;123;108;119m[38;2;123;108;119m#[0m[48;2;27;18;26m[38;2;27;18;26m▓[0m[48;2;38;31;37m[38;2;38;31;37m▓[0m[48;2;115;105;113m[38;2;115;105;113m%[0m[48;2;25;16;23m[38;2;25;16;23m▓[0m[48;2;71;60;68m[38;2;71;60;68m░[0m[48;2;123;111;119m[38;2;123;111;119m#[0m[48;2;92;79;89m[38;2;92;79;89m@[0m[48;2;101;91;99m[38;2;101;91;99m%[0m[48;2;70;66;70m[38;2;70;66;70m░[0m[48;2;124;120;124m[38;2;124;120;124m#[0m[48;2;202;201;202m[38;2;202;201;202m:[0m                                
                                      [48;2;43;39;41m[38;2;43;39;41m▒[0m[48;2;156;142;152m[38;2;156;142;152m+[0m[48;2;65;54;63m[38;2;65;54;63m░[0m[48;2;127;114;125m[38;2;127;114;125m#[0m[48;2;161;140;155m[38;2;161;140;155m+[0m[48;2;161;140;155m[38;2;161;140;155m+[0m[48;2;161;140;155m[38;2;161;140;155m+[0m[48;2;91;76;87m[38;2;91;76;87m@[0m[48;2;114;104;110m[38;2;114;104;110m%[0m[48;2;221;211;213m[38;2;221;211;213m:[0m[48;2;102;93;96m[38;2;102;93;96m%[0m[48;2;86;63;133m[38;2;86;63;133m@[0m[48;2;82;42;155m[38;2;82;42;155m░[0m[48;2;37;15;70m[38;2;37;15;70m▓[0m[48;2;194;182;185m[38;2;194;182;185m-[0m[48;2;213;200;199m[38;2;213;200;199m:[0m[48;2;186;172;171m[38;2;186;172;171m=[0m[48;2;181;168;166m[38;2;181;168;166m=[0m[48;2;179;167;166m[38;2;179;167;166m=[0m[48;2;29;21;28m[38;2;29;21;28m▓[0m[48;2;55;28;116m[38;2;55;28;116m▒[0m[48;2;55;24;112m[38;2;55;24;112m▒[0m[48;2;24;14;33m[38;2;24;14;33m▓[0m[48;2;107;100;103m[38;2;107;100;103m%[0m[48;2;26;20;23m[38;2;26;20;23m▓[0m[48;2;40;34;37m[38;2;40;34;37m▓[0m[48;2;37;31;35m[38;2;37;31;35m▓[0m[48;2;34;28;33m[38;2;34;28;33m▓[0m[48;2;99;95;99m[38;2;99;95;99m%[0m[48;2;143;141;144m[38;2;143;141;144m*[0m                                
                                     [48;2;224;223;224m[38;2;224;223;224m.[0m[48;2;48;42;45m[38;2;48;42;45m▒[0m[48;2;159;142;154m[38;2;159;142;154m+[0m[48;2;113;98;110m[38;2;113;98;110m%[0m[48;2;73;62;71m[38;2;73;62;71m░[0m[48;2;160;141;155m[38;2;160;141;155m+[0m[48;2;161;140;155m[38;2;161;140;155m+[0m[48;2;161;140;155m[38;2;161;140;155m+[0m[48;2;90;74;85m[38;2;90;74;85m@[0m[48;2;159;149;152m[38;2;159;149;152m+[0m[48;2;249;236;234m[38;2;249;236;234m [0m[48;2;95;84;86m[38;2;95;84;86m@[0m[48;2;180;149;183m[38;2;180;149;183m+[0m[48;2;202;147;208m[38;2;202;147;208m=[0m[48;2;55;38;56m[38;2;55;38;56m▒[0m[48;2;236;222;219m[38;2;236;222;219m.[0m[48;2;250;235;227m[38;2;250;235;227m [0m[48;2;250;235;226m[38;2;250;235;226m [0m[48;2;250;235;226m[38;2;250;235;226m [0m[48;2;248;232;228m[38;2;248;232;228m.[0m[48;2;41;28;37m[38;2;41;28;37m▓[0m[48;2;174;140;198m[38;2;174;140;198m+[0m[48;2;106;64;147m[38;2;106;64;147m@[0m[48;2;85;75;82m[38;2;85;75;82m@[0m[48;2;211;200;197m[38;2;211;200;197m:[0m[48;2;180;170;168m[38;2;180;170;168m=[0m[48;2;90;82;83m[38;2;90;82;83m@[0m[48;2;47;40;44m[38;2;47;40;44m▒[0m[48;2;28;21;26m[38;2;28;21;26m▓[0m[48;2;242;240;243m[38;2;242;240;243m [0m                                 
                                      [48;2;43;39;41m[38;2;43;39;41m▒[0m[48;2;153;137;147m[38;2;153;137;147m*[0m[48;2;126;111;121m[38;2;126;111;121m#[0m[48;2;11;2;10m[38;2;11;2;10m█[0m[48;2;72;61;70m[38;2;72;61;70m░[0m[48;2;146;130;142m[38;2;146;130;142m*[0m[48;2;160;141;155m[38;2;160;141;155m+[0m[48;2;131;116;127m[38;2;131;116;127m#[0m[48;2;74;62;66m[38;2;74;62;66m░[0m[48;2;238;213;214m[38;2;238;213;214m.[0m[48;2;205;191;188m[38;2;205;191;188m-[0m[48;2;97;82;88m[38;2;97;82;88m@[0m[48;2;101;84;94m[38;2;101;84;94m@[0m[48;2;187;176;175m[38;2;187;176;175m=[0m[48;2;249;235;229m[38;2;249;235;229m [0m[48;2;248;233;225m[38;2;248;233;225m.[0m[48;2;247;232;223m[38;2;247;232;223m.[0m[48;2;250;235;226m[38;2;250;235;226m [0m[48;2;251;236;228m[38;2;251;236;228m [0m[48;2;117;103;104m[38;2;117;103;104m%[0m[48;2;115;89;111m[38;2;115;89;111m%[0m[48;2;76;55;72m[38;2;76;55;72m░[0m[48;2;206;195;192m[38;2;206;195;192m-[0m[48;2;248;228;222m[38;2;248;228;222m.[0m[48;2;248;231;227m[38;2;248;231;227m.[0m[48;2;96;87;87m[38;2;96;87;87m@[0m[48;2;124;112;120m[38;2;124;112;120m#[0m[48;2;61;51;59m[38;2;61;51;59m░[0m[48;2;182;180;183m[38;2;182;180;183m=[0m                                 
                                      [48;2;115;113;114m[38;2;115;113;114m#[0m[48;2;19;15;17m[38;2;19;15;17m█[0m[48;2;101;93;97m[38;2;101;93;97m%[0m[48;2;157;145;149m[38;2;157;145;149m+[0m[48;2;78;68;72m[38;2;78;68;72m░[0m[48;2;11;4;8m[38;2;11;4;8m█[0m[48;2;37;31;37m[38;2;37;31;37m▓[0m[48;2;75;69;74m[38;2;75;69;74m░[0m[48;2;40;34;37m[38;2;40;34;37m▓[0m[48;2;69;62;62m[38;2;69;62;62m░[0m[48;2;174;162;158m[38;2;174;162;158m=[0m[48;2;250;235;229m[38;2;250;235;229m [0m[48;2;250;234;228m[38;2;250;234;228m [0m[48;2;250;235;227m[38;2;250;235;227m [0m[48;2;250;235;226m[38;2;250;235;226m [0m[48;2;212;196;189m[38;2;212;196;189m-[0m[48;2;147;131;125m[38;2;147;131;125m*[0m[48;2;249;234;225m[38;2;249;234;225m.[0m[48;2;250;235;226m[38;2;250;235;226m [0m[48;2;248;234;225m[38;2;248;234;225m.[0m[48;2;214;200;192m[38;2;214;200;192m:[0m[48;2;236;222;215m[38;2;236;222;215m.[0m[48;2;243;222;212m[38;2;243;222;212m.[0m[48;2;237;202;189m[38;2;237;202;189m:[0m[48;2;248;222;216m[38;2;248;222;216m.[0m[48;2;75;66;66m[38;2;75;66;66m░[0m[48;2;83;75;80m[38;2;83;75;80m@[0m[48;2;71;63;69m[38;2;71;63;69m░[0m[48;2;229;228;230m[38;2;229;228;230m.[0m                                 
                                     [48;2;225;225;225m[38;2;225;225;225m.[0m[48;2;55;54;55m[38;2;55;54;55m▒[0m[48;2;177;175;176m[38;2;177;175;176m=[0m[48;2;72;70;71m[38;2;72;70;71m░[0m[48;2;169;162;163m[38;2;169;162;163m+[0m[48;2;234;225;226m[38;2;234;225;226m.[0m[48;2;41;35;36m[38;2;41;35;36m▒[0m[48;2;48;45;49m[38;2;48;45;49m▒[0m[48;2;48;46;48m[38;2;48;46;48m▒[0m[48;2;197;193;193m[38;2;197;193;193m-[0m[48;2;242;233;231m[38;2;242;233;231m.[0m[48;2;244;232;227m[38;2;244;232;227m.[0m[48;2;250;235;230m[38;2;250;235;230m [0m[48;2;251;235;229m[38;2;251;235;229m [0m[48;2;251;235;228m[38;2;251;235;228m [0m[48;2;250;235;227m[38;2;250;235;227m [0m[48;2;250;235;227m[38;2;250;235;227m [0m[48;2;250;235;227m[38;2;250;235;227m [0m[48;2;250;235;226m[38;2;250;235;226m [0m[48;2;250;235;226m[38;2;250;235;226m [0m[48;2;250;235;226m[38;2;250;235;226m [0m[48;2;250;235;226m[38;2;250;235;226m [0m[48;2;250;235;227m[38;2;250;235;227m [0m[48;2;251;235;228m[38;2;251;235;228m [0m[48;2;250;234;231m[38;2;250;234;231m [0m[48;2;174;160;159m[38;2;174;160;159m+[0m[48;2;53;46;48m[38;2;53;46;48m▒[0m[48;2;45;41;44m[38;2;45;41;44m▒[0m[48;2;167;163;167m[38;2;167;163;167m=[0m                                  
                                     [48;2;177;177;177m[38;2;177;177;177m=[0m[48;2;87;87;87m[38;2;87;87;87m@[0m[48;2;203;202;204m[38;2;203;202;204m:[0m[48;2;134;133;135m[38;2;134;133;135m*[0m[48;2;2;1;3m[38;2;2;1;3m█[0m[48;2;39;35;38m[38;2;39;35;38m▓[0m[48;2;27;22;24m[38;2;27;22;24m▓[0m[48;2;190;186;190m[38;2;190;186;190m-[0m[48;2;41;39;41m[38;2;41;39;41m▒[0m[48;2;59;57;58m[38;2;59;57;58m░[0m[48;2;45;43;43m[38;2;45;43;43m▒[0m[48;2;63;61;61m[38;2;63;61;61m░[0m[48;2;89;86;85m[38;2;89;86;85m@[0m[48;2;114;108;108m[38;2;114;108;108m#[0m[48;2;132;125;125m[38;2;132;125;125m#[0m[48;2;150;142;141m[38;2;150;142;141m*[0m[48;2;168;158;156m[38;2;168;158;156m+[0m[48;2;180;169;166m[38;2;180;169;166m=[0m[48;2;188;177;174m[38;2;188;177;174m=[0m[48;2;190;179;175m[38;2;190;179;175m=[0m[48;2;188;177;173m[38;2;188;177;173m=[0m[48;2;178;167;164m[38;2;178;167;164m=[0m[48;2;160;149;147m[38;2;160;149;147m+[0m[48;2;127;117;117m[38;2;127;117;117m#[0m[48;2;68;60;65m[38;2;68;60;65m░[0m[48;2;17;10;17m[38;2;17;10;17m█[0m[48;2;34;28;34m[38;2;34;28;34m▓[0m[48;2;88;85;89m[38;2;88;85;89m@[0m                                   
                                   [48;2;200;199;200m[38;2;200;199;200m-[0m[48;2;93;89;91m[38;2;93;89;91m@[0m[48;2;67;61;64m[38;2;67;61;64m░[0m[48;2;74;72;73m[38;2;74;72;73m░[0m[48;2;203;201;204m[38;2;203;201;204m:[0m[48;2;127;126;129m[38;2;127;126;129m#[0m[48;2;3;2;7m[38;2;3;2;7m█[0m[48;2;10;8;13m[38;2;10;8;13m█[0m[48;2;7;4;9m[38;2;7;4;9m█[0m[48;2;222;219;224m[38;2;222;219;224m.[0m[48;2;150;147;151m[38;2;150;147;151m+[0m[48;2;5;4;6m[38;2;5;4;6m█[0m[48;2;17;15;19m[38;2;17;15;19m█[0m[48;2;6;4;11m[38;2;6;4;11m█[0m[48;2;8;5;11m[38;2;8;5;11m█[0m[48;2;20;17;25m[38;2;20;17;25m▓[0m[48;2;30;26;38m[38;2;30;26;38m▓[0m[48;2;22;19;29m[38;2;22;19;29m▓[0m[48;2;48;45;52m[38;2;48;45;52m▒[0m[48;2;95;92;96m[38;2;95;92;96m%[0m[48;2;44;40;43m[38;2;44;40;43m▒[0m[48;2;44;41;43m[38;2;44;41;43m▒[0m[48;2;78;74;76m[38;2;78;74;76m@[0m[48;2;14;10;13m[38;2;14;10;13m█[0m[48;2;8;5;9m[38;2;8;5;9m█[0m[48;2;8;5;10m[38;2;8;5;10m█[0m[48;2;34;29;43m[38;2;34;29;43m▓[0m[48;2;20;16;28m[38;2;20;16;28m▓[0m[48;2;12;9;15m[38;2;12;9;15m█[0m[48;2;165;163;167m[38;2;165;163;167m+[0m                                   
                                  [48;2;125;124;125m[38;2;125;124;125m#[0m[48;2;75;70;75m[38;2;75;70;75m░[0m[48;2;148;134;144m[38;2;148;134;144m*[0m[48;2;156;137;148m[38;2;156;137;148m*[0m[48;2;51;43;48m[38;2;51;43;48m▒[0m[48;2;172;169;173m[38;2;172;169;173m=[0m[48;2;188;185;189m[38;2;188;185;189m-[0m[48;2;24;22;27m[38;2;24;22;27m▓[0m[48;2;5;4;9m[38;2;5;4;9m█[0m[48;2;88;85;90m[38;2;88;85;90m@[0m[48;2;242;239;243m[38;2;242;239;243m [0m[48;2;88;85;91m[38;2;88;85;91m@[0m[48;2;18;15;21m[38;2;18;15;21m█[0m[48;2;14;12;20m[38;2;14;12;20m█[0m[48;2;30;26;41m[38;2;30;26;41m▓[0m[48;2;28;23;35m[38;2;28;23;35m▓[0m[48;2;24;21;28m[38;2;24;21;28m▓[0m[48;2;15;12;19m[38;2;15;12;19m█[0m[48;2;37;35;41m[38;2;37;35;41m▓[0m[48;2;10;8;13m[38;2;10;8;13m█[0m[48;2;8;6;9m[38;2;8;6;9m█[0m[48;2;105;102;106m[38;2;105;102;106m%[0m[48;2;117;114;118m[38;2;117;114;118m#[0m[48;2;52;48;52m[38;2;52;48;52m▒[0m[48;2;20;14;19m[38;2;20;14;19m█[0m[48;2;93;87;83m[38;2;93;87;83m@[0m[48;2;10;7;12m[38;2;10;7;12m█[0m[48;2;27;23;37m[38;2;27;23;37m▓[0m[48;2;76;73;80m[38;2;76;73;80m@[0m[48;2;225;222;225m[38;2;225;222;225m.[0m                                    
                                 [48;2;136;135;137m[38;2;136;135;137m*[0m[48;2;88;79;87m[38;2;88;79;87m@[0m[48;2;155;139;152m[38;2;155;139;152m*[0m[48;2;158;139;153m[38;2;158;139;153m*[0m[48;2;129;111;123m[38;2;129;111;123m#[0m[48;2;71;61;69m[38;2;71;61;69m░[0m[48;2;71;66;70m[38;2;71;66;70m░[0m[48;2;106;103;107m[38;2;106;103;107m%[0m[48;2;64;60;65m[38;2;64;60;65m░[0m[48;2;33;30;36m[38;2;33;30;36m▓[0m[48;2;124;121;127m[38;2;124;121;127m#[0m[48;2;51;48;54m[38;2;51;48;54m▒[0m[48;2;19;15;25m[38;2;19;15;25m█[0m[48;2;20;16;27m[38;2;20;16;27m▓[0m[48;2;16;13;24m[38;2;16;13;24m█[0m[48;2;37;31;51m[38;2;37;31;51m▓[0m[48;2;37;31;51m[38;2;37;31;51m▓[0m[48;2;37;31;51m[38;2;37;31;51m▓[0m[48;2;31;25;44m[38;2;31;25;44m▓[0m[48;2;11;7;18m[38;2;11;7;18m█[0m[48;2;127;119;102m[38;2;127;119;102m#[0m[48;2;93;81;66m[38;2;93;81;66m@[0m[48;2;17;9;9m[38;2;17;9;9m█[0m[48;2;14;7;8m[38;2;14;7;8m█[0m[48;2;103;96;80m[38;2;103;96;80m%[0m[48;2;46;40;35m[38;2;46;40;35m▒[0m[48;2;117;110;99m[38;2;117;110;99m#[0m[48;2;8;5;8m[38;2;8;5;8m█[0m[48;2;76;71;78m[38;2;76;71;78m@[0m[48;2;239;237;239m[38;2;239;237;239m [0m                                     
                                 [48;2;52;48;52m[38;2;52;48;52m▒[0m[48;2;150;134;147m[38;2;150;134;147m*[0m[48;2;160;141;155m[38;2;160;141;155m+[0m[48;2;113;96;109m[38;2;113;96;109m%[0m[48;2;99;88;98m[38;2;99;88;98m%[0m[48;2;186;181;186m[38;2;186;181;186m-[0m[48;2;87;83;87m[38;2;87;83;87m@[0m[48;2;74;67;72m[38;2;74;67;72m░[0m[48;2;117;105;113m[38;2;117;105;113m%[0m[48;2;97;86;95m[38;2;97;86;95m@[0m[48;2;72;64;72m[38;2;72;64;72m░[0m[48;2;10;7;15m[38;2;10;7;15m█[0m[48;2;26;22;38m[38;2;26;22;38m▓[0m[48;2;32;27;46m[38;2;32;27;46m▓[0m[48;2;36;31;50m[38;2;36;31;50m▓[0m[48;2;37;31;51m[38;2;37;31;51m▓[0m[48;2;37;31;52m[38;2;37;31;52m▓[0m[48;2;37;31;52m[38;2;37;31;52m▓[0m[48;2;36;30;50m[38;2;36;30;50m▓[0m[48;2;17;13;26m[38;2;17;13;26m█[0m[48;2;106;98;82m[38;2;106;98;82m%[0m[48;2;217;202;161m[38;2;217;202;161m:[0m[48;2;216;199;153m[38;2;216;199;153m-[0m[48;2;208;189;144m[38;2;208;189;144m-[0m[48;2;213;195;156m[38;2;213;195;156m-[0m[48;2;69;61;51m[38;2;69;61;51m░[0m[48;2;13;10;16m[38;2;13;10;16m█[0m[48;2;22;18;26m[38;2;22;18;26m▓[0m[48;2;100;97;104m[38;2;100;97;104m%[0m                                      
                                 [48;2;102;101;102m[38;2;102;101;102m%[0m[48;2;112;101;110m[38;2;112;101;110m%[0m[48;2;159;142;155m[38;2;159;142;155m+[0m[48;2;72;56;69m[38;2;72;56;69m░[0m[48;2;68;60;68m[38;2;68;60;68m░[0m[48;2;39;33;38m[38;2;39;33;38m▓[0m[48;2;133;123;129m[38;2;133;123;129m#[0m[48;2;157;140;149m[38;2;157;140;149m*[0m[48;2;157;140;149m[38;2;157;140;149m*[0m[48;2;128;112;123m[38;2;128;112;123m#[0m[48;2;73;63;71m[38;2;73;63;71m░[0m[48;2;18;14;23m[38;2;18;14;23m█[0m[48;2;36;31;50m[38;2;36;31;50m▓[0m[48;2;37;31;52m[38;2;37;31;52m▓[0m[48;2;37;31;52m[38;2;37;31;52m▓[0m[48;2;37;31;51m[38;2;37;31;51m▓[0m[48;2;30;25;43m[38;2;30;25;43m▓[0m[48;2;23;19;31m[38;2;23;19;31m▓[0m[48;2;11;8;17m[38;2;11;8;17m█[0m[48;2;19;17;22m[38;2;19;17;22m█[0m[48;2;52;49;51m[38;2;52;49;51m▒[0m[48;2;50;47;45m[38;2;50;47;45m▒[0m[48;2;80;72;62m[38;2;80;72;62m@[0m[48;2;103;94;85m[38;2;103;94;85m%[0m[48;2;25;17;21m[38;2;25;17;21m▓[0m[48;2;11;6;12m[38;2;11;6;12m█[0m[48;2;3;1;6m[38;2;3;1;6m█[0m[48;2;39;38;41m[38;2;39;38;41m▒[0m[48;2;40;39;42m[38;2;40;39;42m▒[0m[48;2;65;64;67m[38;2;65;64;67m░[0m[48;2;79;79;81m[38;2;79;79;81m@[0m[48;2;191;191;192m[38;2;191;191;192m-[0m                                   
                                  [48;2;120;117;119m[38;2;120;117;119m#[0m[48;2;73;66;70m[38;2;73;66;70m░[0m[48;2;117;105;114m[38;2;117;105;114m%[0m[48;2;101;89;98m[38;2;101;89;98m%[0m[48;2;85;77;84m[38;2;85;77;84m@[0m[48;2;75;67;74m[38;2;75;67;74m░[0m[48;2;83;74;81m[38;2;83;74;81m@[0m[48;2;36;28;35m[38;2;36;28;35m▓[0m[48;2;20;15;20m[38;2;20;15;20m█[0m[48;2;66;62;68m[38;2;66;62;68m░[0m[48;2;9;6;13m[38;2;9;6;13m█[0m[48;2;30;26;40m[38;2;30;26;40m▓[0m[48;2;36;31;49m[38;2;36;31;49m▓[0m[48;2;35;29;49m[38;2;35;29;49m▓[0m[48;2;23;18;34m[38;2;23;18;34m▓[0m[48;2;5;2;8m[38;2;5;2;8m█[0m[48;2;30;27;31m[38;2;30;27;31m▓[0m[48;2;66;63;67m[38;2;66;63;67m░[0m[48;2;20;18;21m[38;2;20;18;21m▓[0m[48;2;20;18;20m[38;2;20;18;20m▓[0m[48;2;82;80;83m[38;2;82;80;83m@[0m[48;2;59;56;60m[38;2;59;56;60m░[0m[48;2;71;69;72m[38;2;71;69;72m░[0m[48;2;73;71;75m[38;2;73;71;75m░[0m[48;2;54;52;59m[38;2;54;52;59m▒[0m[48;2;11;8;27m[38;2;11;8;27m█[0m[48;2;3;2;7m[38;2;3;2;7m█[0m[48;2;19;17;24m[38;2;19;17;24m▓[0m[48;2;20;18;28m[38;2;20;18;28m▓[0m[48;2;18;14;26m[38;2;18;14;26m█[0m[48;2;55;53;60m[38;2;55;53;60m▒[0m[48;2;206;204;207m[38;2;206;204;207m:[0m                                  
                                   [48;2;136;134;135m[38;2;136;134;135m*[0m[48;2;41;36;39m[38;2;41;36;39m▒[0m[48;2;82;71;79m[38;2;82;71;79m@[0m[48;2;78;66;75m[38;2;78;66;75m░[0m[48;2;79;68;77m[38;2;79;68;77m░[0m[48;2;79;70;78m[38;2;79;70;78m@[0m[48;2;84;75;83m[38;2;84;75;83m@[0m[48;2;81;72;80m[38;2;81;72;80m@[0m[48;2;75;66;74m[38;2;75;66;74m░[0m[48;2;69;60;68m[38;2;69;60;68m░[0m[48;2;67;58;66m[38;2;67;58;66m░[0m[48;2;67;58;66m[38;2;67;58;66m░[0m[48;2;66;57;66m[38;2;66;57;66m░[0m[48;2;62;55;63m[38;2;62;55;63m░[0m[48;2;56;52;57m[38;2;56;52;57m▒[0m[48;2;25;22;25m[38;2;25;22;25m▓[0m[48;2;6;3;8m[38;2;6;3;8m█[0m[48;2;26;22;32m[38;2;26;22;32m▓[0m[48;2;21;17;28m[38;2;21;17;28m▓[0m[48;2;147;144;151m[38;2;147;144;151m*[0m[48;2;225;222;226m[38;2;225;222;226m.[0m[48;2;149;146;150m[38;2;149;146;150m+[0m[48;2;23;18;30m[38;2;23;18;30m▓[0m[48;2;40;28;73m[38;2;40;28;73m▒[0m[48;2;26;18;41m[38;2;26;18;41m▓[0m[48;2;13;8;21m[38;2;13;8;21m█[0m[48;2;16;12;22m[38;2;16;12;22m█[0m[48;2;36;31;48m[38;2;36;31;48m▓[0m[48;2;37;31;51m[38;2;37;31;51m▓[0m[48;2;35;29;49m[38;2;35;29;49m▓[0m[48;2;23;19;32m[38;2;23;19;32m▓[0m[48;2;82;80;86m[38;2;82;80;86m@[0m[48;2;206;205;207m[38;2;206;205;207m:[0m                                
                                    [48;2;176;175;176m[38;2;176;175;176m=[0m[48;2;108;104;108m[38;2;108;104;108m%[0m[48;2;89;82;89m[38;2;89;82;89m@[0m[48;2;84;77;84m[38;2;84;77;84m@[0m[48;2;90;82;90m[38;2;90;82;90m@[0m[48;2;91;83;90m[38;2;91;83;90m@[0m[48;2;95;86;93m[38;2;95;86;93m@[0m[48;2;98;88;96m[38;2;98;88;96m%[0m[48;2;97;87;95m[38;2;97;87;95m@[0m[48;2;91;81;89m[38;2;91;81;89m@[0m[48;2;81;71;80m[38;2;81;71;80m@[0m[48;2;60;50;59m[38;2;60;50;59m▒[0m[48;2;43;35;45m[38;2;43;35;45m▒[0m[48;2;23;18;30m[38;2;23;18;30m▓[0m[48;2;26;22;35m[38;2;26;22;35m▓[0m[48;2;35;30;48m[38;2;35;30;48m▓[0m[48;2;37;31;51m[38;2;37;31;51m▓[0m[48;2;36;31;49m[38;2;36;31;49m▓[0m[48;2;21;17;28m[38;2;21;17;28m▓[0m[48;2;181;178;184m[38;2;181;178;184m=[0m [48;2;224;221;225m[38;2;224;221;225m.[0m[48;2;144;140;144m[38;2;144;140;144m*[0m[48;2;42;37;51m[38;2;42;37;51m▒[0m[48;2;45;40;54m[38;2;45;40;54m▒[0m[48;2;9;6;12m[38;2;9;6;12m█[0m[48;2;18;14;27m[38;2;18;14;27m█[0m[48;2;36;31;50m[38;2;36;31;50m▓[0m[48;2;37;31;52m[38;2;37;31;52m▓[0m[48;2;37;31;52m[38;2;37;31;52m▓[0m[48;2;34;29;46m[38;2;34;29;46m▓[0m[48;2;23;19;33m[38;2;23;19;33m▓[0m[48;2;108;106;112m[38;2;108;106;112m%[0m[48;2;239;239;240m[38;2;239;239;240m [0m                              
                                         [48;2;231;229;231m[38;2;231;229;231m.[0m[48;2;220;218;219m[38;2;220;218;219m:[0m[48;2;217;215;217m[38;2;217;215;217m:[0m[48;2;26;24;26m[38;2;26;24;26m▓[0m[48;2;32;27;42m[38;2;32;27;42m▓[0m[48;2;36;29;49m[38;2;36;29;49m▓[0m[48;2;36;30;50m[38;2;36;30;50m▓[0m[48;2;37;31;52m[38;2;37;31;52m▓[0m[48;2;37;31;52m[38;2;37;31;52m▓[0m[48;2;37;31;52m[38;2;37;31;52m▓[0m[48;2;37;31;52m[38;2;37;31;52m▓[0m[48;2;37;31;52m[38;2;37;31;52m▓[0m[48;2;37;31;52m[38;2;37;31;52m▓[0m[48;2;35;29;49m[38;2;35;29;49m▓[0m[48;2;25;21;35m[38;2;25;21;35m▓[0m[48;2;182;179;186m[38;2;182;179;186m=[0m  [48;2;228;228;228m[38;2;228;228;228m.[0m[48;2;227;227;227m[38;2;227;227;227m.[0m[48;2;83;82;84m[38;2;83;82;84m@[0m[48;2;24;14;73m[38;2;24;14;73m▓[0m[48;2;17;13;34m[38;2;17;13;34m█[0m[48;2;36;30;51m[38;2;36;30;51m▓[0m[48;2;37;31;52m[38;2;37;31;52m▓[0m[48;2;37;31;52m[38;2;37;31;52m▓[0m[48;2;37;31;52m[38;2;37;31;52m▓[0m[48;2;30;25;43m[38;2;30;25;43m▓[0m[48;2;49;47;55m[38;2;49;47;55m▒[0m[48;2;224;223;225m[38;2;224;223;225m.[0m                             