                                                                                                    
                                                                                                    
                                                                                                    
                                                                                                    
                                                                                                    
                                                                                                    
                                                                                                    
                                                                                                    
                                                                                                    
                                                                                                    
                                                                                                    
                                             [48;2;231;231;231m[38;2;231;231;231m.[0m[48;2;218;218;218m[38;2;218;218;218m:[0m[48;2;215;215;215m[38;2;215;215;215m:[0m[48;2;222;222;222m[38;2;222;222;222m.[0m[48;2;237;237;237m[38;2;237;237;237m.[0m                                                  
                                          [48;2;162;162;163m[38;2;162;162;163m+[0m[48;2;82;81;85m[38;2;82;81;85m@[0m[48;2;32;30;37m[38;2;32;30;37m▓[0m[48;2;25;24;33m[38;2;25;24;33m▓[0m[48;2;29;27;38m[38;2;29;27;38m▓[0m[48;2;30;29;40m[38;2;30;29;40m▓[0m[48;2;28;27;38m[38;2;28;27;38m▓[0m[48;2;24;22;33m[38;2;24;22;33m▓[0m[48;2;31;29;38m[38;2;31;29;38m▓[0m[48;2;53;51;59m[38;2;53;51;59m▒[0m[48;2;81;79;86m[38;2;81;79;86m@[0m[48;2;121;120;125m[38;2;121;120;125m#[0m[48;2;174;173;176m[38;2;174;173;176m=[0m[48;2;237;237;238m[38;2;237;237;238m.[0m                                            
                                         [48;2;124;124;126m[38;2;124;124;126m#[0m[48;2;17;15;23m[38;2;17;15;23m█[0m[48;2;40;37;52m[38;2;40;37;52m▒[0m[48;2;43;42;59m[38;2;43;42;59m▒[0m[48;2;42;43;59m[38;2;42;43;59m▒[0m[48;2;41;43;59m[38;2;41;43;59m▒[0m[48;2;41;44;59m[38;2;41;44;59m▒[0m[48;2;41;43;59m[38;2;41;43;59m▒[0m[48;2;41;43;59m[38;2;41;43;59m▒[0m[48;2;41;43;59m[38;2;41;43;59m▒[0m[48;2;41;43;59m[38;2;41;43;59m▒[0m[48;2;42;43;59m[38;2;42;43;59m▒[0m[48;2;40;40;57m[38;2;40;40;57m▒[0m[48;2;33;31;48m[38;2;33;31;48m▓[0m[48;2;27;25;38m[38;2;27;25;38m▓[0m[48;2;86;85;93m[38;2;86;85;93m@[0m[48;2;193;193;196m[38;2;193;193;196m-[0m                                          
                                        [48;2;173;173;173m[38;2;173;173;173m=[0m[48;2;29;27;35m[38;2;29;27;35m▓[0m[48;2;44;42;58m[38;2;44;42;58m▒[0m[48;2;42;43;59m[38;2;42;43;59m▒[0m[48;2;40;44;59m[38;2;40;44;59m▒[0m[48;2;40;44;59m[38;2;40;44;59m▒[0m[48;2;40;44;59m[38;2;40;44;59m▒[0m[48;2;40;44;59m[38;2;40;44;59m▒[0m[48;2;40;44;59m[38;2;40;44;59m▒[0m[48;2;40;44;59m[38;2;40;44;59m▒[0m[48;2;40;44;59m[38;2;40;44;59m▒[0m[48;2;40;44;59m[38;2;40;44;59m▒[0m[48;2;40;44;59m[38;2;40;44;59m▒[0m[48;2;40;44;59m[38;2;40;44;59m▒[0m[48;2;41;43;59m[38;2;41;43;59m▒[0m[48;2;40;44;59m[38;2;40;44;59m▒[0m[48;2;40;40;57m[38;2;40;40;57m▒[0m[48;2;25;24;37m[38;2;25;24;37m▓[0m[48;2;99;98;104m[38;2;99;98;104m%[0m[48;2;239;238;240m[38;2;239;238;240m [0m                                        
                                       [48;2;115;115;116m[38;2;115;115;116m#[0m[48;2;16;14;18m[38;2;16;14;18m█[0m[48;2;67;65;76m[38;2;67;65;76m░[0m[48;2;42;43;59m[38;2;42;43;59m▒[0m[48;2;41;43;59m[38;2;41;43;59m▒[0m[48;2;40;44;59m[38;2;40;44;59m▒[0m[48;2;40;44;59m[38;2;40;44;59m▒[0m[48;2;40;44;59m[38;2;40;44;59m▒[0m[48;2;40;44;59m[38;2;40;44;59m▒[0m[48;2;40;44;59m[38;2;40;44;59m▒[0m[48;2;40;44;59m[38;2;40;44;59m▒[0m[48;2;40;44;59m[38;2;40;44;59m▒[0m[48;2;40;44;59m[38;2;40;44;59m▒[0m[48;2;40;44;59m[38;2;40;44;59m▒[0m[48;2;40;44;59m[38;2;40;44;59m▒[0m[48;2;40;44;59m[38;2;40;44;59m▒[0m[48;2;40;44;59m[38;2;40;44;59m▒[0m[48;2;40;44;59m[38;2;40;44;59m▒[0m[48;2;42;43;59m[38;2;42;43;59m▒[0m[48;2;33;32;45m[38;2;33;32;45m▓[0m[48;2;57;56;62m[38;2;57;56;62m░[0m[48;2;228;228;229m[38;2;228;228;229m.[0m                                       
                                     [48;2;231;231;231m[38;2;231;231;231m.[0m[48;2;72;69;72m[38;2;72;69;72m░[0m[48;2;106;97;104m[38;2;106;97;104m%[0m[48;2;21;16;22m[38;2;21;16;22m█[0m[48;2;73;71;82m[38;2;73;71;82m░[0m[48;2;42;43;59m[38;2;42;43;59m▒[0m[48;2;40;44;59m[38;2;40;44;59m▒[0m[48;2;40;44;59m[38;2;40;44;59m▒[0m[48;2;40;44;59m[38;2;40;44;59m▒[0m[48;2;40;44;59m[38;2;40;44;59m▒[0m[48;2;40;44;59m[38;2;40;44;59m▒[0m[48;2;40;44;59m[38;2;40;44;59m▒[0m[48;2;40;44;59m[38;2;40;44;59m▒[0m[48;2;40;44;59m[38;2;40;44;59m▒[0m[48;2;40;44;59m[38;2;40;44;59m▒[0m[48;2;40;44;59m[38;2;40;44;59m▒[0m[48;2;40;44;59m[38;2;40;44;59m▒[0m[48;2;40;44;59m[38;2;40;44;59m▒[0m[48;2;40;44;59m[38;2;40;44;59m▒[0m[48;2;40;44;59m[38;2;40;44;59m▒[0m[48;2;40;44;59m[38;2;40;44;59m▒[0m[48;2;41;43;58m[38;2;41;43;58m▒[0m[48;2;36;36;51m[38;2;36;36;51m▒[0m[48;2;54;52;61m[38;2;54;52;61m▒[0m[48;2;237;237;238m[38;2;237;237;238m.[0m                                      
                                    [48;2;240;240;240m[38;2;240;240;240m [0m[48;2;58;55;59m[38;2;58;55;59m░[0m[48;2;66;58;66m[38;2;66;58;66m░[0m[48;2;98;87;96m[38;2;98;87;96m@[0m[48;2;18;10;18m[38;2;18;10;18m█[0m[48;2;81;74;84m[38;2;81;74;84m@[0m[48;2;45;43;58m[38;2;45;43;58m▒[0m[48;2;41;43;59m[38;2;41;43;59m▒[0m[48;2;40;44;59m[38;2;40;44;59m▒[0m[48;2;40;44;59m[38;2;40;44;59m▒[0m[48;2;40;44;59m[38;2;40;44;59m▒[0m[48;2;40;44;59m[38;2;40;44;59m▒[0m[48;2;40;44;59m[38;2;40;44;59m▒[0m[48;2;40;44;59m[38;2;40;44;59m▒[0m[48;2;40;44;59m[38;2;40;44;59m▒[0m[48;2;40;44;59m[38;2;40;44;59m▒[0m[48;2;40;44;59m[38;2;40;44;59m▒[0m[48;2;40;44;59m[38;2;40;44;59m▒[0m[48;2;40;44;59m[38;2;40;44;59m▒[0m[48;2;40;44;59m[38;2;40;44;59m▒[0m[48;2;40;44;59m[38;2;40;44;59m▒[0m[48;2;40;44;59m[38;2;40;44;59m▒[0m[48;2;40;44;59m[38;2;40;44;59m▒[0m[48;2;42;43;59m[38;2;42;43;59m▒[0m[48;2;33;31;43m[38;2;33;31;43m▓[0m[48;2;104;103;105m[38;2;104;103;105m%[0m                                      
                                    [48;2;131;130;132m[38;2;131;130;132m*[0m[48;2;52;44;51m[38;2;52;44;51m▒[0m[48;2;18;9;25m[38;2;18;9;25m█[0m[48;2;58;42;91m[38;2;58;42;91m▒[0m[48;2;55;39;79m[38;2;55;39;79m▒[0m[48;2;37;26;50m[38;2;37;26;50m▓[0m[48;2;46;42;58m[38;2;46;42;58m▒[0m[48;2;42;43;59m[38;2;42;43;59m▒[0m[48;2;41;43;59m[38;2;41;43;59m▒[0m[48;2;40;44;59m[38;2;40;44;59m▒[0m[48;2;40;44;59m[38;2;40;44;59m▒[0m[48;2;40;44;59m[38;2;40;44;59m▒[0m[48;2;40;44;59m[38;2;40;44;59m▒[0m[48;2;40;44;59m[38;2;40;44;59m▒[0m[48;2;40;44;59m[38;2;40;44;59m▒[0m[48;2;40;44;59m[38;2;40;44;59m▒[0m[48;2;40;44;59m[38;2;40;44;59m▒[0m[48;2;40;44;59m[38;2;40;44;59m▒[0m[48;2;40;44;59m[38;2;40;44;59m▒[0m[48;2;40;44;59m[38;2;40;44;59m▒[0m[48;2;40;44;59m[38;2;40;44;59m▒[0m[48;2;40;44;59m[38;2;40;44;59m▒[0m[48;2;40;44;59m[38;2;40;44;59m▒[0m[48;2;41;43;59m[38;2;41;43;59m▒[0m[48;2;43;42;55m[38;2;43;42;55m▒[0m[48;2;29;26;29m[38;2;29;26;29m▓[0m                                      
                                    [48;2;50;48;51m[38;2;50;48;51m▒[0m[48;2;39;32;39m[38;2;39;32;39m▓[0m[48;2;40;30;51m[38;2;40;30;51m▓[0m[48;2;75;57;113m[38;2;75;57;113m░[0m[48;2;56;40;82m[38;2;56;40;82m▒[0m[48;2;21;12;28m[38;2;21;12;28m█[0m[48;2;67;62;74m[38;2;67;62;74m░[0m[48;2;48;46;61m[38;2;48;46;61m▒[0m[48;2;41;43;59m[38;2;41;43;59m▒[0m[48;2;40;44;59m[38;2;40;44;59m▒[0m[48;2;40;44;59m[38;2;40;44;59m▒[0m[48;2;40;44;59m[38;2;40;44;59m▒[0m[48;2;40;44;59m[38;2;40;44;59m▒[0m[48;2;40;44;59m[38;2;40;44;59m▒[0m[48;2;40;44;59m[38;2;40;44;59m▒[0m[48;2;40;44;59m[38;2;40;44;59m▒[0m[48;2;40;44;59m[38;2;40;44;59m▒[0m[48;2;40;44;59m[38;2;40;44;59m▒[0m[48;2;40;44;59m[38;2;40;44;59m▒[0m[48;2;40;44;59m[38;2;40;44;59m▒[0m[48;2;40;44;59m[38;2;40;44;59m▒[0m[48;2;40;44;59m[38;2;40;44;59m▒[0m[48;2;40;44;59m[38;2;40;44;59m▒[0m[48;2;41;43;59m[38;2;41;43;59m▒[0m[48;2;37;35;48m[38;2;37;35;48m▒[0m[48;2;74;71;75m[38;2;74;71;75m░[0m                                      
                                    [48;2;37;35;38m[38;2;37;35;38m▓[0m[48;2;27;20;26m[38;2;27;20;26m▓[0m[48;2;22;16;24m[38;2;22;16;24m▓[0m[48;2;67;57;71m[38;2;67;57;71m░[0m[48;2;71;60;72m[38;2;71;60;72m░[0m[48;2;79;71;80m[38;2;79;71;80m@[0m[48;2;29;23;32m[38;2;29;23;32m▓[0m[48;2;75;70;80m[38;2;75;70;80m░[0m[48;2;50;49;65m[38;2;50;49;65m▒[0m[48;2;40;44;59m[38;2;40;44;59m▒[0m[48;2;40;44;59m[38;2;40;44;59m▒[0m[48;2;40;44;59m[38;2;40;44;59m▒[0m[48;2;40;44;59m[38;2;40;44;59m▒[0m[48;2;40;44;59m[38;2;40;44;59m▒[0m[48;2;40;44;59m[38;2;40;44;59m▒[0m[48;2;40;44;59m[38;2;40;44;59m▒[0m[48;2;40;44;59m[38;2;40;44;59m▒[0m[48;2;40;44;59m[38;2;40;44;59m▒[0m[48;2;40;44;59m[38;2;40;44;59m▒[0m[48;2;40;44;59m[38;2;40;44;59m▒[0m[48;2;40;44;59m[38;2;40;44;59m▒[0m[48;2;40;44;58m[38;2;40;44;58m▒[0m[48;2;42;43;58m[38;2;42;43;58m▒[0m[48;2;32;30;46m[38;2;32;30;46m▓[0m[48;2;17;14;27m[38;2;17;14;27m█[0m[48;2;118;114;120m[38;2;118;114;120m#[0m                                      
                                    [48;2;153;151;153m[38;2;153;151;153m+[0m[48;2;97;92;96m[38;2;97;92;96m%[0m[48;2;52;45;50m[38;2;52;45;50m▒[0m[48;2;150;136;147m[38;2;150;136;147m*[0m[48;2;97;82;92m[38;2;97;82;92m@[0m[48;2;65;55;64m[38;2;65;55;64m░[0m[48;2;128;116;126m[38;2;128;116;126m#[0m[48;2;49;39;51m[38;2;49;39;51m▒[0m[48;2;52;44;56m[38;2;52;44;56m▒[0m[48;2;69;63;75m[38;2;69;63;75m░[0m[48;2;46;46;60m[38;2;46;46;60m▒[0m[48;2;41;43;58m[38;2;41;43;58m▒[0m[48;2;40;44;59m[38;2;40;44;59m▒[0m[48;2;40;44;59m[38;2;40;44;59m▒[0m[48;2;40;44;59m[38;2;40;44;59m▒[0m[48;2;40;44;59m[38;2;40;44;59m▒[0m[48;2;40;44;59m[38;2;40;44;59m▒[0m[48;2;40;44;59m[38;2;40;44;59m▒[0m[48;2;40;44;59m[38;2;40;44;59m▒[0m[48;2;41;43;59m[38;2;41;43;59m▒[0m[48;2;41;42;57m[38;2;41;42;57m▒[0m[48;2;32;32;46m[38;2;32;32;46m▓[0m[48;2;27;25;38m[38;2;27;25;38m▓[0m[48;2;10;7;19m[38;2;10;7;19m█[0m[48;2;94;87;97m[38;2;94;87;97m@[0m[48;2;71;67;71m[38;2;71;67;71m░[0m                                      
                                    [48;2;191;190;190m[38;2;191;190;190m-[0m[48;2;104;98;102m[38;2;104;98;102m%[0m[48;2;173;161;162m[38;2;173;161;162m=[0m[48;2;71;58;66m[38;2;71;58;66m░[0m[48;2;154;137;150m[38;2;154;137;150m*[0m[48;2;56;44;54m[38;2;56;44;54m▒[0m[48;2;118;106;116m[38;2;118;106;116m#[0m[48;2;158;141;154m[38;2;158;141;154m+[0m[48;2;129;112;125m[38;2;129;112;125m#[0m[48;2;80;67;78m[38;2;80;67;78m░[0m[48;2;56;47;59m[38;2;56;47;59m▒[0m[48;2;37;31;43m[38;2;37;31;43m▓[0m[48;2;33;28;41m[38;2;33;28;41m▓[0m[48;2;35;33;47m[38;2;35;33;47m▓[0m[48;2;36;37;51m[38;2;36;37;51m▒[0m[48;2;36;37;52m[38;2;36;37;52m▒[0m[48;2;34;36;50m[38;2;34;36;50m▒[0m[48;2;31;32;45m[38;2;31;32;45m▓[0m[48;2;26;25;37m[38;2;26;25;37m▓[0m[48;2;31;27;39m[38;2;31;27;39m▓[0m[48;2;58;51;63m[38;2;58;51;63m▒[0m[48;2;89;78;88m[38;2;89;78;88m@[0m[48;2;55;46;55m[38;2;55;46;55m▒[0m[48;2;105;94;104m[38;2;105;94;104m%[0m[48;2;155;139;150m[38;2;155;139;150m*[0m[48;2;77;64;74m[38;2;77;64;74m░[0m[48;2;161;158;162m[38;2;161;158;162m+[0m                                     
                                    [48;2;212;212;212m[38;2;212;212;212m:[0m[48;2;41;38;40m[38;2;41;38;40m▒[0m[48;2;140;133;133m[38;2;140;133;133m*[0m[48;2;116;109;110m[38;2;116;109;110m#[0m[48;2;74;63;72m[38;2;74;63;72m░[0m[48;2;151;135;148m[38;2;151;135;148m*[0m[48;2;61;48;58m[38;2;61;48;58m▒[0m[48;2;110;95;107m[38;2;110;95;107m%[0m[48;2;160;141;155m[38;2;160;141;155m+[0m[48;2;160;141;155m[38;2;160;141;155m+[0m[48;2;160;141;155m[38;2;160;141;155m+[0m[48;2;148;130;144m[38;2;148;130;144m*[0m[48;2;124;107;120m[38;2;124;107;120m#[0m[48;2;60;49;60m[38;2;60;49;60m▒[0m[48;2;22;15;25m[38;2;22;15;25m█[0m[48;2;25;18;26m[38;2;25;18;26m▓[0m[48;2;38;32;39m[38;2;38;32;39m▓[0m[48;2;51;45;53m[38;2;51;45;53m▒[0m[48;2;74;66;74m[38;2;74;66;74m░[0m[48;2;94;84;93m[38;2;94;84;93m@[0m[48;2;60;49;60m[38;2;60;49;60m▒[0m[48;2;30;21;29m[38;2;30;21;29m▓[0m[48;2;45;37;45m[38;2;45;37;45m▒[0m[48;2;75;64;73m[38;2;75;64;73m░[0m[48;2;143;128;138m[38;2;143;128;138m*[0m[48;2;154;136;147m[38;2;154;136;147m*[0m[48;2;61;52;59m[38;2;61;52;59m░[0m[48;2;78;75;78m[38;2;78;75;78m@[0m[48;2;137;135;137m[38;2;137;135;137m*[0m[48;2;210;210;210m[38;2;210;210;210m:[0m                                  
                                    [48;2;121;121;121m[38;2;121;121;121m#[0m[48;2;110;109;109m[38;2;110;109;109m%[0m[48;2;94;90;90m[38;2;94;90;90m@[0m[48;2;17;12;14m[38;2;17;12;14m█[0m[48;2;27;21;25m[38;2;27;21;25m▓[0m[48;2;46;38;45m[38;2;46;38;45m▒[0m[48;2;80;70;78m[38;2;80;70;78m@[0m[48;2;65;57;64m[38;2;65;57;64m░[0m[48;2;69;58;67m[38;2;69;58;67m░[0m[48;2;145;129;141m[38;2;145;129;141m*[0m[48;2;161;140;155m[38;2;161;140;155m+[0m[48;2;161;140;155m[38;2;161;140;155m+[0m[48;2;161;140;155m[38;2;161;140;155m+[0m[48;2;161;140;155m[38;2;161;140;155m+[0m[48;2;160;141;155m[38;2;160;141;155m+[0m[48;2;155;135;149m[38;2;155;135;149m*[0m[48;2;146;127;141m[38;2;146;127;141m*[0m[48;2;143;125;139m[38;2;143;125;139m*[0m[48;2;121;107;119m[38;2;121;107;119m#[0m[48;2;15;6;15m[38;2;15;6;15m█[0m[48;2;6;2;8m[38;2;6;2;8m█[0m[48;2;16;14;18m[38;2;16;14;18m█[0m[48;2;33;31;38m[38;2;33;31;38m▓[0m[48;2;20;16;25m[38;2;20;16;25m█[0m[48;2;118;109;117m[38;2;118;109;117m#[0m[48;2;160;141;153m[38;2;160;141;153m+[0m[48;2;156;138;151m[38;2;156;138;151m*[0m[48;2;87;74;85m[38;2;87;74;85m@[0m[48;2;55;44;55m[38;2;55;44;55m▒[0m[48;2;82;71;82m[38;2;82;71;82m@[0m[48;2;76;70;75m[38;2;76;70;75m░[0m[48;2;146;143;146m[38;2;146;143;146m*[0m                                
                                    [48;2;172;172;172m[38;2;172;172;172m=[0m[48;2;45;43;44m[38;2;45;43;44m▒[0m[48;2;101;97;97m[38;2;101;97;97m%[0m[48;2;95;90;90m[38;2;95;90;90m%[0m[48;2;81;76;78m[38;2;81;76;78m@[0m[48;2;197;192;195m[38;2;197;192;195m-[0m[48;2;13;8;12m[38;2;13;8;12m█[0m[48;2;70;64;70m[38;2;70;64;70m░[0m[48;2;60;52;59m[38;2;60;52;59m░[0m[48;2;40;32;39m[38;2;40;32;39m▓[0m[48;2;76;65;74m[38;2;76;65;74m░[0m[48;2;156;137;151m[38;2;156;137;151m*[0m[48;2;161;140;155m[38;2;161;140;155m+[0m[48;2;161;140;155m[38;2;161;140;155m+[0m[48;2;161;140;155m[38;2;161;140;155m+[0m[48;2;161;140;155m[38;2;161;140;155m+[0m[48;2;161;140;155m[38;2;161;140;155m+[0m[48;2;161;140;155m[38;2;161;140;155m+[0m[48;2;88;72;84m[38;2;88;72;84m@[0m[48;2;21;13;23m[38;2;21;13;23m█[0m[48;2;13;8;16m[38;2;13;8;16m█[0m[48;2;4;2;7m[38;2;4;2;7m█[0m[48;2;3;2;7m[38;2;3;2;7m█[0m[48;2;15;14;19m[38;2;15;14;19m█[0m[48;2;36;30;37m[38;2;36;30;37m▓[0m[48;2;157;141;152m[38;2;157;141;152m+[0m[48;2;161;141;155m[38;2;161;141;155m+[0m[48;2;161;140;155m[38;2;161;140;155m+[0m[48;2;137;119;132m[38;2;137;119;132m#[0m[48;2;124;108;120m[38;2;124;108;120m#[0m[48;2;159;141;154m[38;2;159;141;154m+[0m[48;2;118;104;114m[38;2;118;104;114m%[0m[48;2;65;59;64m[38;2;65;59;64m░[0m[48;2;216;215;216m[38;2;216;215;216m:[0m                              
                                    [48;2;168;168;168m[38;2;168;168;168m=[0m[48;2;105;103;105m[38;2;105;103;105m%[0m[48;2;200;198;202m[38;2;200;198;202m-[0m[48;2;184;182;186m[38;2;184;182;186m-[0m[48;2;50;49;51m[38;2;50;49;51m▒[0m [48;2;54;52;55m[38;2;54;52;55m▒[0m[48;2;130;121;128m[38;2;130;121;128m#[0m[48;2;157;139;150m[38;2;157;139;150m*[0m[48;2;158;139;150m[38;2;158;139;150m*[0m[48;2;159;139;152m[38;2;159;139;152m+[0m[48;2;161;140;155m[38;2;161;140;155m+[0m[48;2;161;140;155m[38;2;161;140;155m+[0m[48;2;161;140;155m[38;2;161;140;155m+[0m[48;2;161;140;155m[38;2;161;140;155m+[0m[48;2;161;140;155m[38;2;161;140;155m+[0m[48;2;161;140;155m[38;2;161;140;155m+[0m[48;2;161;140;155m[38;2;161;140;155m+[0m[48;2;155;134;149m[38;2;155;134;149m*[0m[48;2;132;116;129m[38;2;132;116;129m#[0m[48;2;125;110;122m[38;2;125;110;122m#[0m[48;2;27;19;27m[38;2;27;19;27m▓[0m[48;2;19;13;20m[38;2;19;13;20m█[0m[48;2;40;33;41m[38;2;40;33;41m▓[0m[48;2;52;45;54m[38;2;52;45;54m▒[0m[48;2;108;95;107m[38;2;108;95;107m%[0m[48;2;155;138;151m[38;2;155;138;151m*[0m[48;2;161;140;155m[38;2;161;140;155m+[0m[48;2;161;140;155m[38;2;161;140;155m+[0m[48;2;161;140;155m[38;2;161;140;155m+[0m[48;2;161;140;155m[38;2;161;140;155m+[0m[48;2;160;140;154m[38;2;160;140;154m+[0m[48;2;140;124;134m[38;2;140;124;134m*[0m[48;2;62;56;61m[38;2;62;56;61m░[0m                              
                                    [48;2;215;215;216m[38;2;215;215;216m:[0m[48;2;63;62;64m[38;2;63;62;64m░[0m[48;2;202;201;204m[38;2;202;201;204m:[0m[48;2;179;178;181m[38;2;179;178;181m=[0m[48;2;68;67;70m[38;2;68;67;70m░[0m [48;2;94;93;96m[38;2;94;93;96m%[0m[48;2;33;26;31m[38;2;33;26;31m▓[0m[48;2;147;128;140m[38;2;147;128;140m*[0m[48;2;160;139;153m[38;2;160;139;153m+[0m[48;2;161;140;155m[38;2;161;140;155m+[0m[48;2;161;140;155m[38;2;161;140;155m+[0m[48;2;161;140;155m[38;2;161;140;155m+[0m[48;2;161;140;155m[38;2;161;140;155m+[0m[48;2;161;140;155m[38;2;161;140;155m+[0m[48;2;161;140;155m[38;2;161;140;155m+[0m[48;2;161;140;155m[38;2;161;140;155m+[0m[48;2;161;140;155m[38;2;161;140;155m+[0m[48;2;161;140;155m[38;2;161;140;155m+[0m[48;2;161;140;155m[38;2;161;140;155m+[0m[48;2;161;140;155m[38;2;161;140;155m+[0m[48;2;154;135;149m[38;2;154;135;149m*[0m[48;2;155;135;150m[38;2;155;135;150m*[0m[48;2;101;83;96m[38;2;101;83;96m@[0m[48;2;66;52;65m[38;2;66;52;65m░[0m[48;2;10;2;10m[38;2;10;2;10m█[0m[48;2;18;11;19m[38;2;18;11;19m█[0m[48;2;71;57;68m[38;2;71;57;68m░[0m[48;2;155;135;149m[38;2;155;135;149m*[0m[48;2;161;140;155m[38;2;161;140;155m+[0m[48;2;161;140;155m[38;2;161;140;155m+[0m[48;2;161;140;155m[38;2;161;140;155m+[0m[48;2;161;140;155m[38;2;161;140;155m+[0m[48;2;76;62;71m[38;2;76;62;71m░[0m[48;2;181;179;181m[38;2;181;179;181m=[0m                             
                                     [48;2;63;61;64m[38;2;63;61;64m░[0m[48;2;176;175;178m[38;2;176;175;178m=[0m[48;2;77;75;78m[38;2;77;75;78m@[0m[48;2;179;178;182m[38;2;179;178;182m=[0m [48;2;110;109;112m[38;2;110;109;112m%[0m[48;2;8;5;9m[38;2;8;5;9m█[0m[48;2;33;25;32m[38;2;33;25;32m▓[0m[48;2;132;116;129m[38;2;132;116;129m#[0m[48;2;160;139;154m[38;2;160;139;154m+[0m[48;2;161;140;155m[38;2;161;140;155m+[0m[48;2;161;140;155m[38;2;161;140;155m+[0m[48;2;161;140;155m[38;2;161;140;155m+[0m[48;2;161;140;155m[38;2;161;140;155m+[0m[48;2;161;140;155m[38;2;161;140;155m+[0m[48;2;161;140;155m[38;2;161;140;155m+[0m[48;2;161;140;155m[38;2;161;140;155m+[0m[48;2;161;140;155m[38;2;161;140;155m+[0m[48;2;161;140;155m[38;2;161;140;155m+[0m[48;2;161;140;155m[38;2;161;140;155m+[0m[48;2;161;140;155m[38;2;161;140;155m+[0m[48;2;161;140;155m[38;2;161;140;155m+[0m[48;2;161;140;155m[38;2;161;140;155m+[0m[48;2;158;139;153m[38;2;158;139;153m*[0m[48;2;138;120;134m[38;2;138;120;134m#[0m[48;2;97;83;94m[38;2;97;83;94m@[0m[48;2;68;57;65m[38;2;68;57;65m░[0m[48;2;86;71;81m[38;2;86;71;81m@[0m[48;2;139;121;134m[38;2;139;121;134m#[0m[48;2;158;139;153m[38;2;158;139;153m*[0m[48;2;161;140;155m[38;2;161;140;155m+[0m[48;2;161;140;155m[38;2;161;140;155m+[0m[48;2;80;66;75m[38;2;80;66;75m░[0m[48;2;164;160;163m[38;2;164;160;163m+[0m                             
                                     [48;2;213;213;213m[38;2;213;213;213m:[0m[48;2;75;75;76m[38;2;75;75;76m@[0m[48;2;61;60;63m[38;2;61;60;63m░[0m[48;2;121;120;123m[38;2;121;120;123m#[0m[48;2;99;98;101m[38;2;99;98;101m%[0m[48;2;23;21;26m[38;2;23;21;26m▓[0m[48;2;29;25;38m[38;2;29;25;38m▓[0m[48;2;34;29;44m[38;2;34;29;44m▓[0m[48;2;21;16;28m[38;2;21;16;28m▓[0m[48;2;79;68;80m[38;2;79;68;80m░[0m[48;2;150;133;146m[38;2;150;133;146m*[0m[48;2;160;140;155m[38;2;160;140;155m+[0m[48;2;161;140;155m[38;2;161;140;155m+[0m[48;2;161;140;155m[38;2;161;140;155m+[0m[48;2;161;140;155m[38;2;161;140;155m+[0m[48;2;161;140;155m[38;2;161;140;155m+[0m[48;2;161;140;155m[38;2;161;140;155m+[0m[48;2;161;140;155m[38;2;161;140;155m+[0m[48;2;161;140;155m[38;2;161;140;155m+[0m[48;2;161;140;155m[38;2;161;140;155m+[0m[48;2;161;140;155m[38;2;161;140;155m+[0m[48;2;161;140;155m[38;2;161;140;155m+[0m[48;2;161;140;155m[38;2;161;140;155m+[0m[48;2;161;140;155m[38;2;161;140;155m+[0m[48;2;161;140;155m[38;2;161;140;155m+[0m[48;2;161;140;155m[38;2;161;140;155m+[0m[48;2;160;140;154m[38;2;160;140;154m+[0m[48;2;137;119;130m[38;2;137;119;130m#[0m[48;2;95;79;90m[38;2;95;79;90m@[0m[48;2;79;65;75m[38;2;79;65;75m░[0m[48;2;79;66;76m[38;2;79;66;76m░[0m[48;2;78;65;76m[38;2;78;65;76m░[0m[48;2;60;47;56m[38;2;60;47;56m▒[0m[48;2;75;69;74m[38;2;75;69;74m░[0m                             
                                         [48;2;182;182;183m[38;2;182;182;183m=[0m[48;2;16;14;20m[38;2;16;14;20m█[0m[48;2;36;31;50m[38;2;36;31;50m▓[0m[48;2;37;31;51m[38;2;37;31;51m▓[0m[48;2;37;31;51m[38;2;37;31;51m▓[0m[48;2;29;24;40m[38;2;29;24;40m▓[0m[48;2;25;17;30m[38;2;25;17;30m▓[0m[48;2;75;65;76m[38;2;75;65;76m░[0m[48;2;132;117;130m[38;2;132;117;130m#[0m[48;2;160;141;155m[38;2;160;141;155m+[0m[48;2;161;140;155m[38;2;161;140;155m+[0m[48;2;161;140;155m[38;2;161;140;155m+[0m[48;2;161;140;155m[38;2;161;140;155m+[0m[48;2;161;140;155m[38;2;161;140;155m+[0m[48;2;161;140;155m[38;2;161;140;155m+[0m[48;2;161;140;155m[38;2;161;140;155m+[0m[48;2;161;140;155m[38;2;161;140;155m+[0m[48;2;161;140;155m[38;2;161;140;155m+[0m[48;2;161;140;155m[38;2;161;140;155m+[0m[48;2;161;140;155m[38;2;161;140;155m+[0m[48;2;161;140;155m[38;2;161;140;155m+[0m[48;2;161;140;155m[38;2;161;140;155m+[0m[48;2;161;140;155m[38;2;161;140;155m+[0m[48;2;161;140;155m[38;2;161;140;155m+[0m[48;2;161;140;155m[38;2;161;140;155m+[0m[48;2;161;140;155m[38;2;161;140;155m+[0m[48;2;161;140;155m[38;2;161;140;155m+[0m[48;2;160;141;155m[38;2;160;141;155m+[0m[48;2;116;101;112m[38;2;116;101;112m%[0m[48;2;111;106;110m[38;2;111;106;110m%[0m                             
                                         [48;2;194;193;195m[38;2;194;193;195m-[0m[48;2;8;5;13m[38;2;8;5;13m█[0m[48;2;15;11;27m[38;2;15;11;27m█[0m[48;2;22;17;33m[38;2;22;17;33m▓[0m[48;2;29;24;41m[38;2;29;24;41m▓[0m[48;2;33;28;46m[38;2;33;28;46m▓[0m[48;2;33;27;42m[38;2;33;27;42m▓[0m[48;2;16;7;30m[38;2;16;7;30m█[0m[48;2;50;34;105m[38;2;50;34;105m▒[0m[48;2;47;36;76m[38;2;47;36;76m▒[0m[48;2;76;65;84m[38;2;76;65;84m░[0m[48;2;112;99;113m[38;2;112;99;113m%[0m[48;2;146;128;142m[38;2;146;128;142m*[0m[48;2;160;140;155m[38;2;160;140;155m+[0m[48;2;161;140;155m[38;2;161;140;155m+[0m[48;2;161;140;155m[38;2;161;140;155m+[0m[48;2;161;140;155m[38;2;161;140;155m+[0m[48;2;161;140;155m[38;2;161;140;155m+[0m[48;2;161;140;155m[38;2;161;140;155m+[0m[48;2;161;140;155m[38;2;161;140;155m+[0m[48;2;161;140;155m[38;2;161;140;155m+[0m[48;2;161;140;155m[38;2;161;140;155m+[0m[48;2;161;140;155m[38;2;161;140;155m+[0m[48;2;161;140;155m[38;2;161;140;155m+[0m[48;2;161;140;155m[38;2;161;140;155m+[0m[48;2;160;140;154m[38;2;160;140;154m+[0m[48;2;135;117;131m[38;2;135;117;131m#[0m[48;2;84;71;82m[38;2;84;71;82m@[0m[48;2;102;95;101m[38;2;102;95;101m%[0m[48;2;241;238;242m[38;2;241;238;242m [0m                             
                                         [48;2;230;229;231m[38;2;230;229;231m.[0m[48;2;13;11;18m[38;2;13;11;18m█[0m[48;2;34;30;47m[38;2;34;30;47m▓[0m[48;2;31;26;44m[38;2;31;26;44m▓[0m[48;2;25;21;37m[38;2;25;21;37m▓[0m[48;2;21;17;32m[38;2;21;17;32m▓[0m[48;2;19;15;29m[38;2;19;15;29m█[0m[48;2;10;6;19m[38;2;10;6;19m█[0m[48;2;63;46;138m[38;2;63;46;138m░[0m[48;2;79;63;157m[38;2;79;63;157m@[0m[48;2;76;61;148m[38;2;76;61;148m@[0m[48;2;65;53;124m[38;2;65;53;124m░[0m[48;2;12;4;45m[38;2;12;4;45m█[0m[48;2;25;19;30m[38;2;25;19;30m▓[0m[48;2;57;49;85m[38;2;57;49;85m░[0m[48;2;73;64;81m[38;2;73;64;81m░[0m[48;2;85;75;91m[38;2;85;75;91m@[0m[48;2;103;91;102m[38;2;103;91;102m%[0m[48;2;113;99;111m[38;2;113;99;111m%[0m[48;2;117;103;115m[38;2;117;103;115m%[0m[48;2;120;105;117m[38;2;120;105;117m#[0m[48;2;118;103;115m[38;2;118;103;115m%[0m[48;2;106;92;103m[38;2;106;92;103m%[0m[48;2;88;75;86m[38;2;88;75;86m@[0m[48;2;61;50;61m[38;2;61;50;61m▒[0m[48;2;90;83;91m[38;2;90;83;91m@[0m[48;2;125;120;126m[38;2;125;120;126m#[0m[48;2;204;202;204m[38;2;204;202;204m:[0m                               
                                          [48;2;58;56;62m[38;2;58;56;62m░[0m[48;2;31;27;42m[38;2;31;27;42m▓[0m[48;2;37;31;52m[38;2;37;31;52m▓[0m[48;2;37;31;52m[38;2;37;31;52m▓[0m[48;2;37;31;52m[38;2;37;31;52m▓[0m[48;2;37;31;52m[38;2;37;31;52m▓[0m[48;2;29;24;41m[38;2;29;24;41m▓[0m[48;2;25;16;61m[38;2;25;16;61m▓[0m[48;2;86;73;149m[38;2;86;73;149m@[0m[48;2;85;71;157m[38;2;85;71;157m@[0m[48;2;83;67;166m[38;2;83;67;166m@[0m[48;2;40;24;121m[38;2;40;24;121m▒[0m[48;2;34;30;43m[38;2;34;30;43m▓[0m[48;2;31;22;72m[38;2;31;22;72m▓[0m[48;2;79;64;159m[38;2;79;64;159m@[0m[48;2;59;41;154m[38;2;59;41;154m░[0m[48;2;67;54;140m[38;2;67;54;140m░[0m[48;2;58;46;115m[38;2;58;46;115m░[0m[48;2;22;15;45m[38;2;22;15;45m▓[0m[48;2;15;11;17m[38;2;15;11;17m█[0m[48;2;45;39;49m[38;2;45;39;49m▒[0m[48;2;31;25;42m[38;2;31;25;42m▓[0m[48;2;34;28;46m[38;2;34;28;46m▓[0m[48;2;29;24;41m[38;2;29;24;41m▓[0m[48;2;32;28;41m[38;2;32;28;41m▓[0m[48;2;99;96;103m[38;2;99;96;103m%[0m[48;2;196;195;197m[38;2;196;195;197m-[0m                               
                                          [48;2;155;154;157m[38;2;155;154;157m+[0m[48;2;20;16;28m[38;2;20;16;28m▓[0m[48;2;37;31;52m[38;2;37;31;52m▓[0m[48;2;37;31;52m[38;2;37;31;52m▓[0m[48;2;37;31;52m[38;2;37;31;52m▓[0m[48;2;37;31;52m[38;2;37;31;52m▓[0m[48;2;37;31;52m[38;2;37;31;52m▓[0m[48;2;26;21;40m[38;2;26;21;40m▓[0m[48;2;23;19;38m[38;2;23;19;38m▓[0m[48;2;39;33;59m[38;2;39;33;59m▒[0m[48;2;43;33;89m[38;2;43;33;89m▒[0m[48;2;55;44;104m[38;2;55;44;104m▒[0m[48;2;20;14;40m[38;2;20;14;40m▓[0m[48;2;141;139;144m[38;2;141;139;144m*[0m[48;2;24;18;45m[38;2;24;18;45m▓[0m[48;2;50;45;74m[38;2;50;45;74m▒[0m[48;2;72;67;94m[38;2;72;67;94m░[0m[48;2;125;122;130m[38;2;125;122;130m#[0m[48;2;195;193;197m[38;2;195;193;197m-[0m[48;2;103;100;105m[38;2;103;100;105m%[0m[48;2;37;33;39m[38;2;37;33;39m▓[0m[48;2;65;61;72m[38;2;65;61;72m░[0m[48;2;46;41;56m[38;2;46;41;56m▒[0m[48;2;37;32;49m[38;2;37;32;49m▓[0m[48;2;37;32;51m[38;2;37;32;51m▓[0m[48;2;35;30;49m[38;2;35;30;49m▓[0m[48;2;23;19;34m[38;2;23;19;34m▓[0m[48;2;65;62;70m[38;2;65;62;70m░[0m[48;2;191;190;192m[38;2;191;190;192m-[0m                             
                                           [48;2;47;43;52m[38;2;47;43;52m▒[0m[48;2;33;28;46m[38;2;33;28;46m▓[0m[48;2;37;31;52m[38;2;37;31;52m▓[0m[48;2;37;31;52m[38;2;37;31;52m▓[0m[48;2;37;31;52m[38;2;37;31;52m▓[0m[48;2;37;31;52m[38;2;37;31;52m▓[0m[48;2;37;31;52m[38;2;37;31;52m▓[0m[48;2;37;31;52m[38;2;37;31;52m▓[0m[48;2;73;68;85m[38;2;73;68;85m░[0m[48;2;14;10;19m[38;2;14;10;19m█[0m[48;2;79;77;82m[38;2;79;77;82m@[0m[48;2;165;163;164m[38;2;165;163;164m+[0m[48;2;222;220;222m[38;2;222;220;222m.[0m[48;2;47;45;49m[38;2;47;45;49m▒[0m[48;2;96;95;99m[38;2;96;95;99m%[0m[48;2;117;115;120m[38;2;117;115;120m#[0m[48;2;210;207;211m[38;2;210;207;211m:[0m [48;2;199;197;200m[38;2;199;197;200m-[0m[48;2;67;64;69m[38;2;67;64;69m░[0m[48;2;82;79;84m[38;2;82;79;84m@[0m[48;2;45;41;48m[38;2;45;41;48m▒[0m[48;2;62;58;68m[38;2;62;58;68m░[0m[48;2;48;43;58m[38;2;48;43;58m▒[0m[48;2;38;32;52m[38;2;38;32;52m▓[0m[48;2;37;31;52m[38;2;37;31;52m▓[0m[48;2;36;30;50m[38;2;36;30;50m▓[0m[48;2;22;18;31m[38;2;22;18;31m▓[0m[48;2;125;123;129m[38;2;125;123;129m#[0m                            