                                                                                                    
                                                                                                    
                                                                                                    
                                                                                                    
                                                                                                    
                                                                                                    
                                                                                                    
                                                                                                    
                                                                                                    
                                                                                                    
                                                                                                    
                                                [48;2;222;222;222m[38;2;222;222;222m.[0m[48;2;206;206;206m[38;2;206;206;206m:[0m[48;2;203;203;203m[38;2;203;203;203m:[0m[48;2;197;197;198m[38;2;197;197;198m-[0m[48;2;204;204;205m[38;2;204;204;205m:[0m[48;2;229;229;229m[38;2;229;229;229m.[0m                                              
                                            [48;2;166;166;167m[38;2;166;166;167m=[0m[48;2;96;96;98m[38;2;96;96;98m%[0m[48;2;53;52;57m[38;2;53;52;57m▒[0m[48;2;27;25;33m[38;2;27;25;33m▓[0m[48;2;27;25;36m[38;2;27;25;36m▓[0m[48;2;31;29;40m[38;2;31;29;40m▓[0m[48;2;31;29;41m[38;2;31;29;41m▓[0m[48;2;30;28;41m[38;2;30;28;41m▓[0m[48;2;29;27;41m[38;2;29;27;41m▓[0m[48;2;25;23;35m[38;2;25;23;35m▓[0m[48;2;34;33;44m[38;2;34;33;44m▓[0m[48;2;71;69;78m[38;2;71;69;78m░[0m[48;2;112;111;117m[38;2;112;111;117m#[0m[48;2;171;171;173m[38;2;171;171;173m=[0m                                          
                                         [48;2;233;233;233m[38;2;233;233;233m.[0m[48;2;120;119;122m[38;2;120;119;122m#[0m[48;2;33;31;40m[38;2;33;31;40m▓[0m[48;2;33;30;44m[38;2;33;30;44m▓[0m[48;2;45;43;58m[38;2;45;43;58m▒[0m[48;2;60;57;72m[38;2;60;57;72m░[0m[48;2;59;57;70m[38;2;59;57;70m░[0m[48;2;34;31;44m[38;2;34;31;44m▓[0m[48;2;44;41;53m[38;2;44;41;53m▒[0m[48;2;40;38;50m[38;2;40;38;50m▒[0m[48;2;29;27;39m[38;2;29;27;39m▓[0m[48;2;30;28;41m[38;2;30;28;41m▓[0m[48;2;35;33;47m[38;2;35;33;47m▓[0m[48;2;40;40;55m[38;2;40;40;55m▒[0m[48;2;44;42;59m[38;2;44;42;59m▒[0m[48;2;43;41;58m[38;2;43;41;58m▒[0m[48;2;33;31;46m[38;2;33;31;46m▓[0m[48;2;32;30;41m[38;2;32;30;41m▓[0m[48;2;127;126;130m[38;2;127;126;130m#[0m[48;2;238;238;239m[38;2;238;238;239m [0m                                       
                                        [48;2;154;153;155m[38;2;154;153;155m+[0m[48;2;28;27;32m[38;2;28;27;32m▓[0m[48;2;25;23;32m[38;2;25;23;32m▓[0m[48;2;31;28;40m[38;2;31;28;40m▓[0m[48;2;46;43;53m[38;2;46;43;53m▒[0m[48;2;46;42;51m[38;2;46;42;51m▒[0m[48;2;58;50;61m[38;2;58;50;61m▒[0m[48;2;52;41;50m[38;2;52;41;50m▒[0m[48;2;72;61;70m[38;2;72;61;70m░[0m[48;2;90;78;87m[38;2;90;78;87m@[0m[48;2;128;115;125m[38;2;128;115;125m#[0m[48;2;140;127;137m[38;2;140;127;137m*[0m[48;2;128;114;124m[38;2;128;114;124m#[0m[48;2;109;95;105m[38;2;109;95;105m%[0m[48;2;81;69;78m[38;2;81;69;78m@[0m[48;2;42;34;46m[38;2;42;34;46m▒[0m[48;2;36;31;44m[38;2;36;31;44m▓[0m[48;2;63;58;72m[38;2;63;58;72m░[0m[48;2;56;51;66m[38;2;56;51;66m▒[0m[48;2;37;34;46m[38;2;37;34;46m▓[0m[48;2;41;39;47m[38;2;41;39;47m▒[0m[48;2;190;188;191m[38;2;190;188;191m-[0m                                      
                                       [48;2;85;84;86m[38;2;85;84;86m@[0m[48;2;26;22;27m[38;2;26;22;27m▓[0m[48;2;74;66;75m[38;2;74;66;75m░[0m[48;2;69;60;70m[38;2;69;60;70m░[0m[48;2;92;81;92m[38;2;92;81;92m@[0m[48;2;140;124;137m[38;2;140;124;137m*[0m[48;2;147;129;143m[38;2;147;129;143m*[0m[48;2;152;133;147m[38;2;152;133;147m*[0m[48;2;135;116;130m[38;2;135;116;130m#[0m[48;2;143;124;137m[38;2;143;124;137m*[0m[48;2;133;114;127m[38;2;133;114;127m#[0m[48;2;128;109;122m[38;2;128;109;122m#[0m[48;2;158;139;153m[38;2;158;139;153m*[0m[48;2;159;138;153m[38;2;159;138;153m*[0m[48;2;161;140;155m[38;2;161;140;155m+[0m[48;2;159;139;154m[38;2;159;139;154m+[0m[48;2;157;139;152m[38;2;157;139;152m*[0m[48;2;119;103;114m[38;2;119;103;114m%[0m[48;2;49;37;47m[38;2;49;37;47m▒[0m[48;2;40;33;43m[38;2;40;33;43m▓[0m[48;2;47;43;53m[38;2;47;43;53m▒[0m[48;2;24;20;30m[38;2;24;20;30m▓[0m[48;2;14;9;18m[38;2;14;9;18m█[0m[48;2;131;128;133m[38;2;131;128;133m*[0m                                     
                                      [48;2;93;91;94m[38;2;93;91;94m%[0m[48;2;92;82;91m[38;2;92;82;91m@[0m[48;2;82;70;79m[38;2;82;70;79m@[0m[48;2;71;58;69m[38;2;71;58;69m░[0m[48;2;120;105;118m[38;2;120;105;118m#[0m[48;2;152;134;148m[38;2;152;134;148m*[0m[48;2;160;141;155m[38;2;160;141;155m+[0m[48;2;161;140;155m[38;2;161;140;155m+[0m[48;2;161;140;155m[38;2;161;140;155m+[0m[48;2;159;138;153m[38;2;159;138;153m*[0m[48;2;151;130;145m[38;2;151;130;145m*[0m[48;2;151;131;146m[38;2;151;131;146m*[0m[48;2;161;140;155m[38;2;161;140;155m+[0m[48;2;161;140;155m[38;2;161;140;155m+[0m[48;2;161;140;155m[38;2;161;140;155m+[0m[48;2;161;140;155m[38;2;161;140;155m+[0m[48;2;132;113;126m[38;2;132;113;126m#[0m[48;2;64;48;60m[38;2;64;48;60m▒[0m[48;2;157;139;152m[38;2;157;139;152m*[0m[48;2;156;139;152m[38;2;156;139;152m*[0m[48;2;80;68;80m[38;2;80;68;80m░[0m[48;2;42;28;62m[38;2;42;28;62m▓[0m[48;2;44;31;76m[38;2;44;31;76m▒[0m[48;2;56;41;89m[38;2;56;41;89m▒[0m[48;2;31;19;47m[38;2;31;19;47m▓[0m[48;2;108;105;108m[38;2;108;105;108m%[0m                                    
                                     [48;2;84;82;85m[38;2;84;82;85m@[0m[48;2;115;105;114m[38;2;115;105;114m%[0m[48;2;157;139;153m[38;2;157;139;153m*[0m[48;2;129;111;123m[38;2;129;111;123m#[0m[48;2;160;141;154m[38;2;160;141;154m+[0m[48;2;161;140;155m[38;2;161;140;155m+[0m[48;2;161;140;155m[38;2;161;140;155m+[0m[48;2;161;140;155m[38;2;161;140;155m+[0m[48;2;161;140;155m[38;2;161;140;155m+[0m[48;2;161;140;155m[38;2;161;140;155m+[0m[48;2;156;135;150m[38;2;156;135;150m*[0m[48;2;129;111;124m[38;2;129;111;124m#[0m[48;2;60;45;57m[38;2;60;45;57m▒[0m[48;2;157;137;151m[38;2;157;137;151m*[0m[48;2;161;140;155m[38;2;161;140;155m+[0m[48;2;135;115;129m[38;2;135;115;129m#[0m[48;2;158;138;152m[38;2;158;138;152m*[0m[48;2;160;140;155m[38;2;160;140;155m+[0m[48;2;106;91;102m[38;2;106;91;102m%[0m[48;2;68;54;64m[38;2;68;54;64m░[0m[48;2;154;137;150m[38;2;154;137;150m*[0m[48;2;159;141;154m[38;2;159;141;154m+[0m[48;2;78;65;76m[38;2;78;65;76m░[0m[48;2;73;55;103m[38;2;73;55;103m░[0m[48;2;104;73;153m[38;2;104;73;153m@[0m[48;2;60;42;85m[38;2;60;42;85m▒[0m[48;2;10;4;13m[38;2;10;4;13m█[0m[48;2;157;155;158m[38;2;157;155;158m+[0m                                   
                                    [48;2;152;152;152m[38;2;152;152;152m+[0m[48;2;80;75;80m[38;2;80;75;80m@[0m[48;2;128;116;126m[38;2;128;116;126m#[0m[48;2;133;115;129m[38;2;133;115;129m#[0m[48;2;160;141;155m[38;2;160;141;155m+[0m[48;2;73;58;70m[38;2;73;58;70m░[0m[48;2;134;119;132m[38;2;134;119;132m#[0m[48;2;89;73;86m[38;2;89;73;86m@[0m[48;2;160;140;155m[38;2;160;140;155m+[0m[48;2;161;140;155m[38;2;161;140;155m+[0m[48;2;159;139;153m[38;2;159;139;153m+[0m[48;2;37;24;35m[38;2;37;24;35m▓[0m[48;2;150;136;148m[38;2;150;136;148m*[0m[48;2;78;66;76m[38;2;78;66;76m░[0m[48;2;42;30;40m[38;2;42;30;40m▓[0m[48;2;109;94;106m[38;2;109;94;106m%[0m[48;2;106;92;103m[38;2;106;92;103m%[0m[48;2;56;44;54m[38;2;56;44;54m▒[0m[48;2;148;131;144m[38;2;148;131;144m*[0m[48;2;160;141;155m[38;2;160;141;155m+[0m[48;2;121;105;118m[38;2;121;105;118m#[0m[48;2;57;44;55m[38;2;57;44;55m▒[0m[48;2;135;118;131m[38;2;135;118;131m#[0m[48;2;157;141;153m[38;2;157;141;153m+[0m[48;2;76;64;75m[38;2;76;64;75m░[0m[48;2;32;22;39m[38;2;32;22;39m▓[0m[48;2;8;3;9m[38;2;8;3;9m█[0m[48;2;22;18;25m[38;2;22;18;25m▓[0m[48;2;39;36;41m[38;2;39;36;41m▒[0m                                   
                                    [48;2;51;48;50m[38;2;51;48;50m▒[0m[48;2;150;138;146m[38;2;150;138;146m*[0m[48;2;56;46;54m[38;2;56;46;54m▒[0m[48;2;134;120;130m[38;2;134;120;130m#[0m[48;2;95;82;92m[38;2;95;82;92m@[0m[48;2;25;17;26m[38;2;25;17;26m▓[0m[48;2;102;91;100m[38;2;102;91;100m%[0m[48;2;77;65;75m[38;2;77;65;75m░[0m[48;2;154;136;150m[38;2;154;136;150m*[0m[48;2;161;140;155m[38;2;161;140;155m+[0m[48;2;161;140;155m[38;2;161;140;155m+[0m[48;2;59;46;56m[38;2;59;46;56m▒[0m[48;2;49;39;48m[38;2;49;39;48m▒[0m[48;2;144;131;140m[38;2;144;131;140m*[0m[48;2;59;49;58m[38;2;59;49;58m▒[0m[48;2;98;90;97m[38;2;98;90;97m%[0m[48;2;85;77;83m[38;2;85;77;83m@[0m[48;2;39;32;37m[38;2;39;32;37m▓[0m[48;2;25;18;24m[38;2;25;18;24m▓[0m[48;2;93;80;90m[38;2;93;80;90m@[0m[48;2;145;128;141m[38;2;145;128;141m*[0m[48;2;148;132;145m[38;2;148;132;145m*[0m[48;2;75;62;73m[38;2;75;62;73m░[0m[48;2;82;70;80m[38;2;82;70;80m@[0m[48;2;145;129;141m[38;2;145;129;141m*[0m[48;2;108;95;106m[38;2;108;95;106m%[0m[48;2;34;28;36m[38;2;34;28;36m▓[0m[48;2;26;21;27m[38;2;26;21;27m▓[0m[48;2;15;11;16m[38;2;15;11;16m█[0m[48;2;214;212;214m[38;2;214;212;214m:[0m                                  
                                   [48;2;210;210;210m[38;2;210;210;210m:[0m[48;2;55;50;54m[38;2;55;50;54m▒[0m[48;2;158;143;153m[38;2;158;143;153m+[0m[48;2;32;21;30m[38;2;32;21;30m▓[0m[48;2;34;25;33m[38;2;34;25;33m▓[0m[48;2;134;126;133m[38;2;134;126;133m*[0m[48;2;40;34;40m[38;2;40;34;40m▓[0m[48;2;73;64;72m[38;2;73;64;72m░[0m[48;2;40;31;39m[38;2;40;31;39m▓[0m[48;2;21;10;19m[38;2;21;10;19m█[0m[48;2;121;105;117m[38;2;121;105;117m#[0m[48;2;153;135;148m[38;2;153;135;148m*[0m[48;2;107;94;105m[38;2;107;94;105m%[0m[48;2;19;9;17m[38;2;19;9;17m█[0m[48;2;27;18;27m[38;2;27;18;27m▓[0m[48;2;60;47;79m[38;2;60;47;79m▒[0m[48;2;36;16;70m[38;2;36;16;70m▓[0m[48;2;23;9;42m[38;2;23;9;42m█[0m[48;2;116;109;114m[38;2;116;109;114m#[0m[48;2;18;11;16m[38;2;18;11;16m█[0m[48;2;47;40;45m[38;2;47;40;45m▒[0m[48;2;81;73;80m[38;2;81;73;80m@[0m[48;2;74;63;71m[38;2;74;63;71m░[0m[48;2;78;66;74m[38;2;78;66;74m░[0m[48;2;63;51;61m[38;2;63;51;61m░[0m[48;2;23;13;21m[38;2;23;13;21m█[0m[48;2;35;25;33m[38;2;35;25;33m▓[0m[48;2;43;34;43m[38;2;43;34;43m▒[0m[48;2;51;42;50m[38;2;51;42;50m▒[0m[48;2;106;97;105m[38;2;106;97;105m%[0m[48;2;82;73;80m[38;2;82;73;80m@[0m[48;2;97;90;95m[38;2;97;90;95m%[0m[48;2;176;173;175m[38;2;176;173;175m=[0m                                
                                   [48;2;169;169;169m[38;2;169;169;169m=[0m[48;2;80;72;78m[38;2;80;72;78m@[0m[48;2;159;142;153m[38;2;159;142;153m+[0m[48;2;27;18;25m[38;2;27;18;25m▓[0m[48;2;30;23;29m[38;2;30;23;29m▓[0m[48;2;112;106;110m[38;2;112;106;110m%[0m[48;2;20;12;22m[38;2;20;12;22m█[0m[48;2;41;22;78m[38;2;41;22;78m▓[0m[48;2;44;22;84m[38;2;44;22;84m▓[0m[48;2;27;10;55m[38;2;27;10;55m▓[0m[48;2;82;72;78m[38;2;82;72;78m@[0m[48;2;129;119;122m[38;2;129;119;122m#[0m[48;2;163;152;154m[38;2;163;152;154m+[0m[48;2;199;188;188m[38;2;199;188;188m-[0m[48;2;56;44;50m[38;2;56;44;50m▒[0m[48;2;122;92;159m[38;2;122;92;159m%[0m[48;2;140;91;182m[38;2;140;91;182m#[0m[48;2;106;68;137m[38;2;106;68;137m@[0m[48;2;122;111;118m[38;2;122;111;118m#[0m[48;2;238;225;223m[38;2;238;225;223m.[0m[48;2;128;116;116m[38;2;128;116;116m#[0m[48;2;83;71;80m[38;2;83;71;80m@[0m[48;2;154;140;151m[38;2;154;140;151m*[0m[48;2;158;140;153m[38;2;158;140;153m+[0m[48;2;75;63;73m[38;2;75;63;73m░[0m[48;2;69;57;65m[38;2;69;57;65m░[0m[48;2;136;124;132m[38;2;136;124;132m*[0m[48;2;148;135;145m[38;2;148;135;145m*[0m[48;2;158;142;154m[38;2;158;142;154m+[0m[48;2;159;141;154m[38;2;159;141;154m+[0m[48;2;160;141;154m[38;2;160;141;154m+[0m[48;2;157;138;151m[38;2;157;138;151m*[0m[48;2;112;98;108m[38;2;112;98;108m%[0m[48;2;74;66;72m[38;2;74;66;72m░[0m[48;2;138;136;139m[38;2;138;136;139m*[0m[48;2;238;238;238m[38;2;238;238;238m [0m                             
                                   [48;2;207;207;207m[38;2;207;207;207m:[0m[48;2;58;52;56m[38;2;58;52;56m▒[0m[48;2;159;142;153m[38;2;159;142;153m+[0m[48;2;64;52;61m[38;2;64;52;61m░[0m[48;2;93;86;92m[38;2;93;86;92m@[0m[48;2;243;237;239m[38;2;243;237;239m [0m[48;2;52;43;52m[38;2;52;43;52m▒[0m[48;2;132;100;173m[38;2;132;100;173m#[0m[48;2;144;93;181m[38;2;144;93;181m#[0m[48;2;105;65;137m[38;2;105;65;137m@[0m[48;2;128;117;120m[38;2;128;117;120m#[0m[48;2;251;238;235m[38;2;251;238;235m [0m[48;2;250;235;230m[38;2;250;235;230m [0m[48;2;249;234;229m[38;2;249;234;229m [0m[48;2;198;182;179m[38;2;198;182;179m-[0m[48;2;80;61;74m[38;2;80;61;74m░[0m[48;2;155;119;154m[38;2;155;119;154m*[0m[48;2;99;69;98m[38;2;99;69;98m@[0m[48;2;162;149;152m[38;2;162;149;152m+[0m[48;2;245;217;210m[38;2;245;217;210m.[0m[48;2;242;211;197m[38;2;242;211;197m:[0m[48;2;169;152;150m[38;2;169;152;150m+[0m[48;2;68;56;65m[38;2;68;56;65m░[0m[48;2;144;127;140m[38;2;144;127;140m*[0m[48;2;158;141;152m[38;2;158;141;152m+[0m[48;2;118;103;111m[38;2;118;103;111m%[0m[48;2;67;53;61m[38;2;67;53;61m░[0m[48;2;94;80;89m[38;2;94;80;89m@[0m[48;2;143;126;138m[38;2;143;126;138m*[0m[48;2;157;139;153m[38;2;157;139;153m*[0m[48;2;159;140;154m[38;2;159;140;154m+[0m[48;2;161;140;155m[38;2;161;140;155m+[0m[48;2;160;141;155m[38;2;160;141;155m+[0m[48;2;158;141;154m[38;2;158;141;154m+[0m[48;2;124;113;122m[38;2;124;113;122m#[0m[48;2;55;50;55m[38;2;55;50;55m▒[0m[48;2;217;217;217m[38;2;217;217;217m:[0m                            
                                    [48;2;66;64;66m[38;2;66;64;66m░[0m[48;2;138;124;133m[38;2;138;124;133m*[0m[48;2;139;125;135m[38;2;139;125;135m*[0m[48;2;45;37;43m[38;2;45;37;43m▒[0m[48;2;222;213;215m[38;2;222;213;215m:[0m[48;2;174;161;161m[38;2;174;161;161m=[0m[48;2;89;69;86m[38;2;89;69;86m@[0m[48;2;192;148;190m[38;2;192;148;190m=[0m[48;2;105;73;105m[38;2;105;73;105m@[0m[48;2;160;148;150m[38;2;160;148;150m+[0m[48;2;251;237;233m[38;2;251;237;233m [0m[48;2;222;206;201m[38;2;222;206;201m:[0m[48;2;190;175;171m[38;2;190;175;171m=[0m[48;2;250;234;229m[38;2;250;234;229m [0m[48;2;239;224;219m[38;2;239;224;219m.[0m[48;2;192;178;173m[38;2;192;178;173m=[0m[48;2;215;200;195m[38;2;215;200;195m:[0m[48;2;249;235;227m[38;2;249;235;227m [0m[48;2;241;219;209m[38;2;241;219;209m.[0m[48;2;246;226;217m[38;2;246;226;217m.[0m[48;2;249;235;230m[38;2;249;235;230m [0m[48;2;203;190;190m[38;2;203;190;190m-[0m[48;2;33;23;30m[38;2;33;23;30m▓[0m[48;2;80;69;77m[38;2;80;69;77m@[0m[48;2;119;106;115m[38;2;119;106;115m#[0m[48;2;80;69;77m[38;2;80;69;77m@[0m[48;2;117;107;114m[38;2;117;107;114m#[0m[48;2;87;75;84m[38;2;87;75;84m@[0m[48;2;74;62;72m[38;2;74;62;72m░[0m[48;2;72;62;71m[38;2;72;62;71m░[0m[48;2;58;48;56m[38;2;58;48;56m▒[0m[48;2;51;44;51m[38;2;51;44;51m▒[0m[48;2;72;61;69m[38;2;72;61;69m░[0m[48;2;157;141;151m[38;2;157;141;151m+[0m[48;2;135;120;130m[38;2;135;120;130m#[0m[48;2;76;71;76m[38;2;76;71;76m░[0m                            
                                    [48;2;153;153;153m[38;2;153;153;153m+[0m[48;2;31;25;30m[38;2;31;25;30m▓[0m[48;2;120;109;118m[38;2;120;109;118m#[0m[48;2;132;121;130m[38;2;132;121;130m#[0m[48;2;69;59;64m[38;2;69;59;64m░[0m[48;2;168;154;151m[38;2;168;154;151m+[0m[48;2;199;186;183m[38;2;199;186;183m-[0m[48;2;149;136;133m[38;2;149;136;133m*[0m[48;2;193;179;177m[38;2;193;179;177m-[0m[48;2;249;235;230m[38;2;249;235;230m [0m[48;2;250;235;230m[38;2;250;235;230m [0m[48;2;213;198;193m[38;2;213;198;193m:[0m[48;2;204;190;185m[38;2;204;190;185m-[0m[48;2;250;234;228m[38;2;250;234;228m [0m[48;2;250;234;227m[38;2;250;234;227m [0m[48;2;250;234;228m[38;2;250;234;228m [0m[48;2;250;234;227m[38;2;250;234;227m [0m[48;2;250;235;226m[38;2;250;235;226m [0m[48;2;250;235;226m[38;2;250;235;226m [0m[48;2;251;236;228m[38;2;251;236;228m [0m[48;2;226;213;209m[38;2;226;213;209m:[0m[48;2;74;63;64m[38;2;74;63;64m░[0m[48;2;126;115;120m[38;2;126;115;120m#[0m[48;2;137;125;134m[38;2;137;125;134m*[0m[48;2;76;67;75m[38;2;76;67;75m░[0m[48;2;23;18;24m[38;2;23;18;24m▓[0m[48;2;7;2;7m[38;2;7;2;7m█[0m[48;2;17;11;15m[38;2;17;11;15m█[0m[48;2;17;11;15m[38;2;17;11;15m█[0m[48;2;15;10;15m[38;2;15;10;15m█[0m[48;2;37;31;37m[38;2;37;31;37m▓[0m[48;2;98;89;97m[38;2;98;89;97m%[0m[48;2;156;142;152m[38;2;156;142;152m+[0m[48;2;161;141;154m[38;2;161;141;154m+[0m[48;2;161;141;154m[38;2;161;141;154m+[0m[48;2;51;41;49m[38;2;51;41;49m▒[0m[48;2;223;222;223m[38;2;223;222;223m.[0m                           
                                    [48;2;134;134;134m[38;2;134;134;134m*[0m[48;2;26;24;25m[38;2;26;24;25m▓[0m[48;2;37;34;37m[38;2;37;34;37m▓[0m[48;2;110;105;108m[38;2;110;105;108m%[0m[48;2;105;99;101m[38;2;105;99;101m%[0m[48;2;93;86;88m[38;2;93;86;88m@[0m[48;2;190;178;176m[38;2;190;178;176m=[0m[48;2;250;235;230m[38;2;250;235;230m [0m[48;2;250;234;228m[38;2;250;234;228m [0m[48;2;250;234;228m[38;2;250;234;228m [0m[48;2;250;234;228m[38;2;250;234;228m [0m[48;2;250;234;228m[38;2;250;234;228m [0m[48;2;250;234;227m[38;2;250;234;227m [0m[48;2;249;235;227m[38;2;249;235;227m [0m[48;2;242;227;221m[38;2;242;227;221m.[0m[48;2;213;200;194m[38;2;213;200;194m:[0m[48;2;184;170;166m[38;2;184;170;166m=[0m[48;2;149;136;135m[38;2;149;136;135m*[0m[48;2;105;94;95m[38;2;105;94;95m%[0m[48;2;67;58;59m[38;2;67;58;59m░[0m[48;2;14;8;10m[38;2;14;8;10m█[0m[48;2;31;25;27m[38;2;31;25;27m▓[0m[48;2;93;86;89m[38;2;93;86;89m@[0m[48;2;38;30;36m[38;2;38;30;36m▓[0m[48;2;11;6;13m[38;2;11;6;13m█[0m[48;2;18;14;21m[38;2;18;14;21m█[0m[48;2;59;57;61m[38;2;59;57;61m░[0m[48;2;207;205;206m[38;2;207;205;206m:[0m[48;2;99;96;98m[38;2;99;96;98m%[0m[48;2;151;145;149m[38;2;151;145;149m+[0m[48;2;146;139;144m[38;2;146;139;144m*[0m[48;2;45;35;42m[38;2;45;35;42m▒[0m[48;2;155;140;152m[38;2;155;140;152m*[0m[48;2;161;140;155m[38;2;161;140;155m+[0m[48;2;162;141;156m[38;2;162;141;156m+[0m[48;2;63;52;61m[38;2;63;52;61m░[0m[48;2;206;203;206m[38;2;206;203;206m:[0m                           
                                    [48;2;237;237;237m[38;2;237;237;237m.[0m[48;2;221;220;220m[38;2;221;220;220m.[0m[48;2;98;96;97m[38;2;98;96;97m%[0m[48;2;74;68;70m[38;2;74;68;70m░[0m[48;2;132;126;128m[38;2;132;126;128m*[0m[48;2;143;137;137m[38;2;143;137;137m*[0m[48;2;142;134;133m[38;2;142;134;133m*[0m[48;2;137;129;128m[38;2;137;129;128m*[0m[48;2;131;123;122m[38;2;131;123;122m#[0m[48;2;124;116;114m[38;2;124;116;114m#[0m[48;2;111;103;103m[38;2;111;103;103m%[0m[48;2;105;98;98m[38;2;105;98;98m%[0m[48;2;87;80;80m[38;2;87;80;80m@[0m[48;2;100;95;94m[38;2;100;95;94m%[0m[48;2;88;83;82m[38;2;88;83;82m@[0m[48;2;15;10;11m[38;2;15;10;11m█[0m[48;2;33;29;32m[38;2;33;29;32m▓[0m[48;2;37;33;37m[38;2;37;33;37m▓[0m[48;2;13;8;12m[38;2;13;8;12m█[0m[48;2;41;37;43m[38;2;41;37;43m▒[0m[48;2;17;14;21m[38;2;17;14;21m█[0m[48;2;8;4;10m[38;2;8;4;10m█[0m[48;2;36;32;37m[38;2;36;32;37m▓[0m[48;2;25;21;32m[38;2;25;21;32m▓[0m[48;2;35;30;45m[38;2;35;30;45m▓[0m[48;2;18;13;25m[38;2;18;13;25m█[0m[48;2;180;177;179m[38;2;180;177;179m=[0m [48;2;112;109;113m[38;2;112;109;113m#[0m[48;2;71;68;72m[38;2;71;68;72m░[0m[48;2;85;81;85m[38;2;85;81;85m@[0m[48;2;78;70;76m[38;2;78;70;76m░[0m[48;2;136;122;134m[38;2;136;122;134m#[0m[48;2;160;141;155m[38;2;160;141;155m+[0m[48;2;147;128;141m[38;2;147;128;141m*[0m[48;2;61;51;57m[38;2;61;51;57m▒[0m                            
                                 [48;2;152;151;152m[38;2;152;151;152m+[0m[48;2;93;91;93m[38;2;93;91;93m%[0m[48;2;37;37;37m[38;2;37;37;37m▒[0m[48;2;27;26;30m[38;2;27;26;30m▓[0m[48;2;21;20;27m[38;2;21;20;27m▓[0m[48;2;16;13;21m[38;2;16;13;21m█[0m[48;2;31;27;34m[38;2;31;27;34m▓[0m[48;2;24;19;25m[38;2;24;19;25m▓[0m[48;2;26;23;25m[38;2;26;23;25m▓[0m[48;2;37;34;37m[38;2;37;34;37m▓[0m[48;2;5;3;6m[38;2;5;3;6m█[0m[48;2;32;29;32m[38;2;32;29;32m▓[0m[48;2;45;42;45m[38;2;45;42;45m▒[0m[48;2;38;34;43m[38;2;38;34;43m▓[0m[48;2;24;19;24m[38;2;24;19;24m▓[0m[48;2;138;134;138m[38;2;138;134;138m*[0m[48;2;67;64;67m[38;2;67;64;67m░[0m[48;2;11;9;10m[38;2;11;9;10m█[0m[48;2;42;40;42m[38;2;42;40;42m▒[0m[48;2;35;31;35m[38;2;35;31;35m▓[0m[48;2;40;36;39m[38;2;40;36;39m▒[0m[48;2;63;56;58m[38;2;63;56;58m░[0m[48;2;110;102;92m[38;2;110;102;92m%[0m[48;2;38;32;43m[38;2;38;32;43m▓[0m[48;2;17;12;26m[38;2;17;12;26m█[0m[48;2;4;1;8m[38;2;4;1;8m█[0m[48;2;22;19;30m[38;2;22;19;30m▓[0m[48;2;35;30;46m[38;2;35;30;46m▓[0m[48;2;17;13;25m[38;2;17;13;25m█[0m[48;2;230;228;230m[38;2;230;228;230m.[0m [48;2;186;183;185m[38;2;186;183;185m-[0m[48;2;81;78;81m[38;2;81;78;81m@[0m[48;2;137;132;137m[38;2;137;132;137m*[0m[48;2;42;35;40m[38;2;42;35;40m▒[0m[48;2;141;128;138m[38;2;141;128;138m*[0m[48;2;145;130;142m[38;2;145;130;142m*[0m[48;2;61;50;58m[38;2;61;50;58m▒[0m[48;2;207;202;206m[38;2;207;202;206m:[0m                            
                               [48;2;216;216;216m[38;2;216;216;216m:[0m[48;2;69;67;69m[38;2;69;67;69m░[0m[48;2;61;61;61m[38;2;61;61;61m░[0m[48;2;182;180;182m[38;2;182;180;182m=[0m[48;2;108;108;109m[38;2;108;108;109m%[0m[48;2;26;23;35m[38;2;26;23;35m▓[0m[48;2;37;32;50m[38;2;37;32;50m▓[0m[48;2;37;32;51m[38;2;37;32;51m▓[0m[48;2;37;32;49m[38;2;37;32;49m▓[0m[48;2;26;22;35m[38;2;26;22;35m▓[0m[48;2;14;12;20m[38;2;14;12;20m█[0m[48;2;12;10;19m[38;2;12;10;19m█[0m[48;2;24;22;33m[38;2;24;22;33m▓[0m[48;2;14;11;24m[38;2;14;11;24m█[0m[48;2;21;18;23m[38;2;21;18;23m▓[0m[48;2;21;18;22m[38;2;21;18;22m▓[0m[48;2;15;12;18m[38;2;15;12;18m█[0m[48;2;95;91;97m[38;2;95;91;97m%[0m[48;2;15;12;17m[38;2;15;12;17m█[0m[48;2;37;35;38m[38;2;37;35;38m▓[0m[48;2;13;10;15m[38;2;13;10;15m█[0m[48;2;55;49;50m[38;2;55;49;50m▒[0m[48;2;90;82;82m[38;2;90;82;82m@[0m[48;2;63;51;63m[38;2;63;51;63m░[0m[48;2;115;104;101m[38;2;115;104;101m%[0m[48;2;44;33;45m[38;2;44;33;45m▒[0m[48;2;39;29;49m[38;2;39;29;49m▓[0m[48;2;21;15;28m[38;2;21;15;28m█[0m[48;2;9;6;14m[38;2;9;6;14m█[0m[48;2;46;41;50m[38;2;46;41;50m▒[0m[48;2;30;26;32m[38;2;30;26;32m▓[0m[48;2;110;106;109m[38;2;110;106;109m%[0m[48;2;131;128;130m[38;2;131;128;130m*[0m[48;2;143;141;142m[38;2;143;141;142m*[0m[48;2;41;37;41m[38;2;41;37;41m▒[0m[48;2;48;42;47m[38;2;48;42;47m▒[0m[48;2;125;113;121m[38;2;125;113;121m#[0m[48;2;124;110;120m[38;2;124;110;120m#[0m[48;2;65;56;64m[38;2;65;56;64m░[0m[48;2;215;211;215m[38;2;215;211;215m:[0m                             
                               [48;2;236;235;236m[38;2;236;235;236m.[0m[48;2;151;151;152m[38;2;151;151;152m+[0m[48;2;107;107;108m[38;2;107;107;108m%[0m[48;2;115;115;115m[38;2;115;115;115m#[0m[48;2;230;230;230m[38;2;230;230;230m.[0m[48;2;39;37;42m[38;2;39;37;42m▒[0m[48;2;33;28;42m[38;2;33;28;42m▓[0m[48;2;37;32;50m[38;2;37;32;50m▓[0m[48;2;37;32;50m[38;2;37;32;50m▓[0m[48;2;20;16;28m[38;2;20;16;28m▓[0m[48;2;16;13;21m[38;2;16;13;21m█[0m[48;2;10;8;18m[38;2;10;8;18m█[0m[48;2;34;31;47m[38;2;34;31;47m▓[0m[48;2;27;24;41m[38;2;27;24;41m▓[0m[48;2;5;2;10m[38;2;5;2;10m█[0m[48;2;54;49;45m[38;2;54;49;45m▒[0m[48;2;15;10;11m[38;2;15;10;11m█[0m[48;2;7;2;7m[38;2;7;2;7m█[0m[48;2;16;9;21m[38;2;16;9;21m█[0m[48;2;132;123;103m[38;2;132;123;103m#[0m[48;2;172;160;129m[38;2;172;160;129m+[0m[48;2;35;24;23m[38;2;35;24;23m▓[0m[48;2;74;63;64m[38;2;74;63;64m░[0m[48;2;85;73;75m[38;2;85;73;75m@[0m[48;2;72;61;66m[38;2;72;61;66m░[0m[48;2;38;28;44m[38;2;38;28;44m▓[0m[48;2;34;27;44m[38;2;34;27;44m▓[0m[48;2;35;30;47m[38;2;35;30;47m▓[0m[48;2;28;23;39m[38;2;28;23;39m▓[0m[48;2;28;22;29m[38;2;28;22;29m▓[0m[48;2;50;45;50m[38;2;50;45;50m▒[0m[48;2;50;45;50m[38;2;50;45;50m▒[0m[48;2;27;21;26m[38;2;27;21;26m▓[0m[48;2;84;76;83m[38;2;84;76;83m@[0m[48;2;136;124;133m[38;2;136;124;133m*[0m[48;2;107;97;106m[38;2;107;97;106m%[0m[48;2;74;67;74m[38;2;74;67;74m░[0m[48;2;139;135;140m[38;2;139;135;140m*[0m[48;2;242;240;243m[38;2;242;240;243m [0m                              
                                  [48;2;84;84;84m[38;2;84;84;84m@[0m[48;2;189;188;189m[38;2;189;188;189m-[0m[48;2;213;212;213m[38;2;213;212;213m:[0m[48;2;61;58;63m[38;2;61;58;63m░[0m[48;2;23;19;30m[38;2;23;19;30m▓[0m[48;2;20;16;28m[38;2;20;16;28m▓[0m[48;2;21;17;26m[38;2;21;17;26m▓[0m[48;2;41;37;43m[38;2;41;37;43m▒[0m[48;2;16;14;23m[38;2;16;14;23m█[0m[48;2;36;32;48m[38;2;36;32;48m▓[0m[48;2;35;30;48m[38;2;35;30;48m▓[0m[48;2;15;10;23m[38;2;15;10;23m█[0m[48;2;96;89;79m[38;2;96;89;79m@[0m[48;2;160;147;123m[38;2;160;147;123m+[0m[48;2;154;140;114m[38;2;154;140;114m*[0m[48;2;180;165;133m[38;2;180;165;133m=[0m[48;2;141;127;103m[38;2;141;127;103m*[0m[48;2;59;48;42m[38;2;59;48;42m▒[0m[48;2;18;12;17m[38;2;18;12;17m█[0m[48;2;23;17;23m[38;2;23;17;23m▓[0m[48;2;37;34;38m[38;2;37;34;38m▓[0m[48;2;43;39;45m[38;2;43;39;45m▒[0m[48;2;50;47;53m[38;2;50;47;53m▒[0m[48;2;54;51;56m[38;2;54;51;56m▒[0m[48;2;49;47;51m[38;2;49;47;51m▒[0m[48;2;44;41;45m[38;2;44;41;45m▒[0m[48;2;45;39;45m[38;2;45;39;45m▒[0m[48;2;40;35;40m[38;2;40;35;40m▒[0m[48;2;44;38;45m[38;2;44;38;45m▒[0m[48;2;53;47;54m[38;2;53;47;54m▒[0m[48;2;90;81;89m[38;2;90;81;89m@[0m[48;2;85;79;86m[38;2;85;79;86m@[0m[48;2;160;155;161m[38;2;160;155;161m+[0m                                 
                                   [48;2;106;103;106m[38;2;106;103;106m%[0m[48;2;119;117;118m[38;2;119;117;118m#[0m[48;2;114;112;114m[38;2;114;112;114m#[0m[48;2;89;88;89m[38;2;89;88;89m@[0m[48;2;152;151;152m[38;2;152;151;152m+[0m[48;2;131;128;131m[38;2;131;128;131m*[0m[48;2;35;33;37m[38;2;35;33;37m▓[0m[48;2;24;23;30m[38;2;24;23;30m▓[0m[48;2;25;21;34m[38;2;25;21;34m▓[0m[48;2;23;19;28m[38;2;23;19;28m▓[0m[48;2;48;45;50m[38;2;48;45;50m▒[0m[48;2;24;19;25m[38;2;24;19;25m▓[0m[48;2;23;18;22m[38;2;23;18;22m▓[0m[48;2;25;20;22m[38;2;25;20;22m▓[0m[48;2;34;30;31m[38;2;34;30;31m▓[0m[48;2;28;22;28m[38;2;28;22;28m▓[0m[48;2;34;28;38m[38;2;34;28;38m▓[0m[48;2;29;24;38m[38;2;29;24;38m▓[0m[48;2;29;17;68m[38;2;29;17;68m▓[0m[48;2;27;20;47m[38;2;27;20;47m▓[0m[48;2;14;10;20m[38;2;14;10;20m█[0m[48;2;22;19;29m[38;2;22;19;29m▓[0m[48;2;22;19;29m[38;2;22;19;29m▓[0m[48;2;29;26;36m[38;2;29;26;36m▓[0m[48;2;35;32;42m[38;2;35;32;42m▓[0m[48;2;37;34;44m[38;2;37;34;44m▓[0m[48;2;36;32;43m[38;2;36;32;43m▓[0m[48;2;29;25;37m[38;2;29;25;37m▓[0m[48;2;14;11;21m[38;2;14;11;21m█[0m[48;2;103;99;106m[38;2;103;99;106m%[0m[48;2;216;215;217m[38;2;216;215;217m:[0m                                  
                                   [48;2;225;225;225m[38;2;225;225;225m.[0m[48;2;132;132;132m[38;2;132;132;132m*[0m[48;2;129;127;129m[38;2;129;127;129m#[0m[48;2;110;108;111m[38;2;110;108;111m%[0m[48;2;88;84;88m[38;2;88;84;88m@[0m[48;2;86;80;85m[38;2;86;80;85m@[0m[48;2;25;19;23m[38;2;25;19;23m▓[0m[48;2;19;16;23m[38;2;19;16;23m█[0m[48;2;47;45;51m[38;2;47;45;51m▒[0m[48;2;59;56;59m[38;2;59;56;59m░[0m[48;2;8;6;9m[38;2;8;6;9m█[0m[48;2;156;154;158m[38;2;156;154;158m+[0m[48;2;226;222;227m[38;2;226;222;227m.[0m[48;2;74;69;74m[38;2;74;69;74m░[0m[48;2;24;14;70m[38;2;24;14;70m▓[0m[48;2;31;17;93m[38;2;31;17;93m▓[0m[48;2;12;6;29m[38;2;12;6;29m█[0m[48;2;20;10;59m[38;2;20;10;59m▓[0m[48;2;45;33;86m[38;2;45;33;86m▒[0m[48;2;49;38;74m[38;2;49;38;74m▒[0m[48;2;8;5;14m[38;2;8;5;14m█[0m[48;2;36;31;47m[38;2;36;31;47m▓[0m[48;2;38;32;51m[38;2;38;32;51m▓[0m[48;2;37;31;52m[38;2;37;31;52m▓[0m[48;2;37;31;52m[38;2;37;31;52m▓[0m[48;2;37;31;52m[38;2;37;31;52m▓[0m[48;2;37;31;52m[38;2;37;31;52m▓[0m[48;2;37;31;52m[38;2;37;31;52m▓[0m[48;2;37;31;52m[38;2;37;31;52m▓[0m[48;2;31;25;44m[38;2;31;25;44m▓[0m[48;2;23;18;34m[38;2;23;18;34m▓[0m[48;2;49;45;56m[38;2;49;45;56m▒[0m[48;2;111;109;116m[38;2;111;109;116m#[0m[48;2;194;193;195m[38;2;194;193;195m-[0m                               
                                   [48;2;235;235;235m[38;2;235;235;235m.[0m[48;2;140;139;141m[38;2;140;139;141m*[0m[48;2;96;94;96m[38;2;96;94;96m%[0m[48;2;91;87;90m[38;2;91;87;90m@[0m[48;2;84;79;83m[38;2;84;79;83m@[0m[48;2;73;67;71m[38;2;73;67;71m░[0m[48;2;18;12;17m[38;2;18;12;17m█[0m[48;2;65;62;66m[38;2;65;62;66m░[0m[48;2;36;32;39m[38;2;36;32;39m▓[0m[48;2;28;25;37m[38;2;28;25;37m▓[0m[48;2;17;15;23m[38;2;17;15;23m█[0m[48;2;229;228;233m[38;2;229;228;233m.[0m [48;2;228;224;229m[38;2;228;224;229m.[0m[48;2;54;49;62m[38;2;54;49;62m▒[0m[48;2;96;78;139m[38;2;96;78;139m@[0m[48;2;55;43;81m[38;2;55;43;81m▒[0m[48;2;16;9;44m[38;2;16;9;44m█[0m[48;2;41;24;98m[38;2;41;24;98m▒[0m[48;2;37;26;55m[38;2;37;26;55m▓[0m[48;2;81;75;82m[38;2;81;75;82m@[0m[48;2;52;46;55m[38;2;52;46;55m▒[0m[48;2;26;20;34m[38;2;26;20;34m▓[0m[48;2;35;29;49m[38;2;35;29;49m▓[0m[48;2;37;31;52m[38;2;37;31;52m▓[0m[48;2;37;31;52m[38;2;37;31;52m▓[0m[48;2;37;31;52m[38;2;37;31;52m▓[0m[48;2;37;31;52m[38;2;37;31;52m▓[0m[48;2;37;31;52m[38;2;37;31;52m▓[0m[48;2;37;31;52m[38;2;37;31;52m▓[0m[48;2;37;31;52m[38;2;37;31;52m▓[0m[48;2;37;31;52m[38;2;37;31;52m▓[0m[48;2;35;29;48m[38;2;35;29;48m▓[0m[48;2;25;20;37m[38;2;25;20;37m▓[0m[48;2;46;42;53m[38;2;46;42;53m▒[0m[48;2;132;129;135m[38;2;132;129;135m*[0m[48;2;230;230;230m[38;2;230;230;230m.[0m                            
                                        [48;2;162;161;161m[38;2;162;161;161m+[0m[48;2;29;27;30m[38;2;29;27;30m▓[0m[48;2;22;18;28m[38;2;22;18;28m▓[0m[48;2;35;30;48m[38;2;35;30;48m▓[0m[48;2;35;31;49m[38;2;35;31;49m▓[0m[48;2;48;47;56m[38;2;48;47;56m▒[0m   [48;2;232;229;234m[38;2;232;229;234m.[0m[48;2;167;164;168m[38;2;167;164;168m=[0m[48;2;199;195;200m[38;2;199;195;200m-[0m[48;2;109;106;114m[38;2;109;106;114m%[0m[48;2;61;50;85m[38;2;61;50;85m░[0m[48;2;58;48;77m[38;2;58;48;77m▒[0m[48;2;152;148;153m[38;2;152;148;153m+[0m[48;2;244;240;245m[38;2;244;240;245m [0m[48;2;186;182;188m[38;2;186;182;188m-[0m[48;2;104;100;108m[38;2;104;100;108m%[0m[48;2;36;32;44m[38;2;36;32;44m▓[0m[48;2;25;20;35m[38;2;25;20;35m▓[0m[48;2;33;28;43m[38;2;33;28;43m▓[0m[48;2;36;32;48m[38;2;36;32;48m▓[0m[48;2;37;32;51m[38;2;37;32;51m▓[0m[48;2;37;31;52m[38;2;37;31;52m▓[0m[48;2;37;31;52m[38;2;37;31;52m▓[0m[48;2;37;31;52m[38;2;37;31;52m▓[0m[48;2;37;31;52m[38;2;37;31;52m▓[0m[48;2;37;31;52m[38;2;37;31;52m▓[0m[48;2;37;31;52m[38;2;37;31;52m▓[0m[48;2;33;28;47m[38;2;33;28;47m▓[0m[48;2;25;21;35m[38;2;25;21;35m▓[0m[48;2;107;105;111m[38;2;107;105;111m%[0m[48;2;227;227;228m[38;2;227;227;228m.[0m                          
                                        [48;2;169;168;169m[38;2;169;168;169m=[0m[48;2;19;16;24m[38;2;19;16;24m█[0m[48;2;37;31;50m[38;2;37;31;50m▓[0m[48;2;37;31;52m[38;2;37;31;52m▓[0m[48;2;32;26;47m[38;2;32;26;47m▓[0m[48;2;82;81;88m[38;2;82;81;88m@[0m       [48;2;220;219;221m[38;2;220;219;221m.[0m[48;2;192;191;194m[38;2;192;191;194m-[0m   [48;2;182;181;184m[38;2;182;181;184m=[0m[48;2;80;78;81m[38;2;80;78;81m@[0m[48;2;104;101;106m[38;2;104;101;106m%[0m[48;2;12;9;17m[38;2;12;9;17m█[0m[48;2;17;10;43m[38;2;17;10;43m█[0m[48;2;20;14;41m[38;2;20;14;41m▓[0m[48;2;26;21;38m[38;2;26;21;38m▓[0m[48;2;35;30;50m[38;2;35;30;50m▓[0m[48;2;37;31;52m[38;2;37;31;52m▓[0m[48;2;37;31;52m[38;2;37;31;52m▓[0m[48;2;37;31;52m[38;2;37;31;52m▓[0m[48;2;37;31;52m[38;2;37;31;52m▓[0m[48;2;37;31;52m[38;2;37;31;52m▓[0m[48;2;37;31;52m[38;2;37;31;52m▓[0m[48;2;33;27;47m[38;2;33;27;47m▓[0m[48;2;33;30;39m[38;2;33;30;39m▓[0m[48;2;201;201;201m[38;2;201;201;201m-[0m                         