                                                                                                    
                                                                                                    
                                                                                                    
                                                                                                    
                                                                                                    
                                                                                                    
                                                                                                    
                                                                                                    
                                                                                                    
                                                                                                    
                                                                                                    
                                             [48;2;231;231;231m[38;2;231;231;231m.[0m[48;2;218;218;218m[38;2;218;218;218m:[0m[48;2;214;214;214m[38;2;214;214;214m:[0m[48;2;222;222;222m[38;2;222;222;222m.[0m[48;2;237;237;237m[38;2;237;237;237m.[0m                                                  
                                          [48;2;162;162;164m[38;2;162;162;164m+[0m[48;2;84;83;87m[38;2;84;83;87m@[0m[48;2;33;31;39m[38;2;33;31;39m▓[0m[48;2;26;24;35m[38;2;26;24;35m▓[0m[48;2;29;27;38m[38;2;29;27;38m▓[0m[48;2;30;28;39m[38;2;30;28;39m▓[0m[48;2;29;27;39m[38;2;29;27;39m▓[0m[48;2;24;23;35m[38;2;24;23;35m▓[0m[48;2;30;29;38m[38;2;30;29;38m▓[0m[48;2;52;51;59m[38;2;52;51;59m▒[0m[48;2;80;78;87m[38;2;80;78;87m@[0m[48;2;122;120;126m[38;2;122;120;126m#[0m[48;2;175;174;177m[38;2;175;174;177m=[0m[48;2;237;237;238m[38;2;237;237;238m.[0m                                            
                                         [48;2;124;123;125m[38;2;124;123;125m#[0m[48;2;16;15;23m[38;2;16;15;23m█[0m[48;2;38;36;51m[38;2;38;36;51m▒[0m[48;2;44;42;60m[38;2;44;42;60m▒[0m[48;2;42;43;59m[38;2;42;43;59m▒[0m[48;2;41;43;59m[38;2;41;43;59m▒[0m[48;2;41;43;59m[38;2;41;43;59m▒[0m[48;2;41;43;59m[38;2;41;43;59m▒[0m[48;2;41;43;59m[38;2;41;43;59m▒[0m[48;2;41;43;59m[38;2;41;43;59m▒[0m[48;2;41;43;59m[38;2;41;43;59m▒[0m[48;2;42;43;59m[38;2;42;43;59m▒[0m[48;2;41;41;58m[38;2;41;41;58m▒[0m[48;2;32;31;46m[38;2;32;31;46m▓[0m[48;2;27;25;38m[38;2;27;25;38m▓[0m[48;2;87;85;93m[38;2;87;85;93m@[0m[48;2;194;193;196m[38;2;194;193;196m-[0m                                          
                                        [48;2;174;173;174m[38;2;174;173;174m=[0m[48;2;30;28;36m[38;2;30;28;36m▓[0m[48;2;45;43;58m[38;2;45;43;58m▒[0m[48;2;42;43;59m[38;2;42;43;59m▒[0m[48;2;40;44;59m[38;2;40;44;59m▒[0m[48;2;40;44;59m[38;2;40;44;59m▒[0m[48;2;40;44;59m[38;2;40;44;59m▒[0m[48;2;40;44;59m[38;2;40;44;59m▒[0m[48;2;40;44;59m[38;2;40;44;59m▒[0m[48;2;40;44;59m[38;2;40;44;59m▒[0m[48;2;40;44;59m[38;2;40;44;59m▒[0m[48;2;40;44;59m[38;2;40;44;59m▒[0m[48;2;40;44;59m[38;2;40;44;59m▒[0m[48;2;40;44;59m[38;2;40;44;59m▒[0m[48;2;40;44;59m[38;2;40;44;59m▒[0m[48;2;41;43;59m[38;2;41;43;59m▒[0m[48;2;40;40;56m[38;2;40;40;56m▒[0m[48;2;25;23;36m[38;2;25;23;36m▓[0m[48;2;99;97;103m[38;2;99;97;103m%[0m[48;2;238;238;239m[38;2;238;238;239m [0m                                        
                                       [48;2;114;114;116m[38;2;114;114;116m#[0m[48;2;15;14;19m[38;2;15;14;19m█[0m[48;2;67;65;73m[38;2;67;65;73m░[0m[48;2;44;43;58m[38;2;44;43;58m▒[0m[48;2;40;44;59m[38;2;40;44;59m▒[0m[48;2;40;44;59m[38;2;40;44;59m▒[0m[48;2;40;44;59m[38;2;40;44;59m▒[0m[48;2;40;44;59m[38;2;40;44;59m▒[0m[48;2;40;44;59m[38;2;40;44;59m▒[0m[48;2;40;44;59m[38;2;40;44;59m▒[0m[48;2;40;44;59m[38;2;40;44;59m▒[0m[48;2;40;44;59m[38;2;40;44;59m▒[0m[48;2;40;44;59m[38;2;40;44;59m▒[0m[48;2;40;44;59m[38;2;40;44;59m▒[0m[48;2;40;44;59m[38;2;40;44;59m▒[0m[48;2;40;44;59m[38;2;40;44;59m▒[0m[48;2;40;44;59m[38;2;40;44;59m▒[0m[48;2;40;44;59m[38;2;40;44;59m▒[0m[48;2;42;43;59m[38;2;42;43;59m▒[0m[48;2;35;32;47m[38;2;35;32;47m▓[0m[48;2;58;56;62m[38;2;58;56;62m░[0m[48;2;229;228;229m[38;2;229;228;229m.[0m                                       
                                     [48;2;229;229;229m[38;2;229;229;229m.[0m[48;2;73;70;74m[38;2;73;70;74m░[0m[48;2;103;94;104m[38;2;103;94;104m%[0m[48;2;21;16;25m[38;2;21;16;25m▓[0m[48;2;74;70;79m[38;2;74;70;79m░[0m[48;2;44;43;58m[38;2;44;43;58m▒[0m[48;2;40;44;59m[38;2;40;44;59m▒[0m[48;2;40;44;59m[38;2;40;44;59m▒[0m[48;2;40;44;59m[38;2;40;44;59m▒[0m[48;2;40;44;59m[38;2;40;44;59m▒[0m[48;2;40;44;59m[38;2;40;44;59m▒[0m[48;2;40;44;59m[38;2;40;44;59m▒[0m[48;2;40;44;59m[38;2;40;44;59m▒[0m[48;2;40;44;59m[38;2;40;44;59m▒[0m[48;2;40;44;59m[38;2;40;44;59m▒[0m[48;2;40;44;59m[38;2;40;44;59m▒[0m[48;2;40;44;59m[38;2;40;44;59m▒[0m[48;2;40;44;59m[38;2;40;44;59m▒[0m[48;2;40;44;59m[38;2;40;44;59m▒[0m[48;2;40;44;59m[38;2;40;44;59m▒[0m[48;2;40;44;59m[38;2;40;44;59m▒[0m[48;2;41;44;60m[38;2;41;44;60m▒[0m[48;2;35;36;49m[38;2;35;36;49m▒[0m[48;2;53;51;57m[38;2;53;51;57m▒[0m[48;2;237;237;237m[38;2;237;237;237m.[0m                                      
                                    [48;2;240;240;240m[38;2;240;240;240m [0m[48;2;56;55;58m[38;2;56;55;58m░[0m[48;2;65;59;65m[38;2;65;59;65m░[0m[48;2;94;86;95m[38;2;94;86;95m@[0m[48;2;19;11;19m[38;2;19;11;19m█[0m[48;2;83;76;85m[38;2;83;76;85m@[0m[48;2;44;44;58m[38;2;44;44;58m▒[0m[48;2;40;44;59m[38;2;40;44;59m▒[0m[48;2;40;44;59m[38;2;40;44;59m▒[0m[48;2;40;44;59m[38;2;40;44;59m▒[0m[48;2;40;44;59m[38;2;40;44;59m▒[0m[48;2;40;44;59m[38;2;40;44;59m▒[0m[48;2;40;44;59m[38;2;40;44;59m▒[0m[48;2;40;44;59m[38;2;40;44;59m▒[0m[48;2;40;44;59m[38;2;40;44;59m▒[0m[48;2;40;44;59m[38;2;40;44;59m▒[0m[48;2;40;44;59m[38;2;40;44;59m▒[0m[48;2;40;44;59m[38;2;40;44;59m▒[0m[48;2;40;44;59m[38;2;40;44;59m▒[0m[48;2;40;44;59m[38;2;40;44;59m▒[0m[48;2;40;44;59m[38;2;40;44;59m▒[0m[48;2;40;44;59m[38;2;40;44;59m▒[0m[48;2;40;44;59m[38;2;40;44;59m▒[0m[48;2;41;43;59m[38;2;41;43;59m▒[0m[48;2;32;30;44m[38;2;32;30;44m▓[0m[48;2;105;103;106m[38;2;105;103;106m%[0m                                      
                                    [48;2;131;130;130m[38;2;131;130;130m*[0m[48;2;51;45;51m[38;2;51;45;51m▒[0m[48;2;16;9;22m[38;2;16;9;22m█[0m[48;2;56;40;86m[38;2;56;40;86m▒[0m[48;2;55;38;82m[38;2;55;38;82m▒[0m[48;2;39;26;52m[38;2;39;26;52m▓[0m[48;2;46;43;59m[38;2;46;43;59m▒[0m[48;2;42;43;59m[38;2;42;43;59m▒[0m[48;2;41;43;59m[38;2;41;43;59m▒[0m[48;2;40;44;59m[38;2;40;44;59m▒[0m[48;2;40;44;59m[38;2;40;44;59m▒[0m[48;2;40;44;59m[38;2;40;44;59m▒[0m[48;2;40;44;59m[38;2;40;44;59m▒[0m[48;2;40;44;59m[38;2;40;44;59m▒[0m[48;2;40;44;59m[38;2;40;44;59m▒[0m[48;2;40;44;59m[38;2;40;44;59m▒[0m[48;2;40;44;59m[38;2;40;44;59m▒[0m[48;2;40;44;59m[38;2;40;44;59m▒[0m[48;2;40;44;59m[38;2;40;44;59m▒[0m[48;2;40;44;59m[38;2;40;44;59m▒[0m[48;2;40;44;59m[38;2;40;44;59m▒[0m[48;2;40;44;59m[38;2;40;44;59m▒[0m[48;2;40;44;59m[38;2;40;44;59m▒[0m[48;2;41;43;59m[38;2;41;43;59m▒[0m[48;2;41;41;58m[38;2;41;41;58m▒[0m[48;2;26;25;30m[38;2;26;25;30m▓[0m                                      
                                    [48;2;49;47;48m[38;2;49;47;48m▒[0m[48;2;39;32;37m[38;2;39;32;37m▓[0m[48;2;40;30;53m[38;2;40;30;53m▓[0m[48;2;76;58;112m[38;2;76;58;112m░[0m[48;2;56;40;82m[38;2;56;40;82m▒[0m[48;2;21;12;28m[38;2;21;12;28m█[0m[48;2;64;60;72m[38;2;64;60;72m░[0m[48;2;46;45;60m[38;2;46;45;60m▒[0m[48;2;41;43;59m[38;2;41;43;59m▒[0m[48;2;40;44;59m[38;2;40;44;59m▒[0m[48;2;40;44;59m[38;2;40;44;59m▒[0m[48;2;40;44;59m[38;2;40;44;59m▒[0m[48;2;40;44;59m[38;2;40;44;59m▒[0m[48;2;40;44;59m[38;2;40;44;59m▒[0m[48;2;40;44;59m[38;2;40;44;59m▒[0m[48;2;40;44;59m[38;2;40;44;59m▒[0m[48;2;40;44;59m[38;2;40;44;59m▒[0m[48;2;40;44;59m[38;2;40;44;59m▒[0m[48;2;40;44;59m[38;2;40;44;59m▒[0m[48;2;40;44;59m[38;2;40;44;59m▒[0m[48;2;40;44;59m[38;2;40;44;59m▒[0m[48;2;40;44;59m[38;2;40;44;59m▒[0m[48;2;40;44;59m[38;2;40;44;59m▒[0m[48;2;41;43;59m[38;2;41;43;59m▒[0m[48;2;36;35;52m[38;2;36;35;52m▒[0m[48;2;72;71;75m[38;2;72;71;75m░[0m                                      
                                    [48;2;38;36;37m[38;2;38;36;37m▒[0m[48;2;25;20;24m[38;2;25;20;24m▓[0m[48;2;20;15;20m[38;2;20;15;20m█[0m[48;2;66;56;65m[38;2;66;56;65m░[0m[48;2;71;60;71m[38;2;71;60;71m░[0m[48;2;79;69;79m[38;2;79;69;79m░[0m[48;2;29;24;33m[38;2;29;24;33m▓[0m[48;2;73;71;83m[38;2;73;71;83m░[0m[48;2;50;49;62m[38;2;50;49;62m▒[0m[48;2;41;43;58m[38;2;41;43;58m▒[0m[48;2;40;44;59m[38;2;40;44;59m▒[0m[48;2;40;44;59m[38;2;40;44;59m▒[0m[48;2;40;44;59m[38;2;40;44;59m▒[0m[48;2;40;44;59m[38;2;40;44;59m▒[0m[48;2;40;44;59m[38;2;40;44;59m▒[0m[48;2;40;44;59m[38;2;40;44;59m▒[0m[48;2;40;44;59m[38;2;40;44;59m▒[0m[48;2;40;44;59m[38;2;40;44;59m▒[0m[48;2;40;44;59m[38;2;40;44;59m▒[0m[48;2;40;44;59m[38;2;40;44;59m▒[0m[48;2;40;44;59m[38;2;40;44;59m▒[0m[48;2;41;43;59m[38;2;41;43;59m▒[0m[48;2;42;42;58m[38;2;42;42;58m▒[0m[48;2;32;30;45m[38;2;32;30;45m▓[0m[48;2;18;15;27m[38;2;18;15;27m█[0m[48;2;116;115;117m[38;2;116;115;117m#[0m                                      
                                    [48;2;151;151;151m[38;2;151;151;151m+[0m[48;2;96;92;94m[38;2;96;92;94m%[0m[48;2;53;47;51m[38;2;53;47;51m▒[0m[48;2;149;135;144m[38;2;149;135;144m*[0m[48;2;95;82;92m[38;2;95;82;92m@[0m[48;2;63;55;63m[38;2;63;55;63m░[0m[48;2;127;117;128m[38;2;127;117;128m#[0m[48;2;49;42;53m[38;2;49;42;53m▒[0m[48;2;50;44;56m[38;2;50;44;56m▒[0m[48;2;66;63;77m[38;2;66;63;77m░[0m[48;2;47;46;62m[38;2;47;46;62m▒[0m[48;2;41;43;59m[38;2;41;43;59m▒[0m[48;2;40;44;59m[38;2;40;44;59m▒[0m[48;2;40;44;59m[38;2;40;44;59m▒[0m[48;2;40;44;59m[38;2;40;44;59m▒[0m[48;2;40;44;59m[38;2;40;44;59m▒[0m[48;2;40;44;59m[38;2;40;44;59m▒[0m[48;2;40;44;59m[38;2;40;44;59m▒[0m[48;2;40;44;59m[38;2;40;44;59m▒[0m[48;2;41;43;59m[38;2;41;43;59m▒[0m[48;2;40;42;58m[38;2;40;42;58m▒[0m[48;2;33;33;48m[38;2;33;33;48m▓[0m[48;2;28;25;39m[38;2;28;25;39m▓[0m[48;2;12;7;18m[38;2;12;7;18m█[0m[48;2;93;86;97m[38;2;93;86;97m@[0m[48;2;69;67;71m[38;2;69;67;71m░[0m                                      
                                    [48;2;193;193;193m[38;2;193;193;193m-[0m[48;2;103;99;100m[38;2;103;99;100m%[0m[48;2;171;161;163m[38;2;171;161;163m+[0m[48;2;70;60;66m[38;2;70;60;66m░[0m[48;2;153;138;148m[38;2;153;138;148m*[0m[48;2;55;45;54m[38;2;55;45;54m▒[0m[48;2;118;105;116m[38;2;118;105;116m#[0m[48;2;159;141;154m[38;2;159;141;154m+[0m[48;2;129;112;125m[38;2;129;112;125m#[0m[48;2;79;69;79m[38;2;79;69;79m░[0m[48;2;56;49;58m[38;2;56;49;58m▒[0m[48;2;36;31;42m[38;2;36;31;42m▓[0m[48;2;32;29;42m[38;2;32;29;42m▓[0m[48;2;35;34;48m[38;2;35;34;48m▓[0m[48;2;35;37;51m[38;2;35;37;51m▒[0m[48;2;34;37;52m[38;2;34;37;52m▒[0m[48;2;34;36;52m[38;2;34;36;52m▒[0m[48;2;32;32;47m[38;2;32;32;47m▓[0m[48;2;26;25;38m[38;2;26;25;38m▓[0m[48;2;30;26;37m[38;2;30;26;37m▓[0m[48;2;56;51;61m[38;2;56;51;61m▒[0m[48;2;87;81;89m[38;2;87;81;89m@[0m[48;2;54;48;56m[38;2;54;48;56m▒[0m[48;2;104;95;103m[38;2;104;95;103m%[0m[48;2;155;143;152m[38;2;155;143;152m+[0m[48;2;76;67;74m[38;2;76;67;74m░[0m[48;2;161;159;161m[38;2;161;159;161m+[0m                                     
                                    [48;2;211;211;211m[38;2;211;211;211m:[0m[48;2;43;39;41m[38;2;43;39;41m▒[0m[48;2;141;133;134m[38;2;141;133;134m*[0m[48;2;119;108;112m[38;2;119;108;112m#[0m[48;2;76;64;72m[38;2;76;64;72m░[0m[48;2;149;134;145m[38;2;149;134;145m*[0m[48;2;60;49;58m[38;2;60;49;58m▒[0m[48;2;109;94;106m[38;2;109;94;106m%[0m[48;2;160;142;156m[38;2;160;142;156m+[0m[48;2;159;142;155m[38;2;159;142;155m+[0m[48;2;160;141;154m[38;2;160;141;154m+[0m[48;2;149;130;143m[38;2;149;130;143m*[0m[48;2;124;109;120m[38;2;124;109;120m#[0m[48;2;61;49;61m[38;2;61;49;61m▒[0m[48;2;22;16;25m[38;2;22;16;25m▓[0m[48;2;24;19;29m[38;2;24;19;29m▓[0m[48;2;37;32;42m[38;2;37;32;42m▓[0m[48;2;52;46;55m[38;2;52;46;55m▒[0m[48;2;72;64;74m[38;2;72;64;74m░[0m[48;2;92;84;92m[38;2;92;84;92m@[0m[48;2;59;51;59m[38;2;59;51;59m▒[0m[48;2;28;21;29m[38;2;28;21;29m▓[0m[48;2;42;35;42m[38;2;42;35;42m▒[0m[48;2;73;64;72m[38;2;73;64;72m░[0m[48;2;145;130;143m[38;2;145;130;143m*[0m[48;2;155;138;151m[38;2;155;138;151m*[0m[48;2;64;55;63m[38;2;64;55;63m░[0m[48;2;78;75;79m[38;2;78;75;79m@[0m[48;2;138;136;138m[38;2;138;136;138m*[0m[48;2;210;209;210m[38;2;210;209;210m:[0m                                  
                                    [48;2;119;119;119m[38;2;119;119;119m#[0m[48;2;109;107;108m[38;2;109;107;108m%[0m[48;2;94;91;92m[38;2;94;91;92m%[0m[48;2;17;12;13m[38;2;17;12;13m█[0m[48;2;24;20;23m[38;2;24;20;23m▓[0m[48;2;46;38;46m[38;2;46;38;46m▒[0m[48;2;80;70;81m[38;2;80;70;81m@[0m[48;2;68;59;68m[38;2;68;59;68m░[0m[48;2;68;58;67m[38;2;68;58;67m░[0m[48;2;144;129;140m[38;2;144;129;140m*[0m[48;2;161;141;156m[38;2;161;141;156m+[0m[48;2;161;140;155m[38;2;161;140;155m+[0m[48;2;161;140;155m[38;2;161;140;155m+[0m[48;2;161;140;155m[38;2;161;140;155m+[0m[48;2;160;140;155m[38;2;160;140;155m+[0m[48;2;154;135;150m[38;2;154;135;150m*[0m[48;2;146;128;141m[38;2;146;128;141m*[0m[48;2;144;126;138m[38;2;144;126;138m*[0m[48;2;123;108;119m[38;2;123;108;119m#[0m[48;2;10;8;12m[38;2;10;8;12m█[0m[48;2;4;3;7m[38;2;4;3;7m█[0m[48;2;16;16;20m[38;2;16;16;20m█[0m[48;2;33;31;39m[38;2;33;31;39m▓[0m[48;2;20;16;26m[38;2;20;16;26m▓[0m[48;2;122;110;121m[38;2;122;110;121m#[0m[48;2;160;141;155m[38;2;160;141;155m+[0m[48;2;157;138;152m[38;2;157;138;152m*[0m[48;2;88;75;85m[38;2;88;75;85m@[0m[48;2;51;43;49m[38;2;51;43;49m▒[0m[48;2;83;76;82m[38;2;83;76;82m@[0m[48;2;78;71;77m[38;2;78;71;77m@[0m[48;2;146;143;146m[38;2;146;143;146m*[0m                                
                                    [48;2;173;173;173m[38;2;173;173;173m=[0m[48;2;46;44;45m[38;2;46;44;45m▒[0m[48;2;104;100;102m[38;2;104;100;102m%[0m[48;2;96;90;92m[38;2;96;90;92m%[0m[48;2;79;77;78m[38;2;79;77;78m@[0m[48;2;198;194;197m[38;2;198;194;197m-[0m[48;2;15;10;14m[38;2;15;10;14m█[0m[48;2;70;64;70m[38;2;70;64;70m░[0m[48;2;60;52;59m[38;2;60;52;59m░[0m[48;2;40;32;39m[38;2;40;32;39m▓[0m[48;2;78;65;76m[38;2;78;65;76m░[0m[48;2;158;138;153m[38;2;158;138;153m*[0m[48;2;161;140;155m[38;2;161;140;155m+[0m[48;2;161;140;155m[38;2;161;140;155m+[0m[48;2;161;140;155m[38;2;161;140;155m+[0m[48;2;161;140;155m[38;2;161;140;155m+[0m[48;2;161;140;155m[38;2;161;140;155m+[0m[48;2;161;140;155m[38;2;161;140;155m+[0m[48;2;88;73;85m[38;2;88;73;85m@[0m[48;2;19;15;21m[38;2;19;15;21m█[0m[48;2;11;10;15m[38;2;11;10;15m█[0m[48;2;3;2;7m[38;2;3;2;7m█[0m[48;2;2;2;7m[38;2;2;2;7m█[0m[48;2;15;14;19m[38;2;15;14;19m█[0m[48;2;35;30;38m[38;2;35;30;38m▓[0m[48;2;157;139;153m[38;2;157;139;153m*[0m[48;2;161;140;155m[38;2;161;140;155m+[0m[48;2;161;140;155m[38;2;161;140;155m+[0m[48;2;138;119;132m[38;2;138;119;132m#[0m[48;2;123;108;119m[38;2;123;108;119m#[0m[48;2;158;142;154m[38;2;158;142;154m+[0m[48;2;119;108;117m[38;2;119;108;117m#[0m[48;2;68;63;68m[38;2;68;63;68m░[0m[48;2;216;215;215m[38;2;216;215;215m:[0m                              
                                    [48;2;166;166;166m[38;2;166;166;166m=[0m[48;2;106;104;107m[38;2;106;104;107m%[0m[48;2;201;199;202m[38;2;201;199;202m-[0m[48;2;185;184;187m[38;2;185;184;187m-[0m[48;2;52;49;52m[38;2;52;49;52m▒[0m [48;2;53;51;54m[38;2;53;51;54m▒[0m[48;2;132;122;130m[38;2;132;122;130m#[0m[48;2;156;139;149m[38;2;156;139;149m*[0m[48;2;157;139;151m[38;2;157;139;151m*[0m[48;2;159;138;152m[38;2;159;138;152m*[0m[48;2;161;140;155m[38;2;161;140;155m+[0m[48;2;161;140;155m[38;2;161;140;155m+[0m[48;2;161;140;155m[38;2;161;140;155m+[0m[48;2;161;140;155m[38;2;161;140;155m+[0m[48;2;161;140;155m[38;2;161;140;155m+[0m[48;2;161;140;155m[38;2;161;140;155m+[0m[48;2;161;140;155m[38;2;161;140;155m+[0m[48;2;154;134;148m[38;2;154;134;148m*[0m[48;2;131;117;129m[38;2;131;117;129m#[0m[48;2;121;111;121m[38;2;121;111;121m#[0m[48;2;26;20;29m[38;2;26;20;29m▓[0m[48;2;18;13;21m[38;2;18;13;21m█[0m[48;2;39;34;42m[38;2;39;34;42m▓[0m[48;2;50;46;52m[38;2;50;46;52m▒[0m[48;2;107;96;106m[38;2;107;96;106m%[0m[48;2;155;137;151m[38;2;155;137;151m*[0m[48;2;161;140;155m[38;2;161;140;155m+[0m[48;2;161;140;155m[38;2;161;140;155m+[0m[48;2;161;140;155m[38;2;161;140;155m+[0m[48;2;161;140;155m[38;2;161;140;155m+[0m[48;2;159;139;154m[38;2;159;139;154m+[0m[48;2;138;124;134m[38;2;138;124;134m*[0m[48;2;59;54;59m[38;2;59;54;59m░[0m                              
                                    [48;2;218;218;218m[38;2;218;218;218m:[0m[48;2;63;63;65m[38;2;63;63;65m░[0m[48;2;201;200;203m[38;2;201;200;203m-[0m[48;2;179;178;181m[38;2;179;178;181m=[0m[48;2;70;67;71m[38;2;70;67;71m░[0m [48;2;95;92;95m[38;2;95;92;95m%[0m[48;2;35;27;34m[38;2;35;27;34m▓[0m[48;2;145;129;140m[38;2;145;129;140m*[0m[48;2;159;140;154m[38;2;159;140;154m+[0m[48;2;161;140;155m[38;2;161;140;155m+[0m[48;2;161;140;155m[38;2;161;140;155m+[0m[48;2;161;140;155m[38;2;161;140;155m+[0m[48;2;161;140;155m[38;2;161;140;155m+[0m[48;2;161;140;155m[38;2;161;140;155m+[0m[48;2;161;140;155m[38;2;161;140;155m+[0m[48;2;161;140;155m[38;2;161;140;155m+[0m[48;2;161;140;155m[38;2;161;140;155m+[0m[48;2;161;140;155m[38;2;161;140;155m+[0m[48;2;161;140;155m[38;2;161;140;155m+[0m[48;2;160;140;155m[38;2;160;140;155m+[0m[48;2;155;136;150m[38;2;155;136;150m*[0m[48;2;154;136;150m[38;2;154;136;150m*[0m[48;2;99;84;96m[38;2;99;84;96m@[0m[48;2;64;53;63m[38;2;64;53;63m░[0m[48;2;8;1;8m[38;2;8;1;8m█[0m[48;2;20;11;19m[38;2;20;11;19m█[0m[48;2;75;58;70m[38;2;75;58;70m░[0m[48;2;156;136;150m[38;2;156;136;150m*[0m[48;2;161;140;155m[38;2;161;140;155m+[0m[48;2;161;140;155m[38;2;161;140;155m+[0m[48;2;161;140;155m[38;2;161;140;155m+[0m[48;2;160;141;154m[38;2;160;141;154m+[0m[48;2;75;63;72m[38;2;75;63;72m░[0m[48;2;181;180;182m[38;2;181;180;182m=[0m                             
                                     [48;2;63;62;65m[38;2;63;62;65m░[0m[48;2;176;175;178m[38;2;176;175;178m=[0m[48;2;79;78;81m[38;2;79;78;81m@[0m[48;2;178;177;182m[38;2;178;177;182m=[0m [48;2;110;109;110m[38;2;110;109;110m%[0m[48;2;9;5;8m[38;2;9;5;8m█[0m[48;2;34;26;34m[38;2;34;26;34m▓[0m[48;2;135;118;131m[38;2;135;118;131m#[0m[48;2;161;140;155m[38;2;161;140;155m+[0m[48;2;161;140;155m[38;2;161;140;155m+[0m[48;2;161;140;155m[38;2;161;140;155m+[0m[48;2;161;140;155m[38;2;161;140;155m+[0m[48;2;161;140;155m[38;2;161;140;155m+[0m[48;2;161;140;155m[38;2;161;140;155m+[0m[48;2;161;140;155m[38;2;161;140;155m+[0m[48;2;161;140;155m[38;2;161;140;155m+[0m[48;2;161;140;155m[38;2;161;140;155m+[0m[48;2;161;140;155m[38;2;161;140;155m+[0m[48;2;161;140;155m[38;2;161;140;155m+[0m[48;2;161;140;155m[38;2;161;140;155m+[0m[48;2;161;140;155m[38;2;161;140;155m+[0m[48;2;161;140;155m[38;2;161;140;155m+[0m[48;2;159;139;153m[38;2;159;139;153m+[0m[48;2;138;121;134m[38;2;138;121;134m#[0m[48;2;98;83;95m[38;2;98;83;95m@[0m[48;2;73;58;70m[38;2;73;58;70m░[0m[48;2;89;72;83m[38;2;89;72;83m@[0m[48;2;140;120;134m[38;2;140;120;134m#[0m[48;2;159;139;154m[38;2;159;139;154m+[0m[48;2;160;140;155m[38;2;160;140;155m+[0m[48;2;161;140;155m[38;2;161;140;155m+[0m[48;2;78;65;74m[38;2;78;65;74m░[0m[48;2;161;159;162m[38;2;161;159;162m+[0m                             
                                     [48;2;213;213;214m[38;2;213;213;214m:[0m[48;2;74;74;75m[38;2;74;74;75m@[0m[48;2;58;57;60m[38;2;58;57;60m░[0m[48;2;122;121;124m[38;2;122;121;124m#[0m[48;2;99;98;101m[38;2;99;98;101m%[0m[48;2;23;22;24m[38;2;23;22;24m▓[0m[48;2;27;24;32m[38;2;27;24;32m▓[0m[48;2;33;27;44m[38;2;33;27;44m▓[0m[48;2;23;15;28m[38;2;23;15;28m▓[0m[48;2;81;69;79m[38;2;81;69;79m@[0m[48;2;150;133;146m[38;2;150;133;146m*[0m[48;2;161;140;155m[38;2;161;140;155m+[0m[48;2;161;140;155m[38;2;161;140;155m+[0m[48;2;161;140;155m[38;2;161;140;155m+[0m[48;2;161;140;155m[38;2;161;140;155m+[0m[48;2;161;140;155m[38;2;161;140;155m+[0m[48;2;161;140;155m[38;2;161;140;155m+[0m[48;2;161;140;155m[38;2;161;140;155m+[0m[48;2;161;140;155m[38;2;161;140;155m+[0m[48;2;161;140;155m[38;2;161;140;155m+[0m[48;2;161;140;155m[38;2;161;140;155m+[0m[48;2;161;140;155m[38;2;161;140;155m+[0m[48;2;161;140;155m[38;2;161;140;155m+[0m[48;2;161;140;155m[38;2;161;140;155m+[0m[48;2;161;140;155m[38;2;161;140;155m+[0m[48;2;161;140;155m[38;2;161;140;155m+[0m[48;2;159;140;154m[38;2;159;140;154m+[0m[48;2;137;118;132m[38;2;137;118;132m#[0m[48;2;97;79;92m[38;2;97;79;92m@[0m[48;2;80;64;76m[38;2;80;64;76m░[0m[48;2;79;65;76m[38;2;79;65;76m░[0m[48;2;79;64;76m[38;2;79;64;76m░[0m[48;2;60;47;57m[38;2;60;47;57m▒[0m[48;2;75;69;74m[38;2;75;69;74m░[0m                             
                                         [48;2;182;181;184m[38;2;182;181;184m=[0m[48;2;18;15;22m[38;2;18;15;22m█[0m[48;2;35;30;47m[38;2;35;30;47m▓[0m[48;2;37;31;51m[38;2;37;31;51m▓[0m[48;2;36;31;50m[38;2;36;31;50m▓[0m[48;2;29;23;42m[38;2;29;23;42m▓[0m[48;2;26;20;34m[38;2;26;20;34m▓[0m[48;2;75;65;78m[38;2;75;65;78m░[0m[48;2;130;115;129m[38;2;130;115;129m#[0m[48;2;159;141;155m[38;2;159;141;155m+[0m[48;2;160;141;155m[38;2;160;141;155m+[0m[48;2;161;140;155m[38;2;161;140;155m+[0m[48;2;161;140;155m[38;2;161;140;155m+[0m[48;2;161;140;155m[38;2;161;140;155m+[0m[48;2;161;140;155m[38;2;161;140;155m+[0m[48;2;161;140;155m[38;2;161;140;155m+[0m[48;2;161;140;155m[38;2;161;140;155m+[0m[48;2;161;140;155m[38;2;161;140;155m+[0m[48;2;161;140;155m[38;2;161;140;155m+[0m[48;2;161;140;155m[38;2;161;140;155m+[0m[48;2;161;140;155m[38;2;161;140;155m+[0m[48;2;161;140;155m[38;2;161;140;155m+[0m[48;2;161;140;155m[38;2;161;140;155m+[0m[48;2;161;140;155m[38;2;161;140;155m+[0m[48;2;161;140;155m[38;2;161;140;155m+[0m[48;2;161;140;155m[38;2;161;140;155m+[0m[48;2;160;140;155m[38;2;160;140;155m+[0m[48;2;160;141;155m[38;2;160;141;155m+[0m[48;2;116;100;112m[38;2;116;100;112m%[0m[48;2;111;105;110m[38;2;111;105;110m%[0m                             
                                         [48;2;194;193;195m[38;2;194;193;195m-[0m[48;2;8;6;12m[38;2;8;6;12m█[0m[48;2;14;10;24m[38;2;14;10;24m█[0m[48;2;23;19;34m[38;2;23;19;34m▓[0m[48;2;30;25;42m[38;2;30;25;42m▓[0m[48;2;34;29;47m[38;2;34;29;47m▓[0m[48;2;32;27;45m[38;2;32;27;45m▓[0m[48;2;13;7;32m[38;2;13;7;32m█[0m[48;2;47;33;102m[38;2;47;33;102m▒[0m[48;2;48;37;81m[38;2;48;37;81m▒[0m[48;2;74;65;79m[38;2;74;65;79m░[0m[48;2;112;98;112m[38;2;112;98;112m%[0m[48;2;145;128;142m[38;2;145;128;142m*[0m[48;2;159;141;155m[38;2;159;141;155m+[0m[48;2;160;140;155m[38;2;160;140;155m+[0m[48;2;161;140;155m[38;2;161;140;155m+[0m[48;2;161;140;155m[38;2;161;140;155m+[0m[48;2;161;140;155m[38;2;161;140;155m+[0m[48;2;161;140;155m[38;2;161;140;155m+[0m[48;2;161;140;155m[38;2;161;140;155m+[0m[48;2;161;140;155m[38;2;161;140;155m+[0m[48;2;161;140;155m[38;2;161;140;155m+[0m[48;2;161;140;155m[38;2;161;140;155m+[0m[48;2;161;140;155m[38;2;161;140;155m+[0m[48;2;161;140;155m[38;2;161;140;155m+[0m[48;2;160;140;154m[38;2;160;140;154m+[0m[48;2;134;118;130m[38;2;134;118;130m#[0m[48;2;85;72;82m[38;2;85;72;82m@[0m[48;2;100;92;98m[38;2;100;92;98m%[0m[48;2;242;239;242m[38;2;242;239;242m [0m                             
                                         [48;2;229;228;229m[38;2;229;228;229m.[0m[48;2;15;12;19m[38;2;15;12;19m█[0m[48;2;33;29;44m[38;2;33;29;44m▓[0m[48;2;30;25;42m[38;2;30;25;42m▓[0m[48;2;24;20;36m[38;2;24;20;36m▓[0m[48;2;21;17;31m[38;2;21;17;31m▓[0m[48;2;20;16;29m[38;2;20;16;29m▓[0m[48;2;10;6;19m[38;2;10;6;19m█[0m[48;2;62;45;135m[38;2;62;45;135m░[0m[48;2;80;64;160m[38;2;80;64;160m@[0m[48;2;76;62;149m[38;2;76;62;149m@[0m[48;2;64;53;121m[38;2;64;53;121m░[0m[48;2;13;4;44m[38;2;13;4;44m█[0m[48;2;27;21;32m[38;2;27;21;32m▓[0m[48;2;57;48;82m[38;2;57;48;82m▒[0m[48;2;74;63;81m[38;2;74;63;81m░[0m[48;2;89;74;93m[38;2;89;74;93m@[0m[48;2;105;90;105m[38;2;105;90;105m%[0m[48;2;113;99;112m[38;2;113;99;112m%[0m[48;2;117;105;114m[38;2;117;105;114m%[0m[48;2;119;106;117m[38;2;119;106;117m#[0m[48;2;117;103;116m[38;2;117;103;116m%[0m[48;2;106;92;104m[38;2;106;92;104m%[0m[48;2;86;75;87m[38;2;86;75;87m@[0m[48;2;61;50;62m[38;2;61;50;62m▒[0m[48;2;91;83;92m[38;2;91;83;92m@[0m[48;2;128;122;128m[38;2;128;122;128m#[0m[48;2;205;202;206m[38;2;205;202;206m:[0m                               
                                          [48;2;58;56;60m[38;2;58;56;60m░[0m[48;2;31;27;42m[38;2;31;27;42m▓[0m[48;2;37;31;51m[38;2;37;31;51m▓[0m[48;2;37;31;51m[38;2;37;31;51m▓[0m[48;2;37;31;51m[38;2;37;31;51m▓[0m[48;2;37;31;52m[38;2;37;31;52m▓[0m[48;2;27;22;40m[38;2;27;22;40m▓[0m[48;2;24;15;61m[38;2;24;15;61m▓[0m[48;2;82;71;143m[38;2;82;71;143m@[0m[48;2;84;72;156m[38;2;84;72;156m@[0m[48;2;83;68;167m[38;2;83;68;167m@[0m[48;2;38;23;119m[38;2;38;23;119m▒[0m[48;2;37;32;41m[38;2;37;32;41m▓[0m[48;2;31;21;72m[38;2;31;21;72m▓[0m[48;2;79;61;156m[38;2;79;61;156m@[0m[48;2;60;40;152m[38;2;60;40;152m░[0m[48;2;68;53;138m[38;2;68;53;138m░[0m[48;2;58;45;113m[38;2;58;45;113m░[0m[48;2;21;15;41m[38;2;21;15;41m▓[0m[48;2;15;10;17m[38;2;15;10;17m█[0m[48;2;45;38;49m[38;2;45;38;49m▒[0m[48;2;33;25;40m[38;2;33;25;40m▓[0m[48;2;34;27;45m[38;2;34;27;45m▓[0m[48;2;29;24;42m[38;2;29;24;42m▓[0m[48;2;31;27;39m[38;2;31;27;39m▓[0m[48;2;101;97;104m[38;2;101;97;104m%[0m[48;2;197;196;198m[38;2;197;196;198m-[0m                               
                                          [48;2;155;153;156m[38;2;155;153;156m+[0m[48;2;22;18;30m[38;2;22;18;30m▓[0m[48;2;37;31;51m[38;2;37;31;51m▓[0m[48;2;37;31;52m[38;2;37;31;52m▓[0m[48;2;37;31;52m[38;2;37;31;52m▓[0m[48;2;37;31;52m[38;2;37;31;52m▓[0m[48;2;37;31;51m[38;2;37;31;51m▓[0m[48;2;26;21;41m[38;2;26;21;41m▓[0m[48;2;24;19;36m[38;2;24;19;36m▓[0m[48;2;37;32;57m[38;2;37;32;57m▓[0m[48;2;44;34;88m[38;2;44;34;88m▒[0m[48;2;54;46;103m[38;2;54;46;103m░[0m[48;2;20;16;42m[38;2;20;16;42m▓[0m[48;2;139;138;142m[38;2;139;138;142m*[0m[48;2;24;19;41m[38;2;24;19;41m▓[0m[48;2;50;44;71m[38;2;50;44;71m▒[0m[48;2;72;67;95m[38;2;72;67;95m░[0m[48;2;125;123;132m[38;2;125;123;132m#[0m[48;2;195;193;196m[38;2;195;193;196m-[0m[48;2;104;101;105m[38;2;104;101;105m%[0m[48;2;36;32;40m[38;2;36;32;40m▓[0m[48;2;68;62;73m[38;2;68;62;73m░[0m[48;2;46;38;55m[38;2;46;38;55m▒[0m[48;2;36;31;50m[38;2;36;31;50m▓[0m[48;2;37;31;51m[38;2;37;31;51m▓[0m[48;2;35;29;48m[38;2;35;29;48m▓[0m[48;2;24;19;34m[38;2;24;19;34m▓[0m[48;2;64;61;69m[38;2;64;61;69m░[0m[48;2;191;190;193m[38;2;191;190;193m-[0m                             
                                          [48;2;241;240;242m[38;2;241;240;242m [0m[48;2;48;45;55m[38;2;48;45;55m▒[0m[48;2;31;27;45m[38;2;31;27;45m▓[0m[48;2;37;31;52m[38;2;37;31;52m▓[0m[48;2;37;31;52m[38;2;37;31;52m▓[0m[48;2;37;31;52m[38;2;37;31;52m▓[0m[48;2;37;31;52m[38;2;37;31;52m▓[0m[48;2;37;31;52m[38;2;37;31;52m▓[0m[48;2;37;31;51m[38;2;37;31;51m▓[0m[48;2;73;69;83m[38;2;73;69;83m░[0m[48;2;14;10;20m[38;2;14;10;20m█[0m[48;2;80;76;87m[38;2;80;76;87m@[0m[48;2;167;165;173m[38;2;167;165;173m=[0m[48;2;223;222;226m[38;2;223;222;226m.[0m[48;2;46;45;48m[38;2;46;45;48m▒[0m[48;2;100;98;102m[38;2;100;98;102m%[0m[48;2;117;115;122m[38;2;117;115;122m#[0m[48;2;211;209;214m[38;2;211;209;214m:[0m [48;2;202;202;203m[38;2;202;202;203m:[0m[48;2;65;63;68m[38;2;65;63;68m░[0m[48;2;82;79;84m[38;2;82;79;84m@[0m[48;2;45;41;48m[38;2;45;41;48m▒[0m[48;2;65;61;69m[38;2;65;61;69m░[0m[48;2;46;42;56m[38;2;46;42;56m▒[0m[48;2;37;31;52m[38;2;37;31;52m▓[0m[48;2;37;31;52m[38;2;37;31;52m▓[0m[48;2;35;30;50m[38;2;35;30;50m▓[0m[48;2;21;17;32m[38;2;21;17;32m▓[0m[48;2;123;122;126m[38;2;123;122;126m#[0m                            