                                                                                                              
                                                                                                              
                                                                                                              
                                                                                                              
                                                                                                              
                                                                                                              
                                                                                                              
                                                                                                              
                                                                                                              
                                                                                                              
                                                                                                              
                                                                                                              
                                                                                                              
                                                   [48;2;180;180;180m[38;2;180;180;180m=[0m[48;2;127;127;128m[38;2;127;127;128m#[0m[48;2;94;94;96m[38;2;94;94;96m%[0m[48;2;68;68;70m[38;2;68;68;70m░[0m[48;2;55;54;58m[38;2;55;54;58m▒[0m[48;2;45;44;49m[38;2;45;44;49m▒[0m[48;2;45;44;48m[38;2;45;44;48m▒[0m[48;2;53;52;57m[38;2;53;52;57m▒[0m[48;2;69;68;73m[38;2;69;68;73m░[0m[48;2;96;95;100m[38;2;96;95;100m%[0m[48;2;146;145;149m[38;2;146;145;149m*[0m[48;2;204;203;206m[38;2;204;203;206m:[0m                                               
                                                 [48;2;161;161;162m[38;2;161;161;162m+[0m[48;2;33;32;37m[38;2;33;32;37m▓[0m[48;2;28;27;40m[38;2;28;27;40m▓[0m[48;2;38;37;51m[38;2;38;37;51m▒[0m[48;2;43;42;58m[38;2;43;42;58m▒[0m[48;2;43;43;59m[38;2;43;43;59m▒[0m[48;2;43;43;59m[38;2;43;43;59m▒[0m[48;2;43;43;59m[38;2;43;43;59m▒[0m[48;2;42;43;59m[38;2;42;43;59m▒[0m[48;2;42;43;59m[38;2;42;43;59m▒[0m[48;2;42;42;58m[38;2;42;42;58m▒[0m[48;2;40;41;57m[38;2;40;41;57m▒[0m[48;2;34;35;51m[38;2;34;35;51m▓[0m[48;2;24;24;37m[38;2;24;24;37m▓[0m[48;2;45;44;53m[38;2;45;44;53m▒[0m[48;2;132;131;136m[38;2;132;131;136m*[0m[48;2;237;236;238m[38;2;237;236;238m.[0m                                            
                                                [48;2;96;95;98m[38;2;96;95;98m%[0m[48;2;23;22;31m[38;2;23;22;31m▓[0m[48;2;42;42;57m[38;2;42;42;57m▒[0m[48;2;42;43;59m[38;2;42;43;59m▒[0m[48;2;42;43;59m[38;2;42;43;59m▒[0m[48;2;40;44;59m[38;2;40;44;59m▒[0m[48;2;40;44;59m[38;2;40;44;59m▒[0m[48;2;40;44;59m[38;2;40;44;59m▒[0m[48;2;40;44;59m[38;2;40;44;59m▒[0m[48;2;40;44;59m[38;2;40;44;59m▒[0m[48;2;40;44;59m[38;2;40;44;59m▒[0m[48;2;40;44;59m[38;2;40;44;59m▒[0m[48;2;40;44;59m[38;2;40;44;59m▒[0m[48;2;40;44;59m[38;2;40;44;59m▒[0m[48;2;41;43;59m[38;2;41;43;59m▒[0m[48;2;41;43;59m[38;2;41;43;59m▒[0m[48;2;31;31;46m[38;2;31;31;46m▓[0m[48;2;25;24;33m[38;2;25;24;33m▓[0m[48;2;87;87;90m[38;2;87;87;90m@[0m[48;2;187;187;188m[38;2;187;187;188m-[0m                                          
                                              [48;2;189;189;189m[38;2;189;189;189m-[0m[48;2;84;83;86m[38;2;84;83;86m@[0m[48;2;27;25;35m[38;2;27;25;35m▓[0m[48;2;42;43;58m[38;2;42;43;58m▒[0m[48;2;41;43;59m[38;2;41;43;59m▒[0m[48;2;40;44;59m[38;2;40;44;59m▒[0m[48;2;40;44;59m[38;2;40;44;59m▒[0m[48;2;40;44;59m[38;2;40;44;59m▒[0m[48;2;40;44;59m[38;2;40;44;59m▒[0m[48;2;40;44;59m[38;2;40;44;59m▒[0m[48;2;40;44;59m[38;2;40;44;59m▒[0m[48;2;40;44;59m[38;2;40;44;59m▒[0m[48;2;40;44;59m[38;2;40;44;59m▒[0m[48;2;40;44;59m[38;2;40;44;59m▒[0m[48;2;40;44;59m[38;2;40;44;59m▒[0m[48;2;40;44;59m[38;2;40;44;59m▒[0m[48;2;40;44;59m[38;2;40;44;59m▒[0m[48;2;40;44;59m[38;2;40;44;59m▒[0m[48;2;42;43;58m[38;2;42;43;58m▒[0m[48;2;77;75;84m[38;2;77;75;84m@[0m[48;2;9;8;12m[38;2;9;8;12m█[0m[48;2;55;52;58m[38;2;55;52;58m▒[0m[48;2;104;102;106m[38;2;104;102;106m%[0m                                         
                                             [48;2;145;145;145m[38;2;145;145;145m*[0m[48;2;5;3;7m[38;2;5;3;7m█[0m[48;2;22;20;29m[38;2;22;20;29m▓[0m[48;2;43;42;58m[38;2;43;42;58m▒[0m[48;2;42;43;59m[38;2;42;43;59m▒[0m[48;2;40;44;59m[38;2;40;44;59m▒[0m[48;2;40;44;59m[38;2;40;44;59m▒[0m[48;2;40;44;59m[38;2;40;44;59m▒[0m[48;2;40;44;59m[38;2;40;44;59m▒[0m[48;2;40;44;59m[38;2;40;44;59m▒[0m[48;2;40;44;59m[38;2;40;44;59m▒[0m[48;2;40;44;59m[38;2;40;44;59m▒[0m[48;2;40;44;59m[38;2;40;44;59m▒[0m[48;2;40;44;59m[38;2;40;44;59m▒[0m[48;2;40;44;59m[38;2;40;44;59m▒[0m[48;2;40;44;59m[38;2;40;44;59m▒[0m[48;2;40;44;59m[38;2;40;44;59m▒[0m[48;2;40;44;59m[38;2;40;44;59m▒[0m[48;2;40;44;59m[38;2;40;44;59m▒[0m[48;2;56;58;72m[38;2;56;58;72m░[0m[48;2;70;70;76m[38;2;70;70;76m░[0m[48;2;19;16;22m[38;2;19;16;22m█[0m[48;2;107;102;104m[38;2;107;102;104m%[0m[48;2;94;86;92m[38;2;94;86;92m@[0m[48;2;94;90;95m[38;2;94;90;95m%[0m                                        
                                             [48;2;41;40;42m[38;2;41;40;42m▒[0m[48;2;9;6;12m[38;2;9;6;12m█[0m[48;2;43;41;54m[38;2;43;41;54m▒[0m[48;2;41;43;59m[38;2;41;43;59m▒[0m[48;2;40;44;59m[38;2;40;44;59m▒[0m[48;2;40;44;59m[38;2;40;44;59m▒[0m[48;2;40;44;59m[38;2;40;44;59m▒[0m[48;2;40;44;59m[38;2;40;44;59m▒[0m[48;2;40;44;59m[38;2;40;44;59m▒[0m[48;2;40;44;59m[38;2;40;44;59m▒[0m[48;2;40;44;59m[38;2;40;44;59m▒[0m[48;2;40;44;59m[38;2;40;44;59m▒[0m[48;2;40;44;59m[38;2;40;44;59m▒[0m[48;2;40;44;59m[38;2;40;44;59m▒[0m[48;2;40;44;59m[38;2;40;44;59m▒[0m[48;2;40;44;59m[38;2;40;44;59m▒[0m[48;2;40;44;59m[38;2;40;44;59m▒[0m[48;2;40;44;59m[38;2;40;44;59m▒[0m[48;2;43;46;61m[38;2;43;46;61m▒[0m[48;2;57;59;72m[38;2;57;59;72m░[0m[48;2;41;39;52m[38;2;41;39;52m▒[0m[48;2;17;13;21m[38;2;17;13;21m█[0m[48;2;106;98;104m[38;2;106;98;104m%[0m[48;2;99;88;96m[38;2;99;88;96m%[0m[48;2;62;54;61m[38;2;62;54;61m░[0m[48;2;168;167;169m[38;2;168;167;169m=[0m                                       
                                           [48;2;229;229;229m[38;2;229;229;229m.[0m[48;2;55;54;56m[38;2;55;54;56m▒[0m[48;2;39;34;39m[38;2;39;34;39m▓[0m[48;2;23;20;29m[38;2;23;20;29m▓[0m[48;2;43;43;57m[38;2;43;43;57m▒[0m[48;2;40;44;59m[38;2;40;44;59m▒[0m[48;2;40;44;59m[38;2;40;44;59m▒[0m[48;2;40;44;59m[38;2;40;44;59m▒[0m[48;2;40;44;59m[38;2;40;44;59m▒[0m[48;2;40;44;59m[38;2;40;44;59m▒[0m[48;2;40;44;59m[38;2;40;44;59m▒[0m[48;2;40;44;59m[38;2;40;44;59m▒[0m[48;2;40;44;59m[38;2;40;44;59m▒[0m[48;2;40;44;59m[38;2;40;44;59m▒[0m[48;2;40;44;59m[38;2;40;44;59m▒[0m[48;2;40;44;59m[38;2;40;44;59m▒[0m[48;2;40;44;59m[38;2;40;44;59m▒[0m[48;2;40;44;59m[38;2;40;44;59m▒[0m[48;2;41;43;59m[38;2;41;43;59m▒[0m[48;2;43;43;60m[38;2;43;43;60m▒[0m[48;2;74;74;88m[38;2;74;74;88m@[0m[48;2;49;49;61m[38;2;49;49;61m▒[0m[48;2;21;17;29m[38;2;21;17;29m▓[0m[48;2;99;90;102m[38;2;99;90;102m%[0m[48;2;122;113;122m[38;2;122;113;122m#[0m[48;2;15;7;14m[38;2;15;7;14m█[0m[48;2;109;101;106m[38;2;109;101;106m%[0m[48;2;70;67;69m[38;2;70;67;69m░[0m                                       
                                          [48;2;237;237;238m[38;2;237;237;238m.[0m[48;2;51;49;51m[38;2;51;49;51m▒[0m[48;2;94;84;94m[38;2;94;84;94m@[0m[48;2;88;79;88m[38;2;88;79;88m@[0m[48;2;27;23;33m[38;2;27;23;33m▓[0m[48;2;43;43;58m[38;2;43;43;58m▒[0m[48;2;40;44;59m[38;2;40;44;59m▒[0m[48;2;40;44;59m[38;2;40;44;59m▒[0m[48;2;40;44;59m[38;2;40;44;59m▒[0m[48;2;40;44;59m[38;2;40;44;59m▒[0m[48;2;40;44;59m[38;2;40;44;59m▒[0m[48;2;40;44;59m[38;2;40;44;59m▒[0m[48;2;40;44;59m[38;2;40;44;59m▒[0m[48;2;40;44;59m[38;2;40;44;59m▒[0m[48;2;40;44;59m[38;2;40;44;59m▒[0m[48;2;40;44;59m[38;2;40;44;59m▒[0m[48;2;40;44;59m[38;2;40;44;59m▒[0m[48;2;40;44;59m[38;2;40;44;59m▒[0m[48;2;42;43;59m[38;2;42;43;59m▒[0m[48;2;53;52;69m[38;2;53;52;69m▒[0m[48;2;76;74;89m[38;2;76;74;89m@[0m[48;2;40;39;51m[38;2;40;39;51m▒[0m[48;2;27;25;36m[38;2;27;25;36m▓[0m[48;2;112;102;115m[38;2;112;102;115m%[0m[48;2;153;139;152m[38;2;153;139;152m*[0m[48;2;153;139;152m[38;2;153;139;152m*[0m[48;2;78;67;77m[38;2;78;67;77m░[0m[48;2;86;79;83m[38;2;86;79;83m@[0m[48;2;30;26;28m[38;2;30;26;28m▓[0m                                       
                                          [48;2;95;94;96m[38;2;95;94;96m%[0m[48;2;80;71;80m[38;2;80;71;80m@[0m[48;2;158;140;154m[38;2;158;140;154m+[0m[48;2;112;96;109m[38;2;112;96;109m%[0m[48;2;22;17;27m[38;2;22;17;27m▓[0m[48;2;43;43;58m[38;2;43;43;58m▒[0m[48;2;40;44;59m[38;2;40;44;59m▒[0m[48;2;40;44;59m[38;2;40;44;59m▒[0m[48;2;40;44;59m[38;2;40;44;59m▒[0m[48;2;40;44;59m[38;2;40;44;59m▒[0m[48;2;40;44;59m[38;2;40;44;59m▒[0m[48;2;40;44;59m[38;2;40;44;59m▒[0m[48;2;40;44;59m[38;2;40;44;59m▒[0m[48;2;40;44;59m[38;2;40;44;59m▒[0m[48;2;40;44;59m[38;2;40;44;59m▒[0m[48;2;41;43;59m[38;2;41;43;59m▒[0m[48;2;43;43;59m[38;2;43;43;59m▒[0m[48;2;53;52;67m[38;2;53;52;67m▒[0m[48;2;70;68;82m[38;2;70;68;82m░[0m[48;2;56;53;66m[38;2;56;53;66m░[0m[48;2;24;19;31m[38;2;24;19;31m▓[0m[48;2;77;69;80m[38;2;77;69;80m░[0m[48;2;149;134;147m[38;2;149;134;147m*[0m[48;2;160;141;155m[38;2;160;141;155m+[0m[48;2;159;141;155m[38;2;159;141;155m+[0m[48;2;158;139;153m[38;2;158;139;153m*[0m[48;2;119;105;115m[38;2;119;105;115m#[0m[48;2;36;30;34m[38;2;36;30;34m▓[0m[48;2;31;29;30m[38;2;31;29;30m▓[0m                                       
                                         [48;2;203;203;203m[38;2;203;203;203m:[0m[48;2;38;33;37m[38;2;38;33;37m▓[0m[48;2;153;139;149m[38;2;153;139;149m*[0m[48;2;160;141;154m[38;2;160;141;154m+[0m[48;2;117;100;114m[38;2;117;100;114m%[0m[48;2;14;6;15m[38;2;14;6;15m█[0m[48;2;33;28;41m[38;2;33;28;41m▓[0m[48;2;42;43;58m[38;2;42;43;58m▒[0m[48;2;41;43;59m[38;2;41;43;59m▒[0m[48;2;40;44;59m[38;2;40;44;59m▒[0m[48;2;40;44;59m[38;2;40;44;59m▒[0m[48;2;40;44;59m[38;2;40;44;59m▒[0m[48;2;41;43;59m[38;2;41;43;59m▒[0m[48;2;41;43;59m[38;2;41;43;59m▒[0m[48;2;48;51;67m[38;2;48;51;67m▒[0m[48;2;43;46;62m[38;2;43;46;62m▒[0m[48;2;66;67;80m[38;2;66;67;80m░[0m[48;2;66;64;75m[38;2;66;64;75m░[0m[48;2;47;45;54m[38;2;47;45;54m▒[0m[48;2;32;26;35m[38;2;32;26;35m▓[0m[48;2;83;73;82m[38;2;83;73;82m@[0m[48;2;145;130;141m[38;2;145;130;141m*[0m[48;2;159;140;153m[38;2;159;140;153m+[0m[48;2;161;140;155m[38;2;161;140;155m+[0m[48;2;161;140;155m[38;2;161;140;155m+[0m[48;2;161;140;155m[38;2;161;140;155m+[0m[48;2;160;139;154m[38;2;160;139;154m+[0m[48;2;127;112;123m[38;2;127;112;123m#[0m[48;2;8;4;7m[38;2;8;4;7m█[0m[48;2;59;58;59m[38;2;59;58;59m░[0m                                       
                                         [48;2;75;74;75m[38;2;75;74;75m@[0m[48;2;121;110;118m[38;2;121;110;118m#[0m[48;2;161;142;154m[38;2;161;142;154m+[0m[48;2;161;142;156m[38;2;161;142;156m+[0m[48;2;106;90;102m[38;2;106;90;102m%[0m[48;2;68;57;65m[38;2;68;57;65m░[0m[48;2;45;35;44m[38;2;45;35;44m▒[0m[48;2;33;26;40m[38;2;33;26;40m▓[0m[48;2;44;42;58m[38;2;44;42;58m▒[0m[48;2;42;43;59m[38;2;42;43;59m▒[0m[48;2;41;43;58m[38;2;41;43;58m▒[0m[48;2;42;43;59m[38;2;42;43;59m▒[0m[48;2;58;57;72m[38;2;58;57;72m░[0m[48;2;74;71;86m[38;2;74;71;86m@[0m[48;2;56;54;67m[38;2;56;54;67m░[0m[48;2;27;24;38m[38;2;27;24;38m▓[0m[48;2;29;25;36m[38;2;29;25;36m▓[0m[48;2;65;57;67m[38;2;65;57;67m░[0m[48;2;116;104;114m[38;2;116;104;114m%[0m[48;2;154;139;150m[38;2;154;139;150m*[0m[48;2;158;140;153m[38;2;158;140;153m+[0m[48;2;160;141;155m[38;2;160;141;155m+[0m[48;2;161;140;155m[38;2;161;140;155m+[0m[48;2;161;140;155m[38;2;161;140;155m+[0m[48;2;161;140;155m[38;2;161;140;155m+[0m[48;2;161;140;155m[38;2;161;140;155m+[0m[48;2;161;140;155m[38;2;161;140;155m+[0m[48;2;118;103;115m[38;2;118;103;115m%[0m[48;2;71;68;71m[38;2;71;68;71m░[0m[48;2;219;219;219m[38;2;219;219;219m:[0m                                       
                                        [48;2;220;220;220m[38;2;220;220;220m.[0m[48;2;39;34;38m[38;2;39;34;38m▓[0m[48;2;158;142;154m[38;2;158;142;154m+[0m[48;2;161;141;155m[38;2;161;141;155m+[0m[48;2;161;140;155m[38;2;161;140;155m+[0m[48;2;155;136;150m[38;2;155;136;150m*[0m[48;2;39;29;38m[38;2;39;29;38m▓[0m[48;2;135;121;133m[38;2;135;121;133m#[0m[48;2;87;73;86m[38;2;87;73;86m@[0m[48;2;38;27;41m[38;2;38;27;41m▓[0m[48;2;25;19;31m[38;2;25;19;31m▓[0m[48;2;34;27;39m[38;2;34;27;39m▓[0m[48;2;50;44;54m[38;2;50;44;54m▒[0m[48;2;43;35;45m[38;2;43;35;45m▒[0m[48;2;48;38;49m[38;2;48;38;49m▒[0m[48;2;76;65;77m[38;2;76;65;77m░[0m[48;2;120;107;119m[38;2;120;107;119m#[0m[48;2;156;140;151m[38;2;156;140;151m*[0m[48;2;159;142;154m[38;2;159;142;154m+[0m[48;2;153;136;148m[38;2;153;136;148m*[0m[48;2;122;105;117m[38;2;122;105;117m#[0m[48;2;86;69;82m[38;2;86;69;82m@[0m[48;2;134;115;129m[38;2;134;115;129m#[0m[48;2;161;140;155m[38;2;161;140;155m+[0m[48;2;161;140;155m[38;2;161;140;155m+[0m[48;2;161;140;155m[38;2;161;140;155m+[0m[48;2;161;140;155m[38;2;161;140;155m+[0m[48;2;161;140;155m[38;2;161;140;155m+[0m[48;2;65;50;62m[38;2;65;50;62m░[0m[48;2;39;36;41m[38;2;39;36;41m▒[0m[48;2;88;86;89m[38;2;88;86;89m@[0m[48;2;62;61;63m[38;2;62;61;63m░[0m[48;2;65;64;65m[38;2;65;64;65m░[0m[48;2;90;89;90m[38;2;90;89;90m@[0m[48;2;238;238;238m[38;2;238;238;238m [0m                                   
                                        [48;2;164;164;164m[38;2;164;164;164m+[0m[48;2;72;66;70m[38;2;72;66;70m░[0m[48;2;160;143;154m[38;2;160;143;154m+[0m[48;2;161;140;155m[38;2;161;140;155m+[0m[48;2;161;140;155m[38;2;161;140;155m+[0m[48;2;161;141;155m[38;2;161;141;155m+[0m[48;2;122;107;120m[38;2;122;107;120m#[0m[48;2;41;29;39m[38;2;41;29;39m▓[0m[48;2;33;21;32m[38;2;33;21;32m▓[0m[48;2;135;123;133m[38;2;135;123;133m#[0m[48;2;137;126;136m[38;2;137;126;136m*[0m[48;2;72;64;73m[38;2;72;64;73m░[0m[48;2;58;51;60m[38;2;58;51;60m▒[0m[48;2;154;139;152m[38;2;154;139;152m*[0m[48;2;154;137;151m[38;2;154;137;151m*[0m[48;2;136;119;133m[38;2;136;119;133m#[0m[48;2;110;95;108m[38;2;110;95;108m%[0m[48;2;79;68;77m[38;2;79;68;77m░[0m[48;2;65;54;63m[38;2;65;54;63m░[0m[48;2;70;58;68m[38;2;70;58;68m░[0m[48;2;100;86;98m[38;2;100;86;98m%[0m[48;2;140;124;137m[38;2;140;124;137m*[0m[48;2;158;141;154m[38;2;158;141;154m+[0m[48;2;161;140;155m[38;2;161;140;155m+[0m[48;2;161;140;155m[38;2;161;140;155m+[0m[48;2;161;140;155m[38;2;161;140;155m+[0m[48;2;161;140;155m[38;2;161;140;155m+[0m[48;2;131;113;127m[38;2;131;113;127m#[0m[48;2;16;8;17m[38;2;16;8;17m█[0m[48;2;18;13;23m[38;2;18;13;23m█[0m[48;2;124;121;129m[38;2;124;121;129m#[0m[48;2;236;234;239m[38;2;236;234;239m.[0m[48;2;60;59;62m[38;2;60;59;62m░[0m[48;2;61;61;63m[38;2;61;61;63m░[0m                                    
                                        [48;2;148;147;149m[38;2;148;147;149m+[0m[48;2;81;74;80m[38;2;81;74;80m@[0m[48;2;160;142;155m[38;2;160;142;155m+[0m[48;2;161;140;155m[38;2;161;140;155m+[0m[48;2;161;140;155m[38;2;161;140;155m+[0m[48;2;161;140;155m[38;2;161;140;155m+[0m[48;2;160;141;155m[38;2;160;141;155m+[0m[48;2;126;109;122m[38;2;126;109;122m#[0m[48;2;36;26;35m[38;2;36;26;35m▓[0m[48;2;39;32;40m[38;2;39;32;40m▓[0m[48;2;27;22;28m[38;2;27;22;28m▓[0m[48;2;7;5;10m[38;2;7;5;10m█[0m[48;2;47;44;50m[38;2;47;44;50m▒[0m[48;2;66;59;67m[38;2;66;59;67m░[0m[48;2;70;61;69m[38;2;70;61;69m░[0m[48;2;87;75;86m[38;2;87;75;86m@[0m[48;2;116;101;114m[38;2;116;101;114m%[0m[48;2;146;130;143m[38;2;146;130;143m*[0m[48;2;159;141;155m[38;2;159;141;155m+[0m[48;2;160;141;155m[38;2;160;141;155m+[0m[48;2;161;140;155m[38;2;161;140;155m+[0m[48;2;161;140;155m[38;2;161;140;155m+[0m[48;2;161;140;155m[38;2;161;140;155m+[0m[48;2;161;140;155m[38;2;161;140;155m+[0m[48;2;161;140;155m[38;2;161;140;155m+[0m[48;2;161;140;155m[38;2;161;140;155m+[0m[48;2;159;138;153m[38;2;159;138;153m*[0m[48;2;46;32;43m[38;2;46;32;43m▒[0m[48;2;22;15;26m[38;2;22;15;26m▓[0m[48;2;33;28;42m[38;2;33;28;42m▓[0m[48;2;43;39;46m[38;2;43;39;46m▒[0m [48;2;192;191;194m[38;2;192;191;194m-[0m[48;2;78;77;80m[38;2;78;77;80m@[0m                                    
                                        [48;2;162;162;163m[38;2;162;162;163m+[0m[48;2;68;61;68m[38;2;68;61;68m░[0m[48;2;160;142;155m[38;2;160;142;155m+[0m[48;2;161;140;155m[38;2;161;140;155m+[0m[48;2;161;140;155m[38;2;161;140;155m+[0m[48;2;161;140;155m[38;2;161;140;155m+[0m[48;2;161;140;155m[38;2;161;140;155m+[0m[48;2;161;140;155m[38;2;161;140;155m+[0m[48;2;135;117;131m[38;2;135;117;131m#[0m[48;2;14;6;15m[38;2;14;6;15m█[0m[48;2;6;3;9m[38;2;6;3;9m█[0m[48;2;15;12;18m[38;2;15;12;18m█[0m[48;2;26;23;29m[38;2;26;23;29m▓[0m[48;2;54;49;55m[38;2;54;49;55m▒[0m[48;2;96;83;95m[38;2;96;83;95m@[0m[48;2;158;138;153m[38;2;158;138;153m*[0m[48;2;161;140;155m[38;2;161;140;155m+[0m[48;2;161;140;155m[38;2;161;140;155m+[0m[48;2;161;140;155m[38;2;161;140;155m+[0m[48;2;161;140;155m[38;2;161;140;155m+[0m[48;2;161;140;155m[38;2;161;140;155m+[0m[48;2;161;140;155m[38;2;161;140;155m+[0m[48;2;161;140;155m[38;2;161;140;155m+[0m[48;2;161;140;155m[38;2;161;140;155m+[0m[48;2;161;140;155m[38;2;161;140;155m+[0m[48;2;161;140;155m[38;2;161;140;155m+[0m[48;2;158;137;152m[38;2;158;137;152m*[0m[48;2;97;82;94m[38;2;97;82;94m@[0m[48;2;15;9;20m[38;2;15;9;20m█[0m[48;2;35;30;44m[38;2;35;30;44m▓[0m[48;2;14;10;18m[38;2;14;10;18m█[0m[48;2;199;196;201m[38;2;199;196;201m-[0m[48;2;107;105;109m[38;2;107;105;109m%[0m[48;2;11;9;12m[38;2;11;9;12m█[0m[48;2;77;75;78m[38;2;77;75;78m@[0m[48;2;81;80;82m[38;2;81;80;82m@[0m[48;2;104;103;106m[38;2;104;103;106m%[0m[48;2;136;135;137m[38;2;136;135;137m*[0m[48;2;179;179;180m[38;2;179;179;180m=[0m[48;2;233;233;234m[38;2;233;233;234m.[0m                              
                                        [48;2;114;114;114m[38;2;114;114;114m#[0m[48;2;26;19;25m[38;2;26;19;25m▓[0m[48;2;150;135;145m[38;2;150;135;145m*[0m[48;2;161;140;155m[38;2;161;140;155m+[0m[48;2;161;140;155m[38;2;161;140;155m+[0m[48;2;161;140;155m[38;2;161;140;155m+[0m[48;2;161;140;155m[38;2;161;140;155m+[0m[48;2;161;140;155m[38;2;161;140;155m+[0m[48;2;119;102;114m[38;2;119;102;114m%[0m[48;2;19;12;21m[38;2;19;12;21m█[0m[48;2;24;21;29m[38;2;24;21;29m▓[0m[48;2;2;0;5m[38;2;2;0;5m█[0m[48;2;13;11;16m[38;2;13;11;16m█[0m[48;2;11;9;14m[38;2;11;9;14m█[0m[48;2;52;46;54m[38;2;52;46;54m▒[0m[48;2;148;130;144m[38;2;148;130;144m*[0m[48;2;161;140;155m[38;2;161;140;155m+[0m[48;2;161;140;155m[38;2;161;140;155m+[0m[48;2;161;140;155m[38;2;161;140;155m+[0m[48;2;161;140;155m[38;2;161;140;155m+[0m[48;2;161;140;155m[38;2;161;140;155m+[0m[48;2;161;140;155m[38;2;161;140;155m+[0m[48;2;161;140;155m[38;2;161;140;155m+[0m[48;2;161;140;155m[38;2;161;140;155m+[0m[48;2;161;140;155m[38;2;161;140;155m+[0m[48;2;161;140;155m[38;2;161;140;155m+[0m[48;2;161;140;155m[38;2;161;140;155m+[0m[48;2;160;140;155m[38;2;160;140;155m+[0m[48;2;76;64;75m[38;2;76;64;75m░[0m[48;2;20;14;24m[38;2;20;14;24m█[0m[48;2;12;8;17m[38;2;12;8;17m█[0m[48;2;209;207;213m[38;2;209;207;213m:[0m[48;2;134;131;136m[38;2;134;131;136m*[0m[48;2;28;25;29m[38;2;28;25;29m▓[0m[48;2;151;147;150m[38;2;151;147;150m+[0m[48;2;131;126;129m[38;2;131;126;129m#[0m[48;2;83;80;82m[38;2;83;80;82m@[0m[48;2;52;49;51m[38;2;52;49;51m▒[0m[48;2;66;64;68m[38;2;66;64;68m░[0m[48;2;66;65;68m[38;2;66;65;68m░[0m[48;2;80;78;81m[38;2;80;78;81m@[0m[48;2;197;194;197m[38;2;197;194;197m-[0m                            
                                         [48;2;169;168;169m[38;2;169;168;169m=[0m[48;2;55;46;52m[38;2;55;46;52m▒[0m[48;2;154;137;150m[38;2;154;137;150m*[0m[48;2;161;140;155m[38;2;161;140;155m+[0m[48;2;161;140;155m[38;2;161;140;155m+[0m[48;2;161;140;155m[38;2;161;140;155m+[0m[48;2;161;140;155m[38;2;161;140;155m+[0m[48;2;149;132;144m[38;2;149;132;144m*[0m[48;2;46;35;44m[38;2;46;35;44m▒[0m[48;2;22;18;24m[38;2;22;18;24m▓[0m[48;2;15;12;18m[38;2;15;12;18m█[0m[48;2;8;6;11m[38;2;8;6;11m█[0m[48;2;23;20;26m[38;2;23;20;26m▓[0m[48;2;9;6;12m[38;2;9;6;12m█[0m[48;2;59;51;60m[38;2;59;51;60m▒[0m[48;2;157;139;153m[38;2;157;139;153m*[0m[48;2;161;140;155m[38;2;161;140;155m+[0m[48;2;161;140;155m[38;2;161;140;155m+[0m[48;2;161;140;155m[38;2;161;140;155m+[0m[48;2;161;140;155m[38;2;161;140;155m+[0m[48;2;161;140;155m[38;2;161;140;155m+[0m[48;2;161;140;155m[38;2;161;140;155m+[0m[48;2;161;140;155m[38;2;161;140;155m+[0m[48;2;161;140;155m[38;2;161;140;155m+[0m[48;2;161;140;155m[38;2;161;140;155m+[0m[48;2;161;140;155m[38;2;161;140;155m+[0m[48;2;161;140;155m[38;2;161;140;155m+[0m[48;2;159;140;154m[38;2;159;140;154m+[0m[48;2;98;84;96m[38;2;98;84;96m@[0m[48;2;33;25;35m[38;2;33;25;35m▓[0m[48;2;50;46;54m[38;2;50;46;54m▒[0m[48;2;51;47;55m[38;2;51;47;55m▒[0m[48;2;174;171;176m[38;2;174;171;176m=[0m[48;2;189;188;189m[38;2;189;188;189m-[0m[48;2;172;171;171m[38;2;172;171;171m=[0m[48;2;168;166;168m[38;2;168;166;168m=[0m[48;2;94;91;92m[38;2;94;91;92m%[0m[48;2;69;66;68m[38;2;69;66;68m░[0m[48;2;151;139;146m[38;2;151;139;146m*[0m[48;2;143;129;137m[38;2;143;129;137m*[0m[48;2;38;29;35m[38;2;38;29;35m▓[0m[48;2;228;226;228m[38;2;228;226;228m.[0m                           
                                          [48;2;112;110;112m[38;2;112;110;112m#[0m[48;2;36;27;34m[38;2;36;27;34m▓[0m[48;2;112;100;110m[38;2;112;100;110m%[0m[48;2;157;141;153m[38;2;157;141;153m+[0m[48;2;161;140;155m[38;2;161;140;155m+[0m[48;2;161;140;155m[38;2;161;140;155m+[0m[48;2;160;140;155m[38;2;160;140;155m+[0m[48;2;160;141;155m[38;2;160;141;155m+[0m[48;2;124;108;121m[38;2;124;108;121m#[0m[48;2;27;19;28m[38;2;27;19;28m▓[0m[48;2;28;21;30m[38;2;28;21;30m▓[0m[48;2;13;8;15m[38;2;13;8;15m█[0m[48;2;81;75;82m[38;2;81;75;82m@[0m[48;2;61;53;60m[38;2;61;53;60m░[0m[48;2;74;62;72m[38;2;74;62;72m░[0m[48;2;113;98;110m[38;2;113;98;110m%[0m[48;2;146;130;142m[38;2;146;130;142m*[0m[48;2;160;141;155m[38;2;160;141;155m+[0m[48;2;161;140;155m[38;2;161;140;155m+[0m[48;2;161;140;155m[38;2;161;140;155m+[0m[48;2;161;140;155m[38;2;161;140;155m+[0m[48;2;161;140;155m[38;2;161;140;155m+[0m[48;2;161;140;155m[38;2;161;140;155m+[0m[48;2;161;140;155m[38;2;161;140;155m+[0m[48;2;161;140;155m[38;2;161;140;155m+[0m[48;2;161;140;155m[38;2;161;140;155m+[0m[48;2;161;140;155m[38;2;161;140;155m+[0m[48;2;161;140;155m[38;2;161;140;155m+[0m[48;2;158;139;153m[38;2;158;139;153m*[0m[48;2;137;121;134m[38;2;137;121;134m#[0m[48;2;124;110;122m[38;2;124;110;122m#[0m[48;2;109;98;105m[38;2;109;98;105m%[0m[48;2;103;93;99m[38;2;103;93;99m%[0m[48;2;107;97;103m[38;2;107;97;103m%[0m[48;2;108;98;105m[38;2;108;98;105m%[0m[48;2;130;119;128m[38;2;130;119;128m#[0m[48;2;155;142;151m[38;2;155;142;151m+[0m[48;2;149;133;142m[38;2;149;133;142m*[0m[48;2;124;107;117m[38;2;124;107;117m#[0m[48;2;24;14;20m[38;2;24;14;20m█[0m[48;2;112;109;112m[38;2;112;109;112m#[0m                           
                                          [48;2;228;228;228m[38;2;228;228;228m.[0m[48;2;44;42;44m[38;2;44;42;44m▒[0m[48;2;83;77;82m[38;2;83;77;82m@[0m[48;2;57;48;56m[38;2;57;48;56m▒[0m[48;2;150;134;147m[38;2;150;134;147m*[0m[48;2;160;140;155m[38;2;160;140;155m+[0m[48;2;161;140;155m[38;2;161;140;155m+[0m[48;2;161;140;155m[38;2;161;140;155m+[0m[48;2;161;140;155m[38;2;161;140;155m+[0m[48;2;158;138;153m[38;2;158;138;153m*[0m[48;2;157;139;153m[38;2;157;139;153m*[0m[48;2;126;111;124m[38;2;126;111;124m#[0m[48;2;56;44;54m[38;2;56;44;54m▒[0m[48;2;89;78;87m[38;2;89;78;87m@[0m[48;2;90;79;88m[38;2;90;79;88m@[0m[48;2;18;11;18m[38;2;18;11;18m█[0m[48;2;8;2;9m[38;2;8;2;9m█[0m[48;2;48;38;48m[38;2;48;38;48m▒[0m[48;2;158;139;153m[38;2;158;139;153m*[0m[48;2;158;137;152m[38;2;158;137;152m*[0m[48;2;146;126;141m[38;2;146;126;141m*[0m[48;2;160;141;155m[38;2;160;141;155m+[0m[48;2;161;140;155m[38;2;161;140;155m+[0m[48;2;161;140;155m[38;2;161;140;155m+[0m[48;2;161;140;155m[38;2;161;140;155m+[0m[48;2;161;140;155m[38;2;161;140;155m+[0m[48;2;161;140;155m[38;2;161;140;155m+[0m[48;2;161;140;155m[38;2;161;140;155m+[0m[48;2;161;140;155m[38;2;161;140;155m+[0m[48;2;161;140;155m[38;2;161;140;155m+[0m[48;2;160;141;155m[38;2;160;141;155m+[0m[48;2;104;88;99m[38;2;104;88;99m%[0m[48;2;73;61;70m[38;2;73;61;70m░[0m[48;2;72;61;70m[38;2;72;61;70m░[0m[48;2;71;59;68m[38;2;71;59;68m░[0m[48;2;71;58;68m[38;2;71;58;68m░[0m[48;2;72;60;69m[38;2;72;60;69m░[0m[48;2;77;65;74m[38;2;77;65;74m░[0m[48;2;98;85;94m[38;2;98;85;94m@[0m[48;2;131;119;128m[38;2;131;119;128m#[0m[48;2;44;37;43m[38;2;44;37;43m▒[0m[48;2;196;193;196m[38;2;196;193;196m-[0m                          
                                           [48;2;216;216;216m[38;2;216;216;216m:[0m[48;2;94;92;93m[38;2;94;92;93m%[0m[48;2;61;58;60m[38;2;61;58;60m░[0m[48;2;63;56;62m[38;2;63;56;62m░[0m[48;2;107;96;105m[38;2;107;96;105m%[0m[48;2;158;140;153m[38;2;158;140;153m+[0m[48;2;161;140;155m[38;2;161;140;155m+[0m[48;2;161;140;155m[38;2;161;140;155m+[0m[48;2;161;140;155m[38;2;161;140;155m+[0m[48;2;161;140;155m[38;2;161;140;155m+[0m[48;2;161;140;155m[38;2;161;140;155m+[0m[48;2;160;140;154m[38;2;160;140;154m+[0m[48;2;129;111;124m[38;2;129;111;124m#[0m[48;2;94;77;89m[38;2;94;77;89m@[0m[48;2;80;68;78m[38;2;80;68;78m░[0m[48;2;117;105;115m[38;2;117;105;115m#[0m[48;2;152;133;147m[38;2;152;133;147m*[0m[48;2;159;139;154m[38;2;159;139;154m+[0m[48;2;151;130;145m[38;2;151;130;145m*[0m[48;2;72;54;68m[38;2;72;54;68m░[0m[48;2;69;53;65m[38;2;69;53;65m░[0m[48;2;98;82;95m[38;2;98;82;95m@[0m[48;2;116;100;113m[38;2;116;100;113m%[0m[48;2;82;66;79m[38;2;82;66;79m░[0m[48;2;45;34;45m[38;2;45;34;45m▒[0m[48;2;67;57;67m[38;2;67;57;67m░[0m[48;2;79;67;79m[38;2;79;67;79m░[0m[48;2;88;75;87m[38;2;88;75;87m@[0m[48;2;98;85;97m[38;2;98;85;97m@[0m[48;2;104;90;102m[38;2;104;90;102m%[0m[48;2;104;92;101m[38;2;104;92;101m%[0m[48;2;106;94;104m[38;2;106;94;104m%[0m[48;2;109;97;106m[38;2;109;97;106m%[0m[48;2;110;97;106m[38;2;110;97;106m%[0m[48;2;104;92;101m[38;2;104;92;101m%[0m[48;2;98;87;96m[38;2;98;87;96m@[0m[48;2;92;82;91m[38;2;92;82;91m@[0m[48;2;79;69;77m[38;2;79;69;77m░[0m[48;2;48;40;47m[38;2;48;40;47m▒[0m[48;2;108;104;110m[38;2;108;104;110m%[0m                           
                                              [48;2;81;80;81m[38;2;81;80;81m@[0m[48;2;7;4;9m[38;2;7;4;9m█[0m[48;2;34;27;35m[38;2;34;27;35m▓[0m[48;2;97;84;96m[38;2;97;84;96m@[0m[48;2;152;134;148m[38;2;152;134;148m*[0m[48;2;160;140;155m[38;2;160;140;155m+[0m[48;2;161;140;155m[38;2;161;140;155m+[0m[48;2;161;140;155m[38;2;161;140;155m+[0m[48;2;161;140;155m[38;2;161;140;155m+[0m[48;2;160;139;154m[38;2;160;139;154m+[0m[48;2;161;140;155m[38;2;161;140;155m+[0m[48;2;121;102;116m[38;2;121;102;116m%[0m[48;2;99;82;95m[38;2;99;82;95m@[0m[48;2;153;133;148m[38;2;153;133;148m*[0m[48;2;161;140;155m[38;2;161;140;155m+[0m[48;2;161;140;155m[38;2;161;140;155m+[0m[48;2;161;141;155m[38;2;161;141;155m+[0m[48;2;155;136;150m[38;2;155;136;150m*[0m[48;2;131;114;128m[38;2;131;114;128m#[0m[48;2;114;98;111m[38;2;114;98;111m%[0m[48;2;102;88;100m[38;2;102;88;100m%[0m[48;2;98;85;97m[38;2;98;85;97m@[0m[48;2;98;85;97m[38;2;98;85;97m@[0m[48;2;100;86;98m[38;2;100;86;98m%[0m[48;2;104;89;102m[38;2;104;89;102m%[0m[48;2;111;97;107m[38;2;111;97;107m%[0m[48;2;119;104;115m[38;2;119;104;115m#[0m[48;2;121;107;117m[38;2;121;107;117m#[0m[48;2;118;104;115m[38;2;118;104;115m%[0m[48;2;116;102;113m[38;2;116;102;113m%[0m[48;2;102;89;99m[38;2;102;89;99m%[0m[48;2;50;40;48m[38;2;50;40;48m▒[0m[48;2;61;54;61m[38;2;61;54;61m░[0m[48;2;200;195;199m[38;2;200;195;199m-[0m[48;2;230;228;231m[38;2;230;228;231m.[0m                             
                                             [48;2;117;116;119m[38;2;117;116;119m#[0m[48;2;17;15;23m[38;2;17;15;23m█[0m[48;2;14;11;22m[38;2;14;11;22m█[0m[48;2;10;8;17m[38;2;10;8;17m█[0m[48;2;31;22;65m[38;2;31;22;65m▓[0m[48;2;51;40;78m[38;2;51;40;78m▒[0m[48;2;62;52;71m[38;2;62;52;71m░[0m[48;2;87;75;90m[38;2;87;75;90m@[0m[48;2;121;105;118m[38;2;121;105;118m#[0m[48;2;148;131;144m[38;2;148;131;144m*[0m[48;2;160;141;155m[38;2;160;141;155m+[0m[48;2;160;141;155m[38;2;160;141;155m+[0m[48;2;159;140;154m[38;2;159;140;154m+[0m[48;2;121;102;116m[38;2;121;102;116m%[0m[48;2;70;53;66m[38;2;70;53;66m░[0m[48;2;52;39;50m[38;2;52;39;50m▒[0m[48;2;64;53;63m[38;2;64;53;63m░[0m[48;2;85;74;84m[38;2;85;74;84m@[0m[48;2;104;92;103m[38;2;104;92;103m%[0m[48;2;122;109;120m[38;2;122;109;120m#[0m[48;2;135;122;132m[38;2;135;122;132m#[0m[48;2;143;131;141m[38;2;143;131;141m*[0m[48;2;150;136;147m[38;2;150;136;147m*[0m[48;2;151;138;148m[38;2;151;138;148m*[0m[48;2;152;137;148m[38;2;152;137;148m*[0m[48;2;149;133;144m[38;2;149;133;144m*[0m[48;2;137;122;132m[38;2;137;122;132m#[0m[48;2;122;109;119m[38;2;122;109;119m#[0m[48;2;101;88;97m[38;2;101;88;97m%[0m[48;2;78;66;76m[38;2;78;66;76m░[0m[48;2;74;66;75m[38;2;74;66;75m░[0m[48;2;112;105;112m[38;2;112;105;112m%[0m[48;2;190;186;191m[38;2;190;186;191m-[0m                                
                                            [48;2;179;178;180m[38;2;179;178;180m=[0m[48;2;13;12;19m[38;2;13;12;19m█[0m[48;2;35;32;49m[38;2;35;32;49m▓[0m[48;2;36;31;51m[38;2;36;31;51m▓[0m[48;2;17;14;27m[38;2;17;14;27m█[0m[48;2;45;34;93m[38;2;45;34;93m▒[0m[48;2;94;80;151m[38;2;94;80;151m%[0m[48;2;99;91;137m[38;2;99;91;137m%[0m[48;2;36;21;116m[38;2;36;21;116m▓[0m[48;2;8;3;23m[38;2;8;3;23m█[0m[48;2;39;28;86m[38;2;39;28;86m▒[0m[48;2;41;31;75m[38;2;41;31;75m▒[0m[48;2;53;43;79m[38;2;53;43;79m▒[0m[48;2;66;56;73m[38;2;66;56;73m░[0m[48;2;80;69;85m[38;2;80;69;85m@[0m[48;2;98;86;98m[38;2;98;86;98m@[0m[48;2;102;91;101m[38;2;102;91;101m%[0m[48;2;75;67;74m[38;2;75;67;74m░[0m[48;2;49;42;48m[38;2;49;42;48m▒[0m[48;2;26;21;26m[38;2;26;21;26m▓[0m[48;2;7;2;8m[38;2;7;2;8m█[0m[48;2;3;0;5m[38;2;3;0;5m█[0m[48;2;2;0;2m[38;2;2;0;2m█[0m[48;2;3;1;4m[38;2;3;1;4m█[0m[48;2;5;2;8m[38;2;5;2;8m█[0m[48;2;7;2;8m[38;2;7;2;8m█[0m[48;2;8;3;9m[38;2;8;3;9m█[0m[48;2;7;1;8m[38;2;7;1;8m█[0m[48;2;7;3;11m[38;2;7;3;11m█[0m[48;2;22;18;28m[38;2;22;18;28m▓[0m[48;2;104;101;109m[38;2;104;101;109m%[0m[48;2;180;177;183m[38;2;180;177;183m=[0m[48;2;240;238;241m[38;2;240;238;241m [0m                                 
                                           [48;2;239;239;239m[38;2;239;239;239m [0m[48;2;32;32;34m[38;2;32;32;34m▓[0m[48;2;32;29;41m[38;2;32;29;41m▓[0m[48;2;37;31;52m[38;2;37;31;52m▓[0m[48;2;37;31;52m[38;2;37;31;52m▓[0m[48;2;20;17;31m[38;2;20;17;31m▓[0m[48;2;39;29;86m[38;2;39;29;86m▒[0m[48;2;92;78;150m[38;2;92;78;150m@[0m[48;2;101;95;141m[38;2;101;95;141m%[0m[48;2;56;40;147m[38;2;56;40;147m░[0m[48;2;6;3;28m[38;2;6;3;28m█[0m[48;2;32;22;69m[38;2;32;22;69m▓[0m[48;2;80;65;154m[38;2;80;65;154m@[0m[48;2;74;55;165m[38;2;74;55;165m@[0m[48;2;84;70;153m[38;2;84;70;153m@[0m[48;2;61;41;161m[38;2;61;41;161m░[0m[48;2;70;55;144m[38;2;70;55;144m░[0m[48;2;51;40;106m[38;2;51;40;106m▒[0m[48;2;13;5;38m[38;2;13;5;38m█[0m[48;2;7;2;8m[38;2;7;2;8m█[0m[48;2;24;18;28m[38;2;24;18;28m▓[0m[48;2;26;21;34m[38;2;26;21;34m▓[0m[48;2;24;20;34m[38;2;24;20;34m▓[0m[48;2;23;19;31m[38;2;23;19;31m▓[0m[48;2;24;20;32m[38;2;24;20;32m▓[0m[48;2;25;21;35m[38;2;25;21;35m▓[0m[48;2;26;21;36m[38;2;26;21;36m▓[0m[48;2;28;24;40m[38;2;28;24;40m▓[0m[48;2;33;28;47m[38;2;33;28;47m▓[0m[48;2;36;31;50m[38;2;36;31;50m▓[0m[48;2;37;31;50m[38;2;37;31;50m▓[0m[48;2;34;28;46m[38;2;34;28;46m▓[0m[48;2;25;20;36m[38;2;25;20;36m▓[0m[48;2;26;22;33m[38;2;26;22;33m▓[0m[48;2;87;83;91m[38;2;87;83;91m@[0m[48;2;175;173;177m[38;2;175;173;177m=[0m                               
                                           [48;2;141;141;141m[38;2;141;141;141m*[0m[48;2;20;18;25m[38;2;20;18;25m▓[0m[48;2;37;31;51m[38;2;37;31;51m▓[0m[48;2;37;31;52m[38;2;37;31;52m▓[0m[48;2;37;31;52m[38;2;37;31;52m▓[0m[48;2;30;23;43m[38;2;30;23;43m▓[0m[48;2;20;12;46m[38;2;20;12;46m█[0m[48;2;88;75;140m[38;2;88;75;140m@[0m[48;2;94;82;152m[38;2;94;82;152m%[0m[48;2;79;65;151m[38;2;79;65;151m@[0m[48;2;16;9;62m[38;2;16;9;62m█[0m[48;2;124;122;130m[38;2;124;122;130m#[0m[48;2;30;25;57m[38;2;30;25;57m▓[0m[48;2;68;53;145m[38;2;68;53;145m░[0m[48;2;80;66;159m[38;2;80;66;159m@[0m[48;2;78;64;162m[38;2;78;64;162m@[0m[48;2;73;59;153m[38;2;73;59;153m@[0m[48;2;45;33;101m[38;2;45;33;101m▒[0m[48;2;15;11;28m[38;2;15;11;28m█[0m[48;2;49;45;56m[38;2;49;45;56m▒[0m[48;2;47;42;57m[38;2;47;42;57m▒[0m[48;2;38;33;50m[38;2;38;33;50m▓[0m[48;2;37;32;52m[38;2;37;32;52m▓[0m[48;2;37;31;52m[38;2;37;31;52m▓[0m[48;2;37;31;52m[38;2;37;31;52m▓[0m[48;2;37;31;52m[38;2;37;31;52m▓[0m[48;2;37;31;52m[38;2;37;31;52m▓[0m[48;2;37;31;52m[38;2;37;31;52m▓[0m[48;2;37;31;52m[38;2;37;31;52m▓[0m[48;2;37;31;52m[38;2;37;31;52m▓[0m[48;2;37;31;52m[38;2;37;31;52m▓[0m[48;2;37;31;52m[38;2;37;31;52m▓[0m[48;2;37;31;52m[38;2;37;31;52m▓[0m[48;2;37;31;52m[38;2;37;31;52m▓[0m[48;2;35;30;48m[38;2;35;30;48m▓[0m[48;2;24;20;34m[38;2;24;20;34m▓[0m[48;2;47;43;53m[38;2;47;43;53m▒[0m[48;2;155;153;157m[38;2;155;153;157m+[0m                             
                                           [48;2;43;43;43m[38;2;43;43;43m▒[0m[48;2;31;27;40m[38;2;31;27;40m▓[0m[48;2;37;31;52m[38;2;37;31;52m▓[0m[48;2;37;31;52m[38;2;37;31;52m▓[0m[48;2;37;31;52m[38;2;37;31;52m▓[0m[48;2;36;30;51m[38;2;36;30;51m▓[0m[48;2;23;18;36m[38;2;23;18;36m▓[0m[48;2;21;16;31m[38;2;21;16;31m▓[0m[48;2;26;20;39m[38;2;26;20;39m▓[0m[48;2;37;33;53m[38;2;37;33;53m▓[0m[48;2;13;8;32m[38;2;13;8;32m█[0m[48;2;91;89;97m[38;2;91;89;97m@[0m[48;2;200;198;203m[38;2;200;198;203m-[0m[48;2;71;68;79m[38;2;71;68;79m░[0m[48;2;39;30;82m[38;2;39;30;82m▒[0m[48;2;58;49;106m[38;2;58;49;106m░[0m[48;2;47;44;62m[38;2;47;44;62m▒[0m[48;2;164;162;167m[38;2;164;162;167m+[0m[48;2;134;132;135m[38;2;134;132;135m*[0m[48;2;38;35;41m[38;2;38;35;41m▒[0m[48;2;44;41;49m[38;2;44;41;49m▒[0m[48;2;62;58;69m[38;2;62;58;69m░[0m[48;2;60;55;71m[38;2;60;55;71m░[0m[48;2;39;34;53m[38;2;39;34;53m▒[0m[48;2;37;31;51m[38;2;37;31;51m▓[0m[48;2;37;31;52m[38;2;37;31;52m▓[0m[48;2;37;31;52m[38;2;37;31;52m▓[0m[48;2;37;31;52m[38;2;37;31;52m▓[0m[48;2;37;31;52m[38;2;37;31;52m▓[0m[48;2;37;31;52m[38;2;37;31;52m▓[0m[48;2;37;31;52m[38;2;37;31;52m▓[0m[48;2;37;31;52m[38;2;37;31;52m▓[0m[48;2;37;31;52m[38;2;37;31;52m▓[0m[48;2;37;31;52m[38;2;37;31;52m▓[0m[48;2;37;31;52m[38;2;37;31;52m▓[0m[48;2;37;31;52m[38;2;37;31;52m▓[0m[48;2;36;31;51m[38;2;36;31;51m▓[0m[48;2;26;21;38m[38;2;26;21;38m▓[0m[48;2;51;47;58m[38;2;51;47;58m▒[0m[48;2;201;200;203m[38;2;201;200;203m-[0m                           
                                          [48;2;223;223;223m[38;2;223;223;223m.[0m[48;2;10;9;11m[38;2;10;9;11m█[0m[48;2;35;30;47m[38;2;35;30;47m▓[0m[48;2;37;31;52m[38;2;37;31;52m▓[0m[48;2;37;31;52m[38;2;37;31;52m▓[0m[48;2;37;31;52m[38;2;37;31;52m▓[0m[48;2;37;31;52m[38;2;37;31;52m▓[0m[48;2;37;31;52m[38;2;37;31;52m▓[0m[48;2;37;31;52m[38;2;37;31;52m▓[0m[48;2;37;31;51m[38;2;37;31;51m▓[0m[48;2;76;71;86m[38;2;76;71;86m@[0m[48;2;15;12;22m[38;2;15;12;22m█[0m[48;2;5;2;10m[38;2;5;2;10m█[0m[48;2;95;92;97m[38;2;95;92;97m%[0m[48;2;212;209;213m[38;2;212;209;213m:[0m[48;2;188;186;187m[38;2;188;186;187m-[0m[48;2;63;61;64m[38;2;63;61;64m░[0m[48;2;52;49;53m[38;2;52;49;53m▒[0m[48;2;164;162;165m[38;2;164;162;165m+[0m[48;2;240;238;239m[38;2;240;238;239m [0m[48;2;238;236;237m[38;2;238;236;237m.[0m[48;2;78;75;79m[38;2;78;75;79m@[0m[48;2;43;40;44m[38;2;43;40;44m▒[0m[48;2;27;24;31m[38;2;27;24;31m▓[0m[48;2;56;53;61m[38;2;56;53;61m▒[0m[48;2;66;62;72m[38;2;66;62;72m░[0m[48;2;54;49;67m[38;2;54;49;67m▒[0m[48;2;37;31;52m[38;2;37;31;52m▓[0m[48;2;37;31;52m[38;2;37;31;52m▓[0m[48;2;37;31;52m[38;2;37;31;52m▓[0m[48;2;37;31;52m[38;2;37;31;52m▓[0m[48;2;37;31;52m[38;2;37;31;52m▓[0m[48;2;37;31;52m[38;2;37;31;52m▓[0m[48;2;37;31;52m[38;2;37;31;52m▓[0m[48;2;37;31;52m[38;2;37;31;52m▓[0m[48;2;37;31;52m[38;2;37;31;52m▓[0m[48;2;37;31;52m[38;2;37;31;52m▓[0m[48;2;37;31;52m[38;2;37;31;52m▓[0m[48;2;37;31;52m[38;2;37;31;52m▓[0m[48;2;34;28;47m[38;2;34;28;47m▓[0m[48;2;18;14;25m[38;2;18;14;25m█[0m[48;2;168;167;169m[38;2;168;167;169m=[0m                          