                                                                                                              
                                                                                                              
                                                                                                              
                                                                                                              
                                                                                                              
                                                                                                              
                                                                                                              
                                                                                                              
                                                                                                              
                                                                                                              
                                                                                                              
                                                                                                              
                                                                                                              
                                                 [48;2;185;185;186m[38;2;185;185;186m-[0m[48;2;135;134;136m[38;2;135;134;136m*[0m[48;2;98;97;101m[38;2;98;97;101m%[0m[48;2;70;69;74m[38;2;70;69;74m░[0m[48;2;53;52;57m[38;2;53;52;57m▒[0m[48;2;43;42;49m[38;2;43;42;49m▒[0m[48;2;41;39;46m[38;2;41;39;46m▒[0m[48;2;45;44;50m[38;2;45;44;50m▒[0m[48;2;59;58;64m[38;2;59;58;64m░[0m[48;2;83;82;87m[38;2;83;82;87m@[0m[48;2;129;128;132m[38;2;129;128;132m*[0m[48;2;193;192;195m[38;2;193;192;195m-[0m                                                 
                                             [48;2;241;240;241m[38;2;241;240;241m [0m[48;2;161;160;162m[38;2;161;160;162m+[0m[48;2;73;72;77m[38;2;73;72;77m░[0m[48;2;26;25;32m[38;2;26;25;32m▓[0m[48;2;30;27;39m[38;2;30;27;39m▓[0m[48;2;38;36;50m[38;2;38;36;50m▒[0m[48;2;43;41;58m[38;2;43;41;58m▒[0m[48;2;45;42;60m[38;2;45;42;60m▒[0m[48;2;44;43;59m[38;2;44;43;59m▒[0m[48;2;43;43;59m[38;2;43;43;59m▒[0m[48;2;42;42;59m[38;2;42;42;59m▒[0m[48;2;42;43;59m[38;2;42;43;59m▒[0m[48;2;42;42;58m[38;2;42;42;58m▒[0m[48;2;41;41;58m[38;2;41;41;58m▒[0m[48;2;37;36;53m[38;2;37;36;53m▒[0m[48;2;27;24;39m[38;2;27;24;39m▓[0m[48;2;42;40;51m[38;2;42;40;51m▒[0m[48;2;142;141;146m[38;2;142;141;146m*[0m                                               
                                            [48;2;149;149;151m[38;2;149;149;151m+[0m[48;2;34;33;39m[38;2;34;33;39m▓[0m[48;2;30;29;40m[38;2;30;29;40m▓[0m[48;2;44;41;55m[38;2;44;41;55m▒[0m[48;2;60;57;71m[38;2;60;57;71m░[0m[48;2;57;54;66m[38;2;57;54;66m░[0m[48;2;31;28;42m[38;2;31;28;42m▓[0m[48;2;29;26;39m[38;2;29;26;39m▓[0m[48;2;48;45;59m[38;2;48;45;59m▒[0m[48;2;33;32;45m[38;2;33;32;45m▓[0m[48;2;32;32;46m[38;2;32;32;46m▓[0m[48;2;36;38;51m[38;2;36;38;51m▒[0m[48;2;41;43;57m[38;2;41;43;57m▒[0m[48;2;40;44;59m[38;2;40;44;59m▒[0m[48;2;40;44;59m[38;2;40;44;59m▒[0m[48;2;41;43;59m[38;2;41;43;59m▒[0m[48;2;42;43;59m[38;2;42;43;59m▒[0m[48;2;42;42;58m[38;2;42;42;58m▒[0m[48;2;27;26;40m[38;2;27;26;40m▓[0m[48;2;51;49;58m[38;2;51;49;58m▒[0m[48;2;205;204;208m[38;2;205;204;208m:[0m                                             
                                           [48;2;81;80;82m[38;2;81;80;82m@[0m[48;2;19;17;24m[38;2;19;17;24m▓[0m[48;2;26;22;33m[38;2;26;22;33m▓[0m[48;2;34;29;40m[38;2;34;29;40m▓[0m[48;2;53;48;58m[38;2;53;48;58m▒[0m[48;2;65;59;68m[38;2;65;59;68m░[0m[48;2;83;74;83m[38;2;83;74;83m@[0m[48;2;98;86;97m[38;2;98;86;97m@[0m[48;2;123;109;122m[38;2;123;109;122m#[0m[48;2;134;120;132m[38;2;134;120;132m#[0m[48;2;124;109;122m[38;2;124;109;122m#[0m[48;2;107;92;104m[38;2;107;92;104m%[0m[48;2;81;67;78m[38;2;81;67;78m░[0m[48;2;49;37;48m[38;2;49;37;48m▒[0m[48;2;27;20;34m[38;2;27;20;34m▓[0m[48;2;36;32;48m[38;2;36;32;48m▓[0m[48;2;43;43;59m[38;2;43;43;59m▒[0m[48;2;41;43;59m[38;2;41;43;59m▒[0m[48;2;41;43;59m[38;2;41;43;59m▒[0m[48;2;42;42;59m[38;2;42;42;59m▒[0m[48;2;40;36;53m[38;2;40;36;53m▒[0m[48;2;23;20;30m[38;2;23;20;30m▓[0m[48;2;155;153;155m[38;2;155;153;155m+[0m                                            
                                          [48;2;124;123;125m[38;2;124;123;125m#[0m[48;2;18;13;18m[38;2;18;13;18m█[0m[48;2;77;69;77m[38;2;77;69;77m░[0m[48;2;81;70;80m[38;2;81;70;80m@[0m[48;2;61;51;59m[38;2;61;51;59m░[0m[48;2;73;62;72m[38;2;73;62;72m░[0m[48;2;121;106;119m[38;2;121;106;119m#[0m[48;2;152;134;148m[38;2;152;134;148m*[0m[48;2;98;82;94m[38;2;98;82;94m@[0m[48;2;79;65;76m[38;2;79;65;76m░[0m[48;2;62;47;58m[38;2;62;47;58m▒[0m[48;2;140;121;135m[38;2;140;121;135m*[0m[48;2;161;140;155m[38;2;161;140;155m+[0m[48;2;161;140;155m[38;2;161;140;155m+[0m[48;2;161;140;155m[38;2;161;140;155m+[0m[48;2;146;127;141m[38;2;146;127;141m*[0m[48;2;94;78;90m[38;2;94;78;90m@[0m[48;2;44;32;44m[38;2;44;32;44m▒[0m[48;2;53;45;57m[38;2;53;45;57m▒[0m[48;2;33;27;40m[38;2;33;27;40m▓[0m[48;2;25;21;34m[38;2;25;21;34m▓[0m[48;2;20;15;28m[38;2;20;15;28m█[0m[48;2;29;21;42m[38;2;29;21;42m▓[0m[48;2;10;7;11m[38;2;10;7;11m█[0m[48;2;136;135;137m[38;2;136;135;137m*[0m                                           
                                         [48;2;121;120;121m[38;2;121;120;121m#[0m[48;2;63;57;63m[38;2;63;57;63m░[0m[48;2;149;134;144m[38;2;149;134;144m*[0m[48;2;160;140;155m[38;2;160;140;155m+[0m[48;2;154;133;148m[38;2;154;133;148m*[0m[48;2;156;137;150m[38;2;156;137;150m*[0m[48;2;158;137;152m[38;2;158;137;152m*[0m[48;2;160;139;154m[38;2;160;139;154m+[0m[48;2;161;140;155m[38;2;161;140;155m+[0m[48;2;161;140;155m[38;2;161;140;155m+[0m[48;2;158;137;152m[38;2;158;137;152m*[0m[48;2;99;83;95m[38;2;99;83;95m@[0m[48;2;100;84;96m[38;2;100;84;96m@[0m[48;2;151;134;148m[38;2;151;134;148m*[0m[48;2;160;141;155m[38;2;160;141;155m+[0m[48;2;161;140;155m[38;2;161;140;155m+[0m[48;2;161;140;155m[38;2;161;140;155m+[0m[48;2;161;140;155m[38;2;161;140;155m+[0m[48;2;153;133;147m[38;2;153;133;147m*[0m[48;2;74;60;71m[38;2;74;60;71m░[0m[48;2;44;34;57m[38;2;44;34;57m▒[0m[48;2;90;69;132m[38;2;90;69;132m@[0m[48;2;47;29;73m[38;2;47;29;73m▒[0m[48;2;74;55;111m[38;2;74;55;111m░[0m[48;2;7;2;7m[38;2;7;2;7m█[0m[48;2;6;2;7m[38;2;6;2;7m█[0m[48;2;173;171;172m[38;2;173;171;172m=[0m                                          
                                        [48;2;111;109;111m[38;2;111;109;111m#[0m[48;2;81;72;79m[38;2;81;72;79m@[0m[48;2;158;143;153m[38;2;158;143;153m+[0m[48;2;161;143;154m[38;2;161;143;154m+[0m[48;2;162;141;156m[38;2;162;141;156m+[0m[48;2;161;140;155m[38;2;161;140;155m+[0m[48;2;161;140;155m[38;2;161;140;155m+[0m[48;2;161;140;155m[38;2;161;140;155m+[0m[48;2;161;140;155m[38;2;161;140;155m+[0m[48;2;111;92;106m[38;2;111;92;106m%[0m[48;2;131;112;126m[38;2;131;112;126m#[0m[48;2;144;125;139m[38;2;144;125;139m*[0m[48;2;41;27;38m[38;2;41;27;38m▓[0m[48;2;110;95;108m[38;2;110;95;108m%[0m[48;2;65;49;62m[38;2;65;49;62m░[0m[48;2;158;139;153m[38;2;158;139;153m*[0m[48;2;160;141;155m[38;2;160;141;155m+[0m[48;2;161;140;155m[38;2;161;140;155m+[0m[48;2;161;140;155m[38;2;161;140;155m+[0m[48;2;161;140;155m[38;2;161;140;155m+[0m[48;2;159;139;153m[38;2;159;139;153m+[0m[48;2;95;81;93m[38;2;95;81;93m@[0m[48;2;36;22;46m[38;2;36;22;46m▓[0m[48;2;109;81;162m[38;2;109;81;162m%[0m[48;2;55;36;85m[38;2;55;36;85m▒[0m[48;2;50;39;76m[38;2;50;39;76m▒[0m[48;2;13;8;17m[38;2;13;8;17m█[0m[48;2;32;28;35m[38;2;32;28;35m▓[0m[48;2;234;234;235m[38;2;234;234;235m.[0m                                         
                                       [48;2;186;185;186m[38;2;186;185;186m-[0m[48;2;53;46;52m[38;2;53;46;52m▒[0m[48;2;99;88;97m[38;2;99;88;97m%[0m[48;2;93;80;90m[38;2;93;80;90m@[0m[48;2;85;72;81m[38;2;85;72;81m@[0m[48;2;162;143;156m[38;2;162;143;156m+[0m[48;2;161;140;155m[38;2;161;140;155m+[0m[48;2;161;140;155m[38;2;161;140;155m+[0m[48;2;161;140;155m[38;2;161;140;155m+[0m[48;2;161;140;155m[38;2;161;140;155m+[0m[48;2;76;60;72m[38;2;76;60;72m░[0m[48;2;97;82;95m[38;2;97;82;95m@[0m[48;2;158;140;154m[38;2;158;140;154m+[0m[48;2;48;36;47m[38;2;48;36;47m▒[0m[48;2;83;71;82m[38;2;83;71;82m@[0m[48;2;78;66;76m[38;2;78;66;76m░[0m[48;2;71;57;69m[38;2;71;57;69m░[0m[48;2;153;134;148m[38;2;153;134;148m*[0m[48;2;160;141;155m[38;2;160;141;155m+[0m[48;2;160;141;155m[38;2;160;141;155m+[0m[48;2;161;140;155m[38;2;161;140;155m+[0m[48;2;161;140;155m[38;2;161;140;155m+[0m[48;2;160;139;154m[38;2;160;139;154m+[0m[48;2;102;85;97m[38;2;102;85;97m%[0m[48;2;45;30;55m[38;2;45;30;55m▒[0m[48;2;13;4;19m[38;2;13;4;19m█[0m[48;2;9;6;16m[38;2;9;6;16m█[0m[48;2;31;29;40m[38;2;31;29;40m▓[0m[48;2;25;23;34m[38;2;25;23;34m▓[0m[48;2;127;125;129m[38;2;127;125;129m#[0m                                         
                                       [48;2;71;70;71m[38;2;71;70;71m░[0m[48;2;116;107;114m[38;2;116;107;114m#[0m[48;2;20;14;20m[38;2;20;14;20m█[0m[48;2;34;26;33m[38;2;34;26;33m▓[0m[48;2;99;90;99m[38;2;99;90;99m%[0m[48;2;110;97;106m[38;2;110;97;106m%[0m[48;2;151;133;147m[38;2;151;133;147m*[0m[48;2;151;132;146m[38;2;151;132;146m*[0m[48;2;160;141;155m[38;2;160;141;155m+[0m[48;2;161;142;156m[38;2;161;142;156m+[0m[48;2;108;92;105m[38;2;108;92;105m%[0m[48;2;18;9;18m[38;2;18;9;18m█[0m[48;2;126;112;124m[38;2;126;112;124m#[0m[48;2;132;118;130m[38;2;132;118;130m#[0m[48;2;15;7;15m[38;2;15;7;15m█[0m[48;2;47;39;47m[38;2;47;39;47m▒[0m[48;2;56;47;56m[38;2;56;47;56m▒[0m[48;2;42;31;40m[38;2;42;31;40m▓[0m[48;2;107;93;104m[38;2;107;93;104m%[0m[48;2;157;139;152m[38;2;157;139;152m*[0m[48;2;161;140;155m[38;2;161;140;155m+[0m[48;2;161;140;155m[38;2;161;140;155m+[0m[48;2;161;140;155m[38;2;161;140;155m+[0m[48;2;160;140;154m[38;2;160;140;154m+[0m[48;2;124;110;121m[38;2;124;110;121m#[0m[48;2;45;35;45m[38;2;45;35;45m▒[0m[48;2;40;34;44m[38;2;40;34;44m▒[0m[48;2;40;38;49m[38;2;40;38;49m▒[0m[48;2;41;39;50m[38;2;41;39;50m▒[0m[48;2;38;35;42m[38;2;38;35;42m▒[0m                                         
                                       [48;2;33;29;32m[38;2;33;29;32m▓[0m[48;2;117;105;115m[38;2;117;105;115m#[0m[48;2;9;3;9m[38;2;9;3;9m█[0m[48;2;47;41;47m[38;2;47;41;47m▒[0m[48;2;108;101;109m[38;2;108;101;109m%[0m[48;2;18;11;18m[38;2;18;11;18m█[0m[48;2;27;19;26m[38;2;27;19;26m▓[0m[48;2;43;33;41m[38;2;43;33;41m▒[0m[48;2;150;136;147m[38;2;150;136;147m*[0m[48;2;156;141;152m[38;2;156;141;152m+[0m[48;2;145;129;141m[38;2;145;129;141m*[0m[48;2;23;16;22m[38;2;23;16;22m▓[0m[48;2;34;26;32m[38;2;34;26;32m▓[0m[48;2;85;75;84m[38;2;85;75;84m@[0m[48;2;61;52;64m[38;2;61;52;64m░[0m[48;2;39;32;41m[38;2;39;32;41m▓[0m[48;2;40;33;40m[38;2;40;33;40m▓[0m[48;2;19;12;17m[38;2;19;12;17m█[0m[48;2;21;14;19m[38;2;21;14;19m█[0m[48;2;20;12;17m[38;2;20;12;17m█[0m[48;2;52;43;49m[38;2;52;43;49m▒[0m[48;2;54;44;51m[38;2;54;44;51m▒[0m[48;2;75;65;73m[38;2;75;65;73m░[0m[48;2;80;70;79m[38;2;80;70;79m@[0m[48;2;79;69;78m[38;2;79;69;78m░[0m[48;2;68;59;69m[38;2;68;59;69m░[0m[48;2;32;25;34m[38;2;32;25;34m▓[0m[48;2;18;12;22m[38;2;18;12;22m█[0m[48;2;40;36;45m[38;2;40;36;45m▒[0m[48;2;14;12;18m[38;2;14;12;18m█[0m                                         
                                      [48;2;238;238;238m[38;2;238;238;238m [0m[48;2;33;28;32m[38;2;33;28;32m▓[0m[48;2;99;87;97m[38;2;99;87;97m%[0m[48;2;28;22;28m[38;2;28;22;28m▓[0m[48;2;61;55;60m[38;2;61;55;60m░[0m[48;2;41;33;40m[38;2;41;33;40m▓[0m[48;2;30;17;43m[38;2;30;17;43m▓[0m[48;2;39;25;60m[38;2;39;25;60m▓[0m[48;2;17;5;34m[38;2;17;5;34m█[0m[48;2;51;41;47m[38;2;51;41;47m▒[0m[48;2;110;99;103m[38;2;110;99;103m%[0m[48;2;120;110;113m[38;2;120;110;113m#[0m[48;2;137;128;130m[38;2;137;128;130m*[0m[48;2;30;23;26m[38;2;30;23;26m▓[0m[48;2;51;29;95m[38;2;51;29;95m▒[0m[48;2;67;33;137m[38;2;67;33;137m░[0m[48;2;44;18;93m[38;2;44;18;93m▓[0m[48;2;143;133;136m[38;2;143;133;136m*[0m[48;2;117;106;108m[38;2;117;106;108m%[0m[48;2;205;194;194m[38;2;205;194;194m-[0m[48;2;202;190;190m[38;2;202;190;190m-[0m[48;2;26;16;19m[38;2;26;16;19m▓[0m[48;2;103;93;98m[38;2;103;93;98m%[0m[48;2;104;93;101m[38;2;104;93;101m%[0m[48;2;108;96;106m[38;2;108;96;106m%[0m[48;2;45;33;43m[38;2;45;33;43m▒[0m[48;2;130;117;128m[38;2;130;117;128m#[0m[48;2;155;142;153m[38;2;155;142;153m+[0m[48;2;121;107;117m[38;2;121;107;117m#[0m[48;2;76;63;73m[38;2;76;63;73m░[0m[48;2;43;33;41m[38;2;43;33;41m▒[0m[48;2;90;85;90m[38;2;90;85;90m@[0m[48;2;157;154;157m[38;2;157;154;157m+[0m[48;2;216;216;217m[38;2;216;216;217m:[0m                                      
                                       [48;2;40;38;39m[38;2;40;38;39m▒[0m[48;2;88;78;86m[38;2;88;78;86m@[0m[48;2;14;7;14m[38;2;14;7;14m█[0m[48;2;198;191;195m[38;2;198;191;195m-[0m[48;2;77;70;72m[38;2;77;70;72m░[0m[48;2;76;52;122m[38;2;76;52;122m░[0m[48;2;110;68;167m[38;2;110;68;167m%[0m[48;2;83;43;136m[38;2;83;43;136m░[0m[48;2;79;69;73m[38;2;79;69;73m░[0m[48;2;248;235;230m[38;2;248;235;230m [0m[48;2;250;235;228m[38;2;250;235;228m [0m[48;2;250;236;228m[38;2;250;236;228m [0m[48;2;122;109;108m[38;2;122;109;108m#[0m[48;2;89;69;102m[38;2;89;69;102m@[0m[48;2;170;125;195m[38;2;170;125;195m+[0m[48;2;86;53;106m[38;2;86;53;106m░[0m[48;2;143;132;133m[38;2;143;132;133m*[0m[48;2;251;237;234m[38;2;251;237;234m [0m[48;2;250;234;229m[38;2;250;234;229m [0m[48;2;249;234;230m[38;2;249;234;230m [0m[48;2;148;135;134m[38;2;148;135;134m*[0m[48;2;64;53;58m[38;2;64;53;58m░[0m[48;2;151;138;147m[38;2;151;138;147m*[0m[48;2;157;141;153m[38;2;157;141;153m+[0m[48;2;141;124;137m[38;2;141;124;137m*[0m[48;2;68;55;65m[38;2;68;55;65m░[0m[48;2;71;59;70m[38;2;71;59;70m░[0m[48;2;123;108;120m[38;2;123;108;120m#[0m[48;2;156;139;153m[38;2;156;139;153m*[0m[48;2;157;141;154m[38;2;157;141;154m+[0m[48;2;145;129;142m[38;2;145;129;142m*[0m[48;2;124;109;121m[38;2;124;109;121m#[0m[48;2;84;74;83m[38;2;84;74;83m@[0m[48;2;68;64;69m[38;2;68;64;69m░[0m[48;2;142;140;143m[38;2;142;140;143m*[0m[48;2;241;240;241m[38;2;241;240;241m [0m                                   
                                       [48;2;125;124;125m[38;2;125;124;125m#[0m[48;2;63;55;61m[38;2;63;55;61m░[0m[48;2;44;36;43m[38;2;44;36;43m▒[0m[48;2;215;206;210m[38;2;215;206;210m:[0m[48;2;188;179;177m[38;2;188;179;177m=[0m[48;2;70;53;67m[38;2;70;53;67m░[0m[48;2;215;169;215m[38;2;215;169;215m-[0m[48;2;150;109;154m[38;2;150;109;154m#[0m[48;2;100;91;95m[38;2;100;91;95m%[0m[48;2;249;235;231m[38;2;249;235;231m [0m[48;2;250;234;229m[38;2;250;234;229m [0m[48;2;250;234;228m[38;2;250;234;228m [0m[48;2;237;222;217m[38;2;237;222;217m.[0m[48;2;81;68;70m[38;2;81;68;70m░[0m[48;2;111;83;108m[38;2;111;83;108m%[0m[48;2;63;45;59m[38;2;63;45;59m▒[0m[48;2;224;212;210m[38;2;224;212;210m:[0m[48;2;241;216;207m[38;2;241;216;207m.[0m[48;2;236;193;180m[38;2;236;193;180m:[0m[48;2;247;225;219m[38;2;247;225;219m.[0m[48;2;249;234;230m[38;2;249;234;230m [0m[48;2;171;158;159m[38;2;171;158;159m+[0m[48;2;50;39;47m[38;2;50;39;47m▒[0m[48;2;131;116;128m[38;2;131;116;128m#[0m[48;2;86;70;83m[38;2;86;70;83m@[0m[48;2;146;131;143m[38;2;146;131;143m*[0m[48;2;142;129;139m[38;2;142;129;139m*[0m[48;2;91;82;90m[38;2;91;82;90m@[0m[48;2;65;57;66m[38;2;65;57;66m░[0m[48;2;67;58;66m[38;2;67;58;66m░[0m[48;2;76;65;74m[38;2;76;65;74m░[0m[48;2;95;82;92m[38;2;95;82;92m@[0m[48;2;108;95;105m[38;2;108;95;105m%[0m[48;2;123;110;121m[38;2;123;110;121m#[0m[48;2;106;95;105m[38;2;106;95;105m%[0m[48;2;56;51;56m[38;2;56;51;56m▒[0m[48;2;174;172;175m[38;2;174;172;175m=[0m                                  
                                       [48;2;238;238;238m[38;2;238;238;238m [0m[48;2;56;51;55m[38;2;56;51;55m▒[0m[48;2;33;26;32m[38;2;33;26;32m▓[0m[48;2;132;121;122m[38;2;132;121;122m#[0m[48;2;238;219;217m[38;2;238;219;217m.[0m[48;2;170;156;155m[38;2;170;156;155m+[0m[48;2;96;80;87m[38;2;96;80;87m@[0m[48;2;102;86;93m[38;2;102;86;93m%[0m[48;2;223;210;208m[38;2;223;210;208m:[0m[48;2;211;197;192m[38;2;211;197;192m-[0m[48;2;111;97;94m[38;2;111;97;94m%[0m[48;2;188;172;169m[38;2;188;172;169m=[0m[48;2;250;234;229m[38;2;250;234;229m [0m[48;2;249;234;230m[38;2;249;234;230m [0m[48;2;217;202;198m[38;2;217;202;198m:[0m[48;2;239;224;220m[38;2;239;224;220m.[0m[48;2;250;234;229m[38;2;250;234;229m [0m[48;2;244;224;215m[38;2;244;224;215m.[0m[48;2;247;226;219m[38;2;247;226;219m.[0m[48;2;250;233;229m[38;2;250;233;229m.[0m[48;2;250;235;231m[38;2;250;235;231m [0m[48;2;139;129;128m[38;2;139;129;128m*[0m[48;2;63;56;60m[38;2;63;56;60m░[0m[48;2;61;52;60m[38;2;61;52;60m░[0m[48;2;23;13;21m[38;2;23;13;21m█[0m[48;2;38;28;37m[38;2;38;28;37m▓[0m[48;2;57;48;57m[38;2;57;48;57m▒[0m[48;2;88;78;88m[38;2;88;78;88m@[0m[48;2;101;90;100m[38;2;101;90;100m%[0m[48;2;92;84;92m[38;2;92;84;92m@[0m[48;2;67;58;66m[38;2;67;58;66m░[0m[48;2;43;35;42m[38;2;43;35;42m▒[0m[48;2;51;43;51m[38;2;51;43;51m▒[0m[48;2;90;79;88m[38;2;90;79;88m@[0m[48;2;151;134;147m[38;2;151;134;147m*[0m[48;2;155;139;149m[38;2;155;139;149m*[0m[48;2;71;61;68m[38;2;71;61;68m░[0m[48;2;121;118;121m[38;2;121;118;121m#[0m                                 
                                        [48;2;126;125;125m[38;2;126;125;125m#[0m[48;2;5;3;4m[38;2;5;3;4m█[0m[48;2;42;37;39m[38;2;42;37;39m▒[0m[48;2;192;181;180m[38;2;192;181;180m-[0m[48;2;250;234;231m[38;2;250;234;231m [0m[48;2;251;235;228m[38;2;251;235;228m [0m[48;2;250;235;227m[38;2;250;235;227m [0m[48;2;250;235;227m[38;2;250;235;227m [0m[48;2;250;235;227m[38;2;250;235;227m [0m[48;2;250;235;228m[38;2;250;235;228m [0m[48;2;250;234;228m[38;2;250;234;228m [0m[48;2;250;234;228m[38;2;250;234;228m [0m[48;2;250;234;228m[38;2;250;234;228m [0m[48;2;250;234;228m[38;2;250;234;228m [0m[48;2;250;234;228m[38;2;250;234;228m [0m[48;2;250;234;227m[38;2;250;234;227m [0m[48;2;250;234;229m[38;2;250;234;229m [0m[48;2;250;235;229m[38;2;250;235;229m [0m[48;2;233;219;215m[38;2;233;219;215m.[0m[48;2;124;112;112m[38;2;124;112;112m#[0m[48;2;14;6;10m[38;2;14;6;10m█[0m[48;2;47;40;47m[38;2;47;40;47m▒[0m[48;2;38;30;38m[38;2;38;30;38m▓[0m[48;2;140;134;139m[38;2;140;134;139m*[0m[48;2;165;157;161m[38;2;165;157;161m+[0m[48;2;35;27;33m[38;2;35;27;33m▓[0m[48;2;92;83;91m[38;2;92;83;91m@[0m[48;2;124;111;121m[38;2;124;111;121m#[0m[48;2;133;117;129m[38;2;133;117;129m#[0m[48;2;148;130;144m[38;2;148;130;144m*[0m[48;2;157;140;153m[38;2;157;140;153m+[0m[48;2;159;141;154m[38;2;159;141;154m+[0m[48;2;160;141;155m[38;2;160;141;155m+[0m[48;2;161;140;155m[38;2;161;140;155m+[0m[48;2;161;140;154m[38;2;161;140;154m+[0m[48;2;159;141;154m[38;2;159;141;154m+[0m[48;2;82;71;79m[38;2;82;71;79m@[0m[48;2;126;123;126m[38;2;126;123;126m#[0m                                
                                        [48;2;214;214;214m[38;2;214;214;214m:[0m[48;2;109;107;109m[38;2;109;107;109m%[0m[48;2;109;104;108m[38;2;109;104;108m%[0m[48;2;206;198;200m[38;2;206;198;200m-[0m[48;2;240;226;226m[38;2;240;226;226m.[0m[48;2;248;234;229m[38;2;248;234;229m.[0m[48;2;249;235;229m[38;2;249;235;229m [0m[48;2;249;235;229m[38;2;249;235;229m [0m[48;2;249;235;229m[38;2;249;235;229m [0m[48;2;248;233;228m[38;2;248;233;228m.[0m[48;2;243;228;223m[38;2;243;228;223m.[0m[48;2;226;211;207m[38;2;226;211;207m:[0m[48;2;206;193;189m[38;2;206;193;189m-[0m[48;2;181;168;165m[38;2;181;168;165m=[0m[48;2;152;142;140m[38;2;152;142;140m*[0m[48;2;121;112;111m[38;2;121;112;111m#[0m[48;2;83;75;76m[38;2;83;75;76m@[0m[48;2;45;38;40m[38;2;45;38;40m▒[0m[48;2;24;20;23m[38;2;24;20;23m▓[0m[48;2;7;3;8m[38;2;7;3;8m█[0m[48;2;6;3;9m[38;2;6;3;9m█[0m[48;2;190;186;192m[38;2;190;186;192m-[0m[48;2;114;108;114m[38;2;114;108;114m#[0m[48;2;37;31;38m[38;2;37;31;38m▓[0m[48;2;106;101;105m[38;2;106;101;105m%[0m[48;2;122;116;121m[38;2;122;116;121m#[0m[48;2;67;59;66m[38;2;67;59;66m░[0m[48;2;159;142;155m[38;2;159;142;155m+[0m[48;2;161;140;155m[38;2;161;140;155m+[0m[48;2;161;140;155m[38;2;161;140;155m+[0m[48;2;161;140;155m[38;2;161;140;155m+[0m[48;2;161;140;155m[38;2;161;140;155m+[0m[48;2;161;140;155m[38;2;161;140;155m+[0m[48;2;161;140;155m[38;2;161;140;155m+[0m[48;2;161;140;155m[38;2;161;140;155m+[0m[48;2;161;140;155m[38;2;161;140;155m+[0m[48;2;158;140;152m[38;2;158;140;152m+[0m[48;2;47;39;45m[38;2;47;39;45m▒[0m[48;2;196;195;197m[38;2;196;195;197m-[0m                               
                                          [48;2;187;185;186m[38;2;187;185;186m-[0m[48;2;79;77;78m[38;2;79;77;78m@[0m[48;2;16;12;14m[38;2;16;12;14m█[0m[48;2;19;16;19m[38;2;19;16;19m█[0m[48;2;25;22;24m[38;2;25;22;24m▓[0m[48;2;33;29;31m[38;2;33;29;31m▓[0m[48;2;44;41;43m[38;2;44;41;43m▒[0m[48;2;37;33;34m[38;2;37;33;34m▓[0m[48;2;69;65;66m[38;2;69;65;66m░[0m[48;2;71;67;68m[38;2;71;67;68m░[0m[48;2;72;69;70m[38;2;72;69;70m░[0m[48;2;15;12;15m[38;2;15;12;15m█[0m[48;2;44;41;45m[38;2;44;41;45m▒[0m[48;2;28;25;30m[38;2;28;25;30m▓[0m[48;2;4;1;6m[38;2;4;1;6m█[0m[48;2;15;12;19m[38;2;15;12;19m█[0m[48;2;11;8;16m[38;2;11;8;16m█[0m[48;2;24;20;29m[38;2;24;20;29m▓[0m[48;2;28;24;32m[38;2;28;24;32m▓[0m[48;2;243;239;245m[38;2;243;239;245m [0m[48;2;185;182;186m[38;2;185;182;186m-[0m[48;2;67;64;68m[38;2;67;64;68m░[0m[48;2;198;195;199m[38;2;198;195;199m-[0m[48;2;189;186;190m[38;2;189;186;190m-[0m[48;2;27;23;28m[38;2;27;23;28m▓[0m[48;2;157;139;152m[38;2;157;139;152m*[0m[48;2;161;140;155m[38;2;161;140;155m+[0m[48;2;161;140;155m[38;2;161;140;155m+[0m[48;2;161;140;155m[38;2;161;140;155m+[0m[48;2;161;140;155m[38;2;161;140;155m+[0m[48;2;161;140;155m[38;2;161;140;155m+[0m[48;2;161;140;155m[38;2;161;140;155m+[0m[48;2;161;140;155m[38;2;161;140;155m+[0m[48;2;161;140;155m[38;2;161;140;155m+[0m[48;2;161;140;155m[38;2;161;140;155m+[0m[48;2;108;95;106m[38;2;108;95;106m%[0m[48;2;109;105;109m[38;2;109;105;109m%[0m                               
                                       [48;2;181;181;181m[38;2;181;181;181m=[0m[48;2;67;67;67m[38;2;67;67;67m░[0m[48;2;20;19;21m[38;2;20;19;21m▓[0m[48;2;23;21;27m[38;2;23;21;27m▓[0m[48;2;26;23;33m[38;2;26;23;33m▓[0m[48;2;28;24;35m[38;2;28;24;35m▓[0m[48;2;7;6;14m[38;2;7;6;14m█[0m[48;2;5;4;9m[38;2;5;4;9m█[0m[48;2;49;46;51m[38;2;49;46;51m▒[0m[48;2;48;46;50m[38;2;48;46;50m▒[0m[48;2;26;24;28m[38;2;26;24;28m▓[0m[48;2;84;81;86m[38;2;84;81;86m@[0m[48;2;126;123;126m[38;2;126;123;126m#[0m[48;2;10;8;9m[38;2;10;8;9m█[0m[48;2;44;41;45m[38;2;44;41;45m▒[0m[48;2;13;10;14m[38;2;13;10;14m█[0m[48;2;34;30;36m[38;2;34;30;36m▓[0m[48;2;22;18;26m[38;2;22;18;26m▓[0m[48;2;32;28;42m[38;2;32;28;42m▓[0m[48;2;5;2;12m[38;2;5;2;12m█[0m[48;2;15;13;20m[38;2;15;13;20m█[0m[48;2;34;31;37m[38;2;34;31;37m▓[0m [48;2;242;239;242m[38;2;242;239;242m [0m[48;2;76;73;77m[38;2;76;73;77m@[0m[48;2;148;145;149m[38;2;148;145;149m+[0m[48;2;199;196;200m[38;2;199;196;200m-[0m[48;2;32;28;33m[38;2;32;28;33m▓[0m[48;2;149;133;145m[38;2;149;133;145m*[0m[48;2;161;140;155m[38;2;161;140;155m+[0m[48;2;161;140;155m[38;2;161;140;155m+[0m[48;2;161;140;155m[38;2;161;140;155m+[0m[48;2;161;140;155m[38;2;161;140;155m+[0m[48;2;161;140;155m[38;2;161;140;155m+[0m[48;2;161;140;155m[38;2;161;140;155m+[0m[48;2;161;140;155m[38;2;161;140;155m+[0m[48;2;161;140;155m[38;2;161;140;155m+[0m[48;2;161;140;155m[38;2;161;140;155m+[0m[48;2;133;118;129m[38;2;133;118;129m#[0m[48;2;68;62;67m[38;2;68;62;67m░[0m                               
                                       [48;2;42;40;41m[38;2;42;40;41m▒[0m[48;2;69;67;68m[38;2;69;67;68m░[0m[48;2;29;27;31m[38;2;29;27;31m▓[0m[48;2;33;29;44m[38;2;33;29;44m▓[0m[48;2;37;32;50m[38;2;37;32;50m▓[0m[48;2;37;32;49m[38;2;37;32;49m▓[0m[48;2;10;7;18m[38;2;10;7;18m█[0m[48;2;22;20;31m[38;2;22;20;31m▓[0m[48;2;13;10;21m[38;2;13;10;21m█[0m[48;2;49;46;53m[38;2;49;46;53m▒[0m[48;2;20;18;22m[38;2;20;18;22m▓[0m[48;2;31;28;33m[38;2;31;28;33m▓[0m[48;2;80;77;83m[38;2;80;77;83m@[0m[48;2;13;10;14m[38;2;13;10;14m█[0m[48;2;7;4;7m[38;2;7;4;7m█[0m[48;2;13;9;13m[38;2;13;9;13m█[0m[48;2;89;78;81m[38;2;89;78;81m@[0m[48;2;137;127;121m[38;2;137;127;121m*[0m[48;2;57;49;59m[38;2;57;49;59m▒[0m[48;2;32;26;43m[38;2;32;26;43m▓[0m[48;2;15;11;23m[38;2;15;11;23m█[0m[48;2;7;3;12m[38;2;7;3;12m█[0m[48;2;141;138;142m[38;2;141;138;142m*[0m[48;2;210;206;208m[38;2;210;206;208m:[0m[48;2;209;204;208m[38;2;209;204;208m:[0m[48;2;54;50;55m[38;2;54;50;55m▒[0m[48;2;97;92;97m[38;2;97;92;97m%[0m[48;2;47;38;45m[38;2;47;38;45m▒[0m[48;2;156;141;151m[38;2;156;141;151m+[0m[48;2;152;134;145m[38;2;152;134;145m*[0m[48;2;140;121;134m[38;2;140;121;134m*[0m[48;2;161;140;155m[38;2;161;140;155m+[0m[48;2;161;140;155m[38;2;161;140;155m+[0m[48;2;161;140;155m[38;2;161;140;155m+[0m[48;2;161;140;155m[38;2;161;140;155m+[0m[48;2;161;140;155m[38;2;161;140;155m+[0m[48;2;161;140;155m[38;2;161;140;155m+[0m[48;2;161;140;155m[38;2;161;140;155m+[0m[48;2;120;104;115m[38;2;120;104;115m#[0m[48;2;95;90;95m[38;2;95;90;95m%[0m                               
                                       [48;2;195;194;195m[38;2;195;194;195m-[0m[48;2;57;56;58m[38;2;57;56;58m░[0m[48;2;124;123;125m[38;2;124;123;125m#[0m[48;2;19;16;25m[38;2;19;16;25m█[0m[48;2;35;30;45m[38;2;35;30;45m▓[0m[48;2;34;29;45m[38;2;34;29;45m▓[0m[48;2;8;5;16m[38;2;8;5;16m█[0m[48;2;34;30;46m[38;2;34;30;46m▓[0m[48;2;27;22;39m[38;2;27;22;39m▓[0m[48;2;18;15;23m[38;2;18;15;23m█[0m[48;2;11;8;13m[38;2;11;8;13m█[0m[48;2;9;6;9m[38;2;9;6;9m█[0m[48;2;5;1;5m[38;2;5;1;5m█[0m[48;2;50;46;50m[38;2;50;46;50m▒[0m[48;2;43;40;41m[38;2;43;40;41m▒[0m[48;2;22;17;19m[38;2;22;17;19m▓[0m[48;2;92;84;87m[38;2;92;84;87m@[0m[48;2;111;100;100m[38;2;111;100;100m%[0m[48;2;68;59;67m[38;2;68;59;67m░[0m[48;2;38;29;51m[38;2;38;29;51m▓[0m[48;2;38;31;52m[38;2;38;31;52m▓[0m[48;2;34;28;47m[38;2;34;28;47m▓[0m[48;2;15;10;24m[38;2;15;10;24m█[0m[48;2;19;15;24m[38;2;19;15;24m█[0m[48;2;73;68;74m[38;2;73;68;74m░[0m[48;2;86;81;87m[38;2;86;81;87m@[0m[48;2;113;105;112m[38;2;113;105;112m%[0m[48;2;135;125;134m[38;2;135;125;134m*[0m[48;2;91;80;89m[38;2;91;80;89m@[0m[48;2;30;19;27m[38;2;30;19;27m▓[0m[48;2;96;81;92m[38;2;96;81;92m@[0m[48;2;161;140;155m[38;2;161;140;155m+[0m[48;2;161;140;155m[38;2;161;140;155m+[0m[48;2;161;140;155m[38;2;161;140;155m+[0m[48;2;161;140;155m[38;2;161;140;155m+[0m[48;2;161;140;155m[38;2;161;140;155m+[0m[48;2;161;140;155m[38;2;161;140;155m+[0m[48;2;155;136;150m[38;2;155;136;150m*[0m[48;2;49;38;48m[38;2;49;38;48m▒[0m[48;2;200;198;201m[38;2;200;198;201m-[0m                               
                                        [48;2;216;215;216m[38;2;216;215;216m:[0m[48;2;58;57;59m[38;2;58;57;59m░[0m[48;2;151;149;153m[38;2;151;149;153m+[0m[48;2;34;32;39m[38;2;34;32;39m▓[0m[48;2;19;17;26m[38;2;19;17;26m▓[0m[48;2;15;13;23m[38;2;15;13;23m█[0m[48;2;36;31;48m[38;2;36;31;48m▓[0m[48;2;36;31;49m[38;2;36;31;49m▓[0m[48;2;15;12;21m[38;2;15;12;21m█[0m[48;2;113;108;98m[38;2;113;108;98m%[0m[48;2;102;94;74m[38;2;102;94;74m%[0m[48;2;51;41;32m[38;2;51;41;32m▒[0m[48;2;115;103;86m[38;2;115;103;86m%[0m[48;2;197;187;156m[38;2;197;187;156m-[0m[48;2;43;34;32m[38;2;43;34;32m▓[0m[48;2;36;28;38m[38;2;36;28;38m▓[0m[48;2;46;37;55m[38;2;46;37;55m▒[0m[48;2;37;28;50m[38;2;37;28;50m▓[0m[48;2;38;29;51m[38;2;38;29;51m▓[0m[48;2;38;30;52m[38;2;38;30;52m▓[0m[48;2;36;30;51m[38;2;36;30;51m▓[0m[48;2;36;30;50m[38;2;36;30;50m▓[0m[48;2;26;22;39m[38;2;26;22;39m▓[0m[48;2;25;20;33m[38;2;25;20;33m▓[0m[48;2;57;51;62m[38;2;57;51;62m▒[0m[48;2;48;41;51m[38;2;48;41;51m▒[0m[48;2;34;26;34m[38;2;34;26;34m▓[0m[48;2;25;18;25m[38;2;25;18;25m▓[0m[48;2;108;97;106m[38;2;108;97;106m%[0m[48;2;159;142;154m[38;2;159;142;154m+[0m[48;2;161;140;155m[38;2;161;140;155m+[0m[48;2;161;140;155m[38;2;161;140;155m+[0m[48;2;161;140;155m[38;2;161;140;155m+[0m[48;2;161;140;155m[38;2;161;140;155m+[0m[48;2;160;140;154m[38;2;160;140;154m+[0m[48;2;128;111;124m[38;2;128;111;124m#[0m[48;2;55;45;54m[38;2;55;45;54m▒[0m[48;2;166;162;167m[38;2;166;162;167m+[0m                                
                                         [48;2;209;207;209m[38;2;209;207;209m:[0m[48;2;68;64;68m[38;2;68;64;68m░[0m[48;2;83;81;84m[38;2;83;81;84m@[0m[48;2;29;27;31m[38;2;29;27;31m▓[0m[48;2;24;21;31m[38;2;24;21;31m▓[0m[48;2;34;30;45m[38;2;34;30;45m▓[0m[48;2;26;22;35m[38;2;26;22;35m▓[0m[48;2;14;10;19m[38;2;14;10;19m█[0m[48;2;7;2;9m[38;2;7;2;9m█[0m[48;2;61;51;63m[38;2;61;51;63m░[0m[48;2;123;115;104m[38;2;123;115;104m#[0m[48;2;107;94;80m[38;2;107;94;80m%[0m[48;2;23;13;12m[38;2;23;13;12m█[0m[48;2;15;9;15m[38;2;15;9;15m█[0m[48;2;18;13;21m[38;2;18;13;21m█[0m[48;2;19;14;26m[38;2;19;14;26m█[0m[48;2;17;11;22m[38;2;17;11;22m█[0m[48;2;17;11;23m[38;2;17;11;23m█[0m[48;2;17;13;26m[38;2;17;13;26m█[0m[48;2;20;16;29m[38;2;20;16;29m▓[0m[48;2;24;19;32m[38;2;24;19;32m▓[0m[48;2;25;19;33m[38;2;25;19;33m▓[0m[48;2;25;19;31m[38;2;25;19;31m▓[0m[48;2;20;15;27m[38;2;20;15;27m█[0m[48;2;9;5;14m[38;2;9;5;14m█[0m[48;2;6;1;10m[38;2;6;1;10m█[0m[48;2;59;51;61m[38;2;59;51;61m▒[0m[48;2;119;106;117m[38;2;119;106;117m#[0m[48;2;156;139;152m[38;2;156;139;152m*[0m[48;2;160;141;155m[38;2;160;141;155m+[0m[48;2;157;138;152m[38;2;157;138;152m*[0m[48;2;133;115;127m[38;2;133;115;127m#[0m[48;2;90;77;87m[38;2;90;77;87m@[0m[48;2;74;65;73m[38;2;74;65;73m░[0m[48;2;142;134;141m[38;2;142;134;141m*[0m[48;2;233;228;233m[38;2;233;228;233m.[0m                                 
                                            [48;2;34;32;36m[38;2;34;32;36m▓[0m[48;2;27;24;31m[38;2;27;24;31m▓[0m[48;2;10;7;15m[38;2;10;7;15m█[0m[48;2;46;43;48m[38;2;46;43;48m▒[0m[48;2;21;18;23m[38;2;21;18;23m▓[0m[48;2;12;9;13m[38;2;12;9;13m█[0m[48;2;30;24;37m[38;2;30;24;37m▓[0m[48;2;22;17;36m[38;2;22;17;36m▓[0m[48;2;15;12;19m[38;2;15;12;19m█[0m[48;2;13;9;20m[38;2;13;9;20m█[0m[48;2;18;10;44m[38;2;18;10;44m█[0m[48;2;25;21;31m[38;2;25;21;31m▓[0m[48;2;33;30;36m[38;2;33;30;36m▓[0m[48;2;37;32;38m[38;2;37;32;38m▓[0m[48;2;43;39;43m[38;2;43;39;43m▒[0m[48;2;48;44;49m[38;2;48;44;49m▒[0m[48;2;47;44;48m[38;2;47;44;48m▒[0m[48;2;53;50;55m[38;2;53;50;55m▒[0m[48;2;55;50;57m[38;2;55;50;57m▒[0m[48;2;12;7;14m[38;2;12;7;14m█[0m[48;2;12;8;15m[38;2;12;8;15m█[0m[48;2;19;15;28m[38;2;19;15;28m█[0m[48;2;36;31;49m[38;2;36;31;49m▓[0m[48;2;34;28;47m[38;2;34;28;47m▓[0m[48;2;24;18;34m[38;2;24;18;34m▓[0m[48;2;31;24;37m[38;2;31;24;37m▓[0m[48;2;57;47;58m[38;2;57;47;58m▒[0m[48;2;50;43;51m[38;2;50;43;51m▒[0m[48;2;124;119;125m[38;2;124;119;125m#[0m[48;2;207;203;208m[38;2;207;203;208m:[0m                                    
                                           [48;2;233;233;233m[38;2;233;233;233m.[0m[48;2;8;7;10m[38;2;8;7;10m█[0m[48;2;23;22;25m[38;2;23;22;25m▓[0m[48;2;40;38;42m[38;2;40;38;42m▒[0m[48;2;20;17;23m[38;2;20;17;23m▓[0m[48;2;12;9;15m[38;2;12;9;15m█[0m[48;2;113;110;115m[38;2;113;110;115m#[0m[48;2;19;15;22m[38;2;19;15;22m█[0m[48;2;22;12;64m[38;2;22;12;64m▓[0m[48;2;8;5;23m[38;2;8;5;23m█[0m[48;2;15;8;48m[38;2;15;8;48m█[0m[48;2;68;54;120m[38;2;68;54;120m░[0m[48;2;44;34;67m[38;2;44;34;67m▒[0m[48;2;12;7;13m[38;2;12;7;13m█[0m[48;2;8;5;11m[38;2;8;5;11m█[0m[48;2;18;14;23m[38;2;18;14;23m█[0m[48;2;20;16;27m[38;2;20;16;27m▓[0m[48;2;20;17;28m[38;2;20;17;28m▓[0m[48;2;20;16;29m[38;2;20;16;29m▓[0m[48;2;22;17;32m[38;2;22;17;32m▓[0m[48;2;26;21;36m[38;2;26;21;36m▓[0m[48;2;33;28;45m[38;2;33;28;45m▓[0m[48;2;37;31;50m[38;2;37;31;50m▓[0m[48;2;37;31;52m[38;2;37;31;52m▓[0m[48;2;37;31;52m[38;2;37;31;52m▓[0m[48;2;37;31;52m[38;2;37;31;52m▓[0m[48;2;37;31;51m[38;2;37;31;51m▓[0m[48;2;31;25;43m[38;2;31;25;43m▓[0m[48;2;22;18;32m[38;2;22;18;32m▓[0m[48;2;94;91;98m[38;2;94;91;98m%[0m[48;2;213;211;214m[38;2;213;211;214m:[0m                                    
                                           [48;2;128;128;128m[38;2;128;128;128m#[0m[48;2;14;13;17m[38;2;14;13;17m█[0m[48;2;22;20;26m[38;2;22;20;26m▓[0m[48;2;26;22;35m[38;2;26;22;35m▓[0m[48;2;37;31;50m[38;2;37;31;50m▓[0m[48;2;10;7;16m[38;2;10;7;16m█[0m[48;2;216;213;217m[38;2;216;213;217m:[0m[48;2;73;69;76m[38;2;73;69;76m░[0m[48;2;84;67;137m[38;2;84;67;137m@[0m[48;2;61;46;96m[38;2;61;46;96m░[0m[48;2;18;9;46m[38;2;18;9;46m█[0m[48;2;49;37;87m[38;2;49;37;87m▒[0m[48;2;31;22;49m[38;2;31;22;49m▓[0m[48;2;99;95;102m[38;2;99;95;102m%[0m[48;2;187;183;188m[38;2;187;183;188m-[0m[48;2;87;83;90m[38;2;87;83;90m@[0m[48;2;22;18;29m[38;2;22;18;29m▓[0m[48;2;31;26;41m[38;2;31;26;41m▓[0m[48;2;37;32;50m[38;2;37;32;50m▓[0m[48;2;36;30;51m[38;2;36;30;51m▓[0m[48;2;36;30;51m[38;2;36;30;51m▓[0m[48;2;37;31;52m[38;2;37;31;52m▓[0m[48;2;37;31;52m[38;2;37;31;52m▓[0m[48;2;37;31;52m[38;2;37;31;52m▓[0m[48;2;37;31;52m[38;2;37;31;52m▓[0m[48;2;37;31;52m[38;2;37;31;52m▓[0m[48;2;37;31;52m[38;2;37;31;52m▓[0m[48;2;37;31;52m[38;2;37;31;52m▓[0m[48;2;37;31;52m[38;2;37;31;52m▓[0m[48;2;32;27;44m[38;2;32;27;44m▓[0m[48;2;21;17;29m[38;2;21;17;29m▓[0m[48;2;107;105;111m[38;2;107;105;111m%[0m[48;2;232;232;233m[38;2;232;232;233m.[0m                                  
                                           [48;2;76;75;76m[38;2;76;75;76m@[0m[48;2;10;8;14m[38;2;10;8;14m█[0m[48;2;34;29;45m[38;2;34;29;45m▓[0m[48;2;37;31;51m[38;2;37;31;51m▓[0m[48;2;36;30;51m[38;2;36;30;51m▓[0m[48;2;21;18;26m[38;2;21;18;26m▓[0m[48;2;241;238;242m[38;2;241;238;242m [0m[48;2;209;206;210m[38;2;209;206;210m:[0m[48;2;85;80;89m[38;2;85;80;89m@[0m[48;2;76;71;78m[38;2;76;71;78m@[0m[48;2;27;16;63m[38;2;27;16;63m▓[0m[48;2;83;65;139m[38;2;83;65;139m@[0m[48;2;36;26;57m[38;2;36;26;57m▓[0m[48;2;123;120;126m[38;2;123;120;126m#[0m  [48;2;217;214;217m[38;2;217;214;217m:[0m[48;2;123;120;125m[38;2;123;120;125m#[0m[48;2;43;39;49m[38;2;43;39;49m▒[0m[48;2;23;18;32m[38;2;23;18;32m▓[0m[48;2;33;28;44m[38;2;33;28;44m▓[0m[48;2;37;31;50m[38;2;37;31;50m▓[0m[48;2;37;32;51m[38;2;37;32;51m▓[0m[48;2;37;31;52m[38;2;37;31;52m▓[0m[48;2;37;31;52m[38;2;37;31;52m▓[0m[48;2;37;31;52m[38;2;37;31;52m▓[0m[48;2;37;31;52m[38;2;37;31;52m▓[0m[48;2;37;31;52m[38;2;37;31;52m▓[0m[48;2;37;31;52m[38;2;37;31;52m▓[0m[48;2;37;31;52m[38;2;37;31;52m▓[0m[48;2;37;31;52m[38;2;37;31;52m▓[0m[48;2;30;25;42m[38;2;30;25;42m▓[0m[48;2;34;30;41m[38;2;34;30;41m▓[0m[48;2;180;179;182m[38;2;180;179;182m=[0m                                 
                                           [48;2;125;124;125m[38;2;125;124;125m#[0m[48;2;21;18;26m[38;2;21;18;26m▓[0m[48;2;37;32;51m[38;2;37;32;51m▓[0m[48;2;37;31;52m[38;2;37;31;52m▓[0m[48;2;36;30;51m[38;2;36;30;51m▓[0m[48;2;33;29;40m[38;2;33;29;40m▓[0m    [48;2;179;177;180m[38;2;179;177;180m=[0m[48;2;84;81;86m[38;2;84;81;86m@[0m[48;2;90;87;92m[38;2;90;87;92m@[0m[48;2;237;234;238m[38;2;237;234;238m.[0m    [48;2;241;240;241m[38;2;241;240;241m [0m[48;2;105;104;106m[38;2;105;104;106m%[0m[48;2;47;44;49m[38;2;47;44;49m▒[0m[48;2;46;42;52m[38;2;46;42;52m▒[0m[48;2;21;16;31m[38;2;21;16;31m▓[0m[48;2;28;23;40m[38;2;28;23;40m▓[0m[48;2;36;30;51m[38;2;36;30;51m▓[0m[48;2;37;31;52m[38;2;37;31;52m▓[0m[48;2;37;31;52m[38;2;37;31;52m▓[0m[48;2;37;31;52m[38;2;37;31;52m▓[0m[48;2;37;31;52m[38;2;37;31;52m▓[0m[48;2;37;31;52m[38;2;37;31;52m▓[0m[48;2;37;31;52m[38;2;37;31;52m▓[0m[48;2;37;31;52m[38;2;37;31;52m▓[0m[48;2;35;30;49m[38;2;35;30;49m▓[0m[48;2;17;14;24m[38;2;17;14;24m█[0m[48;2;173;173;174m[38;2;173;173;174m=[0m                                