                                                                                                    
                                                                                                    
                                                                                                    
                                                                                                    
                                                                                                    
                                                                                                    
                                                                                                    
                                                                                                    
                                                                                                    
                                                                                                    
                                                                                                    
                                                 [48;2;232;232;232m[38;2;232;232;232m.[0m[48;2;214;214;214m[38;2;214;214;214m:[0m[48;2;204;204;204m[38;2;204;204;204m:[0m[48;2;206;206;206m[38;2;206;206;206m:[0m[48;2;219;219;219m[38;2;219;219;219m:[0m[48;2;240;240;240m[38;2;240;240;240m [0m                                             
                                             [48;2;211;211;211m[38;2;211;211;211m:[0m[48;2;111;110;113m[38;2;111;110;113m#[0m[48;2;61;60;65m[38;2;61;60;65m░[0m[48;2;32;31;40m[38;2;32;31;40m▓[0m[48;2;26;24;34m[38;2;26;24;34m▓[0m[48;2;28;27;37m[38;2;28;27;37m▓[0m[48;2;30;28;40m[38;2;30;28;40m▓[0m[48;2;29;27;40m[38;2;29;27;40m▓[0m[48;2;27;26;37m[38;2;27;26;37m▓[0m[48;2;23;22;32m[38;2;23;22;32m▓[0m[48;2;47;45;56m[38;2;47;45;56m▒[0m[48;2;93;92;101m[38;2;93;92;101m%[0m[48;2;161;161;164m[38;2;161;161;164m+[0m[48;2;240;239;240m[38;2;240;239;240m [0m                                         
                                            [48;2;129;129;131m[38;2;129;129;131m*[0m[48;2;25;23;31m[38;2;25;23;31m▓[0m[48;2;40;38;53m[38;2;40;38;53m▒[0m[48;2;43;42;58m[38;2;43;42;58m▒[0m[48;2;42;43;59m[38;2;42;43;59m▒[0m[48;2;41;43;59m[38;2;41;43;59m▒[0m[48;2;41;43;59m[38;2;41;43;59m▒[0m[48;2;41;43;59m[38;2;41;43;59m▒[0m[48;2;41;43;59m[38;2;41;43;59m▒[0m[48;2;41;43;59m[38;2;41;43;59m▒[0m[48;2;41;43;59m[38;2;41;43;59m▒[0m[48;2;41;43;59m[38;2;41;43;59m▒[0m[48;2;43;41;60m[38;2;43;41;60m▒[0m[48;2;33;32;47m[38;2;33;32;47m▓[0m[48;2;32;30;41m[38;2;32;30;41m▓[0m[48;2;121;119;125m[38;2;121;119;125m#[0m[48;2;208;208;209m[38;2;208;208;209m:[0m                                       
                                           [48;2;99;98;101m[38;2;99;98;101m%[0m[48;2;28;27;37m[38;2;28;27;37m▓[0m[48;2;42;43;58m[38;2;42;43;58m▒[0m[48;2;41;43;59m[38;2;41;43;59m▒[0m[48;2;41;43;59m[38;2;41;43;59m▒[0m[48;2;40;44;59m[38;2;40;44;59m▒[0m[48;2;40;44;59m[38;2;40;44;59m▒[0m[48;2;40;44;59m[38;2;40;44;59m▒[0m[48;2;40;44;59m[38;2;40;44;59m▒[0m[48;2;40;44;59m[38;2;40;44;59m▒[0m[48;2;40;44;59m[38;2;40;44;59m▒[0m[48;2;40;44;59m[38;2;40;44;59m▒[0m[48;2;40;44;59m[38;2;40;44;59m▒[0m[48;2;40;44;59m[38;2;40;44;59m▒[0m[48;2;41;44;59m[38;2;41;44;59m▒[0m[48;2;42;43;58m[38;2;42;43;58m▒[0m[48;2;54;52;61m[38;2;54;52;61m▒[0m[48;2;7;6;11m[38;2;7;6;11m█[0m[48;2;78;76;81m[38;2;78;76;81m@[0m[48;2;216;215;217m[38;2;216;215;217m:[0m                                     
                                         [48;2;161;161;161m[38;2;161;161;161m+[0m[48;2;11;10;13m[38;2;11;10;13m█[0m[48;2;27;25;35m[38;2;27;25;35m▓[0m[48;2;44;43;59m[38;2;44;43;59m▒[0m[48;2;41;44;59m[38;2;41;44;59m▒[0m[48;2;40;44;59m[38;2;40;44;59m▒[0m[48;2;40;44;59m[38;2;40;44;59m▒[0m[48;2;40;44;59m[38;2;40;44;59m▒[0m[48;2;40;44;59m[38;2;40;44;59m▒[0m[48;2;40;44;59m[38;2;40;44;59m▒[0m[48;2;40;44;59m[38;2;40;44;59m▒[0m[48;2;40;44;59m[38;2;40;44;59m▒[0m[48;2;40;44;59m[38;2;40;44;59m▒[0m[48;2;40;44;59m[38;2;40;44;59m▒[0m[48;2;40;44;59m[38;2;40;44;59m▒[0m[48;2;40;44;59m[38;2;40;44;59m▒[0m[48;2;41;43;59m[38;2;41;43;59m▒[0m[48;2;45;46;60m[38;2;45;46;60m▒[0m[48;2;75;74;82m[38;2;75;74;82m@[0m[48;2;15;12;20m[38;2;15;12;20m█[0m[48;2;119;108;118m[38;2;119;108;118m#[0m[48;2;58;49;57m[38;2;58;49;57m▒[0m[48;2;207;206;208m[38;2;207;206;208m:[0m                                    
                                         [48;2;29;28;30m[38;2;29;28;30m▓[0m[48;2;14;13;18m[38;2;14;13;18m█[0m[48;2;43;43;58m[38;2;43;43;58m▒[0m[48;2;41;43;59m[38;2;41;43;59m▒[0m[48;2;40;44;59m[38;2;40;44;59m▒[0m[48;2;40;44;59m[38;2;40;44;59m▒[0m[48;2;40;44;59m[38;2;40;44;59m▒[0m[48;2;40;44;59m[38;2;40;44;59m▒[0m[48;2;40;44;59m[38;2;40;44;59m▒[0m[48;2;40;44;59m[38;2;40;44;59m▒[0m[48;2;40;44;59m[38;2;40;44;59m▒[0m[48;2;40;44;59m[38;2;40;44;59m▒[0m[48;2;40;44;59m[38;2;40;44;59m▒[0m[48;2;40;44;59m[38;2;40;44;59m▒[0m[48;2;40;44;59m[38;2;40;44;59m▒[0m[48;2;40;44;59m[38;2;40;44;59m▒[0m[48;2;40;44;59m[38;2;40;44;59m▒[0m[48;2;57;58;72m[38;2;57;58;72m░[0m[48;2;47;45;57m[38;2;47;45;57m▒[0m[48;2;20;14;26m[38;2;20;14;26m█[0m[48;2;109;97;107m[38;2;109;97;107m%[0m[48;2;116;104;113m[38;2;116;104;113m%[0m[48;2;60;54;60m[38;2;60;54;60m░[0m                                    
                                       [48;2;233;233;233m[38;2;233;233;233m.[0m[48;2;66;64;67m[38;2;66;64;67m░[0m[48;2;29;25;30m[38;2;29;25;30m▓[0m[48;2;30;29;39m[38;2;30;29;39m▓[0m[48;2;41;43;59m[38;2;41;43;59m▒[0m[48;2;40;44;59m[38;2;40;44;59m▒[0m[48;2;40;44;59m[38;2;40;44;59m▒[0m[48;2;40;44;59m[38;2;40;44;59m▒[0m[48;2;40;44;59m[38;2;40;44;59m▒[0m[48;2;40;44;59m[38;2;40;44;59m▒[0m[48;2;40;44;59m[38;2;40;44;59m▒[0m[48;2;40;44;59m[38;2;40;44;59m▒[0m[48;2;40;44;59m[38;2;40;44;59m▒[0m[48;2;40;44;59m[38;2;40;44;59m▒[0m[48;2;40;44;59m[38;2;40;44;59m▒[0m[48;2;40;44;59m[38;2;40;44;59m▒[0m[48;2;41;43;59m[38;2;41;43;59m▒[0m[48;2;42;42;59m[38;2;42;42;59m▒[0m[48;2;62;60;78m[38;2;62;60;78m░[0m[48;2;61;59;72m[38;2;61;59;72m░[0m[48;2;23;20;32m[38;2;23;20;32m▓[0m[48;2;99;90;102m[38;2;99;90;102m%[0m[48;2;104;92;102m[38;2;104;92;102m%[0m[48;2;38;28;36m[38;2;38;28;36m▓[0m[48;2;73;66;73m[38;2;73;66;73m░[0m[48;2;178;177;178m[38;2;178;177;178m=[0m                                   
                                       [48;2;56;54;57m[38;2;56;54;57m░[0m[48;2;108;97;107m[38;2;108;97;107m%[0m[48;2;70;60;71m[38;2;70;60;71m░[0m[48;2;34;33;44m[38;2;34;33;44m▓[0m[48;2;40;44;59m[38;2;40;44;59m▒[0m[48;2;40;44;59m[38;2;40;44;59m▒[0m[48;2;40;44;59m[38;2;40;44;59m▒[0m[48;2;40;44;59m[38;2;40;44;59m▒[0m[48;2;40;44;59m[38;2;40;44;59m▒[0m[48;2;40;44;59m[38;2;40;44;59m▒[0m[48;2;40;44;59m[38;2;40;44;59m▒[0m[48;2;40;44;59m[38;2;40;44;59m▒[0m[48;2;40;44;59m[38;2;40;44;59m▒[0m[48;2;40;44;59m[38;2;40;44;59m▒[0m[48;2;40;44;59m[38;2;40;44;59m▒[0m[48;2;41;43;58m[38;2;41;43;58m▒[0m[48;2;47;46;61m[38;2;47;46;61m▒[0m[48;2;71;69;82m[38;2;71;69;82m░[0m[48;2;51;48;60m[38;2;51;48;60m▒[0m[48;2;31;26;37m[38;2;31;26;37m▓[0m[48;2;111;100;113m[38;2;111;100;113m%[0m[48;2;158;140;155m[38;2;158;140;155m+[0m[48;2;158;141;154m[38;2;158;141;154m+[0m[48;2;50;40;48m[38;2;50;40;48m▒[0m[48;2;83;76;84m[38;2;83;76;84m@[0m[48;2;126;124;126m[38;2;126;124;126m#[0m                                   
                                      [48;2;109;108;109m[38;2;109;108;109m%[0m[48;2;91;82;90m[38;2;91;82;90m@[0m[48;2;159;141;155m[38;2;159;141;155m+[0m[48;2;100;85;97m[38;2;100;85;97m@[0m[48;2;28;23;34m[38;2;28;23;34m▓[0m[48;2;41;43;59m[38;2;41;43;59m▒[0m[48;2;40;44;59m[38;2;40;44;59m▒[0m[48;2;40;44;59m[38;2;40;44;59m▒[0m[48;2;40;44;59m[38;2;40;44;59m▒[0m[48;2;40;44;59m[38;2;40;44;59m▒[0m[48;2;40;44;59m[38;2;40;44;59m▒[0m[48;2;40;44;59m[38;2;40;44;59m▒[0m[48;2;40;44;59m[38;2;40;44;59m▒[0m[48;2;40;44;59m[38;2;40;44;59m▒[0m[48;2;42;43;58m[38;2;42;43;58m▒[0m[48;2;49;49;63m[38;2;49;49;63m▒[0m[48;2;67;66;79m[38;2;67;66;79m░[0m[48;2;59;55;67m[38;2;59;55;67m░[0m[48;2;30;26;36m[38;2;30;26;36m▓[0m[48;2;83;72;84m[38;2;83;72;84m@[0m[48;2;151;134;148m[38;2;151;134;148m*[0m[48;2;161;141;155m[38;2;161;141;155m+[0m[48;2;161;140;155m[38;2;161;140;155m+[0m[48;2;160;140;154m[38;2;160;140;154m+[0m[48;2;81;68;77m[38;2;81;68;77m░[0m[48;2;35;30;35m[38;2;35;30;35m▓[0m[48;2;132;130;132m[38;2;132;130;132m*[0m                                   
                                     [48;2;214;213;213m[38;2;214;213;213m:[0m[48;2;47;43;46m[38;2;47;43;46m▒[0m[48;2;157;141;151m[38;2;157;141;151m+[0m[48;2;160;141;154m[38;2;160;141;154m+[0m[48;2;80;66;77m[38;2;80;66;77m░[0m[48;2;29;22;31m[38;2;29;22;31m▓[0m[48;2;32;29;42m[38;2;32;29;42m▓[0m[48;2;42;43;59m[38;2;42;43;59m▒[0m[48;2;41;44;59m[38;2;41;44;59m▒[0m[48;2;40;44;59m[38;2;40;44;59m▒[0m[48;2;40;44;59m[38;2;40;44;59m▒[0m[48;2;41;43;59m[38;2;41;43;59m▒[0m[48;2;45;45;60m[38;2;45;45;60m▒[0m[48;2;60;60;75m[38;2;60;60;75m░[0m[48;2;49;48;63m[38;2;49;48;63m▒[0m[48;2;61;58;69m[38;2;61;58;69m░[0m[48;2;42;38;48m[38;2;42;38;48m▒[0m[48;2;45;38;48m[38;2;45;38;48m▒[0m[48;2;97;83;96m[38;2;97;83;96m@[0m[48;2;151;133;147m[38;2;151;133;147m*[0m[48;2;161;140;155m[38;2;161;140;155m+[0m[48;2;161;140;155m[38;2;161;140;155m+[0m[48;2;161;140;155m[38;2;161;140;155m+[0m[48;2;161;140;155m[38;2;161;140;155m+[0m[48;2;161;140;155m[38;2;161;140;155m+[0m[48;2;92;80;89m[38;2;92;80;89m@[0m[48;2;16;13;16m[38;2;16;13;16m█[0m[48;2;196;194;196m[38;2;196;194;196m-[0m                                   
                                     [48;2;97;96;97m[38;2;97;96;97m%[0m[48;2;122;109;118m[38;2;122;109;118m#[0m[48;2;161;142;155m[38;2;161;142;155m+[0m[48;2;161;141;155m[38;2;161;141;155m+[0m[48;2;103;87;100m[38;2;103;87;100m%[0m[48;2;83;73;82m[38;2;83;73;82m@[0m[48;2;58;49;59m[38;2;58;49;59m▒[0m[48;2;28;22;35m[38;2;28;22;35m▓[0m[48;2;42;39;55m[38;2;42;39;55m▒[0m[48;2;43;44;59m[38;2;43;44;59m▒[0m[48;2;55;56;70m[38;2;55;56;70m░[0m[48;2;66;64;75m[38;2;66;64;75m░[0m[48;2;59;56;64m[38;2;59;56;64m░[0m[48;2;27;24;34m[38;2;27;24;34m▓[0m[48;2;46;39;51m[38;2;46;39;51m▒[0m[48;2;88;76;88m[38;2;88;76;88m@[0m[48;2;135;120;133m[38;2;135;120;133m#[0m[48;2;159;141;154m[38;2;159;141;154m+[0m[48;2;159;140;154m[38;2;159;140;154m+[0m[48;2;156;136;150m[38;2;156;136;150m*[0m[48;2;161;140;155m[38;2;161;140;155m+[0m[48;2;161;140;155m[38;2;161;140;155m+[0m[48;2;161;140;155m[38;2;161;140;155m+[0m[48;2;161;140;155m[38;2;161;140;155m+[0m[48;2;161;140;155m[38;2;161;140;155m+[0m[48;2;64;53;62m[38;2;64;53;62m░[0m[48;2;148;146;147m[38;2;148;146;147m+[0m[48;2;154;153;154m[38;2;154;153;154m+[0m[48;2;177;177;177m[38;2;177;177;177m=[0m[48;2;204;204;204m[38;2;204;204;204m:[0m                                 
                                     [48;2;40;36;39m[38;2;40;36;39m▒[0m[48;2;158;140;153m[38;2;158;140;153m+[0m[48;2;161;140;155m[38;2;161;140;155m+[0m[48;2;161;140;155m[38;2;161;140;155m+[0m[48;2;157;138;152m[38;2;157;138;152m*[0m[48;2;49;37;47m[38;2;49;37;47m▒[0m[48;2;102;89;100m[38;2;102;89;100m%[0m[48;2;100;87;97m[38;2;100;87;97m%[0m[48;2;85;73;84m[38;2;85;73;84m@[0m[48;2;73;62;72m[38;2;73;62;72m░[0m[48;2;32;23;32m[38;2;32;23;32m▓[0m[48;2;79;70;80m[38;2;79;70;80m@[0m[48;2;110;96;109m[38;2;110;96;109m%[0m[48;2;144;129;142m[38;2;144;129;142m*[0m[48;2;159;141;154m[38;2;159;141;154m+[0m[48;2;142;124;137m[38;2;142;124;137m*[0m[48;2;111;94;107m[38;2;111;94;107m%[0m[48;2;79;64;76m[38;2;79;64;76m░[0m[48;2;72;59;71m[38;2;72;59;71m░[0m[48;2;111;96;108m[38;2;111;96;108m%[0m[48;2;161;140;155m[38;2;161;140;155m+[0m[48;2;161;140;155m[38;2;161;140;155m+[0m[48;2;161;140;155m[38;2;161;140;155m+[0m[48;2;161;140;155m[38;2;161;140;155m+[0m[48;2;142;123;136m[38;2;142;123;136m*[0m[48;2;14;8;14m[38;2;14;8;14m█[0m[48;2;19;17;21m[38;2;19;17;21m█[0m[48;2;195;193;196m[38;2;195;193;196m-[0m[48;2;65;63;65m[38;2;65;63;65m░[0m[48;2;39;37;39m[38;2;39;37;39m▒[0m[48;2;171;171;171m[38;2;171;171;171m=[0m                                
                                    [48;2;226;226;226m[38;2;226;226;226m.[0m[48;2;46;42;45m[38;2;46;42;45m▒[0m[48;2;159;142;154m[38;2;159;142;154m+[0m[48;2;161;140;155m[38;2;161;140;155m+[0m[48;2;161;140;155m[38;2;161;140;155m+[0m[48;2;161;140;155m[38;2;161;140;155m+[0m[48;2;144;128;141m[38;2;144;128;141m*[0m[48;2;45;32;43m[38;2;45;32;43m▒[0m[48;2;25;16;25m[38;2;25;16;25m▓[0m[48;2;104;95;103m[38;2;104;95;103m%[0m[48;2;31;23;30m[38;2;31;23;30m▓[0m[48;2;40;33;39m[38;2;40;33;39m▓[0m[48;2;87;77;85m[38;2;87;77;85m@[0m[48;2;81;68;80m[38;2;81;68;80m@[0m[48;2;78;64;77m[38;2;78;64;77m░[0m[48;2;78;64;76m[38;2;78;64;76m░[0m[48;2;95;80;92m[38;2;95;80;92m@[0m[48;2;127;109;123m[38;2;127;109;123m#[0m[48;2;156;137;151m[38;2;156;137;151m*[0m[48;2;161;140;155m[38;2;161;140;155m+[0m[48;2;161;140;155m[38;2;161;140;155m+[0m[48;2;161;140;155m[38;2;161;140;155m+[0m[48;2;161;140;155m[38;2;161;140;155m+[0m[48;2;161;140;155m[38;2;161;140;155m+[0m[48;2;160;140;155m[38;2;160;140;155m+[0m[48;2;58;46;56m[38;2;58;46;56m▒[0m[48;2;26;22;32m[38;2;26;22;32m▓[0m[48;2;19;15;26m[38;2;19;15;26m█[0m[48;2;174;171;175m[38;2;174;171;175m=[0m[48;2;223;222;223m[38;2;223;222;223m.[0m[48;2;41;40;40m[38;2;41;40;40m▒[0m                                 
                                    [48;2;233;233;233m[38;2;233;233;233m.[0m[48;2;44;40;43m[38;2;44;40;43m▒[0m[48;2;160;142;154m[38;2;160;142;154m+[0m[48;2;161;140;155m[38;2;161;140;155m+[0m[48;2;161;140;155m[38;2;161;140;155m+[0m[48;2;161;140;155m[38;2;161;140;155m+[0m[48;2;161;140;155m[38;2;161;140;155m+[0m[48;2;157;138;152m[38;2;157;138;152m*[0m[48;2;57;47;55m[38;2;57;47;55m▒[0m[48;2;8;3;9m[38;2;8;3;9m█[0m[48;2;10;6;12m[38;2;10;6;12m█[0m[48;2;28;23;29m[38;2;28;23;29m▓[0m[48;2;74;67;74m[38;2;74;67;74m░[0m[48;2;123;109;121m[38;2;123;109;121m#[0m[48;2;159;140;154m[38;2;159;140;154m+[0m[48;2;161;140;155m[38;2;161;140;155m+[0m[48;2;161;140;155m[38;2;161;140;155m+[0m[48;2;161;140;155m[38;2;161;140;155m+[0m[48;2;161;140;155m[38;2;161;140;155m+[0m[48;2;161;140;155m[38;2;161;140;155m+[0m[48;2;161;140;155m[38;2;161;140;155m+[0m[48;2;161;140;155m[38;2;161;140;155m+[0m[48;2;161;140;155m[38;2;161;140;155m+[0m[48;2;161;140;155m[38;2;161;140;155m+[0m[48;2;152;131;146m[38;2;152;131;146m*[0m[48;2;48;37;47m[38;2;48;37;47m▒[0m[48;2;24;19;29m[38;2;24;19;29m▓[0m[48;2;26;22;34m[38;2;26;22;34m▓[0m[48;2;116;113;118m[38;2;116;113;118m#[0m[48;2;199;198;199m[38;2;199;198;199m-[0m[48;2;53;53;53m[38;2;53;53;53m▒[0m[48;2;122;122;122m[38;2;122;122;122m#[0m[48;2;147;147;147m[38;2;147;147;147m+[0m[48;2;162;162;162m[38;2;162;162;162m+[0m[48;2;197;197;197m[38;2;197;197;197m-[0m[48;2;239;239;239m[38;2;239;239;239m [0m                            
                                    [48;2;185;185;185m[38;2;185;185;185m-[0m[48;2;14;10;12m[38;2;14;10;12m█[0m[48;2;142;126;138m[38;2;142;126;138m*[0m[48;2;161;140;155m[38;2;161;140;155m+[0m[48;2;161;140;155m[38;2;161;140;155m+[0m[48;2;161;140;155m[38;2;161;140;155m+[0m[48;2;161;140;155m[38;2;161;140;155m+[0m[48;2;160;140;155m[38;2;160;140;155m+[0m[48;2;55;43;53m[38;2;55;43;53m▒[0m[48;2;31;25;35m[38;2;31;25;35m▓[0m[48;2;4;2;8m[38;2;4;2;8m█[0m[48;2;15;15;19m[38;2;15;15;19m█[0m[48;2;17;16;21m[38;2;17;16;21m█[0m[48;2;49;42;50m[38;2;49;42;50m▒[0m[48;2;155;138;151m[38;2;155;138;151m*[0m[48;2;161;140;155m[38;2;161;140;155m+[0m[48;2;161;140;155m[38;2;161;140;155m+[0m[48;2;161;140;155m[38;2;161;140;155m+[0m[48;2;161;140;155m[38;2;161;140;155m+[0m[48;2;161;140;155m[38;2;161;140;155m+[0m[48;2;161;140;155m[38;2;161;140;155m+[0m[48;2;161;140;155m[38;2;161;140;155m+[0m[48;2;161;140;155m[38;2;161;140;155m+[0m[48;2;161;140;155m[38;2;161;140;155m+[0m[48;2;161;140;155m[38;2;161;140;155m+[0m[48;2;152;133;147m[38;2;152;133;147m*[0m[48;2;33;24;34m[38;2;33;24;34m▓[0m[48;2;21;16;26m[38;2;21;16;26m▓[0m[48;2;102;99;105m[38;2;102;99;105m%[0m[48;2;150;147;150m[38;2;150;147;150m+[0m[48;2;42;39;41m[38;2;42;39;41m▒[0m[48;2;85;83;85m[38;2;85;83;85m@[0m[48;2;97;96;96m[38;2;97;96;96m%[0m[48;2;55;55;55m[38;2;55;55;55m░[0m[48;2;41;41;41m[38;2;41;41;41m▒[0m[48;2;62;62;62m[38;2;62;62;62m░[0m[48;2;85;82;84m[38;2;85;82;84m@[0m[48;2;149;147;149m[38;2;149;147;149m+[0m                          
                                     [48;2;201;200;200m[38;2;201;200;200m-[0m[48;2;54;47;52m[38;2;54;47;52m▒[0m[48;2;152;134;147m[38;2;152;134;147m*[0m[48;2;161;140;155m[38;2;161;140;155m+[0m[48;2;161;140;155m[38;2;161;140;155m+[0m[48;2;161;140;155m[38;2;161;140;155m+[0m[48;2;161;140;155m[38;2;161;140;155m+[0m[48;2;97;82;93m[38;2;97;82;93m@[0m[48;2;36;28;36m[38;2;36;28;36m▓[0m[48;2;11;7;13m[38;2;11;7;13m█[0m[48;2;10;8;14m[38;2;10;8;14m█[0m[48;2;20;17;23m[38;2;20;17;23m▓[0m[48;2;12;7;13m[38;2;12;7;13m█[0m[48;2;73;60;71m[38;2;73;60;71m░[0m[48;2;160;141;155m[38;2;160;141;155m+[0m[48;2;161;140;155m[38;2;161;140;155m+[0m[48;2;161;140;155m[38;2;161;140;155m+[0m[48;2;161;140;155m[38;2;161;140;155m+[0m[48;2;161;140;155m[38;2;161;140;155m+[0m[48;2;161;140;155m[38;2;161;140;155m+[0m[48;2;161;140;155m[38;2;161;140;155m+[0m[48;2;161;140;155m[38;2;161;140;155m+[0m[48;2;161;140;155m[38;2;161;140;155m+[0m[48;2;161;140;155m[38;2;161;140;155m+[0m[48;2;160;139;154m[38;2;160;139;154m+[0m[48;2;145;126;140m[38;2;145;126;140m*[0m[48;2;61;50;61m[38;2;61;50;61m▒[0m[48;2;56;51;57m[38;2;56;51;57m▒[0m[48;2;33;29;33m[38;2;33;29;33m▓[0m[48;2;128;124;128m[38;2;128;124;128m#[0m[48;2;199;195;200m[38;2;199;195;200m-[0m[48;2;187;185;188m[38;2;187;185;188m-[0m[48;2;178;176;179m[38;2;178;176;179m=[0m[48;2;83;79;83m[38;2;83;79;83m@[0m[48;2;86;79;85m[38;2;86;79;85m@[0m[48;2;154;138;149m[38;2;154;138;149m*[0m[48;2;104;89;99m[38;2;104;89;99m%[0m[48;2;116;109;114m[38;2;116;109;114m#[0m                         
                                      [48;2;153;151;153m[38;2;153;151;153m+[0m[48;2;29;23;28m[38;2;29;23;28m▓[0m[48;2;106;95;104m[38;2;106;95;104m%[0m[48;2;156;139;152m[38;2;156;139;152m*[0m[48;2;161;140;155m[38;2;161;140;155m+[0m[48;2;161;140;155m[38;2;161;140;155m+[0m[48;2;161;140;155m[38;2;161;140;155m+[0m[48;2;156;139;152m[38;2;156;139;152m*[0m[48;2;60;48;59m[38;2;60;48;59m▒[0m[48;2;35;27;36m[38;2;35;27;36m▓[0m[48;2;22;15;24m[38;2;22;15;24m█[0m[48;2;78;70;79m[38;2;78;70;79m@[0m[48;2;72;61;72m[38;2;72;61;72m░[0m[48;2;78;65;77m[38;2;78;65;77m░[0m[48;2;110;95;108m[38;2;110;95;108m%[0m[48;2;146;128;142m[38;2;146;128;142m*[0m[48;2;160;141;155m[38;2;160;141;155m+[0m[48;2;161;140;155m[38;2;161;140;155m+[0m[48;2;161;140;155m[38;2;161;140;155m+[0m[48;2;161;140;155m[38;2;161;140;155m+[0m[48;2;161;140;155m[38;2;161;140;155m+[0m[48;2;161;140;155m[38;2;161;140;155m+[0m[48;2;161;140;155m[38;2;161;140;155m+[0m[48;2;161;140;155m[38;2;161;140;155m+[0m[48;2;161;140;155m[38;2;161;140;155m+[0m[48;2;161;140;155m[38;2;161;140;155m+[0m[48;2;151;133;146m[38;2;151;133;146m*[0m[48;2;131;117;128m[38;2;131;117;128m#[0m[48;2;118;104;115m[38;2;118;104;115m%[0m[48;2;106;94;103m[38;2;106;94;103m%[0m[48;2;110;100;108m[38;2;110;100;108m%[0m[48;2;110;101;108m[38;2;110;101;108m%[0m[48;2;133;121;130m[38;2;133;121;130m#[0m[48;2;150;137;147m[38;2;150;137;147m*[0m[48;2;135;120;131m[38;2;135;120;131m#[0m[48;2;83;70;79m[38;2;83;70;79m@[0m[48;2;36;29;35m[38;2;36;29;35m▓[0m[48;2;196;194;196m[38;2;196;194;196m-[0m                        
                                       [48;2;74;72;73m[38;2;74;72;73m░[0m[48;2;82;78;81m[38;2;82;78;81m@[0m[48;2;60;54;59m[38;2;60;54;59m░[0m[48;2;146;132;143m[38;2;146;132;143m*[0m[48;2;161;140;155m[38;2;161;140;155m+[0m[48;2;161;140;155m[38;2;161;140;155m+[0m[48;2;161;140;155m[38;2;161;140;155m+[0m[48;2;161;140;155m[38;2;161;140;155m+[0m[48;2;160;140;155m[38;2;160;140;155m+[0m[48;2;147;129;143m[38;2;147;129;143m*[0m[48;2;77;63;75m[38;2;77;63;75m░[0m[48;2;74;63;74m[38;2;74;63;74m░[0m[48;2;60;53;62m[38;2;60;53;62m░[0m[48;2;13;7;13m[38;2;13;7;13m█[0m[48;2;22;16;23m[38;2;22;16;23m▓[0m[48;2;109;95;107m[38;2;109;95;107m%[0m[48;2;161;140;155m[38;2;161;140;155m+[0m[48;2;124;103;118m[38;2;124;103;118m#[0m[48;2;153;134;148m[38;2;153;134;148m*[0m[48;2;161;140;155m[38;2;161;140;155m+[0m[48;2;161;140;155m[38;2;161;140;155m+[0m[48;2;154;134;149m[38;2;154;134;149m*[0m[48;2;158;138;153m[38;2;158;138;153m*[0m[48;2;160;140;155m[38;2;160;140;155m+[0m[48;2;161;140;155m[38;2;161;140;155m+[0m[48;2;161;140;155m[38;2;161;140;155m+[0m[48;2;160;141;155m[38;2;160;141;155m+[0m[48;2;136;119;132m[38;2;136;119;132m#[0m[48;2;86;71;83m[38;2;86;71;83m@[0m[48;2;81;68;78m[38;2;81;68;78m░[0m[48;2;81;68;78m[38;2;81;68;78m░[0m[48;2;81;68;78m[38;2;81;68;78m░[0m[48;2;86;73;82m[38;2;86;73;82m@[0m[48;2;101;89;98m[38;2;101;89;98m%[0m[48;2;127;115;124m[38;2;127;115;124m#[0m[48;2;103;94;102m[38;2;103;94;102m%[0m[48;2;103;98;103m[38;2;103;98;103m%[0m                        
                                        [48;2;144;144;144m[38;2;144;144;144m*[0m[48;2;122;121;122m[38;2;122;121;122m#[0m[48;2;62;60;63m[38;2;62;60;63m░[0m[48;2;94;80;90m[38;2;94;80;90m@[0m[48;2;152;133;147m[38;2;152;133;147m*[0m[48;2;161;140;155m[38;2;161;140;155m+[0m[48;2;161;140;155m[38;2;161;140;155m+[0m[48;2;161;140;155m[38;2;161;140;155m+[0m[48;2;161;140;155m[38;2;161;140;155m+[0m[48;2;161;141;155m[38;2;161;141;155m+[0m[48;2;153;135;149m[38;2;153;135;149m*[0m[48;2;127;110;123m[38;2;127;110;123m#[0m[48;2;117;102;114m[38;2;117;102;114m%[0m[48;2;153;137;150m[38;2;153;137;150m*[0m[48;2;159;140;154m[38;2;159;140;154m+[0m[48;2;161;140;155m[38;2;161;140;155m+[0m[48;2;129;109;123m[38;2;129;109;123m#[0m[48;2;76;61;73m[38;2;76;61;73m░[0m[48;2;78;64;76m[38;2;78;64;76m░[0m[48;2;81;68;79m[38;2;81;68;79m░[0m[48;2;46;35;46m[38;2;46;35;46m▒[0m[48;2;17;8;17m[38;2;17;8;17m█[0m[48;2;34;26;34m[38;2;34;26;34m▓[0m[48;2;44;36;44m[38;2;44;36;44m▒[0m[48;2;55;45;54m[38;2;55;45;54m▒[0m[48;2;69;58;67m[38;2;69;58;67m░[0m[48;2;74;62;71m[38;2;74;62;71m░[0m[48;2;77;64;75m[38;2;77;64;75m░[0m[48;2;79;66;78m[38;2;79;66;78m░[0m[48;2;78;66;78m[38;2;78;66;78m░[0m[48;2;71;62;72m[38;2;71;62;72m░[0m[48;2;60;51;59m[38;2;60;51;59m▒[0m[48;2;88;81;88m[38;2;88;81;88m@[0m[48;2;95;89;96m[38;2;95;89;96m%[0m[48;2;108;103;109m[38;2;108;103;109m%[0m[48;2;234;231;235m[38;2;234;231;235m.[0m                        
                                         [48;2;190;190;191m[38;2;190;190;191m-[0m[48;2;13;10;15m[38;2;13;10;15m█[0m[48;2;14;10;18m[38;2;14;10;18m█[0m[48;2;18;12;24m[38;2;18;12;24m█[0m[48;2;78;65;83m[38;2;78;65;83m░[0m[48;2;127;110;122m[38;2;127;110;122m#[0m[48;2;156;137;151m[38;2;156;137;151m*[0m[48;2;161;140;155m[38;2;161;140;155m+[0m[48;2;161;140;155m[38;2;161;140;155m+[0m[48;2;161;140;155m[38;2;161;140;155m+[0m[48;2;161;140;155m[38;2;161;140;155m+[0m[48;2;102;84;98m[38;2;102;84;98m@[0m[48;2;75;61;72m[38;2;75;61;72m░[0m[48;2;117;102;112m[38;2;117;102;112m%[0m[48;2;140;122;136m[38;2;140;122;136m*[0m[48;2;157;138;152m[38;2;157;138;152m*[0m[48;2;159;141;155m[38;2;159;141;155m+[0m[48;2;159;141;155m[38;2;159;141;155m+[0m[48;2;158;140;154m[38;2;158;140;154m+[0m[48;2;152;135;148m[38;2;152;135;148m*[0m[48;2;150;133;146m[38;2;150;133;146m*[0m[48;2;149;132;146m[38;2;149;132;146m*[0m[48;2;152;135;148m[38;2;152;135;148m*[0m[48;2;154;136;150m[38;2;154;136;150m*[0m[48;2;158;140;153m[38;2;158;140;153m+[0m[48;2;160;141;153m[38;2;160;141;153m+[0m[48;2;156;138;151m[38;2;156;138;151m*[0m[48;2;129;115;127m[38;2;129;115;127m#[0m[48;2;89;78;88m[38;2;89;78;88m@[0m[48;2;80;73;80m[38;2;80;73;80m@[0m[48;2;173;168;173m[38;2;173;168;173m=[0m                            
                                        [48;2;223;223;223m[38;2;223;223;223m.[0m[48;2;30;28;33m[38;2;30;28;33m▓[0m[48;2;34;30;44m[38;2;34;30;44m▓[0m[48;2;22;18;33m[38;2;22;18;33m▓[0m[48;2;9;4;20m[38;2;9;4;20m█[0m[48;2;82;70;134m[38;2;82;70;134m@[0m[48;2;68;60;106m[38;2;68;60;106m░[0m[48;2;36;27;74m[38;2;36;27;74m▓[0m[48;2;41;35;47m[38;2;41;35;47m▒[0m[48;2;71;63;82m[38;2;71;63;82m░[0m[48;2;95;85;98m[38;2;95;85;98m@[0m[48;2;119;106;119m[38;2;119;106;119m#[0m[48;2;138;123;135m[38;2;138;123;135m*[0m[48;2;143;130;142m[38;2;143;130;142m*[0m[48;2;104;94;103m[38;2;104;94;103m%[0m[48;2;60;51;60m[38;2;60;51;60m▒[0m[48;2;29;22;30m[38;2;29;22;30m▓[0m[48;2;30;24;32m[38;2;30;24;32m▓[0m[48;2;46;39;47m[38;2;46;39;47m▒[0m[48;2;62;53;62m[38;2;62;53;62m░[0m[48;2;71;62;71m[38;2;71;62;71m░[0m[48;2;77;67;76m[38;2;77;67;76m░[0m[48;2;80;69;78m[38;2;80;69;78m@[0m[48;2;77;68;76m[38;2;77;68;76m░[0m[48;2;70;60;69m[38;2;70;60;69m░[0m[48;2;56;47;57m[38;2;56;47;57m▒[0m[48;2;39;31;40m[38;2;39;31;40m▓[0m[48;2;84;76;84m[38;2;84;76;84m@[0m[48;2;155;150;155m[38;2;155;150;155m+[0m[48;2;218;215;219m[38;2;218;215;219m:[0m                              
                                        [48;2;74;73;78m[38;2;74;73;78m@[0m[48;2;29;25;38m[38;2;29;25;38m▓[0m[48;2;37;32;51m[38;2;37;32;51m▓[0m[48;2;37;32;50m[38;2;37;32;50m▓[0m[48;2;11;6;20m[38;2;11;6;20m█[0m[48;2;87;73;143m[38;2;87;73;143m@[0m[48;2;94;83;148m[38;2;94;83;148m%[0m[48;2;73;58;150m[38;2;73;58;150m░[0m[48;2;7;3;28m[38;2;7;3;28m█[0m[48;2;49;38;106m[38;2;49;38;106m▒[0m[48;2;69;56;140m[38;2;69;56;140m░[0m[48;2;54;40;134m[38;2;54;40;134m░[0m[48;2;46;37;99m[38;2;46;37;99m▒[0m[48;2;38;26;105m[38;2;38;26;105m▒[0m[48;2;48;41;74m[38;2;48;41;74m▒[0m[48;2;31;23;52m[38;2;31;23;52m▓[0m[48;2;32;28;36m[38;2;32;28;36m▓[0m[48;2;33;30;37m[38;2;33;30;37m▓[0m[48;2;15;12;20m[38;2;15;12;20m█[0m[48;2;12;8;18m[38;2;12;8;18m█[0m[48;2;11;8;18m[38;2;11;8;18m█[0m[48;2;11;8;18m[38;2;11;8;18m█[0m[48;2;12;9;19m[38;2;12;9;19m█[0m[48;2;14;10;22m[38;2;14;10;22m█[0m[48;2;18;14;28m[38;2;18;14;28m█[0m[48;2;23;18;35m[38;2;23;18;35m▓[0m[48;2;28;23;41m[38;2;28;23;41m▓[0m[48;2;24;19;36m[38;2;24;19;36m▓[0m[48;2;42;38;48m[38;2;42;38;48m▒[0m[48;2;101;98;105m[38;2;101;98;105m%[0m[48;2;181;180;182m[38;2;181;180;182m=[0m                             
                                       [48;2;180;180;180m[38;2;180;180;180m=[0m[48;2;17;16;23m[38;2;17;16;23m█[0m[48;2;37;32;50m[38;2;37;32;50m▓[0m[48;2;37;31;52m[38;2;37;31;52m▓[0m[48;2;37;31;50m[38;2;37;31;50m▓[0m[48;2;13;9;23m[38;2;13;9;23m█[0m[48;2;77;66;126m[38;2;77;66;126m@[0m[48;2;86;74;151m[38;2;86;74;151m@[0m[48;2;83;71;152m[38;2;83;71;152m@[0m[48;2;17;9;71m[38;2;17;9;71m▓[0m[48;2;75;73;81m[38;2;75;73;81m@[0m[48;2;39;28;89m[38;2;39;28;89m▒[0m[48;2;80;66;155m[38;2;80;66;155m@[0m[48;2;75;62;162m[38;2;75;62;162m@[0m[48;2;78;66;162m[38;2;78;66;162m@[0m[48;2;71;54;166m[38;2;71;54;166m░[0m[48;2;42;34;81m[38;2;42;34;81m▒[0m[48;2;23;21;32m[38;2;23;21;32m▓[0m[48;2;36;32;42m[38;2;36;32;42m▓[0m[48;2;38;33;50m[38;2;38;33;50m▓[0m[48;2;37;32;50m[38;2;37;32;50m▓[0m[48;2;37;31;52m[38;2;37;31;52m▓[0m[48;2;37;31;52m[38;2;37;31;52m▓[0m[48;2;37;31;52m[38;2;37;31;52m▓[0m[48;2;37;31;52m[38;2;37;31;52m▓[0m[48;2;37;31;52m[38;2;37;31;52m▓[0m[48;2;37;31;52m[38;2;37;31;52m▓[0m[48;2;37;31;52m[38;2;37;31;52m▓[0m[48;2;37;31;52m[38;2;37;31;52m▓[0m[48;2;37;31;52m[38;2;37;31;52m▓[0m[48;2;36;30;50m[38;2;36;30;50m▓[0m[48;2;26;21;38m[38;2;26;21;38m▓[0m[48;2;39;35;46m[38;2;39;35;46m▒[0m[48;2;131;130;134m[38;2;131;130;134m*[0m[48;2;236;236;236m[38;2;236;236;236m.[0m                          
                                       [48;2;73;73;73m[38;2;73;73;73m░[0m[48;2;30;28;41m[38;2;30;28;41m▓[0m[48;2;37;31;52m[38;2;37;31;52m▓[0m[48;2;37;31;52m[38;2;37;31;52m▓[0m[48;2;37;31;52m[38;2;37;31;52m▓[0m[48;2;28;23;41m[38;2;28;23;41m▓[0m[48;2;25;21;37m[38;2;25;21;37m▓[0m[48;2;37;31;55m[38;2;37;31;55m▓[0m[48;2;43;38;64m[38;2;43;38;64m▒[0m[48;2;19;12;59m[38;2;19;12;59m▓[0m[48;2;109;108;113m[38;2;109;108;113m%[0m[48;2;163;162;166m[38;2;163;162;166m+[0m[48;2;43;38;64m[38;2;43;38;64m▒[0m[48;2;60;50;122m[38;2;60;50;122m░[0m[48;2;51;43;101m[38;2;51;43;101m▒[0m[48;2;74;72;82m[38;2;74;72;82m@[0m[48;2;132;130;136m[38;2;132;130;136m*[0m[48;2;45;43;49m[38;2;45;43;49m▒[0m[48;2;49;45;54m[38;2;49;45;54m▒[0m[48;2;62;58;72m[38;2;62;58;72m░[0m[48;2;53;48;64m[38;2;53;48;64m▒[0m[48;2;37;32;51m[38;2;37;32;51m▓[0m[48;2;37;31;52m[38;2;37;31;52m▓[0m[48;2;37;31;52m[38;2;37;31;52m▓[0m[48;2;37;31;52m[38;2;37;31;52m▓[0m[48;2;37;31;52m[38;2;37;31;52m▓[0m[48;2;37;31;52m[38;2;37;31;52m▓[0m[48;2;37;31;52m[38;2;37;31;52m▓[0m[48;2;37;31;52m[38;2;37;31;52m▓[0m[48;2;37;31;52m[38;2;37;31;52m▓[0m[48;2;37;31;52m[38;2;37;31;52m▓[0m[48;2;37;31;52m[38;2;37;31;52m▓[0m[48;2;37;31;52m[38;2;37;31;52m▓[0m[48;2;32;27;45m[38;2;32;27;45m▓[0m[48;2;32;28;39m[38;2;32;28;39m▓[0m[48;2;150;149;152m[38;2;150;149;152m+[0m                         
                                       [48;2;18;18;19m[38;2;18;18;19m█[0m[48;2;36;32;50m[38;2;36;32;50m▓[0m[48;2;37;31;52m[38;2;37;31;52m▓[0m[48;2;37;31;52m[38;2;37;31;52m▓[0m[48;2;37;31;52m[38;2;37;31;52m▓[0m[48;2;37;31;52m[38;2;37;31;52m▓[0m[48;2;37;31;52m[38;2;37;31;52m▓[0m[48;2;37;31;51m[38;2;37;31;51m▓[0m[48;2;67;62;79m[38;2;67;62;79m░[0m[48;2;25;22;31m[38;2;25;22;31m▓[0m[48;2;5;2;9m[38;2;5;2;9m█[0m[48;2;111;111;113m[38;2;111;111;113m#[0m[48;2;215;214;216m[38;2;215;214;216m:[0m[48;2;148;147;151m[38;2;148;147;151m+[0m[48;2;26;24;29m[38;2;26;24;29m▓[0m[48;2;119;116;122m[38;2;119;116;122m#[0m[48;2;218;217;222m[38;2;218;217;222m:[0m[48;2;240;239;244m[38;2;240;239;244m [0m[48;2;120;117;123m[38;2;120;117;123m#[0m[48;2;34;31;38m[38;2;34;31;38m▓[0m[48;2;35;32;40m[38;2;35;32;40m▓[0m[48;2;56;52;64m[38;2;56;52;64m▒[0m[48;2;62;58;72m[38;2;62;58;72m░[0m[48;2;46;42;57m[38;2;46;42;57m▒[0m[48;2;37;31;52m[38;2;37;31;52m▓[0m[48;2;37;31;52m[38;2;37;31;52m▓[0m[48;2;37;31;52m[38;2;37;31;52m▓[0m[48;2;37;31;52m[38;2;37;31;52m▓[0m[48;2;37;31;52m[38;2;37;31;52m▓[0m[48;2;37;31;52m[38;2;37;31;52m▓[0m[48;2;37;31;52m[38;2;37;31;52m▓[0m[48;2;37;31;52m[38;2;37;31;52m▓[0m[48;2;37;31;52m[38;2;37;31;52m▓[0m[48;2;37;31;52m[38;2;37;31;52m▓[0m[48;2;37;31;51m[38;2;37;31;51m▓[0m[48;2;24;20;36m[38;2;24;20;36m▓[0m[48;2;90;87;93m[38;2;90;87;93m@[0m                        