                                                                                                              
                                                                                                              
                                                                                                              
                                                                                                              
                                                                                                              
                                                                                                              
                                                                                                              
                                                                                                              
                                                                                                              
                                                                                                              
                                                                                                              
                                                                                                              
                                                                                                              
                                                   [48;2;186;186;187m[38;2;186;186;187m-[0m[48;2;130;129;131m[38;2;130;129;131m*[0m[48;2;93;92;96m[38;2;93;92;96m%[0m[48;2;67;65;70m[38;2;67;65;70m░[0m[48;2;57;56;60m[38;2;57;56;60m░[0m[48;2;53;52;56m[38;2;53;52;56m▒[0m[48;2;57;55;61m[38;2;57;55;61m░[0m[48;2;72;71;75m[38;2;72;71;75m░[0m[48;2;99;98;103m[38;2;99;98;103m%[0m[48;2;143;142;145m[38;2;143;142;145m*[0m[48;2;198;198;199m[38;2;198;198;199m-[0m                                                
                                                [48;2;214;214;215m[38;2;214;214;215m:[0m[48;2;100;99;102m[38;2;100;99;102m%[0m[48;2;30;28;36m[38;2;30;28;36m▓[0m[48;2;28;26;37m[38;2;28;26;37m▓[0m[48;2;39;37;52m[38;2;39;37;52m▒[0m[48;2;46;43;59m[38;2;46;43;59m▒[0m[48;2;46;43;60m[38;2;46;43;60m▒[0m[48;2;46;43;58m[38;2;46;43;58m▒[0m[48;2;46;44;58m[38;2;46;44;58m▒[0m[48;2;45;42;59m[38;2;45;42;59m▒[0m[48;2;45;42;59m[38;2;45;42;59m▒[0m[48;2;43;40;57m[38;2;43;40;57m▒[0m[48;2;38;35;52m[38;2;38;35;52m▒[0m[48;2;28;26;41m[38;2;28;26;41m▓[0m[48;2;35;33;43m[38;2;35;33;43m▓[0m[48;2;100;99;104m[38;2;100;99;104m%[0m[48;2;198;197;200m[38;2;198;197;200m-[0m                                             
                                              [48;2;235;235;235m[38;2;235;235;235m.[0m[48;2;119;118;121m[38;2;119;118;121m#[0m[48;2;25;24;32m[38;2;25;24;32m▓[0m[48;2;38;35;48m[38;2;38;35;48m▒[0m[48;2;45;42;59m[38;2;45;42;59m▒[0m[48;2;43;39;56m[38;2;43;39;56m▒[0m[48;2;34;31;46m[38;2;34;31;46m▓[0m[48;2;28;25;39m[38;2;28;25;39m▓[0m[48;2;29;26;39m[38;2;29;26;39m▓[0m[48;2;42;39;50m[38;2;42;39;50m▒[0m[48;2;45;42;53m[38;2;45;42;53m▒[0m[48;2;24;21;33m[38;2;24;21;33m▓[0m[48;2;46;43;54m[38;2;46;43;54m▒[0m[48;2;65;63;76m[38;2;65;63;76m░[0m[48;2;62;60;73m[38;2;62;60;73m░[0m[48;2;46;45;58m[38;2;46;45;58m▒[0m[48;2;43;42;56m[38;2;43;42;56m▒[0m[48;2;39;37;50m[38;2;39;37;50m▒[0m[48;2;22;20;30m[38;2;22;20;30m▓[0m[48;2;71;69;75m[38;2;71;69;75m░[0m[48;2;204;204;206m[38;2;204;204;206m:[0m                                           
                                             [48;2;189;189;190m[38;2;189;189;190m-[0m[48;2;36;34;40m[38;2;36;34;40m▓[0m[48;2;37;35;47m[38;2;37;35;47m▒[0m[48;2;45;42;57m[38;2;45;42;57m▒[0m[48;2;35;32;46m[38;2;35;32;46m▓[0m[48;2;26;20;30m[38;2;26;20;30m▓[0m[48;2;71;61;71m[38;2;71;61;71m░[0m[48;2;108;95;107m[38;2;108;95;107m%[0m[48;2;136;122;132m[38;2;136;122;132m#[0m[48;2;149;136;145m[38;2;149;136;145m*[0m[48;2;153;139;149m[38;2;153;139;149m*[0m[48;2;146;132;142m[38;2;146;132;142m*[0m[48;2;130;116;126m[38;2;130;116;126m#[0m[48;2;106;93;102m[38;2;106;93;102m%[0m[48;2;79;68;77m[38;2;79;68;77m░[0m[48;2;39;30;37m[38;2;39;30;37m▓[0m[48;2;56;46;53m[38;2;56;46;53m▒[0m[48;2;67;58;64m[38;2;67;58;64m░[0m[48;2;67;59;66m[38;2;67;59;66m░[0m[48;2;54;46;53m[38;2;54;46;53m▒[0m[48;2;24;19;26m[38;2;24;19;26m▓[0m[48;2;10;7;13m[38;2;10;7;13m█[0m[48;2;145;144;148m[38;2;145;144;148m*[0m                                          
                                            [48;2;173;172;174m[38;2;173;172;174m=[0m[48;2;20;19;26m[38;2;20;19;26m▓[0m[48;2;44;42;53m[38;2;44;42;53m▒[0m[48;2;40;39;53m[38;2;40;39;53m▒[0m[48;2;24;19;33m[38;2;24;19;33m▓[0m[48;2;53;45;58m[38;2;53;45;58m▒[0m[48;2;143;128;140m[38;2;143;128;140m*[0m[48;2;159;141;153m[38;2;159;141;153m+[0m[48;2;161;140;155m[38;2;161;140;155m+[0m[48;2;161;141;154m[38;2;161;141;154m+[0m[48;2;115;97;109m[38;2;115;97;109m%[0m[48;2;72;56;67m[38;2;72;56;67m░[0m[48;2;79;63;73m[38;2;79;63;73m░[0m[48;2;87;71;82m[38;2;87;71;82m@[0m[48;2;91;75;85m[38;2;91;75;85m@[0m[48;2;152;136;147m[38;2;152;136;147m*[0m[48;2;155;139;150m[38;2;155;139;150m*[0m[48;2;159;142;153m[38;2;159;142;153m+[0m[48;2;159;142;153m[38;2;159;142;153m+[0m[48;2;149;132;143m[38;2;149;132;143m*[0m[48;2;73;59;68m[38;2;73;59;68m░[0m[48;2;81;70;79m[38;2;81;70;79m@[0m[48;2;89;81;89m[38;2;89;81;89m@[0m[48;2;36;32;38m[38;2;36;32;38m▓[0m[48;2;134;133;136m[38;2;134;133;136m*[0m                                         
                                           [48;2;202;202;202m[38;2;202;202;202m:[0m[48;2;21;20;24m[38;2;21;20;24m▓[0m[48;2;43;41;51m[38;2;43;41;51m▒[0m[48;2;26;24;33m[38;2;26;24;33m▓[0m[48;2;23;19;26m[38;2;23;19;26m▓[0m[48;2;120;106;117m[38;2;120;106;117m#[0m[48;2;160;142;155m[38;2;160;142;155m+[0m[48;2;161;140;155m[38;2;161;140;155m+[0m[48;2;161;140;155m[38;2;161;140;155m+[0m[48;2;161;140;155m[38;2;161;140;155m+[0m[48;2;161;140;155m[38;2;161;140;155m+[0m[48;2;161;140;155m[38;2;161;140;155m+[0m[48;2;161;140;155m[38;2;161;140;155m+[0m[48;2;161;140;155m[38;2;161;140;155m+[0m[48;2;161;140;155m[38;2;161;140;155m+[0m[48;2;161;140;155m[38;2;161;140;155m+[0m[48;2;161;140;155m[38;2;161;140;155m+[0m[48;2;161;140;155m[38;2;161;140;155m+[0m[48;2;161;140;155m[38;2;161;140;155m+[0m[48;2;161;140;155m[38;2;161;140;155m+[0m[48;2;161;140;155m[38;2;161;140;155m+[0m[48;2;159;139;153m[38;2;159;139;153m+[0m[48;2;140;121;134m[38;2;140;121;134m*[0m[48;2;110;95;106m[38;2;110;95;106m%[0m[48;2;115;104;114m[38;2;115;104;114m%[0m[48;2;15;9;14m[38;2;15;9;14m█[0m[48;2;58;54;59m[38;2;58;54;59m░[0m[48;2;96;93;100m[38;2;96;93;100m%[0m[48;2;208;207;208m[38;2;208;207;208m:[0m                                      
                                           [48;2;53;53;55m[38;2;53;53;55m▒[0m[48;2;32;30;39m[38;2;32;30;39m▓[0m[48;2;12;10;19m[38;2;12;10;19m█[0m[48;2;23;17;26m[38;2;23;17;26m▓[0m[48;2;140;124;134m[38;2;140;124;134m*[0m[48;2;160;140;154m[38;2;160;140;154m+[0m[48;2;161;140;155m[38;2;161;140;155m+[0m[48;2;161;140;155m[38;2;161;140;155m+[0m[48;2;161;140;155m[38;2;161;140;155m+[0m[48;2;160;139;154m[38;2;160;139;154m+[0m[48;2;159;138;153m[38;2;159;138;153m*[0m[48;2;159;138;153m[38;2;159;138;153m*[0m[48;2;160;139;154m[38;2;160;139;154m+[0m[48;2;161;140;155m[38;2;161;140;155m+[0m[48;2;161;140;155m[38;2;161;140;155m+[0m[48;2;161;140;155m[38;2;161;140;155m+[0m[48;2;161;140;155m[38;2;161;140;155m+[0m[48;2;161;140;155m[38;2;161;140;155m+[0m[48;2;161;140;155m[38;2;161;140;155m+[0m[48;2;161;140;155m[38;2;161;140;155m+[0m[48;2;161;140;155m[38;2;161;140;155m+[0m[48;2;149;128;143m[38;2;149;128;143m*[0m[48;2;138;117;132m[38;2;138;117;132m#[0m[48;2;161;140;155m[38;2;161;140;155m+[0m[48;2;159;141;155m[38;2;159;141;155m+[0m[48;2;124;111;122m[38;2;124;111;122m#[0m[48;2;14;7;19m[38;2;14;7;19m█[0m[48;2;54;45;74m[38;2;54;45;74m▒[0m[48;2;87;85;87m[38;2;87;85;87m@[0m                                      
                                          [48;2;176;176;176m[38;2;176;176;176m=[0m[48;2;13;11;14m[38;2;13;11;14m█[0m[48;2;24;21;28m[38;2;24;21;28m▓[0m[48;2;19;13;21m[38;2;19;13;21m█[0m[48;2;125;113;122m[38;2;125;113;122m#[0m[48;2;162;142;155m[38;2;162;142;155m+[0m[48;2;161;140;155m[38;2;161;140;155m+[0m[48;2;161;140;155m[38;2;161;140;155m+[0m[48;2;161;140;155m[38;2;161;140;155m+[0m[48;2;131;112;126m[38;2;131;112;126m#[0m[48;2;55;41;53m[38;2;55;41;53m▒[0m[48;2;111;96;109m[38;2;111;96;109m%[0m[48;2;52;38;50m[38;2;52;38;50m▒[0m[48;2;157;142;155m[38;2;157;142;155m+[0m[48;2;97;82;94m[38;2;97;82;94m@[0m[48;2;137;120;133m[38;2;137;120;133m#[0m[48;2;161;140;155m[38;2;161;140;155m+[0m[48;2;161;140;155m[38;2;161;140;155m+[0m[48;2;161;140;155m[38;2;161;140;155m+[0m[48;2;161;140;155m[38;2;161;140;155m+[0m[48;2;148;128;143m[38;2;148;128;143m*[0m[48;2;134;116;130m[38;2;134;116;130m#[0m[48;2;129;113;126m[38;2;129;113;126m#[0m[48;2;53;38;50m[38;2;53;38;50m▒[0m[48;2;160;141;155m[38;2;160;141;155m+[0m[48;2;160;141;155m[38;2;160;141;155m+[0m[48;2;159;141;155m[38;2;159;141;155m+[0m[48;2;95;82;93m[38;2;95;82;93m@[0m[48;2;15;6;16m[38;2;15;6;16m█[0m[48;2;36;30;52m[38;2;36;30;52m▓[0m[48;2;194;193;196m[38;2;194;193;196m-[0m                                     
                                          [48;2;95;95;95m[38;2;95;95;95m%[0m[48;2;12;9;12m[38;2;12;9;12m█[0m[48;2;89;82;89m[38;2;89;82;89m@[0m[48;2;56;47;56m[38;2;56;47;56m▒[0m[48;2;160;143;154m[38;2;160;143;154m+[0m[48;2;162;141;156m[38;2;162;141;156m+[0m[48;2;161;140;155m[38;2;161;140;155m+[0m[48;2;160;140;155m[38;2;160;140;155m+[0m[48;2;147;130;144m[38;2;147;130;144m*[0m[48;2;35;24;35m[38;2;35;24;35m▓[0m[48;2;59;51;61m[38;2;59;51;61m▒[0m[48;2;14;7;16m[38;2;14;7;16m█[0m[48;2;102;92;103m[38;2;102;92;103m%[0m[48;2;105;92;105m[38;2;105;92;105m%[0m[48;2;42;30;41m[38;2;42;30;41m▓[0m[48;2;129;115;128m[38;2;129;115;128m#[0m[48;2;159;140;154m[38;2;159;140;154m+[0m[48;2;161;140;155m[38;2;161;140;155m+[0m[48;2;161;140;155m[38;2;161;140;155m+[0m[48;2;161;140;155m[38;2;161;140;155m+[0m[48;2;111;94;107m[38;2;111;94;107m%[0m[48;2;65;51;63m[38;2;65;51;63m░[0m[48;2;154;140;153m[38;2;154;140;153m*[0m[48;2;56;44;55m[38;2;56;44;55m▒[0m[48;2;122;105;118m[38;2;122;105;118m#[0m[48;2;160;141;155m[38;2;160;141;155m+[0m[48;2;159;141;155m[38;2;159;141;155m+[0m[48;2;154;139;152m[38;2;154;139;152m*[0m[48;2;36;27;35m[38;2;36;27;35m▓[0m[48;2;26;21;34m[38;2;26;21;34m▓[0m[48;2;187;186;188m[38;2;187;186;188m-[0m                                     
                                          [48;2;51;49;50m[38;2;51;49;50m▒[0m[48;2;92;84;90m[38;2;92;84;90m@[0m[48;2;76;68;76m[38;2;76;68;76m░[0m[48;2;102;90;100m[38;2;102;90;100m%[0m[48;2;161;142;154m[38;2;161;142;154m+[0m[48;2;161;140;155m[38;2;161;140;155m+[0m[48;2;161;140;155m[38;2;161;140;155m+[0m[48;2;161;140;155m[38;2;161;140;155m+[0m[48;2;79;67;77m[38;2;79;67;77m░[0m[48;2;8;0;7m[38;2;8;0;7m█[0m[48;2;60;55;60m[38;2;60;55;60m░[0m[48;2;22;17;22m[38;2;22;17;22m▓[0m[48;2;89;83;89m[38;2;89;83;89m@[0m[48;2;28;20;28m[38;2;28;20;28m▓[0m[48;2;22;15;22m[38;2;22;15;22m█[0m[48;2;7;1;7m[38;2;7;1;7m█[0m[48;2;64;54;63m[38;2;64;54;63m░[0m[48;2;154;136;149m[38;2;154;136;149m*[0m[48;2;159;140;154m[38;2;159;140;154m+[0m[48;2;160;141;155m[38;2;160;141;155m+[0m[48;2;131;117;129m[38;2;131;117;129m#[0m[48;2;12;2;11m[38;2;12;2;11m█[0m[48;2;89;77;89m[38;2;89;77;89m@[0m[48;2;133;119;132m[38;2;133;119;132m#[0m[48;2;28;16;27m[38;2;28;16;27m▓[0m[48;2;102;87;100m[38;2;102;87;100m%[0m[48;2;151;137;149m[38;2;151;137;149m*[0m[48;2;133;119;131m[38;2;133;119;131m#[0m[48;2;124;114;123m[38;2;124;114;123m#[0m[48;2;41;37;43m[38;2;41;37;43m▒[0m[48;2;118;116;119m[38;2;118;116;119m#[0m[48;2;214;214;214m[38;2;214;214;214m:[0m                                    
                                         [48;2;235;235;235m[38;2;235;235;235m.[0m[48;2;33;28;31m[38;2;33;28;31m▓[0m[48;2;152;141;149m[38;2;152;141;149m*[0m[48;2;68;59;67m[38;2;68;59;67m░[0m[48;2;113;100;110m[38;2;113;100;110m%[0m[48;2;161;141;154m[38;2;161;141;154m+[0m[48;2;161;140;155m[38;2;161;140;155m+[0m[48;2;161;140;155m[38;2;161;140;155m+[0m[48;2;160;139;154m[38;2;160;139;154m+[0m[48;2;38;26;34m[38;2;38;26;34m▓[0m[48;2;82;75;76m[38;2;82;75;76m@[0m[48;2;211;205;204m[38;2;211;205;204m:[0m[48;2;70;63;69m[38;2;70;63;69m░[0m[48;2;54;30;103m[38;2;54;30;103m▒[0m[48;2;61;30;129m[38;2;61;30;129m▒[0m[48;2;34;14;77m[38;2;34;14;77m▓[0m[48;2;96;88;91m[38;2;96;88;91m@[0m[48;2;152;143;143m[38;2;152;143;143m*[0m[48;2;108;98;99m[38;2;108;98;99m%[0m[48;2;104;93;93m[38;2;104;93;93m%[0m[48;2;105;93;94m[38;2;105;93;94m%[0m[48;2;89;78;82m[38;2;89;78;82m@[0m[48;2;17;5;21m[38;2;17;5;21m█[0m[48;2;32;13;68m[38;2;32;13;68m▓[0m[48;2;46;28;78m[38;2;46;28;78m▒[0m[48;2;21;12;29m[38;2;21;12;29m█[0m[48;2;27;18;28m[38;2;27;18;28m▓[0m[48;2;23;15;23m[38;2;23;15;23m▓[0m[48;2;21;15;21m[38;2;21;15;21m█[0m[48;2;29;24;31m[38;2;29;24;31m▓[0m[48;2;52;47;53m[38;2;52;47;53m▒[0m[48;2;48;42;47m[38;2;48;42;47m▒[0m[48;2;15;11;14m[38;2;15;11;14m█[0m[48;2;137;136;137m[38;2;137;136;137m*[0m                                   
                                         [48;2;182;182;182m[38;2;182;182;182m=[0m[48;2;63;56;61m[38;2;63;56;61m░[0m[48;2;159;143;154m[38;2;159;143;154m+[0m[48;2;89;77;86m[38;2;89;77;86m@[0m[48;2;88;77;86m[38;2;88;77;86m@[0m[48;2;160;141;154m[38;2;160;141;154m+[0m[48;2;161;140;155m[38;2;161;140;155m+[0m[48;2;161;140;155m[38;2;161;140;155m+[0m[48;2;158;138;152m[38;2;158;138;152m*[0m[48;2;39;26;35m[38;2;39;26;35m▓[0m[48;2;242;232;234m[38;2;242;232;234m.[0m[48;2;248;236;233m[38;2;248;236;233m [0m[48;2;51;39;44m[38;2;51;39;44m▒[0m[48;2;180;152;194m[38;2;180;152;194m=[0m[48;2;152;100;185m[38;2;152;100;185m#[0m[48;2;63;34;83m[38;2;63;34;83m▒[0m[48;2;162;150;150m[38;2;162;150;150m+[0m[48;2;250;237;230m[38;2;250;237;230m [0m[48;2;252;237;229m[38;2;252;237;229m [0m[48;2;251;236;228m[38;2;251;236;228m [0m[48;2;251;236;228m[38;2;251;236;228m [0m[48;2;192;178;176m[38;2;192;178;176m=[0m[48;2;35;16;45m[38;2;35;16;45m▓[0m[48;2;112;76;172m[38;2;112;76;172m%[0m[48;2;77;39;145m[38;2;77;39;145m░[0m[48;2;39;26;50m[38;2;39;26;50m▓[0m[48;2;222;212;216m[38;2;222;212;216m:[0m[48;2;63;54;56m[38;2;63;54;56m░[0m[48;2;142;137;138m[38;2;142;137;138m*[0m[48;2;12;7;10m[38;2;12;7;10m█[0m[48;2;32;27;32m[38;2;32;27;32m▓[0m[48;2;129;125;129m[38;2;129;125;129m#[0m[48;2;236;233;235m[38;2;236;233;235m.[0m                                    
                                         [48;2;177;177;177m[38;2;177;177;177m=[0m[48;2;64;58;62m[38;2;64;58;62m░[0m[48;2;159;143;154m[38;2;159;143;154m+[0m[48;2;147;131;142m[38;2;147;131;142m*[0m[48;2;25;17;24m[38;2;25;17;24m▓[0m[48;2;129;113;125m[38;2;129;113;125m#[0m[48;2;161;140;155m[38;2;161;140;155m+[0m[48;2;161;140;155m[38;2;161;140;155m+[0m[48;2;160;140;154m[38;2;160;140;154m+[0m[48;2;40;27;36m[38;2;40;27;36m▓[0m[48;2;213;195;200m[38;2;213;195;200m-[0m[48;2;246;227;222m[38;2;246;227;222m.[0m[48;2;93;80;79m[38;2;93;80;79m@[0m[48;2;140;115;140m[38;2;140;115;140m#[0m[48;2;167;122;167m[38;2;167;122;167m*[0m[48;2;64;48;61m[38;2;64;48;61m▒[0m[48;2;240;227;224m[38;2;240;227;224m.[0m[48;2;252;236;228m[38;2;252;236;228m [0m[48;2;251;236;227m[38;2;251;236;227m [0m[48;2;251;236;227m[38;2;251;236;227m [0m[48;2;250;235;227m[38;2;250;235;227m [0m[48;2;221;205;201m[38;2;221;205;201m:[0m[48;2;52;35;47m[38;2;52;35;47m▒[0m[48;2;215;173;221m[38;2;215;173;221m-[0m[48;2;116;81;122m[38;2;116;81;122m%[0m[48;2;121;110;113m[38;2;121;110;113m#[0m[48;2;245;234;232m[38;2;245;234;232m.[0m[48;2;245;234;232m[38;2;245;234;232m.[0m[48;2;177;169;167m[38;2;177;169;167m=[0m[48;2;58;52;52m[38;2;58;52;52m▒[0m[48;2;69;63;66m[38;2;69;63;66m░[0m[48;2;76;73;75m[38;2;76;73;75m@[0m                                     
                                         [48;2;233;233;233m[38;2;233;233;233m.[0m[48;2;40;37;39m[38;2;40;37;39m▒[0m[48;2;111;102;107m[38;2;111;102;107m%[0m[48;2;80;69;76m[38;2;80;69;76m░[0m[48;2;11;4;8m[38;2;11;4;8m█[0m[48;2;14;7;11m[38;2;14;7;11m█[0m[48;2;77;65;74m[38;2;77;65;74m░[0m[48;2;131;114;126m[38;2;131;114;126m#[0m[48;2;154;137;150m[38;2;154;137;150m*[0m[48;2;106;92;103m[38;2;106;92;103m%[0m[48;2;82;67;74m[38;2;82;67;74m░[0m[48;2;238;223;221m[38;2;238;223;221m.[0m[48;2;236;223;220m[38;2;236;223;220m.[0m[48;2;149;137;134m[38;2;149;137;134m*[0m[48;2;147;135;133m[38;2;147;135;133m*[0m[48;2;231;218;214m[38;2;231;218;214m.[0m[48;2;251;237;230m[38;2;251;237;230m [0m[48;2;249;234;225m[38;2;249;234;225m.[0m[48;2;177;162;153m[38;2;177;162;153m=[0m[48;2;225;210;201m[38;2;225;210;201m:[0m[48;2;250;235;226m[38;2;250;235;226m [0m[48;2;251;235;228m[38;2;251;235;228m [0m[48;2;141;125;126m[38;2;141;125;126m*[0m[48;2;96;74;85m[38;2;96;74;85m@[0m[48;2;111;95;97m[38;2;111;95;97m%[0m[48;2;236;221;216m[38;2;236;221;216m.[0m[48;2;241;211;202m[38;2;241;211;202m:[0m[48;2;244;219;210m[38;2;244;219;210m.[0m[48;2;178;166;166m[38;2;178;166;166m=[0m[48;2;67;56;59m[38;2;67;56;59m░[0m[48;2;146;135;143m[38;2;146;135;143m*[0m[48;2;35;30;36m[38;2;35;30;36m▓[0m                                     
                                          [48;2;73;72;72m[38;2;73;72;72m░[0m[48;2;35;32;35m[38;2;35;32;35m▓[0m[48;2;121;115;117m[38;2;121;115;117m#[0m[48;2;228;218;216m[38;2;228;218;216m.[0m[48;2;174;165;165m[38;2;174;165;165m=[0m[48;2;20;10;17m[38;2;20;10;17m█[0m[48;2;8;1;7m[38;2;8;1;7m█[0m[48;2;19;14;20m[38;2;19;14;20m█[0m[48;2;94;86;93m[38;2;94;86;93m@[0m[48;2;73;65;69m[38;2;73;65;69m░[0m[48;2;79;72;74m[38;2;79;72;74m@[0m[48;2;181;168;168m[38;2;181;168;168m=[0m[48;2;251;235;228m[38;2;251;235;228m [0m[48;2;250;235;227m[38;2;250;235;227m [0m[48;2;250;235;226m[38;2;250;235;226m [0m[48;2;250;235;226m[38;2;250;235;226m [0m[48;2;249;234;225m[38;2;249;234;225m.[0m[48;2;202;187;179m[38;2;202;187;179m-[0m[48;2;228;213;204m[38;2;228;213;204m:[0m[48;2;250;235;226m[38;2;250;235;226m [0m[48;2;250;235;226m[38;2;250;235;226m [0m[48;2;250;235;226m[38;2;250;235;226m [0m[48;2;250;235;226m[38;2;250;235;226m [0m[48;2;250;235;226m[38;2;250;235;226m [0m[48;2;246;225;217m[38;2;246;225;217m.[0m[48;2;241;215;207m[38;2;241;215;207m.[0m[48;2;249;227;222m[38;2;249;227;222m.[0m[48;2;134;123;123m[38;2;134;123;123m#[0m[48;2;40;31;32m[38;2;40;31;32m▓[0m[48;2;34;25;30m[38;2;34;25;30m▓[0m[48;2;184;180;185m[38;2;184;180;185m=[0m                                     
                                         [48;2;166;166;166m[38;2;166;166;166m=[0m[48;2;87;85;87m[38;2;87;85;87m@[0m[48;2;193;189;192m[38;2;193;189;192m-[0m[48;2;82;78;80m[38;2;82;78;80m@[0m[48;2;114;110;112m[38;2;114;110;112m#[0m[48;2;225;218;220m[38;2;225;218;220m.[0m[48;2;114;106;107m[38;2;114;106;107m%[0m[48;2;85;79;81m[38;2;85;79;81m@[0m[48;2;12;8;10m[38;2;12;8;10m█[0m[48;2;79;73;75m[38;2;79;73;75m@[0m[48;2;211;203;203m[38;2;211;203;203m:[0m[48;2;246;237;234m[38;2;246;237;234m [0m[48;2;248;237;233m[38;2;248;237;233m [0m[48;2;251;236;232m[38;2;251;236;232m [0m[48;2;250;235;230m[38;2;250;235;230m [0m[48;2;250;235;230m[38;2;250;235;230m [0m[48;2;250;235;230m[38;2;250;235;230m [0m[48;2;251;235;229m[38;2;251;235;229m [0m[48;2;250;236;228m[38;2;250;236;228m [0m[48;2;250;235;227m[38;2;250;235;227m [0m[48;2;249;235;227m[38;2;249;235;227m [0m[48;2;249;235;227m[38;2;249;235;227m [0m[48;2;249;235;227m[38;2;249;235;227m [0m[48;2;250;235;227m[38;2;250;235;227m [0m[48;2;250;235;227m[38;2;250;235;227m [0m[48;2;252;236;230m[38;2;252;236;230m [0m[48;2;249;235;230m[38;2;249;235;230m [0m[48;2;183;172;168m[38;2;183;172;168m=[0m[48;2;46;38;41m[38;2;46;38;41m▒[0m[48;2;96;89;94m[38;2;96;89;94m%[0m[48;2;56;51;55m[38;2;56;51;55m▒[0m                                      
                                         [48;2;117;117;118m[38;2;117;117;118m#[0m[48;2;115;113;117m[38;2;115;113;117m#[0m[48;2;201;199;203m[38;2;201;199;203m-[0m[48;2;144;142;144m[38;2;144;142;144m*[0m[48;2;2;1;2m[38;2;2;1;2m█[0m[48;2;13;11;13m[38;2;13;11;13m█[0m[48;2;33;30;32m[38;2;33;30;32m▓[0m[48;2;114;111;113m[38;2;114;111;113m#[0m[48;2;136;134;136m[38;2;136;134;136m*[0m[48;2;41;38;40m[38;2;41;38;40m▒[0m[48;2;55;50;51m[38;2;55;50;51m▒[0m[48;2;29;23;25m[38;2;29;23;25m▓[0m[48;2;50;45;48m[38;2;50;45;48m▒[0m[48;2;73;68;73m[38;2;73;68;73m░[0m[48;2;98;92;97m[38;2;98;92;97m%[0m[48;2;117;110;115m[38;2;117;110;115m#[0m[48;2;136;128;129m[38;2;136;128;129m*[0m[48;2;156;147;146m[38;2;156;147;146m+[0m[48;2;172;162;160m[38;2;172;162;160m=[0m[48;2;178;167;164m[38;2;178;167;164m=[0m[48;2;184;173;169m[38;2;184;173;169m=[0m[48;2;183;173;172m[38;2;183;173;172m=[0m[48;2;179;170;169m[38;2;179;170;169m=[0m[48;2;168;157;155m[38;2;168;157;155m+[0m[48;2;150;139;137m[38;2;150;139;137m*[0m[48;2;115;106;105m[38;2;115;106;105m%[0m[48;2;59;51;56m[38;2;59;51;56m▒[0m[48;2;20;15;21m[38;2;20;15;21m█[0m[48;2;16;11;16m[38;2;16;11;16m█[0m[48;2;29;24;28m[38;2;29;24;28m▓[0m[48;2;216;211;216m[38;2;216;211;216m:[0m                                      
                                       [48;2;164;163;164m[38;2;164;163;164m+[0m[48;2;69;66;68m[38;2;69;66;68m░[0m[48;2;49;43;48m[38;2;49;43;48m▒[0m[48;2;101;99;104m[38;2;101;99;104m%[0m[48;2;203;202;207m[38;2;203;202;207m:[0m[48;2;136;135;140m[38;2;136;135;140m*[0m[48;2;2;1;4m[38;2;2;1;4m█[0m[48;2;12;9;13m[38;2;12;9;13m█[0m[48;2;8;5;9m[38;2;8;5;9m█[0m[48;2;122;119;123m[38;2;122;119;123m#[0m [48;2;42;39;43m[38;2;42;39;43m▒[0m[48;2;10;7;10m[38;2;10;7;10m█[0m[48;2;16;13;18m[38;2;16;13;18m█[0m[48;2;5;1;7m[38;2;5;1;7m█[0m[48;2;6;3;10m[38;2;6;3;10m█[0m[48;2;20;17;27m[38;2;20;17;27m▓[0m[48;2;33;29;40m[38;2;33;29;40m▓[0m[48;2;28;25;35m[38;2;28;25;35m▓[0m[48;2;24;20;28m[38;2;24;20;28m▓[0m[48;2;115;107;111m[38;2;115;107;111m#[0m[48;2;65;58;60m[38;2;65;58;60m░[0m[48;2;22;16;16m[38;2;22;16;16m█[0m[48;2;65;58;59m[38;2;65;58;59m░[0m[48;2;72;65;68m[38;2;72;65;68m░[0m[48;2;13;8;11m[38;2;13;8;11m█[0m[48;2;10;5;8m[38;2;10;5;8m█[0m[48;2;5;2;7m[38;2;5;2;7m█[0m[48;2;32;29;41m[38;2;32;29;41m▓[0m[48;2;29;26;38m[38;2;29;26;38m▓[0m[48;2;9;5;14m[38;2;9;5;14m█[0m[48;2;53;50;55m[38;2;53;50;55m▒[0m                                       
                                     [48;2;226;225;226m[38;2;226;225;226m.[0m[48;2;77;72;78m[38;2;77;72;78m@[0m[48;2;92;83;92m[38;2;92;83;92m@[0m[48;2;151;134;147m[38;2;151;134;147m*[0m[48;2;143;123;137m[38;2;143;123;137m*[0m[48;2;41;35;42m[38;2;41;35;42m▒[0m[48;2;194;191;197m[38;2;194;191;197m-[0m[48;2;193;190;196m[38;2;193;190;196m-[0m[48;2;23;21;26m[38;2;23;21;26m▓[0m[48;2;11;8;14m[38;2;11;8;14m█[0m[48;2;17;14;20m[38;2;17;14;20m█[0m[48;2;204;202;207m[38;2;204;202;207m:[0m[48;2;226;223;226m[38;2;226;223;226m.[0m[48;2;28;25;29m[38;2;28;25;29m▓[0m[48;2;13;10;14m[38;2;13;10;14m█[0m[48;2;24;20;30m[38;2;24;20;30m▓[0m[48;2;27;21;36m[38;2;27;21;36m▓[0m[48;2;32;25;37m[38;2;32;25;37m▓[0m[48;2;24;19;29m[38;2;24;19;29m▓[0m[48;2;8;4;13m[38;2;8;4;13m█[0m[48;2;46;42;51m[38;2;46;42;51m▒[0m[48;2;17;14;21m[38;2;17;14;21m█[0m[48;2;6;3;8m[38;2;6;3;8m█[0m[48;2;56;53;58m[38;2;56;53;58m▒[0m[48;2;180;176;178m[38;2;180;176;178m=[0m[48;2;80;75;77m[38;2;80;75;77m@[0m[48;2;49;42;45m[38;2;49;42;45m▒[0m[48;2;21;15;19m[38;2;21;15;19m█[0m[48;2;77;70;70m[38;2;77;70;70m░[0m[48;2;7;4;8m[38;2;7;4;8m█[0m[48;2;30;28;38m[38;2;30;28;38m▓[0m[48;2;25;22;32m[38;2;25;22;32m▓[0m[48;2;166;163;169m[38;2;166;163;169m+[0m[48;2;242;240;243m[38;2;242;240;243m [0m                                       
                                    [48;2;237;237;237m[38;2;237;237;237m.[0m[48;2;47;45;48m[38;2;47;45;48m▒[0m[48;2;126;114;125m[38;2;126;114;125m#[0m[48;2;152;138;150m[38;2;152;138;150m*[0m[48;2;154;137;150m[38;2;154;137;150m*[0m[48;2;144;128;140m[38;2;144;128;140m*[0m[48;2;55;49;54m[38;2;55;49;54m▒[0m[48;2;55;51;57m[38;2;55;51;57m▒[0m[48;2;162;158;164m[38;2;162;158;164m+[0m[48;2;111;108;113m[38;2;111;108;113m%[0m[48;2;15;12;16m[38;2;15;12;16m█[0m[48;2;141;138;142m[38;2;141;138;142m*[0m[48;2;154;153;156m[38;2;154;153;156m+[0m[48;2;43;41;44m[38;2;43;41;44m▒[0m[48;2;25;22;30m[38;2;25;22;30m▓[0m[48;2;18;14;23m[38;2;18;14;23m█[0m[48;2;17;14;26m[38;2;17;14;26m█[0m[48;2;36;31;49m[38;2;36;31;49m▓[0m[48;2;37;31;51m[38;2;37;31;51m▓[0m[48;2;37;32;51m[38;2;37;32;51m▓[0m[48;2;26;21;38m[38;2;26;21;38m▓[0m[48;2;16;12;25m[38;2;16;12;25m█[0m[48;2;70;65;61m[38;2;70;65;61m░[0m[48;2;47;39;30m[38;2;47;39;30m▒[0m[48;2;18;13;12m[38;2;18;13;12m█[0m[48;2;6;2;5m[38;2;6;2;5m█[0m[48;2;9;4;5m[38;2;9;4;5m█[0m[48;2;78;73;69m[38;2;78;73;69m@[0m[48;2;37;30;30m[38;2;37;30;30m▓[0m[48;2;130;125;114m[38;2;130;125;114m#[0m[48;2;8;3;6m[38;2;8;3;6m█[0m[48;2;24;18;26m[38;2;24;18;26m▓[0m[48;2;181;177;182m[38;2;181;177;182m=[0m                                         
                                    [48;2;139;138;139m[38;2;139;138;139m*[0m[48;2;81;76;83m[38;2;81;76;83m@[0m[48;2;154;140;152m[38;2;154;140;152m*[0m[48;2;155;141;153m[38;2;155;141;153m+[0m[48;2;111;99;108m[38;2;111;99;108m%[0m[48;2;69;62;68m[38;2;69;62;68m░[0m[48;2;188;187;190m[38;2;188;187;190m-[0m[48;2;134;132;135m[38;2;134;132;135m*[0m[48;2;25;19;25m[38;2;25;19;25m▓[0m[48;2;61;52;60m[38;2;61;52;60m░[0m[48;2;44;36;44m[38;2;44;36;44m▒[0m[48;2;32;27;33m[38;2;32;27;33m▓[0m[48;2;10;6;11m[38;2;10;6;11m█[0m[48;2;15;11;22m[38;2;15;11;22m█[0m[48;2;17;13;27m[38;2;17;13;27m█[0m[48;2;24;19;35m[38;2;24;19;35m▓[0m[48;2;34;29;47m[38;2;34;29;47m▓[0m[48;2;37;31;51m[38;2;37;31;51m▓[0m[48;2;37;31;52m[38;2;37;31;52m▓[0m[48;2;37;31;52m[38;2;37;31;52m▓[0m[48;2;37;31;52m[38;2;37;31;52m▓[0m[48;2;26;21;37m[38;2;26;21;37m▓[0m[48;2;92;83;70m[38;2;92;83;70m@[0m[48;2;224;208;161m[38;2;224;208;161m:[0m[48;2;194;178;135m[38;2;194;178;135m=[0m[48;2;131;114;84m[38;2;131;114;84m#[0m[48;2;173;156;125m[38;2;173;156;125m+[0m[48;2;220;208;165m[38;2;220;208;165m:[0m[48;2;53;46;38m[38;2;53;46;38m▒[0m[48;2;48;42;44m[38;2;48;42;44m▒[0m[48;2;19;14;22m[38;2;19;14;22m█[0m[48;2;118;113;121m[38;2;118;113;121m#[0m                                          
                                    [48;2;134;132;134m[38;2;134;132;134m*[0m[48;2;89;82;89m[38;2;89;82;89m@[0m[48;2;157;141;152m[38;2;157;141;152m+[0m[48;2;152;137;148m[38;2;152;137;148m*[0m[48;2;38;30;36m[38;2;38;30;36m▓[0m[48;2;159;153;158m[38;2;159;153;158m+[0m[48;2;46;42;46m[38;2;46;42;46m▒[0m[48;2;76;69;76m[38;2;76;69;76m░[0m[48;2;149;133;145m[38;2;149;133;145m*[0m[48;2;160;141;155m[38;2;160;141;155m+[0m[48;2;160;142;156m[38;2;160;142;156m+[0m[48;2;155;143;153m[38;2;155;143;153m+[0m[48;2;27;22;29m[38;2;27;22;29m▓[0m[48;2;36;31;45m[38;2;36;31;45m▓[0m[48;2;37;32;51m[38;2;37;32;51m▓[0m[48;2;37;31;52m[38;2;37;31;52m▓[0m[48;2;37;31;52m[38;2;37;31;52m▓[0m[48;2;37;31;52m[38;2;37;31;52m▓[0m[48;2;37;31;52m[38;2;37;31;52m▓[0m[48;2;37;31;50m[38;2;37;31;50m▓[0m[48;2;28;23;40m[38;2;28;23;40m▓[0m[48;2;13;10;20m[38;2;13;10;20m█[0m[48;2;28;22;27m[38;2;28;22;27m▓[0m[48;2;89;80;74m[38;2;89;80;74m@[0m[48;2;157;142;120m[38;2;157;142;120m*[0m[48;2;208;190;159m[38;2;208;190;159m-[0m[48;2;193;173;142m[38;2;193;173;142m=[0m[48;2;89;72;63m[38;2;89;72;63m@[0m[48;2;18;9;16m[38;2;18;9;16m█[0m[48;2;4;1;7m[38;2;4;1;7m█[0m[48;2;21;17;25m[38;2;21;17;25m▓[0m[48;2;9;5;13m[38;2;9;5;13m█[0m[48;2;113;111;116m[38;2;113;111;116m#[0m[48;2;178;177;180m[38;2;178;177;180m=[0m[48;2;212;212;212m[38;2;212;212;212m:[0m                                       
                                    [48;2;233;232;233m[38;2;233;232;233m.[0m[48;2;61;56;60m[38;2;61;56;60m░[0m[48;2;112;103;110m[38;2;112;103;110m%[0m[48;2;151;140;149m[38;2;151;140;149m*[0m[48;2;68;59;67m[38;2;68;59;67m░[0m[48;2;16;9;16m[38;2;16;9;16m█[0m[48;2;53;46;53m[38;2;53;46;53m▒[0m[48;2;100;90;98m[38;2;100;90;98m%[0m[48;2;131;118;127m[38;2;131;118;127m#[0m[48;2;115;102;112m[38;2;115;102;112m%[0m[48;2;73;60;70m[38;2;73;60;70m░[0m[48;2;86;78;86m[38;2;86;78;86m@[0m[48;2;13;8;15m[38;2;13;8;15m█[0m[48;2;34;30;42m[38;2;34;30;42m▓[0m[48;2;37;32;50m[38;2;37;32;50m▓[0m[48;2;37;31;51m[38;2;37;31;51m▓[0m[48;2;37;31;52m[38;2;37;31;52m▓[0m[48;2;32;28;43m[38;2;32;28;43m▓[0m[48;2;16;12;23m[38;2;16;12;23m█[0m[48;2;9;5;14m[38;2;9;5;14m█[0m[48;2;18;15;22m[38;2;18;15;22m█[0m[48;2;50;47;53m[38;2;50;47;53m▒[0m[48;2;13;10;14m[38;2;13;10;14m█[0m[48;2;74;71;75m[38;2;74;71;75m░[0m[48;2;49;46;50m[38;2;49;46;50m▒[0m[48;2;26;22;27m[38;2;26;22;27m▓[0m[48;2;14;10;15m[38;2;14;10;15m█[0m[48;2;14;11;16m[38;2;14;11;16m█[0m[48;2;40;37;43m[38;2;40;37;43m▒[0m[48;2;7;4;10m[38;2;7;4;10m█[0m[48;2;33;31;37m[38;2;33;31;37m▓[0m[48;2;48;45;52m[38;2;48;45;52m▒[0m[48;2;38;35;42m[38;2;38;35;42m▒[0m[48;2;37;34;41m[38;2;37;34;41m▓[0m[48;2;29;26;31m[38;2;29;26;31m▓[0m                                       
                                      [48;2;127;127;127m[38;2;127;127;127m#[0m[48;2;33;30;33m[38;2;33;30;33m▓[0m[48;2;80;72;79m[38;2;80;72;79m@[0m[48;2;99;92;98m[38;2;99;92;98m%[0m[48;2;91;84;91m[38;2;91;84;91m@[0m[48;2;75;67;74m[38;2;75;67;74m░[0m[48;2;53;46;53m[38;2;53;46;53m▒[0m[48;2;25;18;25m[38;2;25;18;25m▓[0m[48;2;7;2;8m[38;2;7;2;8m█[0m[48;2;24;19;26m[38;2;24;19;26m▓[0m[48;2;14;10;16m[38;2;14;10;16m█[0m[48;2;12;7;15m[38;2;12;7;15m█[0m[48;2;25;20;32m[38;2;25;20;32m▓[0m[48;2;28;22;37m[38;2;28;22;37m▓[0m[48;2;27;20;36m[38;2;27;20;36m▓[0m[48;2;10;6;15m[38;2;10;6;15m█[0m[48;2;5;2;7m[38;2;5;2;7m█[0m[48;2;38;35;41m[38;2;38;35;41m▒[0m[48;2;61;58;64m[38;2;61;58;64m░[0m[48;2;10;7;13m[38;2;10;7;13m█[0m[48;2;15;12;17m[38;2;15;12;17m█[0m[48;2;101;98;102m[38;2;101;98;102m%[0m[48;2;102;99;103m[38;2;102;99;103m%[0m[48;2;85;82;86m[38;2;85;82;86m@[0m[48;2;75;72;76m[38;2;75;72;76m@[0m[48;2;70;66;77m[38;2;70;66;77m░[0m[48;2;23;18;34m[38;2;23;18;34m▓[0m[48;2;26;18;59m[38;2;26;18;59m▓[0m[48;2;8;6;22m[38;2;8;6;22m█[0m[48;2;25;23;33m[38;2;25;23;33m▓[0m[48;2;32;28;44m[38;2;32;28;44m▓[0m[48;2;33;28;45m[38;2;33;28;45m▓[0m[48;2;23;18;33m[38;2;23;18;33m▓[0m[48;2;57;54;63m[38;2;57;54;63m░[0m[48;2;174;173;176m[38;2;174;173;176m=[0m                                     
                                       [48;2;81;81;81m[38;2;81;81;81m@[0m[48;2;70;65;70m[38;2;70;65;70m░[0m[48;2;110;98;106m[38;2;110;98;106m%[0m[48;2;115;101;109m[38;2;115;101;109m%[0m[48;2;115;101;110m[38;2;115;101;110m%[0m[48;2;119;106;115m[38;2;119;106;115m#[0m[48;2;126;112;122m[38;2;126;112;122m#[0m[48;2;124;113;122m[38;2;124;113;122m#[0m[48;2;115;104;113m[38;2;115;104;113m%[0m[48;2;111;100;109m[38;2;111;100;109m%[0m[48;2;107;95;105m[38;2;107;95;105m%[0m[48;2;105;94;103m[38;2;105;94;103m%[0m[48;2;105;94;103m[38;2;105;94;103m%[0m[48;2;103;92;101m[38;2;103;92;101m%[0m[48;2;95;89;96m[38;2;95;89;96m%[0m[48;2;67;64;69m[38;2;67;64;69m░[0m[48;2;27;24;30m[38;2;27;24;30m▓[0m[48;2;12;9;17m[38;2;12;9;17m█[0m[48;2;27;23;34m[38;2;27;23;34m▓[0m[48;2;33;29;40m[38;2;33;29;40m▓[0m[48;2;27;24;33m[38;2;27;24;33m▓[0m[48;2;209;205;212m[38;2;209;205;212m:[0m [48;2;162;159;164m[38;2;162;159;164m+[0m[48;2;38;33;50m[38;2;38;33;50m▓[0m[48;2;36;29;60m[38;2;36;29;60m▓[0m[48;2;16;12;26m[38;2;16;12;26m█[0m[48;2;13;10;25m[38;2;13;10;25m█[0m[48;2;5;4;12m[38;2;5;4;12m█[0m[48;2;31;28;44m[38;2;31;28;44m▓[0m[48;2;37;31;51m[38;2;37;31;51m▓[0m[48;2;37;31;52m[38;2;37;31;52m▓[0m[48;2;36;30;50m[38;2;36;30;50m▓[0m[48;2;22;17;33m[38;2;22;17;33m▓[0m[48;2;53;50;58m[38;2;53;50;58m▒[0m[48;2;185;184;187m[38;2;185;184;187m-[0m                                   
                                        [48;2;184;183;185m[38;2;184;183;185m-[0m[48;2;120;116;119m[38;2;120;116;119m#[0m[48;2;90;86;90m[38;2;90;86;90m@[0m[48;2;86;81;85m[38;2;86;81;85m@[0m[48;2;91;85;90m[38;2;91;85;90m@[0m[48;2;77;70;77m[38;2;77;70;77m░[0m[48;2;74;65;72m[38;2;74;65;72m░[0m[48;2;76;66;74m[38;2;76;66;74m░[0m[48;2;76;66;75m[38;2;76;66;75m░[0m[48;2;72;62;71m[38;2;72;62;71m░[0m[48;2;66;56;65m[38;2;66;56;65m░[0m[48;2;53;44;53m[38;2;53;44;53m▒[0m[48;2;32;23;34m[38;2;32;23;34m▓[0m[48;2;23;16;28m[38;2;23;16;28m▓[0m[48;2;23;19;32m[38;2;23;19;32m▓[0m[48;2;31;26;42m[38;2;31;26;42m▓[0m[48;2;36;31;48m[38;2;36;31;48m▓[0m[48;2;37;31;51m[38;2;37;31;51m▓[0m[48;2;37;31;51m[38;2;37;31;51m▓[0m[48;2;30;25;43m[38;2;30;25;43m▓[0m[48;2;47;44;54m[38;2;47;44;54m▒[0m[48;2;224;221;227m[38;2;224;221;227m.[0m [48;2;236;234;236m[38;2;236;234;236m.[0m[48;2;170;169;171m[38;2;170;169;171m=[0m[48;2;49;47;54m[38;2;49;47;54m▒[0m[48;2;56;54;66m[38;2;56;54;66m░[0m[48;2;21;21;25m[38;2;21;21;25m▓[0m[48;2;8;6;19m[38;2;8;6;19m█[0m[48;2;31;26;42m[38;2;31;26;42m▓[0m[48;2;36;31;50m[38;2;36;31;50m▓[0m[48;2;37;31;52m[38;2;37;31;52m▓[0m[48;2;37;31;52m[38;2;37;31;52m▓[0m[48;2;35;29;49m[38;2;35;29;49m▓[0m[48;2;20;16;29m[38;2;20;16;29m▓[0m[48;2;88;86;92m[38;2;88;86;92m@[0m[48;2;233;231;234m[38;2;233;231;234m.[0m                                 
                                               [48;2;241;240;241m[38;2;241;240;241m [0m[48;2;119;117;121m[38;2;119;117;121m#[0m[48;2;21;19;26m[38;2;21;19;26m▓[0m[48;2;36;32;48m[38;2;36;32;48m▓[0m[48;2;37;32;49m[38;2;37;32;49m▓[0m[48;2;37;31;51m[38;2;37;31;51m▓[0m[48;2;37;31;52m[38;2;37;31;52m▓[0m[48;2;37;31;52m[38;2;37;31;52m▓[0m[48;2;37;31;52m[38;2;37;31;52m▓[0m[48;2;37;31;52m[38;2;37;31;52m▓[0m[48;2;37;31;52m[38;2;37;31;52m▓[0m[48;2;37;31;52m[38;2;37;31;52m▓[0m[48;2;37;31;52m[38;2;37;31;52m▓[0m[48;2;28;23;41m[38;2;28;23;41m▓[0m[48;2;54;51;60m[38;2;54;51;60m▒[0m[48;2;225;222;227m[38;2;225;222;227m.[0m  [48;2;236;236;236m[38;2;236;236;236m.[0m[48;2;236;236;236m[38;2;236;236;236m.[0m[48;2;119;118;119m[38;2;119;118;119m#[0m[48;2;24;16;64m[38;2;24;16;64m▓[0m[48;2;15;7;49m[38;2;15;7;49m█[0m[48;2;29;23;41m[38;2;29;23;41m▓[0m[48;2;37;31;52m[38;2;37;31;52m▓[0m[48;2;37;31;52m[38;2;37;31;52m▓[0m[48;2;37;31;52m[38;2;37;31;52m▓[0m[48;2;37;31;52m[38;2;37;31;52m▓[0m[48;2;30;25;41m[38;2;30;25;41m▓[0m[48;2;41;37;45m[38;2;41;37;45m▒[0m[48;2;217;217;218m[38;2;217;217;218m:[0m                                