                                                                                                    
                                                                                                    
                                                                                                    
                                                                                                    
                                                                                                    
                                                                                                    
                                                                                                    
                                                                                                    
                                                                                                    
                                                                                                    
                                                                                                    
                                                 [48;2;232;232;232m[38;2;232;232;232m.[0m[48;2;215;214;215m[38;2;215;214;215m:[0m[48;2;205;204;205m[38;2;205;204;205m:[0m[48;2;205;205;206m[38;2;205;205;206m:[0m[48;2;219;218;219m[38;2;219;218;219m:[0m[48;2;240;240;240m[38;2;240;240;240m [0m                                             
                                             [48;2;211;211;212m[38;2;211;211;212m:[0m[48;2;112;111;114m[38;2;112;111;114m#[0m[48;2;61;60;65m[38;2;61;60;65m░[0m[48;2;33;32;39m[38;2;33;32;39m▓[0m[48;2;26;25;34m[38;2;26;25;34m▓[0m[48;2;29;27;38m[38;2;29;27;38m▓[0m[48;2;30;28;40m[38;2;30;28;40m▓[0m[48;2;29;27;40m[38;2;29;27;40m▓[0m[48;2;28;26;38m[38;2;28;26;38m▓[0m[48;2;24;22;33m[38;2;24;22;33m▓[0m[48;2;48;47;57m[38;2;48;47;57m▒[0m[48;2;95;94;101m[38;2;95;94;101m%[0m[48;2;161;160;164m[38;2;161;160;164m+[0m[48;2;239;239;240m[38;2;239;239;240m [0m                                         
                                            [48;2;131;130;133m[38;2;131;130;133m*[0m[48;2;23;22;32m[38;2;23;22;32m▓[0m[48;2;39;39;53m[38;2;39;39;53m▒[0m[48;2;42;43;59m[38;2;42;43;59m▒[0m[48;2;41;43;59m[38;2;41;43;59m▒[0m[48;2;40;44;59m[38;2;40;44;59m▒[0m[48;2;40;44;59m[38;2;40;44;59m▒[0m[48;2;40;44;59m[38;2;40;44;59m▒[0m[48;2;40;44;59m[38;2;40;44;59m▒[0m[48;2;40;44;59m[38;2;40;44;59m▒[0m[48;2;40;44;59m[38;2;40;44;59m▒[0m[48;2;41;43;59m[38;2;41;43;59m▒[0m[48;2;41;42;59m[38;2;41;42;59m▒[0m[48;2;33;32;47m[38;2;33;32;47m▓[0m[48;2;32;30;41m[38;2;32;30;41m▓[0m[48;2;122;120;125m[38;2;122;120;125m#[0m[48;2;208;207;209m[38;2;208;207;209m:[0m                                       
                                           [48;2;99;98;101m[38;2;99;98;101m%[0m[48;2;29;27;37m[38;2;29;27;37m▓[0m[48;2;42;42;58m[38;2;42;42;58m▒[0m[48;2;40;44;59m[38;2;40;44;59m▒[0m[48;2;40;44;59m[38;2;40;44;59m▒[0m[48;2;40;44;59m[38;2;40;44;59m▒[0m[48;2;40;44;59m[38;2;40;44;59m▒[0m[48;2;40;44;59m[38;2;40;44;59m▒[0m[48;2;40;44;59m[38;2;40;44;59m▒[0m[48;2;40;44;59m[38;2;40;44;59m▒[0m[48;2;40;44;59m[38;2;40;44;59m▒[0m[48;2;40;44;59m[38;2;40;44;59m▒[0m[48;2;40;44;59m[38;2;40;44;59m▒[0m[48;2;40;44;59m[38;2;40;44;59m▒[0m[48;2;41;44;59m[38;2;41;44;59m▒[0m[48;2;43;42;58m[38;2;43;42;58m▒[0m[48;2;55;53;63m[38;2;55;53;63m▒[0m[48;2;8;5;11m[38;2;8;5;11m█[0m[48;2;79;77;83m[38;2;79;77;83m@[0m[48;2;216;215;218m[38;2;216;215;218m:[0m                                     
                                         [48;2;162;162;163m[38;2;162;162;163m+[0m[48;2;11;10;13m[38;2;11;10;13m█[0m[48;2;27;25;34m[38;2;27;25;34m▓[0m[48;2;44;43;58m[38;2;44;43;58m▒[0m[48;2;41;43;59m[38;2;41;43;59m▒[0m[48;2;40;44;59m[38;2;40;44;59m▒[0m[48;2;40;44;59m[38;2;40;44;59m▒[0m[48;2;40;44;59m[38;2;40;44;59m▒[0m[48;2;40;44;59m[38;2;40;44;59m▒[0m[48;2;40;44;59m[38;2;40;44;59m▒[0m[48;2;40;44;59m[38;2;40;44;59m▒[0m[48;2;40;44;59m[38;2;40;44;59m▒[0m[48;2;40;44;59m[38;2;40;44;59m▒[0m[48;2;40;44;59m[38;2;40;44;59m▒[0m[48;2;40;44;59m[38;2;40;44;59m▒[0m[48;2;40;44;59m[38;2;40;44;59m▒[0m[48;2;40;44;59m[38;2;40;44;59m▒[0m[48;2;46;45;61m[38;2;46;45;61m▒[0m[48;2;75;73;81m[38;2;75;73;81m@[0m[48;2;16;12;20m[38;2;16;12;20m█[0m[48;2;114;107;117m[38;2;114;107;117m#[0m[48;2;56;51;58m[38;2;56;51;58m▒[0m[48;2;208;207;208m[38;2;208;207;208m:[0m                                    
                                         [48;2;29;28;31m[38;2;29;28;31m▓[0m[48;2;15;13;19m[38;2;15;13;19m█[0m[48;2;43;42;57m[38;2;43;42;57m▒[0m[48;2;41;43;59m[38;2;41;43;59m▒[0m[48;2;40;44;59m[38;2;40;44;59m▒[0m[48;2;40;44;59m[38;2;40;44;59m▒[0m[48;2;40;44;59m[38;2;40;44;59m▒[0m[48;2;40;44;59m[38;2;40;44;59m▒[0m[48;2;40;44;59m[38;2;40;44;59m▒[0m[48;2;40;44;59m[38;2;40;44;59m▒[0m[48;2;40;44;59m[38;2;40;44;59m▒[0m[48;2;40;44;59m[38;2;40;44;59m▒[0m[48;2;40;44;59m[38;2;40;44;59m▒[0m[48;2;40;44;59m[38;2;40;44;59m▒[0m[48;2;40;44;59m[38;2;40;44;59m▒[0m[48;2;40;44;59m[38;2;40;44;59m▒[0m[48;2;41;44;59m[38;2;41;44;59m▒[0m[48;2;58;58;73m[38;2;58;58;73m░[0m[48;2;47;45;57m[38;2;47;45;57m▒[0m[48;2;20;14;24m[38;2;20;14;24m█[0m[48;2;110;98;110m[38;2;110;98;110m%[0m[48;2;118;105;115m[38;2;118;105;115m#[0m[48;2;60;54;59m[38;2;60;54;59m░[0m                                    
                                       [48;2;233;233;233m[38;2;233;233;233m.[0m[48;2;65;64;68m[38;2;65;64;68m░[0m[48;2;28;25;30m[38;2;28;25;30m▓[0m[48;2;31;30;37m[38;2;31;30;37m▓[0m[48;2;42;43;59m[38;2;42;43;59m▒[0m[48;2;40;44;59m[38;2;40;44;59m▒[0m[48;2;40;44;59m[38;2;40;44;59m▒[0m[48;2;40;44;59m[38;2;40;44;59m▒[0m[48;2;40;44;59m[38;2;40;44;59m▒[0m[48;2;40;44;59m[38;2;40;44;59m▒[0m[48;2;40;44;59m[38;2;40;44;59m▒[0m[48;2;40;44;59m[38;2;40;44;59m▒[0m[48;2;40;44;59m[38;2;40;44;59m▒[0m[48;2;40;44;59m[38;2;40;44;59m▒[0m[48;2;40;44;59m[38;2;40;44;59m▒[0m[48;2;40;44;59m[38;2;40;44;59m▒[0m[48;2;41;44;59m[38;2;41;44;59m▒[0m[48;2;42;43;59m[38;2;42;43;59m▒[0m[48;2;61;60;76m[38;2;61;60;76m░[0m[48;2;61;59;72m[38;2;61;59;72m░[0m[48;2;23;20;32m[38;2;23;20;32m▓[0m[48;2;98;88;99m[38;2;98;88;99m%[0m[48;2;104;91;103m[38;2;104;91;103m%[0m[48;2;39;29;37m[38;2;39;29;37m▓[0m[48;2;74;65;73m[38;2;74;65;73m░[0m[48;2;178;178;178m[38;2;178;178;178m=[0m                                   
                                       [48;2;57;55;58m[38;2;57;55;58m░[0m[48;2;107;97;106m[38;2;107;97;106m%[0m[48;2;67;60;68m[38;2;67;60;68m░[0m[48;2;35;33;43m[38;2;35;33;43m▓[0m[48;2;41;44;59m[38;2;41;44;59m▒[0m[48;2;40;44;59m[38;2;40;44;59m▒[0m[48;2;40;44;59m[38;2;40;44;59m▒[0m[48;2;40;44;59m[38;2;40;44;59m▒[0m[48;2;40;44;59m[38;2;40;44;59m▒[0m[48;2;40;44;59m[38;2;40;44;59m▒[0m[48;2;40;44;59m[38;2;40;44;59m▒[0m[48;2;40;44;59m[38;2;40;44;59m▒[0m[48;2;40;44;59m[38;2;40;44;59m▒[0m[48;2;40;44;59m[38;2;40;44;59m▒[0m[48;2;40;44;59m[38;2;40;44;59m▒[0m[48;2;41;43;59m[38;2;41;43;59m▒[0m[48;2;47;46;61m[38;2;47;46;61m▒[0m[48;2;71;68;81m[38;2;71;68;81m░[0m[48;2;51;48;58m[38;2;51;48;58m▒[0m[48;2;32;27;37m[38;2;32;27;37m▓[0m[48;2;112;101;112m[38;2;112;101;112m%[0m[48;2;157;140;153m[38;2;157;140;153m+[0m[48;2;158;140;154m[38;2;158;140;154m+[0m[48;2;52;40;49m[38;2;52;40;49m▒[0m[48;2;84;76;83m[38;2;84;76;83m@[0m[48;2;128;126;128m[38;2;128;126;128m#[0m                                   
                                      [48;2;109;108;109m[38;2;109;108;109m%[0m[48;2;90;81;89m[38;2;90;81;89m@[0m[48;2;159;143;154m[38;2;159;143;154m+[0m[48;2;97;85;96m[38;2;97;85;96m@[0m[48;2;27;25;33m[38;2;27;25;33m▓[0m[48;2;41;43;59m[38;2;41;43;59m▒[0m[48;2;40;44;59m[38;2;40;44;59m▒[0m[48;2;40;44;59m[38;2;40;44;59m▒[0m[48;2;40;44;59m[38;2;40;44;59m▒[0m[48;2;40;44;59m[38;2;40;44;59m▒[0m[48;2;40;44;59m[38;2;40;44;59m▒[0m[48;2;40;44;59m[38;2;40;44;59m▒[0m[48;2;40;44;59m[38;2;40;44;59m▒[0m[48;2;40;44;59m[38;2;40;44;59m▒[0m[48;2;42;43;58m[38;2;42;43;58m▒[0m[48;2;49;49;63m[38;2;49;49;63m▒[0m[48;2;69;67;80m[38;2;69;67;80m░[0m[48;2;59;55;67m[38;2;59;55;67m░[0m[48;2;31;26;36m[38;2;31;26;36m▓[0m[48;2;83;73;85m[38;2;83;73;85m@[0m[48;2;151;136;149m[38;2;151;136;149m*[0m[48;2;161;141;155m[38;2;161;141;155m+[0m[48;2;161;140;155m[38;2;161;140;155m+[0m[48;2;161;140;155m[38;2;161;140;155m+[0m[48;2;82;69;79m[38;2;82;69;79m@[0m[48;2;35;30;35m[38;2;35;30;35m▓[0m[48;2;130;129;131m[38;2;130;129;131m*[0m                                   
                                     [48;2;213;213;213m[38;2;213;213;213m:[0m[48;2;48;42;46m[38;2;48;42;46m▒[0m[48;2;156;141;151m[38;2;156;141;151m+[0m[48;2;160;142;153m[38;2;160;142;153m+[0m[48;2;82;68;79m[38;2;82;68;79m@[0m[48;2;30;23;31m[38;2;30;23;31m▓[0m[48;2;32;30;43m[38;2;32;30;43m▓[0m[48;2;42;42;59m[38;2;42;42;59m▒[0m[48;2;41;43;59m[38;2;41;43;59m▒[0m[48;2;40;44;59m[38;2;40;44;59m▒[0m[48;2;40;44;59m[38;2;40;44;59m▒[0m[48;2;41;43;59m[38;2;41;43;59m▒[0m[48;2;45;45;60m[38;2;45;45;60m▒[0m[48;2;61;60;75m[38;2;61;60;75m░[0m[48;2;49;48;63m[38;2;49;48;63m▒[0m[48;2;61;58;69m[38;2;61;58;69m░[0m[48;2;45;40;50m[38;2;45;40;50m▒[0m[48;2;45;38;48m[38;2;45;38;48m▒[0m[48;2;97;84;94m[38;2;97;84;94m@[0m[48;2;151;133;146m[38;2;151;133;146m*[0m[48;2;160;141;155m[38;2;160;141;155m+[0m[48;2;161;140;155m[38;2;161;140;155m+[0m[48;2;161;140;155m[38;2;161;140;155m+[0m[48;2;161;140;155m[38;2;161;140;155m+[0m[48;2;161;140;155m[38;2;161;140;155m+[0m[48;2;92;79;89m[38;2;92;79;89m@[0m[48;2;17;13;16m[38;2;17;13;16m█[0m[48;2;197;196;197m[38;2;197;196;197m-[0m                                   
                                     [48;2;99;98;98m[38;2;99;98;98m%[0m[48;2;123;110;119m[38;2;123;110;119m#[0m[48;2;161;142;155m[38;2;161;142;155m+[0m[48;2;161;141;156m[38;2;161;141;156m+[0m[48;2;103;87;99m[38;2;103;87;99m%[0m[48;2;83;74;82m[38;2;83;74;82m@[0m[48;2;58;49;59m[38;2;58;49;59m▒[0m[48;2;29;22;36m[38;2;29;22;36m▓[0m[48;2;41;39;54m[38;2;41;39;54m▒[0m[48;2;43;43;58m[38;2;43;43;58m▒[0m[48;2;56;56;71m[38;2;56;56;71m░[0m[48;2;65;63;76m[38;2;65;63;76m░[0m[48;2;59;55;66m[38;2;59;55;66m░[0m[48;2;29;26;35m[38;2;29;26;35m▓[0m[48;2;46;40;50m[38;2;46;40;50m▒[0m[48;2;87;76;87m[38;2;87;76;87m@[0m[48;2;136;121;133m[38;2;136;121;133m#[0m[48;2;159;141;154m[38;2;159;141;154m+[0m[48;2;160;140;155m[38;2;160;140;155m+[0m[48;2;156;136;151m[38;2;156;136;151m*[0m[48;2;161;140;155m[38;2;161;140;155m+[0m[48;2;161;140;155m[38;2;161;140;155m+[0m[48;2;161;140;155m[38;2;161;140;155m+[0m[48;2;161;140;155m[38;2;161;140;155m+[0m[48;2;161;140;155m[38;2;161;140;155m+[0m[48;2;65;52;62m[38;2;65;52;62m░[0m[48;2;150;147;149m[38;2;150;147;149m+[0m[48;2;154;153;153m[38;2;154;153;153m+[0m[48;2;177;177;177m[38;2;177;177;177m=[0m[48;2;205;204;205m[38;2;205;204;205m:[0m                                 
                                     [48;2;41;38;40m[38;2;41;38;40m▒[0m[48;2;158;140;152m[38;2;158;140;152m+[0m[48;2;161;140;155m[38;2;161;140;155m+[0m[48;2;161;140;155m[38;2;161;140;155m+[0m[48;2;157;138;151m[38;2;157;138;151m*[0m[48;2;50;38;47m[38;2;50;38;47m▒[0m[48;2;102;89;100m[38;2;102;89;100m%[0m[48;2;100;87;99m[38;2;100;87;99m%[0m[48;2;85;73;85m[38;2;85;73;85m@[0m[48;2;72;62;72m[38;2;72;62;72m░[0m[48;2;33;24;33m[38;2;33;24;33m▓[0m[48;2;79;70;79m[38;2;79;70;79m@[0m[48;2;111;99;108m[38;2;111;99;108m%[0m[48;2;145;130;141m[38;2;145;130;141m*[0m[48;2;159;140;154m[38;2;159;140;154m+[0m[48;2;143;124;138m[38;2;143;124;138m*[0m[48;2;109;94;106m[38;2;109;94;106m%[0m[48;2;78;64;76m[38;2;78;64;76m░[0m[48;2;72;59;70m[38;2;72;59;70m░[0m[48;2;111;95;108m[38;2;111;95;108m%[0m[48;2;160;140;155m[38;2;160;140;155m+[0m[48;2;161;140;155m[38;2;161;140;155m+[0m[48;2;161;140;155m[38;2;161;140;155m+[0m[48;2;161;140;155m[38;2;161;140;155m+[0m[48;2;141;122;136m[38;2;141;122;136m*[0m[48;2;15;7;15m[38;2;15;7;15m█[0m[48;2;20;17;21m[38;2;20;17;21m▓[0m[48;2;196;194;197m[38;2;196;194;197m-[0m[48;2;66;63;67m[38;2;66;63;67m░[0m[48;2;39;37;40m[38;2;39;37;40m▒[0m[48;2;172;170;172m[38;2;172;170;172m=[0m                                
                                    [48;2;226;226;226m[38;2;226;226;226m.[0m[48;2;46;42;44m[38;2;46;42;44m▒[0m[48;2;160;142;155m[38;2;160;142;155m+[0m[48;2;161;140;155m[38;2;161;140;155m+[0m[48;2;161;140;155m[38;2;161;140;155m+[0m[48;2;161;140;155m[38;2;161;140;155m+[0m[48;2;146;128;141m[38;2;146;128;141m*[0m[48;2;45;33;43m[38;2;45;33;43m▒[0m[48;2;25;16;24m[38;2;25;16;24m▓[0m[48;2;104;96;104m[38;2;104;96;104m%[0m[48;2;31;23;31m[38;2;31;23;31m▓[0m[48;2;41;33;40m[38;2;41;33;40m▓[0m[48;2;86;76;84m[38;2;86;76;84m@[0m[48;2;77;68;76m[38;2;77;68;76m░[0m[48;2;76;64;75m[38;2;76;64;75m░[0m[48;2;77;64;75m[38;2;77;64;75m░[0m[48;2;95;81;92m[38;2;95;81;92m@[0m[48;2;126;109;123m[38;2;126;109;123m#[0m[48;2;156;137;151m[38;2;156;137;151m*[0m[48;2;160;140;155m[38;2;160;140;155m+[0m[48;2;160;140;155m[38;2;160;140;155m+[0m[48;2;161;140;155m[38;2;161;140;155m+[0m[48;2;161;140;155m[38;2;161;140;155m+[0m[48;2;161;140;155m[38;2;161;140;155m+[0m[48;2;160;140;155m[38;2;160;140;155m+[0m[48;2;58;45;57m[38;2;58;45;57m▒[0m[48;2;27;22;33m[38;2;27;22;33m▓[0m[48;2;18;15;26m[38;2;18;15;26m█[0m[48;2;173;171;174m[38;2;173;171;174m=[0m[48;2;223;221;223m[38;2;223;221;223m.[0m[48;2;40;38;42m[38;2;40;38;42m▒[0m                                 
                                    [48;2;232;232;232m[38;2;232;232;232m.[0m[48;2;44;40;43m[38;2;44;40;43m▒[0m[48;2;160;141;154m[38;2;160;141;154m+[0m[48;2;161;140;155m[38;2;161;140;155m+[0m[48;2;161;140;155m[38;2;161;140;155m+[0m[48;2;161;140;155m[38;2;161;140;155m+[0m[48;2;161;140;155m[38;2;161;140;155m+[0m[48;2;157;138;152m[38;2;157;138;152m*[0m[48;2;59;47;57m[38;2;59;47;57m▒[0m[48;2;8;3;10m[38;2;8;3;10m█[0m[48;2;10;7;13m[38;2;10;7;13m█[0m[48;2;29;24;31m[38;2;29;24;31m▓[0m[48;2;74;66;74m[38;2;74;66;74m░[0m[48;2;123;111;120m[38;2;123;111;120m#[0m[48;2;159;140;154m[38;2;159;140;154m+[0m[48;2;161;140;155m[38;2;161;140;155m+[0m[48;2;161;140;155m[38;2;161;140;155m+[0m[48;2;161;140;155m[38;2;161;140;155m+[0m[48;2;161;140;155m[38;2;161;140;155m+[0m[48;2;161;140;155m[38;2;161;140;155m+[0m[48;2;161;140;155m[38;2;161;140;155m+[0m[48;2;161;140;155m[38;2;161;140;155m+[0m[48;2;161;140;155m[38;2;161;140;155m+[0m[48;2;161;140;155m[38;2;161;140;155m+[0m[48;2;152;132;147m[38;2;152;132;147m*[0m[48;2;47;38;48m[38;2;47;38;48m▒[0m[48;2;24;18;30m[38;2;24;18;30m▓[0m[48;2;25;22;33m[38;2;25;22;33m▓[0m[48;2;115;112;118m[38;2;115;112;118m#[0m[48;2;199;198;200m[38;2;199;198;200m-[0m[48;2;55;52;55m[38;2;55;52;55m▒[0m[48;2;123;122;124m[38;2;123;122;124m#[0m[48;2;147;147;147m[38;2;147;147;147m+[0m[48;2;163;163;163m[38;2;163;163;163m+[0m[48;2;198;198;198m[38;2;198;198;198m-[0m[48;2;239;239;239m[38;2;239;239;239m [0m                            
                                    [48;2;187;186;186m[38;2;187;186;186m-[0m[48;2;15;12;14m[38;2;15;12;14m█[0m[48;2;144;128;139m[38;2;144;128;139m*[0m[48;2;161;140;155m[38;2;161;140;155m+[0m[48;2;161;140;155m[38;2;161;140;155m+[0m[48;2;161;140;155m[38;2;161;140;155m+[0m[48;2;161;140;155m[38;2;161;140;155m+[0m[48;2;161;140;155m[38;2;161;140;155m+[0m[48;2;55;41;51m[38;2;55;41;51m▒[0m[48;2;32;27;36m[38;2;32;27;36m▓[0m[48;2;3;2;8m[38;2;3;2;8m█[0m[48;2;15;13;19m[38;2;15;13;19m█[0m[48;2;17;15;20m[38;2;17;15;20m█[0m[48;2;48;40;48m[38;2;48;40;48m▒[0m[48;2;155;138;151m[38;2;155;138;151m*[0m[48;2;161;140;155m[38;2;161;140;155m+[0m[48;2;161;140;155m[38;2;161;140;155m+[0m[48;2;161;140;155m[38;2;161;140;155m+[0m[48;2;161;140;155m[38;2;161;140;155m+[0m[48;2;161;140;155m[38;2;161;140;155m+[0m[48;2;161;140;155m[38;2;161;140;155m+[0m[48;2;161;140;155m[38;2;161;140;155m+[0m[48;2;161;140;155m[38;2;161;140;155m+[0m[48;2;161;140;155m[38;2;161;140;155m+[0m[48;2;161;140;155m[38;2;161;140;155m+[0m[48;2;151;133;147m[38;2;151;133;147m*[0m[48;2;36;25;36m[38;2;36;25;36m▓[0m[48;2;22;17;26m[38;2;22;17;26m▓[0m[48;2;102;100;104m[38;2;102;100;104m%[0m[48;2;151;149;150m[38;2;151;149;150m+[0m[48;2;42;40;41m[38;2;42;40;41m▒[0m[48;2;84;83;84m[38;2;84;83;84m@[0m[48;2;96;96;96m[38;2;96;96;96m%[0m[48;2;54;54;54m[38;2;54;54;54m▒[0m[48;2;41;40;41m[38;2;41;40;41m▒[0m[48;2;62;61;62m[38;2;62;61;62m░[0m[48;2;86;81;83m[38;2;86;81;83m@[0m[48;2;150;146;149m[38;2;150;146;149m+[0m                          
                                     [48;2;201;200;200m[38;2;201;200;200m-[0m[48;2;57;48;54m[38;2;57;48;54m▒[0m[48;2;151;135;145m[38;2;151;135;145m*[0m[48;2;161;140;155m[38;2;161;140;155m+[0m[48;2;161;140;155m[38;2;161;140;155m+[0m[48;2;161;140;155m[38;2;161;140;155m+[0m[48;2;161;140;155m[38;2;161;140;155m+[0m[48;2;97;81;94m[38;2;97;81;94m@[0m[48;2;34;28;37m[38;2;34;28;37m▓[0m[48;2;10;7;15m[38;2;10;7;15m█[0m[48;2;10;8;15m[38;2;10;8;15m█[0m[48;2;20;17;23m[38;2;20;17;23m▓[0m[48;2;12;7;13m[38;2;12;7;13m█[0m[48;2;71;61;70m[38;2;71;61;70m░[0m[48;2;159;141;154m[38;2;159;141;154m+[0m[48;2;161;140;155m[38;2;161;140;155m+[0m[48;2;161;140;155m[38;2;161;140;155m+[0m[48;2;161;140;155m[38;2;161;140;155m+[0m[48;2;161;140;155m[38;2;161;140;155m+[0m[48;2;161;140;155m[38;2;161;140;155m+[0m[48;2;161;140;155m[38;2;161;140;155m+[0m[48;2;161;140;155m[38;2;161;140;155m+[0m[48;2;161;140;155m[38;2;161;140;155m+[0m[48;2;161;140;155m[38;2;161;140;155m+[0m[48;2;160;139;154m[38;2;160;139;154m+[0m[48;2;145;126;140m[38;2;145;126;140m*[0m[48;2;60;50;59m[38;2;60;50;59m▒[0m[48;2;56;50;57m[38;2;56;50;57m▒[0m[48;2;34;29;34m[38;2;34;29;34m▓[0m[48;2;127;123;127m[38;2;127;123;127m#[0m[48;2;197;194;197m[38;2;197;194;197m-[0m[48;2;184;182;185m[38;2;184;182;185m-[0m[48;2;177;176;178m[38;2;177;176;178m=[0m[48;2;84;80;83m[38;2;84;80;83m@[0m[48;2;86;79;84m[38;2;86;79;84m@[0m[48;2;154;140;150m[38;2;154;140;150m*[0m[48;2;101;88;96m[38;2;101;88;96m%[0m[48;2;116;110;114m[38;2;116;110;114m#[0m                         
                                      [48;2;153;152;152m[38;2;153;152;152m+[0m[48;2;30;23;28m[38;2;30;23;28m▓[0m[48;2;107;93;104m[38;2;107;93;104m%[0m[48;2;157;139;151m[38;2;157;139;151m*[0m[48;2;161;140;155m[38;2;161;140;155m+[0m[48;2;161;140;155m[38;2;161;140;155m+[0m[48;2;161;140;155m[38;2;161;140;155m+[0m[48;2;153;137;150m[38;2;153;137;150m*[0m[48;2;58;48;58m[38;2;58;48;58m▒[0m[48;2;35;29;39m[38;2;35;29;39m▓[0m[48;2;21;16;23m[38;2;21;16;23m▓[0m[48;2;75;72;76m[38;2;75;72;76m@[0m[48;2;68;62;68m[38;2;68;62;68m░[0m[48;2;77;67;75m[38;2;77;67;75m░[0m[48;2;111;96;107m[38;2;111;96;107m%[0m[48;2;145;128;141m[38;2;145;128;141m*[0m[48;2;160;141;155m[38;2;160;141;155m+[0m[48;2;161;140;155m[38;2;161;140;155m+[0m[48;2;161;140;155m[38;2;161;140;155m+[0m[48;2;161;140;155m[38;2;161;140;155m+[0m[48;2;161;140;155m[38;2;161;140;155m+[0m[48;2;161;140;155m[38;2;161;140;155m+[0m[48;2;161;140;155m[38;2;161;140;155m+[0m[48;2;161;140;155m[38;2;161;140;155m+[0m[48;2;161;140;155m[38;2;161;140;155m+[0m[48;2;161;140;155m[38;2;161;140;155m+[0m[48;2;151;133;147m[38;2;151;133;147m*[0m[48;2;130;116;127m[38;2;130;116;127m#[0m[48;2;115;103;114m[38;2;115;103;114m%[0m[48;2;104;94;103m[38;2;104;94;103m%[0m[48;2;110;101;109m[38;2;110;101;109m%[0m[48;2;112;102;110m[38;2;112;102;110m%[0m[48;2;134;121;132m[38;2;134;121;132m#[0m[48;2;152;135;149m[38;2;152;135;149m*[0m[48;2;135;119;132m[38;2;135;119;132m#[0m[48;2;82;70;78m[38;2;82;70;78m@[0m[48;2;34;29;33m[38;2;34;29;33m▓[0m[48;2;196;194;196m[38;2;196;194;196m-[0m                        
                                       [48;2;75;73;74m[38;2;75;73;74m@[0m[48;2;81;78;80m[38;2;81;78;80m@[0m[48;2;61;54;59m[38;2;61;54;59m░[0m[48;2;146;132;142m[38;2;146;132;142m*[0m[48;2;160;141;155m[38;2;160;141;155m+[0m[48;2;161;140;155m[38;2;161;140;155m+[0m[48;2;161;140;155m[38;2;161;140;155m+[0m[48;2;161;140;155m[38;2;161;140;155m+[0m[48;2;161;140;155m[38;2;161;140;155m+[0m[48;2;147;129;142m[38;2;147;129;142m*[0m[48;2;76;63;73m[38;2;76;63;73m░[0m[48;2;75;66;74m[38;2;75;66;74m░[0m[48;2;61;55;62m[38;2;61;55;62m░[0m[48;2;13;8;14m[38;2;13;8;14m█[0m[48;2;21;16;22m[38;2;21;16;22m█[0m[48;2;110;96;107m[38;2;110;96;107m%[0m[48;2;161;140;155m[38;2;161;140;155m+[0m[48;2;123;104;118m[38;2;123;104;118m#[0m[48;2;153;134;148m[38;2;153;134;148m*[0m[48;2;161;140;155m[38;2;161;140;155m+[0m[48;2;161;140;155m[38;2;161;140;155m+[0m[48;2;154;134;148m[38;2;154;134;148m*[0m[48;2;158;138;153m[38;2;158;138;153m*[0m[48;2;160;140;155m[38;2;160;140;155m+[0m[48;2;161;140;155m[38;2;161;140;155m+[0m[48;2;161;140;155m[38;2;161;140;155m+[0m[48;2;161;141;155m[38;2;161;141;155m+[0m[48;2;135;119;132m[38;2;135;119;132m#[0m[48;2;87;73;85m[38;2;87;73;85m@[0m[48;2;81;68;80m[38;2;81;68;80m@[0m[48;2;81;67;79m[38;2;81;67;79m░[0m[48;2;81;68;79m[38;2;81;68;79m░[0m[48;2;85;72;83m[38;2;85;72;83m@[0m[48;2;101;88;100m[38;2;101;88;100m%[0m[48;2;128;115;126m[38;2;128;115;126m#[0m[48;2;105;93;102m[38;2;105;93;102m%[0m[48;2;103;98;102m[38;2;103;98;102m%[0m                        
                                        [48;2;145;144;145m[38;2;145;144;145m*[0m[48;2;122;121;122m[38;2;122;121;122m#[0m[48;2;64;59;64m[38;2;64;59;64m░[0m[48;2;92;81;91m[38;2;92;81;91m@[0m[48;2;152;135;147m[38;2;152;135;147m*[0m[48;2;161;140;155m[38;2;161;140;155m+[0m[48;2;161;140;155m[38;2;161;140;155m+[0m[48;2;161;140;155m[38;2;161;140;155m+[0m[48;2;161;140;155m[38;2;161;140;155m+[0m[48;2;161;140;155m[38;2;161;140;155m+[0m[48;2;152;135;148m[38;2;152;135;148m*[0m[48;2;127;112;124m[38;2;127;112;124m#[0m[48;2;118;103;115m[38;2;118;103;115m%[0m[48;2;154;138;150m[38;2;154;138;150m*[0m[48;2;159;140;154m[38;2;159;140;154m+[0m[48;2;161;140;155m[38;2;161;140;155m+[0m[48;2;128;109;123m[38;2;128;109;123m#[0m[48;2;76;61;71m[38;2;76;61;71m░[0m[48;2;78;64;73m[38;2;78;64;73m░[0m[48;2;80;66;77m[38;2;80;66;77m░[0m[48;2;46;35;46m[38;2;46;35;46m▒[0m[48;2;18;9;19m[38;2;18;9;19m█[0m[48;2;34;26;34m[38;2;34;26;34m▓[0m[48;2;46;37;45m[38;2;46;37;45m▒[0m[48;2;55;46;54m[38;2;55;46;54m▒[0m[48;2;68;57;66m[38;2;68;57;66m░[0m[48;2;74;63;72m[38;2;74;63;72m░[0m[48;2;76;65;74m[38;2;76;65;74m░[0m[48;2;78;65;77m[38;2;78;65;77m░[0m[48;2;79;67;78m[38;2;79;67;78m░[0m[48;2;73;61;70m[38;2;73;61;70m░[0m[48;2;61;51;58m[38;2;61;51;58m▒[0m[48;2;88;81;87m[38;2;88;81;87m@[0m[48;2;94;89;95m[38;2;94;89;95m@[0m[48;2;108;104;109m[38;2;108;104;109m%[0m[48;2;234;232;234m[38;2;234;232;234m.[0m                        
                                         [48;2;191;190;191m[38;2;191;190;191m-[0m[48;2;11;10;14m[38;2;11;10;14m█[0m[48;2;12;10;17m[38;2;12;10;17m█[0m[48;2;16;12;21m[38;2;16;12;21m█[0m[48;2;76;65;82m[38;2;76;65;82m░[0m[48;2;127;111;124m[38;2;127;111;124m#[0m[48;2;156;137;151m[38;2;156;137;151m*[0m[48;2;161;140;155m[38;2;161;140;155m+[0m[48;2;161;140;155m[38;2;161;140;155m+[0m[48;2;161;140;155m[38;2;161;140;155m+[0m[48;2;160;141;155m[38;2;160;141;155m+[0m[48;2;100;83;96m[38;2;100;83;96m@[0m[48;2;73;58;71m[38;2;73;58;71m░[0m[48;2;117;103;115m[38;2;117;103;115m%[0m[48;2;140;123;136m[38;2;140;123;136m*[0m[48;2;157;139;153m[38;2;157;139;153m*[0m[48;2;160;141;155m[38;2;160;141;155m+[0m[48;2;159;141;155m[38;2;159;141;155m+[0m[48;2;158;139;153m[38;2;158;139;153m*[0m[48;2;153;135;149m[38;2;153;135;149m*[0m[48;2;151;133;147m[38;2;151;133;147m*[0m[48;2;151;132;146m[38;2;151;132;146m*[0m[48;2;153;134;148m[38;2;153;134;148m*[0m[48;2;156;138;151m[38;2;156;138;151m*[0m[48;2;160;140;154m[38;2;160;140;154m+[0m[48;2;159;142;153m[38;2;159;142;153m+[0m[48;2;155;139;151m[38;2;155;139;151m*[0m[48;2;129;114;127m[38;2;129;114;127m#[0m[48;2;89;77;88m[38;2;89;77;88m@[0m[48;2;82;73;82m[38;2;82;73;82m@[0m[48;2;172;168;172m[38;2;172;168;172m=[0m                            
                                        [48;2;224;224;224m[38;2;224;224;224m.[0m[48;2;30;29;32m[38;2;30;29;32m▓[0m[48;2;33;31;43m[38;2;33;31;43m▓[0m[48;2;21;18;32m[38;2;21;18;32m▓[0m[48;2;8;3;18m[38;2;8;3;18m█[0m[48;2;83;69;139m[38;2;83;69;139m@[0m[48;2;69;58;109m[38;2;69;58;109m░[0m[48;2;37;27;74m[38;2;37;27;74m▓[0m[48;2;42;35;46m[38;2;42;35;46m▒[0m[48;2;75;64;86m[38;2;75;64;86m░[0m[48;2;98;85;97m[38;2;98;85;97m@[0m[48;2;120;106;119m[38;2;120;106;119m#[0m[48;2;139;123;136m[38;2;139;123;136m*[0m[48;2;144;130;143m[38;2;144;130;143m*[0m[48;2;106;94;106m[38;2;106;94;106m%[0m[48;2;60;52;60m[38;2;60;52;60m░[0m[48;2;31;23;31m[38;2;31;23;31m▓[0m[48;2;31;24;31m[38;2;31;24;31m▓[0m[48;2;46;39;46m[38;2;46;39;46m▒[0m[48;2;62;53;61m[38;2;62;53;61m░[0m[48;2;71;63;69m[38;2;71;63;69m░[0m[48;2;75;67;74m[38;2;75;67;74m░[0m[48;2;77;69;76m[38;2;77;69;76m░[0m[48;2;77;68;76m[38;2;77;68;76m░[0m[48;2;69;61;70m[38;2;69;61;70m░[0m[48;2;55;47;56m[38;2;55;47;56m▒[0m[48;2;38;32;40m[38;2;38;32;40m▓[0m[48;2;82;76;83m[38;2;82;76;83m@[0m[48;2;154;150;155m[38;2;154;150;155m+[0m[48;2;218;215;219m[38;2;218;215;219m:[0m                              
                                        [48;2;73;72;76m[38;2;73;72;76m░[0m[48;2;28;26;37m[38;2;28;26;37m▓[0m[48;2;37;32;51m[38;2;37;32;51m▓[0m[48;2;37;32;51m[38;2;37;32;51m▓[0m[48;2;12;7;23m[38;2;12;7;23m█[0m[48;2;85;71;142m[38;2;85;71;142m@[0m[48;2;94;83;152m[38;2;94;83;152m%[0m[48;2;72;56;149m[38;2;72;56;149m░[0m[48;2;7;3;30m[38;2;7;3;30m█[0m[48;2;48;36;107m[38;2;48;36;107m▒[0m[48;2;69;56;137m[38;2;69;56;137m░[0m[48;2;55;40;132m[38;2;55;40;132m░[0m[48;2;46;36;103m[38;2;46;36;103m▒[0m[48;2;39;25;104m[38;2;39;25;104m▒[0m[48;2;49;39;75m[38;2;49;39;75m▒[0m[48;2;31;22;51m[38;2;31;22;51m▓[0m[48;2;32;28;35m[38;2;32;28;35m▓[0m[48;2;36;30;38m[38;2;36;30;38m▓[0m[48;2;16;11;20m[38;2;16;11;20m█[0m[48;2;11;7;16m[38;2;11;7;16m█[0m[48;2;11;8;17m[38;2;11;8;17m█[0m[48;2;11;8;17m[38;2;11;8;17m█[0m[48;2;12;9;19m[38;2;12;9;19m█[0m[48;2;15;11;22m[38;2;15;11;22m█[0m[48;2;18;14;27m[38;2;18;14;27m█[0m[48;2;23;18;34m[38;2;23;18;34m▓[0m[48;2;28;23;40m[38;2;28;23;40m▓[0m[48;2;23;19;34m[38;2;23;19;34m▓[0m[48;2;41;37;48m[38;2;41;37;48m▒[0m[48;2;100;97;104m[38;2;100;97;104m%[0m[48;2;181;179;182m[38;2;181;179;182m=[0m                             
                                       [48;2;181;181;182m[38;2;181;181;182m=[0m[48;2;17;15;25m[38;2;17;15;25m█[0m[48;2;37;32;51m[38;2;37;32;51m▓[0m[48;2;37;31;52m[38;2;37;31;52m▓[0m[48;2;37;31;52m[38;2;37;31;52m▓[0m[48;2;14;10;24m[38;2;14;10;24m█[0m[48;2;77;65;124m[38;2;77;65;124m@[0m[48;2;87;73;153m[38;2;87;73;153m@[0m[48;2;86;72;154m[38;2;86;72;154m@[0m[48;2;20;9;71m[38;2;20;9;71m▓[0m[48;2;76;72;81m[38;2;76;72;81m@[0m[48;2;39;28;85m[38;2;39;28;85m▒[0m[48;2;81;67;155m[38;2;81;67;155m@[0m[48;2;76;60;163m[38;2;76;60;163m@[0m[48;2;80;65;167m[38;2;80;65;167m@[0m[48;2;71;52;165m[38;2;71;52;165m░[0m[48;2;42;33;79m[38;2;42;33;79m▒[0m[48;2;25;21;31m[38;2;25;21;31m▓[0m[48;2;35;31;42m[38;2;35;31;42m▓[0m[48;2;38;33;50m[38;2;38;33;50m▓[0m[48;2;37;32;50m[38;2;37;32;50m▓[0m[48;2;37;31;52m[38;2;37;31;52m▓[0m[48;2;37;31;52m[38;2;37;31;52m▓[0m[48;2;37;31;52m[38;2;37;31;52m▓[0m[48;2;37;31;52m[38;2;37;31;52m▓[0m[48;2;37;31;52m[38;2;37;31;52m▓[0m[48;2;37;31;52m[38;2;37;31;52m▓[0m[48;2;37;31;52m[38;2;37;31;52m▓[0m[48;2;37;31;52m[38;2;37;31;52m▓[0m[48;2;37;31;52m[38;2;37;31;52m▓[0m[48;2;36;30;50m[38;2;36;30;50m▓[0m[48;2;26;21;37m[38;2;26;21;37m▓[0m[48;2;39;35;45m[38;2;39;35;45m▒[0m[48;2;133;131;135m[38;2;133;131;135m*[0m[48;2;236;236;236m[38;2;236;236;236m.[0m                          
                                       [48;2;73;72;74m[38;2;73;72;74m░[0m[48;2;31;28;42m[38;2;31;28;42m▓[0m[48;2;37;31;51m[38;2;37;31;51m▓[0m[48;2;37;31;52m[38;2;37;31;52m▓[0m[48;2;37;31;52m[38;2;37;31;52m▓[0m[48;2;28;23;42m[38;2;28;23;42m▓[0m[48;2;25;20;35m[38;2;25;20;35m▓[0m[48;2;37;31;54m[38;2;37;31;54m▓[0m[48;2;44;38;66m[38;2;44;38;66m▒[0m[48;2;21;12;55m[38;2;21;12;55m▓[0m[48;2;110;106;114m[38;2;110;106;114m%[0m[48;2;162;159;164m[38;2;162;159;164m+[0m[48;2;45;39;66m[38;2;45;39;66m▒[0m[48;2;64;50;126m[38;2;64;50;126m░[0m[48;2;53;43;102m[38;2;53;43;102m▒[0m[48;2;74;71;81m[38;2;74;71;81m░[0m[48;2;133;130;135m[38;2;133;130;135m*[0m[48;2;46;43;50m[38;2;46;43;50m▒[0m[48;2;50;46;56m[38;2;50;46;56m▒[0m[48;2;61;57;70m[38;2;61;57;70m░[0m[48;2;53;48;64m[38;2;53;48;64m▒[0m[48;2;38;32;52m[38;2;38;32;52m▓[0m[48;2;37;31;52m[38;2;37;31;52m▓[0m[48;2;37;31;52m[38;2;37;31;52m▓[0m[48;2;37;31;52m[38;2;37;31;52m▓[0m[48;2;37;31;52m[38;2;37;31;52m▓[0m[48;2;37;31;52m[38;2;37;31;52m▓[0m[48;2;37;31;52m[38;2;37;31;52m▓[0m[48;2;37;31;52m[38;2;37;31;52m▓[0m[48;2;37;31;52m[38;2;37;31;52m▓[0m[48;2;37;31;52m[38;2;37;31;52m▓[0m[48;2;37;31;52m[38;2;37;31;52m▓[0m[48;2;37;31;52m[38;2;37;31;52m▓[0m[48;2;32;27;44m[38;2;32;27;44m▓[0m[48;2;32;28;40m[38;2;32;28;40m▓[0m[48;2;149;148;153m[38;2;149;148;153m+[0m                         
                                       [48;2;18;17;21m[38;2;18;17;21m█[0m[48;2;36;31;50m[38;2;36;31;50m▓[0m[48;2;37;31;52m[38;2;37;31;52m▓[0m[48;2;37;31;52m[38;2;37;31;52m▓[0m[48;2;37;31;52m[38;2;37;31;52m▓[0m[48;2;37;31;52m[38;2;37;31;52m▓[0m[48;2;37;31;52m[38;2;37;31;52m▓[0m[48;2;37;31;51m[38;2;37;31;51m▓[0m[48;2;67;64;77m[38;2;67;64;77m░[0m[48;2;24;22;29m[38;2;24;22;29m▓[0m[48;2;5;2;8m[38;2;5;2;8m█[0m[48;2;112;109;114m[38;2;112;109;114m#[0m[48;2;215;212;216m[38;2;215;212;216m:[0m[48;2;148;146;150m[38;2;148;146;150m+[0m[48;2;28;25;29m[38;2;28;25;29m▓[0m[48;2;119;117;119m[38;2;119;117;119m#[0m[48;2;219;217;218m[38;2;219;217;218m:[0m[48;2;241;239;242m[38;2;241;239;242m [0m[48;2;118;117;120m[38;2;118;117;120m#[0m[48;2;33;31;37m[38;2;33;31;37m▓[0m[48;2;34;32;39m[38;2;34;32;39m▓[0m[48;2;56;52;65m[38;2;56;52;65m▒[0m[48;2;63;58;74m[38;2;63;58;74m░[0m[48;2;47;42;60m[38;2;47;42;60m▒[0m[48;2;37;31;52m[38;2;37;31;52m▓[0m[48;2;37;31;52m[38;2;37;31;52m▓[0m[48;2;37;31;52m[38;2;37;31;52m▓[0m[48;2;37;31;52m[38;2;37;31;52m▓[0m[48;2;37;31;52m[38;2;37;31;52m▓[0m[48;2;37;31;52m[38;2;37;31;52m▓[0m[48;2;37;31;52m[38;2;37;31;52m▓[0m[48;2;37;31;52m[38;2;37;31;52m▓[0m[48;2;37;31;52m[38;2;37;31;52m▓[0m[48;2;37;31;52m[38;2;37;31;52m▓[0m[48;2;37;31;51m[38;2;37;31;51m▓[0m[48;2;25;20;35m[38;2;25;20;35m▓[0m[48;2;88;87;91m[38;2;88;87;91m@[0m                        