                                                                                                    
                                                                                                    
                                                                                                    
                                                                                                    
                                                                                                    
                                                                                                    
                                                                                                    
                                                                                                    
                                                                                                    
                                                                                                    
                                                                                                    
                                                 [48;2;232;232;232m[38;2;232;232;232m.[0m[48;2;214;214;214m[38;2;214;214;214m:[0m[48;2;204;204;205m[38;2;204;204;205m:[0m[48;2;206;206;206m[38;2;206;206;206m:[0m[48;2;219;219;219m[38;2;219;219;219m:[0m[48;2;240;240;240m[38;2;240;240;240m [0m                                             
                                             [48;2;212;212;212m[38;2;212;212;212m:[0m[48;2;111;110;113m[38;2;111;110;113m#[0m[48;2;61;60;66m[38;2;61;60;66m░[0m[48;2;33;31;41m[38;2;33;31;41m▓[0m[48;2;26;24;34m[38;2;26;24;34m▓[0m[48;2;29;27;38m[38;2;29;27;38m▓[0m[48;2;31;29;40m[38;2;31;29;40m▓[0m[48;2;30;28;39m[38;2;30;28;39m▓[0m[48;2;27;25;37m[38;2;27;25;37m▓[0m[48;2;23;22;33m[38;2;23;22;33m▓[0m[48;2;48;46;57m[38;2;48;46;57m▒[0m[48;2;93;91;100m[38;2;93;91;100m%[0m[48;2;161;160;164m[38;2;161;160;164m+[0m[48;2;240;239;241m[38;2;240;239;241m [0m                                         
                                            [48;2;130;129;131m[38;2;130;129;131m*[0m[48;2;25;24;31m[38;2;25;24;31m▓[0m[48;2;40;39;54m[38;2;40;39;54m▒[0m[48;2;41;43;59m[38;2;41;43;59m▒[0m[48;2;41;44;59m[38;2;41;44;59m▒[0m[48;2;40;44;59m[38;2;40;44;59m▒[0m[48;2;40;44;59m[38;2;40;44;59m▒[0m[48;2;40;44;59m[38;2;40;44;59m▒[0m[48;2;40;44;59m[38;2;40;44;59m▒[0m[48;2;40;44;59m[38;2;40;44;59m▒[0m[48;2;40;44;59m[38;2;40;44;59m▒[0m[48;2;41;43;60m[38;2;41;43;60m▒[0m[48;2;41;42;60m[38;2;41;42;60m▒[0m[48;2;33;32;48m[38;2;33;32;48m▓[0m[48;2;31;30;41m[38;2;31;30;41m▓[0m[48;2;120;119;125m[38;2;120;119;125m#[0m[48;2;208;207;209m[38;2;208;207;209m:[0m                                       
                                           [48;2;99;99;101m[38;2;99;99;101m%[0m[48;2;29;28;37m[38;2;29;28;37m▓[0m[48;2;42;43;59m[38;2;42;43;59m▒[0m[48;2;40;44;59m[38;2;40;44;59m▒[0m[48;2;40;44;59m[38;2;40;44;59m▒[0m[48;2;40;44;59m[38;2;40;44;59m▒[0m[48;2;40;44;59m[38;2;40;44;59m▒[0m[48;2;40;44;59m[38;2;40;44;59m▒[0m[48;2;40;44;59m[38;2;40;44;59m▒[0m[48;2;40;44;59m[38;2;40;44;59m▒[0m[48;2;40;44;59m[38;2;40;44;59m▒[0m[48;2;40;44;59m[38;2;40;44;59m▒[0m[48;2;40;44;59m[38;2;40;44;59m▒[0m[48;2;40;44;59m[38;2;40;44;59m▒[0m[48;2;41;43;59m[38;2;41;43;59m▒[0m[48;2;42;43;59m[38;2;42;43;59m▒[0m[48;2;54;53;61m[38;2;54;53;61m▒[0m[48;2;9;7;10m[38;2;9;7;10m█[0m[48;2;79;78;80m[38;2;79;78;80m@[0m[48;2;216;215;216m[38;2;216;215;216m:[0m                                     
                                         [48;2;161;161;162m[38;2;161;161;162m+[0m[48;2;11;10;13m[38;2;11;10;13m█[0m[48;2;27;26;34m[38;2;27;26;34m▓[0m[48;2;44;43;58m[38;2;44;43;58m▒[0m[48;2;41;44;59m[38;2;41;44;59m▒[0m[48;2;40;44;59m[38;2;40;44;59m▒[0m[48;2;40;44;59m[38;2;40;44;59m▒[0m[48;2;40;44;59m[38;2;40;44;59m▒[0m[48;2;40;44;59m[38;2;40;44;59m▒[0m[48;2;40;44;59m[38;2;40;44;59m▒[0m[48;2;40;44;59m[38;2;40;44;59m▒[0m[48;2;40;44;59m[38;2;40;44;59m▒[0m[48;2;40;44;59m[38;2;40;44;59m▒[0m[48;2;40;44;59m[38;2;40;44;59m▒[0m[48;2;40;44;59m[38;2;40;44;59m▒[0m[48;2;40;44;59m[38;2;40;44;59m▒[0m[48;2;40;44;59m[38;2;40;44;59m▒[0m[48;2;46;46;61m[38;2;46;46;61m▒[0m[48;2;75;73;81m[38;2;75;73;81m@[0m[48;2;16;13;21m[38;2;16;13;21m█[0m[48;2;116;108;117m[38;2;116;108;117m#[0m[48;2;56;49;55m[38;2;56;49;55m▒[0m[48;2;208;207;209m[38;2;208;207;209m:[0m                                    
                                         [48;2;29;29;29m[38;2;29;29;29m▓[0m[48;2;14;13;20m[38;2;14;13;20m█[0m[48;2;43;42;57m[38;2;43;42;57m▒[0m[48;2;40;44;59m[38;2;40;44;59m▒[0m[48;2;40;44;59m[38;2;40;44;59m▒[0m[48;2;40;44;59m[38;2;40;44;59m▒[0m[48;2;40;44;59m[38;2;40;44;59m▒[0m[48;2;40;44;59m[38;2;40;44;59m▒[0m[48;2;40;44;59m[38;2;40;44;59m▒[0m[48;2;40;44;59m[38;2;40;44;59m▒[0m[48;2;40;44;59m[38;2;40;44;59m▒[0m[48;2;40;44;59m[38;2;40;44;59m▒[0m[48;2;40;44;59m[38;2;40;44;59m▒[0m[48;2;40;44;59m[38;2;40;44;59m▒[0m[48;2;40;44;59m[38;2;40;44;59m▒[0m[48;2;40;44;59m[38;2;40;44;59m▒[0m[48;2;40;44;59m[38;2;40;44;59m▒[0m[48;2;58;58;74m[38;2;58;58;74m░[0m[48;2;45;44;57m[38;2;45;44;57m▒[0m[48;2;19;14;23m[38;2;19;14;23m█[0m[48;2;110;99;107m[38;2;110;99;107m%[0m[48;2;120;106;114m[38;2;120;106;114m#[0m[48;2;60;54;58m[38;2;60;54;58m░[0m                                    
                                       [48;2;233;233;233m[38;2;233;233;233m.[0m[48;2;67;65;67m[38;2;67;65;67m░[0m[48;2;28;26;30m[38;2;28;26;30m▓[0m[48;2;30;28;37m[38;2;30;28;37m▓[0m[48;2;41;43;59m[38;2;41;43;59m▒[0m[48;2;40;44;59m[38;2;40;44;59m▒[0m[48;2;40;44;59m[38;2;40;44;59m▒[0m[48;2;40;44;59m[38;2;40;44;59m▒[0m[48;2;40;44;59m[38;2;40;44;59m▒[0m[48;2;40;44;59m[38;2;40;44;59m▒[0m[48;2;40;44;59m[38;2;40;44;59m▒[0m[48;2;40;44;59m[38;2;40;44;59m▒[0m[48;2;40;44;59m[38;2;40;44;59m▒[0m[48;2;40;44;59m[38;2;40;44;59m▒[0m[48;2;40;44;59m[38;2;40;44;59m▒[0m[48;2;40;44;59m[38;2;40;44;59m▒[0m[48;2;40;44;59m[38;2;40;44;59m▒[0m[48;2;42;42;59m[38;2;42;42;59m▒[0m[48;2;62;61;77m[38;2;62;61;77m░[0m[48;2;61;59;72m[38;2;61;59;72m░[0m[48;2;23;21;32m[38;2;23;21;32m▓[0m[48;2;97;88;99m[38;2;97;88;99m%[0m[48;2;102;90;99m[38;2;102;90;99m%[0m[48;2;38;29;35m[38;2;38;29;35m▓[0m[48;2;74;66;71m[38;2;74;66;71m░[0m[48;2;178;177;177m[38;2;178;177;177m=[0m                                   
                                       [48;2;57;54;56m[38;2;57;54;56m░[0m[48;2;105;97;103m[38;2;105;97;103m%[0m[48;2;67;61;68m[38;2;67;61;68m░[0m[48;2;34;32;43m[38;2;34;32;43m▓[0m[48;2;40;44;59m[38;2;40;44;59m▒[0m[48;2;40;44;59m[38;2;40;44;59m▒[0m[48;2;40;44;59m[38;2;40;44;59m▒[0m[48;2;40;44;59m[38;2;40;44;59m▒[0m[48;2;40;44;59m[38;2;40;44;59m▒[0m[48;2;40;44;59m[38;2;40;44;59m▒[0m[48;2;40;44;59m[38;2;40;44;59m▒[0m[48;2;40;44;59m[38;2;40;44;59m▒[0m[48;2;40;44;59m[38;2;40;44;59m▒[0m[48;2;40;44;59m[38;2;40;44;59m▒[0m[48;2;40;44;59m[38;2;40;44;59m▒[0m[48;2;41;43;59m[38;2;41;43;59m▒[0m[48;2;47;46;62m[38;2;47;46;62m▒[0m[48;2;72;69;82m[38;2;72;69;82m░[0m[48;2;51;47;58m[38;2;51;47;58m▒[0m[48;2;32;28;38m[38;2;32;28;38m▓[0m[48;2;113;102;114m[38;2;113;102;114m%[0m[48;2;158;140;154m[38;2;158;140;154m+[0m[48;2;156;139;151m[38;2;156;139;151m*[0m[48;2;50;41;47m[38;2;50;41;47m▒[0m[48;2;81;77;81m[38;2;81;77;81m@[0m[48;2;128;127;128m[38;2;128;127;128m#[0m                                   
                                      [48;2;110;109;110m[38;2;110;109;110m%[0m[48;2;89;80;87m[38;2;89;80;87m@[0m[48;2;157;142;152m[38;2;157;142;152m+[0m[48;2;95;84;94m[38;2;95;84;94m@[0m[48;2;27;23;34m[38;2;27;23;34m▓[0m[48;2;41;43;59m[38;2;41;43;59m▒[0m[48;2;40;44;59m[38;2;40;44;59m▒[0m[48;2;40;44;59m[38;2;40;44;59m▒[0m[48;2;40;44;59m[38;2;40;44;59m▒[0m[48;2;40;44;59m[38;2;40;44;59m▒[0m[48;2;40;44;59m[38;2;40;44;59m▒[0m[48;2;40;44;59m[38;2;40;44;59m▒[0m[48;2;40;44;59m[38;2;40;44;59m▒[0m[48;2;40;44;59m[38;2;40;44;59m▒[0m[48;2;42;43;58m[38;2;42;43;58m▒[0m[48;2;50;49;63m[38;2;50;49;63m▒[0m[48;2;67;65;78m[38;2;67;65;78m░[0m[48;2;59;55;66m[38;2;59;55;66m░[0m[48;2;30;25;34m[38;2;30;25;34m▓[0m[48;2;85;74;84m[38;2;85;74;84m@[0m[48;2;152;135;148m[38;2;152;135;148m*[0m[48;2;161;141;155m[38;2;161;141;155m+[0m[48;2;161;140;155m[38;2;161;140;155m+[0m[48;2;160;140;154m[38;2;160;140;154m+[0m[48;2;80;69;77m[38;2;80;69;77m@[0m[48;2;33;30;34m[38;2;33;30;34m▓[0m[48;2;130;128;131m[38;2;130;128;131m*[0m                                   
                                     [48;2;212;212;212m[38;2;212;212;212m:[0m[48;2;47;42;46m[38;2;47;42;46m▒[0m[48;2;156;140;150m[38;2;156;140;150m*[0m[48;2;160;142;153m[38;2;160;142;153m+[0m[48;2;81;68;77m[38;2;81;68;77m░[0m[48;2;31;23;31m[38;2;31;23;31m▓[0m[48;2;33;30;43m[38;2;33;30;43m▓[0m[48;2;42;43;58m[38;2;42;43;58m▒[0m[48;2;41;43;59m[38;2;41;43;59m▒[0m[48;2;40;44;59m[38;2;40;44;59m▒[0m[48;2;40;44;59m[38;2;40;44;59m▒[0m[48;2;42;42;60m[38;2;42;42;60m▒[0m[48;2;45;45;60m[38;2;45;45;60m▒[0m[48;2;60;60;75m[38;2;60;60;75m░[0m[48;2;49;49;64m[38;2;49;49;64m▒[0m[48;2;61;59;70m[38;2;61;59;70m░[0m[48;2;44;40;50m[38;2;44;40;50m▒[0m[48;2;45;39;47m[38;2;45;39;47m▒[0m[48;2;96;84;94m[38;2;96;84;94m@[0m[48;2;151;134;146m[38;2;151;134;146m*[0m[48;2;161;141;155m[38;2;161;141;155m+[0m[48;2;161;140;155m[38;2;161;140;155m+[0m[48;2;161;140;155m[38;2;161;140;155m+[0m[48;2;161;140;155m[38;2;161;140;155m+[0m[48;2;160;140;155m[38;2;160;140;155m+[0m[48;2;92;80;88m[38;2;92;80;88m@[0m[48;2;16;13;17m[38;2;16;13;17m█[0m[48;2;196;195;198m[38;2;196;195;198m-[0m                                   
                                     [48;2;98;98;98m[38;2;98;98;98m%[0m[48;2;121;111;119m[38;2;121;111;119m#[0m[48;2;160;142;155m[38;2;160;142;155m+[0m[48;2;160;142;153m[38;2;160;142;153m+[0m[48;2;101;88;97m[38;2;101;88;97m%[0m[48;2;81;73;81m[38;2;81;73;81m@[0m[48;2;57;49;58m[38;2;57;49;58m▒[0m[48;2;29;23;35m[38;2;29;23;35m▓[0m[48;2;41;39;54m[38;2;41;39;54m▒[0m[48;2;43;43;59m[38;2;43;43;59m▒[0m[48;2;56;56;71m[38;2;56;56;71m░[0m[48;2;65;63;76m[38;2;65;63;76m░[0m[48;2;60;55;65m[38;2;60;55;65m░[0m[48;2;31;24;35m[38;2;31;24;35m▓[0m[48;2;47;39;50m[38;2;47;39;50m▒[0m[48;2;86;75;87m[38;2;86;75;87m@[0m[48;2;134;120;133m[38;2;134;120;133m#[0m[48;2;158;141;153m[38;2;158;141;153m+[0m[48;2;160;141;153m[38;2;160;141;153m+[0m[48;2;156;136;150m[38;2;156;136;150m*[0m[48;2;161;140;155m[38;2;161;140;155m+[0m[48;2;161;140;155m[38;2;161;140;155m+[0m[48;2;161;140;155m[38;2;161;140;155m+[0m[48;2;161;140;155m[38;2;161;140;155m+[0m[48;2;161;140;155m[38;2;161;140;155m+[0m[48;2;64;53;60m[38;2;64;53;60m░[0m[48;2;148;145;148m[38;2;148;145;148m*[0m[48;2;154;152;153m[38;2;154;152;153m+[0m[48;2;178;176;177m[38;2;178;176;177m=[0m[48;2;205;204;205m[38;2;205;204;205m:[0m                                 
                                     [48;2;39;35;39m[38;2;39;35;39m▒[0m[48;2;158;141;153m[38;2;158;141;153m+[0m[48;2;161;140;155m[38;2;161;140;155m+[0m[48;2;161;140;155m[38;2;161;140;155m+[0m[48;2;156;138;151m[38;2;156;138;151m*[0m[48;2;47;38;46m[38;2;47;38;46m▒[0m[48;2;102;89;100m[38;2;102;89;100m%[0m[48;2;100;87;99m[38;2;100;87;99m%[0m[48;2;86;74;84m[38;2;86;74;84m@[0m[48;2;72;62;71m[38;2;72;62;71m░[0m[48;2;30;23;31m[38;2;30;23;31m▓[0m[48;2;78;70;78m[38;2;78;70;78m@[0m[48;2;111;98;108m[38;2;111;98;108m%[0m[48;2;144;129;141m[38;2;144;129;141m*[0m[48;2;157;140;152m[38;2;157;140;152m+[0m[48;2;142;125;136m[38;2;142;125;136m*[0m[48;2;109;95;104m[38;2;109;95;104m%[0m[48;2;79;66;75m[38;2;79;66;75m░[0m[48;2;74;60;70m[38;2;74;60;70m░[0m[48;2;112;96;108m[38;2;112;96;108m%[0m[48;2;161;140;155m[38;2;161;140;155m+[0m[48;2;161;140;155m[38;2;161;140;155m+[0m[48;2;161;140;155m[38;2;161;140;155m+[0m[48;2;161;140;155m[38;2;161;140;155m+[0m[48;2;141;123;136m[38;2;141;123;136m*[0m[48;2;15;7;14m[38;2;15;7;14m█[0m[48;2;22;17;23m[38;2;22;17;23m▓[0m[48;2;199;196;200m[38;2;199;196;200m-[0m[48;2;65;63;66m[38;2;65;63;66m░[0m[48;2;39;37;39m[38;2;39;37;39m▒[0m[48;2;172;170;171m[38;2;172;170;171m=[0m                                
                                    [48;2;225;225;225m[38;2;225;225;225m.[0m[48;2;45;41;44m[38;2;45;41;44m▒[0m[48;2;159;142;154m[38;2;159;142;154m+[0m[48;2;161;140;155m[38;2;161;140;155m+[0m[48;2;161;140;155m[38;2;161;140;155m+[0m[48;2;161;140;155m[38;2;161;140;155m+[0m[48;2;145;128;140m[38;2;145;128;140m*[0m[48;2;45;33;42m[38;2;45;33;42m▒[0m[48;2;25;16;23m[38;2;25;16;23m▓[0m[48;2;106;95;101m[38;2;106;95;101m%[0m[48;2;30;23;28m[38;2;30;23;28m▓[0m[48;2;40;33;38m[38;2;40;33;38m▓[0m[48;2;86;76;85m[38;2;86;76;85m@[0m[48;2;80;66;78m[38;2;80;66;78m░[0m[48;2;77;63;75m[38;2;77;63;75m░[0m[48;2;77;64;75m[38;2;77;64;75m░[0m[48;2;94;80;90m[38;2;94;80;90m@[0m[48;2;126;110;122m[38;2;126;110;122m#[0m[48;2;155;137;150m[38;2;155;137;150m*[0m[48;2;161;140;155m[38;2;161;140;155m+[0m[48;2;161;140;155m[38;2;161;140;155m+[0m[48;2;161;140;155m[38;2;161;140;155m+[0m[48;2;161;140;155m[38;2;161;140;155m+[0m[48;2;161;140;155m[38;2;161;140;155m+[0m[48;2;161;140;155m[38;2;161;140;155m+[0m[48;2;58;46;56m[38;2;58;46;56m▒[0m[48;2;29;22;32m[38;2;29;22;32m▓[0m[48;2;20;15;26m[38;2;20;15;26m█[0m[48;2;174;170;175m[38;2;174;170;175m=[0m[48;2;224;221;225m[38;2;224;221;225m.[0m[48;2;41;39;42m[38;2;41;39;42m▒[0m                                 
                                    [48;2;233;233;233m[38;2;233;233;233m.[0m[48;2;42;39;42m[38;2;42;39;42m▒[0m[48;2;159;141;154m[38;2;159;141;154m+[0m[48;2;161;140;155m[38;2;161;140;155m+[0m[48;2;161;140;155m[38;2;161;140;155m+[0m[48;2;161;140;155m[38;2;161;140;155m+[0m[48;2;161;140;155m[38;2;161;140;155m+[0m[48;2;157;138;152m[38;2;157;138;152m*[0m[48;2;58;47;54m[38;2;58;47;54m▒[0m[48;2;8;2;8m[38;2;8;2;8m█[0m[48;2;10;6;12m[38;2;10;6;12m█[0m[48;2;27;24;29m[38;2;27;24;29m▓[0m[48;2;73;66;73m[38;2;73;66;73m░[0m[48;2;123;110;120m[38;2;123;110;120m#[0m[48;2;158;140;154m[38;2;158;140;154m+[0m[48;2;161;140;155m[38;2;161;140;155m+[0m[48;2;161;140;155m[38;2;161;140;155m+[0m[48;2;161;140;155m[38;2;161;140;155m+[0m[48;2;161;140;155m[38;2;161;140;155m+[0m[48;2;161;140;155m[38;2;161;140;155m+[0m[48;2;161;140;155m[38;2;161;140;155m+[0m[48;2;161;140;155m[38;2;161;140;155m+[0m[48;2;161;140;155m[38;2;161;140;155m+[0m[48;2;161;140;155m[38;2;161;140;155m+[0m[48;2;152;131;146m[38;2;152;131;146m*[0m[48;2;49;36;47m[38;2;49;36;47m▒[0m[48;2;25;19;30m[38;2;25;19;30m▓[0m[48;2;27;22;34m[38;2;27;22;34m▓[0m[48;2;115;112;117m[38;2;115;112;117m#[0m[48;2;200;198;199m[38;2;200;198;199m-[0m[48;2;54;52;53m[38;2;54;52;53m▒[0m[48;2;123;121;122m[38;2;123;121;122m#[0m[48;2;148;147;147m[38;2;148;147;147m+[0m[48;2;163;162;162m[38;2;163;162;162m+[0m[48;2;198;197;197m[38;2;198;197;197m-[0m[48;2;239;239;239m[38;2;239;239;239m [0m                            
                                    [48;2;185;185;185m[38;2;185;185;185m-[0m[48;2;14;11;14m[38;2;14;11;14m█[0m[48;2;143;128;138m[38;2;143;128;138m*[0m[48;2;161;140;155m[38;2;161;140;155m+[0m[48;2;161;140;155m[38;2;161;140;155m+[0m[48;2;161;140;155m[38;2;161;140;155m+[0m[48;2;161;140;155m[38;2;161;140;155m+[0m[48;2;161;140;155m[38;2;161;140;155m+[0m[48;2;51;41;50m[38;2;51;41;50m▒[0m[48;2;32;27;36m[38;2;32;27;36m▓[0m[48;2;4;2;8m[38;2;4;2;8m█[0m[48;2;15;14;19m[38;2;15;14;19m█[0m[48;2;18;15;20m[38;2;18;15;20m█[0m[48;2;50;40;48m[38;2;50;40;48m▒[0m[48;2;156;138;152m[38;2;156;138;152m*[0m[48;2;161;140;155m[38;2;161;140;155m+[0m[48;2;161;140;155m[38;2;161;140;155m+[0m[48;2;161;140;155m[38;2;161;140;155m+[0m[48;2;161;140;155m[38;2;161;140;155m+[0m[48;2;161;140;155m[38;2;161;140;155m+[0m[48;2;161;140;155m[38;2;161;140;155m+[0m[48;2;161;140;155m[38;2;161;140;155m+[0m[48;2;161;140;155m[38;2;161;140;155m+[0m[48;2;161;140;155m[38;2;161;140;155m+[0m[48;2;161;140;155m[38;2;161;140;155m+[0m[48;2;151;132;146m[38;2;151;132;146m*[0m[48;2;35;27;37m[38;2;35;27;37m▓[0m[48;2;22;18;29m[38;2;22;18;29m▓[0m[48;2;103;100;105m[38;2;103;100;105m%[0m[48;2;151;149;150m[38;2;151;149;150m+[0m[48;2;43;41;42m[38;2;43;41;42m▒[0m[48;2;85;83;85m[38;2;85;83;85m@[0m[48;2;98;97;98m[38;2;98;97;98m%[0m[48;2;56;54;57m[38;2;56;54;57m░[0m[48;2;42;40;43m[38;2;42;40;43m▒[0m[48;2;63;60;63m[38;2;63;60;63m░[0m[48;2;84;80;83m[38;2;84;80;83m@[0m[48;2;149;147;149m[38;2;149;147;149m+[0m                          
                                     [48;2;200;199;200m[38;2;200;199;200m-[0m[48;2;57;49;54m[38;2;57;49;54m▒[0m[48;2;152;134;147m[38;2;152;134;147m*[0m[48;2;161;140;155m[38;2;161;140;155m+[0m[48;2;161;140;155m[38;2;161;140;155m+[0m[48;2;161;140;155m[38;2;161;140;155m+[0m[48;2;161;140;155m[38;2;161;140;155m+[0m[48;2;96;82;94m[38;2;96;82;94m@[0m[48;2;36;29;38m[38;2;36;29;38m▓[0m[48;2;9;7;13m[38;2;9;7;13m█[0m[48;2;11;9;14m[38;2;11;9;14m█[0m[48;2;19;16;22m[38;2;19;16;22m█[0m[48;2;12;6;12m[38;2;12;6;12m█[0m[48;2;73;60;72m[38;2;73;60;72m░[0m[48;2;160;140;155m[38;2;160;140;155m+[0m[48;2;161;140;155m[38;2;161;140;155m+[0m[48;2;161;140;155m[38;2;161;140;155m+[0m[48;2;161;140;155m[38;2;161;140;155m+[0m[48;2;161;140;155m[38;2;161;140;155m+[0m[48;2;161;140;155m[38;2;161;140;155m+[0m[48;2;161;140;155m[38;2;161;140;155m+[0m[48;2;161;140;155m[38;2;161;140;155m+[0m[48;2;161;140;155m[38;2;161;140;155m+[0m[48;2;161;140;155m[38;2;161;140;155m+[0m[48;2;160;139;154m[38;2;160;139;154m+[0m[48;2;145;128;141m[38;2;145;128;141m*[0m[48;2;62;51;61m[38;2;62;51;61m░[0m[48;2;55;50;56m[38;2;55;50;56m▒[0m[48;2;32;29;33m[38;2;32;29;33m▓[0m[48;2;128;124;128m[38;2;128;124;128m#[0m[48;2;199;196;200m[38;2;199;196;200m-[0m[48;2;187;185;188m[38;2;187;185;188m-[0m[48;2;179;176;180m[38;2;179;176;180m=[0m[48;2;84;80;84m[38;2;84;80;84m@[0m[48;2;86;77;84m[38;2;86;77;84m@[0m[48;2;155;140;150m[38;2;155;140;150m*[0m[48;2;100;89;98m[38;2;100;89;98m%[0m[48;2;115;112;115m[38;2;115;112;115m#[0m                         
                                      [48;2;153;151;153m[38;2;153;151;153m+[0m[48;2;29;22;28m[38;2;29;22;28m▓[0m[48;2;107;93;104m[38;2;107;93;104m%[0m[48;2;156;139;152m[38;2;156;139;152m*[0m[48;2;161;140;155m[38;2;161;140;155m+[0m[48;2;161;140;155m[38;2;161;140;155m+[0m[48;2;161;140;155m[38;2;161;140;155m+[0m[48;2;157;139;152m[38;2;157;139;152m*[0m[48;2;59;48;58m[38;2;59;48;58m▒[0m[48;2;37;29;37m[38;2;37;29;37m▓[0m[48;2;22;16;23m[38;2;22;16;23m▓[0m[48;2;78;71;79m[38;2;78;71;79m@[0m[48;2;70;62;70m[38;2;70;62;70m░[0m[48;2;77;64;75m[38;2;77;64;75m░[0m[48;2;111;96;108m[38;2;111;96;108m%[0m[48;2;147;127;141m[38;2;147;127;141m*[0m[48;2;161;140;155m[38;2;161;140;155m+[0m[48;2;161;140;155m[38;2;161;140;155m+[0m[48;2;161;140;155m[38;2;161;140;155m+[0m[48;2;161;140;155m[38;2;161;140;155m+[0m[48;2;161;140;155m[38;2;161;140;155m+[0m[48;2;161;140;155m[38;2;161;140;155m+[0m[48;2;161;140;155m[38;2;161;140;155m+[0m[48;2;161;140;155m[38;2;161;140;155m+[0m[48;2;161;140;155m[38;2;161;140;155m+[0m[48;2;160;141;155m[38;2;160;141;155m+[0m[48;2;150;134;147m[38;2;150;134;147m*[0m[48;2;131;116;128m[38;2;131;116;128m#[0m[48;2;116;103;115m[38;2;116;103;115m%[0m[48;2;104;93;103m[38;2;104;93;103m%[0m[48;2;109;100;108m[38;2;109;100;108m%[0m[48;2;111;102;110m[38;2;111;102;110m%[0m[48;2;133;121;130m[38;2;133;121;130m#[0m[48;2;151;137;147m[38;2;151;137;147m*[0m[48;2;135;120;130m[38;2;135;120;130m#[0m[48;2;82;69;78m[38;2;82;69;78m@[0m[48;2;36;30;35m[38;2;36;30;35m▓[0m[48;2;196;194;197m[38;2;196;194;197m-[0m                        
                                       [48;2;73;71;75m[38;2;73;71;75m░[0m[48;2;83;80;85m[38;2;83;80;85m@[0m[48;2;62;54;62m[38;2;62;54;62m░[0m[48;2;147;131;143m[38;2;147;131;143m*[0m[48;2;160;140;155m[38;2;160;140;155m+[0m[48;2;161;140;155m[38;2;161;140;155m+[0m[48;2;161;140;155m[38;2;161;140;155m+[0m[48;2;161;140;155m[38;2;161;140;155m+[0m[48;2;160;140;155m[38;2;160;140;155m+[0m[48;2;148;129;143m[38;2;148;129;143m*[0m[48;2;76;61;73m[38;2;76;61;73m░[0m[48;2;75;65;74m[38;2;75;65;74m░[0m[48;2;61;53;62m[38;2;61;53;62m░[0m[48;2;12;7;14m[38;2;12;7;14m█[0m[48;2;24;16;24m[38;2;24;16;24m▓[0m[48;2;110;94;107m[38;2;110;94;107m%[0m[48;2;161;140;155m[38;2;161;140;155m+[0m[48;2;122;104;117m[38;2;122;104;117m#[0m[48;2;153;134;148m[38;2;153;134;148m*[0m[48;2;161;140;155m[38;2;161;140;155m+[0m[48;2;161;140;155m[38;2;161;140;155m+[0m[48;2;155;134;149m[38;2;155;134;149m*[0m[48;2;159;138;153m[38;2;159;138;153m*[0m[48;2;161;140;155m[38;2;161;140;155m+[0m[48;2;160;141;155m[38;2;160;141;155m+[0m[48;2;160;141;155m[38;2;160;141;155m+[0m[48;2;160;141;155m[38;2;160;141;155m+[0m[48;2;136;119;132m[38;2;136;119;132m#[0m[48;2;85;72;84m[38;2;85;72;84m@[0m[48;2;81;68;79m[38;2;81;68;79m░[0m[48;2;81;67;79m[38;2;81;67;79m░[0m[48;2;81;68;79m[38;2;81;68;79m░[0m[48;2;84;71;83m[38;2;84;71;83m@[0m[48;2;101;89;100m[38;2;101;89;100m%[0m[48;2;128;115;125m[38;2;128;115;125m#[0m[48;2;103;92;101m[38;2;103;92;101m%[0m[48;2;102;98;102m[38;2;102;98;102m%[0m                        
                                        [48;2;144;144;146m[38;2;144;144;146m*[0m[48;2;122;120;124m[38;2;122;120;124m#[0m[48;2;64;58;64m[38;2;64;58;64m░[0m[48;2;92;79;91m[38;2;92;79;91m@[0m[48;2;152;135;148m[38;2;152;135;148m*[0m[48;2;161;140;155m[38;2;161;140;155m+[0m[48;2;161;140;155m[38;2;161;140;155m+[0m[48;2;161;140;155m[38;2;161;140;155m+[0m[48;2;161;140;155m[38;2;161;140;155m+[0m[48;2;161;140;155m[38;2;161;140;155m+[0m[48;2;153;135;148m[38;2;153;135;148m*[0m[48;2;127;110;123m[38;2;127;110;123m#[0m[48;2;118;103;115m[38;2;118;103;115m%[0m[48;2;154;138;151m[38;2;154;138;151m*[0m[48;2;159;140;154m[38;2;159;140;154m+[0m[48;2;160;141;155m[38;2;160;141;155m+[0m[48;2;128;109;123m[38;2;128;109;123m#[0m[48;2;77;61;74m[38;2;77;61;74m░[0m[48;2;78;63;75m[38;2;78;63;75m░[0m[48;2;81;67;78m[38;2;81;67;78m░[0m[48;2;48;36;46m[38;2;48;36;46m▒[0m[48;2;18;8;17m[38;2;18;8;17m█[0m[48;2;34;26;34m[38;2;34;26;34m▓[0m[48;2;44;36;44m[38;2;44;36;44m▒[0m[48;2;55;46;55m[38;2;55;46;55m▒[0m[48;2;69;58;68m[38;2;69;58;68m░[0m[48;2;74;63;73m[38;2;74;63;73m░[0m[48;2;77;64;75m[38;2;77;64;75m░[0m[48;2;78;66;77m[38;2;78;66;77m░[0m[48;2;76;66;76m[38;2;76;66;76m░[0m[48;2;70;61;70m[38;2;70;61;70m░[0m[48;2;58;50;59m[38;2;58;50;59m▒[0m[48;2;90;82;90m[38;2;90;82;90m@[0m[48;2;97;90;97m[38;2;97;90;97m%[0m[48;2;109;104;109m[38;2;109;104;109m%[0m[48;2;234;232;234m[38;2;234;232;234m.[0m                        
                                         [48;2;191;190;192m[38;2;191;190;192m-[0m[48;2;12;9;15m[38;2;12;9;15m█[0m[48;2;13;9;18m[38;2;13;9;18m█[0m[48;2;18;12;21m[38;2;18;12;21m█[0m[48;2;76;65;82m[38;2;76;65;82m░[0m[48;2;127;110;124m[38;2;127;110;124m#[0m[48;2;156;137;152m[38;2;156;137;152m*[0m[48;2;160;141;155m[38;2;160;141;155m+[0m[48;2;161;140;155m[38;2;161;140;155m+[0m[48;2;161;140;155m[38;2;161;140;155m+[0m[48;2;161;140;155m[38;2;161;140;155m+[0m[48;2;101;83;97m[38;2;101;83;97m@[0m[48;2;74;60;72m[38;2;74;60;72m░[0m[48;2;118;102;115m[38;2;118;102;115m%[0m[48;2;140;123;137m[38;2;140;123;137m*[0m[48;2;156;138;152m[38;2;156;138;152m*[0m[48;2;160;141;155m[38;2;160;141;155m+[0m[48;2;160;141;155m[38;2;160;141;155m+[0m[48;2;158;140;153m[38;2;158;140;153m+[0m[48;2;153;135;149m[38;2;153;135;149m*[0m[48;2;151;134;146m[38;2;151;134;146m*[0m[48;2;151;134;146m[38;2;151;134;146m*[0m[48;2;151;135;147m[38;2;151;135;147m*[0m[48;2;154;138;149m[38;2;154;138;149m*[0m[48;2;158;141;153m[38;2;158;141;153m+[0m[48;2;159;141;154m[38;2;159;141;154m+[0m[48;2;156;139;152m[38;2;156;139;152m*[0m[48;2;129;114;126m[38;2;129;114;126m#[0m[48;2;90;77;87m[38;2;90;77;87m@[0m[48;2;81;74;81m[38;2;81;74;81m@[0m[48;2;171;168;173m[38;2;171;168;173m=[0m                            
                                        [48;2;224;224;224m[38;2;224;224;224m.[0m[48;2;30;29;33m[38;2;30;29;33m▓[0m[48;2;33;31;43m[38;2;33;31;43m▓[0m[48;2;22;17;33m[38;2;22;17;33m▓[0m[48;2;8;5;20m[38;2;8;5;20m█[0m[48;2;82;69;136m[38;2;82;69;136m@[0m[48;2;70;59;110m[38;2;70;59;110m░[0m[48;2;38;26;75m[38;2;38;26;75m▓[0m[48;2;42;34;46m[38;2;42;34;46m▒[0m[48;2;74;63;83m[38;2;74;63;83m░[0m[48;2;98;85;98m[38;2;98;85;98m@[0m[48;2;120;106;118m[38;2;120;106;118m#[0m[48;2;137;122;134m[38;2;137;122;134m#[0m[48;2;145;131;143m[38;2;145;131;143m*[0m[48;2;107;94;105m[38;2;107;94;105m%[0m[48;2;62;52;61m[38;2;62;52;61m░[0m[48;2;30;22;30m[38;2;30;22;30m▓[0m[48;2;29;23;30m[38;2;29;23;30m▓[0m[48;2;47;39;47m[38;2;47;39;47m▒[0m[48;2;61;53;61m[38;2;61;53;61m░[0m[48;2;71;61;70m[38;2;71;61;70m░[0m[48;2;76;66;75m[38;2;76;66;75m░[0m[48;2;78;68;77m[38;2;78;68;77m░[0m[48;2;77;66;76m[38;2;77;66;76m░[0m[48;2;71;61;70m[38;2;71;61;70m░[0m[48;2;54;46;55m[38;2;54;46;55m▒[0m[48;2;37;31;40m[38;2;37;31;40m▓[0m[48;2;82;76;84m[38;2;82;76;84m@[0m[48;2;155;149;156m[38;2;155;149;156m+[0m[48;2;219;216;218m[38;2;219;216;218m:[0m                              
                                        [48;2;73;72;76m[38;2;73;72;76m░[0m[48;2;29;27;39m[38;2;29;27;39m▓[0m[48;2;37;32;51m[38;2;37;32;51m▓[0m[48;2;37;31;52m[38;2;37;31;52m▓[0m[48;2;10;7;23m[38;2;10;7;23m█[0m[48;2;85;73;142m[38;2;85;73;142m@[0m[48;2;96;84;150m[38;2;96;84;150m%[0m[48;2;74;58;152m[38;2;74;58;152m@[0m[48;2;8;3;30m[38;2;8;3;30m█[0m[48;2;49;36;109m[38;2;49;36;109m▒[0m[48;2;70;57;139m[38;2;70;57;139m░[0m[48;2;55;39;132m[38;2;55;39;132m▒[0m[48;2;48;36;101m[38;2;48;36;101m▒[0m[48;2;39;25;104m[38;2;39;25;104m▒[0m[48;2;48;39;75m[38;2;48;39;75m▒[0m[48;2;31;23;52m[38;2;31;23;52m▓[0m[48;2;33;27;35m[38;2;33;27;35m▓[0m[48;2;34;31;39m[38;2;34;31;39m▓[0m[48;2;16;12;21m[38;2;16;12;21m█[0m[48;2;11;8;17m[38;2;11;8;17m█[0m[48;2;11;8;17m[38;2;11;8;17m█[0m[48;2;12;8;18m[38;2;12;8;18m█[0m[48;2;13;9;20m[38;2;13;9;20m█[0m[48;2;14;11;22m[38;2;14;11;22m█[0m[48;2;18;14;27m[38;2;18;14;27m█[0m[48;2;24;19;35m[38;2;24;19;35m▓[0m[48;2;28;22;41m[38;2;28;22;41m▓[0m[48;2;24;19;35m[38;2;24;19;35m▓[0m[48;2;41;37;50m[38;2;41;37;50m▒[0m[48;2;101;98;106m[38;2;101;98;106m%[0m[48;2;180;179;182m[38;2;180;179;182m=[0m                             
                                       [48;2;180;180;181m[38;2;180;180;181m=[0m[48;2;18;15;24m[38;2;18;15;24m█[0m[48;2;37;32;50m[38;2;37;32;50m▓[0m[48;2;37;31;52m[38;2;37;31;52m▓[0m[48;2;37;32;51m[38;2;37;32;51m▓[0m[48;2;13;9;24m[38;2;13;9;24m█[0m[48;2;78;67;125m[38;2;78;67;125m@[0m[48;2;88;75;152m[38;2;88;75;152m@[0m[48;2;85;71;154m[38;2;85;71;154m@[0m[48;2;18;8;72m[38;2;18;8;72m█[0m[48;2;77;74;80m[38;2;77;74;80m@[0m[48;2;39;29;86m[38;2;39;29;86m▒[0m[48;2;81;67;156m[38;2;81;67;156m@[0m[48;2;76;61;162m[38;2;76;61;162m@[0m[48;2;79;64;164m[38;2;79;64;164m@[0m[48;2;70;52;166m[38;2;70;52;166m░[0m[48;2;43;33;82m[38;2;43;33;82m▒[0m[48;2;25;22;33m[38;2;25;22;33m▓[0m[48;2;35;32;44m[38;2;35;32;44m▓[0m[48;2;38;33;50m[38;2;38;33;50m▓[0m[48;2;37;32;52m[38;2;37;32;52m▓[0m[48;2;37;31;52m[38;2;37;31;52m▓[0m[48;2;37;31;52m[38;2;37;31;52m▓[0m[48;2;37;31;52m[38;2;37;31;52m▓[0m[48;2;37;31;52m[38;2;37;31;52m▓[0m[48;2;37;31;52m[38;2;37;31;52m▓[0m[48;2;37;31;52m[38;2;37;31;52m▓[0m[48;2;37;31;52m[38;2;37;31;52m▓[0m[48;2;37;31;52m[38;2;37;31;52m▓[0m[48;2;37;31;52m[38;2;37;31;52m▓[0m[48;2;35;30;49m[38;2;35;30;49m▓[0m[48;2;26;22;37m[38;2;26;22;37m▓[0m[48;2;39;36;46m[38;2;39;36;46m▒[0m[48;2;133;131;135m[38;2;133;131;135m*[0m[48;2;236;235;237m[38;2;236;235;237m.[0m                          
                                       [48;2;74;74;75m[38;2;74;74;75m@[0m[48;2;32;28;40m[38;2;32;28;40m▓[0m[48;2;37;31;52m[38;2;37;31;52m▓[0m[48;2;37;31;52m[38;2;37;31;52m▓[0m[48;2;37;31;52m[38;2;37;31;52m▓[0m[48;2;28;23;41m[38;2;28;23;41m▓[0m[48;2;25;21;37m[38;2;25;21;37m▓[0m[48;2;37;31;54m[38;2;37;31;54m▓[0m[48;2;44;37;64m[38;2;44;37;64m▒[0m[48;2;21;12;57m[38;2;21;12;57m▓[0m[48;2;110;107;112m[38;2;110;107;112m%[0m[48;2;163;160;164m[38;2;163;160;164m+[0m[48;2;44;39;65m[38;2;44;39;65m▒[0m[48;2;62;50;123m[38;2;62;50;123m░[0m[48;2;53;42;103m[38;2;53;42;103m▒[0m[48;2;73;70;82m[38;2;73;70;82m░[0m[48;2;132;130;134m[38;2;132;130;134m*[0m[48;2;46;45;48m[38;2;46;45;48m▒[0m[48;2;48;46;54m[38;2;48;46;54m▒[0m[48;2;61;57;70m[38;2;61;57;70m░[0m[48;2;53;48;64m[38;2;53;48;64m▒[0m[48;2;38;32;51m[38;2;38;32;51m▓[0m[48;2;37;31;52m[38;2;37;31;52m▓[0m[48;2;37;31;52m[38;2;37;31;52m▓[0m[48;2;37;31;52m[38;2;37;31;52m▓[0m[48;2;37;31;52m[38;2;37;31;52m▓[0m[48;2;37;31;52m[38;2;37;31;52m▓[0m[48;2;37;31;52m[38;2;37;31;52m▓[0m[48;2;37;31;52m[38;2;37;31;52m▓[0m[48;2;37;31;52m[38;2;37;31;52m▓[0m[48;2;37;31;52m[38;2;37;31;52m▓[0m[48;2;37;31;52m[38;2;37;31;52m▓[0m[48;2;37;31;52m[38;2;37;31;52m▓[0m[48;2;32;27;45m[38;2;32;27;45m▓[0m[48;2;32;28;40m[38;2;32;28;40m▓[0m[48;2;150;148;152m[38;2;150;148;152m+[0m                         
                                       [48;2;18;17;19m[38;2;18;17;19m█[0m[48;2;37;32;49m[38;2;37;32;49m▓[0m[48;2;37;31;52m[38;2;37;31;52m▓[0m[48;2;37;31;52m[38;2;37;31;52m▓[0m[48;2;37;31;52m[38;2;37;31;52m▓[0m[48;2;37;31;52m[38;2;37;31;52m▓[0m[48;2;37;31;52m[38;2;37;31;52m▓[0m[48;2;37;31;51m[38;2;37;31;51m▓[0m[48;2;67;62;79m[38;2;67;62;79m░[0m[48;2;24;21;29m[38;2;24;21;29m▓[0m[48;2;4;2;7m[38;2;4;2;7m█[0m[48;2;110;109;113m[38;2;110;109;113m#[0m[48;2;213;212;216m[38;2;213;212;216m:[0m[48;2;147;145;149m[38;2;147;145;149m*[0m[48;2;27;24;30m[38;2;27;24;30m▓[0m[48;2;119;116;122m[38;2;119;116;122m#[0m[48;2;217;216;219m[38;2;217;216;219m:[0m[48;2;240;239;240m[38;2;240;239;240m [0m[48;2;119;118;122m[38;2;119;118;122m#[0m[48;2;34;31;35m[38;2;34;31;35m▓[0m[48;2;37;31;39m[38;2;37;31;39m▓[0m[48;2;57;50;63m[38;2;57;50;63m▒[0m[48;2;64;57;74m[38;2;64;57;74m░[0m[48;2;47;42;61m[38;2;47;42;61m▒[0m[48;2;37;31;52m[38;2;37;31;52m▓[0m[48;2;37;31;52m[38;2;37;31;52m▓[0m[48;2;37;31;52m[38;2;37;31;52m▓[0m[48;2;37;31;52m[38;2;37;31;52m▓[0m[48;2;37;31;52m[38;2;37;31;52m▓[0m[48;2;37;31;52m[38;2;37;31;52m▓[0m[48;2;37;31;52m[38;2;37;31;52m▓[0m[48;2;37;31;52m[38;2;37;31;52m▓[0m[48;2;37;31;52m[38;2;37;31;52m▓[0m[48;2;37;31;52m[38;2;37;31;52m▓[0m[48;2;37;32;50m[38;2;37;32;50m▓[0m[48;2;24;20;33m[38;2;24;20;33m▓[0m[48;2;87;86;90m[38;2;87;86;90m@[0m                        