                                                                                                              
                                                                                                              
                                                                                                              
                                                                                                              
                                                                                                              
                                                                                                              
                                                                                                              
                                                                                                              
                                                                                                              
                                                                                                              
                                                                                                              
                                                                                                              
                                                                                                              
                                               [48;2;200;200;200m[38;2;200;200;200m-[0m[48;2;126;126;127m[38;2;126;126;127m#[0m[48;2;83;82;85m[38;2;83;82;85m@[0m[48;2;62;61;65m[38;2;62;61;65m░[0m[48;2;54;53;58m[38;2;54;53;58m▒[0m[48;2;57;56;61m[38;2;57;56;61m░[0m[48;2;63;62;67m[38;2;63;62;67m░[0m[48;2;76;76;81m[38;2;76;76;81m@[0m[48;2;95;94;98m[38;2;95;94;98m%[0m[48;2;123;122;126m[38;2;123;122;126m#[0m[48;2;156;155;157m[38;2;156;155;157m+[0m[48;2;200;200;201m[38;2;200;200;201m-[0m                                                   
                                             [48;2;216;216;216m[38;2;216;216;216m:[0m[48;2;40;39;43m[38;2;40;39;43m▒[0m[48;2;13;11;19m[38;2;13;11;19m█[0m[48;2;32;30;42m[38;2;32;30;42m▓[0m[48;2;44;42;57m[38;2;44;42;57m▒[0m[48;2;44;42;58m[38;2;44;42;58m▒[0m[48;2;44;43;59m[38;2;44;43;59m▒[0m[48;2;43;43;60m[38;2;43;43;60m▒[0m[48;2;43;43;59m[38;2;43;43;59m▒[0m[48;2;42;43;59m[38;2;42;43;59m▒[0m[48;2;42;41;58m[38;2;42;41;58m▒[0m[48;2;39;39;55m[38;2;39;39;55m▒[0m[48;2;33;31;46m[38;2;33;31;46m▓[0m[48;2;26;25;40m[38;2;26;25;40m▓[0m[48;2;25;23;37m[38;2;25;23;37m▓[0m[48;2;69;67;77m[38;2;69;67;77m░[0m[48;2;140;139;143m[38;2;140;139;143m*[0m[48;2;230;229;231m[38;2;230;229;231m.[0m                                               
                                             [48;2;83;82;85m[38;2;83;82;85m@[0m[48;2;26;25;36m[38;2;26;25;36m▓[0m[48;2;42;42;58m[38;2;42;42;58m▒[0m[48;2;41;43;59m[38;2;41;43;59m▒[0m[48;2;40;44;59m[38;2;40;44;59m▒[0m[48;2;40;44;59m[38;2;40;44;59m▒[0m[48;2;40;44;59m[38;2;40;44;59m▒[0m[48;2;40;44;59m[38;2;40;44;59m▒[0m[48;2;40;44;59m[38;2;40;44;59m▒[0m[48;2;40;44;59m[38;2;40;44;59m▒[0m[48;2;40;44;59m[38;2;40;44;59m▒[0m[48;2;40;44;59m[38;2;40;44;59m▒[0m[48;2;40;44;59m[38;2;40;44;59m▒[0m[48;2;40;44;59m[38;2;40;44;59m▒[0m[48;2;41;43;60m[38;2;41;43;60m▒[0m[48;2;41;43;59m[38;2;41;43;59m▒[0m[48;2;33;32;47m[38;2;33;32;47m▓[0m[48;2;24;23;34m[38;2;24;23;34m▓[0m[48;2;112;111;116m[38;2;112;111;116m#[0m[48;2;237;237;237m[38;2;237;237;237m.[0m                                             
                                            [48;2;109;109;110m[38;2;109;109;110m%[0m[48;2;40;38;45m[38;2;40;38;45m▒[0m[48;2;43;43;57m[38;2;43;43;57m▒[0m[48;2;41;43;59m[38;2;41;43;59m▒[0m[48;2;40;44;59m[38;2;40;44;59m▒[0m[48;2;40;44;59m[38;2;40;44;59m▒[0m[48;2;40;44;59m[38;2;40;44;59m▒[0m[48;2;40;44;59m[38;2;40;44;59m▒[0m[48;2;40;44;59m[38;2;40;44;59m▒[0m[48;2;40;44;59m[38;2;40;44;59m▒[0m[48;2;40;44;59m[38;2;40;44;59m▒[0m[48;2;40;44;59m[38;2;40;44;59m▒[0m[48;2;40;44;59m[38;2;40;44;59m▒[0m[48;2;40;44;59m[38;2;40;44;59m▒[0m[48;2;40;44;59m[38;2;40;44;59m▒[0m[48;2;40;44;59m[38;2;40;44;59m▒[0m[48;2;40;44;59m[38;2;40;44;59m▒[0m[48;2;40;44;59m[38;2;40;44;59m▒[0m[48;2;42;43;59m[38;2;42;43;59m▒[0m[48;2;33;31;45m[38;2;33;31;45m▓[0m[48;2;41;39;46m[38;2;41;39;46m▒[0m[48;2;206;205;206m[38;2;206;205;206m:[0m                                            
                                          [48;2;207;206;207m[38;2;207;206;207m:[0m[48;2;54;53;56m[38;2;54;53;56m▒[0m[48;2;11;8;12m[38;2;11;8;12m█[0m[48;2;75;74;82m[38;2;75;74;82m@[0m[48;2;43;42;58m[38;2;43;42;58m▒[0m[48;2;41;43;59m[38;2;41;43;59m▒[0m[48;2;40;44;59m[38;2;40;44;59m▒[0m[48;2;40;44;59m[38;2;40;44;59m▒[0m[48;2;40;44;59m[38;2;40;44;59m▒[0m[48;2;40;44;59m[38;2;40;44;59m▒[0m[48;2;40;44;59m[38;2;40;44;59m▒[0m[48;2;40;44;59m[38;2;40;44;59m▒[0m[48;2;40;44;59m[38;2;40;44;59m▒[0m[48;2;40;44;59m[38;2;40;44;59m▒[0m[48;2;40;44;59m[38;2;40;44;59m▒[0m[48;2;40;44;59m[38;2;40;44;59m▒[0m[48;2;40;44;59m[38;2;40;44;59m▒[0m[48;2;40;44;59m[38;2;40;44;59m▒[0m[48;2;40;44;59m[38;2;40;44;59m▒[0m[48;2;40;44;59m[38;2;40;44;59m▒[0m[48;2;41;43;59m[38;2;41;43;59m▒[0m[48;2;42;43;59m[38;2;42;43;59m▒[0m[48;2;37;36;50m[38;2;37;36;50m▒[0m[48;2;27;25;31m[38;2;27;25;31m▓[0m[48;2;192;191;193m[38;2;192;191;193m-[0m                                           
                                         [48;2;178;177;178m[38;2;178;177;178m=[0m[48;2;49;45;51m[38;2;49;45;51m▒[0m[48;2;122;114;123m[38;2;122;114;123m#[0m[48;2;15;11;18m[38;2;15;11;18m█[0m[48;2;80;77;87m[38;2;80;77;87m@[0m[48;2;42;42;58m[38;2;42;42;58m▒[0m[48;2;40;44;59m[38;2;40;44;59m▒[0m[48;2;40;44;59m[38;2;40;44;59m▒[0m[48;2;40;44;59m[38;2;40;44;59m▒[0m[48;2;40;44;59m[38;2;40;44;59m▒[0m[48;2;40;44;59m[38;2;40;44;59m▒[0m[48;2;40;44;59m[38;2;40;44;59m▒[0m[48;2;40;44;59m[38;2;40;44;59m▒[0m[48;2;40;44;59m[38;2;40;44;59m▒[0m[48;2;40;44;59m[38;2;40;44;59m▒[0m[48;2;40;44;59m[38;2;40;44;59m▒[0m[48;2;40;44;59m[38;2;40;44;59m▒[0m[48;2;40;44;59m[38;2;40;44;59m▒[0m[48;2;40;44;59m[38;2;40;44;59m▒[0m[48;2;40;44;59m[38;2;40;44;59m▒[0m[48;2;40;44;59m[38;2;40;44;59m▒[0m[48;2;40;44;59m[38;2;40;44;59m▒[0m[48;2;40;44;59m[38;2;40;44;59m▒[0m[48;2;40;44;59m[38;2;40;44;59m▒[0m[48;2;38;39;54m[38;2;38;39;54m▒[0m[48;2;26;24;31m[38;2;26;24;31m▓[0m[48;2;211;210;211m[38;2;211;210;211m:[0m                                          
                                        [48;2;193;193;193m[38;2;193;193;193m-[0m[48;2;30;27;32m[38;2;30;27;32m▓[0m[48;2;74;67;76m[38;2;74;67;76m░[0m[48;2;90;81;92m[38;2;90;81;92m@[0m[48;2;15;6;16m[38;2;15;6;16m█[0m[48;2;80;73;84m[38;2;80;73;84m@[0m[48;2;48;47;63m[38;2;48;47;63m▒[0m[48;2;41;43;59m[38;2;41;43;59m▒[0m[48;2;40;44;59m[38;2;40;44;59m▒[0m[48;2;40;44;59m[38;2;40;44;59m▒[0m[48;2;40;44;59m[38;2;40;44;59m▒[0m[48;2;40;44;59m[38;2;40;44;59m▒[0m[48;2;40;44;59m[38;2;40;44;59m▒[0m[48;2;40;44;59m[38;2;40;44;59m▒[0m[48;2;40;44;59m[38;2;40;44;59m▒[0m[48;2;40;44;59m[38;2;40;44;59m▒[0m[48;2;40;44;59m[38;2;40;44;59m▒[0m[48;2;40;44;59m[38;2;40;44;59m▒[0m[48;2;40;44;59m[38;2;40;44;59m▒[0m[48;2;40;44;59m[38;2;40;44;59m▒[0m[48;2;40;44;59m[38;2;40;44;59m▒[0m[48;2;40;44;59m[38;2;40;44;59m▒[0m[48;2;40;44;59m[38;2;40;44;59m▒[0m[48;2;40;44;59m[38;2;40;44;59m▒[0m[48;2;40;44;59m[38;2;40;44;59m▒[0m[48;2;40;44;59m[38;2;40;44;59m▒[0m[48;2;36;35;48m[38;2;36;35;48m▒[0m[48;2;60;58;63m[38;2;60;58;63m░[0m                                          
                                        [48;2;56;54;57m[38;2;56;54;57m░[0m[48;2;52;45;53m[38;2;52;45;53m▒[0m[48;2;23;15;36m[38;2;23;15;36m▓[0m[48;2;51;37;82m[38;2;51;37;82m▒[0m[48;2;47;32;70m[38;2;47;32;70m▒[0m[48;2;35;23;51m[38;2;35;23;51m▓[0m[48;2;47;43;59m[38;2;47;43;59m▒[0m[48;2;41;43;59m[38;2;41;43;59m▒[0m[48;2;40;44;59m[38;2;40;44;59m▒[0m[48;2;40;44;59m[38;2;40;44;59m▒[0m[48;2;40;44;59m[38;2;40;44;59m▒[0m[48;2;40;44;59m[38;2;40;44;59m▒[0m[48;2;40;44;59m[38;2;40;44;59m▒[0m[48;2;40;44;59m[38;2;40;44;59m▒[0m[48;2;40;44;59m[38;2;40;44;59m▒[0m[48;2;40;44;59m[38;2;40;44;59m▒[0m[48;2;40;44;59m[38;2;40;44;59m▒[0m[48;2;40;44;59m[38;2;40;44;59m▒[0m[48;2;40;44;59m[38;2;40;44;59m▒[0m[48;2;40;44;59m[38;2;40;44;59m▒[0m[48;2;40;44;59m[38;2;40;44;59m▒[0m[48;2;40;44;59m[38;2;40;44;59m▒[0m[48;2;40;44;59m[38;2;40;44;59m▒[0m[48;2;40;44;59m[38;2;40;44;59m▒[0m[48;2;40;44;59m[38;2;40;44;59m▒[0m[48;2;40;44;59m[38;2;40;44;59m▒[0m[48;2;42;42;58m[38;2;42;42;58m▒[0m[48;2;11;8;16m[38;2;11;8;16m█[0m[48;2;224;224;225m[38;2;224;224;225m.[0m                                         
                                       [48;2;200;200;200m[38;2;200;200;200m-[0m[48;2;41;36;41m[38;2;41;36;41m▒[0m[48;2;19;11;19m[38;2;19;11;19m█[0m[48;2;47;36;61m[38;2;47;36;61m▒[0m[48;2;85;66;129m[38;2;85;66;129m@[0m[48;2;63;47;92m[38;2;63;47;92m░[0m[48;2;26;16;40m[38;2;26;16;40m▓[0m[48;2;52;46;62m[38;2;52;46;62m▒[0m[48;2;52;50;66m[38;2;52;50;66m▒[0m[48;2;42;43;59m[38;2;42;43;59m▒[0m[48;2;40;44;59m[38;2;40;44;59m▒[0m[48;2;40;44;59m[38;2;40;44;59m▒[0m[48;2;40;44;59m[38;2;40;44;59m▒[0m[48;2;40;44;59m[38;2;40;44;59m▒[0m[48;2;40;44;59m[38;2;40;44;59m▒[0m[48;2;40;44;59m[38;2;40;44;59m▒[0m[48;2;40;44;59m[38;2;40;44;59m▒[0m[48;2;40;44;59m[38;2;40;44;59m▒[0m[48;2;40;44;59m[38;2;40;44;59m▒[0m[48;2;40;44;59m[38;2;40;44;59m▒[0m[48;2;40;44;59m[38;2;40;44;59m▒[0m[48;2;40;44;59m[38;2;40;44;59m▒[0m[48;2;40;44;59m[38;2;40;44;59m▒[0m[48;2;40;44;59m[38;2;40;44;59m▒[0m[48;2;40;44;59m[38;2;40;44;59m▒[0m[48;2;41;43;59m[38;2;41;43;59m▒[0m[48;2;41;43;59m[38;2;41;43;59m▒[0m[48;2;40;40;56m[38;2;40;40;56m▒[0m[48;2;27;24;33m[38;2;27;24;33m▓[0m[48;2;242;240;243m[38;2;242;240;243m [0m                                         
                                       [48;2;168;168;168m[38;2;168;168;168m=[0m[48;2;40;34;39m[38;2;40;34;39m▓[0m[48;2;6;1;5m[38;2;6;1;5m█[0m[48;2;26;19;29m[38;2;26;19;29m▓[0m[48;2;28;20;32m[38;2;28;20;32m▓[0m[48;2;49;39;53m[38;2;49;39;53m▒[0m[48;2;50;41;53m[38;2;50;41;53m▒[0m[48;2;26;20;31m[38;2;26;20;31m▓[0m[48;2;78;75;87m[38;2;78;75;87m@[0m[48;2;50;48;63m[38;2;50;48;63m▒[0m[48;2;42;43;59m[38;2;42;43;59m▒[0m[48;2;41;43;59m[38;2;41;43;59m▒[0m[48;2;40;44;59m[38;2;40;44;59m▒[0m[48;2;40;44;59m[38;2;40;44;59m▒[0m[48;2;40;44;59m[38;2;40;44;59m▒[0m[48;2;40;44;59m[38;2;40;44;59m▒[0m[48;2;40;44;59m[38;2;40;44;59m▒[0m[48;2;40;44;59m[38;2;40;44;59m▒[0m[48;2;40;44;59m[38;2;40;44;59m▒[0m[48;2;40;44;59m[38;2;40;44;59m▒[0m[48;2;40;44;59m[38;2;40;44;59m▒[0m[48;2;40;44;59m[38;2;40;44;59m▒[0m[48;2;40;44;59m[38;2;40;44;59m▒[0m[48;2;40;44;59m[38;2;40;44;59m▒[0m[48;2;40;44;59m[38;2;40;44;59m▒[0m[48;2;42;43;59m[38;2;42;43;59m▒[0m[48;2;38;39;54m[38;2;38;39;54m▒[0m[48;2;13;12;25m[38;2;13;12;25m█[0m[48;2;78;74;81m[38;2;78;74;81m@[0m                                          
                                       [48;2;229;228;229m[38;2;229;228;229m.[0m[48;2;35;30;33m[38;2;35;30;33m▓[0m[48;2;92;86;91m[38;2;92;86;91m@[0m[48;2;44;38;44m[38;2;44;38;44m▒[0m[48;2;158;141;154m[38;2;158;141;154m+[0m[48;2;103;88;100m[38;2;103;88;100m%[0m[48;2;82;69;80m[38;2;82;69;80m@[0m[48;2;107;95;107m[38;2;107;95;107m%[0m[48;2;29;22;33m[38;2;29;22;33m▓[0m[48;2;63;57;69m[38;2;63;57;69m░[0m[48;2;66;62;75m[38;2;66;62;75m░[0m[48;2;44;43;58m[38;2;44;43;58m▒[0m[48;2;41;43;59m[38;2;41;43;59m▒[0m[48;2;40;44;59m[38;2;40;44;59m▒[0m[48;2;40;44;59m[38;2;40;44;59m▒[0m[48;2;40;44;59m[38;2;40;44;59m▒[0m[48;2;40;44;59m[38;2;40;44;59m▒[0m[48;2;40;44;59m[38;2;40;44;59m▒[0m[48;2;40;44;59m[38;2;40;44;59m▒[0m[48;2;40;44;59m[38;2;40;44;59m▒[0m[48;2;40;44;59m[38;2;40;44;59m▒[0m[48;2;40;44;59m[38;2;40;44;59m▒[0m[48;2;40;44;59m[38;2;40;44;59m▒[0m[48;2;40;44;59m[38;2;40;44;59m▒[0m[48;2;39;40;56m[38;2;39;40;56m▒[0m[48;2;26;24;38m[38;2;26;24;38m▓[0m[48;2;10;7;18m[38;2;10;7;18m█[0m[48;2;61;57;66m[38;2;61;57;66m░[0m[48;2;58;54;60m[38;2;58;54;60m░[0m                                          
                                        [48;2;105;104;105m[38;2;105;104;105m%[0m[48;2;165;159;163m[38;2;165;159;163m+[0m[48;2;65;59;63m[38;2;65;59;63m░[0m[48;2;123;110;120m[38;2;123;110;120m#[0m[48;2;143;126;139m[38;2;143;126;139m*[0m[48;2;28;18;26m[38;2;28;18;26m▓[0m[48;2;134;120;132m[38;2;134;120;132m#[0m[48;2;149;132;146m[38;2;149;132;146m*[0m[48;2;87;74;86m[38;2;87;74;86m@[0m[48;2;45;36;46m[38;2;45;36;46m▒[0m[48;2;58;51;62m[38;2;58;51;62m▒[0m[48;2;55;51;64m[38;2;55;51;64m▒[0m[48;2;47;47;61m[38;2;47;47;61m▒[0m[48;2;41;43;58m[38;2;41;43;58m▒[0m[48;2;41;44;59m[38;2;41;44;59m▒[0m[48;2;40;44;59m[38;2;40;44;59m▒[0m[48;2;40;44;59m[38;2;40;44;59m▒[0m[48;2;40;44;59m[38;2;40;44;59m▒[0m[48;2;41;43;59m[38;2;41;43;59m▒[0m[48;2;41;43;59m[38;2;41;43;59m▒[0m[48;2;39;41;56m[38;2;39;41;56m▒[0m[48;2;32;32;45m[38;2;32;32;45m▓[0m[48;2;23;21;33m[38;2;23;21;33m▓[0m[48;2;47;43;54m[38;2;47;43;54m▒[0m[48;2;53;48;57m[38;2;53;48;57m▒[0m[48;2;48;40;50m[38;2;48;40;50m▒[0m[48;2;147;134;143m[38;2;147;134;143m*[0m[48;2;53;43;51m[38;2;53;43;51m▒[0m[48;2;190;187;191m[38;2;190;187;191m-[0m                                         
                                        [48;2;144;143;144m[38;2;144;143;144m*[0m[48;2;115;109;113m[38;2;115;109;113m#[0m[48;2;210;205;204m[38;2;210;205;204m:[0m[48;2;49;42;46m[38;2;49;42;46m▒[0m[48;2;137;123;134m[38;2;137;123;134m*[0m[48;2;127;112;124m[38;2;127;112;124m#[0m[48;2;46;34;43m[38;2;46;34;43m▒[0m[48;2;143;126;138m[38;2;143;126;138m*[0m[48;2;161;140;155m[38;2;161;140;155m+[0m[48;2;159;139;154m[38;2;159;139;154m+[0m[48;2;130;112;126m[38;2;130;112;126m#[0m[48;2;88;73;85m[38;2;88;73;85m@[0m[48;2;62;52;63m[38;2;62;52;63m░[0m[48;2;38;31;41m[38;2;38;31;41m▓[0m[48;2;17;14;26m[38;2;17;14;26m█[0m[48;2;18;18;30m[38;2;18;18;30m▓[0m[48;2;23;23;35m[38;2;23;23;35m▓[0m[48;2;25;23;34m[38;2;25;23;34m▓[0m[48;2;30;28;38m[38;2;30;28;38m▓[0m[48;2;43;41;50m[38;2;43;41;50m▒[0m[48;2;64;58;66m[38;2;64;58;66m░[0m[48;2;95;84;95m[38;2;95;84;95m@[0m[48;2;126;113;124m[38;2;126;113;124m#[0m[48;2;67;55;64m[38;2;67;55;64m░[0m[48;2;65;55;63m[38;2;65;55;63m░[0m[48;2;146;136;145m[38;2;146;136;145m*[0m[48;2;157;140;151m[38;2;157;140;151m+[0m[48;2;141;124;137m[38;2;141;124;137m*[0m[48;2;48;40;47m[38;2;48;40;47m▒[0m[48;2;198;195;199m[38;2;198;195;199m-[0m                                        
                                        [48;2;107;106;107m[38;2;107;106;107m%[0m[48;2;25;20;22m[38;2;25;20;22m▓[0m[48;2;66;62;63m[38;2;66;62;63m░[0m[48;2;97;92;95m[38;2;97;92;95m%[0m[48;2;28;20;26m[38;2;28;20;26m▓[0m[48;2;123;110;119m[38;2;123;110;119m#[0m[48;2;128;114;124m[38;2;128;114;124m#[0m[48;2;47;36;44m[38;2;47;36;44m▒[0m[48;2;121;107;116m[38;2;121;107;116m#[0m[48;2;160;142;154m[38;2;160;142;154m+[0m[48;2;161;141;155m[38;2;161;141;155m+[0m[48;2;161;140;155m[38;2;161;140;155m+[0m[48;2;161;140;155m[38;2;161;140;155m+[0m[48;2;158;140;153m[38;2;158;140;153m+[0m[48;2;111;97;111m[38;2;111;97;111m%[0m[48;2;72;63;72m[38;2;72;63;72m░[0m[48;2;66;57;66m[38;2;66;57;66m░[0m[48;2;68;57;66m[38;2;68;57;66m░[0m[48;2;72;61;70m[38;2;72;61;70m░[0m[48;2;71;62;70m[38;2;71;62;70m░[0m[48;2;55;47;55m[38;2;55;47;55m▒[0m[48;2;32;25;32m[38;2;32;25;32m▓[0m[48;2;12;6;13m[38;2;12;6;13m█[0m[48;2;28;22;29m[38;2;28;22;29m▓[0m[48;2;28;22;30m[38;2;28;22;30m▓[0m[48;2;24;19;26m[38;2;24;19;26m▓[0m[48;2;119;106;117m[38;2;119;106;117m#[0m[48;2;159;141;155m[38;2;159;141;155m+[0m[48;2;132;118;129m[38;2;132;118;129m#[0m[48;2;27;21;26m[38;2;27;21;26m▓[0m[48;2;35;29;34m[38;2;35;29;34m▓[0m[48;2;93;91;94m[38;2;93;91;94m%[0m[48;2;157;155;157m[38;2;157;155;157m+[0m[48;2;233;232;233m[38;2;233;232;233m.[0m                                    
                                        [48;2;65;64;65m[38;2;65;64;65m░[0m[48;2;158;152;154m[38;2;158;152;154m+[0m[48;2;143;138;140m[38;2;143;138;140m*[0m[48;2;48;43;46m[38;2;48;43;46m▒[0m[48;2;46;40;45m[38;2;46;40;45m▒[0m[48;2;54;48;52m[38;2;54;48;52m▒[0m[48;2;35;30;35m[38;2;35;30;35m▓[0m[48;2;64;58;64m[38;2;64;58;64m░[0m[48;2;46;38;44m[38;2;46;38;44m▒[0m[48;2;71;61;68m[38;2;71;61;68m░[0m[48;2;142;126;138m[38;2;142;126;138m*[0m[48;2;160;140;155m[38;2;160;140;155m+[0m[48;2;161;140;155m[38;2;161;140;155m+[0m[48;2;161;140;155m[38;2;161;140;155m+[0m[48;2;161;140;155m[38;2;161;140;155m+[0m[48;2;161;140;154m[38;2;161;140;154m+[0m[48;2;161;140;155m[38;2;161;140;155m+[0m[48;2;161;140;155m[38;2;161;140;155m+[0m[48;2;160;140;155m[38;2;160;140;155m+[0m[48;2;157;140;153m[38;2;157;140;153m+[0m[48;2;45;36;45m[38;2;45;36;45m▒[0m[48;2;21;15;22m[38;2;21;15;22m█[0m[48;2;3;0;5m[38;2;3;0;5m█[0m[48;2;9;7;12m[38;2;9;7;12m█[0m[48;2;25;21;30m[38;2;25;21;30m▓[0m[48;2;14;9;19m[38;2;14;9;19m█[0m[48;2;113;103;114m[38;2;113;103;114m%[0m[48;2;158;140;154m[38;2;158;140;154m+[0m[48;2;160;141;155m[38;2;160;141;155m+[0m[48;2;148;132;144m[38;2;148;132;144m*[0m[48;2;67;57;64m[38;2;67;57;64m░[0m[48;2;71;64;69m[38;2;71;64;69m░[0m[48;2;111;99;109m[38;2;111;99;109m%[0m[48;2;62;56;61m[38;2;62;56;61m░[0m[48;2;111;107;110m[38;2;111;107;110m%[0m[48;2;232;231;232m[38;2;232;231;232m.[0m                                  
                                        [48;2;82;81;81m[38;2;82;81;81m@[0m[48;2;77;75;76m[38;2;77;75;76m@[0m[48;2;86;81;84m[38;2;86;81;84m@[0m[48;2;77;73;76m[38;2;77;73;76m@[0m[48;2;53;48;51m[38;2;53;48;51m▒[0m[48;2;237;233;236m[38;2;237;233;236m.[0m[48;2;34;31;34m[38;2;34;31;34m▓[0m[48;2;73;68;73m[38;2;73;68;73m░[0m[48;2;85;78;85m[38;2;85;78;85m@[0m[48;2;64;56;63m[38;2;64;56;63m░[0m[48;2;50;40;48m[38;2;50;40;48m▒[0m[48;2;96;84;94m[38;2;96;84;94m@[0m[48;2;161;140;155m[38;2;161;140;155m+[0m[48;2;161;140;155m[38;2;161;140;155m+[0m[48;2;161;140;155m[38;2;161;140;155m+[0m[48;2;161;140;155m[38;2;161;140;155m+[0m[48;2;161;140;155m[38;2;161;140;155m+[0m[48;2;161;140;155m[38;2;161;140;155m+[0m[48;2;161;140;155m[38;2;161;140;155m+[0m[48;2;151;131;145m[38;2;151;131;145m*[0m[48;2;18;9;17m[38;2;18;9;17m█[0m[48;2;26;20;27m[38;2;26;20;27m▓[0m[48;2;6;3;8m[38;2;6;3;8m█[0m[48;2;9;7;11m[38;2;9;7;11m█[0m[48;2;5;3;9m[38;2;5;3;9m█[0m[48;2;18;14;23m[38;2;18;14;23m█[0m[48;2;25;19;28m[38;2;25;19;28m▓[0m[48;2;148;132;145m[38;2;148;132;145m*[0m[48;2;160;141;155m[38;2;160;141;155m+[0m[48;2;160;141;155m[38;2;160;141;155m+[0m[48;2;160;141;154m[38;2;160;141;154m+[0m[48;2;132;115;127m[38;2;132;115;127m#[0m[48;2;156;136;150m[38;2;156;136;150m*[0m[48;2;159;141;154m[38;2;159;141;154m+[0m[48;2;123;110;119m[38;2;123;110;119m#[0m[48;2;51;44;49m[38;2;51;44;49m▒[0m[48;2;209;206;210m[38;2;209;206;210m:[0m                                 
                                        [48;2;87;86;87m[38;2;87;86;87m@[0m[48;2;155;153;154m[38;2;155;153;154m+[0m[48;2;202;200;202m[38;2;202;200;202m-[0m[48;2;198;193;197m[38;2;198;193;197m-[0m[48;2;35;30;35m[38;2;35;30;35m▓[0m[48;2;241;237;241m[38;2;241;237;241m [0m[48;2;106;105;109m[38;2;106;105;109m%[0m[48;2;84;79;84m[38;2;84;79;84m@[0m[48;2;155;140;148m[38;2;155;140;148m*[0m[48;2;157;139;150m[38;2;157;139;150m*[0m[48;2;159;139;152m[38;2;159;139;152m+[0m[48;2;160;140;154m[38;2;160;140;154m+[0m[48;2;161;140;155m[38;2;161;140;155m+[0m[48;2;161;140;155m[38;2;161;140;155m+[0m[48;2;161;140;155m[38;2;161;140;155m+[0m[48;2;161;140;155m[38;2;161;140;155m+[0m[48;2;161;140;155m[38;2;161;140;155m+[0m[48;2;161;140;155m[38;2;161;140;155m+[0m[48;2;161;140;155m[38;2;161;140;155m+[0m[48;2;161;140;155m[38;2;161;140;155m+[0m[48;2;148;131;144m[38;2;148;131;144m*[0m[48;2;144;132;142m[38;2;144;132;142m*[0m[48;2;100;90;99m[38;2;100;90;99m%[0m[48;2;20;14;21m[38;2;20;14;21m█[0m[48;2;15;10;17m[38;2;15;10;17m█[0m[48;2;46;41;48m[38;2;46;41;48m▒[0m[48;2;48;43;50m[38;2;48;43;50m▒[0m[48;2;91;80;91m[38;2;91;80;91m@[0m[48;2;148;130;144m[38;2;148;130;144m*[0m[48;2;160;140;154m[38;2;160;140;154m+[0m[48;2;161;140;155m[38;2;161;140;155m+[0m[48;2;161;140;155m[38;2;161;140;155m+[0m[48;2;161;140;155m[38;2;161;140;155m+[0m[48;2;161;140;155m[38;2;161;140;155m+[0m[48;2;160;141;155m[38;2;160;141;155m+[0m[48;2;135;118;130m[38;2;135;118;130m#[0m[48;2;55;47;55m[38;2;55;47;55m▒[0m                                 
                                        [48;2;136;136;136m[38;2;136;136;136m*[0m[48;2;111;110;112m[38;2;111;110;112m#[0m[48;2;202;201;204m[38;2;202;201;204m:[0m[48;2;182;180;184m[38;2;182;180;184m=[0m[48;2;48;47;50m[38;2;48;47;50m▒[0m[48;2;241;240;243m[38;2;241;240;243m [0m[48;2;151;150;154m[38;2;151;150;154m+[0m[48;2;7;6;8m[38;2;7;6;8m█[0m[48;2;117;104;112m[38;2;117;104;112m%[0m[48;2;158;139;152m[38;2;158;139;152m*[0m[48;2;161;140;155m[38;2;161;140;155m+[0m[48;2;161;140;155m[38;2;161;140;155m+[0m[48;2;161;140;155m[38;2;161;140;155m+[0m[48;2;161;140;155m[38;2;161;140;155m+[0m[48;2;161;140;155m[38;2;161;140;155m+[0m[48;2;161;140;155m[38;2;161;140;155m+[0m[48;2;161;140;155m[38;2;161;140;155m+[0m[48;2;161;140;155m[38;2;161;140;155m+[0m[48;2;161;140;155m[38;2;161;140;155m+[0m[48;2;161;140;155m[38;2;161;140;155m+[0m[48;2;161;140;155m[38;2;161;140;155m+[0m[48;2;161;140;155m[38;2;161;140;155m+[0m[48;2;160;140;155m[38;2;160;140;155m+[0m[48;2;153;134;148m[38;2;153;134;148m*[0m[48;2;153;133;148m[38;2;153;133;148m*[0m[48;2;88;72;85m[38;2;88;72;85m@[0m[48;2;61;49;60m[38;2;61;49;60m▒[0m[48;2;14;5;14m[38;2;14;5;14m█[0m[48;2;16;6;14m[38;2;16;6;14m█[0m[48;2;51;39;49m[38;2;51;39;49m▒[0m[48;2;125;107;121m[38;2;125;107;121m#[0m[48;2;161;140;155m[38;2;161;140;155m+[0m[48;2;161;140;155m[38;2;161;140;155m+[0m[48;2;161;140;155m[38;2;161;140;155m+[0m[48;2;161;140;155m[38;2;161;140;155m+[0m[48;2;161;140;155m[38;2;161;140;155m+[0m[48;2;65;54;64m[38;2;65;54;64m░[0m[48;2;176;173;175m[38;2;176;173;175m=[0m                                
                                        [48;2;209;209;209m[38;2;209;209;209m:[0m[48;2;50;48;51m[38;2;50;48;51m▒[0m[48;2;200;198;202m[38;2;200;198;202m-[0m[48;2;90;88;91m[38;2;90;88;91m@[0m[48;2;150;148;152m[38;2;150;148;152m+[0m [48;2;170;169;172m[38;2;170;169;172m=[0m[48;2;7;5;9m[38;2;7;5;9m█[0m[48;2;14;9;15m[38;2;14;9;15m█[0m[48;2;107;95;105m[38;2;107;95;105m%[0m[48;2;160;141;154m[38;2;160;141;154m+[0m[48;2;161;140;155m[38;2;161;140;155m+[0m[48;2;161;140;155m[38;2;161;140;155m+[0m[48;2;161;140;155m[38;2;161;140;155m+[0m[48;2;161;140;155m[38;2;161;140;155m+[0m[48;2;161;140;155m[38;2;161;140;155m+[0m[48;2;161;140;155m[38;2;161;140;155m+[0m[48;2;161;140;155m[38;2;161;140;155m+[0m[48;2;161;140;155m[38;2;161;140;155m+[0m[48;2;161;140;155m[38;2;161;140;155m+[0m[48;2;161;140;155m[38;2;161;140;155m+[0m[48;2;161;140;155m[38;2;161;140;155m+[0m[48;2;161;140;155m[38;2;161;140;155m+[0m[48;2;161;140;155m[38;2;161;140;155m+[0m[48;2;161;140;155m[38;2;161;140;155m+[0m[48;2;161;140;155m[38;2;161;140;155m+[0m[48;2;154;134;149m[38;2;154;134;149m*[0m[48;2;122;104;116m[38;2;122;104;116m#[0m[48;2;88;73;84m[38;2;88;73;84m@[0m[48;2;52;41;51m[38;2;52;41;51m▒[0m[48;2;86;72;84m[38;2;86;72;84m@[0m[48;2;140;121;135m[38;2;140;121;135m*[0m[48;2;161;140;155m[38;2;161;140;155m+[0m[48;2;161;140;155m[38;2;161;140;155m+[0m[48;2;161;140;155m[38;2;161;140;155m+[0m[48;2;161;140;155m[38;2;161;140;155m+[0m[48;2;79;65;76m[38;2;79;65;76m░[0m[48;2;162;159;161m[38;2;162;159;161m+[0m                                
                                         [48;2;129;128;130m[38;2;129;128;130m*[0m[48;2;43;41;44m[38;2;43;41;44m▒[0m[48;2;41;40;43m[38;2;41;40;43m▒[0m[48;2;155;153;157m[38;2;155;153;157m+[0m[48;2;138;137;141m[38;2;138;137;141m*[0m[48;2;71;69;73m[38;2;71;69;73m░[0m[48;2;13;11;16m[38;2;13;11;16m█[0m[48;2;27;23;35m[38;2;27;23;35m▓[0m[48;2;20;15;27m[38;2;20;15;27m█[0m[48;2;62;51;62m[38;2;62;51;62m░[0m[48;2;144;128;141m[38;2;144;128;141m*[0m[48;2;160;141;155m[38;2;160;141;155m+[0m[48;2;161;140;155m[38;2;161;140;155m+[0m[48;2;161;140;155m[38;2;161;140;155m+[0m[48;2;161;140;155m[38;2;161;140;155m+[0m[48;2;161;140;155m[38;2;161;140;155m+[0m[48;2;161;140;155m[38;2;161;140;155m+[0m[48;2;161;140;155m[38;2;161;140;155m+[0m[48;2;161;140;155m[38;2;161;140;155m+[0m[48;2;161;140;155m[38;2;161;140;155m+[0m[48;2;161;140;155m[38;2;161;140;155m+[0m[48;2;161;140;155m[38;2;161;140;155m+[0m[48;2;161;140;155m[38;2;161;140;155m+[0m[48;2;161;140;155m[38;2;161;140;155m+[0m[48;2;161;140;155m[38;2;161;140;155m+[0m[48;2;161;140;155m[38;2;161;140;155m+[0m[48;2;161;140;155m[38;2;161;140;155m+[0m[48;2;161;140;155m[38;2;161;140;155m+[0m[48;2;160;140;155m[38;2;160;140;155m+[0m[48;2;127;108;122m[38;2;127;108;122m#[0m[48;2;78;62;74m[38;2;78;62;74m░[0m[48;2;71;54;67m[38;2;71;54;67m░[0m[48;2;70;56;68m[38;2;70;56;68m░[0m[48;2;74;63;73m[38;2;74;63;73m░[0m[48;2;75;63;74m[38;2;75;63;74m░[0m[48;2;25;15;24m[38;2;25;15;24m▓[0m[48;2;75;69;75m[38;2;75;69;75m░[0m                                
                                          [48;2;227;227;228m[38;2;227;227;228m.[0m[48;2;203;202;204m[38;2;203;202;204m:[0m[48;2;202;200;203m[38;2;202;200;203m-[0m[48;2;188;186;190m[38;2;188;186;190m-[0m[48;2;12;9;16m[38;2;12;9;16m█[0m[48;2;32;29;39m[38;2;32;29;39m▓[0m[48;2;36;30;49m[38;2;36;30;49m▓[0m[48;2;36;31;50m[38;2;36;31;50m▓[0m[48;2;30;24;42m[38;2;30;24;42m▓[0m[48;2;23;16;29m[38;2;23;16;29m▓[0m[48;2;78;67;79m[38;2;78;67;79m░[0m[48;2;140;123;137m[38;2;140;123;137m*[0m[48;2;160;141;155m[38;2;160;141;155m+[0m[48;2;161;140;155m[38;2;161;140;155m+[0m[48;2;161;140;155m[38;2;161;140;155m+[0m[48;2;161;140;155m[38;2;161;140;155m+[0m[48;2;161;140;155m[38;2;161;140;155m+[0m[48;2;161;140;155m[38;2;161;140;155m+[0m[48;2;161;140;155m[38;2;161;140;155m+[0m[48;2;161;140;155m[38;2;161;140;155m+[0m[48;2;161;140;155m[38;2;161;140;155m+[0m[48;2;161;140;155m[38;2;161;140;155m+[0m[48;2;161;140;155m[38;2;161;140;155m+[0m[48;2;161;140;155m[38;2;161;140;155m+[0m[48;2;161;140;155m[38;2;161;140;155m+[0m[48;2;161;140;155m[38;2;161;140;155m+[0m[48;2;161;140;155m[38;2;161;140;155m+[0m[48;2;161;140;155m[38;2;161;140;155m+[0m[48;2;161;140;155m[38;2;161;140;155m+[0m[48;2;161;140;155m[38;2;161;140;155m+[0m[48;2;161;140;155m[38;2;161;140;155m+[0m[48;2;160;140;154m[38;2;160;140;154m+[0m[48;2;155;135;150m[38;2;155;135;150m*[0m[48;2;153;133;148m[38;2;153;133;148m*[0m[48;2;136;119;132m[38;2;136;119;132m#[0m[48;2;61;54;60m[38;2;61;54;60m░[0m                                
                                             [48;2;226;226;227m[38;2;226;226;227m.[0m[48;2;9;6;12m[38;2;9;6;12m█[0m[48;2;21;17;31m[38;2;21;17;31m▓[0m[48;2;33;28;45m[38;2;33;28;45m▓[0m[48;2;37;32;50m[38;2;37;32;50m▓[0m[48;2;37;32;51m[38;2;37;32;51m▓[0m[48;2;36;31;48m[38;2;36;31;48m▓[0m[48;2;22;17;31m[38;2;22;17;31m▓[0m[48;2;16;7;31m[38;2;16;7;31m█[0m[48;2;54;41;73m[38;2;54;41;73m▒[0m[48;2;100;86;99m[38;2;100;86;99m%[0m[48;2;142;123;138m[38;2;142;123;138m*[0m[48;2;160;140;154m[38;2;160;140;154m+[0m[48;2;161;140;155m[38;2;161;140;155m+[0m[48;2;161;140;155m[38;2;161;140;155m+[0m[48;2;161;140;155m[38;2;161;140;155m+[0m[48;2;161;140;155m[38;2;161;140;155m+[0m[48;2;161;140;155m[38;2;161;140;155m+[0m[48;2;161;140;155m[38;2;161;140;155m+[0m[48;2;161;140;155m[38;2;161;140;155m+[0m[48;2;161;140;155m[38;2;161;140;155m+[0m[48;2;161;140;155m[38;2;161;140;155m+[0m[48;2;161;140;155m[38;2;161;140;155m+[0m[48;2;161;140;155m[38;2;161;140;155m+[0m[48;2;161;140;155m[38;2;161;140;155m+[0m[48;2;161;140;155m[38;2;161;140;155m+[0m[48;2;161;140;155m[38;2;161;140;155m+[0m[48;2;161;140;155m[38;2;161;140;155m+[0m[48;2;161;140;155m[38;2;161;140;155m+[0m[48;2;161;140;155m[38;2;161;140;155m+[0m[48;2;142;125;138m[38;2;142;125;138m*[0m[48;2;56;43;53m[38;2;56;43;53m▒[0m[48;2;189;184;189m[38;2;189;184;189m-[0m                                
                                              [48;2;18;14;21m[38;2;18;14;21m█[0m[48;2;23;19;33m[38;2;23;19;33m▓[0m[48;2;17;13;28m[38;2;17;13;28m█[0m[48;2;16;11;26m[38;2;16;11;26m█[0m[48;2;17;12;28m[38;2;17;12;28m█[0m[48;2;21;17;32m[38;2;21;17;32m▓[0m[48;2;17;13;26m[38;2;17;13;26m█[0m[48;2;13;6;30m[38;2;13;6;30m█[0m[48;2;78;57;157m[38;2;78;57;157m@[0m[48;2;56;40;124m[38;2;56;40;124m▒[0m[48;2;42;32;80m[38;2;42;32;80m▒[0m[48;2;50;38;73m[38;2;50;38;73m▒[0m[48;2;66;56;79m[38;2;66;56;79m░[0m[48;2;98;88;98m[38;2;98;88;98m%[0m[48;2;125;112;124m[38;2;125;112;124m#[0m[48;2;149;132;145m[38;2;149;132;145m*[0m[48;2;159;140;154m[38;2;159;140;154m+[0m[48;2;160;140;155m[38;2;160;140;155m+[0m[48;2;161;140;155m[38;2;161;140;155m+[0m[48;2;161;140;155m[38;2;161;140;155m+[0m[48;2;161;140;155m[38;2;161;140;155m+[0m[48;2;161;140;155m[38;2;161;140;155m+[0m[48;2;161;140;155m[38;2;161;140;155m+[0m[48;2;161;140;155m[38;2;161;140;155m+[0m[48;2;160;141;155m[38;2;160;141;155m+[0m[48;2;158;139;152m[38;2;158;139;152m*[0m[48;2;139;121;134m[38;2;139;121;134m#[0m[48;2;101;85;97m[38;2;101;85;97m@[0m[48;2;58;46;55m[38;2;58;46;55m▒[0m[48;2;89;82;88m[38;2;89;82;88m@[0m[48;2;210;205;210m[38;2;210;205;210m:[0m                                 
                                              [48;2;54;53;56m[38;2;54;53;56m▒[0m[48;2;31;28;41m[38;2;31;28;41m▓[0m[48;2;36;31;49m[38;2;36;31;49m▓[0m[48;2;37;31;51m[38;2;37;31;51m▓[0m[48;2;35;30;48m[38;2;35;30;48m▓[0m[48;2;33;28;46m[38;2;33;28;46m▓[0m[48;2;32;27;45m[38;2;32;27;45m▓[0m[48;2;15;10;25m[38;2;15;10;25m█[0m[48;2;54;37;128m[38;2;54;37;128m▒[0m[48;2;82;67;156m[38;2;82;67;156m@[0m[48;2;85;71;153m[38;2;85;71;153m@[0m[48;2;86;68;165m[38;2;86;68;165m@[0m[48;2;40;24;111m[38;2;40;24;111m▒[0m[48;2;3;0;10m[38;2;3;0;10m█[0m[48;2;16;9;40m[38;2;16;9;40m█[0m[48;2;37;24;91m[38;2;37;24;91m▓[0m[48;2;41;30;71m[38;2;41;30;71m▒[0m[48;2;49;35;84m[38;2;49;35;84m▒[0m[48;2;58;48;71m[38;2;58;48;71m▒[0m[48;2;63;54;73m[38;2;63;54;73m░[0m[48;2;64;54;74m[38;2;64;54;74m░[0m[48;2;63;54;65m[38;2;63;54;65m░[0m[48;2;63;54;63m[38;2;63;54;63m░[0m[48;2;57;47;59m[38;2;57;47;59m▒[0m[48;2;42;34;44m[38;2;42;34;44m▒[0m[48;2;22;17;27m[38;2;22;17;27m▓[0m[48;2;18;15;21m[38;2;18;15;21m█[0m[48;2;140;137;142m[38;2;140;137;142m*[0m[48;2;231;228;232m[38;2;231;228;232m.[0m                                   
                                              [48;2;137;136;138m[38;2;137;136;138m*[0m[48;2;21;17;30m[38;2;21;17;30m▓[0m[48;2;37;31;51m[38;2;37;31;51m▓[0m[48;2;37;31;52m[38;2;37;31;52m▓[0m[48;2;37;31;52m[38;2;37;31;52m▓[0m[48;2;37;31;52m[38;2;37;31;52m▓[0m[48;2;37;31;52m[38;2;37;31;52m▓[0m[48;2;29;23;42m[38;2;29;23;42m▓[0m[48;2;18;11;44m[38;2;18;11;44m█[0m[48;2;74;65;120m[38;2;74;65;120m@[0m[48;2;83;69;149m[38;2;83;69;149m@[0m[48;2;72;54;164m[38;2;72;54;164m░[0m[48;2;78;63;152m[38;2;78;63;152m@[0m[48;2;17;9;55m[38;2;17;9;55m█[0m[48;2;68;65;76m[38;2;68;65;76m░[0m[48;2;32;21;82m[38;2;32;21;82m▓[0m[48;2;80;65;155m[38;2;80;65;155m@[0m[48;2;65;47;162m[38;2;65;47;162m░[0m[48;2;77;62;149m[38;2;77;62;149m@[0m[48;2;57;46;113m[38;2;57;46;113m░[0m[48;2;34;29;52m[38;2;34;29;52m▓[0m[48;2;12;6;14m[38;2;12;6;14m█[0m[48;2;66;60;70m[38;2;66;60;70m░[0m[48;2;46;40;56m[38;2;46;40;56m▒[0m[48;2;39;31;52m[38;2;39;31;52m▓[0m[48;2;37;31;52m[38;2;37;31;52m▓[0m[48;2;32;27;45m[38;2;32;27;45m▓[0m[48;2;20;16;28m[38;2;20;16;28m▓[0m[48;2;56;53;60m[38;2;56;53;60m▒[0m[48;2;150;149;153m[38;2;150;149;153m+[0m                                  
                                              [48;2;226;226;226m[38;2;226;226;226m.[0m[48;2;24;20;31m[38;2;24;20;31m▓[0m[48;2;35;30;49m[38;2;35;30;49m▓[0m[48;2;37;31;52m[38;2;37;31;52m▓[0m[48;2;37;31;52m[38;2;37;31;52m▓[0m[48;2;37;31;52m[38;2;37;31;52m▓[0m[48;2;37;31;52m[38;2;37;31;52m▓[0m[48;2;37;31;52m[38;2;37;31;52m▓[0m[48;2;30;25;44m[38;2;30;25;44m▓[0m[48;2;21;15;32m[38;2;21;15;32m▓[0m[48;2;28;22;39m[38;2;28;22;39m▓[0m[48;2;32;27;53m[38;2;32;27;53m▓[0m[48;2;49;42;74m[38;2;49;42;74m▒[0m[48;2;24;13;68m[38;2;24;13;68m▓[0m[48;2;68;65;71m[38;2;68;65;71m░[0m[48;2;123;120;125m[38;2;123;120;125m#[0m[48;2;17;12;33m[38;2;17;12;33m█[0m[48;2;61;57;73m[38;2;61;57;73m░[0m[48;2;102;99;113m[38;2;102;99;113m%[0m[48;2;165;162;169m[38;2;165;162;169m+[0m[48;2;232;231;234m[38;2;232;231;234m.[0m[48;2;163;163;164m[38;2;163;163;164m+[0m[48;2;25;22;29m[38;2;25;22;29m▓[0m[48;2;58;52;64m[38;2;58;52;64m░[0m[48;2;66;60;74m[38;2;66;60;74m░[0m[48;2;39;34;49m[38;2;39;34;49m▒[0m[48;2;37;32;50m[38;2;37;32;50m▓[0m[48;2;37;31;52m[38;2;37;31;52m▓[0m[48;2;36;30;50m[38;2;36;30;50m▓[0m[48;2;28;23;39m[38;2;28;23;39m▓[0m[48;2;34;31;41m[38;2;34;31;41m▓[0m[48;2;151;150;154m[38;2;151;150;154m+[0m                                
                                               [48;2;122;120;124m[38;2;122;120;124m#[0m[48;2;22;17;31m[38;2;22;17;31m▓[0m[48;2;37;31;52m[38;2;37;31;52m▓[0m[48;2;37;31;52m[38;2;37;31;52m▓[0m[48;2;37;31;52m[38;2;37;31;52m▓[0m[48;2;37;31;52m[38;2;37;31;52m▓[0m[48;2;37;31;52m[38;2;37;31;52m▓[0m[48;2;37;31;52m[38;2;37;31;52m▓[0m[48;2;37;31;51m[38;2;37;31;51m▓[0m[48;2;76;72;87m[38;2;76;72;87m@[0m[48;2;17;14;23m[38;2;17;14;23m█[0m[48;2;53;50;57m[38;2;53;50;57m▒[0m[48;2;158;155;161m[38;2;158;155;161m+[0m[48;2;205;204;206m[38;2;205;204;206m:[0m[48;2;193;192;194m[38;2;193;192;194m-[0m[48;2;47;45;48m[38;2;47;45;48m▒[0m[48;2;86;84;89m[38;2;86;84;89m@[0m[48;2;116;113;118m[38;2;116;113;118m#[0m[48;2;213;210;215m[38;2;213;210;215m:[0m [48;2;229;228;231m[38;2;229;228;231m.[0m[48;2;42;40;45m[38;2;42;40;45m▒[0m[48;2;128;125;131m[38;2;128;125;131m#[0m[48;2;37;33;41m[38;2;37;33;41m▓[0m[48;2;57;53;62m[38;2;57;53;62m░[0m[48;2;65;61;73m[38;2;65;61;73m░[0m[48;2;39;33;52m[38;2;39;33;52m▒[0m[48;2;37;31;52m[38;2;37;31;52m▓[0m[48;2;37;31;52m[38;2;37;31;52m▓[0m[48;2;36;31;51m[38;2;36;31;51m▓[0m[48;2;22;18;32m[38;2;22;18;32m▓[0m[48;2;79;76;83m[38;2;79;76;83m@[0m                               