                                                                                                              
                                                                                                              
                                                                                                              
                                                                                                              
                                                                                                              
                                                                                                              
                                                                                                              
                                                                                                              
                                                                                                              
                                                                                                              
                                                                                                              
                                                                                                              
                                                                                                              
                                               [48;2;200;199;200m[38;2;200;199;200m-[0m[48;2;126;125;127m[38;2;126;125;127m#[0m[48;2;83;82;86m[38;2;83;82;86m@[0m[48;2;62;61;66m[38;2;62;61;66m░[0m[48;2;55;54;59m[38;2;55;54;59m░[0m[48;2;58;57;62m[38;2;58;57;62m░[0m[48;2;64;63;68m[38;2;64;63;68m░[0m[48;2;76;75;80m[38;2;76;75;80m@[0m[48;2;95;94;99m[38;2;95;94;99m%[0m[48;2;121;120;124m[38;2;121;120;124m#[0m[48;2;155;154;158m[38;2;155;154;158m+[0m[48;2;199;198;200m[38;2;199;198;200m-[0m                                                   
                                             [48;2;215;215;215m[38;2;215;215;215m:[0m[48;2;42;41;45m[38;2;42;41;45m▒[0m[48;2;15;14;21m[38;2;15;14;21m█[0m[48;2;35;32;46m[38;2;35;32;46m▓[0m[48;2;43;41;57m[38;2;43;41;57m▒[0m[48;2;44;43;59m[38;2;44;43;59m▒[0m[48;2;43;43;59m[38;2;43;43;59m▒[0m[48;2;43;43;59m[38;2;43;43;59m▒[0m[48;2;43;43;58m[38;2;43;43;58m▒[0m[48;2;42;43;59m[38;2;42;43;59m▒[0m[48;2;42;42;58m[38;2;42;42;58m▒[0m[48;2;38;37;53m[38;2;38;37;53m▒[0m[48;2;33;32;46m[38;2;33;32;46m▓[0m[48;2;26;24;37m[38;2;26;24;37m▓[0m[48;2;26;24;36m[38;2;26;24;36m▓[0m[48;2;69;67;77m[38;2;69;67;77m░[0m[48;2;140;139;143m[38;2;140;139;143m*[0m[48;2;228;228;229m[38;2;228;228;229m.[0m                                               
                                             [48;2;82;82;83m[38;2;82;82;83m@[0m[48;2;30;29;36m[38;2;30;29;36m▓[0m[48;2;44;42;58m[38;2;44;42;58m▒[0m[48;2;43;42;59m[38;2;43;42;59m▒[0m[48;2;41;43;59m[38;2;41;43;59m▒[0m[48;2;40;44;59m[38;2;40;44;59m▒[0m[48;2;40;44;59m[38;2;40;44;59m▒[0m[48;2;40;44;59m[38;2;40;44;59m▒[0m[48;2;40;44;59m[38;2;40;44;59m▒[0m[48;2;40;44;59m[38;2;40;44;59m▒[0m[48;2;40;44;59m[38;2;40;44;59m▒[0m[48;2;40;44;59m[38;2;40;44;59m▒[0m[48;2;40;44;59m[38;2;40;44;59m▒[0m[48;2;40;44;59m[38;2;40;44;59m▒[0m[48;2;41;43;59m[38;2;41;43;59m▒[0m[48;2;41;43;59m[38;2;41;43;59m▒[0m[48;2;33;32;47m[38;2;33;32;47m▓[0m[48;2;23;22;31m[38;2;23;22;31m▓[0m[48;2;112;111;117m[38;2;112;111;117m#[0m[48;2;237;236;238m[38;2;237;236;238m.[0m                                             
                                            [48;2;108;108;109m[38;2;108;108;109m%[0m[48;2;41;40;44m[38;2;41;40;44m▒[0m[48;2;45;44;56m[38;2;45;44;56m▒[0m[48;2;42;43;59m[38;2;42;43;59m▒[0m[48;2;40;44;59m[38;2;40;44;59m▒[0m[48;2;40;44;59m[38;2;40;44;59m▒[0m[48;2;40;44;59m[38;2;40;44;59m▒[0m[48;2;40;44;59m[38;2;40;44;59m▒[0m[48;2;40;44;59m[38;2;40;44;59m▒[0m[48;2;40;44;59m[38;2;40;44;59m▒[0m[48;2;40;44;59m[38;2;40;44;59m▒[0m[48;2;40;44;59m[38;2;40;44;59m▒[0m[48;2;40;44;59m[38;2;40;44;59m▒[0m[48;2;40;44;59m[38;2;40;44;59m▒[0m[48;2;40;44;59m[38;2;40;44;59m▒[0m[48;2;40;44;59m[38;2;40;44;59m▒[0m[48;2;40;44;59m[38;2;40;44;59m▒[0m[48;2;41;43;59m[38;2;41;43;59m▒[0m[48;2;41;43;59m[38;2;41;43;59m▒[0m[48;2;34;32;46m[38;2;34;32;46m▓[0m[48;2;41;39;47m[38;2;41;39;47m▒[0m[48;2;207;206;208m[38;2;207;206;208m:[0m                                            
                                          [48;2;206;206;206m[38;2;206;206;206m:[0m[48;2;56;55;59m[38;2;56;55;59m░[0m[48;2;8;7;11m[38;2;8;7;11m█[0m[48;2;76;74;79m[38;2;76;74;79m@[0m[48;2;44;43;58m[38;2;44;43;58m▒[0m[48;2;41;44;59m[38;2;41;44;59m▒[0m[48;2;40;44;59m[38;2;40;44;59m▒[0m[48;2;40;44;59m[38;2;40;44;59m▒[0m[48;2;40;44;59m[38;2;40;44;59m▒[0m[48;2;40;44;59m[38;2;40;44;59m▒[0m[48;2;40;44;59m[38;2;40;44;59m▒[0m[48;2;40;44;59m[38;2;40;44;59m▒[0m[48;2;40;44;59m[38;2;40;44;59m▒[0m[48;2;40;44;59m[38;2;40;44;59m▒[0m[48;2;40;44;59m[38;2;40;44;59m▒[0m[48;2;40;44;59m[38;2;40;44;59m▒[0m[48;2;40;44;59m[38;2;40;44;59m▒[0m[48;2;40;44;59m[38;2;40;44;59m▒[0m[48;2;40;44;59m[38;2;40;44;59m▒[0m[48;2;40;44;59m[38;2;40;44;59m▒[0m[48;2;41;43;59m[38;2;41;43;59m▒[0m[48;2;41;43;59m[38;2;41;43;59m▒[0m[48;2;40;39;53m[38;2;40;39;53m▒[0m[48;2;29;27;34m[38;2;29;27;34m▓[0m[48;2;194;193;194m[38;2;194;193;194m-[0m                                           
                                         [48;2;178;177;179m[38;2;178;177;179m=[0m[48;2;50;46;50m[38;2;50;46;50m▒[0m[48;2;123;117;124m[38;2;123;117;124m#[0m[48;2;13;12;14m[38;2;13;12;14m█[0m[48;2;80;78;86m[38;2;80;78;86m@[0m[48;2;43;43;59m[38;2;43;43;59m▒[0m[48;2;40;44;59m[38;2;40;44;59m▒[0m[48;2;40;44;59m[38;2;40;44;59m▒[0m[48;2;40;44;59m[38;2;40;44;59m▒[0m[48;2;40;44;59m[38;2;40;44;59m▒[0m[48;2;40;44;59m[38;2;40;44;59m▒[0m[48;2;40;44;59m[38;2;40;44;59m▒[0m[48;2;40;44;59m[38;2;40;44;59m▒[0m[48;2;40;44;59m[38;2;40;44;59m▒[0m[48;2;40;44;59m[38;2;40;44;59m▒[0m[48;2;40;44;59m[38;2;40;44;59m▒[0m[48;2;40;44;59m[38;2;40;44;59m▒[0m[48;2;40;44;59m[38;2;40;44;59m▒[0m[48;2;40;44;59m[38;2;40;44;59m▒[0m[48;2;40;44;59m[38;2;40;44;59m▒[0m[48;2;40;44;59m[38;2;40;44;59m▒[0m[48;2;40;44;59m[38;2;40;44;59m▒[0m[48;2;40;44;59m[38;2;40;44;59m▒[0m[48;2;40;44;59m[38;2;40;44;59m▒[0m[48;2;38;38;52m[38;2;38;38;52m▒[0m[48;2;27;24;33m[38;2;27;24;33m▓[0m[48;2;211;211;212m[38;2;211;211;212m:[0m                                          
                                        [48;2;194;193;194m[38;2;194;193;194m-[0m[48;2;31;27;31m[38;2;31;27;31m▓[0m[48;2;77;70;78m[38;2;77;70;78m░[0m[48;2;93;87;96m[38;2;93;87;96m@[0m[48;2;12;8;14m[38;2;12;8;14m█[0m[48;2;81;76;83m[38;2;81;76;83m@[0m[48;2;50;47;59m[38;2;50;47;59m▒[0m[48;2;40;44;59m[38;2;40;44;59m▒[0m[48;2;40;44;59m[38;2;40;44;59m▒[0m[48;2;40;44;59m[38;2;40;44;59m▒[0m[48;2;40;44;59m[38;2;40;44;59m▒[0m[48;2;40;44;59m[38;2;40;44;59m▒[0m[48;2;40;44;59m[38;2;40;44;59m▒[0m[48;2;40;44;59m[38;2;40;44;59m▒[0m[48;2;40;44;59m[38;2;40;44;59m▒[0m[48;2;40;44;59m[38;2;40;44;59m▒[0m[48;2;40;44;59m[38;2;40;44;59m▒[0m[48;2;40;44;59m[38;2;40;44;59m▒[0m[48;2;40;44;59m[38;2;40;44;59m▒[0m[48;2;40;44;59m[38;2;40;44;59m▒[0m[48;2;40;44;59m[38;2;40;44;59m▒[0m[48;2;40;44;59m[38;2;40;44;59m▒[0m[48;2;40;44;59m[38;2;40;44;59m▒[0m[48;2;40;44;59m[38;2;40;44;59m▒[0m[48;2;40;44;59m[38;2;40;44;59m▒[0m[48;2;42;43;59m[38;2;42;43;59m▒[0m[48;2;39;36;49m[38;2;39;36;49m▒[0m[48;2;60;59;63m[38;2;60;59;63m░[0m                                          
                                        [48;2;57;55;57m[38;2;57;55;57m░[0m[48;2;54;46;53m[38;2;54;46;53m▒[0m[48;2;24;16;26m[38;2;24;16;26m▓[0m[48;2;55;37;83m[38;2;55;37;83m▒[0m[48;2;49;32;74m[38;2;49;32;74m▒[0m[48;2;35;22;52m[38;2;35;22;52m▓[0m[48;2;48;43;57m[38;2;48;43;57m▒[0m[48;2;41;43;59m[38;2;41;43;59m▒[0m[48;2;40;44;59m[38;2;40;44;59m▒[0m[48;2;40;44;59m[38;2;40;44;59m▒[0m[48;2;40;44;59m[38;2;40;44;59m▒[0m[48;2;40;44;59m[38;2;40;44;59m▒[0m[48;2;40;44;59m[38;2;40;44;59m▒[0m[48;2;40;44;59m[38;2;40;44;59m▒[0m[48;2;40;44;59m[38;2;40;44;59m▒[0m[48;2;40;44;59m[38;2;40;44;59m▒[0m[48;2;40;44;59m[38;2;40;44;59m▒[0m[48;2;40;44;59m[38;2;40;44;59m▒[0m[48;2;40;44;59m[38;2;40;44;59m▒[0m[48;2;40;44;59m[38;2;40;44;59m▒[0m[48;2;40;44;59m[38;2;40;44;59m▒[0m[48;2;40;44;59m[38;2;40;44;59m▒[0m[48;2;40;44;59m[38;2;40;44;59m▒[0m[48;2;40;44;59m[38;2;40;44;59m▒[0m[48;2;40;44;59m[38;2;40;44;59m▒[0m[48;2;41;44;59m[38;2;41;44;59m▒[0m[48;2;44;42;57m[38;2;44;42;57m▒[0m[48;2;12;9;17m[38;2;12;9;17m█[0m[48;2;223;223;223m[38;2;223;223;223m.[0m                                         
                                       [48;2;200;200;200m[38;2;200;200;200m-[0m[48;2;41;35;40m[38;2;41;35;40m▒[0m[48;2;20;11;19m[38;2;20;11;19m█[0m[48;2;49;37;66m[38;2;49;37;66m▒[0m[48;2;87;66;132m[38;2;87;66;132m@[0m[48;2;66;47;97m[38;2;66;47;97m░[0m[48;2;25;14;36m[38;2;25;14;36m▓[0m[48;2;53;47;60m[38;2;53;47;60m▒[0m[48;2;53;51;66m[38;2;53;51;66m▒[0m[48;2;42;43;59m[38;2;42;43;59m▒[0m[48;2;40;44;59m[38;2;40;44;59m▒[0m[48;2;40;44;59m[38;2;40;44;59m▒[0m[48;2;40;44;59m[38;2;40;44;59m▒[0m[48;2;40;44;59m[38;2;40;44;59m▒[0m[48;2;40;44;59m[38;2;40;44;59m▒[0m[48;2;40;44;59m[38;2;40;44;59m▒[0m[48;2;40;44;59m[38;2;40;44;59m▒[0m[48;2;40;44;59m[38;2;40;44;59m▒[0m[48;2;40;44;59m[38;2;40;44;59m▒[0m[48;2;40;44;59m[38;2;40;44;59m▒[0m[48;2;40;44;59m[38;2;40;44;59m▒[0m[48;2;40;44;59m[38;2;40;44;59m▒[0m[48;2;40;44;59m[38;2;40;44;59m▒[0m[48;2;40;44;59m[38;2;40;44;59m▒[0m[48;2;40;44;59m[38;2;40;44;59m▒[0m[48;2;40;44;59m[38;2;40;44;59m▒[0m[48;2;40;44;59m[38;2;40;44;59m▒[0m[48;2;41;40;55m[38;2;41;40;55m▒[0m[48;2;28;25;33m[38;2;28;25;33m▓[0m[48;2;240;239;241m[38;2;240;239;241m [0m                                         
                                       [48;2;168;167;167m[38;2;168;167;167m=[0m[48;2;41;34;39m[38;2;41;34;39m▒[0m[48;2;9;1;8m[38;2;9;1;8m█[0m[48;2;28;18;30m[38;2;28;18;30m▓[0m[48;2;32;22;35m[38;2;32;22;35m▓[0m[48;2;50;39;55m[38;2;50;39;55m▒[0m[48;2;50;42;51m[38;2;50;42;51m▒[0m[48;2;26;19;28m[38;2;26;19;28m▓[0m[48;2;81;76;87m[38;2;81;76;87m@[0m[48;2;52;49;64m[38;2;52;49;64m▒[0m[48;2;41;43;59m[38;2;41;43;59m▒[0m[48;2;40;44;59m[38;2;40;44;59m▒[0m[48;2;40;44;59m[38;2;40;44;59m▒[0m[48;2;40;44;59m[38;2;40;44;59m▒[0m[48;2;40;44;59m[38;2;40;44;59m▒[0m[48;2;40;44;59m[38;2;40;44;59m▒[0m[48;2;40;44;59m[38;2;40;44;59m▒[0m[48;2;40;44;59m[38;2;40;44;59m▒[0m[48;2;40;44;59m[38;2;40;44;59m▒[0m[48;2;40;44;59m[38;2;40;44;59m▒[0m[48;2;40;44;59m[38;2;40;44;59m▒[0m[48;2;40;44;59m[38;2;40;44;59m▒[0m[48;2;40;44;59m[38;2;40;44;59m▒[0m[48;2;40;44;59m[38;2;40;44;59m▒[0m[48;2;40;44;59m[38;2;40;44;59m▒[0m[48;2;41;43;59m[38;2;41;43;59m▒[0m[48;2;38;39;55m[38;2;38;39;55m▒[0m[48;2;15;13;25m[38;2;15;13;25m█[0m[48;2;80;78;85m[38;2;80;78;85m@[0m                                          
                                       [48;2;230;230;230m[38;2;230;230;230m.[0m[48;2;34;31;33m[38;2;34;31;33m▓[0m[48;2;93;86;92m[38;2;93;86;92m@[0m[48;2;46;38;45m[38;2;46;38;45m▒[0m[48;2;155;141;151m[38;2;155;141;151m+[0m[48;2;103;89;102m[38;2;103;89;102m%[0m[48;2;80;69;79m[38;2;80;69;79m@[0m[48;2;108;96;108m[38;2;108;96;108m%[0m[48;2;32;22;34m[38;2;32;22;34m▓[0m[48;2;62;54;67m[38;2;62;54;67m░[0m[48;2;67;62;78m[38;2;67;62;78m░[0m[48;2;43;43;59m[38;2;43;43;59m▒[0m[48;2;41;43;59m[38;2;41;43;59m▒[0m[48;2;40;44;59m[38;2;40;44;59m▒[0m[48;2;40;44;59m[38;2;40;44;59m▒[0m[48;2;40;44;59m[38;2;40;44;59m▒[0m[48;2;40;44;59m[38;2;40;44;59m▒[0m[48;2;40;44;59m[38;2;40;44;59m▒[0m[48;2;40;44;59m[38;2;40;44;59m▒[0m[48;2;40;44;59m[38;2;40;44;59m▒[0m[48;2;40;44;59m[38;2;40;44;59m▒[0m[48;2;40;44;59m[38;2;40;44;59m▒[0m[48;2;40;44;59m[38;2;40;44;59m▒[0m[48;2;41;43;59m[38;2;41;43;59m▒[0m[48;2;41;41;57m[38;2;41;41;57m▒[0m[48;2;29;26;40m[38;2;29;26;40m▓[0m[48;2;9;6;18m[38;2;9;6;18m█[0m[48;2;61;57;67m[38;2;61;57;67m░[0m[48;2;59;57;61m[38;2;59;57;61m░[0m                                          
                                        [48;2;105;104;104m[38;2;105;104;104m%[0m[48;2;167;163;165m[38;2;167;163;165m+[0m[48;2;69;61;66m[38;2;69;61;66m░[0m[48;2;123;111;121m[38;2;123;111;121m#[0m[48;2;141;125;138m[38;2;141;125;138m*[0m[48;2;27;18;26m[38;2;27;18;26m▓[0m[48;2;135;122;133m[38;2;135;122;133m#[0m[48;2;149;133;146m[38;2;149;133;146m*[0m[48;2;86;74;87m[38;2;86;74;87m@[0m[48;2;47;37;50m[38;2;47;37;50m▒[0m[48;2;57;48;61m[38;2;57;48;61m▒[0m[48;2;57;50;63m[38;2;57;50;63m▒[0m[48;2;47;46;59m[38;2;47;46;59m▒[0m[48;2;43;43;58m[38;2;43;43;58m▒[0m[48;2;42;43;58m[38;2;42;43;58m▒[0m[48;2;41;43;59m[38;2;41;43;59m▒[0m[48;2;40;44;59m[38;2;40;44;59m▒[0m[48;2;40;44;59m[38;2;40;44;59m▒[0m[48;2;40;44;59m[38;2;40;44;59m▒[0m[48;2;41;44;59m[38;2;41;44;59m▒[0m[48;2;41;40;56m[38;2;41;40;56m▒[0m[48;2;32;31;47m[38;2;32;31;47m▓[0m[48;2;23;22;35m[38;2;23;22;35m▓[0m[48;2;47;42;52m[38;2;47;42;52m▒[0m[48;2;54;48;57m[38;2;54;48;57m▒[0m[48;2;48;41;50m[38;2;48;41;50m▒[0m[48;2;145;134;145m[38;2;145;134;145m*[0m[48;2;51;42;49m[38;2;51;42;49m▒[0m[48;2;190;189;191m[38;2;190;189;191m-[0m                                         
                                        [48;2;146;145;146m[38;2;146;145;146m*[0m[48;2;115;111;110m[38;2;115;111;110m#[0m[48;2;209;203;199m[38;2;209;203;199m:[0m[48;2;49;43;47m[38;2;49;43;47m▒[0m[48;2;140;125;139m[38;2;140;125;139m*[0m[48;2;127;113;125m[38;2;127;113;125m#[0m[48;2;48;36;46m[38;2;48;36;46m▒[0m[48;2;144;129;141m[38;2;144;129;141m*[0m[48;2;159;141;155m[38;2;159;141;155m+[0m[48;2;159;140;154m[38;2;159;140;154m+[0m[48;2;128;113;126m[38;2;128;113;126m#[0m[48;2;87;74;87m[38;2;87;74;87m@[0m[48;2;62;52;61m[38;2;62;52;61m░[0m[48;2;40;31;43m[38;2;40;31;43m▓[0m[48;2;20;14;25m[38;2;20;14;25m█[0m[48;2;22;18;27m[38;2;22;18;27m▓[0m[48;2;25;22;33m[38;2;25;22;33m▓[0m[48;2;28;25;36m[38;2;28;25;36m▓[0m[48;2;31;28;39m[38;2;31;28;39m▓[0m[48;2;44;40;50m[38;2;44;40;50m▒[0m[48;2;64;57;66m[38;2;64;57;66m░[0m[48;2;91;84;94m[38;2;91;84;94m@[0m[48;2;121;114;123m[38;2;121;114;123m#[0m[48;2;63;56;62m[38;2;63;56;62m░[0m[48;2;64;57;64m[38;2;64;57;64m░[0m[48;2;150;138;148m[38;2;150;138;148m*[0m[48;2;161;143;154m[38;2;161;143;154m+[0m[48;2;142;125;136m[38;2;142;125;136m*[0m[48;2;48;42;48m[38;2;48;42;48m▒[0m[48;2;197;196;197m[38;2;197;196;197m-[0m                                        
                                        [48;2;107;106;106m[38;2;107;106;106m%[0m[48;2;26;23;24m[38;2;26;23;24m▓[0m[48;2;68;64;64m[38;2;68;64;64m░[0m[48;2;99;93;94m[38;2;99;93;94m%[0m[48;2;31;22;29m[38;2;31;22;29m▓[0m[48;2;126;114;124m[38;2;126;114;124m#[0m[48;2;126;115;125m[38;2;126;115;125m#[0m[48;2;48;38;48m[38;2;48;38;48m▒[0m[48;2;123;107;120m[38;2;123;107;120m#[0m[48;2;159;141;155m[38;2;159;141;155m+[0m[48;2;159;141;155m[38;2;159;141;155m+[0m[48;2;160;141;155m[38;2;160;141;155m+[0m[48;2;160;141;155m[38;2;160;141;155m+[0m[48;2;158;140;154m[38;2;158;140;154m+[0m[48;2;113;98;109m[38;2;113;98;109m%[0m[48;2;75;63;73m[38;2;75;63;73m░[0m[48;2;66;56;65m[38;2;66;56;65m░[0m[48;2;69;59;68m[38;2;69;59;68m░[0m[48;2;69;60;69m[38;2;69;60;69m░[0m[48;2;70;61;69m[38;2;70;61;69m░[0m[48;2;54;46;53m[38;2;54;46;53m▒[0m[48;2;33;26;32m[38;2;33;26;32m▓[0m[48;2;11;6;12m[38;2;11;6;12m█[0m[48;2;27;23;29m[38;2;27;23;29m▓[0m[48;2;27;23;29m[38;2;27;23;29m▓[0m[48;2;26;19;28m[38;2;26;19;28m▓[0m[48;2;119;106;118m[38;2;119;106;118m#[0m[48;2;159;143;153m[38;2;159;143;153m+[0m[48;2;135;120;129m[38;2;135;120;129m#[0m[48;2;29;21;27m[38;2;29;21;27m▓[0m[48;2;33;27;33m[38;2;33;27;33m▓[0m[48;2;94;90;93m[38;2;94;90;93m%[0m[48;2;159;157;158m[38;2;159;157;158m+[0m[48;2;232;231;232m[38;2;232;231;232m.[0m                                    
                                        [48;2;67;65;66m[38;2;67;65;66m░[0m[48;2;156;152;153m[38;2;156;152;153m+[0m[48;2;144;138;139m[38;2;144;138;139m*[0m[48;2;49;42;46m[38;2;49;42;46m▒[0m[48;2;46;40;44m[38;2;46;40;44m▒[0m[48;2;56;50;53m[38;2;56;50;53m▒[0m[48;2;35;30;34m[38;2;35;30;34m▓[0m[48;2;65;60;64m[38;2;65;60;64m░[0m[48;2;43;37;43m[38;2;43;37;43m▒[0m[48;2;70;60;69m[38;2;70;60;69m░[0m[48;2;142;125;137m[38;2;142;125;137m*[0m[48;2;160;141;155m[38;2;160;141;155m+[0m[48;2;161;140;155m[38;2;161;140;155m+[0m[48;2;161;140;155m[38;2;161;140;155m+[0m[48;2;161;140;155m[38;2;161;140;155m+[0m[48;2;161;140;155m[38;2;161;140;155m+[0m[48;2;161;140;155m[38;2;161;140;155m+[0m[48;2;160;140;155m[38;2;160;140;155m+[0m[48;2;160;140;154m[38;2;160;140;154m+[0m[48;2;160;140;154m[38;2;160;140;154m+[0m[48;2;47;37;45m[38;2;47;37;45m▒[0m[48;2;20;14;20m[38;2;20;14;20m█[0m[48;2;2;0;5m[38;2;2;0;5m█[0m[48;2;10;9;14m[38;2;10;9;14m█[0m[48;2;24;22;30m[38;2;24;22;30m▓[0m[48;2;13;10;18m[38;2;13;10;18m█[0m[48;2;114;103;113m[38;2;114;103;113m%[0m[48;2;159;141;154m[38;2;159;141;154m+[0m[48;2;160;140;154m[38;2;160;140;154m+[0m[48;2;147;129;142m[38;2;147;129;142m*[0m[48;2;68;56;64m[38;2;68;56;64m░[0m[48;2;74;63;71m[38;2;74;63;71m░[0m[48;2;112;100;110m[38;2;112;100;110m%[0m[48;2;69;61;68m[38;2;69;61;68m░[0m[48;2;112;108;111m[38;2;112;108;111m%[0m[48;2;233;232;233m[38;2;233;232;233m.[0m                                  
                                        [48;2;84;82;82m[38;2;84;82;82m@[0m[48;2;79;76;77m[38;2;79;76;77m@[0m[48;2;86;81;83m[38;2;86;81;83m@[0m[48;2;79;73;75m[38;2;79;73;75m@[0m[48;2;52;49;51m[38;2;52;49;51m▒[0m[48;2;234;231;232m[38;2;234;231;232m.[0m[48;2;33;29;33m[38;2;33;29;33m▓[0m[48;2;74;68;74m[38;2;74;68;74m░[0m[48;2;87;80;87m[38;2;87;80;87m@[0m[48;2;65;55;64m[38;2;65;55;64m░[0m[48;2;52;42;50m[38;2;52;42;50m▒[0m[48;2;100;85;96m[38;2;100;85;96m@[0m[48;2;162;141;156m[38;2;162;141;156m+[0m[48;2;161;140;155m[38;2;161;140;155m+[0m[48;2;161;140;155m[38;2;161;140;155m+[0m[48;2;161;140;155m[38;2;161;140;155m+[0m[48;2;161;140;155m[38;2;161;140;155m+[0m[48;2;161;140;155m[38;2;161;140;155m+[0m[48;2;161;140;155m[38;2;161;140;155m+[0m[48;2;150;129;144m[38;2;150;129;144m*[0m[48;2;17;9;18m[38;2;17;9;18m█[0m[48;2;23;19;26m[38;2;23;19;26m▓[0m[48;2;4;2;8m[38;2;4;2;8m█[0m[48;2;7;6;11m[38;2;7;6;11m█[0m[48;2;5;4;9m[38;2;5;4;9m█[0m[48;2;18;15;22m[38;2;18;15;22m█[0m[48;2;26;19;28m[38;2;26;19;28m▓[0m[48;2;148;132;144m[38;2;148;132;144m*[0m[48;2;161;140;155m[38;2;161;140;155m+[0m[48;2;161;140;155m[38;2;161;140;155m+[0m[48;2;161;140;155m[38;2;161;140;155m+[0m[48;2;132;115;127m[38;2;132;115;127m#[0m[48;2;154;137;149m[38;2;154;137;149m*[0m[48;2;158;142;154m[38;2;158;142;154m+[0m[48;2;124;112;120m[38;2;124;112;120m#[0m[48;2;52;46;50m[38;2;52;46;50m▒[0m[48;2;209;208;209m[38;2;209;208;209m:[0m                                 
                                        [48;2;86;84;86m[38;2;86;84;86m@[0m[48;2;154;152;155m[38;2;154;152;155m+[0m[48;2;203;200;204m[38;2;203;200;204m:[0m[48;2;196;193;197m[38;2;196;193;197m-[0m[48;2;33;31;33m[38;2;33;31;33m▓[0m[48;2;239;239;239m[38;2;239;239;239m [0m[48;2;108;106;109m[38;2;108;106;109m%[0m[48;2;82;77;81m[38;2;82;77;81m@[0m[48;2;153;139;148m[38;2;153;139;148m*[0m[48;2;156;139;150m[38;2;156;139;150m*[0m[48;2;158;139;153m[38;2;158;139;153m*[0m[48;2;160;140;154m[38;2;160;140;154m+[0m[48;2;161;140;155m[38;2;161;140;155m+[0m[48;2;161;140;155m[38;2;161;140;155m+[0m[48;2;161;140;155m[38;2;161;140;155m+[0m[48;2;161;140;155m[38;2;161;140;155m+[0m[48;2;161;140;155m[38;2;161;140;155m+[0m[48;2;161;140;155m[38;2;161;140;155m+[0m[48;2;161;140;155m[38;2;161;140;155m+[0m[48;2;161;140;155m[38;2;161;140;155m+[0m[48;2;148;130;143m[38;2;148;130;143m*[0m[48;2;143;128;141m[38;2;143;128;141m*[0m[48;2;100;89;100m[38;2;100;89;100m%[0m[48;2;18;13;20m[38;2;18;13;20m█[0m[48;2;15;10;17m[38;2;15;10;17m█[0m[48;2;48;41;49m[38;2;48;41;49m▒[0m[48;2;52;44;52m[38;2;52;44;52m▒[0m[48;2;93;81;92m[38;2;93;81;92m@[0m[48;2;148;132;145m[38;2;148;132;145m*[0m[48;2;161;140;155m[38;2;161;140;155m+[0m[48;2;161;140;155m[38;2;161;140;155m+[0m[48;2;161;140;155m[38;2;161;140;155m+[0m[48;2;161;140;155m[38;2;161;140;155m+[0m[48;2;161;140;155m[38;2;161;140;155m+[0m[48;2;160;141;154m[38;2;160;141;154m+[0m[48;2;133;119;129m[38;2;133;119;129m#[0m[48;2;52;47;51m[38;2;52;47;51m▒[0m                                 
                                        [48;2;139;138;138m[38;2;139;138;138m*[0m[48;2;111;109;112m[38;2;111;109;112m#[0m[48;2;202;201;204m[38;2;202;201;204m:[0m[48;2;182;179;183m[38;2;182;179;183m=[0m[48;2;48;46;50m[38;2;48;46;50m▒[0m[48;2;242;240;243m[38;2;242;240;243m [0m[48;2;151;148;152m[38;2;151;148;152m+[0m[48;2;10;6;11m[38;2;10;6;11m█[0m[48;2;117;102;113m[38;2;117;102;113m%[0m[48;2;157;139;152m[38;2;157;139;152m*[0m[48;2;160;140;155m[38;2;160;140;155m+[0m[48;2;161;140;155m[38;2;161;140;155m+[0m[48;2;161;140;155m[38;2;161;140;155m+[0m[48;2;161;140;155m[38;2;161;140;155m+[0m[48;2;161;140;155m[38;2;161;140;155m+[0m[48;2;161;140;155m[38;2;161;140;155m+[0m[48;2;161;140;155m[38;2;161;140;155m+[0m[48;2;161;140;155m[38;2;161;140;155m+[0m[48;2;161;140;155m[38;2;161;140;155m+[0m[48;2;161;140;155m[38;2;161;140;155m+[0m[48;2;161;140;155m[38;2;161;140;155m+[0m[48;2;161;140;155m[38;2;161;140;155m+[0m[48;2;160;141;155m[38;2;160;141;155m+[0m[48;2;152;132;147m[38;2;152;132;147m*[0m[48;2;154;134;148m[38;2;154;134;148m*[0m[48;2;88;70;83m[38;2;88;70;83m@[0m[48;2;61;47;59m[38;2;61;47;59m▒[0m[48;2;12;5;12m[38;2;12;5;12m█[0m[48;2;11;5;12m[38;2;11;5;12m█[0m[48;2;53;40;52m[38;2;53;40;52m▒[0m[48;2;126;106;120m[38;2;126;106;120m#[0m[48;2;160;139;154m[38;2;160;139;154m+[0m[48;2;161;140;155m[38;2;161;140;155m+[0m[48;2;161;140;155m[38;2;161;140;155m+[0m[48;2;161;140;155m[38;2;161;140;155m+[0m[48;2;160;141;155m[38;2;160;141;155m+[0m[48;2;65;55;63m[38;2;65;55;63m░[0m[48;2;176;173;176m[38;2;176;173;176m=[0m                                
                                        [48;2;209;208;208m[38;2;209;208;208m:[0m[48;2;53;50;53m[38;2;53;50;53m▒[0m[48;2;201;199;203m[38;2;201;199;203m-[0m[48;2;86;83;86m[38;2;86;83;86m@[0m[48;2;147;145;149m[38;2;147;145;149m*[0m [48;2;168;165;169m[38;2;168;165;169m=[0m[48;2;6;2;7m[38;2;6;2;7m█[0m[48;2;15;7;14m[38;2;15;7;14m█[0m[48;2;108;94;105m[38;2;108;94;105m%[0m[48;2;159;141;155m[38;2;159;141;155m+[0m[48;2;161;140;155m[38;2;161;140;155m+[0m[48;2;161;140;155m[38;2;161;140;155m+[0m[48;2;161;140;155m[38;2;161;140;155m+[0m[48;2;161;140;155m[38;2;161;140;155m+[0m[48;2;161;140;155m[38;2;161;140;155m+[0m[48;2;161;140;155m[38;2;161;140;155m+[0m[48;2;161;140;155m[38;2;161;140;155m+[0m[48;2;161;140;155m[38;2;161;140;155m+[0m[48;2;161;140;155m[38;2;161;140;155m+[0m[48;2;161;140;155m[38;2;161;140;155m+[0m[48;2;161;140;155m[38;2;161;140;155m+[0m[48;2;161;140;155m[38;2;161;140;155m+[0m[48;2;161;140;155m[38;2;161;140;155m+[0m[48;2;161;140;155m[38;2;161;140;155m+[0m[48;2;161;140;155m[38;2;161;140;155m+[0m[48;2;154;134;149m[38;2;154;134;149m*[0m[48;2;123;106;118m[38;2;123;106;118m#[0m[48;2;86;73;83m[38;2;86;73;83m@[0m[48;2;51;39;50m[38;2;51;39;50m▒[0m[48;2;86;73;84m[38;2;86;73;84m@[0m[48;2;138;123;135m[38;2;138;123;135m*[0m[48;2;159;140;154m[38;2;159;140;154m+[0m[48;2;160;140;155m[38;2;160;140;155m+[0m[48;2;161;140;155m[38;2;161;140;155m+[0m[48;2;160;141;155m[38;2;160;141;155m+[0m[48;2;78;66;75m[38;2;78;66;75m░[0m[48;2;160;156;160m[38;2;160;156;160m+[0m                                
                                         [48;2;128;125;128m[38;2;128;125;128m#[0m[48;2;44;40;45m[38;2;44;40;45m▒[0m[48;2;40;37;42m[38;2;40;37;42m▒[0m[48;2;154;152;156m[38;2;154;152;156m+[0m[48;2;138;137;140m[38;2;138;137;140m*[0m[48;2;69;67;71m[38;2;69;67;71m░[0m[48;2;16;13;19m[38;2;16;13;19m█[0m[48;2;30;24;37m[38;2;30;24;37m▓[0m[48;2;21;14;27m[38;2;21;14;27m█[0m[48;2;63;52;64m[38;2;63;52;64m░[0m[48;2;144;128;141m[38;2;144;128;141m*[0m[48;2;160;141;155m[38;2;160;141;155m+[0m[48;2;161;140;155m[38;2;161;140;155m+[0m[48;2;161;140;155m[38;2;161;140;155m+[0m[48;2;161;140;155m[38;2;161;140;155m+[0m[48;2;161;140;155m[38;2;161;140;155m+[0m[48;2;161;140;155m[38;2;161;140;155m+[0m[48;2;161;140;155m[38;2;161;140;155m+[0m[48;2;161;140;155m[38;2;161;140;155m+[0m[48;2;161;140;155m[38;2;161;140;155m+[0m[48;2;161;140;155m[38;2;161;140;155m+[0m[48;2;161;140;155m[38;2;161;140;155m+[0m[48;2;161;140;155m[38;2;161;140;155m+[0m[48;2;161;140;155m[38;2;161;140;155m+[0m[48;2;161;140;155m[38;2;161;140;155m+[0m[48;2;161;140;155m[38;2;161;140;155m+[0m[48;2;161;140;155m[38;2;161;140;155m+[0m[48;2;160;141;155m[38;2;160;141;155m+[0m[48;2;159;140;154m[38;2;159;140;154m+[0m[48;2;127;110;123m[38;2;127;110;123m#[0m[48;2;75;61;72m[38;2;75;61;72m░[0m[48;2;68;55;65m[38;2;68;55;65m░[0m[48;2;70;57;66m[38;2;70;57;66m░[0m[48;2;75;62;71m[38;2;75;62;71m░[0m[48;2;76;62;72m[38;2;76;62;72m░[0m[48;2;24;15;23m[38;2;24;15;23m▓[0m[48;2;73;69;73m[38;2;73;69;73m░[0m                                
                                          [48;2;228;227;227m[38;2;228;227;227m.[0m[48;2;201;201;201m[38;2;201;201;201m-[0m[48;2;201;201;201m[38;2;201;201;201m-[0m[48;2;186;186;186m[38;2;186;186;186m-[0m[48;2;8;7;10m[38;2;8;7;10m█[0m[48;2;34;31;45m[38;2;34;31;45m▓[0m[48;2;37;31;51m[38;2;37;31;51m▓[0m[48;2;37;31;51m[38;2;37;31;51m▓[0m[48;2;29;24;42m[38;2;29;24;42m▓[0m[48;2;24;16;30m[38;2;24;16;30m▓[0m[48;2;77;66;78m[38;2;77;66;78m░[0m[48;2;139;123;136m[38;2;139;123;136m*[0m[48;2;160;141;155m[38;2;160;141;155m+[0m[48;2;160;141;155m[38;2;160;141;155m+[0m[48;2;160;141;155m[38;2;160;141;155m+[0m[48;2;161;140;155m[38;2;161;140;155m+[0m[48;2;161;140;155m[38;2;161;140;155m+[0m[48;2;161;140;155m[38;2;161;140;155m+[0m[48;2;161;140;155m[38;2;161;140;155m+[0m[48;2;161;140;155m[38;2;161;140;155m+[0m[48;2;161;140;155m[38;2;161;140;155m+[0m[48;2;161;140;155m[38;2;161;140;155m+[0m[48;2;161;140;155m[38;2;161;140;155m+[0m[48;2;161;140;155m[38;2;161;140;155m+[0m[48;2;161;140;155m[38;2;161;140;155m+[0m[48;2;161;140;155m[38;2;161;140;155m+[0m[48;2;161;140;155m[38;2;161;140;155m+[0m[48;2;161;140;155m[38;2;161;140;155m+[0m[48;2;161;140;155m[38;2;161;140;155m+[0m[48;2;161;140;155m[38;2;161;140;155m+[0m[48;2;160;140;154m[38;2;160;140;154m+[0m[48;2;159;139;153m[38;2;159;139;153m+[0m[48;2;154;135;149m[38;2;154;135;149m*[0m[48;2;153;134;148m[38;2;153;134;148m*[0m[48;2;134;119;131m[38;2;134;119;131m#[0m[48;2;60;54;59m[38;2;60;54;59m░[0m                                
                                             [48;2;225;225;225m[38;2;225;225;225m.[0m[48;2;6;5;8m[38;2;6;5;8m█[0m[48;2;20;17;28m[38;2;20;17;28m▓[0m[48;2;35;30;46m[38;2;35;30;46m▓[0m[48;2;37;31;51m[38;2;37;31;51m▓[0m[48;2;37;31;52m[38;2;37;31;52m▓[0m[48;2;36;31;49m[38;2;36;31;49m▓[0m[48;2;21;17;32m[38;2;21;17;32m▓[0m[48;2;15;8;33m[38;2;15;8;33m█[0m[48;2;53;41;72m[38;2;53;41;72m▒[0m[48;2;98;86;98m[38;2;98;86;98m@[0m[48;2;140;125;136m[38;2;140;125;136m*[0m[48;2;160;140;155m[38;2;160;140;155m+[0m[48;2;161;140;155m[38;2;161;140;155m+[0m[48;2;161;140;155m[38;2;161;140;155m+[0m[48;2;161;140;155m[38;2;161;140;155m+[0m[48;2;161;140;155m[38;2;161;140;155m+[0m[48;2;161;140;155m[38;2;161;140;155m+[0m[48;2;161;140;155m[38;2;161;140;155m+[0m[48;2;161;140;155m[38;2;161;140;155m+[0m[48;2;161;140;155m[38;2;161;140;155m+[0m[48;2;161;140;155m[38;2;161;140;155m+[0m[48;2;161;140;155m[38;2;161;140;155m+[0m[48;2;161;140;155m[38;2;161;140;155m+[0m[48;2;161;140;155m[38;2;161;140;155m+[0m[48;2;161;140;155m[38;2;161;140;155m+[0m[48;2;161;140;155m[38;2;161;140;155m+[0m[48;2;161;140;155m[38;2;161;140;155m+[0m[48;2;161;140;155m[38;2;161;140;155m+[0m[48;2;161;140;155m[38;2;161;140;155m+[0m[48;2;143;125;138m[38;2;143;125;138m*[0m[48;2;53;42;51m[38;2;53;42;51m▒[0m[48;2;187;183;187m[38;2;187;183;187m-[0m                                
                                              [48;2;17;15;19m[38;2;17;15;19m█[0m[48;2;24;22;33m[38;2;24;22;33m▓[0m[48;2;17;13;27m[38;2;17;13;27m█[0m[48;2;15;11;25m[38;2;15;11;25m█[0m[48;2;17;13;26m[38;2;17;13;26m█[0m[48;2;19;16;29m[38;2;19;16;29m▓[0m[48;2;17;13;26m[38;2;17;13;26m█[0m[48;2;12;7;29m[38;2;12;7;29m█[0m[48;2;79;60;160m[38;2;79;60;160m@[0m[48;2;59;43;132m[38;2;59;43;132m░[0m[48;2;45;35;82m[38;2;45;35;82m▒[0m[48;2;50;39;71m[38;2;50;39;71m▒[0m[48;2;68;56;77m[38;2;68;56;77m░[0m[48;2;101;87;99m[38;2;101;87;99m%[0m[48;2;127;113;126m[38;2;127;113;126m#[0m[48;2;148;133;147m[38;2;148;133;147m*[0m[48;2;158;140;155m[38;2;158;140;155m+[0m[48;2;161;140;156m[38;2;161;140;156m+[0m[48;2;161;140;155m[38;2;161;140;155m+[0m[48;2;161;140;155m[38;2;161;140;155m+[0m[48;2;161;140;155m[38;2;161;140;155m+[0m[48;2;161;140;155m[38;2;161;140;155m+[0m[48;2;161;140;155m[38;2;161;140;155m+[0m[48;2;161;140;155m[38;2;161;140;155m+[0m[48;2;161;140;155m[38;2;161;140;155m+[0m[48;2;158;138;152m[38;2;158;138;152m*[0m[48;2;140;121;135m[38;2;140;121;135m*[0m[48;2;100;84;97m[38;2;100;84;97m@[0m[48;2;56;46;54m[38;2;56;46;54m▒[0m[48;2;88;81;88m[38;2;88;81;88m@[0m[48;2;209;205;210m[38;2;209;205;210m:[0m                                 
                                              [48;2;56;53;59m[38;2;56;53;59m▒[0m[48;2;32;27;40m[38;2;32;27;40m▓[0m[48;2;36;31;50m[38;2;36;31;50m▓[0m[48;2;35;30;50m[38;2;35;30;50m▓[0m[48;2;34;29;48m[38;2;34;29;48m▓[0m[48;2;33;28;45m[38;2;33;28;45m▓[0m[48;2;32;27;44m[38;2;32;27;44m▓[0m[48;2;14;9;25m[38;2;14;9;25m█[0m[48;2;53;37;125m[38;2;53;37;125m▒[0m[48;2;81;67;153m[38;2;81;67;153m@[0m[48;2;86;73;155m[38;2;86;73;155m@[0m[48;2;86;69;161m[38;2;86;69;161m@[0m[48;2;39;24;112m[38;2;39;24;112m▒[0m[48;2;7;1;12m[38;2;7;1;12m█[0m[48;2;16;9;41m[38;2;16;9;41m█[0m[48;2;37;24;92m[38;2;37;24;92m▓[0m[48;2;40;30;67m[38;2;40;30;67m▒[0m[48;2;50;35;86m[38;2;50;35;86m▒[0m[48;2;61;49;74m[38;2;61;49;74m░[0m[48;2;64;53;73m[38;2;64;53;73m░[0m[48;2;63;53;72m[38;2;63;53;72m░[0m[48;2;63;54;64m[38;2;63;54;64m░[0m[48;2;64;53;65m[38;2;64;53;65m░[0m[48;2;55;46;58m[38;2;55;46;58m▒[0m[48;2;43;34;46m[38;2;43;34;46m▒[0m[48;2;22;15;26m[38;2;22;15;26m▓[0m[48;2;20;15;23m[38;2;20;15;23m█[0m[48;2;140;136;142m[38;2;140;136;142m*[0m[48;2;230;228;231m[38;2;230;228;231m.[0m                                   
                                              [48;2;135;134;136m[38;2;135;134;136m*[0m[48;2;21;17;27m[38;2;21;17;27m▓[0m[48;2;36;31;49m[38;2;36;31;49m▓[0m[48;2;37;31;52m[38;2;37;31;52m▓[0m[48;2;37;31;52m[38;2;37;31;52m▓[0m[48;2;37;31;52m[38;2;37;31;52m▓[0m[48;2;37;31;52m[38;2;37;31;52m▓[0m[48;2;28;22;43m[38;2;28;22;43m▓[0m[48;2;19;12;45m[38;2;19;12;45m█[0m[48;2;73;65;118m[38;2;73;65;118m@[0m[48;2;83;71;157m[38;2;83;71;157m@[0m[48;2;71;54;164m[38;2;71;54;164m░[0m[48;2;75;62;151m[38;2;75;62;151m@[0m[48;2;20;12;59m[38;2;20;12;59m▓[0m[48;2;67;64;74m[38;2;67;64;74m░[0m[48;2;33;23;78m[38;2;33;23;78m▓[0m[48;2;84;70;155m[38;2;84;70;155m@[0m[48;2;65;44;157m[38;2;65;44;157m░[0m[48;2;78;62;148m[38;2;78;62;148m@[0m[48;2;58;46;113m[38;2;58;46;113m░[0m[48;2;34;28;52m[38;2;34;28;52m▓[0m[48;2;10;5;13m[38;2;10;5;13m█[0m[48;2;66;59;70m[38;2;66;59;70m░[0m[48;2;46;39;53m[38;2;46;39;53m▒[0m[48;2;37;31;48m[38;2;37;31;48m▓[0m[48;2;37;32;50m[38;2;37;32;50m▓[0m[48;2;33;28;47m[38;2;33;28;47m▓[0m[48;2;21;16;30m[38;2;21;16;30m▓[0m[48;2;57;54;62m[38;2;57;54;62m░[0m[48;2;149;147;152m[38;2;149;147;152m+[0m[48;2;240;240;241m[38;2;240;240;241m [0m                                 
                                              [48;2;226;225;226m[38;2;226;225;226m.[0m[48;2;22;18;26m[38;2;22;18;26m▓[0m[48;2;35;30;45m[38;2;35;30;45m▓[0m[48;2;37;31;52m[38;2;37;31;52m▓[0m[48;2;37;31;52m[38;2;37;31;52m▓[0m[48;2;37;31;52m[38;2;37;31;52m▓[0m[48;2;37;31;52m[38;2;37;31;52m▓[0m[48;2;37;31;52m[38;2;37;31;52m▓[0m[48;2;31;26;45m[38;2;31;26;45m▓[0m[48;2;21;17;34m[38;2;21;17;34m▓[0m[48;2;27;22;39m[38;2;27;22;39m▓[0m[48;2;34;27;58m[38;2;34;27;58m▓[0m[48;2;49;44;74m[38;2;49;44;74m▒[0m[48;2;24;15;69m[38;2;24;15;69m▓[0m[48;2;72;70;73m[38;2;72;70;73m░[0m[48;2;123;123;126m[38;2;123;123;126m#[0m[48;2;19;14;37m[38;2;19;14;37m█[0m[48;2;61;58;72m[38;2;61;58;72m░[0m[48;2;103;101;111m[38;2;103;101;111m%[0m[48;2;167;166;170m[38;2;167;166;170m=[0m[48;2;234;231;237m[38;2;234;231;237m.[0m[48;2;164;161;166m[38;2;164;161;166m+[0m[48;2;24;20;28m[38;2;24;20;28m▓[0m[48;2;58;53;64m[38;2;58;53;64m░[0m[48;2;64;58;72m[38;2;64;58;72m░[0m[48;2;38;33;49m[38;2;38;33;49m▓[0m[48;2;37;32;49m[38;2;37;32;49m▓[0m[48;2;37;31;51m[38;2;37;31;51m▓[0m[48;2;36;30;50m[38;2;36;30;50m▓[0m[48;2;27;22;38m[38;2;27;22;38m▓[0m[48;2;33;30;40m[38;2;33;30;40m▓[0m[48;2;152;151;154m[38;2;152;151;154m+[0m                                
                                               [48;2;121;119;123m[38;2;121;119;123m#[0m[48;2;21;17;28m[38;2;21;17;28m▓[0m[48;2;37;32;50m[38;2;37;32;50m▓[0m[48;2;37;31;52m[38;2;37;31;52m▓[0m[48;2;37;31;52m[38;2;37;31;52m▓[0m[48;2;37;31;52m[38;2;37;31;52m▓[0m[48;2;37;31;52m[38;2;37;31;52m▓[0m[48;2;37;31;52m[38;2;37;31;52m▓[0m[48;2;37;31;52m[38;2;37;31;52m▓[0m[48;2;77;72;87m[38;2;77;72;87m@[0m[48;2;18;15;19m[38;2;18;15;19m█[0m[48;2;53;50;55m[38;2;53;50;55m▒[0m[48;2;154;151;157m[38;2;154;151;157m+[0m[48;2;201;198;203m[38;2;201;198;203m-[0m[48;2;190;188;191m[38;2;190;188;191m-[0m[48;2;44;43;47m[38;2;44;43;47m▒[0m[48;2;87;86;89m[38;2;87;86;89m@[0m[48;2;118;116;121m[38;2;118;116;121m#[0m[48;2;212;211;216m[38;2;212;211;216m:[0m [48;2;230;229;231m[38;2;230;229;231m.[0m[48;2;41;39;43m[38;2;41;39;43m▒[0m[48;2;129;127;132m[38;2;129;127;132m*[0m[48;2;35;33;38m[38;2;35;33;38m▓[0m[48;2;57;55;60m[38;2;57;55;60m░[0m[48;2;65;62;72m[38;2;65;62;72m░[0m[48;2;40;36;52m[38;2;40;36;52m▒[0m[48;2;37;31;52m[38;2;37;31;52m▓[0m[48;2;37;31;52m[38;2;37;31;52m▓[0m[48;2;37;31;51m[38;2;37;31;51m▓[0m[48;2;22;18;32m[38;2;22;18;32m▓[0m[48;2;80;77;83m[38;2;80;77;83m@[0m                               