                                                                                                    
                                                                                                    
                                                                                                    
                                                                                                    
                                                                                                    
                                                                                                    
                                                                                                    
                                                                                                    
                                                                                                    
                                                                                                    
                                                                                                    
                                               [48;2;234;234;234m[38;2;234;234;234m.[0m[48;2;212;212;212m[38;2;212;212;212m:[0m[48;2;200;199;200m[38;2;200;199;200m-[0m[48;2;194;194;194m[38;2;194;194;194m-[0m[48;2;201;201;201m[38;2;201;201;201m-[0m[48;2;211;211;211m[38;2;211;211;211m:[0m[48;2;236;236;237m[38;2;236;236;237m.[0m                                              
                                           [48;2;226;226;226m[38;2;226;226;226m.[0m[48;2;134;134;136m[38;2;134;134;136m*[0m[48;2;78;77;82m[38;2;78;77;82m@[0m[48;2;38;36;44m[38;2;38;36;44m▒[0m[48;2;26;24;34m[38;2;26;24;34m▓[0m[48;2;29;27;39m[38;2;29;27;39m▓[0m[48;2;32;30;42m[38;2;32;30;42m▓[0m[48;2;32;30;42m[38;2;32;30;42m▓[0m[48;2;30;28;40m[38;2;30;28;40m▓[0m[48;2;29;27;39m[38;2;29;27;39m▓[0m[48;2;25;24;35m[38;2;25;24;35m▓[0m[48;2;37;35;46m[38;2;37;35;46m▒[0m[48;2;74;73;82m[38;2;74;73;82m@[0m[48;2;123;122;127m[38;2;123;122;127m#[0m[48;2;206;205;207m[38;2;206;205;207m:[0m                                          
                                          [48;2;161;160;162m[38;2;161;160;162m+[0m[48;2;28;27;35m[38;2;28;27;35m▓[0m[48;2;39;37;51m[38;2;39;37;51m▒[0m[48;2;43;42;59m[38;2;43;42;59m▒[0m[48;2;42;43;59m[38;2;42;43;59m▒[0m[48;2;41;43;59m[38;2;41;43;59m▒[0m[48;2;41;44;59m[38;2;41;44;59m▒[0m[48;2;41;44;59m[38;2;41;44;59m▒[0m[48;2;41;44;59m[38;2;41;44;59m▒[0m[48;2;41;44;59m[38;2;41;44;59m▒[0m[48;2;41;44;59m[38;2;41;44;59m▒[0m[48;2;41;44;59m[38;2;41;44;59m▒[0m[48;2;41;43;59m[38;2;41;43;59m▒[0m[48;2;42;42;60m[38;2;42;42;60m▒[0m[48;2;46;44;57m[38;2;46;44;57m▒[0m[48;2;42;40;50m[38;2;42;40;50m▒[0m[48;2;76;75;82m[38;2;76;75;82m@[0m[48;2;137;135;140m[38;2;137;135;140m*[0m[48;2;211;210;212m[38;2;211;210;212m:[0m                                       
                                         [48;2;129;129;131m[38;2;129;129;131m*[0m[48;2;26;24;34m[38;2;26;24;34m▓[0m[48;2;44;42;59m[38;2;44;42;59m▒[0m[48;2;41;43;59m[38;2;41;43;59m▒[0m[48;2;40;44;59m[38;2;40;44;59m▒[0m[48;2;40;44;59m[38;2;40;44;59m▒[0m[48;2;40;44;59m[38;2;40;44;59m▒[0m[48;2;40;44;59m[38;2;40;44;59m▒[0m[48;2;40;44;59m[38;2;40;44;59m▒[0m[48;2;40;44;59m[38;2;40;44;59m▒[0m[48;2;40;44;59m[38;2;40;44;59m▒[0m[48;2;40;44;59m[38;2;40;44;59m▒[0m[48;2;40;44;59m[38;2;40;44;59m▒[0m[48;2;40;44;59m[38;2;40;44;59m▒[0m[48;2;44;47;62m[38;2;44;47;62m▒[0m[48;2;75;76;89m[38;2;75;76;89m@[0m[48;2;45;43;55m[38;2;45;43;55m▒[0m[48;2;21;15;25m[38;2;21;15;25m█[0m[48;2;130;120;131m[38;2;130;120;131m#[0m[48;2;78;69;79m[38;2;78;69;79m░[0m[48;2;94;91;96m[38;2;94;91;96m%[0m[48;2;240;240;240m[38;2;240;240;240m [0m                                     
                                        [48;2;152;152;153m[38;2;152;152;153m+[0m[48;2;23;22;30m[38;2;23;22;30m▓[0m[48;2;44;43;59m[38;2;44;43;59m▒[0m[48;2;42;43;59m[38;2;42;43;59m▒[0m[48;2;40;44;59m[38;2;40;44;59m▒[0m[48;2;40;44;59m[38;2;40;44;59m▒[0m[48;2;40;44;59m[38;2;40;44;59m▒[0m[48;2;40;44;59m[38;2;40;44;59m▒[0m[48;2;40;44;59m[38;2;40;44;59m▒[0m[48;2;40;44;59m[38;2;40;44;59m▒[0m[48;2;40;44;59m[38;2;40;44;59m▒[0m[48;2;40;44;59m[38;2;40;44;59m▒[0m[48;2;40;44;59m[38;2;40;44;59m▒[0m[48;2;40;44;59m[38;2;40;44;59m▒[0m[48;2;42;46;61m[38;2;42;46;61m▒[0m[48;2;51;54;69m[38;2;51;54;69m▒[0m[48;2;42;43;58m[38;2;42;43;58m▒[0m[48;2;24;20;33m[38;2;24;20;33m▓[0m[48;2;94;83;95m[38;2;94;83;95m@[0m[48;2;154;140;153m[38;2;154;140;153m*[0m[48;2;158;141;154m[38;2;158;141;154m+[0m[48;2;125;113;124m[38;2;125;113;124m#[0m[48;2;70;64;68m[38;2;70;64;68m░[0m[48;2;230;229;230m[38;2;230;229;230m.[0m                                    
                                       [48;2;215;215;215m[38;2;215;215;215m:[0m[48;2;25;24;29m[38;2;25;24;29m▓[0m[48;2;43;41;55m[38;2;43;41;55m▒[0m[48;2;41;43;59m[38;2;41;43;59m▒[0m[48;2;40;44;59m[38;2;40;44;59m▒[0m[48;2;40;44;59m[38;2;40;44;59m▒[0m[48;2;40;44;59m[38;2;40;44;59m▒[0m[48;2;40;44;59m[38;2;40;44;59m▒[0m[48;2;40;44;59m[38;2;40;44;59m▒[0m[48;2;40;44;59m[38;2;40;44;59m▒[0m[48;2;40;44;59m[38;2;40;44;59m▒[0m[48;2;40;44;59m[38;2;40;44;59m▒[0m[48;2;40;44;59m[38;2;40;44;59m▒[0m[48;2;40;44;59m[38;2;40;44;59m▒[0m[48;2;50;52;65m[38;2;50;52;65m▒[0m[48;2;72;73;85m[38;2;72;73;85m@[0m[48;2;43;42;54m[38;2;43;42;54m▒[0m[48;2;25;23;34m[38;2;25;23;34m▓[0m[48;2;103;92;104m[38;2;103;92;104m%[0m[48;2;157;141;154m[38;2;157;141;154m+[0m[48;2;160;141;155m[38;2;160;141;155m+[0m[48;2;161;140;155m[38;2;161;140;155m+[0m[48;2;159;140;154m[38;2;159;140;154m+[0m[48;2;117;103;114m[38;2;117;103;114m%[0m[48;2;73;66;71m[38;2;73;66;71m░[0m                                    
                                      [48;2;201;200;201m[38;2;201;200;201m-[0m[48;2;27;24;28m[38;2;27;24;28m▓[0m[48;2;27;26;35m[38;2;27;26;35m▓[0m[48;2;42;43;59m[38;2;42;43;59m▒[0m[48;2;40;44;59m[38;2;40;44;59m▒[0m[48;2;40;44;59m[38;2;40;44;59m▒[0m[48;2;40;44;59m[38;2;40;44;59m▒[0m[48;2;40;44;59m[38;2;40;44;59m▒[0m[48;2;40;44;59m[38;2;40;44;59m▒[0m[48;2;40;44;59m[38;2;40;44;59m▒[0m[48;2;40;44;59m[38;2;40;44;59m▒[0m[48;2;40;44;59m[38;2;40;44;59m▒[0m[48;2;40;44;59m[38;2;40;44;59m▒[0m[48;2;42;44;60m[38;2;42;44;60m▒[0m[48;2;65;65;79m[38;2;65;65;79m░[0m[48;2;65;64;76m[38;2;65;64;76m░[0m[48;2;30;28;38m[38;2;30;28;38m▓[0m[48;2;48;42;53m[38;2;48;42;53m▒[0m[48;2;136;122;135m[38;2;136;122;135m#[0m[48;2;159;141;155m[38;2;159;141;155m+[0m[48;2;161;140;155m[38;2;161;140;155m+[0m[48;2;161;140;155m[38;2;161;140;155m+[0m[48;2;161;140;155m[38;2;161;140;155m+[0m[48;2;143;125;138m[38;2;143;125;138m*[0m[48;2;53;41;51m[38;2;53;41;51m▒[0m[48;2;82;72;79m[38;2;82;72;79m@[0m[48;2;161;159;159m[38;2;161;159;159m+[0m                                   
                                     [48;2;213;212;213m[38;2;213;212;213m:[0m[48;2;54;49;54m[38;2;54;49;54m▒[0m[48;2;51;45;50m[38;2;51;45;50m▒[0m[48;2;37;34;45m[38;2;37;34;45m▓[0m[48;2;41;44;59m[38;2;41;44;59m▒[0m[48;2;40;44;59m[38;2;40;44;59m▒[0m[48;2;40;44;59m[38;2;40;44;59m▒[0m[48;2;40;44;59m[38;2;40;44;59m▒[0m[48;2;40;44;59m[38;2;40;44;59m▒[0m[48;2;40;44;59m[38;2;40;44;59m▒[0m[48;2;40;44;59m[38;2;40;44;59m▒[0m[48;2;41;44;59m[38;2;41;44;59m▒[0m[48;2;52;53;69m[38;2;52;53;69m▒[0m[48;2;66;65;80m[38;2;66;65;80m░[0m[48;2;69;67;82m[38;2;69;67;82m░[0m[48;2;39;36;49m[38;2;39;36;49m▒[0m[48;2;37;30;41m[38;2;37;30;41m▓[0m[48;2;103;90;103m[38;2;103;90;103m%[0m[48;2;158;140;154m[38;2;158;140;154m+[0m[48;2;161;140;155m[38;2;161;140;155m+[0m[48;2;161;140;155m[38;2;161;140;155m+[0m[48;2;161;140;155m[38;2;161;140;155m+[0m[48;2;161;140;155m[38;2;161;140;155m+[0m[48;2;161;140;155m[38;2;161;140;155m+[0m[48;2;129;112;125m[38;2;129;112;125m#[0m[48;2;18;7;16m[38;2;18;7;16m█[0m[48;2;91;83;88m[38;2;91;83;88m@[0m[48;2;105;103;103m[38;2;105;103;103m%[0m                                   
                                     [48;2;58;56;58m[38;2;58;56;58m░[0m[48;2;79;71;78m[38;2;79;71;78m@[0m[48;2;50;43;49m[38;2;50;43;49m▒[0m[48;2;36;33;44m[38;2;36;33;44m▓[0m[48;2;41;44;59m[38;2;41;44;59m▒[0m[48;2;40;44;59m[38;2;40;44;59m▒[0m[48;2;40;44;59m[38;2;40;44;59m▒[0m[48;2;40;44;59m[38;2;40;44;59m▒[0m[48;2;40;44;59m[38;2;40;44;59m▒[0m[48;2;41;43;59m[38;2;41;43;59m▒[0m[48;2;50;50;64m[38;2;50;50;64m▒[0m[48;2;70;68;84m[38;2;70;68;84m░[0m[48;2;45;42;58m[38;2;45;42;58m▒[0m[48;2;32;29;42m[38;2;32;29;42m▓[0m[48;2;35;30;42m[38;2;35;30;42m▓[0m[48;2;99;87;100m[38;2;99;87;100m%[0m[48;2;155;137;151m[38;2;155;137;151m*[0m[48;2;159;140;154m[38;2;159;140;154m+[0m[48;2;161;140;155m[38;2;161;140;155m+[0m[48;2;161;140;155m[38;2;161;140;155m+[0m[48;2;161;140;155m[38;2;161;140;155m+[0m[48;2;161;140;155m[38;2;161;140;155m+[0m[48;2;161;140;155m[38;2;161;140;155m+[0m[48;2;161;140;155m[38;2;161;140;155m+[0m[48;2;85;72;81m[38;2;85;72;81m@[0m[48;2;12;7;11m[38;2;12;7;11m█[0m[48;2;18;15;17m[38;2;18;15;17m█[0m[48;2;150;149;150m[38;2;150;149;150m+[0m                                   
                                    [48;2;159;159;159m[38;2;159;159;159m+[0m[48;2;83;76;82m[38;2;83;76;82m@[0m[48;2;76;65;73m[38;2;76;65;73m░[0m[48;2;90;83;91m[38;2;90;83;91m@[0m[48;2;27;22;32m[38;2;27;22;32m▓[0m[48;2;58;55;70m[38;2;58;55;70m░[0m[48;2;45;46;61m[38;2;45;46;61m▒[0m[48;2;46;49;63m[38;2;46;49;63m▒[0m[48;2;57;59;74m[38;2;57;59;74m░[0m[48;2;65;64;78m[38;2;65;64;78m░[0m[48;2;65;64;77m[38;2;65;64;77m░[0m[48;2;52;49;60m[38;2;52;49;60m▒[0m[48;2;27;22;34m[38;2;27;22;34m▓[0m[48;2;58;50;62m[38;2;58;50;62m▒[0m[48;2;111;100;112m[38;2;111;100;112m%[0m[48;2;157;140;153m[38;2;157;140;153m+[0m[48;2;160;141;155m[38;2;160;141;155m+[0m[48;2;160;141;155m[38;2;160;141;155m+[0m[48;2;160;141;155m[38;2;160;141;155m+[0m[48;2;161;140;155m[38;2;161;140;155m+[0m[48;2;161;140;155m[38;2;161;140;155m+[0m[48;2;161;140;155m[38;2;161;140;155m+[0m[48;2;161;140;155m[38;2;161;140;155m+[0m[48;2;161;140;155m[38;2;161;140;155m+[0m[48;2;153;134;148m[38;2;153;134;148m*[0m[48;2;34;24;31m[38;2;34;24;31m▓[0m[48;2;154;151;152m[38;2;154;151;152m+[0m[48;2;86;84;85m[38;2;86;84;85m@[0m[48;2;202;201;201m[38;2;202;201;201m:[0m                                   
                                    [48;2;81;80;81m[38;2;81;80;81m@[0m[48;2;137;125;133m[38;2;137;125;133m*[0m[48;2;129;112;123m[38;2;129;112;123m#[0m[48;2;58;49;57m[38;2;58;49;57m▒[0m[48;2;133;119;131m[38;2;133;119;131m#[0m[48;2;68;57;70m[38;2;68;57;70m░[0m[48;2;40;32;45m[38;2;40;32;45m▓[0m[48;2;37;31;43m[38;2;37;31;43m▓[0m[48;2;41;35;47m[38;2;41;35;47m▒[0m[48;2;50;41;53m[38;2;50;41;53m▒[0m[48;2;69;60;71m[38;2;69;60;71m░[0m[48;2;106;93;106m[38;2;106;93;106m%[0m[48;2;149;132;146m[38;2;149;132;146m*[0m[48;2;160;141;155m[38;2;160;141;155m+[0m[48;2;159;141;155m[38;2;159;141;155m+[0m[48;2;156;138;151m[38;2;156;138;151m*[0m[48;2;117;100;114m[38;2;117;100;114m%[0m[48;2;79;62;75m[38;2;79;62;75m░[0m[48;2;157;138;152m[38;2;157;138;152m*[0m[48;2;161;140;155m[38;2;161;140;155m+[0m[48;2;161;140;155m[38;2;161;140;155m+[0m[48;2;161;140;155m[38;2;161;140;155m+[0m[48;2;161;140;155m[38;2;161;140;155m+[0m[48;2;160;140;154m[38;2;160;140;154m+[0m[48;2;73;59;70m[38;2;73;59;70m░[0m[48;2;136;129;134m[38;2;136;129;134m*[0m[48;2;134;129;132m[38;2;134;129;132m*[0m[48;2;38;35;37m[38;2;38;35;37m▓[0m[48;2;91;89;90m[38;2;91;89;90m@[0m[48;2;114;112;113m[38;2;114;112;113m#[0m[48;2;193;192;194m[38;2;193;192;194m-[0m                                 
                                    [48;2;50;49;50m[38;2;50;49;50m▒[0m[48;2;155;140;150m[38;2;155;140;150m*[0m[48;2;160;141;154m[38;2;160;141;154m+[0m[48;2;31;24;31m[38;2;31;24;31m▓[0m[48;2;53;44;52m[38;2;53;44;52m▒[0m[48;2;129;114;126m[38;2;129;114;126m#[0m[48;2;157;140;153m[38;2;157;140;153m+[0m[48;2;154;138;151m[38;2;154;138;151m*[0m[48;2;157;141;154m[38;2;157;141;154m+[0m[48;2;159;140;154m[38;2;159;140;154m+[0m[48;2;152;136;149m[38;2;152;136;149m*[0m[48;2;137;120;134m[38;2;137;120;134m#[0m[48;2;114;97;110m[38;2;114;97;110m%[0m[48;2;86;72;84m[38;2;86;72;84m@[0m[48;2;76;62;74m[38;2;76;62;74m░[0m[48;2;77;63;75m[38;2;77;63;75m░[0m[48;2;112;96;109m[38;2;112;96;109m%[0m[48;2;155;137;151m[38;2;155;137;151m*[0m[48;2;161;140;155m[38;2;161;140;155m+[0m[48;2;161;140;155m[38;2;161;140;155m+[0m[48;2;161;140;155m[38;2;161;140;155m+[0m[48;2;161;140;155m[38;2;161;140;155m+[0m[48;2;154;134;149m[38;2;154;134;149m*[0m[48;2;66;53;64m[38;2;66;53;64m░[0m[48;2;16;10;17m[38;2;16;10;17m█[0m[48;2;105;101;105m[38;2;105;101;105m%[0m[48;2;126;122;123m[38;2;126;122;123m#[0m[48;2;130;125;129m[38;2;130;125;129m#[0m[48;2;177;174;176m[38;2;177;174;176m=[0m[48;2;56;53;57m[38;2;56;53;57m▒[0m[48;2;161;160;163m[38;2;161;160;163m+[0m                                 
                                    [48;2;57;55;56m[38;2;57;55;56m░[0m[48;2;152;136;147m[38;2;152;136;147m*[0m[48;2;161;142;156m[38;2;161;142;156m+[0m[48;2;22;15;21m[38;2;22;15;21m█[0m[48;2;13;8;14m[38;2;13;8;14m█[0m[48;2;26;23;29m[38;2;26;23;29m▓[0m[48;2;14;10;16m[38;2;14;10;16m█[0m[48;2;24;18;23m[38;2;24;18;23m▓[0m[48;2;71;61;70m[38;2;71;61;70m░[0m[48;2;77;66;76m[38;2;77;66;76m░[0m[48;2;87;74;86m[38;2;87;74;86m@[0m[48;2;101;86;98m[38;2;101;86;98m%[0m[48;2;124;107;120m[38;2;124;107;120m#[0m[48;2;148;131;144m[38;2;148;131;144m*[0m[48;2;160;141;155m[38;2;160;141;155m+[0m[48;2;161;140;155m[38;2;161;140;155m+[0m[48;2;161;140;155m[38;2;161;140;155m+[0m[48;2;161;140;155m[38;2;161;140;155m+[0m[48;2;161;140;155m[38;2;161;140;155m+[0m[48;2;161;140;155m[38;2;161;140;155m+[0m[48;2;161;140;155m[38;2;161;140;155m+[0m[48;2;145;125;139m[38;2;145;125;139m*[0m[48;2;40;27;38m[38;2;40;27;38m▓[0m[48;2;18;10;20m[38;2;18;10;20m█[0m[48;2;52;45;52m[38;2;52;45;52m▒[0m [48;2;128;125;127m[38;2;128;125;127m#[0m[48;2;59;55;58m[38;2;59;55;58m░[0m[48;2;134;128;133m[38;2;134;128;133m*[0m[48;2;155;149;154m[38;2;155;149;154m+[0m[48;2;97;94;98m[38;2;97;94;98m%[0m                                 
                                    [48;2;84;83;84m[38;2;84;83;84m@[0m[48;2;112;99;108m[38;2;112;99;108m%[0m[48;2;160;141;154m[38;2;160;141;154m+[0m[48;2;31;22;30m[38;2;31;22;30m▓[0m[48;2;27;22;29m[38;2;27;22;29m▓[0m[48;2;19;17;22m[38;2;19;17;22m█[0m[48;2;28;26;31m[38;2;28;26;31m▓[0m[48;2;18;15;20m[38;2;18;15;20m█[0m[48;2;128;119;127m[38;2;128;119;127m#[0m[48;2;157;141;152m[38;2;157;141;152m+[0m[48;2;161;140;155m[38;2;161;140;155m+[0m[48;2;161;140;155m[38;2;161;140;155m+[0m[48;2;161;140;155m[38;2;161;140;155m+[0m[48;2;161;140;155m[38;2;161;140;155m+[0m[48;2;161;140;155m[38;2;161;140;155m+[0m[48;2;161;140;155m[38;2;161;140;155m+[0m[48;2;161;140;155m[38;2;161;140;155m+[0m[48;2;161;140;155m[38;2;161;140;155m+[0m[48;2;161;140;155m[38;2;161;140;155m+[0m[48;2;161;140;155m[38;2;161;140;155m+[0m[48;2;160;140;154m[38;2;160;140;154m+[0m[48;2;50;38;49m[38;2;50;38;49m▒[0m[48;2;32;24;38m[38;2;32;24;38m▓[0m[48;2;25;19;31m[38;2;25;19;31m▓[0m[48;2;125;121;127m[38;2;125;121;127m#[0m [48;2;151;148;152m[38;2;151;148;152m+[0m[48;2;115;111;114m[38;2;115;111;114m#[0m[48;2;202;200;202m[38;2;202;200;202m-[0m[48;2;198;192;197m[38;2;198;192;197m-[0m[48;2;47;44;48m[38;2;47;44;48m▒[0m                                 
                                    [48;2;157;156;157m[38;2;157;156;157m+[0m[48;2;42;35;39m[38;2;42;35;39m▒[0m[48;2;159;143;153m[38;2;159;143;153m+[0m[48;2;114;99;109m[38;2;114;99;109m%[0m[48;2;41;31;39m[38;2;41;31;39m▓[0m[48;2;9;5;11m[38;2;9;5;11m█[0m[48;2;19;16;22m[38;2;19;16;22m█[0m[48;2;25;22;28m[38;2;25;22;28m▓[0m[48;2;32;26;34m[38;2;32;26;34m▓[0m[48;2;143;126;139m[38;2;143;126;139m*[0m[48;2;161;140;155m[38;2;161;140;155m+[0m[48;2;161;140;155m[38;2;161;140;155m+[0m[48;2;161;140;155m[38;2;161;140;155m+[0m[48;2;161;140;155m[38;2;161;140;155m+[0m[48;2;161;140;155m[38;2;161;140;155m+[0m[48;2;161;140;155m[38;2;161;140;155m+[0m[48;2;121;101;115m[38;2;121;101;115m%[0m[48;2;132;112;127m[38;2;132;112;127m#[0m[48;2;159;139;153m[38;2;159;139;153m+[0m[48;2;161;140;155m[38;2;161;140;155m+[0m[48;2;145;125;139m[38;2;145;125;139m*[0m[48;2;18;9;19m[38;2;18;9;19m█[0m[48;2;36;31;45m[38;2;36;31;45m▓[0m[48;2;19;16;27m[38;2;19;16;27m█[0m[48;2;160;157;163m[38;2;160;157;163m+[0m [48;2;222;220;222m[38;2;222;220;222m.[0m[48;2;58;55;58m[38;2;58;55;58m░[0m[48;2;196;194;196m[38;2;196;194;196m-[0m[48;2;201;195;200m[38;2;201;195;200m-[0m[48;2;50;45;49m[38;2;50;45;49m▒[0m                                 
                                     [48;2;90;86;88m[38;2;90;86;88m@[0m[48;2;117;105;113m[38;2;117;105;113m%[0m[48;2;160;141;155m[38;2;160;141;155m+[0m[48;2;149;131;144m[38;2;149;131;144m*[0m[48;2;64;51;61m[38;2;64;51;61m░[0m[48;2;32;23;31m[38;2;32;23;31m▓[0m[48;2;51;43;52m[38;2;51;43;52m▒[0m[48;2;55;47;56m[38;2;55;47;56m▒[0m[48;2;112;99;111m[38;2;112;99;111m%[0m[48;2;156;139;152m[38;2;156;139;152m*[0m[48;2;161;140;155m[38;2;161;140;155m+[0m[48;2;161;140;155m[38;2;161;140;155m+[0m[48;2;161;140;155m[38;2;161;140;155m+[0m[48;2;161;140;155m[38;2;161;140;155m+[0m[48;2;161;140;155m[38;2;161;140;155m+[0m[48;2;147;128;142m[38;2;147;128;142m*[0m[48;2;104;85;99m[38;2;104;85;99m%[0m[48;2;77;62;74m[38;2;77;62;74m░[0m[48;2;79;64;75m[38;2;79;64;75m░[0m[48;2;73;59;71m[38;2;73;59;71m░[0m[48;2;13;4;14m[38;2;13;4;14m█[0m[48;2;26;20;32m[38;2;26;20;32m▓[0m[48;2;17;11;24m[38;2;17;11;24m█[0m[48;2;109;105;112m[38;2;109;105;112m%[0m[48;2;180;177;182m[38;2;180;177;182m=[0m[48;2;186;183;187m[38;2;186;183;187m-[0m[48;2;131;128;132m[38;2;131;128;132m*[0m[48;2;49;46;50m[38;2;49;46;50m▒[0m[48;2;68;63;66m[38;2;68;63;66m░[0m[48;2;55;50;54m[38;2;55;50;54m▒[0m[48;2;112;109;111m[38;2;112;109;111m#[0m[48;2;73;72;73m[38;2;73;72;73m░[0m[48;2;60;58;60m[38;2;60;58;60m░[0m[48;2;139;137;139m[38;2;139;137;139m*[0m                             
                                      [48;2;87;83;87m[38;2;87;83;87m@[0m[48;2;109;96;106m[38;2;109;96;106m%[0m[48;2;160;141;155m[38;2;160;141;155m+[0m[48;2;159;141;155m[38;2;159;141;155m+[0m[48;2;144;126;139m[38;2;144;126;139m*[0m[48;2;62;49;60m[38;2;62;49;60m▒[0m[48;2;91;81;91m[38;2;91;81;91m@[0m[48;2;29;21;29m[38;2;29;21;29m▓[0m[48;2;18;12;18m[38;2;18;12;18m█[0m[48;2;72;61;70m[38;2;72;61;70m░[0m[48;2;160;140;154m[38;2;160;140;154m+[0m[48;2;161;140;155m[38;2;161;140;155m+[0m[48;2;161;140;155m[38;2;161;140;155m+[0m[48;2;161;140;155m[38;2;161;140;155m+[0m[48;2;161;140;155m[38;2;161;140;155m+[0m[48;2;161;140;155m[38;2;161;140;155m+[0m[48;2;160;140;155m[38;2;160;140;155m+[0m[48;2;160;141;155m[38;2;160;141;155m+[0m[48;2;158;139;153m[38;2;158;139;153m*[0m[48;2;143;125;138m[38;2;143;125;138m*[0m[48;2;133;116;129m[38;2;133;116;129m#[0m[48;2;126;109;123m[38;2;126;109;123m#[0m[48;2;122;107;119m[38;2;122;107;119m#[0m[48;2;114;100;111m[38;2;114;100;111m%[0m[48;2;101;92;101m[38;2;101;92;101m%[0m[48;2;83;76;84m[38;2;83;76;84m@[0m[48;2;60;54;61m[38;2;60;54;61m░[0m[48;2;44;37;42m[38;2;44;37;42m▒[0m[48;2;30;23;28m[38;2;30;23;28m▓[0m[48;2;12;7;10m[38;2;12;7;10m█[0m[48;2;48;43;47m[38;2;48;43;47m▒[0m[48;2;102;98;101m[38;2;102;98;101m%[0m[48;2;110;108;110m[38;2;110;108;110m%[0m[48;2;178;176;178m[38;2;178;176;178m=[0m                            
                                       [48;2;124;121;124m[38;2;124;121;124m#[0m[48;2;77;67;75m[38;2;77;67;75m░[0m[48;2;155;138;151m[38;2;155;138;151m*[0m[48;2;160;141;155m[38;2;160;141;155m+[0m[48;2;159;140;154m[38;2;159;140;154m+[0m[48;2;126;109;122m[38;2;126;109;122m#[0m[48;2;94;79;91m[38;2;94;79;91m@[0m[48;2;118;104;115m[38;2;118;104;115m%[0m[48;2;82;68;79m[38;2;82;68;79m@[0m[48;2;157;137;151m[38;2;157;137;151m*[0m[48;2;161;140;155m[38;2;161;140;155m+[0m[48;2;161;140;155m[38;2;161;140;155m+[0m[48;2;161;140;155m[38;2;161;140;155m+[0m[48;2;161;140;155m[38;2;161;140;155m+[0m[48;2;161;140;155m[38;2;161;140;155m+[0m[48;2;159;140;154m[38;2;159;140;154m+[0m[48;2;92;76;89m[38;2;92;76;89m@[0m[48;2;81;68;79m[38;2;81;68;79m░[0m[48;2;79;67;76m[38;2;79;67;76m░[0m[48;2;80;68;76m[38;2;80;68;76m░[0m[48;2;79;68;76m[38;2;79;68;76m░[0m[48;2;81;69;78m[38;2;81;69;78m@[0m[48;2;76;65;73m[38;2;76;65;73m░[0m[48;2;82;72;80m[38;2;82;72;80m@[0m[48;2;100;90;98m[38;2;100;90;98m%[0m[48;2;120;110;118m[38;2;120;110;118m#[0m[48;2;110;100;107m[38;2;110;100;107m%[0m[48;2;93;85;91m[38;2;93;85;91m@[0m[48;2;65;59;64m[38;2;65;59;64m░[0m[48;2;73;68;74m[38;2;73;68;74m░[0m[48;2;133;129;134m[38;2;133;129;134m*[0m[48;2;222;220;223m[38;2;222;220;223m.[0m                             
                                        [48;2;191;191;191m[38;2;191;191;191m-[0m[48;2;72;66;72m[38;2;72;66;72m░[0m[48;2;114;100;111m[38;2;114;100;111m%[0m[48;2;158;141;154m[38;2;158;141;154m+[0m[48;2;161;140;155m[38;2;161;140;155m+[0m[48;2;161;140;155m[38;2;161;140;155m+[0m[48;2;160;140;155m[38;2;160;140;155m+[0m[48;2;124;105;119m[38;2;124;105;119m#[0m[48;2;68;54;66m[38;2;68;54;66m░[0m[48;2;83;70;82m[38;2;83;70;82m@[0m[48;2;96;81;93m[38;2;96;81;93m@[0m[48;2;99;87;98m[38;2;99;87;98m%[0m[48;2;106;94;106m[38;2;106;94;106m%[0m[48;2;113;100;112m[38;2;113;100;112m%[0m[48;2;117;103;116m[38;2;117;103;116m%[0m[48;2;117;103;116m[38;2;117;103;116m%[0m[48;2;116;104;116m[38;2;116;104;116m%[0m[48;2;111;100;110m[38;2;111;100;110m%[0m[48;2;102;92;102m[38;2;102;92;102m%[0m[48;2;95;84;95m[38;2;95;84;95m@[0m[48;2;82;71;80m[38;2;82;71;80m@[0m[48;2;79;69;78m[38;2;79;69;78m░[0m[48;2;95;86;93m[38;2;95;86;93m@[0m[48;2;102;95;101m[38;2;102;95;101m%[0m[48;2;91;86;92m[38;2;91;86;92m@[0m[48;2;83;80;85m[38;2;83;80;85m@[0m[48;2;78;76;80m[38;2;78;76;80m@[0m[48;2;147;145;149m[38;2;147;145;149m*[0m                                
                                        [48;2;232;232;232m[38;2;232;232;232m.[0m[48;2;36;34;37m[38;2;36;34;37m▓[0m[48;2;26;21;31m[38;2;26;21;31m▓[0m[48;2;45;36;49m[38;2;45;36;49m▒[0m[48;2;107;92;105m[38;2;107;92;105m%[0m[48;2;152;133;148m[38;2;152;133;148m*[0m[48;2;161;140;155m[38;2;161;140;155m+[0m[48;2;161;140;155m[38;2;161;140;155m+[0m[48;2;160;141;155m[38;2;160;141;155m+[0m[48;2;145;127;140m[38;2;145;127;140m*[0m[48;2;107;91;103m[38;2;107;91;103m%[0m[48;2;77;64;75m[38;2;77;64;75m░[0m[48;2;60;48;59m[38;2;60;48;59m▒[0m[48;2;45;34;44m[38;2;45;34;44m▒[0m[48;2;41;31;40m[38;2;41;31;40m▓[0m[48;2;32;22;31m[38;2;32;22;31m▓[0m[48;2;19;12;18m[38;2;19;12;18m█[0m[48;2;20;13;20m[38;2;20;13;20m█[0m[48;2;25;19;26m[38;2;25;19;26m▓[0m[48;2;28;25;31m[38;2;28;25;31m▓[0m[48;2;32;28;34m[38;2;32;28;34m▓[0m[48;2;41;38;44m[38;2;41;38;44m▒[0m[48;2;40;37;42m[38;2;40;37;42m▒[0m[48;2;18;15;18m[38;2;18;15;18m█[0m[48;2;58;53;58m[38;2;58;53;58m░[0m[48;2;128;125;130m[38;2;128;125;130m#[0m[48;2;215;212;216m[38;2;215;212;216m:[0m                                 
                                        [48;2;92;91;94m[38;2;92;91;94m%[0m[48;2;7;6;11m[38;2;7;6;11m█[0m[48;2;70;64;102m[38;2;70;64;102m░[0m[48;2;15;7;48m[38;2;15;7;48m█[0m[48;2;64;52;111m[38;2;64;52;111m░[0m[48;2;51;40;82m[38;2;51;40;82m▒[0m[48;2;53;46;58m[38;2;53;46;58m▒[0m[48;2;74;65;75m[38;2;74;65;75m░[0m[48;2;93;81;93m[38;2;93;81;93m@[0m[48;2;104;92;104m[38;2;104;92;104m%[0m[48;2;115;98;112m[38;2;115;98;112m%[0m[48;2;118;102;115m[38;2;118;102;115m%[0m[48;2;119;105;117m[38;2;119;105;117m#[0m[48;2;117;104;116m[38;2;117;104;116m%[0m[48;2;116;103;115m[38;2;116;103;115m%[0m[48;2;106;96;105m[38;2;106;96;105m%[0m[48;2;93;84;93m[38;2;93;84;93m@[0m[48;2;79;69;79m[38;2;79;69;79m░[0m[48;2;62;53;64m[38;2;62;53;64m░[0m[48;2;44;37;47m[38;2;44;37;47m▒[0m[48;2;29;23;35m[38;2;29;23;35m▓[0m[48;2;15;10;21m[38;2;15;10;21m█[0m[48;2;94;91;99m[38;2;94;91;99m%[0m[48;2;239;237;240m[38;2;239;237;240m [0m                                    
                                       [48;2;194;194;194m[38;2;194;194;194m-[0m[48;2;15;13;18m[38;2;15;13;18m█[0m[48;2;13;10;25m[38;2;13;10;25m█[0m[48;2;85;73;145m[38;2;85;73;145m@[0m[48;2;26;19;58m[38;2;26;19;58m▓[0m[48;2;78;67;128m[38;2;78;67;128m@[0m[48;2;89;76;155m[38;2;89;76;155m@[0m[48;2;72;63;111m[38;2;72;63;111m░[0m[48;2;13;10;26m[38;2;13;10;26m█[0m[48;2;32;26;41m[38;2;32;26;41m▓[0m[48;2;33;25;45m[38;2;33;25;45m▓[0m[48;2;31;24;43m[38;2;31;24;43m▓[0m[48;2;30;23;42m[38;2;30;23;42m▓[0m[48;2;30;22;42m[38;2;30;22;42m▓[0m[48;2;30;22;41m[38;2;30;22;41m▓[0m[48;2;29;22;41m[38;2;29;22;41m▓[0m[48;2;30;25;42m[38;2;30;25;42m▓[0m[48;2;33;28;46m[38;2;33;28;46m▓[0m[48;2;35;29;48m[38;2;35;29;48m▓[0m[48;2;37;31;51m[38;2;37;31;51m▓[0m[48;2;37;31;52m[38;2;37;31;52m▓[0m[48;2;31;25;46m[38;2;31;25;46m▓[0m[48;2;16;11;28m[38;2;16;11;28m█[0m[48;2;9;5;17m[38;2;9;5;17m█[0m[48;2;134;133;137m[38;2;134;133;137m*[0m[48;2;236;236;238m[38;2;236;236;238m.[0m                                   
                                       [48;2;66;65;68m[38;2;66;65;68m░[0m[48;2;21;20;24m[38;2;21;20;24m▓[0m[48;2;22;17;43m[38;2;22;17;43m▓[0m[48;2;85;73;148m[38;2;85;73;148m@[0m[48;2;52;46;75m[38;2;52;46;75m▒[0m[48;2;59;48;105m[38;2;59;48;105m░[0m[48;2;83;67;161m[38;2;83;67;161m@[0m[48;2;88;76;152m[38;2;88;76;152m@[0m[48;2;49;38;108m[38;2;49;38;108m▒[0m[48;2;18;13;35m[38;2;18;13;35m█[0m[48;2;35;30;49m[38;2;35;30;49m▓[0m[48;2;37;31;52m[38;2;37;31;52m▓[0m[48;2;37;31;52m[38;2;37;31;52m▓[0m[48;2;37;31;52m[38;2;37;31;52m▓[0m[48;2;37;31;52m[38;2;37;31;52m▓[0m[48;2;37;31;52m[38;2;37;31;52m▓[0m[48;2;37;31;52m[38;2;37;31;52m▓[0m[48;2;37;31;52m[38;2;37;31;52m▓[0m[48;2;37;31;52m[38;2;37;31;52m▓[0m[48;2;37;31;52m[38;2;37;31;52m▓[0m[48;2;37;31;52m[38;2;37;31;52m▓[0m[48;2;37;31;52m[38;2;37;31;52m▓[0m[48;2;37;31;51m[38;2;37;31;51m▓[0m[48;2;33;27;46m[38;2;33;27;46m▓[0m[48;2;27;22;38m[38;2;27;22;38m▓[0m[48;2;23;19;33m[38;2;23;19;33m▓[0m[48;2;38;34;45m[38;2;38;34;45m▓[0m[48;2;63;59;69m[38;2;63;59;69m░[0m[48;2;85;82;89m[38;2;85;82;89m@[0m[48;2;100;97;102m[38;2;100;97;102m%[0m[48;2;112;109;114m[38;2;112;109;114m#[0m[48;2;124;122;126m[38;2;124;122;126m#[0m[48;2;133;131;135m[38;2;133;131;135m*[0m[48;2;145;143;147m[38;2;145;143;147m*[0m[48;2;152;151;153m[38;2;152;151;153m+[0m[48;2;156;154;156m[38;2;156;154;156m+[0m[48;2;159;158;160m[38;2;159;158;160m+[0m[48;2;207;206;207m[38;2;207;206;207m:[0m                       
                                      [48;2;206;206;206m[38;2;206;206;206m:[0m[48;2;14;13;19m[38;2;14;13;19m█[0m[48;2;39;35;48m[38;2;39;35;48m▒[0m[48;2;38;36;46m[38;2;38;36;46m▒[0m[48;2;39;37;48m[38;2;39;37;48m▒[0m[48;2;28;24;37m[38;2;28;24;37m▓[0m[48;2;24;15;57m[38;2;24;15;57m▓[0m[48;2;85;70;157m[38;2;85;70;157m@[0m[48;2;85;71;156m[38;2;85;71;156m@[0m[48;2;65;52;125m[38;2;65;52;125m░[0m[48;2;13;7;37m[38;2;13;7;37m█[0m[48;2;38;35;46m[38;2;38;35;46m▒[0m[48;2;39;35;50m[38;2;39;35;50m▒[0m[48;2;37;32;50m[38;2;37;32;50m▓[0m[48;2;37;31;52m[38;2;37;31;52m▓[0m[48;2;37;31;52m[38;2;37;31;52m▓[0m[48;2;37;31;52m[38;2;37;31;52m▓[0m[48;2;37;31;52m[38;2;37;31;52m▓[0m[48;2;37;31;52m[38;2;37;31;52m▓[0m[48;2;37;31;52m[38;2;37;31;52m▓[0m[48;2;37;31;52m[38;2;37;31;52m▓[0m[48;2;37;31;52m[38;2;37;31;52m▓[0m[48;2;37;31;52m[38;2;37;31;52m▓[0m[48;2;37;31;52m[38;2;37;31;52m▓[0m[48;2;37;31;52m[38;2;37;31;52m▓[0m[48;2;37;31;52m[38;2;37;31;52m▓[0m[48;2;37;31;52m[38;2;37;31;52m▓[0m[48;2;37;31;52m[38;2;37;31;52m▓[0m[48;2;37;31;51m[38;2;37;31;51m▓[0m[48;2;37;31;51m[38;2;37;31;51m▓[0m[48;2;37;31;51m[38;2;37;31;51m▓[0m[48;2;37;31;51m[38;2;37;31;51m▓[0m[48;2;36;30;50m[38;2;36;30;50m▓[0m[48;2;35;29;49m[38;2;35;29;49m▓[0m[48;2;34;29;47m[38;2;34;29;47m▓[0m[48;2;33;27;46m[38;2;33;27;46m▓[0m[48;2;32;27;44m[38;2;32;27;44m▓[0m[48;2;22;19;25m[38;2;22;19;25m▓[0m[48;2;135;134;137m[38;2;135;134;137m*[0m                       
                                      [48;2;114;114;114m[38;2;114;114;114m#[0m[48;2;26;24;34m[38;2;26;24;34m▓[0m[48;2;58;53;70m[38;2;58;53;70m░[0m[48;2;36;34;44m[38;2;36;34;44m▓[0m[48;2;141;139;148m[38;2;141;139;148m*[0m[48;2;74;71;77m[38;2;74;71;77m░[0m[48;2;47;44;52m[38;2;47;44;52m▒[0m[48;2;49;40;85m[38;2;49;40;85m▒[0m[48;2;49;45;71m[38;2;49;45;71m▒[0m[48;2;148;146;153m[38;2;148;146;153m+[0m[48;2;134;131;137m[38;2;134;131;137m*[0m[48;2;37;34;40m[38;2;37;34;40m▓[0m[48;2;55;52;59m[38;2;55;52;59m▒[0m[48;2;64;60;72m[38;2;64;60;72m░[0m[48;2;39;34;52m[38;2;39;34;52m▒[0m[48;2;37;31;52m[38;2;37;31;52m▓[0m[48;2;37;31;52m[38;2;37;31;52m▓[0m[48;2;37;31;52m[38;2;37;31;52m▓[0m[48;2;37;31;52m[38;2;37;31;52m▓[0m[48;2;37;31;52m[38;2;37;31;52m▓[0m[48;2;37;31;52m[38;2;37;31;52m▓[0m[48;2;37;31;52m[38;2;37;31;52m▓[0m[48;2;37;31;52m[38;2;37;31;52m▓[0m[48;2;37;31;52m[38;2;37;31;52m▓[0m[48;2;37;31;52m[38;2;37;31;52m▓[0m[48;2;37;31;52m[38;2;37;31;52m▓[0m[48;2;37;31;52m[38;2;37;31;52m▓[0m[48;2;37;31;52m[38;2;37;31;52m▓[0m[48;2;37;31;52m[38;2;37;31;52m▓[0m[48;2;37;31;52m[38;2;37;31;52m▓[0m[48;2;37;31;52m[38;2;37;31;52m▓[0m[48;2;37;31;52m[38;2;37;31;52m▓[0m[48;2;37;31;52m[38;2;37;31;52m▓[0m[48;2;37;31;52m[38;2;37;31;52m▓[0m[48;2;37;31;52m[38;2;37;31;52m▓[0m[48;2;37;31;52m[38;2;37;31;52m▓[0m[48;2;36;31;50m[38;2;36;31;50m▓[0m[48;2;22;19;26m[38;2;22;19;26m▓[0m[48;2;209;207;210m[38;2;209;207;210m:[0m                       