                                                                                                              
                                                                                                              
                                                                                                              
                                                                                                              
                                                                                                              
                                                                                                              
                                                                                                              
                                                                                                              
                                                                                                              
                                                                                                              
                                                                                                              
                                                                                                              
                                                                                                              
                                                   [48;2;187;187;187m[38;2;187;187;187m-[0m[48;2;130;130;131m[38;2;130;130;131m*[0m[48;2;93;92;94m[38;2;93;92;94m%[0m[48;2;66;65;68m[38;2;66;65;68m░[0m[48;2;57;56;60m[38;2;57;56;60m░[0m[48;2;53;52;56m[38;2;53;52;56m▒[0m[48;2;57;56;61m[38;2;57;56;61m░[0m[48;2;71;71;75m[38;2;71;71;75m░[0m[48;2;100;99;103m[38;2;100;99;103m%[0m[48;2;143;142;145m[38;2;143;142;145m*[0m[48;2;198;198;200m[38;2;198;198;200m-[0m                                                
                                                [48;2;215;214;215m[38;2;215;214;215m:[0m[48;2;100;100;102m[38;2;100;100;102m%[0m[48;2;29;28;35m[38;2;29;28;35m▓[0m[48;2;27;25;37m[38;2;27;25;37m▓[0m[48;2;38;36;49m[38;2;38;36;49m▒[0m[48;2;44;41;59m[38;2;44;41;59m▒[0m[48;2;46;42;61m[38;2;46;42;61m▒[0m[48;2;47;44;60m[38;2;47;44;60m▒[0m[48;2;48;45;62m[38;2;48;45;62m▒[0m[48;2;47;44;60m[38;2;47;44;60m▒[0m[48;2;45;42;59m[38;2;45;42;59m▒[0m[48;2;42;40;57m[38;2;42;40;57m▒[0m[48;2;37;35;51m[38;2;37;35;51m▒[0m[48;2;27;25;39m[38;2;27;25;39m▓[0m[48;2;35;34;43m[38;2;35;34;43m▓[0m[48;2;100;99;104m[38;2;100;99;104m%[0m[48;2;198;197;200m[38;2;198;197;200m-[0m                                             
                                              [48;2;236;236;236m[38;2;236;236;236m.[0m[48;2;120;119;122m[38;2;120;119;122m#[0m[48;2;24;23;30m[38;2;24;23;30m▓[0m[48;2;37;35;48m[38;2;37;35;48m▒[0m[48;2;44;42;58m[38;2;44;42;58m▒[0m[48;2;41;39;55m[38;2;41;39;55m▒[0m[48;2;33;31;45m[38;2;33;31;45m▓[0m[48;2;27;24;38m[38;2;27;24;38m▓[0m[48;2;27;24;36m[38;2;27;24;36m▓[0m[48;2;41;38;46m[38;2;41;38;46m▒[0m[48;2;46;42;50m[38;2;46;42;50m▒[0m[48;2;26;22;32m[38;2;26;22;32m▓[0m[48;2;47;42;54m[38;2;47;42;54m▒[0m[48;2;66;63;74m[38;2;66;63;74m░[0m[48;2;64;61;73m[38;2;64;61;73m░[0m[48;2;48;46;59m[38;2;48;46;59m▒[0m[48;2;45;42;56m[38;2;45;42;56m▒[0m[48;2;41;38;50m[38;2;41;38;50m▒[0m[48;2;26;23;34m[38;2;26;23;34m▓[0m[48;2;72;71;75m[38;2;72;71;75m░[0m[48;2;205;205;206m[38;2;205;205;206m:[0m                                           
                                             [48;2;190;190;191m[38;2;190;190;191m-[0m[48;2;36;35;42m[38;2;36;35;42m▓[0m[48;2;37;34;47m[38;2;37;34;47m▓[0m[48;2;45;42;56m[38;2;45;42;56m▒[0m[48;2;35;31;45m[38;2;35;31;45m▓[0m[48;2;26;20;33m[38;2;26;20;33m▓[0m[48;2;71;62;74m[38;2;71;62;74m░[0m[48;2;107;95;106m[38;2;107;95;106m%[0m[48;2;134;121;131m[38;2;134;121;131m#[0m[48;2;149;136;145m[38;2;149;136;145m*[0m[48;2;154;140;150m[38;2;154;140;150m*[0m[48;2;148;132;142m[38;2;148;132;142m*[0m[48;2;129;114;124m[38;2;129;114;124m#[0m[48;2;106;91;101m[38;2;106;91;101m%[0m[48;2;78;66;75m[38;2;78;66;75m░[0m[48;2;39;30;37m[38;2;39;30;37m▓[0m[48;2;57;47;55m[38;2;57;47;55m▒[0m[48;2;66;57;65m[38;2;66;57;65m░[0m[48;2;68;59;67m[38;2;68;59;67m░[0m[48;2;54;46;53m[38;2;54;46;53m▒[0m[48;2;26;20;25m[38;2;26;20;25m▓[0m[48;2;9;7;10m[38;2;9;7;10m█[0m[48;2;143;143;143m[38;2;143;143;143m*[0m                                          
                                            [48;2;173;173;173m[38;2;173;173;173m=[0m[48;2;20;19;24m[38;2;20;19;24m▓[0m[48;2;43;41;52m[38;2;43;41;52m▒[0m[48;2;41;38;52m[38;2;41;38;52m▒[0m[48;2;23;19;31m[38;2;23;19;31m▓[0m[48;2;53;46;56m[38;2;53;46;56m▒[0m[48;2;144;128;142m[38;2;144;128;142m*[0m[48;2;159;140;154m[38;2;159;140;154m+[0m[48;2;161;140;155m[38;2;161;140;155m+[0m[48;2;162;141;156m[38;2;162;141;156m+[0m[48;2;116;98;111m[38;2;116;98;111m%[0m[48;2;70;56;66m[38;2;70;56;66m░[0m[48;2;78;64;74m[38;2;78;64;74m░[0m[48;2;86;71;81m[38;2;86;71;81m@[0m[48;2;91;75;85m[38;2;91;75;85m@[0m[48;2;154;136;148m[38;2;154;136;148m*[0m[48;2;156;138;150m[38;2;156;138;150m*[0m[48;2;159;140;152m[38;2;159;140;152m+[0m[48;2;161;142;154m[38;2;161;142;154m+[0m[48;2;151;133;145m[38;2;151;133;145m*[0m[48;2;72;59;68m[38;2;72;59;68m░[0m[48;2;81;71;77m[38;2;81;71;77m@[0m[48;2;84;79;84m[38;2;84;79;84m@[0m[48;2;35;31;35m[38;2;35;31;35m▓[0m[48;2;134;133;134m[38;2;134;133;134m*[0m                                         
                                           [48;2;203;203;203m[38;2;203;203;203m:[0m[48;2;20;19;22m[38;2;20;19;22m▓[0m[48;2;42;40;51m[38;2;42;40;51m▒[0m[48;2;25;23;33m[38;2;25;23;33m▓[0m[48;2;24;18;28m[38;2;24;18;28m▓[0m[48;2;120;106;120m[38;2;120;106;120m#[0m[48;2;160;142;156m[38;2;160;142;156m+[0m[48;2;161;140;155m[38;2;161;140;155m+[0m[48;2;161;140;155m[38;2;161;140;155m+[0m[48;2;161;140;155m[38;2;161;140;155m+[0m[48;2;162;141;156m[38;2;162;141;156m+[0m[48;2;162;141;156m[38;2;162;141;156m+[0m[48;2;161;140;155m[38;2;161;140;155m+[0m[48;2;161;140;155m[38;2;161;140;155m+[0m[48;2;161;140;155m[38;2;161;140;155m+[0m[48;2;161;140;155m[38;2;161;140;155m+[0m[48;2;161;140;155m[38;2;161;140;155m+[0m[48;2;161;140;155m[38;2;161;140;155m+[0m[48;2;161;140;155m[38;2;161;140;155m+[0m[48;2;161;140;155m[38;2;161;140;155m+[0m[48;2;161;140;155m[38;2;161;140;155m+[0m[48;2;160;140;154m[38;2;160;140;154m+[0m[48;2;141;122;135m[38;2;141;122;135m*[0m[48;2;110;95;105m[38;2;110;95;105m%[0m[48;2;115;104;112m[38;2;115;104;112m%[0m[48;2;15;11;15m[38;2;15;11;15m█[0m[48;2;56;54;56m[38;2;56;54;56m▒[0m[48;2;96;93;102m[38;2;96;93;102m%[0m[48;2;208;207;207m[38;2;208;207;207m:[0m                                      
                                           [48;2;52;51;53m[38;2;52;51;53m▒[0m[48;2;33;31;37m[38;2;33;31;37m▓[0m[48;2;12;10;18m[38;2;12;10;18m█[0m[48;2;23;17;25m[38;2;23;17;25m▓[0m[48;2;137;123;136m[38;2;137;123;136m*[0m[48;2;160;141;155m[38;2;160;141;155m+[0m[48;2;161;140;155m[38;2;161;140;155m+[0m[48;2;161;140;155m[38;2;161;140;155m+[0m[48;2;161;140;155m[38;2;161;140;155m+[0m[48;2;160;139;154m[38;2;160;139;154m+[0m[48;2;159;138;153m[38;2;159;138;153m*[0m[48;2;159;138;153m[38;2;159;138;153m*[0m[48;2;159;138;153m[38;2;159;138;153m*[0m[48;2;161;140;155m[38;2;161;140;155m+[0m[48;2;161;140;155m[38;2;161;140;155m+[0m[48;2;161;140;155m[38;2;161;140;155m+[0m[48;2;161;140;155m[38;2;161;140;155m+[0m[48;2;161;140;155m[38;2;161;140;155m+[0m[48;2;161;140;155m[38;2;161;140;155m+[0m[48;2;161;140;155m[38;2;161;140;155m+[0m[48;2;161;140;155m[38;2;161;140;155m+[0m[48;2;148;129;143m[38;2;148;129;143m*[0m[48;2;136;118;132m[38;2;136;118;132m#[0m[48;2;160;141;155m[38;2;160;141;155m+[0m[48;2;159;141;154m[38;2;159;141;154m+[0m[48;2;124;111;121m[38;2;124;111;121m#[0m[48;2;13;7;12m[38;2;13;7;12m█[0m[48;2;55;44;77m[38;2;55;44;77m▒[0m[48;2;85;84;87m[38;2;85;84;87m@[0m                                      
                                          [48;2;176;176;176m[38;2;176;176;176m=[0m[48;2;11;10;12m[38;2;11;10;12m█[0m[48;2;22;20;26m[38;2;22;20;26m▓[0m[48;2;18;13;19m[38;2;18;13;19m█[0m[48;2;126;112;123m[38;2;126;112;123m#[0m[48;2;162;143;157m[38;2;162;143;157m+[0m[48;2;161;140;155m[38;2;161;140;155m+[0m[48;2;161;140;155m[38;2;161;140;155m+[0m[48;2;161;140;155m[38;2;161;140;155m+[0m[48;2;129;113;126m[38;2;129;113;126m#[0m[48;2;54;40;52m[38;2;54;40;52m▒[0m[48;2;113;98;111m[38;2;113;98;111m%[0m[48;2;52;38;50m[38;2;52;38;50m▒[0m[48;2;157;140;153m[38;2;157;140;153m+[0m[48;2;99;81;95m[38;2;99;81;95m@[0m[48;2;137;118;132m[38;2;137;118;132m#[0m[48;2;161;140;155m[38;2;161;140;155m+[0m[48;2;161;140;155m[38;2;161;140;155m+[0m[48;2;161;140;155m[38;2;161;140;155m+[0m[48;2;161;140;155m[38;2;161;140;155m+[0m[48;2;149;128;143m[38;2;149;128;143m*[0m[48;2;133;115;129m[38;2;133;115;129m#[0m[48;2;128;113;125m[38;2;128;113;125m#[0m[48;2;50;38;47m[38;2;50;38;47m▒[0m[48;2;157;139;153m[38;2;157;139;153m*[0m[48;2;160;140;155m[38;2;160;140;155m+[0m[48;2;160;141;155m[38;2;160;141;155m+[0m[48;2;95;81;91m[38;2;95;81;91m@[0m[48;2;14;6;15m[38;2;14;6;15m█[0m[48;2;36;31;54m[38;2;36;31;54m▓[0m[48;2;194;193;194m[38;2;194;193;194m-[0m                                     
                                          [48;2;94;94;94m[38;2;94;94;94m%[0m[48;2;13;9;12m[38;2;13;9;12m█[0m[48;2;88;83;89m[38;2;88;83;89m@[0m[48;2;55;46;54m[38;2;55;46;54m▒[0m[48;2;161;144;155m[38;2;161;144;155m+[0m[48;2;162;142;156m[38;2;162;142;156m+[0m[48;2;161;140;155m[38;2;161;140;155m+[0m[48;2;161;140;155m[38;2;161;140;155m+[0m[48;2;149;131;145m[38;2;149;131;145m*[0m[48;2;33;23;32m[38;2;33;23;32m▓[0m[48;2;55;49;56m[38;2;55;49;56m▒[0m[48;2;11;7;13m[38;2;11;7;13m█[0m[48;2;102;93;103m[38;2;102;93;103m%[0m[48;2;107;94;106m[38;2;107;94;106m%[0m[48;2;42;30;40m[38;2;42;30;40m▓[0m[48;2;132;115;129m[38;2;132;115;129m#[0m[48;2;160;140;154m[38;2;160;140;154m+[0m[48;2;161;140;155m[38;2;161;140;155m+[0m[48;2;161;140;155m[38;2;161;140;155m+[0m[48;2;161;140;155m[38;2;161;140;155m+[0m[48;2;113;94;108m[38;2;113;94;108m%[0m[48;2;64;50;62m[38;2;64;50;62m░[0m[48;2;155;140;153m[38;2;155;140;153m*[0m[48;2;54;43;52m[38;2;54;43;52m▒[0m[48;2;119;105;117m[38;2;119;105;117m#[0m[48;2;160;140;155m[38;2;160;140;155m+[0m[48;2;160;141;155m[38;2;160;141;155m+[0m[48;2;156;139;151m[38;2;156;139;151m*[0m[48;2;38;27;35m[38;2;38;27;35m▓[0m[48;2;26;18;37m[38;2;26;18;37m▓[0m[48;2;188;188;188m[38;2;188;188;188m-[0m                                     
                                          [48;2;49;48;49m[38;2;49;48;49m▒[0m[48;2;92;83;89m[38;2;92;83;89m@[0m[48;2;78;68;76m[38;2;78;68;76m░[0m[48;2;99;89;98m[38;2;99;89;98m%[0m[48;2;160;142;154m[38;2;160;142;154m+[0m[48;2;161;140;155m[38;2;161;140;155m+[0m[48;2;161;140;155m[38;2;161;140;155m+[0m[48;2;160;141;155m[38;2;160;141;155m+[0m[48;2;78;65;76m[38;2;78;65;76m░[0m[48;2;7;0;7m[38;2;7;0;7m█[0m[48;2;60;55;59m[38;2;60;55;59m░[0m[48;2;21;18;20m[38;2;21;18;20m▓[0m[48;2;89;83;89m[38;2;89;83;89m@[0m[48;2;25;20;26m[38;2;25;20;26m▓[0m[48;2;20;14;21m[38;2;20;14;21m█[0m[48;2;8;1;8m[38;2;8;1;8m█[0m[48;2;63;53;62m[38;2;63;53;62m░[0m[48;2;154;136;149m[38;2;154;136;149m*[0m[48;2;160;141;154m[38;2;160;141;154m+[0m[48;2;160;140;154m[38;2;160;140;154m+[0m[48;2;137;120;133m[38;2;137;120;133m#[0m[48;2;11;2;11m[38;2;11;2;11m█[0m[48;2;88;77;87m[38;2;88;77;87m@[0m[48;2;130;118;128m[38;2;130;118;128m#[0m[48;2;25;16;23m[38;2;25;16;23m▓[0m[48;2;99;87;96m[38;2;99;87;96m%[0m[48;2;151;138;148m[38;2;151;138;148m*[0m[48;2;133;119;129m[38;2;133;119;129m#[0m[48;2;125;112;121m[38;2;125;112;121m#[0m[48;2;41;34;40m[38;2;41;34;40m▒[0m[48;2;118;116;120m[38;2;118;116;120m#[0m[48;2;215;214;215m[38;2;215;214;215m:[0m                                    
                                         [48;2;235;235;235m[38;2;235;235;235m.[0m[48;2;30;27;30m[38;2;30;27;30m▓[0m[48;2;152;140;148m[38;2;152;140;148m*[0m[48;2;70;58;67m[38;2;70;58;67m░[0m[48;2;111;100;109m[38;2;111;100;109m%[0m[48;2;160;141;154m[38;2;160;141;154m+[0m[48;2;161;140;155m[38;2;161;140;155m+[0m[48;2;161;140;155m[38;2;161;140;155m+[0m[48;2;160;140;154m[38;2;160;140;154m+[0m[48;2;37;26;33m[38;2;37;26;33m▓[0m[48;2;81;74;79m[38;2;81;74;79m@[0m[48;2;213;205;206m[38;2;213;205;206m:[0m[48;2;71;62;66m[38;2;71;62;66m░[0m[48;2;53;28;107m[38;2;53;28;107m▒[0m[48;2;62;30;133m[38;2;62;30;133m▒[0m[48;2;33;14;73m[38;2;33;14;73m▓[0m[48;2;96;88;91m[38;2;96;88;91m@[0m[48;2;152;143;142m[38;2;152;143;142m*[0m[48;2;110;98;99m[38;2;110;98;99m%[0m[48;2;104;92;93m[38;2;104;92;93m%[0m[48;2;103;91;93m[38;2;103;91;93m%[0m[48;2;87;77;80m[38;2;87;77;80m@[0m[48;2;12;4;19m[38;2;12;4;19m█[0m[48;2;33;13;67m[38;2;33;13;67m▓[0m[48;2;48;28;78m[38;2;48;28;78m▒[0m[48;2;21;12;28m[38;2;21;12;28m█[0m[48;2;23;17;22m[38;2;23;17;22m▓[0m[48;2;19;12;18m[38;2;19;12;18m█[0m[48;2;22;16;21m[38;2;22;16;21m▓[0m[48;2;29;23;27m[38;2;29;23;27m▓[0m[48;2;51;46;51m[38;2;51;46;51m▒[0m[48;2;47;42;48m[38;2;47;42;48m▒[0m[48;2;13;10;14m[38;2;13;10;14m█[0m[48;2;138;136;137m[38;2;138;136;137m*[0m                                   
                                         [48;2;182;181;182m[38;2;182;181;182m=[0m[48;2;62;55;61m[38;2;62;55;61m░[0m[48;2;156;142;151m[38;2;156;142;151m+[0m[48;2;89;77;86m[38;2;89;77;86m@[0m[48;2;88;77;86m[38;2;88;77;86m@[0m[48;2;160;142;155m[38;2;160;142;155m+[0m[48;2;161;140;155m[38;2;161;140;155m+[0m[48;2;161;140;155m[38;2;161;140;155m+[0m[48;2;158;139;153m[38;2;158;139;153m*[0m[48;2;35;24;31m[38;2;35;24;31m▓[0m[48;2;242;232;236m[38;2;242;232;236m.[0m[48;2;249;237;238m[38;2;249;237;238m [0m[48;2;50;39;44m[38;2;50;39;44m▒[0m[48;2;180;151;196m[38;2;180;151;196m=[0m[48;2;150;102;180m[38;2;150;102;180m#[0m[48;2;62;35;83m[38;2;62;35;83m▒[0m[48;2;162;152;151m[38;2;162;152;151m+[0m[48;2;250;237;231m[38;2;250;237;231m [0m[48;2;251;236;231m[38;2;251;236;231m [0m[48;2;251;235;230m[38;2;251;235;230m [0m[48;2;250;235;230m[38;2;250;235;230m [0m[48;2;189;177;176m[38;2;189;177;176m=[0m[48;2;30;17;45m[38;2;30;17;45m▓[0m[48;2;111;75;170m[38;2;111;75;170m%[0m[48;2;77;37;146m[38;2;77;37;146m░[0m[48;2;37;25;44m[38;2;37;25;44m▓[0m[48;2;221;214;213m[38;2;221;214;213m:[0m[48;2;60;53;53m[38;2;60;53;53m░[0m[48;2;142;136;135m[38;2;142;136;135m*[0m[48;2;13;7;10m[38;2;13;7;10m█[0m[48;2;31;26;30m[38;2;31;26;30m▓[0m[48;2;129;126;130m[38;2;129;126;130m#[0m[48;2;237;235;237m[38;2;237;235;237m.[0m                                    
                                         [48;2;177;177;177m[38;2;177;177;177m=[0m[48;2;65;58;63m[38;2;65;58;63m░[0m[48;2;157;142;152m[38;2;157;142;152m+[0m[48;2;147;133;144m[38;2;147;133;144m*[0m[48;2;22;15;22m[38;2;22;15;22m█[0m[48;2;130;115;126m[38;2;130;115;126m#[0m[48;2;160;141;155m[38;2;160;141;155m+[0m[48;2;161;140;155m[38;2;161;140;155m+[0m[48;2;160;140;154m[38;2;160;140;154m+[0m[48;2;40;27;35m[38;2;40;27;35m▓[0m[48;2;213;195;198m[38;2;213;195;198m-[0m[48;2;248;227;226m[38;2;248;227;226m.[0m[48;2;93;79;81m[38;2;93;79;81m@[0m[48;2;141;112;139m[38;2;141;112;139m#[0m[48;2;165;122;161m[38;2;165;122;161m*[0m[48;2;62;47;58m[38;2;62;47;58m▒[0m[48;2;238;227;223m[38;2;238;227;223m.[0m[48;2;250;236;228m[38;2;250;236;228m [0m[48;2;250;235;226m[38;2;250;235;226m [0m[48;2;250;235;226m[38;2;250;235;226m [0m[48;2;250;235;227m[38;2;250;235;227m [0m[48;2;218;203;201m[38;2;218;203;201m:[0m[48;2;51;35;48m[38;2;51;35;48m▒[0m[48;2;215;172;222m[38;2;215;172;222m-[0m[48;2;114;80;124m[38;2;114;80;124m%[0m[48;2;123;111;113m[38;2;123;111;113m#[0m[48;2;247;234;229m[38;2;247;234;229m.[0m[48;2;245;231;227m[38;2;245;231;227m.[0m[48;2;178;165;164m[38;2;178;165;164m=[0m[48;2;58;49;53m[38;2;58;49;53m▒[0m[48;2;66;57;63m[38;2;66;57;63m░[0m[48;2;77;72;77m[38;2;77;72;77m@[0m                                     
                                         [48;2;232;232;232m[38;2;232;232;232m.[0m[48;2;41;37;39m[38;2;41;37;39m▒[0m[48;2;111;99;108m[38;2;111;99;108m%[0m[48;2;82;70;78m[38;2;82;70;78m@[0m[48;2;11;5;10m[38;2;11;5;10m█[0m[48;2;11;5;10m[38;2;11;5;10m█[0m[48;2;78;67;76m[38;2;78;67;76m░[0m[48;2;130;114;125m[38;2;130;114;125m#[0m[48;2;153;138;149m[38;2;153;138;149m*[0m[48;2;106;94;102m[38;2;106;94;102m%[0m[48;2;80;67;71m[38;2;80;67;71m░[0m[48;2;238;223;222m[38;2;238;223;222m.[0m[48;2;235;221;217m[38;2;235;221;217m.[0m[48;2;149;137;134m[38;2;149;137;134m*[0m[48;2;146;134;132m[38;2;146;134;132m*[0m[48;2;230;216;213m[38;2;230;216;213m.[0m[48;2;250;234;229m[38;2;250;234;229m [0m[48;2;247;231;223m[38;2;247;231;223m.[0m[48;2;174;159;151m[38;2;174;159;151m+[0m[48;2;223;208;200m[38;2;223;208;200m:[0m[48;2;250;235;226m[38;2;250;235;226m [0m[48;2;250;234;227m[38;2;250;234;227m [0m[48;2;139;123;122m[38;2;139;123;122m#[0m[48;2;92;74;81m[38;2;92;74;81m@[0m[48;2;109;93;97m[38;2;109;93;97m%[0m[48;2;238;222;217m[38;2;238;222;217m.[0m[48;2;242;211;200m[38;2;242;211;200m:[0m[48;2;244;217;206m[38;2;244;217;206m.[0m[48;2;178;165;164m[38;2;178;165;164m=[0m[48;2;64;55;59m[38;2;64;55;59m░[0m[48;2;144;131;139m[38;2;144;131;139m*[0m[48;2;35;28;33m[38;2;35;28;33m▓[0m                                     
                                          [48;2;72;70;71m[38;2;72;70;71m░[0m[48;2;34;32;33m[38;2;34;32;33m▓[0m[48;2;119;114;116m[38;2;119;114;116m#[0m[48;2;228;219;221m[38;2;228;219;221m.[0m[48;2;174;164;166m[38;2;174;164;166m=[0m[48;2;17;10;11m[38;2;17;10;11m█[0m[48;2;5;1;2m[38;2;5;1;2m█[0m[48;2;18;14;15m[38;2;18;14;15m█[0m[48;2;92;87;88m[38;2;92;87;88m@[0m[48;2;70;65;66m[38;2;70;65;66m░[0m[48;2;78;71;71m[38;2;78;71;71m░[0m[48;2;181;168;166m[38;2;181;168;166m=[0m[48;2;250;237;230m[38;2;250;237;230m [0m[48;2;250;235;227m[38;2;250;235;227m [0m[48;2;250;235;227m[38;2;250;235;227m [0m[48;2;250;235;226m[38;2;250;235;226m [0m[48;2;249;234;225m[38;2;249;234;225m.[0m[48;2;200;185;177m[38;2;200;185;177m-[0m[48;2;227;212;203m[38;2;227;212;203m:[0m[48;2;250;235;226m[38;2;250;235;226m [0m[48;2;250;235;226m[38;2;250;235;226m [0m[48;2;250;235;226m[38;2;250;235;226m [0m[48;2;250;235;227m[38;2;250;235;227m [0m[48;2;250;235;227m[38;2;250;235;227m [0m[48;2;244;224;216m[38;2;244;224;216m.[0m[48;2;241;214;205m[38;2;241;214;205m.[0m[48;2;247;225;219m[38;2;247;225;219m.[0m[48;2;133;122;121m[38;2;133;122;121m#[0m[48;2;37;30;33m[38;2;37;30;33m▓[0m[48;2;33;25;30m[38;2;33;25;30m▓[0m[48;2;186;179;184m[38;2;186;179;184m=[0m                                     
                                         [48;2;166;166;166m[38;2;166;166;166m=[0m[48;2;87;85;86m[38;2;87;85;86m@[0m[48;2;194;192;193m[38;2;194;192;193m-[0m[48;2;78;75;77m[38;2;78;75;77m@[0m[48;2;115;108;110m[38;2;115;108;110m#[0m[48;2;224;214;216m[38;2;224;214;216m:[0m[48;2;113;104;106m[38;2;113;104;106m%[0m[48;2;83;79;81m[38;2;83;79;81m@[0m[48;2;10;7;8m[38;2;10;7;8m█[0m[48;2;76;72;71m[38;2;76;72;71m░[0m[48;2;211;205;204m[38;2;211;205;204m:[0m[48;2;246;236;234m[38;2;246;236;234m [0m[48;2;249;237;233m[38;2;249;237;233m [0m[48;2;251;236;231m[38;2;251;236;231m [0m[48;2;251;236;229m[38;2;251;236;229m [0m[48;2;251;236;229m[38;2;251;236;229m [0m[48;2;250;236;228m[38;2;250;236;228m [0m[48;2;249;235;227m[38;2;249;235;227m [0m[48;2;250;235;226m[38;2;250;235;226m [0m[48;2;250;235;226m[38;2;250;235;226m [0m[48;2;250;235;226m[38;2;250;235;226m [0m[48;2;250;235;226m[38;2;250;235;226m [0m[48;2;250;235;226m[38;2;250;235;226m [0m[48;2;250;235;226m[38;2;250;235;226m [0m[48;2;250;235;226m[38;2;250;235;226m [0m[48;2;251;236;230m[38;2;251;236;230m [0m[48;2;250;235;232m[38;2;250;235;232m [0m[48;2;185;171;170m[38;2;185;171;170m=[0m[48;2;47;38;41m[38;2;47;38;41m▒[0m[48;2;95;90;93m[38;2;95;90;93m%[0m[48;2;56;53;54m[38;2;56;53;54m▒[0m                                      
                                         [48;2;118;117;117m[38;2;118;117;117m#[0m[48;2;118;116;118m[38;2;118;116;118m#[0m[48;2;202;201;204m[38;2;202;201;204m:[0m[48;2;144;143;146m[38;2;144;143;146m*[0m[48;2;2;1;4m[38;2;2;1;4m█[0m[48;2;13;9;13m[38;2;13;9;13m█[0m[48;2;34;29;33m[38;2;34;29;33m▓[0m[48;2;114;111;114m[38;2;114;111;114m#[0m[48;2;136;134;135m[38;2;136;134;135m*[0m[48;2;39;37;38m[38;2;39;37;38m▒[0m[48;2;52;50;51m[38;2;52;50;51m▒[0m[48;2;25;23;23m[38;2;25;23;23m▓[0m[48;2;49;44;46m[38;2;49;44;46m▒[0m[48;2;75;69;69m[38;2;75;69;69m░[0m[48;2;99;92;94m[38;2;99;92;94m%[0m[48;2;116;110;111m[38;2;116;110;111m#[0m[48;2;134;127;127m[38;2;134;127;127m*[0m[48;2;150;143;142m[38;2;150;143;142m*[0m[48;2;167;157;154m[38;2;167;157;154m+[0m[48;2;177;165;163m[38;2;177;165;163m=[0m[48;2;185;173;170m[38;2;185;173;170m=[0m[48;2;186;174;171m[38;2;186;174;171m=[0m[48;2;180;169;166m[38;2;180;169;166m=[0m[48;2;168;157;155m[38;2;168;157;155m+[0m[48;2;148;138;135m[38;2;148;138;135m*[0m[48;2;114;106;105m[38;2;114;106;105m%[0m[48;2;60;51;59m[38;2;60;51;59m▒[0m[48;2;20;14;22m[38;2;20;14;22m█[0m[48;2;16;10;18m[38;2;16;10;18m█[0m[48;2;28;25;30m[38;2;28;25;30m▓[0m[48;2;215;212;216m[38;2;215;212;216m:[0m                                      
                                       [48;2;163;163;163m[38;2;163;163;163m+[0m[48;2;71;67;69m[38;2;71;67;69m░[0m[48;2;49;42;48m[38;2;49;42;48m▒[0m[48;2;102;99;104m[38;2;102;99;104m%[0m[48;2;202;201;204m[38;2;202;201;204m:[0m[48;2;136;135;138m[38;2;136;135;138m*[0m[48;2;2;2;4m[38;2;2;2;4m█[0m[48;2;10;8;12m[38;2;10;8;12m█[0m[48;2;6;4;9m[38;2;6;4;9m█[0m[48;2;120;117;121m[38;2;120;117;121m#[0m [48;2;41;39;41m[38;2;41;39;41m▒[0m[48;2;9;7;9m[38;2;9;7;9m█[0m[48;2;15;13;16m[38;2;15;13;16m█[0m[48;2;2;1;5m[38;2;2;1;5m█[0m[48;2;3;2;7m[38;2;3;2;7m█[0m[48;2;20;18;24m[38;2;20;18;24m▓[0m[48;2;31;29;39m[38;2;31;29;39m▓[0m[48;2;27;24;35m[38;2;27;24;35m▓[0m[48;2;24;20;28m[38;2;24;20;28m▓[0m[48;2;113;107;112m[38;2;113;107;112m%[0m[48;2;61;56;57m[38;2;61;56;57m░[0m[48;2;21;16;16m[38;2;21;16;16m█[0m[48;2;63;58;58m[38;2;63;58;58m░[0m[48;2;73;67;68m[38;2;73;67;68m░[0m[48;2;12;8;9m[38;2;12;8;9m█[0m[48;2;7;5;7m[38;2;7;5;7m█[0m[48;2;5;3;6m[38;2;5;3;6m█[0m[48;2;33;29;42m[38;2;33;29;42m▓[0m[48;2;29;24;39m[38;2;29;24;39m▓[0m[48;2;6;3;14m[38;2;6;3;14m█[0m[48;2;54;51;57m[38;2;54;51;57m▒[0m                                       
                                     [48;2;226;225;226m[38;2;226;225;226m.[0m[48;2;74;72;76m[38;2;74;72;76m░[0m[48;2;91;84;91m[38;2;91;84;91m@[0m[48;2;152;135;147m[38;2;152;135;147m*[0m[48;2;142;124;136m[38;2;142;124;136m*[0m[48;2;42;37;43m[38;2;42;37;43m▒[0m[48;2;193;191;196m[38;2;193;191;196m-[0m[48;2;190;188;192m[38;2;190;188;192m-[0m[48;2;24;22;26m[38;2;24;22;26m▓[0m[48;2;9;7;12m[38;2;9;7;12m█[0m[48;2;13;11;17m[38;2;13;11;17m█[0m[48;2;205;203;208m[38;2;205;203;208m:[0m[48;2;225;222;227m[38;2;225;222;227m.[0m[48;2;25;22;26m[38;2;25;22;26m▓[0m[48;2;13;11;14m[38;2;13;11;14m█[0m[48;2;24;22;31m[38;2;24;22;31m▓[0m[48;2;26;22;38m[38;2;26;22;38m▓[0m[48;2;28;24;35m[38;2;28;24;35m▓[0m[48;2;22;19;28m[38;2;22;19;28m▓[0m[48;2;7;4;13m[38;2;7;4;13m█[0m[48;2;45;41;51m[38;2;45;41;51m▒[0m[48;2;16;12;21m[38;2;16;12;21m█[0m[48;2;6;3;8m[38;2;6;3;8m█[0m[48;2;55;51;56m[38;2;55;51;56m▒[0m[48;2;180;174;179m[38;2;180;174;179m=[0m[48;2;80;75;77m[38;2;80;75;77m@[0m[48;2;47;42;44m[38;2;47;42;44m▒[0m[48;2;20;16;17m[38;2;20;16;17m█[0m[48;2;77;72;67m[38;2;77;72;67m░[0m[48;2;8;5;9m[38;2;8;5;9m█[0m[48;2;32;28;41m[38;2;32;28;41m▓[0m[48;2;22;18;31m[38;2;22;18;31m▓[0m[48;2;165;161;169m[38;2;165;161;169m+[0m[48;2;241;238;242m[38;2;241;238;242m [0m                                       
                                    [48;2;236;236;236m[38;2;236;236;236m.[0m[48;2;48;45;47m[38;2;48;45;47m▒[0m[48;2;128;115;124m[38;2;128;115;124m#[0m[48;2;156;141;151m[38;2;156;141;151m+[0m[48;2;157;138;151m[38;2;157;138;151m*[0m[48;2;144;128;138m[38;2;144;128;138m*[0m[48;2;55;48;56m[38;2;55;48;56m▒[0m[48;2;54;51;57m[38;2;54;51;57m▒[0m[48;2;159;156;162m[38;2;159;156;162m+[0m[48;2;110;107;111m[38;2;110;107;111m%[0m[48;2;15;12;17m[38;2;15;12;17m█[0m[48;2;140;139;143m[38;2;140;139;143m*[0m[48;2;156;153;159m[38;2;156;153;159m+[0m[48;2;43;40;47m[38;2;43;40;47m▒[0m[48;2;26;22;34m[38;2;26;22;34m▓[0m[48;2;17;14;23m[38;2;17;14;23m█[0m[48;2;18;14;27m[38;2;18;14;27m█[0m[48;2;36;30;50m[38;2;36;30;50m▓[0m[48;2;36;31;50m[38;2;36;31;50m▓[0m[48;2;37;31;49m[38;2;37;31;49m▓[0m[48;2;25;20;36m[38;2;25;20;36m▓[0m[48;2;15;12;24m[38;2;15;12;24m█[0m[48;2;70;65;62m[38;2;70;65;62m░[0m[48;2;43;38;30m[38;2;43;38;30m▒[0m[48;2;16;10;12m[38;2;16;10;12m█[0m[48;2;6;1;4m[38;2;6;1;4m█[0m[48;2;10;3;6m[38;2;10;3;6m█[0m[48;2;78;71;67m[38;2;78;71;67m░[0m[48;2;37;29;29m[38;2;37;29;29m▓[0m[48;2;132;125;109m[38;2;132;125;109m#[0m[48;2;7;4;7m[38;2;7;4;7m█[0m[48;2;22;20;27m[38;2;22;20;27m▓[0m[48;2;180;179;184m[38;2;180;179;184m=[0m                                         
                                    [48;2;140;139;140m[38;2;140;139;140m*[0m[48;2;82;74;78m[38;2;82;74;78m@[0m[48;2;158;141;152m[38;2;158;141;152m+[0m[48;2;159;141;152m[38;2;159;141;152m+[0m[48;2;114;99;109m[38;2;114;99;109m%[0m[48;2;71;63;70m[38;2;71;63;70m░[0m[48;2;187;184;189m[38;2;187;184;189m-[0m[48;2;135;133;137m[38;2;135;133;137m*[0m[48;2;22;18;22m[38;2;22;18;22m▓[0m[48;2;60;53;58m[38;2;60;53;58m░[0m[48;2;42;35;41m[38;2;42;35;41m▒[0m[48;2;31;26;30m[38;2;31;26;30m▓[0m[48;2;8;6;10m[38;2;8;6;10m█[0m[48;2;14;11;21m[38;2;14;11;21m█[0m[48;2;17;13;28m[38;2;17;13;28m█[0m[48;2;24;19;36m[38;2;24;19;36m▓[0m[48;2;35;30;48m[38;2;35;30;48m▓[0m[48;2;37;31;51m[38;2;37;31;51m▓[0m[48;2;37;31;52m[38;2;37;31;52m▓[0m[48;2;37;31;52m[38;2;37;31;52m▓[0m[48;2;36;30;51m[38;2;36;30;51m▓[0m[48;2;26;21;39m[38;2;26;21;39m▓[0m[48;2;90;82;73m[38;2;90;82;73m@[0m[48;2;224;210;163m[38;2;224;210;163m:[0m[48;2;194;178;136m[38;2;194;178;136m=[0m[48;2;132;117;85m[38;2;132;117;85m#[0m[48;2;172;156;121m[38;2;172;156;121m+[0m[48;2;222;207;161m[38;2;222;207;161m:[0m[48;2;53;46;37m[38;2;53;46;37m▒[0m[48;2;47;42;43m[38;2;47;42;43m▒[0m[48;2;18;14;23m[38;2;18;14;23m█[0m[48;2;116;115;120m[38;2;116;115;120m#[0m                                          
                                    [48;2;134;133;134m[38;2;134;133;134m*[0m[48;2;89;79;85m[38;2;89;79;85m@[0m[48;2;159;141;153m[38;2;159;141;153m+[0m[48;2;155;137;148m[38;2;155;137;148m*[0m[48;2;41;28;37m[38;2;41;28;37m▓[0m[48;2;160;154;160m[38;2;160;154;160m+[0m[48;2;43;40;45m[38;2;43;40;45m▒[0m[48;2;76;70;76m[38;2;76;70;76m░[0m[48;2;147;135;144m[38;2;147;135;144m*[0m[48;2;160;143;153m[38;2;160;143;153m+[0m[48;2;161;143;153m[38;2;161;143;153m+[0m[48;2;157;143;152m[38;2;157;143;152m+[0m[48;2;26;22;26m[38;2;26;22;26m▓[0m[48;2;35;30;44m[38;2;35;30;44m▓[0m[48;2;37;31;52m[38;2;37;31;52m▓[0m[48;2;37;31;52m[38;2;37;31;52m▓[0m[48;2;37;31;52m[38;2;37;31;52m▓[0m[48;2;37;31;52m[38;2;37;31;52m▓[0m[48;2;37;31;52m[38;2;37;31;52m▓[0m[48;2;37;31;50m[38;2;37;31;50m▓[0m[48;2;28;24;39m[38;2;28;24;39m▓[0m[48;2;12;8;20m[38;2;12;8;20m█[0m[48;2;25;20;25m[38;2;25;20;25m▓[0m[48;2;87;78;71m[38;2;87;78;71m@[0m[48;2;152;142;116m[38;2;152;142;116m*[0m[48;2;205;191;153m[38;2;205;191;153m-[0m[48;2;188;174;140m[38;2;188;174;140m=[0m[48;2;85;71;63m[38;2;85;71;63m@[0m[48;2;17;11;12m[38;2;17;11;12m█[0m[48;2;4;1;6m[38;2;4;1;6m█[0m[48;2;21;18;24m[38;2;21;18;24m▓[0m[48;2;7;5;10m[38;2;7;5;10m█[0m[48;2;112;111;115m[38;2;112;111;115m#[0m[48;2;178;177;179m[38;2;178;177;179m=[0m[48;2;212;212;212m[38;2;212;212;212m:[0m                                       
                                    [48;2;232;231;232m[38;2;232;231;232m.[0m[48;2;63;57;60m[38;2;63;57;60m░[0m[48;2;113;100;109m[38;2;113;100;109m%[0m[48;2;155;140;151m[38;2;155;140;151m*[0m[48;2;71;59;68m[38;2;71;59;68m░[0m[48;2;17;9;15m[38;2;17;9;15m█[0m[48;2;52;45;51m[38;2;52;45;51m▒[0m[48;2;100;91;98m[38;2;100;91;98m%[0m[48;2;132;120;129m[38;2;132;120;129m#[0m[48;2;117;104;113m[38;2;117;104;113m%[0m[48;2;71;59;68m[38;2;71;59;68m░[0m[48;2;85;77;85m[38;2;85;77;85m@[0m[48;2;12;8;14m[38;2;12;8;14m█[0m[48;2;33;28;43m[38;2;33;28;43m▓[0m[48;2;37;31;52m[38;2;37;31;52m▓[0m[48;2;37;31;52m[38;2;37;31;52m▓[0m[48;2;36;30;51m[38;2;36;30;51m▓[0m[48;2;34;28;47m[38;2;34;28;47m▓[0m[48;2;15;11;24m[38;2;15;11;24m█[0m[48;2;9;6;15m[38;2;9;6;15m█[0m[48;2;17;15;19m[38;2;17;15;19m█[0m[48;2;51;48;52m[38;2;51;48;52m▒[0m[48;2;10;7;11m[38;2;10;7;11m█[0m[48;2;73;71;73m[38;2;73;71;73m░[0m[48;2;47;45;46m[38;2;47;45;46m▒[0m[48;2;24;22;22m[38;2;24;22;22m▓[0m[48;2;14;11;13m[38;2;14;11;13m█[0m[48;2;17;13;21m[38;2;17;13;21m█[0m[48;2;39;37;41m[38;2;39;37;41m▒[0m[48;2;5;3;7m[38;2;5;3;7m█[0m[48;2;33;31;35m[38;2;33;31;35m▓[0m[48;2;47;46;50m[38;2;47;46;50m▒[0m[48;2;35;34;39m[38;2;35;34;39m▓[0m[48;2;34;34;38m[38;2;34;34;38m▓[0m[48;2;27;26;30m[38;2;27;26;30m▓[0m                                       
                                      [48;2;128;126;128m[38;2;128;126;128m#[0m[48;2;37;30;35m[38;2;37;30;35m▓[0m[48;2;82;71;79m[38;2;82;71;79m@[0m[48;2;102;91;99m[38;2;102;91;99m%[0m[48;2;96;86;94m[38;2;96;86;94m@[0m[48;2;77;67;76m[38;2;77;67;76m░[0m[48;2;54;46;53m[38;2;54;46;53m▒[0m[48;2;24;17;24m[38;2;24;17;24m▓[0m[48;2;6;1;7m[38;2;6;1;7m█[0m[48;2;20;18;23m[38;2;20;18;23m▓[0m[48;2;12;9;14m[38;2;12;9;14m█[0m[48;2;9;6;14m[38;2;9;6;14m█[0m[48;2;24;20;33m[38;2;24;20;33m▓[0m[48;2;27;22;37m[38;2;27;22;37m▓[0m[48;2;26;21;37m[38;2;26;21;37m▓[0m[48;2;9;6;16m[38;2;9;6;16m█[0m[48;2;4;2;5m[38;2;4;2;5m█[0m[48;2;36;33;37m[38;2;36;33;37m▓[0m[48;2;59;56;60m[38;2;59;56;60m░[0m[48;2;8;5;11m[38;2;8;5;11m█[0m[48;2;16;13;19m[38;2;16;13;19m█[0m[48;2;103;101;106m[38;2;103;101;106m%[0m[48;2;103;100;103m[38;2;103;100;103m%[0m[48;2;85;83;85m[38;2;85;83;85m@[0m[48;2;76;73;76m[38;2;76;73;76m@[0m[48;2;72;68;80m[38;2;72;68;80m░[0m[48;2;20;16;31m[38;2;20;16;31m▓[0m[48;2;26;18;57m[38;2;26;18;57m▓[0m[48;2;9;6;18m[38;2;9;6;18m█[0m[48;2;27;23;33m[38;2;27;23;33m▓[0m[48;2;34;30;46m[38;2;34;30;46m▓[0m[48;2;34;29;47m[38;2;34;29;47m▓[0m[48;2;22;18;32m[38;2;22;18;32m▓[0m[48;2;57;55;61m[38;2;57;55;61m░[0m[48;2;173;172;175m[38;2;173;172;175m=[0m                                     
                                       [48;2;82;80;81m[38;2;82;80;81m@[0m[48;2;71;64;69m[38;2;71;64;69m░[0m[48;2;109;97;105m[38;2;109;97;105m%[0m[48;2;116;102;112m[38;2;116;102;112m%[0m[48;2;116;102;112m[38;2;116;102;112m%[0m[48;2;119;106;115m[38;2;119;106;115m#[0m[48;2;128;115;125m[38;2;128;115;125m#[0m[48;2;126;114;123m[38;2;126;114;123m#[0m[48;2;118;106;115m[38;2;118;106;115m#[0m[48;2;112;101;110m[38;2;112;101;110m%[0m[48;2;109;98;107m[38;2;109;98;107m%[0m[48;2;107;96;105m[38;2;107;96;105m%[0m[48;2;105;94;103m[38;2;105;94;103m%[0m[48;2;104;93;102m[38;2;104;93;102m%[0m[48;2;99;89;97m[38;2;99;89;97m%[0m[48;2;67;61;67m[38;2;67;61;67m░[0m[48;2;25;21;26m[38;2;25;21;26m▓[0m[48;2;12;8;15m[38;2;12;8;15m█[0m[48;2;27;21;35m[38;2;27;21;35m▓[0m[48;2;35;29;44m[38;2;35;29;44m▓[0m[48;2;26;22;33m[38;2;26;22;33m▓[0m[48;2;211;208;214m[38;2;211;208;214m:[0m [48;2;165;162;166m[38;2;165;162;166m+[0m[48;2;39;33;52m[38;2;39;33;52m▒[0m[48;2;37;29;60m[38;2;37;29;60m▓[0m[48;2;16;12;26m[38;2;16;12;26m█[0m[48;2;13;9;22m[38;2;13;9;22m█[0m[48;2;5;4;10m[38;2;5;4;10m█[0m[48;2;32;28;44m[38;2;32;28;44m▓[0m[48;2;37;31;52m[38;2;37;31;52m▓[0m[48;2;37;31;52m[38;2;37;31;52m▓[0m[48;2;35;30;49m[38;2;35;30;49m▓[0m[48;2;24;19;33m[38;2;24;19;33m▓[0m[48;2;55;53;59m[38;2;55;53;59m▒[0m[48;2;185;185;186m[38;2;185;185;186m-[0m                                   
                                        [48;2;184;183;184m[38;2;184;183;184m-[0m[48;2;119;116;118m[38;2;119;116;118m#[0m[48;2;90;84;89m[38;2;90;84;89m@[0m[48;2;86;80;85m[38;2;86;80;85m@[0m[48;2;92;85;90m[38;2;92;85;90m@[0m[48;2;77;71;76m[38;2;77;71;76m@[0m[48;2;73;66;72m[38;2;73;66;72m░[0m[48;2;75;68;73m[38;2;75;68;73m░[0m[48;2;75;68;73m[38;2;75;68;73m░[0m[48;2;70;63;70m[38;2;70;63;70m░[0m[48;2;63;56;65m[38;2;63;56;65m░[0m[48;2;53;45;55m[38;2;53;45;55m▒[0m[48;2;31;23;35m[38;2;31;23;35m▓[0m[48;2;23;16;28m[38;2;23;16;28m▓[0m[48;2;24;17;32m[38;2;24;17;32m▓[0m[48;2;33;27;44m[38;2;33;27;44m▓[0m[48;2;37;32;51m[38;2;37;32;51m▓[0m[48;2;37;31;52m[38;2;37;31;52m▓[0m[48;2;37;31;52m[38;2;37;31;52m▓[0m[48;2;29;24;43m[38;2;29;24;43m▓[0m[48;2;47;43;55m[38;2;47;43;55m▒[0m[48;2;225;222;228m[38;2;225;222;228m.[0m [48;2;235;234;237m[38;2;235;234;237m.[0m[48;2;169;168;170m[38;2;169;168;170m=[0m[48;2;50;48;56m[38;2;50;48;56m▒[0m[48;2;57;54;66m[38;2;57;54;66m░[0m[48;2;21;21;24m[38;2;21;21;24m▓[0m[48;2;7;6;16m[38;2;7;6;16m█[0m[48;2;32;28;45m[38;2;32;28;45m▓[0m[48;2;37;31;51m[38;2;37;31;51m▓[0m[48;2;37;31;52m[38;2;37;31;52m▓[0m[48;2;37;31;52m[38;2;37;31;52m▓[0m[48;2;35;29;48m[38;2;35;29;48m▓[0m[48;2;21;17;31m[38;2;21;17;31m▓[0m[48;2;88;86;93m[38;2;88;86;93m@[0m[48;2;233;233;234m[38;2;233;233;234m.[0m                                 
                                               [48;2;240;240;240m[38;2;240;240;240m [0m[48;2;121;121;121m[38;2;121;121;121m#[0m[48;2;20;18;27m[38;2;20;18;27m▓[0m[48;2;35;29;48m[38;2;35;29;48m▓[0m[48;2;35;29;50m[38;2;35;29;50m▓[0m[48;2;36;30;51m[38;2;36;30;51m▓[0m[48;2;37;31;52m[38;2;37;31;52m▓[0m[48;2;36;30;51m[38;2;36;30;51m▓[0m[48;2;37;31;52m[38;2;37;31;52m▓[0m[48;2;37;31;52m[38;2;37;31;52m▓[0m[48;2;37;31;52m[38;2;37;31;52m▓[0m[48;2;37;31;52m[38;2;37;31;52m▓[0m[48;2;37;31;52m[38;2;37;31;52m▓[0m[48;2;28;22;41m[38;2;28;22;41m▓[0m[48;2;53;49;59m[38;2;53;49;59m▒[0m[48;2;224;223;225m[38;2;224;223;225m.[0m  [48;2;237;237;237m[38;2;237;237;237m.[0m[48;2;236;235;236m[38;2;236;235;236m.[0m[48;2;119;118;121m[38;2;119;118;121m#[0m[48;2;24;16;68m[38;2;24;16;68m▓[0m[48;2;13;7;45m[38;2;13;7;45m█[0m[48;2;31;26;44m[38;2;31;26;44m▓[0m[48;2;37;31;52m[38;2;37;31;52m▓[0m[48;2;37;31;52m[38;2;37;31;52m▓[0m[48;2;37;31;52m[38;2;37;31;52m▓[0m[48;2;37;31;51m[38;2;37;31;51m▓[0m[48;2;29;25;39m[38;2;29;25;39m▓[0m[48;2;39;38;43m[38;2;39;38;43m▒[0m[48;2;217;217;217m[38;2;217;217;217m:[0m                                