                                                                                                              
                                                                                                              
                                                                                                              
                                                                                                              
                                                                                                              
                                                                                                              
                                                                                                              
                                                                                                              
                                                                                                              
                                                                                                              
                                                                                                              
                                                                                                              
                                                                                                              
                                                   [48;2;180;180;180m[38;2;180;180;180m=[0m[48;2;128;128;129m[38;2;128;128;129m*[0m[48;2;94;94;97m[38;2;94;94;97m%[0m[48;2;69;67;72m[38;2;69;67;72m░[0m[48;2;54;53;58m[38;2;54;53;58m▒[0m[48;2;44;43;50m[38;2;44;43;50m▒[0m[48;2;45;44;51m[38;2;45;44;51m▒[0m[48;2;53;52;59m[38;2;53;52;59m▒[0m[48;2;68;67;74m[38;2;68;67;74m░[0m[48;2;95;94;101m[38;2;95;94;101m%[0m[48;2;145;144;148m[38;2;145;144;148m*[0m[48;2;204;204;205m[38;2;204;204;205m:[0m                                               
                                                 [48;2;160;160;161m[38;2;160;160;161m+[0m[48;2;32;31;38m[38;2;32;31;38m▓[0m[48;2;29;27;40m[38;2;29;27;40m▓[0m[48;2;39;37;52m[38;2;39;37;52m▒[0m[48;2;42;42;58m[38;2;42;42;58m▒[0m[48;2;43;43;59m[38;2;43;43;59m▒[0m[48;2;43;42;59m[38;2;43;42;59m▒[0m[48;2;42;42;59m[38;2;42;42;59m▒[0m[48;2;42;42;59m[38;2;42;42;59m▒[0m[48;2;42;42;59m[38;2;42;42;59m▒[0m[48;2;42;42;59m[38;2;42;42;59m▒[0m[48;2;41;41;57m[38;2;41;41;57m▒[0m[48;2;35;35;51m[38;2;35;35;51m▒[0m[48;2;25;23;38m[38;2;25;23;38m▓[0m[48;2;44;43;52m[38;2;44;43;52m▒[0m[48;2;133;132;136m[38;2;133;132;136m*[0m[48;2;237;237;239m[38;2;237;237;239m.[0m                                            
                                                [48;2;95;94;99m[38;2;95;94;99m%[0m[48;2;24;22;32m[38;2;24;22;32m▓[0m[48;2;42;42;57m[38;2;42;42;57m▒[0m[48;2;42;42;60m[38;2;42;42;60m▒[0m[48;2;41;42;60m[38;2;41;42;60m▒[0m[48;2;40;44;59m[38;2;40;44;59m▒[0m[48;2;40;44;59m[38;2;40;44;59m▒[0m[48;2;40;44;59m[38;2;40;44;59m▒[0m[48;2;40;44;59m[38;2;40;44;59m▒[0m[48;2;40;44;59m[38;2;40;44;59m▒[0m[48;2;40;44;59m[38;2;40;44;59m▒[0m[48;2;40;44;59m[38;2;40;44;59m▒[0m[48;2;40;44;59m[38;2;40;44;59m▒[0m[48;2;40;44;59m[38;2;40;44;59m▒[0m[48;2;41;42;60m[38;2;41;42;60m▒[0m[48;2;42;42;60m[38;2;42;42;60m▒[0m[48;2;34;32;47m[38;2;34;32;47m▓[0m[48;2;26;25;31m[38;2;26;25;31m▓[0m[48;2;88;87;90m[38;2;88;87;90m@[0m[48;2;187;187;188m[38;2;187;187;188m-[0m                                          
                                              [48;2;188;188;189m[38;2;188;188;189m-[0m[48;2;82;81;86m[38;2;82;81;86m@[0m[48;2;27;26;36m[38;2;27;26;36m▓[0m[48;2;43;43;58m[38;2;43;43;58m▒[0m[48;2;40;44;59m[38;2;40;44;59m▒[0m[48;2;40;44;59m[38;2;40;44;59m▒[0m[48;2;40;44;59m[38;2;40;44;59m▒[0m[48;2;40;44;59m[38;2;40;44;59m▒[0m[48;2;40;44;59m[38;2;40;44;59m▒[0m[48;2;40;44;59m[38;2;40;44;59m▒[0m[48;2;40;44;59m[38;2;40;44;59m▒[0m[48;2;40;44;59m[38;2;40;44;59m▒[0m[48;2;40;44;59m[38;2;40;44;59m▒[0m[48;2;40;44;59m[38;2;40;44;59m▒[0m[48;2;40;44;59m[38;2;40;44;59m▒[0m[48;2;40;44;59m[38;2;40;44;59m▒[0m[48;2;40;44;59m[38;2;40;44;59m▒[0m[48;2;40;44;58m[38;2;40;44;58m▒[0m[48;2;42;43;57m[38;2;42;43;57m▒[0m[48;2;76;75;81m[38;2;76;75;81m@[0m[48;2;9;8;11m[38;2;9;8;11m█[0m[48;2;55;52;57m[38;2;55;52;57m▒[0m[48;2;103;101;104m[38;2;103;101;104m%[0m                                         
                                             [48;2;143;143;143m[38;2;143;143;143m*[0m[48;2;3;2;6m[38;2;3;2;6m█[0m[48;2;22;21;30m[38;2;22;21;30m▓[0m[48;2;43;43;58m[38;2;43;43;58m▒[0m[48;2;41;43;59m[38;2;41;43;59m▒[0m[48;2;40;44;59m[38;2;40;44;59m▒[0m[48;2;40;44;59m[38;2;40;44;59m▒[0m[48;2;40;44;59m[38;2;40;44;59m▒[0m[48;2;40;44;59m[38;2;40;44;59m▒[0m[48;2;40;44;59m[38;2;40;44;59m▒[0m[48;2;40;44;59m[38;2;40;44;59m▒[0m[48;2;40;44;59m[38;2;40;44;59m▒[0m[48;2;40;44;59m[38;2;40;44;59m▒[0m[48;2;40;44;59m[38;2;40;44;59m▒[0m[48;2;40;44;59m[38;2;40;44;59m▒[0m[48;2;40;44;59m[38;2;40;44;59m▒[0m[48;2;40;44;59m[38;2;40;44;59m▒[0m[48;2;40;44;59m[38;2;40;44;59m▒[0m[48;2;40;44;58m[38;2;40;44;58m▒[0m[48;2;55;57;70m[38;2;55;57;70m░[0m[48;2;68;66;77m[38;2;68;66;77m░[0m[48;2;18;14;23m[38;2;18;14;23m█[0m[48;2;108;100;108m[38;2;108;100;108m%[0m[48;2;93;85;92m[38;2;93;85;92m@[0m[48;2;94;90;93m[38;2;94;90;93m%[0m                                        
                                             [48;2;40;40;40m[38;2;40;40;40m▒[0m[48;2;8;7;11m[38;2;8;7;11m█[0m[48;2;43;42;54m[38;2;43;42;54m▒[0m[48;2;41;43;58m[38;2;41;43;58m▒[0m[48;2;40;44;59m[38;2;40;44;59m▒[0m[48;2;40;44;59m[38;2;40;44;59m▒[0m[48;2;40;44;59m[38;2;40;44;59m▒[0m[48;2;40;44;59m[38;2;40;44;59m▒[0m[48;2;40;44;59m[38;2;40;44;59m▒[0m[48;2;40;44;59m[38;2;40;44;59m▒[0m[48;2;40;44;59m[38;2;40;44;59m▒[0m[48;2;40;44;59m[38;2;40;44;59m▒[0m[48;2;40;44;59m[38;2;40;44;59m▒[0m[48;2;40;44;59m[38;2;40;44;59m▒[0m[48;2;40;44;59m[38;2;40;44;59m▒[0m[48;2;40;44;59m[38;2;40;44;59m▒[0m[48;2;40;44;59m[38;2;40;44;59m▒[0m[48;2;40;44;59m[38;2;40;44;59m▒[0m[48;2;42;46;61m[38;2;42;46;61m▒[0m[48;2;58;59;73m[38;2;58;59;73m░[0m[48;2;42;39;54m[38;2;42;39;54m▒[0m[48;2;18;13;24m[38;2;18;13;24m█[0m[48;2;109;98;109m[38;2;109;98;109m%[0m[48;2;99;87;97m[38;2;99;87;97m%[0m[48;2;61;53;59m[38;2;61;53;59m░[0m[48;2;168;167;167m[38;2;168;167;167m=[0m                                       
                                           [48;2;229;228;229m[38;2;229;228;229m.[0m[48;2;54;53;56m[38;2;54;53;56m▒[0m[48;2;37;33;38m[38;2;37;33;38m▓[0m[48;2;24;20;27m[38;2;24;20;27m▓[0m[48;2;42;43;58m[38;2;42;43;58m▒[0m[48;2;40;44;59m[38;2;40;44;59m▒[0m[48;2;40;44;59m[38;2;40;44;59m▒[0m[48;2;40;44;59m[38;2;40;44;59m▒[0m[48;2;40;44;59m[38;2;40;44;59m▒[0m[48;2;40;44;59m[38;2;40;44;59m▒[0m[48;2;40;44;59m[38;2;40;44;59m▒[0m[48;2;40;44;59m[38;2;40;44;59m▒[0m[48;2;40;44;59m[38;2;40;44;59m▒[0m[48;2;40;44;59m[38;2;40;44;59m▒[0m[48;2;40;44;59m[38;2;40;44;59m▒[0m[48;2;40;44;59m[38;2;40;44;59m▒[0m[48;2;40;44;59m[38;2;40;44;59m▒[0m[48;2;40;44;59m[38;2;40;44;59m▒[0m[48;2;41;43;59m[38;2;41;43;59m▒[0m[48;2;43;43;61m[38;2;43;43;61m▒[0m[48;2;75;74;89m[38;2;75;74;89m@[0m[48;2;50;50;61m[38;2;50;50;61m▒[0m[48;2;22;17;29m[38;2;22;17;29m▓[0m[48;2;99;90;101m[38;2;99;90;101m%[0m[48;2;123;114;123m[38;2;123;114;123m#[0m[48;2;14;6;13m[38;2;14;6;13m█[0m[48;2;110;100;107m[38;2;110;100;107m%[0m[48;2;69;67;68m[38;2;69;67;68m░[0m                                       
                                          [48;2;237;237;237m[38;2;237;237;237m.[0m[48;2;48;46;49m[38;2;48;46;49m▒[0m[48;2;93;86;93m[38;2;93;86;93m@[0m[48;2;89;79;87m[38;2;89;79;87m@[0m[48;2;29;23;33m[38;2;29;23;33m▓[0m[48;2;41;43;59m[38;2;41;43;59m▒[0m[48;2;40;44;59m[38;2;40;44;59m▒[0m[48;2;40;44;59m[38;2;40;44;59m▒[0m[48;2;40;44;59m[38;2;40;44;59m▒[0m[48;2;40;44;59m[38;2;40;44;59m▒[0m[48;2;40;44;59m[38;2;40;44;59m▒[0m[48;2;40;44;59m[38;2;40;44;59m▒[0m[48;2;40;44;59m[38;2;40;44;59m▒[0m[48;2;40;44;59m[38;2;40;44;59m▒[0m[48;2;40;44;59m[38;2;40;44;59m▒[0m[48;2;40;44;59m[38;2;40;44;59m▒[0m[48;2;40;44;59m[38;2;40;44;59m▒[0m[48;2;41;43;59m[38;2;41;43;59m▒[0m[48;2;43;43;59m[38;2;43;43;59m▒[0m[48;2;54;52;67m[38;2;54;52;67m▒[0m[48;2;77;75;87m[38;2;77;75;87m@[0m[48;2;43;39;50m[38;2;43;39;50m▒[0m[48;2;29;23;34m[38;2;29;23;34m▓[0m[48;2;114;101;114m[38;2;114;101;114m%[0m[48;2;159;141;155m[38;2;159;141;155m+[0m[48;2;159;141;155m[38;2;159;141;155m+[0m[48;2;79;67;76m[38;2;79;67;76m░[0m[48;2;86;79;88m[38;2;86;79;88m@[0m[48;2;29;28;29m[38;2;29;28;29m▓[0m                                       
                                          [48;2;94;94;95m[38;2;94;94;95m%[0m[48;2;79;72;79m[38;2;79;72;79m@[0m[48;2;158;142;154m[38;2;158;142;154m+[0m[48;2;113;98;110m[38;2;113;98;110m%[0m[48;2;23;16;26m[38;2;23;16;26m▓[0m[48;2;42;43;58m[38;2;42;43;58m▒[0m[48;2;40;44;59m[38;2;40;44;59m▒[0m[48;2;40;44;59m[38;2;40;44;59m▒[0m[48;2;40;44;59m[38;2;40;44;59m▒[0m[48;2;40;44;59m[38;2;40;44;59m▒[0m[48;2;40;44;59m[38;2;40;44;59m▒[0m[48;2;40;44;59m[38;2;40;44;59m▒[0m[48;2;41;43;59m[38;2;41;43;59m▒[0m[48;2;40;44;59m[38;2;40;44;59m▒[0m[48;2;40;44;59m[38;2;40;44;59m▒[0m[48;2;41;43;59m[38;2;41;43;59m▒[0m[48;2;43;43;57m[38;2;43;43;57m▒[0m[48;2;54;51;66m[38;2;54;51;66m▒[0m[48;2;72;68;81m[38;2;72;68;81m░[0m[48;2;57;53;64m[38;2;57;53;64m░[0m[48;2;26;20;29m[38;2;26;20;29m▓[0m[48;2;78;67;78m[38;2;78;67;78m░[0m[48;2;149;133;146m[38;2;149;133;146m*[0m[48;2;161;141;155m[38;2;161;141;155m+[0m[48;2;161;140;155m[38;2;161;140;155m+[0m[48;2;161;140;155m[38;2;161;140;155m+[0m[48;2;120;105;117m[38;2;120;105;117m#[0m[48;2;37;31;36m[38;2;37;31;36m▓[0m[48;2;30;28;31m[38;2;30;28;31m▓[0m                                       
                                         [48;2;203;203;203m[38;2;203;203;203m:[0m[48;2;37;34;38m[38;2;37;34;38m▓[0m[48;2;154;140;150m[38;2;154;140;150m*[0m[48;2;161;141;154m[38;2;161;141;154m+[0m[48;2;115;99;111m[38;2;115;99;111m%[0m[48;2;14;7;15m[38;2;14;7;15m█[0m[48;2;33;31;42m[38;2;33;31;42m▓[0m[48;2;42;43;58m[38;2;42;43;58m▒[0m[48;2;41;43;59m[38;2;41;43;59m▒[0m[48;2;40;44;59m[38;2;40;44;59m▒[0m[48;2;40;44;59m[38;2;40;44;59m▒[0m[48;2;40;44;59m[38;2;40;44;59m▒[0m[48;2;42;42;60m[38;2;42;42;60m▒[0m[48;2;42;42;59m[38;2;42;42;59m▒[0m[48;2;48;50;66m[38;2;48;50;66m▒[0m[48;2;45;46;62m[38;2;45;46;62m▒[0m[48;2;66;66;78m[38;2;66;66;78m░[0m[48;2;67;64;75m[38;2;67;64;75m░[0m[48;2;48;44;54m[38;2;48;44;54m▒[0m[48;2;32;27;35m[38;2;32;27;35m▓[0m[48;2;84;73;82m[38;2;84;73;82m@[0m[48;2;146;130;141m[38;2;146;130;141m*[0m[48;2;160;140;155m[38;2;160;140;155m+[0m[48;2;160;139;154m[38;2;160;139;154m+[0m[48;2;161;140;155m[38;2;161;140;155m+[0m[48;2;161;140;155m[38;2;161;140;155m+[0m[48;2;161;140;155m[38;2;161;140;155m+[0m[48;2;127;112;123m[38;2;127;112;123m#[0m[48;2;10;5;9m[38;2;10;5;9m█[0m[48;2;60;58;61m[38;2;60;58;61m░[0m                                       
                                         [48;2;74;73;74m[38;2;74;73;74m@[0m[48;2;122;109;118m[38;2;122;109;118m#[0m[48;2;161;142;154m[38;2;161;142;154m+[0m[48;2;162;141;154m[38;2;162;141;154m+[0m[48;2;104;88;99m[38;2;104;88;99m%[0m[48;2;67;59;67m[38;2;67;59;67m░[0m[48;2;45;37;47m[38;2;45;37;47m▒[0m[48;2;31;27;40m[38;2;31;27;40m▓[0m[48;2;43;42;58m[38;2;43;42;58m▒[0m[48;2;41;43;59m[38;2;41;43;59m▒[0m[48;2;41;43;58m[38;2;41;43;58m▒[0m[48;2;41;43;59m[38;2;41;43;59m▒[0m[48;2;56;56;70m[38;2;56;56;70m░[0m[48;2;72;70;80m[38;2;72;70;80m░[0m[48;2;56;54;65m[38;2;56;54;65m░[0m[48;2;28;25;37m[38;2;28;25;37m▓[0m[48;2;31;24;35m[38;2;31;24;35m▓[0m[48;2;65;57;65m[38;2;65;57;65m░[0m[48;2;117;105;115m[38;2;117;105;115m#[0m[48;2;155;139;151m[38;2;155;139;151m*[0m[48;2;159;140;152m[38;2;159;140;152m+[0m[48;2;161;141;154m[38;2;161;141;154m+[0m[48;2;161;140;155m[38;2;161;140;155m+[0m[48;2;161;140;155m[38;2;161;140;155m+[0m[48;2;161;140;155m[38;2;161;140;155m+[0m[48;2;161;140;155m[38;2;161;140;155m+[0m[48;2;161;140;155m[38;2;161;140;155m+[0m[48;2;118;103;115m[38;2;118;103;115m%[0m[48;2;73;68;72m[38;2;73;68;72m░[0m[48;2;224;222;223m[38;2;224;222;223m.[0m                                       
                                        [48;2;220;220;220m[38;2;220;220;220m.[0m[48;2;36;32;36m[38;2;36;32;36m▓[0m[48;2;160;141;154m[38;2;160;141;154m+[0m[48;2;162;141;156m[38;2;162;141;156m+[0m[48;2;162;141;156m[38;2;162;141;156m+[0m[48;2;154;135;149m[38;2;154;135;149m*[0m[48;2;36;27;36m[38;2;36;27;36m▓[0m[48;2;133;120;133m[38;2;133;120;133m#[0m[48;2;85;73;86m[38;2;85;73;86m@[0m[48;2;35;27;38m[38;2;35;27;38m▓[0m[48;2;25;20;31m[38;2;25;20;31m▓[0m[48;2;32;28;39m[38;2;32;28;39m▓[0m[48;2;49;44;55m[38;2;49;44;55m▒[0m[48;2;41;36;47m[38;2;41;36;47m▒[0m[48;2;46;39;49m[38;2;46;39;49m▒[0m[48;2;75;65;76m[38;2;75;65;76m░[0m[48;2;119;107;118m[38;2;119;107;118m#[0m[48;2;154;137;151m[38;2;154;137;151m*[0m[48;2;159;140;154m[38;2;159;140;154m+[0m[48;2;155;137;151m[38;2;155;137;151m*[0m[48;2;122;105;119m[38;2;122;105;119m#[0m[48;2;85;69;81m[38;2;85;69;81m@[0m[48;2;135;115;129m[38;2;135;115;129m#[0m[48;2;161;140;155m[38;2;161;140;155m+[0m[48;2;161;140;155m[38;2;161;140;155m+[0m[48;2;161;140;155m[38;2;161;140;155m+[0m[48;2;161;140;155m[38;2;161;140;155m+[0m[48;2;161;140;155m[38;2;161;140;155m+[0m[48;2;62;50;59m[38;2;62;50;59m▒[0m[48;2;37;34;37m[38;2;37;34;37m▓[0m[48;2;89;87;90m[38;2;89;87;90m@[0m[48;2;64;62;65m[38;2;64;62;65m░[0m[48;2;66;63;67m[38;2;66;63;67m░[0m[48;2;91;88;92m[38;2;91;88;92m@[0m[48;2;238;238;238m[38;2;238;238;238m [0m                                   
                                        [48;2;162;161;162m[38;2;162;161;162m+[0m[48;2;71;65;70m[38;2;71;65;70m░[0m[48;2;160;141;154m[38;2;160;141;154m+[0m[48;2;161;140;155m[38;2;161;140;155m+[0m[48;2;161;140;155m[38;2;161;140;155m+[0m[48;2;161;140;155m[38;2;161;140;155m+[0m[48;2;123;107;119m[38;2;123;107;119m#[0m[48;2;41;29;39m[38;2;41;29;39m▓[0m[48;2;35;24;33m[38;2;35;24;33m▓[0m[48;2;133;121;131m[38;2;133;121;131m#[0m[48;2;138;126;136m[38;2;138;126;136m*[0m[48;2;72;63;71m[38;2;72;63;71m░[0m[48;2;62;50;59m[38;2;62;50;59m▒[0m[48;2;155;140;152m[38;2;155;140;152m*[0m[48;2;156;140;153m[38;2;156;140;153m*[0m[48;2;137;120;133m[38;2;137;120;133m#[0m[48;2;110;94;107m[38;2;110;94;107m%[0m[48;2;82;67;79m[38;2;82;67;79m░[0m[48;2;68;55;67m[38;2;68;55;67m░[0m[48;2;69;56;68m[38;2;69;56;68m░[0m[48;2;100;85;98m[38;2;100;85;98m@[0m[48;2;139;121;135m[38;2;139;121;135m#[0m[48;2;160;140;155m[38;2;160;140;155m+[0m[48;2;161;140;155m[38;2;161;140;155m+[0m[48;2;161;140;155m[38;2;161;140;155m+[0m[48;2;161;140;155m[38;2;161;140;155m+[0m[48;2;161;140;155m[38;2;161;140;155m+[0m[48;2;130;112;125m[38;2;130;112;125m#[0m[48;2;15;8;15m[38;2;15;8;15m█[0m[48;2;16;14;22m[38;2;16;14;22m█[0m[48;2;124;123;129m[38;2;124;123;129m#[0m[48;2;234;232;237m[38;2;234;232;237m.[0m[48;2;59;57;60m[38;2;59;57;60m░[0m[48;2;59;58;61m[38;2;59;58;61m░[0m                                    
                                        [48;2;148;148;148m[38;2;148;148;148m+[0m[48;2;80;74;79m[38;2;80;74;79m@[0m[48;2;158;140;153m[38;2;158;140;153m+[0m[48;2;161;140;155m[38;2;161;140;155m+[0m[48;2;161;140;155m[38;2;161;140;155m+[0m[48;2;161;140;155m[38;2;161;140;155m+[0m[48;2;161;140;155m[38;2;161;140;155m+[0m[48;2;127;109;122m[38;2;127;109;122m#[0m[48;2;38;26;35m[38;2;38;26;35m▓[0m[48;2;41;31;40m[38;2;41;31;40m▓[0m[48;2;28;22;29m[38;2;28;22;29m▓[0m[48;2;9;5;10m[38;2;9;5;10m█[0m[48;2;50;44;51m[38;2;50;44;51m▒[0m[48;2;66;58;66m[38;2;66;58;66m░[0m[48;2;68;60;68m[38;2;68;60;68m░[0m[48;2;88;74;86m[38;2;88;74;86m@[0m[48;2;117;101;114m[38;2;117;101;114m%[0m[48;2;146;128;142m[38;2;146;128;142m*[0m[48;2;159;140;154m[38;2;159;140;154m+[0m[48;2;161;140;155m[38;2;161;140;155m+[0m[48;2;161;140;155m[38;2;161;140;155m+[0m[48;2;161;140;155m[38;2;161;140;155m+[0m[48;2;161;140;155m[38;2;161;140;155m+[0m[48;2;161;140;155m[38;2;161;140;155m+[0m[48;2;161;140;155m[38;2;161;140;155m+[0m[48;2;161;140;155m[38;2;161;140;155m+[0m[48;2;159;138;153m[38;2;159;138;153m*[0m[48;2;47;33;41m[38;2;47;33;41m▒[0m[48;2;21;16;22m[38;2;21;16;22m█[0m[48;2;34;31;43m[38;2;34;31;43m▓[0m[48;2;43;40;47m[38;2;43;40;47m▒[0m [48;2;186;185;187m[38;2;186;185;187m-[0m[48;2;77;76;78m[38;2;77;76;78m@[0m                                    
                                        [48;2;162;162;162m[38;2;162;162;162m+[0m[48;2;68;61;66m[38;2;68;61;66m░[0m[48;2;158;141;152m[38;2;158;141;152m+[0m[48;2;161;140;155m[38;2;161;140;155m+[0m[48;2;161;140;155m[38;2;161;140;155m+[0m[48;2;161;140;155m[38;2;161;140;155m+[0m[48;2;161;140;155m[38;2;161;140;155m+[0m[48;2;161;140;155m[38;2;161;140;155m+[0m[48;2;135;120;130m[38;2;135;120;130m#[0m[48;2;13;6;13m[38;2;13;6;13m█[0m[48;2;6;2;8m[38;2;6;2;8m█[0m[48;2;15;12;18m[38;2;15;12;18m█[0m[48;2;26;23;29m[38;2;26;23;29m▓[0m[48;2;53;47;54m[38;2;53;47;54m▒[0m[48;2;95;84;93m[38;2;95;84;93m@[0m[48;2;159;141;154m[38;2;159;141;154m+[0m[48;2;161;140;155m[38;2;161;140;155m+[0m[48;2;161;140;155m[38;2;161;140;155m+[0m[48;2;161;140;155m[38;2;161;140;155m+[0m[48;2;161;140;155m[38;2;161;140;155m+[0m[48;2;161;140;155m[38;2;161;140;155m+[0m[48;2;161;140;155m[38;2;161;140;155m+[0m[48;2;161;140;155m[38;2;161;140;155m+[0m[48;2;161;140;155m[38;2;161;140;155m+[0m[48;2;161;140;155m[38;2;161;140;155m+[0m[48;2;161;140;155m[38;2;161;140;155m+[0m[48;2;158;137;152m[38;2;158;137;152m*[0m[48;2;96;81;90m[38;2;96;81;90m@[0m[48;2;15;9;16m[38;2;15;9;16m█[0m[48;2;35;33;45m[38;2;35;33;45m▓[0m[48;2;13;10;18m[38;2;13;10;18m█[0m[48;2;197;195;198m[38;2;197;195;198m-[0m[48;2;104;103;104m[38;2;104;103;104m%[0m[48;2;13;12;14m[38;2;13;12;14m█[0m[48;2;76;75;77m[38;2;76;75;77m@[0m[48;2;83;83;83m[38;2;83;83;83m@[0m[48;2;103;103;103m[38;2;103;103;103m%[0m[48;2;135;134;135m[38;2;135;134;135m*[0m[48;2;180;179;179m[38;2;180;179;179m=[0m[48;2;232;232;232m[38;2;232;232;232m.[0m                              
                                        [48;2;113;113;113m[38;2;113;113;113m#[0m[48;2;25;21;24m[38;2;25;21;24m▓[0m[48;2;151;136;146m[38;2;151;136;146m*[0m[48;2;161;140;155m[38;2;161;140;155m+[0m[48;2;161;140;155m[38;2;161;140;155m+[0m[48;2;161;140;155m[38;2;161;140;155m+[0m[48;2;161;140;155m[38;2;161;140;155m+[0m[48;2;161;140;155m[38;2;161;140;155m+[0m[48;2;117;102;112m[38;2;117;102;112m%[0m[48;2;18;13;19m[38;2;18;13;19m█[0m[48;2;25;21;29m[38;2;25;21;29m▓[0m[48;2;2;0;5m[38;2;2;0;5m█[0m[48;2;14;12;16m[38;2;14;12;16m█[0m[48;2;13;10;15m[38;2;13;10;15m█[0m[48;2;53;44;52m[38;2;53;44;52m▒[0m[48;2;147;130;144m[38;2;147;130;144m*[0m[48;2;160;140;155m[38;2;160;140;155m+[0m[48;2;161;140;155m[38;2;161;140;155m+[0m[48;2;161;140;155m[38;2;161;140;155m+[0m[48;2;161;140;155m[38;2;161;140;155m+[0m[48;2;161;140;155m[38;2;161;140;155m+[0m[48;2;161;140;155m[38;2;161;140;155m+[0m[48;2;161;140;155m[38;2;161;140;155m+[0m[48;2;161;140;155m[38;2;161;140;155m+[0m[48;2;161;140;155m[38;2;161;140;155m+[0m[48;2;161;140;155m[38;2;161;140;155m+[0m[48;2;161;140;155m[38;2;161;140;155m+[0m[48;2;159;140;153m[38;2;159;140;153m+[0m[48;2;75;64;73m[38;2;75;64;73m░[0m[48;2;18;15;23m[38;2;18;15;23m█[0m[48;2;11;8;15m[38;2;11;8;15m█[0m[48;2;212;209;213m[38;2;212;209;213m:[0m[48;2;130;128;129m[38;2;130;128;129m*[0m[48;2;28;26;29m[38;2;28;26;29m▓[0m[48;2;153;150;154m[38;2;153;150;154m+[0m[48;2;129;127;129m[38;2;129;127;129m#[0m[48;2;82;81;82m[38;2;82;81;82m@[0m[48;2;49;48;49m[38;2;49;48;49m▒[0m[48;2;65;63;64m[38;2;65;63;64m░[0m[48;2;69;64;68m[38;2;69;64;68m░[0m[48;2;84;80;84m[38;2;84;80;84m@[0m[48;2;197;195;197m[38;2;197;195;197m-[0m                            
                                         [48;2;168;167;168m[38;2;168;167;168m=[0m[48;2;55;48;54m[38;2;55;48;54m▒[0m[48;2;152;136;149m[38;2;152;136;149m*[0m[48;2;160;141;155m[38;2;160;141;155m+[0m[48;2;161;140;155m[38;2;161;140;155m+[0m[48;2;161;140;155m[38;2;161;140;155m+[0m[48;2;161;140;155m[38;2;161;140;155m+[0m[48;2;149;131;145m[38;2;149;131;145m*[0m[48;2;44;36;44m[38;2;44;36;44m▒[0m[48;2;23;17;26m[38;2;23;17;26m▓[0m[48;2;15;12;18m[38;2;15;12;18m█[0m[48;2;9;6;10m[38;2;9;6;10m█[0m[48;2;24;21;26m[38;2;24;21;26m▓[0m[48;2;11;6;12m[38;2;11;6;12m█[0m[48;2;59;51;59m[38;2;59;51;59m▒[0m[48;2;160;141;155m[38;2;160;141;155m+[0m[48;2;161;140;155m[38;2;161;140;155m+[0m[48;2;161;140;155m[38;2;161;140;155m+[0m[48;2;161;140;155m[38;2;161;140;155m+[0m[48;2;161;140;155m[38;2;161;140;155m+[0m[48;2;161;140;155m[38;2;161;140;155m+[0m[48;2;161;140;155m[38;2;161;140;155m+[0m[48;2;161;140;155m[38;2;161;140;155m+[0m[48;2;161;140;155m[38;2;161;140;155m+[0m[48;2;161;140;155m[38;2;161;140;155m+[0m[48;2;161;140;155m[38;2;161;140;155m+[0m[48;2;161;140;155m[38;2;161;140;155m+[0m[48;2;158;138;152m[38;2;158;138;152m*[0m[48;2;98;83;95m[38;2;98;83;95m@[0m[48;2;30;24;32m[38;2;30;24;32m▓[0m[48;2;50;47;51m[38;2;50;47;51m▒[0m[48;2;48;46;48m[38;2;48;46;48m▒[0m[48;2;171;168;172m[38;2;171;168;172m=[0m[48;2;193;190;194m[38;2;193;190;194m-[0m[48;2;176;173;177m[38;2;176;173;177m=[0m[48;2;172;169;173m[38;2;172;169;173m=[0m[48;2;95;91;95m[38;2;95;91;95m%[0m[48;2;69;62;67m[38;2;69;62;67m░[0m[48;2;155;140;150m[38;2;155;140;150m*[0m[48;2;143;128;138m[38;2;143;128;138m*[0m[48;2;39;31;38m[38;2;39;31;38m▓[0m[48;2;227;226;228m[38;2;227;226;228m.[0m                           
                                          [48;2;113;110;114m[38;2;113;110;114m#[0m[48;2;31;25;31m[38;2;31;25;31m▓[0m[48;2;113;100;111m[38;2;113;100;111m%[0m[48;2;158;142;153m[38;2;158;142;153m+[0m[48;2;160;141;155m[38;2;160;141;155m+[0m[48;2;161;140;155m[38;2;161;140;155m+[0m[48;2;160;141;154m[38;2;160;141;154m+[0m[48;2;160;142;153m[38;2;160;142;153m+[0m[48;2;124;110;120m[38;2;124;110;120m#[0m[48;2;27;19;27m[38;2;27;19;27m▓[0m[48;2;28;20;29m[38;2;28;20;29m▓[0m[48;2;13;9;15m[38;2;13;9;15m█[0m[48;2;81;76;82m[38;2;81;76;82m@[0m[48;2;61;53;61m[38;2;61;53;61m░[0m[48;2;72;61;70m[38;2;72;61;70m░[0m[48;2;112;99;110m[38;2;112;99;110m%[0m[48;2;146;129;143m[38;2;146;129;143m*[0m[48;2;160;141;155m[38;2;160;141;155m+[0m[48;2;161;140;155m[38;2;161;140;155m+[0m[48;2;161;140;155m[38;2;161;140;155m+[0m[48;2;161;140;155m[38;2;161;140;155m+[0m[48;2;161;140;155m[38;2;161;140;155m+[0m[48;2;161;140;155m[38;2;161;140;155m+[0m[48;2;161;140;155m[38;2;161;140;155m+[0m[48;2;161;140;155m[38;2;161;140;155m+[0m[48;2;161;140;155m[38;2;161;140;155m+[0m[48;2;161;140;155m[38;2;161;140;155m+[0m[48;2;161;140;155m[38;2;161;140;155m+[0m[48;2;159;139;153m[38;2;159;139;153m+[0m[48;2;136;120;133m[38;2;136;120;133m#[0m[48;2;124;109;120m[38;2;124;109;120m#[0m[48;2;108;96;105m[38;2;108;96;105m%[0m[48;2;103;94;101m[38;2;103;94;101m%[0m[48;2;108;99;106m[38;2;108;99;106m%[0m[48;2;107;98;105m[38;2;107;98;105m%[0m[48;2;130;118;126m[38;2;130;118;126m#[0m[48;2;157;142;152m[38;2;157;142;152m+[0m[48;2;153;137;147m[38;2;153;137;147m*[0m[48;2;123;108;118m[38;2;123;108;118m#[0m[48;2;23;15;22m[38;2;23;15;22m█[0m[48;2;112;109;112m[38;2;112;109;112m#[0m                           
                                          [48;2;228;227;229m[38;2;228;227;229m.[0m[48;2;44;41;44m[38;2;44;41;44m▒[0m[48;2;80;78;80m[38;2;80;78;80m@[0m[48;2;56;50;54m[38;2;56;50;54m▒[0m[48;2;148;134;146m[38;2;148;134;146m*[0m[48;2;159;141;155m[38;2;159;141;155m+[0m[48;2;160;141;155m[38;2;160;141;155m+[0m[48;2;161;140;155m[38;2;161;140;155m+[0m[48;2;161;141;156m[38;2;161;141;156m+[0m[48;2;158;138;153m[38;2;158;138;153m*[0m[48;2;159;138;153m[38;2;159;138;153m*[0m[48;2;129;111;124m[38;2;129;111;124m#[0m[48;2;56;43;53m[38;2;56;43;53m▒[0m[48;2;88;78;86m[38;2;88;78;86m@[0m[48;2;88;79;87m[38;2;88;79;87m@[0m[48;2;16;12;17m[38;2;16;12;17m█[0m[48;2;9;3;10m[38;2;9;3;10m█[0m[48;2;47;37;46m[38;2;47;37;46m▒[0m[48;2;157;139;153m[38;2;157;139;153m*[0m[48;2;158;137;152m[38;2;158;137;152m*[0m[48;2;145;126;140m[38;2;145;126;140m*[0m[48;2;160;140;155m[38;2;160;140;155m+[0m[48;2;161;140;155m[38;2;161;140;155m+[0m[48;2;161;140;155m[38;2;161;140;155m+[0m[48;2;161;140;155m[38;2;161;140;155m+[0m[48;2;161;140;155m[38;2;161;140;155m+[0m[48;2;161;140;155m[38;2;161;140;155m+[0m[48;2;161;140;155m[38;2;161;140;155m+[0m[48;2;161;140;155m[38;2;161;140;155m+[0m[48;2;161;140;155m[38;2;161;140;155m+[0m[48;2;160;141;155m[38;2;160;141;155m+[0m[48;2;103;87;100m[38;2;103;87;100m%[0m[48;2;72;59;70m[38;2;72;59;70m░[0m[48;2;72;58;70m[38;2;72;58;70m░[0m[48;2;72;58;70m[38;2;72;58;70m░[0m[48;2;72;58;70m[38;2;72;58;70m░[0m[48;2;70;58;68m[38;2;70;58;68m░[0m[48;2;76;64;74m[38;2;76;64;74m░[0m[48;2;96;85;94m[38;2;96;85;94m@[0m[48;2;129;119;128m[38;2;129;119;128m#[0m[48;2;43;35;42m[38;2;43;35;42m▒[0m[48;2;199;195;199m[38;2;199;195;199m-[0m                          
                                           [48;2;215;214;215m[38;2;215;214;215m:[0m[48;2;93;92;92m[38;2;93;92;92m%[0m[48;2;61;60;60m[38;2;61;60;60m░[0m[48;2;63;57;61m[38;2;63;57;61m░[0m[48;2;107;94;104m[38;2;107;94;104m%[0m[48;2;158;140;154m[38;2;158;140;154m+[0m[48;2;161;140;155m[38;2;161;140;155m+[0m[48;2;161;140;155m[38;2;161;140;155m+[0m[48;2;161;140;155m[38;2;161;140;155m+[0m[48;2;161;140;155m[38;2;161;140;155m+[0m[48;2;161;140;155m[38;2;161;140;155m+[0m[48;2;159;138;153m[38;2;159;138;153m*[0m[48;2;130;111;125m[38;2;130;111;125m#[0m[48;2;93;78;89m[38;2;93;78;89m@[0m[48;2;78;67;76m[38;2;78;67;76m░[0m[48;2;118;105;116m[38;2;118;105;116m#[0m[48;2;148;132;144m[38;2;148;132;144m*[0m[48;2;160;141;155m[38;2;160;141;155m+[0m[48;2;151;131;146m[38;2;151;131;146m*[0m[48;2;70;53;66m[38;2;70;53;66m░[0m[48;2;71;53;66m[38;2;71;53;66m░[0m[48;2;98;82;95m[38;2;98;82;95m@[0m[48;2;116;101;114m[38;2;116;101;114m%[0m[48;2;80;66;79m[38;2;80;66;79m░[0m[48;2;47;34;45m[38;2;47;34;45m▒[0m[48;2;68;57;66m[38;2;68;57;66m░[0m[48;2;81;70;79m[38;2;81;70;79m@[0m[48;2;88;76;86m[38;2;88;76;86m@[0m[48;2;96;84;94m[38;2;96;84;94m@[0m[48;2;102;89;99m[38;2;102;89;99m%[0m[48;2;103;90;100m[38;2;103;90;100m%[0m[48;2;107;93;103m[38;2;107;93;103m%[0m[48;2;110;96;106m[38;2;110;96;106m%[0m[48;2;111;97;106m[38;2;111;97;106m%[0m[48;2;104;91;101m[38;2;104;91;101m%[0m[48;2;98;87;97m[38;2;98;87;97m@[0m[48;2;90;80;89m[38;2;90;80;89m@[0m[48;2;79;70;78m[38;2;79;70;78m@[0m[48;2;47;40;47m[38;2;47;40;47m▒[0m[48;2;108;102;109m[38;2;108;102;109m%[0m                           
                                              [48;2;83;80;82m[38;2;83;80;82m@[0m[48;2;8;4;9m[38;2;8;4;9m█[0m[48;2;34;27;38m[38;2;34;27;38m▓[0m[48;2;95;83;95m[38;2;95;83;95m@[0m[48;2;151;134;148m[38;2;151;134;148m*[0m[48;2;161;140;155m[38;2;161;140;155m+[0m[48;2;161;140;155m[38;2;161;140;155m+[0m[48;2;161;140;155m[38;2;161;140;155m+[0m[48;2;161;140;155m[38;2;161;140;155m+[0m[48;2;161;140;155m[38;2;161;140;155m+[0m[48;2;161;140;155m[38;2;161;140;155m+[0m[48;2;120;100;114m[38;2;120;100;114m%[0m[48;2;97;82;94m[38;2;97;82;94m@[0m[48;2;151;134;147m[38;2;151;134;147m*[0m[48;2;160;141;155m[38;2;160;141;155m+[0m[48;2;160;141;155m[38;2;160;141;155m+[0m[48;2;160;141;155m[38;2;160;141;155m+[0m[48;2;155;136;150m[38;2;155;136;150m*[0m[48;2;132;114;128m[38;2;132;114;128m#[0m[48;2;113;97;110m[38;2;113;97;110m%[0m[48;2;103;88;100m[38;2;103;88;100m%[0m[48;2;99;84;96m[38;2;99;84;96m@[0m[48;2;98;84;95m[38;2;98;84;95m@[0m[48;2;100;86;97m[38;2;100;86;97m%[0m[48;2;102;89;100m[38;2;102;89;100m%[0m[48;2;110;96;107m[38;2;110;96;107m%[0m[48;2;120;105;116m[38;2;120;105;116m#[0m[48;2;122;107;117m[38;2;122;107;117m#[0m[48;2;119;105;115m[38;2;119;105;115m#[0m[48;2;118;103;114m[38;2;118;103;114m%[0m[48;2;103;91;100m[38;2;103;91;100m%[0m[48;2;52;42;51m[38;2;52;42;51m▒[0m[48;2;62;54;62m[38;2;62;54;62m░[0m[48;2;197;194;199m[38;2;197;194;199m-[0m[48;2;231;229;232m[38;2;231;229;232m.[0m                             
                                             [48;2;118;117;119m[38;2;118;117;119m#[0m[48;2;18;16;25m[38;2;18;16;25m█[0m[48;2;15;11;23m[38;2;15;11;23m█[0m[48;2;10;7;17m[38;2;10;7;17m█[0m[48;2;33;22;63m[38;2;33;22;63m▓[0m[48;2;52;40;80m[38;2;52;40;80m▒[0m[48;2;60;51;66m[38;2;60;51;66m░[0m[48;2;88;74;88m[38;2;88;74;88m@[0m[48;2;121;105;118m[38;2;121;105;118m#[0m[48;2;147;130;144m[38;2;147;130;144m*[0m[48;2;160;140;155m[38;2;160;140;155m+[0m[48;2;160;141;155m[38;2;160;141;155m+[0m[48;2;159;139;153m[38;2;159;139;153m+[0m[48;2;118;102;115m[38;2;118;102;115m%[0m[48;2;64;53;64m[38;2;64;53;64m░[0m[48;2;49;39;47m[38;2;49;39;47m▒[0m[48;2;61;52;61m[38;2;61;52;61m░[0m[48;2;85;74;83m[38;2;85;74;83m@[0m[48;2;104;92;101m[38;2;104;92;101m%[0m[48;2;123;109;120m[38;2;123;109;120m#[0m[48;2;137;123;134m[38;2;137;123;134m*[0m[48;2;146;130;142m[38;2;146;130;142m*[0m[48;2;152;135;149m[38;2;152;135;149m*[0m[48;2;153;135;149m[38;2;153;135;149m*[0m[48;2;154;136;150m[38;2;154;136;150m*[0m[48;2;148;131;145m[38;2;148;131;145m*[0m[48;2;138;122;134m[38;2;138;122;134m*[0m[48;2;121;108;117m[38;2;121;108;117m#[0m[48;2;99;88;95m[38;2;99;88;95m%[0m[48;2;75;64;72m[38;2;75;64;72m░[0m[48;2;73;65;71m[38;2;73;65;71m░[0m[48;2;112;106;112m[38;2;112;106;112m%[0m[48;2;189;185;189m[38;2;189;185;189m-[0m                                
                                            [48;2;178;178;179m[38;2;178;178;179m=[0m[48;2;12;11;16m[38;2;12;11;16m█[0m[48;2;35;31;47m[38;2;35;31;47m▓[0m[48;2;37;31;50m[38;2;37;31;50m▓[0m[48;2;17;13;26m[38;2;17;13;26m█[0m[48;2;44;34;91m[38;2;44;34;91m▒[0m[48;2;92;80;148m[38;2;92;80;148m@[0m[48;2;100;93;131m[38;2;100;93;131m%[0m[48;2;37;20;119m[38;2;37;20;119m▓[0m[48;2;8;5;23m[38;2;8;5;23m█[0m[48;2;39;29;86m[38;2;39;29;86m▒[0m[48;2;41;31;71m[38;2;41;31;71m▒[0m[48;2;55;45;81m[38;2;55;45;81m▒[0m[48;2;65;54;75m[38;2;65;54;75m░[0m[48;2;82;70;88m[38;2;82;70;88m@[0m[48;2;98;87;101m[38;2;98;87;101m%[0m[48;2;100;91;101m[38;2;100;91;101m%[0m[48;2;75;67;75m[38;2;75;67;75m░[0m[48;2;47;42;49m[38;2;47;42;49m▒[0m[48;2;25;22;27m[38;2;25;22;27m▓[0m[48;2;6;3;7m[38;2;6;3;7m█[0m[48;2;3;0;6m[38;2;3;0;6m█[0m[48;2;3;0;6m[38;2;3;0;6m█[0m[48;2;4;2;7m[38;2;4;2;7m█[0m[48;2;6;2;7m[38;2;6;2;7m█[0m[48;2;7;2;8m[38;2;7;2;8m█[0m[48;2;7;3;9m[38;2;7;3;9m█[0m[48;2;6;3;10m[38;2;6;3;10m█[0m[48;2;5;2;11m[38;2;5;2;11m█[0m[48;2;20;17;26m[38;2;20;17;26m▓[0m[48;2;103;100;106m[38;2;103;100;106m%[0m[48;2;179;177;181m[38;2;179;177;181m=[0m[48;2;239;238;240m[38;2;239;238;240m [0m                                 
                                           [48;2;238;238;238m[38;2;238;238;238m [0m[48;2;32;32;35m[38;2;32;32;35m▓[0m[48;2;32;29;42m[38;2;32;29;42m▓[0m[48;2;37;32;51m[38;2;37;32;51m▓[0m[48;2;37;31;52m[38;2;37;31;52m▓[0m[48;2;21;17;31m[38;2;21;17;31m▓[0m[48;2;39;29;86m[38;2;39;29;86m▒[0m[48;2;91;78;148m[38;2;91;78;148m@[0m[48;2;103;95;143m[38;2;103;95;143m%[0m[48;2;58;38;150m[38;2;58;38;150m░[0m[48;2;6;2;20m[38;2;6;2;20m█[0m[48;2;27;20;65m[38;2;27;20;65m▓[0m[48;2;79;65;153m[38;2;79;65;153m@[0m[48;2;71;56;157m[38;2;71;56;157m░[0m[48;2;80;68;160m[38;2;80;68;160m@[0m[48;2;58;40;162m[38;2;58;40;162m░[0m[48;2;66;53;141m[38;2;66;53;141m░[0m[48;2;50;39;102m[38;2;50;39;102m▒[0m[48;2;11;5;39m[38;2;11;5;39m█[0m[48;2;6;3;11m[38;2;6;3;11m█[0m[48;2;21;18;28m[38;2;21;18;28m▓[0m[48;2;24;20;33m[38;2;24;20;33m▓[0m[48;2;24;20;34m[38;2;24;20;34m▓[0m[48;2;24;20;34m[38;2;24;20;34m▓[0m[48;2;24;20;34m[38;2;24;20;34m▓[0m[48;2;25;20;34m[38;2;25;20;34m▓[0m[48;2;25;21;35m[38;2;25;21;35m▓[0m[48;2;27;23;39m[38;2;27;23;39m▓[0m[48;2;33;28;45m[38;2;33;28;45m▓[0m[48;2;36;31;49m[38;2;36;31;49m▓[0m[48;2;37;31;51m[38;2;37;31;51m▓[0m[48;2;34;28;47m[38;2;34;28;47m▓[0m[48;2;25;20;37m[38;2;25;20;37m▓[0m[48;2;26;22;34m[38;2;26;22;34m▓[0m[48;2;86;83;90m[38;2;86;83;90m@[0m[48;2;176;175;177m[38;2;176;175;177m=[0m                               
                                           [48;2;143;143;144m[38;2;143;143;144m*[0m[48;2;19;17;26m[38;2;19;17;26m▓[0m[48;2;37;31;51m[38;2;37;31;51m▓[0m[48;2;37;31;52m[38;2;37;31;52m▓[0m[48;2;37;31;52m[38;2;37;31;52m▓[0m[48;2;29;24;41m[38;2;29;24;41m▓[0m[48;2;18;13;43m[38;2;18;13;43m█[0m[48;2;86;75;140m[38;2;86;75;140m@[0m[48;2;94;81;154m[38;2;94;81;154m%[0m[48;2;82;66;152m[38;2;82;66;152m@[0m[48;2;19;10;63m[38;2;19;10;63m▓[0m[48;2;124;121;127m[38;2;124;121;127m#[0m[48;2;28;23;51m[38;2;28;23;51m▓[0m[48;2;70;55;143m[38;2;70;55;143m░[0m[48;2;79;65;158m[38;2;79;65;158m@[0m[48;2;80;65;165m[38;2;80;65;165m@[0m[48;2;75;60;154m[38;2;75;60;154m@[0m[48;2;46;34;101m[38;2;46;34;101m▒[0m[48;2;15;11;23m[38;2;15;11;23m█[0m[48;2;49;45;53m[38;2;49;45;53m▒[0m[48;2;48;44;56m[38;2;48;44;56m▒[0m[48;2;38;33;51m[38;2;38;33;51m▓[0m[48;2;37;32;52m[38;2;37;32;52m▓[0m[48;2;37;31;52m[38;2;37;31;52m▓[0m[48;2;37;31;52m[38;2;37;31;52m▓[0m[48;2;37;31;52m[38;2;37;31;52m▓[0m[48;2;37;31;52m[38;2;37;31;52m▓[0m[48;2;37;31;52m[38;2;37;31;52m▓[0m[48;2;37;31;52m[38;2;37;31;52m▓[0m[48;2;37;31;52m[38;2;37;31;52m▓[0m[48;2;37;31;52m[38;2;37;31;52m▓[0m[48;2;37;31;52m[38;2;37;31;52m▓[0m[48;2;37;31;52m[38;2;37;31;52m▓[0m[48;2;37;31;52m[38;2;37;31;52m▓[0m[48;2;35;30;49m[38;2;35;30;49m▓[0m[48;2;24;19;33m[38;2;24;19;33m▓[0m[48;2;45;41;51m[38;2;45;41;51m▒[0m[48;2;153;151;156m[38;2;153;151;156m+[0m                             
                                           [48;2;44;43;47m[38;2;44;43;47m▒[0m[48;2;32;29;42m[38;2;32;29;42m▓[0m[48;2;37;31;52m[38;2;37;31;52m▓[0m[48;2;37;31;52m[38;2;37;31;52m▓[0m[48;2;37;31;52m[38;2;37;31;52m▓[0m[48;2;36;31;51m[38;2;36;31;51m▓[0m[48;2;23;19;36m[38;2;23;19;36m▓[0m[48;2;20;15;32m[38;2;20;15;32m▓[0m[48;2;26;21;39m[38;2;26;21;39m▓[0m[48;2;37;32;51m[38;2;37;32;51m▓[0m[48;2;16;9;35m[38;2;16;9;35m█[0m[48;2;93;90;96m[38;2;93;90;96m%[0m[48;2;202;199;203m[38;2;202;199;203m-[0m[48;2;72;69;77m[38;2;72;69;77m░[0m[48;2;39;28;83m[38;2;39;28;83m▒[0m[48;2;60;50;105m[38;2;60;50;105m░[0m[48;2;48;44;61m[38;2;48;44;61m▒[0m[48;2;164;162;164m[38;2;164;162;164m+[0m[48;2;135;132;136m[38;2;135;132;136m*[0m[48;2;39;35;43m[38;2;39;35;43m▒[0m[48;2;45;41;52m[38;2;45;41;52m▒[0m[48;2;64;59;73m[38;2;64;59;73m░[0m[48;2;61;56;72m[38;2;61;56;72m░[0m[48;2;40;35;52m[38;2;40;35;52m▒[0m[48;2;37;31;51m[38;2;37;31;51m▓[0m[48;2;37;31;52m[38;2;37;31;52m▓[0m[48;2;37;31;52m[38;2;37;31;52m▓[0m[48;2;37;31;52m[38;2;37;31;52m▓[0m[48;2;37;31;52m[38;2;37;31;52m▓[0m[48;2;37;31;52m[38;2;37;31;52m▓[0m[48;2;37;31;52m[38;2;37;31;52m▓[0m[48;2;37;31;52m[38;2;37;31;52m▓[0m[48;2;37;31;52m[38;2;37;31;52m▓[0m[48;2;37;31;52m[38;2;37;31;52m▓[0m[48;2;37;31;52m[38;2;37;31;52m▓[0m[48;2;37;31;52m[38;2;37;31;52m▓[0m[48;2;37;31;50m[38;2;37;31;50m▓[0m[48;2;26;21;37m[38;2;26;21;37m▓[0m[48;2;49;46;56m[38;2;49;46;56m▒[0m[48;2;200;199;202m[38;2;200;199;202m-[0m                           
                                          [48;2;225;225;225m[38;2;225;225;225m.[0m[48;2;10;9;13m[38;2;10;9;13m█[0m[48;2;36;33;49m[38;2;36;33;49m▓[0m[48;2;37;31;52m[38;2;37;31;52m▓[0m[48;2;37;31;52m[38;2;37;31;52m▓[0m[48;2;37;31;52m[38;2;37;31;52m▓[0m[48;2;37;31;52m[38;2;37;31;52m▓[0m[48;2;37;31;52m[38;2;37;31;52m▓[0m[48;2;37;31;52m[38;2;37;31;52m▓[0m[48;2;37;31;52m[38;2;37;31;52m▓[0m[48;2;78;74;86m[38;2;78;74;86m@[0m[48;2;16;13;18m[38;2;16;13;18m█[0m[48;2;4;2;7m[38;2;4;2;7m█[0m[48;2;92;89;94m[38;2;92;89;94m@[0m[48;2;212;209;213m[38;2;212;209;213m:[0m[48;2;190;187;191m[38;2;190;187;191m-[0m[48;2;62;59;65m[38;2;62;59;65m░[0m[48;2;51;49;52m[38;2;51;49;52m▒[0m[48;2;166;164;165m[38;2;166;164;165m=[0m[48;2;241;239;241m[38;2;241;239;241m [0m[48;2;240;237;241m[38;2;240;237;241m [0m[48;2;78;75;81m[38;2;78;75;81m@[0m[48;2;41;38;45m[38;2;41;38;45m▒[0m[48;2;26;22;32m[38;2;26;22;32m▓[0m[48;2;56;52;64m[38;2;56;52;64m▒[0m[48;2;65;61;74m[38;2;65;61;74m░[0m[48;2;54;49;63m[38;2;54;49;63m▒[0m[48;2;37;32;52m[38;2;37;32;52m▓[0m[48;2;37;31;52m[38;2;37;31;52m▓[0m[48;2;37;31;52m[38;2;37;31;52m▓[0m[48;2;37;31;52m[38;2;37;31;52m▓[0m[48;2;37;31;52m[38;2;37;31;52m▓[0m[48;2;37;31;52m[38;2;37;31;52m▓[0m[48;2;37;31;52m[38;2;37;31;52m▓[0m[48;2;37;31;52m[38;2;37;31;52m▓[0m[48;2;37;31;52m[38;2;37;31;52m▓[0m[48;2;37;31;52m[38;2;37;31;52m▓[0m[48;2;37;31;52m[38;2;37;31;52m▓[0m[48;2;37;31;52m[38;2;37;31;52m▓[0m[48;2;34;29;48m[38;2;34;29;48m▓[0m[48;2;19;16;25m[38;2;19;16;25m█[0m[48;2;169;169;170m[38;2;169;169;170m=[0m                          