                                                                                                    
                                                                                                    
                                                                                                    
                                                                                                    
                                                                                                    
                                                                                                    
                                                                                                    
                                                                                                    
                                                                                                    
                                                                                                    
                                                                                                    
                                               [48;2;237;237;237m[38;2;237;237;237m.[0m[48;2;215;215;215m[38;2;215;215;215m:[0m[48;2;203;203;204m[38;2;203;203;204m:[0m[48;2;199;199;200m[38;2;199;199;200m-[0m[48;2;206;206;207m[38;2;206;206;207m:[0m[48;2;225;225;226m[38;2;225;225;226m.[0m                                               
                                           [48;2;190;190;191m[38;2;190;190;191m-[0m[48;2;123;122;124m[38;2;123;122;124m#[0m[48;2;74;73;77m[38;2;74;73;77m@[0m[48;2;38;37;45m[38;2;38;37;45m▒[0m[48;2;26;24;34m[38;2;26;24;34m▓[0m[48;2;29;27;38m[38;2;29;27;38m▓[0m[48;2;31;29;41m[38;2;31;29;41m▓[0m[48;2;31;29;41m[38;2;31;29;41m▓[0m[48;2;29;28;39m[38;2;29;28;39m▓[0m[48;2;26;24;36m[38;2;26;24;36m▓[0m[48;2;31;30;40m[38;2;31;30;40m▓[0m[48;2;73;71;80m[38;2;73;71;80m░[0m[48;2;138;137;141m[38;2;138;137;141m*[0m[48;2;230;229;231m[38;2;230;229;231m.[0m                                           
                                        [48;2;234;234;234m[38;2;234;234;234m.[0m[48;2;124;123;127m[38;2;124;123;127m#[0m[48;2;40;39;46m[38;2;40;39;46m▒[0m[48;2;30;27;39m[38;2;30;27;39m▓[0m[48;2;44;41;55m[38;2;44;41;55m▒[0m[48;2;46;45;60m[38;2;46;45;60m▒[0m[48;2;43;42;59m[38;2;43;42;59m▒[0m[48;2;56;55;70m[38;2;56;55;70m░[0m[48;2;49;47;63m[38;2;49;47;63m▒[0m[48;2;43;42;59m[38;2;43;42;59m▒[0m[48;2;41;43;59m[38;2;41;43;59m▒[0m[48;2;41;43;59m[38;2;41;43;59m▒[0m[48;2;41;43;59m[38;2;41;43;59m▒[0m[48;2;41;43;59m[38;2;41;43;59m▒[0m[48;2;41;43;59m[38;2;41;43;59m▒[0m[48;2;35;36;51m[38;2;35;36;51m▒[0m[48;2;28;26;37m[38;2;28;26;37m▓[0m[48;2;124;123;128m[38;2;124;123;128m#[0m                                          
                                       [48;2;173;173;174m[38;2;173;173;174m=[0m[48;2;33;32;38m[38;2;33;32;38m▓[0m[48;2;30;28;38m[38;2;30;28;38m▓[0m[48;2;29;26;37m[38;2;29;26;37m▓[0m[48;2;34;30;40m[38;2;34;30;40m▓[0m[48;2;54;49;57m[38;2;54;49;57m▒[0m[48;2;60;52;62m[38;2;60;52;62m░[0m[48;2;74;66;76m[38;2;74;66;76m░[0m[48;2;80;69;79m[38;2;80;69;79m@[0m[48;2;74;63;73m[38;2;74;63;73m░[0m[48;2;58;49;57m[38;2;58;49;57m▒[0m[48;2;36;30;40m[38;2;36;30;40m▓[0m[48;2;27;23;37m[38;2;27;23;37m▓[0m[48;2;38;36;51m[38;2;38;36;51m▒[0m[48;2;42;42;59m[38;2;42;42;59m▒[0m[48;2;41;43;59m[38;2;41;43;59m▒[0m[48;2;42;43;59m[38;2;42;43;59m▒[0m[48;2;44;42;59m[38;2;44;42;59m▒[0m[48;2;33;30;45m[38;2;33;30;45m▓[0m[48;2;56;55;60m[38;2;56;55;60m░[0m[48;2;213;213;214m[38;2;213;213;214m:[0m                                        
                                      [48;2;196;195;196m[38;2;196;195;196m-[0m[48;2;10;8;12m[38;2;10;8;12m█[0m[48;2;47;42;48m[38;2;47;42;48m▒[0m[48;2;60;53;60m[38;2;60;53;60m░[0m[48;2;55;47;54m[38;2;55;47;54m▒[0m[48;2;80;70;78m[38;2;80;70;78m@[0m[48;2;149;134;144m[38;2;149;134;144m*[0m[48;2;113;97;108m[38;2;113;97;108m%[0m[48;2;81;65;76m[38;2;81;65;76m░[0m[48;2;86;69;79m[38;2;86;69;79m@[0m[48;2;148;130;141m[38;2;148;130;141m*[0m[48;2;160;141;154m[38;2;160;141;154m+[0m[48;2;159;140;154m[38;2;159;140;154m+[0m[48;2;139;120;134m[38;2;139;120;134m#[0m[48;2;92;77;90m[38;2;92;77;90m@[0m[48;2;44;34;45m[38;2;44;34;45m▒[0m[48;2;50;44;54m[38;2;50;44;54m▒[0m[48;2;52;47;59m[38;2;52;47;59m▒[0m[48;2;36;33;48m[38;2;36;33;48m▓[0m[48;2;29;26;39m[38;2;29;26;39m▓[0m[48;2;23;19;31m[38;2;23;19;31m▓[0m[48;2;24;22;28m[38;2;24;22;28m▓[0m[48;2;192;192;193m[38;2;192;192;193m-[0m                                       
                                     [48;2;196;196;197m[38;2;196;196;197m-[0m[48;2;60;56;61m[38;2;60;56;61m░[0m[48;2;126;112;123m[38;2;126;112;123m#[0m[48;2;159;141;154m[38;2;159;141;154m+[0m[48;2;130;112;125m[38;2;130;112;125m#[0m[48;2;154;135;148m[38;2;154;135;148m*[0m[48;2;159;139;152m[38;2;159;139;152m+[0m[48;2;160;141;154m[38;2;160;141;154m+[0m[48;2;161;140;155m[38;2;161;140;155m+[0m[48;2;160;140;155m[38;2;160;140;155m+[0m[48;2;118;101;114m[38;2;118;101;114m%[0m[48;2;88;73;85m[38;2;88;73;85m@[0m[48;2;155;136;150m[38;2;155;136;150m*[0m[48;2;161;140;155m[38;2;161;140;155m+[0m[48;2;161;140;155m[38;2;161;140;155m+[0m[48;2;161;140;155m[38;2;161;140;155m+[0m[48;2;159;140;153m[38;2;159;140;153m+[0m[48;2;102;88;97m[38;2;102;88;97m%[0m[48;2;25;16;27m[38;2;25;16;27m▓[0m[48;2;77;58;117m[38;2;77;58;117m░[0m[48;2;28;15;48m[38;2;28;15;48m▓[0m[48;2;82;62;124m[38;2;82;62;124m@[0m[48;2;8;2;9m[38;2;8;2;9m█[0m[48;2;21;18;22m[38;2;21;18;22m▓[0m[48;2;215;215;216m[38;2;215;215;216m:[0m                                      
                                    [48;2;194;193;194m[38;2;194;193;194m-[0m[48;2;56;50;56m[38;2;56;50;56m▒[0m[48;2;149;135;146m[38;2;149;135;146m*[0m[48;2;160;140;155m[38;2;160;140;155m+[0m[48;2;161;140;155m[38;2;161;140;155m+[0m[48;2;161;140;155m[38;2;161;140;155m+[0m[48;2;161;140;155m[38;2;161;140;155m+[0m[48;2;161;140;155m[38;2;161;140;155m+[0m[48;2;157;136;151m[38;2;157;136;151m*[0m[48;2;101;82;96m[38;2;101;82;96m@[0m[48;2;159;139;154m[38;2;159;139;154m+[0m[48;2;45;31;42m[38;2;45;31;42m▓[0m[48;2;118;104;116m[38;2;118;104;116m%[0m[48;2;66;51;63m[38;2;66;51;63m░[0m[48;2;156;138;152m[38;2;156;138;152m*[0m[48;2;160;140;155m[38;2;160;140;155m+[0m[48;2;161;140;155m[38;2;161;140;155m+[0m[48;2;161;140;155m[38;2;161;140;155m+[0m[48;2;161;140;155m[38;2;161;140;155m+[0m[48;2;131;117;127m[38;2;131;117;127m#[0m[48;2;45;30;53m[38;2;45;30;53m▒[0m[48;2;95;68;137m[38;2;95;68;137m@[0m[48;2;70;44;106m[38;2;70;44;106m░[0m[48;2;47;33;65m[38;2;47;33;65m▒[0m[48;2;13;9;16m[38;2;13;9;16m█[0m[48;2;65;61;66m[38;2;65;61;66m░[0m                                      
                                    [48;2;54;51;53m[38;2;54;51;53m▒[0m[48;2;106;95;103m[38;2;106;95;103m%[0m[48;2;88;75;85m[38;2;88;75;85m@[0m[48;2;80;66;77m[38;2;80;66;77m░[0m[48;2;161;140;155m[38;2;161;140;155m+[0m[48;2;161;140;155m[38;2;161;140;155m+[0m[48;2;161;140;155m[38;2;161;140;155m+[0m[48;2;161;140;155m[38;2;161;140;155m+[0m[48;2;151;131;145m[38;2;151;131;145m*[0m[48;2;38;24;36m[38;2;38;24;36m▓[0m[48;2;150;135;148m[38;2;150;135;148m*[0m[48;2;87;74;85m[38;2;87;74;85m@[0m[48;2;60;49;59m[38;2;60;49;59m▒[0m[48;2;84;73;84m[38;2;84;73;84m@[0m[48;2;71;58;70m[38;2;71;58;70m░[0m[48;2;153;135;149m[38;2;153;135;149m*[0m[48;2;160;141;155m[38;2;160;141;155m+[0m[48;2;161;140;155m[38;2;161;140;155m+[0m[48;2;161;140;155m[38;2;161;140;155m+[0m[48;2;160;141;155m[38;2;160;141;155m+[0m[48;2;137;121;133m[38;2;137;121;133m#[0m[48;2;46;33;54m[38;2;46;33;54m▒[0m[48;2;24;12;33m[38;2;24;12;33m█[0m[48;2;18;10;20m[38;2;18;10;20m█[0m[48;2;35;30;41m[38;2;35;30;41m▓[0m[48;2;22;18;27m[38;2;22;18;27m▓[0m[48;2;179;177;179m[38;2;179;177;179m=[0m                                     
                                   [48;2;165;165;165m[38;2;165;165;165m=[0m[48;2;81;74;79m[38;2;81;74;79m@[0m[48;2;46;36;43m[38;2;46;36;43m▒[0m[48;2;26;17;25m[38;2;26;17;25m▓[0m[48;2;96;86;95m[38;2;96;86;95m@[0m[48;2;90;75;87m[38;2;90;75;87m@[0m[48;2;132;114;127m[38;2;132;114;127m#[0m[48;2;147;128;142m[38;2;147;128;142m*[0m[48;2;161;140;155m[38;2;161;140;155m+[0m[48;2;160;140;155m[38;2;160;140;155m+[0m[48;2;39;29;38m[38;2;39;29;38m▓[0m[48;2;61;51;59m[38;2;61;51;59m░[0m[48;2;144;131;143m[38;2;144;131;143m*[0m[48;2;40;31;40m[38;2;40;31;40m▓[0m[48;2;48;40;48m[38;2;48;40;48m▒[0m[48;2;51;42;50m[38;2;51;42;50m▒[0m[48;2;32;23;30m[38;2;32;23;30m▓[0m[48;2;95;84;93m[38;2;95;84;93m@[0m[48;2;147;131;143m[38;2;147;131;143m*[0m[48;2;159;140;154m[38;2;159;140;154m+[0m[48;2;159;141;154m[38;2;159;141;154m+[0m[48;2;160;141;155m[38;2;160;141;155m+[0m[48;2;149;132;145m[38;2;149;132;145m*[0m[48;2;74;64;73m[38;2;74;64;73m░[0m[48;2;39;31;41m[38;2;39;31;41m▓[0m[48;2;39;34;47m[38;2;39;34;47m▒[0m[48;2;38;34;45m[38;2;38;34;45m▓[0m[48;2;93;90;95m[38;2;93;90;95m%[0m                                     
                                   [48;2;114;114;114m[38;2;114;114;114m#[0m[48;2;112;102;109m[38;2;112;102;109m%[0m[48;2;16;8;14m[38;2;16;8;14m█[0m[48;2;82;75;82m[38;2;82;75;82m@[0m[48;2;94;87;94m[38;2;94;87;94m@[0m[48;2;28;20;28m[38;2;28;20;28m▓[0m[48;2;28;20;28m[38;2;28;20;28m▓[0m[48;2;50;39;49m[38;2;50;39;49m▒[0m[48;2;116;102;114m[38;2;116;102;114m%[0m[48;2;112;98;109m[38;2;112;98;109m%[0m[48;2;63;52;61m[38;2;63;52;61m░[0m[48;2;22;16;21m[38;2;22;16;21m▓[0m[48;2;35;28;38m[38;2;35;28;38m▓[0m[48;2;58;48;73m[38;2;58;48;73m▒[0m[48;2;23;13;40m[38;2;23;13;40m▓[0m[48;2;79;72;76m[38;2;79;72;76m@[0m[48;2;33;27;30m[38;2;33;27;30m▓[0m[48;2;79;72;74m[38;2;79;72;74m@[0m[48;2;32;25;29m[38;2;32;25;29m▓[0m[48;2;20;13;18m[38;2;20;13;18m█[0m[48;2;34;25;31m[38;2;34;25;31m▓[0m[48;2;56;46;54m[38;2;56;46;54m▒[0m[48;2;53;43;51m[38;2;53;43;51m▒[0m[48;2;77;67;75m[38;2;77;67;75m░[0m[48;2;69;60;68m[38;2;69;60;68m░[0m[48;2;29;22;32m[38;2;29;22;32m▓[0m[48;2;28;23;32m[38;2;28;23;32m▓[0m[48;2;71;68;73m[38;2;71;68;73m░[0m                                     
                                   [48;2;115;115;115m[38;2;115;115;115m#[0m[48;2;100;91;99m[38;2;100;91;99m%[0m[48;2;10;3;8m[38;2;10;3;8m█[0m[48;2;101;93;98m[38;2;101;93;98m%[0m[48;2;39;31;38m[38;2;39;31;38m▓[0m[48;2;43;21;80m[38;2;43;21;80m▓[0m[48;2;51;21;100m[38;2;51;21;100m▒[0m[48;2;29;10;57m[38;2;29;10;57m▓[0m[48;2;134;125;131m[38;2;134;125;131m*[0m[48;2;196;183;183m[38;2;196;183;183m-[0m[48;2;213;201;199m[38;2;213;201;199m:[0m[48;2;131;122;123m[38;2;131;122;123m#[0m[48;2;49;31;84m[38;2;49;31;84m▒[0m[48;2;96;59;163m[38;2;96;59;163m@[0m[48;2;56;26;107m[38;2;56;26;107m▒[0m[48;2;144;136;139m[38;2;144;136;139m*[0m[48;2;170;162;160m[38;2;170;162;160m+[0m[48;2;246;235;230m[38;2;246;235;230m.[0m[48;2;178;169;169m[38;2;178;169;169m=[0m[48;2;64;55;59m[38;2;64;55;59m░[0m[48;2;152;139;148m[38;2;152;139;148m*[0m[48;2;154;141;151m[38;2;154;141;151m*[0m[48;2;85;72;83m[38;2;85;72;83m@[0m[48;2;73;61;71m[38;2;73;61;71m░[0m[48;2;143;130;140m[38;2;143;130;140m*[0m[48;2;154;139;150m[38;2;154;139;150m*[0m[48;2;125;110;122m[38;2;125;110;122m#[0m[48;2;85;73;82m[38;2;85;73;82m@[0m[48;2;75;68;74m[38;2;75;68;74m░[0m[48;2;106;102;105m[38;2;106;102;105m%[0m[48;2;157;155;157m[38;2;157;155;157m+[0m[48;2;233;233;233m[38;2;233;233;233m.[0m                                 
                                   [48;2;178;177;178m[38;2;178;177;178m=[0m[48;2;66;57;64m[38;2;66;57;64m░[0m[48;2;20;12;18m[38;2;20;12;18m█[0m[48;2;160;151;156m[38;2;160;151;156m+[0m[48;2;135;125;126m[38;2;135;125;126m*[0m[48;2;101;81;118m[38;2;101;81;118m@[0m[48;2;177;129;198m[38;2;177;129;198m+[0m[48;2;96;62;111m[38;2;96;62;111m@[0m[48;2;161;149;151m[38;2;161;149;151m+[0m[48;2;251;235;231m[38;2;251;235;231m [0m[48;2;250;234;230m[38;2;250;234;230m [0m[48;2;232;218;213m[38;2;232;218;213m.[0m[48;2;60;48;56m[38;2;60;48;56m▒[0m[48;2;193;153;196m[38;2;193;153;196m=[0m[48;2;92;66;98m[38;2;92;66;98m@[0m[48;2;184;173;173m[38;2;184;173;173m=[0m[48;2;245;228;220m[38;2;245;228;220m.[0m[48;2;244;218;211m[38;2;244;218;211m.[0m[48;2;250;233;229m[38;2;250;233;229m.[0m[48;2;159;146;147m[38;2;159;146;147m+[0m[48;2;71;59;67m[38;2;71;59;67m░[0m[48;2;149;136;146m[38;2;149;136;146m*[0m[48;2;145;130;141m[38;2;145;130;141m*[0m[48;2;135;121;132m[38;2;135;121;132m#[0m[48;2;79;68;77m[38;2;79;68;77m░[0m[48;2;73;61;70m[38;2;73;61;70m░[0m[48;2;97;84;94m[38;2;97;84;94m@[0m[48;2;128;113;125m[38;2;128;113;125m#[0m[48;2;148;133;145m[38;2;148;133;145m*[0m[48;2;156;140;152m[38;2;156;140;152m*[0m[48;2;127;112;122m[38;2;127;112;122m#[0m[48;2;74;66;73m[38;2;74;66;73m░[0m[48;2;115;112;114m[38;2;115;112;114m#[0m[48;2;235;234;234m[38;2;235;234;234m.[0m                               
                                    [48;2;70;66;69m[38;2;70;66;69m░[0m[48;2;45;35;43m[38;2;45;35;43m▒[0m[48;2;178;168;170m[38;2;178;168;170m=[0m[48;2;234;220;217m[38;2;234;220;217m.[0m[48;2;90;76;82m[38;2;90;76;82m@[0m[48;2;121;90;117m[38;2;121;90;117m%[0m[48;2;75;54;71m[38;2;75;54;71m░[0m[48;2;226;213;211m[38;2;226;213;211m:[0m[48;2;201;186;181m[38;2;201;186;181m-[0m[48;2;170;155;152m[38;2;170;155;152m+[0m[48;2;249;234;230m[38;2;249;234;230m [0m[48;2;222;208;205m[38;2;222;208;205m:[0m[48;2;135;122;121m[38;2;135;122;121m#[0m[48;2;164;151;151m[38;2;164;151;151m+[0m[48;2;250;236;228m[38;2;250;236;228m [0m[48;2;237;212;199m[38;2;237;212;199m:[0m[48;2;242;213;201m[38;2;242;213;201m.[0m[48;2;251;234;228m[38;2;251;234;228m [0m[48;2;248;232;227m[38;2;248;232;227m.[0m[48;2;87;74;79m[38;2;87;74;79m@[0m[48;2;59;47;56m[38;2;59;47;56m▒[0m[48;2;47;37;45m[38;2;47;37;45m▒[0m[48;2;59;49;57m[38;2;59;49;57m▒[0m[48;2;108;97;106m[38;2;108;97;106m%[0m[48;2;139;128;137m[38;2;139;128;137m*[0m[48;2;127;116;124m[38;2;127;116;124m#[0m[48;2;89;80;89m[38;2;89;80;89m@[0m[48;2;48;40;47m[38;2;48;40;47m▒[0m[48;2;22;14;21m[38;2;22;14;21m█[0m[48;2;47;38;46m[38;2;47;38;46m▒[0m[48;2;118;106;116m[38;2;118;106;116m#[0m[48;2;132;121;130m[38;2;132;121;130m#[0m[48;2;62;57;61m[38;2;62;57;61m░[0m[48;2;192;190;191m[38;2;192;190;191m-[0m                              
                                    [48;2;200;200;200m[38;2;200;200;200m-[0m[48;2;13;9;11m[38;2;13;9;11m█[0m[48;2;15;7;13m[38;2;15;7;13m█[0m[48;2;180;168;166m[38;2;180;168;166m=[0m[48;2;249;234;230m[38;2;249;234;230m [0m[48;2;226;211;208m[38;2;226;211;208m:[0m[48;2;244;229;223m[38;2;244;229;223m.[0m[48;2;250;234;228m[38;2;250;234;228m [0m[48;2;212;196;191m[38;2;212;196;191m-[0m[48;2;222;207;202m[38;2;222;207;202m:[0m[48;2;250;234;229m[38;2;250;234;229m [0m[48;2;250;234;229m[38;2;250;234;229m [0m[48;2;250;234;228m[38;2;250;234;228m [0m[48;2;250;234;228m[38;2;250;234;228m [0m[48;2;250;235;226m[38;2;250;235;226m [0m[48;2;250;235;227m[38;2;250;235;227m [0m[48;2;249;235;228m[38;2;249;235;228m [0m[48;2;240;226;222m[38;2;240;226;222m.[0m[48;2;114;103;103m[38;2;114;103;103m%[0m[48;2;34;26;31m[38;2;34;26;31m▓[0m[48;2;61;53;60m[38;2;61;53;60m░[0m[48;2;65;59;65m[38;2;65;59;65m░[0m[48;2;156;148;152m[38;2;156;148;152m+[0m[48;2;45;36;42m[38;2;45;36;42m▒[0m[48;2;67;57;65m[38;2;67;57;65m░[0m[48;2;85;74;82m[38;2;85;74;82m@[0m[48;2;91;79;88m[38;2;91;79;88m@[0m[48;2;112;99;110m[38;2;112;99;110m%[0m[48;2;138;124;135m[38;2;138;124;135m*[0m[48;2;158;141;153m[38;2;158;141;153m+[0m[48;2;160;141;155m[38;2;160;141;155m+[0m[48;2;160;141;155m[38;2;160;141;155m+[0m[48;2;154;138;150m[38;2;154;138;150m*[0m[48;2;62;56;61m[38;2;62;56;61m░[0m[48;2;181;180;182m[38;2;181;180;182m=[0m                             
                                    [48;2;225;225;225m[38;2;225;225;225m.[0m[48;2;103;102;103m[38;2;103;102;103m%[0m[48;2;103;98;101m[38;2;103;98;101m%[0m[48;2;228;218;217m[38;2;228;218;217m.[0m[48;2;250;236;232m[38;2;250;236;232m [0m[48;2;250;235;231m[38;2;250;235;231m [0m[48;2;249;234;229m[38;2;249;234;229m [0m[48;2;249;234;229m[38;2;249;234;229m [0m[48;2;249;234;229m[38;2;249;234;229m [0m[48;2;249;235;229m[38;2;249;235;229m [0m[48;2;248;233;228m[38;2;248;233;228m.[0m[48;2;238;224;219m[38;2;238;224;219m.[0m[48;2;217;203;198m[38;2;217;203;198m:[0m[48;2;187;174;170m[38;2;187;174;170m=[0m[48;2;156;145;142m[38;2;156;145;142m+[0m[48;2;121;112;109m[38;2;121;112;109m#[0m[48;2;81;73;72m[38;2;81;73;72m@[0m[48;2;30;24;27m[38;2;30;24;27m▓[0m[48;2;6;2;5m[38;2;6;2;5m█[0m[48;2;68;64;68m[38;2;68;64;68m░[0m[48;2;178;173;177m[38;2;178;173;177m=[0m[48;2;37;34;37m[38;2;37;34;37m▓[0m[48;2;75;72;77m[38;2;75;72;77m@[0m[48;2;94;89;95m[38;2;94;89;95m@[0m[48;2;83;74;83m[38;2;83;74;83m@[0m[48;2;159;142;155m[38;2;159;142;155m+[0m[48;2;160;141;155m[38;2;160;141;155m+[0m[48;2;161;140;155m[38;2;161;140;155m+[0m[48;2;161;140;155m[38;2;161;140;155m+[0m[48;2;161;140;155m[38;2;161;140;155m+[0m[48;2;161;140;155m[38;2;161;140;155m+[0m[48;2;161;140;155m[38;2;161;140;155m+[0m[48;2;161;140;154m[38;2;161;140;154m+[0m[48;2;153;135;147m[38;2;153;135;147m*[0m[48;2;49;43;48m[38;2;49;43;48m▒[0m[48;2;230;229;230m[38;2;230;229;230m.[0m                            
                                      [48;2;188;187;188m[38;2;188;187;188m-[0m[48;2;80;76;78m[38;2;80;76;78m@[0m[48;2;34;29;30m[38;2;34;29;30m▓[0m[48;2;42;38;38m[38;2;42;38;38m▒[0m[48;2;46;43;43m[38;2;46;43;43m▒[0m[48;2;61;58;59m[38;2;61;58;59m░[0m[48;2;49;46;47m[38;2;49;46;47m▒[0m[48;2;80;77;78m[38;2;80;77;78m@[0m[48;2;61;57;58m[38;2;61;57;58m░[0m[48;2;84;80;82m[38;2;84;80;82m@[0m[48;2;12;8;10m[38;2;12;8;10m█[0m[48;2;40;36;39m[38;2;40;36;39m▒[0m[48;2;25;21;25m[38;2;25;21;25m▓[0m[48;2;7;3;8m[38;2;7;3;8m█[0m[48;2;14;10;16m[38;2;14;10;16m█[0m[48;2;18;14;21m[38;2;18;14;21m█[0m[48;2;18;15;22m[38;2;18;15;22m█[0m[48;2;149;146;151m[38;2;149;146;151m+[0m[48;2;233;230;233m[38;2;233;230;233m.[0m[48;2;51;48;50m[38;2;51;48;50m▒[0m[48;2;194;191;194m[38;2;194;191;194m-[0m[48;2;189;186;190m[38;2;189;186;190m-[0m[48;2;40;33;41m[38;2;40;33;41m▓[0m[48;2;159;141;155m[38;2;159;141;155m+[0m[48;2;161;140;155m[38;2;161;140;155m+[0m[48;2;161;140;155m[38;2;161;140;155m+[0m[48;2;161;140;155m[38;2;161;140;155m+[0m[48;2;161;140;155m[38;2;161;140;155m+[0m[48;2;161;140;155m[38;2;161;140;155m+[0m[48;2;161;140;155m[38;2;161;140;155m+[0m[48;2;161;140;155m[38;2;161;140;155m+[0m[48;2;161;140;155m[38;2;161;140;155m+[0m[48;2;98;83;94m[38;2;98;83;94m@[0m[48;2;149;145;148m[38;2;149;145;148m+[0m                            
                                   [48;2;240;240;240m[38;2;240;240;240m [0m[48;2;79;78;79m[38;2;79;78;79m@[0m[48;2;28;27;29m[38;2;28;27;29m▓[0m[48;2;25;23;29m[38;2;25;23;29m▓[0m[48;2;26;24;34m[38;2;26;24;34m▓[0m[48;2;27;24;35m[38;2;27;24;35m▓[0m[48;2;8;5;13m[38;2;8;5;13m█[0m[48;2;27;24;29m[38;2;27;24;29m▓[0m[48;2;31;28;32m[38;2;31;28;32m▓[0m[48;2;49;47;51m[38;2;49;47;51m▒[0m[48;2;27;23;29m[38;2;27;23;29m▓[0m[48;2;155;152;157m[38;2;155;152;157m+[0m[48;2;21;20;23m[38;2;21;20;23m▓[0m[48;2;36;34;38m[38;2;36;34;38m▓[0m[48;2;15;14;17m[38;2;15;14;17m█[0m[48;2;32;28;35m[38;2;32;28;35m▓[0m[48;2;33;28;35m[38;2;33;28;35m▓[0m[48;2;26;22;36m[38;2;26;22;36m▓[0m[48;2;4;1;11m[38;2;4;1;11m█[0m[48;2;14;10;19m[38;2;14;10;19m█[0m[48;2;157;154;160m[38;2;157;154;160m+[0m[48;2;243;240;243m[38;2;243;240;243m [0m[48;2;140;138;139m[38;2;140;138;139m*[0m[48;2;111;109;112m[38;2;111;109;112m#[0m[48;2;198;195;199m[38;2;198;195;199m-[0m[48;2;36;31;37m[38;2;36;31;37m▓[0m[48;2;156;140;152m[38;2;156;140;152m*[0m[48;2;161;140;155m[38;2;161;140;155m+[0m[48;2;161;140;155m[38;2;161;140;155m+[0m[48;2;161;140;155m[38;2;161;140;155m+[0m[48;2;161;140;155m[38;2;161;140;155m+[0m[48;2;161;140;155m[38;2;161;140;155m+[0m[48;2;161;140;155m[38;2;161;140;155m+[0m[48;2;161;140;155m[38;2;161;140;155m+[0m[48;2;161;140;155m[38;2;161;140;155m+[0m[48;2;124;106;119m[38;2;124;106;119m#[0m[48;2;108;103;107m[38;2;108;103;107m%[0m                            
                                   [48;2;151;151;151m[38;2;151;151;151m+[0m[48;2;14;12;16m[38;2;14;12;16m█[0m[48;2;79;77;81m[38;2;79;77;81m@[0m[48;2;26;24;35m[38;2;26;24;35m▓[0m[48;2;37;33;50m[38;2;37;33;50m▓[0m[48;2;36;31;49m[38;2;36;31;49m▓[0m[48;2;9;6;17m[38;2;9;6;17m█[0m[48;2;30;26;38m[38;2;30;26;38m▓[0m[48;2;13;10;20m[38;2;13;10;20m█[0m[48;2;41;39;44m[38;2;41;39;44m▒[0m[48;2;9;7;11m[38;2;9;7;11m█[0m[48;2;65;62;68m[38;2;65;62;68m░[0m[48;2;12;9;14m[38;2;12;9;14m█[0m[48;2;17;15;20m[38;2;17;15;20m█[0m[48;2;14;10;15m[38;2;14;10;15m█[0m[48;2;83;76;74m[38;2;83;76;74m@[0m[48;2;133;125;114m[38;2;133;125;114m#[0m[48;2;43;38;49m[38;2;43;38;49m▒[0m[48;2;29;24;41m[38;2;29;24;41m▓[0m[48;2;14;10;22m[38;2;14;10;22m█[0m[48;2;49;46;52m[38;2;49;46;52m▒[0m[48;2;150;147;151m[38;2;150;147;151m+[0m[48;2;179;176;179m[38;2;179;176;179m=[0m[48;2;64;61;65m[38;2;64;61;65m░[0m[48;2;67;62;67m[38;2;67;62;67m░[0m[48;2;70;63;70m[38;2;70;63;70m░[0m[48;2;157;141;153m[38;2;157;141;153m+[0m[48;2;123;105;117m[38;2;123;105;117m#[0m[48;2;144;124;138m[38;2;144;124;138m*[0m[48;2;161;140;155m[38;2;161;140;155m+[0m[48;2;161;140;155m[38;2;161;140;155m+[0m[48;2;161;140;155m[38;2;161;140;155m+[0m[48;2;161;140;155m[38;2;161;140;155m+[0m[48;2;161;140;155m[38;2;161;140;155m+[0m[48;2;161;140;155m[38;2;161;140;155m+[0m[48;2;101;86;97m[38;2;101;86;97m%[0m[48;2;144;140;143m[38;2;144;140;143m*[0m                            
                                    [48;2;165;164;165m[38;2;165;164;165m+[0m[48;2;84;82;86m[38;2;84;82;86m@[0m[48;2;63;61;66m[38;2;63;61;66m░[0m[48;2;27;24;35m[38;2;27;24;35m▓[0m[48;2;30;26;39m[38;2;30;26;39m▓[0m[48;2;15;11;22m[38;2;15;11;22m█[0m[48;2;35;30;47m[38;2;35;30;47m▓[0m[48;2;19;15;29m[38;2;19;15;29m█[0m[48;2;32;28;34m[38;2;32;28;34m▓[0m[48;2;26;21;22m[38;2;26;21;22m▓[0m[48;2;5;1;6m[38;2;5;1;6m█[0m[48;2;24;18;24m[38;2;24;18;24m▓[0m[48;2;87;79;73m[38;2;87;79;73m@[0m[48;2;44;38;35m[38;2;44;38;35m▒[0m[48;2;88;79;80m[38;2;88;79;80m@[0m[48;2;107;96;94m[38;2;107;96;94m%[0m[48;2;40;33;48m[38;2;40;33;48m▒[0m[48;2;37;31;51m[38;2;37;31;51m▓[0m[48;2;37;31;51m[38;2;37;31;51m▓[0m[48;2;32;27;44m[38;2;32;27;44m▓[0m[48;2;14;10;22m[38;2;14;10;22m█[0m[48;2;59;55;63m[38;2;59;55;63m░[0m[48;2;111;104;111m[38;2;111;104;111m%[0m[48;2;132;121;130m[38;2;132;121;130m#[0m[48;2;102;91;99m[38;2;102;91;99m%[0m[48;2;46;36;45m[38;2;46;36;45m▒[0m[48;2;39;29;37m[38;2;39;29;37m▓[0m[48;2;147;130;141m[38;2;147;130;141m*[0m[48;2;160;141;155m[38;2;160;141;155m+[0m[48;2;161;140;155m[38;2;161;140;155m+[0m[48;2;161;140;155m[38;2;161;140;155m+[0m[48;2;161;140;155m[38;2;161;140;155m+[0m[48;2;161;140;155m[38;2;161;140;155m+[0m[48;2;138;122;134m[38;2;138;122;134m*[0m[48;2;60;53;60m[38;2;60;53;60m░[0m[48;2;238;236;238m[38;2;238;236;238m.[0m                            
                                     [48;2;139;138;139m[38;2;139;138;139m*[0m[48;2;109;107;109m[38;2;109;107;109m%[0m[48;2;72;71;74m[38;2;72;71;74m░[0m[48;2;8;7;13m[38;2;8;7;13m█[0m[48;2;24;21;32m[38;2;24;21;32m▓[0m[48;2;37;32;49m[38;2;37;32;49m▓[0m[48;2;34;29;47m[38;2;34;29;47m▓[0m[48;2;27;21;29m[38;2;27;21;29m▓[0m[48;2;126;115;103m[38;2;126;115;103m#[0m[48;2;138;122;104m[38;2;138;122;104m#[0m[48;2;158;142;119m[38;2;158;142;119m*[0m[48;2;148;133;111m[38;2;148;133;111m*[0m[48;2;31;22;23m[38;2;31;22;23m▓[0m[48;2;31;27;37m[38;2;31;27;37m▓[0m[48;2;35;30;45m[38;2;35;30;45m▓[0m[48;2;32;27;45m[38;2;32;27;45m▓[0m[48;2;31;26;44m[38;2;31;26;44m▓[0m[48;2;36;31;48m[38;2;36;31;48m▓[0m[48;2;35;30;49m[38;2;35;30;49m▓[0m[48;2;36;31;47m[38;2;36;31;47m▓[0m[48;2;28;24;36m[38;2;28;24;36m▓[0m[48;2;21;16;27m[38;2;21;16;27m▓[0m[48;2;15;9;18m[38;2;15;9;18m█[0m[48;2;25;20;27m[38;2;25;20;27m▓[0m[48;2;79;72;79m[38;2;79;72;79m@[0m[48;2;151;138;148m[38;2;151;138;148m*[0m[48;2;159;141;154m[38;2;159;141;154m+[0m[48;2;161;140;155m[38;2;161;140;155m+[0m[48;2;161;140;155m[38;2;161;140;155m+[0m[48;2;160;140;155m[38;2;160;140;155m+[0m[48;2;134;117;130m[38;2;134;117;130m#[0m[48;2;84;70;81m[38;2;84;70;81m@[0m[48;2;103;95;102m[38;2;103;95;102m%[0m[48;2;226;224;226m[38;2;226;224;226m.[0m                             
                                      [48;2;181;181;181m[38;2;181;181;181m=[0m[48;2;158;157;158m[38;2;158;157;158m+[0m[48;2;44;41;47m[38;2;44;41;47m▒[0m[48;2;30;26;38m[38;2;30;26;38m▓[0m[48;2;19;15;29m[38;2;19;15;29m█[0m[48;2;26;23;32m[38;2;26;23;32m▓[0m[48;2;5;2;10m[38;2;5;2;10m█[0m[48;2;11;7;20m[38;2;11;7;20m█[0m[48;2;25;17;39m[38;2;25;17;39m▓[0m[48;2;27;22;25m[38;2;27;22;25m▓[0m[48;2;11;7;12m[38;2;11;7;12m█[0m[48;2;14;11;16m[38;2;14;11;16m█[0m[48;2;24;21;26m[38;2;24;21;26m▓[0m[48;2;20;18;24m[38;2;20;18;24m▓[0m[48;2;6;4;10m[38;2;6;4;10m█[0m[48;2;9;6;12m[38;2;9;6;12m█[0m[48;2;7;3;9m[38;2;7;3;9m█[0m[48;2;7;4;10m[38;2;7;4;10m█[0m[48;2;13;10;18m[38;2;13;10;18m█[0m[48;2;10;7;15m[38;2;10;7;15m█[0m[48;2;14;10;19m[38;2;14;10;19m█[0m[48;2;11;6;15m[38;2;11;6;15m█[0m[48;2;19;15;28m[38;2;19;15;28m█[0m[48;2;24;19;32m[38;2;24;19;32m▓[0m[48;2;59;52;62m[38;2;59;52;62m░[0m[48;2;113;100;113m[38;2;113;100;113m%[0m[48;2;118;101;115m[38;2;118;101;115m%[0m[48;2;75;63;73m[38;2;75;63;73m░[0m[48;2;95;86;95m[38;2;95;86;95m@[0m[48;2;145;140;146m[38;2;145;140;146m*[0m[48;2;229;227;230m[38;2;229;227;230m.[0m                               
                                        [48;2;15;14;16m[38;2;15;14;16m█[0m[48;2;16;14;20m[38;2;16;14;20m█[0m[48;2;41;38;43m[38;2;41;38;43m▒[0m[48;2;31;28;33m[38;2;31;28;33m▓[0m[48;2;16;13;16m[38;2;16;13;16m█[0m[48;2;50;48;52m[38;2;50;48;52m▒[0m[48;2;19;15;31m[38;2;19;15;31m█[0m[48;2;15;13;23m[38;2;15;13;23m█[0m[48;2;12;8;26m[38;2;12;8;26m█[0m[48;2;65;48;125m[38;2;65;48;125m░[0m[48;2;36;27;54m[38;2;36;27;54m▓[0m[48;2;14;12;17m[38;2;14;12;17m█[0m[48;2;36;33;39m[38;2;36;33;39m▓[0m[48;2;45;42;48m[38;2;45;42;48m▒[0m[48;2;46;44;50m[38;2;46;44;50m▒[0m[48;2;49;46;53m[38;2;49;46;53m▒[0m[48;2;51;47;57m[38;2;51;47;57m▒[0m[48;2;27;22;35m[38;2;27;22;35m▓[0m[48;2;20;16;29m[38;2;20;16;29m▓[0m[48;2;32;26;44m[38;2;32;26;44m▓[0m[48;2;37;31;52m[38;2;37;31;52m▓[0m[48;2;37;31;52m[38;2;37;31;52m▓[0m[48;2;36;30;50m[38;2;36;30;50m▓[0m[48;2;26;20;37m[38;2;26;20;37m▓[0m[48;2;14;10;20m[38;2;14;10;20m█[0m[48;2;108;105;112m[38;2;108;105;112m%[0m[48;2;237;236;238m[38;2;237;236;238m.[0m                                 
                                       [48;2;180;180;181m[38;2;180;180;181m=[0m[48;2;15;14;16m[38;2;15;14;16m█[0m[48;2;30;27;33m[38;2;30;27;33m▓[0m[48;2;24;19;31m[38;2;24;19;31m▓[0m[48;2;32;26;43m[38;2;32;26;43m▓[0m[48;2;75;72;77m[38;2;75;72;77m@[0m[48;2;155;152;156m[38;2;155;152;156m+[0m[48;2;45;31;94m[38;2;45;31;94m▒[0m[48;2;63;48;110m[38;2;63;48;110m░[0m[48;2;18;9;45m[38;2;18;9;45m█[0m[48;2;45;35;79m[38;2;45;35;79m▒[0m[48;2;26;19;40m[38;2;26;19;40m▓[0m[48;2;83;81;86m[38;2;83;81;86m@[0m[48;2;99;97;103m[38;2;99;97;103m%[0m[48;2;28;25;33m[38;2;28;25;33m▓[0m[48;2;31;27;41m[38;2;31;27;41m▓[0m[48;2;37;32;50m[38;2;37;32;50m▓[0m[48;2;37;31;52m[38;2;37;31;52m▓[0m[48;2;37;31;52m[38;2;37;31;52m▓[0m[48;2;37;31;52m[38;2;37;31;52m▓[0m[48;2;37;31;52m[38;2;37;31;52m▓[0m[48;2;37;31;52m[38;2;37;31;52m▓[0m[48;2;37;31;52m[38;2;37;31;52m▓[0m[48;2;37;31;52m[38;2;37;31;52m▓[0m[48;2;37;31;52m[38;2;37;31;52m▓[0m[48;2;37;31;52m[38;2;37;31;52m▓[0m[48;2;30;25;43m[38;2;30;25;43m▓[0m[48;2;31;28;37m[38;2;31;28;37m▓[0m[48;2;139;137;142m[38;2;139;137;142m*[0m                                
                                       [48;2;75;74;77m[38;2;75;74;77m@[0m[48;2;8;6;13m[38;2;8;6;13m█[0m[48;2;31;26;43m[38;2;31;26;43m▓[0m[48;2;37;31;52m[38;2;37;31;52m▓[0m[48;2;27;22;40m[38;2;27;22;40m▓[0m[48;2;117;115;119m[38;2;117;115;119m#[0m[48;2;236;234;236m[38;2;236;234;236m.[0m[48;2;85;82;87m[38;2;85;82;87m@[0m[48;2;72;66;80m[38;2;72;66;80m░[0m[48;2;22;12;49m[38;2;22;12;49m▓[0m[48;2;63;48;117m[38;2;63;48;117m░[0m[48;2;30;20;48m[38;2;30;20;48m▓[0m[48;2;164;160;166m[38;2;164;160;166m+[0m [48;2;228;225;230m[38;2;228;225;230m.[0m[48;2;136;133;140m[38;2;136;133;140m*[0m[48;2;51;47;56m[38;2;51;47;56m▒[0m[48;2;24;20;34m[38;2;24;20;34m▓[0m[48;2;34;29;47m[38;2;34;29;47m▓[0m[48;2;37;31;51m[38;2;37;31;51m▓[0m[48;2;37;31;52m[38;2;37;31;52m▓[0m[48;2;37;31;52m[38;2;37;31;52m▓[0m[48;2;37;31;52m[38;2;37;31;52m▓[0m[48;2;37;31;52m[38;2;37;31;52m▓[0m[48;2;37;31;52m[38;2;37;31;52m▓[0m[48;2;37;31;52m[38;2;37;31;52m▓[0m[48;2;37;31;52m[38;2;37;31;52m▓[0m[48;2;37;31;52m[38;2;37;31;52m▓[0m[48;2;29;24;41m[38;2;29;24;41m▓[0m[48;2;49;46;55m[38;2;49;46;55m▒[0m[48;2;197;196;198m[38;2;197;196;198m-[0m                              
                                       [48;2;136;136;137m[38;2;136;136;137m*[0m[48;2;22;20;27m[38;2;22;20;27m▓[0m[48;2;37;31;51m[38;2;37;31;51m▓[0m[48;2;37;31;52m[38;2;37;31;52m▓[0m[48;2;25;19;39m[38;2;25;19;39m▓[0m[48;2;138;135;141m[38;2;138;135;141m*[0m   [48;2;177;176;178m[38;2;177;176;178m=[0m[48;2;88;84;92m[38;2;88;84;92m@[0m[48;2;93;90;97m[38;2;93;90;97m%[0m[48;2;235;233;236m[38;2;235;233;236m.[0m    [48;2;160;158;163m[38;2;160;158;163m+[0m[48;2;33;30;37m[38;2;33;30;37m▓[0m[48;2;50;47;55m[38;2;50;47;55m▒[0m[48;2;21;17;31m[38;2;21;17;31m▓[0m[48;2;30;25;43m[38;2;30;25;43m▓[0m[48;2;37;31;51m[38;2;37;31;51m▓[0m[48;2;37;31;52m[38;2;37;31;52m▓[0m[48;2;37;31;52m[38;2;37;31;52m▓[0m[48;2;37;31;52m[38;2;37;31;52m▓[0m[48;2;37;31;52m[38;2;37;31;52m▓[0m[48;2;37;31;52m[38;2;37;31;52m▓[0m[48;2;37;31;52m[38;2;37;31;52m▓[0m[48;2;36;30;49m[38;2;36;30;49m▓[0m[48;2;23;19;30m[38;2;23;19;30m▓[0m[48;2;188;187;189m[38;2;188;187;189m-[0m                             