                                                                                                              
                                                                                                              
                                                                                                              
                                                                                                              
                                                                                                              
                                                                                                              
                                                                                                              
                                                                                                              
                                                                                                              
                                                                                                              
                                                                                                              
                                                                                                              
                                                                                                              
                                                 [48;2;222;222;223m[38;2;222;222;223m.[0m[48;2;157;157;158m[38;2;157;157;158m+[0m[48;2;111;111;113m[38;2;111;111;113m#[0m[48;2;80;79;82m[38;2;80;79;82m@[0m[48;2;58;57;61m[38;2;58;57;61m░[0m[48;2;45;44;49m[38;2;45;44;49m▒[0m[48;2;45;44;50m[38;2;45;44;50m▒[0m[48;2;36;35;41m[38;2;36;35;41m▓[0m[48;2;45;43;50m[38;2;45;43;50m▒[0m[48;2;56;54;61m[38;2;56;54;61m░[0m[48;2;90;89;93m[38;2;90;89;93m@[0m[48;2;125;124;129m[38;2;125;124;129m#[0m[48;2;171;170;173m[38;2;171;170;173m=[0m[48;2;223;223;224m[38;2;223;223;224m.[0m                                               
                                               [48;2;156;156;157m[38;2;156;156;157m+[0m[48;2;63;62;67m[38;2;63;62;67m░[0m[48;2;23;21;31m[38;2;23;21;31m▓[0m[48;2;33;31;43m[38;2;33;31;43m▓[0m[48;2;42;40;54m[38;2;42;40;54m▒[0m[48;2;58;56;71m[38;2;58;56;71m░[0m[48;2;47;44;60m[38;2;47;44;60m▒[0m[48;2;64;61;76m[38;2;64;61;76m░[0m[48;2;57;53;69m[38;2;57;53;69m░[0m[48;2;46;43;60m[38;2;46;43;60m▒[0m[48;2;46;43;59m[38;2;46;43;59m▒[0m[48;2;45;43;60m[38;2;45;43;60m▒[0m[48;2;44;41;58m[38;2;44;41;58m▒[0m[48;2;40;37;54m[38;2;40;37;54m▒[0m[48;2;33;31;47m[38;2;33;31;47m▓[0m[48;2;24;22;35m[38;2;24;22;35m▓[0m[48;2;49;48;56m[38;2;49;48;56m▒[0m[48;2;133;132;137m[38;2;133;132;137m*[0m[48;2;237;236;238m[38;2;237;236;238m.[0m                                            
                                             [48;2;162;161;163m[38;2;162;161;163m+[0m[48;2;40;38;44m[38;2;40;38;44m▒[0m[48;2;31;29;40m[38;2;31;29;40m▓[0m[48;2;46;43;57m[38;2;46;43;57m▒[0m[48;2;62;59;74m[38;2;62;59;74m░[0m[48;2;59;57;70m[38;2;59;57;70m░[0m[48;2;48;45;56m[38;2;48;45;56m▒[0m[48;2;46;40;50m[38;2;46;40;50m▒[0m[48;2;54;47;56m[38;2;54;47;56m▒[0m[48;2;64;56;66m[38;2;64;56;66m░[0m[48;2;67;58;67m[38;2;67;58;67m░[0m[48;2;61;52;61m[38;2;61;52;61m░[0m[48;2;50;42;51m[38;2;50;42;51m▒[0m[48;2;36;28;39m[38;2;36;28;39m▓[0m[48;2;25;19;30m[38;2;25;19;30m▓[0m[48;2;33;27;40m[38;2;33;27;40m▓[0m[48;2;43;39;54m[38;2;43;39;54m▒[0m[48;2;44;42;60m[38;2;44;42;60m▒[0m[48;2;44;42;59m[38;2;44;42;59m▒[0m[48;2;34;31;47m[38;2;34;31;47m▓[0m[48;2;31;29;39m[38;2;31;29;39m▓[0m[48;2;151;150;154m[38;2;151;150;154m+[0m                                           
                                           [48;2;220;220;220m[38;2;220;220;220m.[0m[48;2;69;68;71m[38;2;69;68;71m░[0m[48;2;8;6;13m[38;2;8;6;13m█[0m[48;2;26;22;32m[38;2;26;22;32m▓[0m[48;2;39;33;44m[38;2;39;33;44m▓[0m[48;2;58;50;59m[38;2;58;50;59m▒[0m[48;2;51;43;51m[38;2;51;43;51m▒[0m[48;2;76;67;77m[38;2;76;67;77m░[0m[48;2;89;77;89m[38;2;89;77;89m@[0m[48;2;70;57;69m[38;2;70;57;69m░[0m[48;2;73;58;70m[38;2;73;58;70m░[0m[48;2;72;58;68m[38;2;72;58;68m░[0m[48;2;100;85;95m[38;2;100;85;95m@[0m[48;2;157;140;152m[38;2;157;140;152m+[0m[48;2;159;140;152m[38;2;159;140;152m+[0m[48;2;159;140;153m[38;2;159;140;153m+[0m[48;2;151;133;147m[38;2;151;133;147m*[0m[48;2;114;99;112m[38;2;114;99;112m%[0m[48;2;63;50;62m[38;2;63;50;62m░[0m[48;2;40;30;42m[38;2;40;30;42m▓[0m[48;2;64;59;70m[38;2;64;59;70m░[0m[48;2;64;61;72m[38;2;64;61;72m░[0m[48;2;50;47;59m[38;2;50;47;59m▒[0m[48;2;26;24;34m[38;2;26;24;34m▓[0m[48;2;80;78;82m[38;2;80;78;82m@[0m[48;2;232;231;232m[38;2;232;231;232m.[0m                                         
                                          [48;2;228;228;229m[38;2;228;228;229m.[0m[48;2;29;27;31m[38;2;29;27;31m▓[0m[48;2;53;49;54m[38;2;53;49;54m▒[0m[48;2;88;82;88m[38;2;88;82;88m@[0m[48;2;76;67;74m[38;2;76;67;74m░[0m[48;2;72;61;68m[38;2;72;61;68m░[0m[48;2;152;138;147m[38;2;152;138;147m*[0m[48;2;159;143;154m[38;2;159;143;154m+[0m[48;2;160;142;155m[38;2;160;142;155m+[0m[48;2;159;140;154m[38;2;159;140;154m+[0m[48;2;159;139;154m[38;2;159;139;154m+[0m[48;2;160;141;155m[38;2;160;141;155m+[0m[48;2;159;141;154m[38;2;159;141;154m+[0m[48;2;158;138;152m[38;2;158;138;152m*[0m[48;2;160;139;154m[38;2;160;139;154m+[0m[48;2;159;138;153m[38;2;159;138;153m*[0m[48;2;161;140;155m[38;2;161;140;155m+[0m[48;2;161;140;155m[38;2;161;140;155m+[0m[48;2;135;116;130m[38;2;135;116;130m#[0m[48;2;159;140;154m[38;2;159;140;154m+[0m[48;2;134;118;129m[38;2;134;118;129m#[0m[48;2;53;43;52m[38;2;53;43;52m▒[0m[48;2;25;20;27m[38;2;25;20;27m▓[0m[48;2;33;29;42m[38;2;33;29;42m▓[0m[48;2;14;11;22m[38;2;14;11;22m█[0m[48;2;13;9;20m[38;2;13;9;20m█[0m[48;2;50;45;59m[38;2;50;45;59m▒[0m[48;2;200;198;199m[38;2;200;198;199m-[0m                                        
                                         [48;2;205;205;205m[38;2;205;205;205m:[0m[48;2;50;48;52m[38;2;50;48;52m▒[0m[48;2;121;108;118m[38;2;121;108;118m#[0m[48;2;69;54;65m[38;2;69;54;65m░[0m[48;2;75;65;74m[38;2;75;65;74m░[0m[48;2;137;122;133m[38;2;137;122;133m#[0m[48;2;159;141;154m[38;2;159;141;154m+[0m[48;2;160;140;155m[38;2;160;140;155m+[0m[48;2;161;140;155m[38;2;161;140;155m+[0m[48;2;161;140;155m[38;2;161;140;155m+[0m[48;2;160;139;154m[38;2;160;139;154m+[0m[48;2;159;138;153m[38;2;159;138;153m*[0m[48;2;137;117;131m[38;2;137;117;131m#[0m[48;2;147;127;142m[38;2;147;127;142m*[0m[48;2;160;139;154m[38;2;160;139;154m+[0m[48;2;161;140;155m[38;2;161;140;155m+[0m[48;2;161;140;155m[38;2;161;140;155m+[0m[48;2;161;140;155m[38;2;161;140;155m+[0m[48;2;161;140;155m[38;2;161;140;155m+[0m[48;2;72;55;67m[38;2;72;55;67m░[0m[48;2;100;85;96m[38;2;100;85;96m@[0m[48;2;159;141;154m[38;2;159;141;154m+[0m[48;2;157;139;152m[38;2;157;139;152m*[0m[48;2;85;73;83m[38;2;85;73;83m@[0m[48;2;47;35;62m[38;2;47;35;62m▒[0m[48;2;64;46;98m[38;2;64;46;98m░[0m[48;2;55;38;88m[38;2;55;38;88m▒[0m[48;2;51;35;79m[38;2;51;35;79m▒[0m[48;2;26;20;26m[38;2;26;20;26m▓[0m[48;2;209;208;208m[38;2;209;208;208m:[0m                                       
                                        [48;2;228;228;228m[38;2;228;228;228m.[0m[48;2;37;34;38m[38;2;37;34;38m▓[0m[48;2;138;125;136m[38;2;138;125;136m*[0m[48;2;158;138;152m[38;2;158;138;152m*[0m[48;2;137;117;131m[38;2;137;117;131m#[0m[48;2;160;141;155m[38;2;160;141;155m+[0m[48;2;161;140;155m[38;2;161;140;155m+[0m[48;2;161;140;155m[38;2;161;140;155m+[0m[48;2;161;140;155m[38;2;161;140;155m+[0m[48;2;161;140;155m[38;2;161;140;155m+[0m[48;2;161;140;155m[38;2;161;140;155m+[0m[48;2;160;139;154m[38;2;160;139;154m+[0m[48;2;154;134;149m[38;2;154;134;149m*[0m[48;2;117;99;113m[38;2;117;99;113m%[0m[48;2;59;44;56m[38;2;59;44;56m▒[0m[48;2;156;136;151m[38;2;156;136;151m*[0m[48;2;161;140;155m[38;2;161;140;155m+[0m[48;2;140;120;135m[38;2;140;120;135m#[0m[48;2;147;127;141m[38;2;147;127;141m*[0m[48;2;160;141;155m[38;2;160;141;155m+[0m[48;2;157;137;151m[38;2;157;137;151m*[0m[48;2;63;47;58m[38;2;63;47;58m▒[0m[48;2;99;83;94m[38;2;99;83;94m@[0m[48;2;160;139;154m[38;2;160;139;154m+[0m[48;2;160;140;155m[38;2;160;140;155m+[0m[48;2;78;63;75m[38;2;78;63;75m░[0m[48;2;69;47;99m[38;2;69;47;99m░[0m[48;2;109;77;168m[38;2;109;77;168m%[0m[48;2;63;46;92m[38;2;63;46;92m░[0m[48;2;28;18;42m[38;2;28;18;42m▓[0m[48;2;48;45;48m[38;2;48;45;48m▒[0m                                       
                                        [48;2;78;77;78m[38;2;78;77;78m@[0m[48;2;110;103;110m[38;2;110;103;110m%[0m[48;2;127;113;124m[38;2;127;113;124m#[0m[48;2;141;123;136m[38;2;141;123;136m*[0m[48;2;160;142;156m[38;2;160;142;156m+[0m[48;2;91;75;88m[38;2;91;75;88m@[0m[48;2;127;110;124m[38;2;127;110;124m#[0m[48;2;78;63;74m[38;2;78;63;74m░[0m[48;2;151;133;147m[38;2;151;133;147m*[0m[48;2;161;141;156m[38;2;161;141;156m+[0m[48;2;162;141;156m[38;2;162;141;156m+[0m[48;2;128;109;123m[38;2;128;109;123m#[0m[48;2;58;43;54m[38;2;58;43;54m▒[0m[48;2;153;138;149m[38;2;153;138;149m*[0m[48;2;65;53;62m[38;2;65;53;62m░[0m[48;2;40;31;39m[38;2;40;31;39m▓[0m[48;2;110;98;108m[38;2;110;98;108m%[0m[48;2;127;112;123m[38;2;127;112;123m#[0m[48;2;43;32;40m[38;2;43;32;40m▓[0m[48;2;122;109;120m[38;2;122;109;120m#[0m[48;2;159;142;155m[38;2;159;142;155m+[0m[48;2;157;139;153m[38;2;157;139;153m*[0m[48;2;84;66;79m[38;2;84;66;79m░[0m[48;2;75;57;70m[38;2;75;57;70m░[0m[48;2;153;134;148m[38;2;153;134;148m*[0m[48;2;157;139;153m[38;2;157;139;153m*[0m[48;2;75;59;73m[38;2;75;59;73m░[0m[48;2;41;25;51m[38;2;41;25;51m▓[0m[48;2;6;1;9m[38;2;6;1;9m█[0m[48;2;14;9;18m[38;2;14;9;18m█[0m[48;2;19;14;23m[38;2;19;14;23m█[0m[48;2;163;161;162m[38;2;163;161;162m+[0m                                      
                                       [48;2;203;203;203m[38;2;203;203;203m:[0m[48;2;46;40;43m[38;2;46;40;43m▒[0m[48;2;156;145;154m[38;2;156;145;154m+[0m[48;2;38;28;37m[38;2;38;28;37m▓[0m[48;2;138;125;134m[38;2;138;125;134m*[0m[48;2;124;110;121m[38;2;124;110;121m#[0m[48;2;24;16;23m[38;2;24;16;23m▓[0m[48;2;124;111;123m[38;2;124;111;123m#[0m[48;2;33;22;32m[38;2;33;22;32m▓[0m[48;2;156;141;153m[38;2;156;141;153m+[0m[48;2;161;141;156m[38;2;161;141;156m+[0m[48;2;161;140;155m[38;2;161;140;155m+[0m[48;2;150;131;146m[38;2;150;131;146m*[0m[48;2;18;8;16m[38;2;18;8;16m█[0m[48;2;83;72;80m[38;2;83;72;80m@[0m[48;2;146;133;143m[38;2;146;133;143m*[0m[48;2;42;34;41m[38;2;42;34;41m▒[0m[48;2;92;84;91m[38;2;92;84;91m@[0m[48;2;85;76;81m[38;2;85;76;81m@[0m[48;2;62;53;59m[38;2;62;53;59m░[0m[48;2;21;15;20m[38;2;21;15;20m█[0m[48;2;82;72;80m[38;2;82;72;80m@[0m[48;2;142;127;139m[38;2;142;127;139m*[0m[48;2;157;142;155m[38;2;157;142;155m+[0m[48;2;123;107;120m[38;2;123;107;120m#[0m[48;2;53;40;51m[38;2;53;40;51m▒[0m[48;2;107;94;105m[38;2;107;94;105m%[0m[48;2;156;141;153m[38;2;156;141;153m+[0m[48;2;104;90;100m[38;2;104;90;100m%[0m[48;2;30;21;30m[38;2;30;21;30m▓[0m[48;2;28;21;29m[38;2;28;21;29m▓[0m[48;2;13;9;15m[38;2;13;9;15m█[0m[48;2;121;118;121m[38;2;121;118;121m#[0m                                      
                                       [48;2;128;127;127m[38;2;128;127;127m#[0m[48;2;97;87;94m[38;2;97;87;94m@[0m[48;2;151;137;147m[38;2;151;137;147m*[0m[48;2;27;16;25m[38;2;27;16;25m▓[0m[48;2;66;54;63m[38;2;66;54;63m░[0m[48;2;79;70;78m[38;2;79;70;78m@[0m[48;2;32;25;32m[38;2;32;25;32m▓[0m[48;2;103;92;102m[38;2;103;92;102m%[0m[48;2;14;5;13m[38;2;14;5;13m█[0m[48;2;46;36;45m[38;2;46;36;45m▒[0m[48;2;96;83;94m[38;2;96;83;94m@[0m[48;2;158;141;155m[38;2;158;141;155m+[0m[48;2;158;141;154m[38;2;158;141;154m+[0m[48;2;83;72;82m[38;2;83;72;82m@[0m[48;2;17;10;16m[38;2;17;10;16m█[0m[48;2;52;44;51m[38;2;52;44;51m▒[0m[48;2;76;69;79m[38;2;76;69;79m░[0m[48;2;19;10;27m[38;2;19;10;27m█[0m[48;2;55;45;68m[38;2;55;45;68m▒[0m[48;2;73;67;71m[38;2;73;67;71m░[0m[48;2;28;23;27m[38;2;28;23;27m▓[0m[48;2;11;6;10m[38;2;11;6;10m█[0m[48;2;59;53;58m[38;2;59;53;58m░[0m[48;2;61;52;60m[38;2;61;52;60m░[0m[48;2;79;69;77m[38;2;79;69;77m░[0m[48;2;101;90;100m[38;2;101;90;100m%[0m[48;2;64;55;63m[38;2;64;55;63m░[0m[48;2;40;31;39m[38;2;40;31;39m▓[0m[48;2;66;56;65m[38;2;66;56;65m░[0m[48;2;61;53;60m[38;2;61;53;60m░[0m[48;2;15;7;14m[38;2;15;7;14m█[0m[48;2;49;40;48m[38;2;49;40;48m▒[0m[48;2;71;65;70m[38;2;71;65;70m░[0m[48;2;85;81;85m[38;2;85;81;85m@[0m[48;2;178;177;179m[38;2;178;177;179m=[0m                                    
                                       [48;2;74;72;73m[38;2;74;72;73m░[0m[48;2;129;115;124m[38;2;129;115;124m#[0m[48;2;145;130;140m[38;2;145;130;140m*[0m[48;2;8;1;7m[38;2;8;1;7m█[0m[48;2;26;19;25m[38;2;26;19;25m▓[0m[48;2;161;153;160m[38;2;161;153;160m+[0m[48;2;32;25;31m[38;2;32;25;31m▓[0m[48;2;48;40;53m[38;2;48;40;53m▒[0m[48;2;41;31;46m[38;2;41;31;46m▓[0m[48;2;14;5;23m[38;2;14;5;23m█[0m[48;2;13;7;14m[38;2;13;7;14m█[0m[48;2;65;55;63m[38;2;65;55;63m░[0m[48;2;81;70;77m[38;2;81;70;77m@[0m[48;2;96;85;92m[38;2;96;85;92m@[0m[48;2;114;105;109m[38;2;114;105;109m%[0m[48;2;18;11;20m[38;2;18;11;20m█[0m[48;2;73;45;133m[38;2;73;45;133m░[0m[48;2;82;45;153m[38;2;82;45;153m░[0m[48;2;77;41;136m[38;2;77;41;136m░[0m[48;2;71;61;70m[38;2;71;61;70m░[0m[48;2;171;164;165m[38;2;171;164;165m=[0m[48;2;141;131;135m[38;2;141;131;135m*[0m[48;2;63;52;57m[38;2;63;52;57m░[0m[48;2;152;141;148m[38;2;152;141;148m*[0m[48;2;141;129;138m[38;2;141;129;138m*[0m[48;2;117;103;113m[38;2;117;103;113m%[0m[48;2;27;16;25m[38;2;27;16;25m▓[0m[48;2;65;54;62m[38;2;65;54;62m░[0m[48;2;88;78;86m[38;2;88;78;86m@[0m[48;2;96;85;94m[38;2;96;85;94m@[0m[48;2;146;133;144m[38;2;146;133;144m*[0m[48;2;156;141;152m[38;2;156;141;152m+[0m[48;2;158;142;154m[38;2;158;142;154m+[0m[48;2;150;135;145m[38;2;150;135;145m*[0m[48;2;102;89;99m[38;2;102;89;99m%[0m[48;2;65;57;65m[38;2;65;57;65m░[0m[48;2;127;124;126m[38;2;127;124;126m#[0m[48;2;230;229;230m[38;2;230;229;230m.[0m                                 
                                       [48;2;73;71;72m[38;2;73;71;72m░[0m[48;2;129;116;124m[38;2;129;116;124m#[0m[48;2;156;138;149m[38;2;156;138;149m*[0m[48;2;17;9;16m[38;2;17;9;16m█[0m[48;2;95;88;94m[38;2;95;88;94m@[0m[48;2;176;169;173m[38;2;176;169;173m=[0m[48;2;36;29;35m[38;2;36;29;35m▓[0m[48;2;69;41;132m[38;2;69;41;132m░[0m[48;2;80;39;153m[38;2;80;39;153m░[0m[48;2;81;37;152m[38;2;81;37;152m░[0m[48;2;31;18;41m[38;2;31;18;41m▓[0m[48;2;236;226;229m[38;2;236;226;229m.[0m[48;2;246;235;235m[38;2;246;235;235m [0m[48;2;246;233;231m[38;2;246;233;231m.[0m[48;2;247;234;230m[38;2;247;234;230m.[0m[48;2;111;99;99m[38;2;111;99;99m%[0m[48;2;128;105;131m[38;2;128;105;131m#[0m[48;2;214;163;217m[38;2;214;163;217m-[0m[48;2;202;150;209m[38;2;202;150;209m=[0m[48;2;44;32;42m[38;2;44;32;42m▒[0m[48;2;244;232;229m[38;2;244;232;229m.[0m[48;2;248;231;225m[38;2;248;231;225m.[0m[48;2;174;155;152m[38;2;174;155;152m+[0m[48;2;56;45;50m[38;2;56;45;50m▒[0m[48;2;139;126;135m[38;2;139;126;135m*[0m[48;2;161;143;154m[38;2;161;143;154m+[0m[48;2;143;128;138m[38;2;143;128;138m*[0m[48;2;59;47;55m[38;2;59;47;55m▒[0m[48;2;82;73;80m[38;2;82;73;80m@[0m[48;2;147;134;144m[38;2;147;134;144m*[0m[48;2;159;144;156m[38;2;159;144;156m+[0m[48;2;159;141;155m[38;2;159;141;155m+[0m[48;2;160;139;154m[38;2;160;139;154m+[0m[48;2;161;140;155m[38;2;161;140;155m+[0m[48;2;161;140;155m[38;2;161;140;155m+[0m[48;2;159;141;154m[38;2;159;141;154m+[0m[48;2;124;113;121m[38;2;124;113;121m#[0m[48;2;60;54;59m[38;2;60;54;59m░[0m[48;2;117;116;117m[38;2;117;116;117m#[0m                                
                                       [48;2;149;148;149m[38;2;149;148;149m+[0m[48;2;78;69;75m[38;2;78;69;75m░[0m[48;2;159;142;153m[38;2;159;142;153m+[0m[48;2;74;62;71m[38;2;74;62;71m░[0m[48;2;54;47;53m[38;2;54;47;53m▒[0m[48;2;246;236;238m[38;2;246;236;238m [0m[48;2;127;117;120m[38;2;127;117;120m#[0m[48;2;112;93;119m[38;2;112;93;119m%[0m[48;2;212;165;218m[38;2;212;165;218m-[0m[48;2;208;155;218m[38;2;208;155;218m=[0m[48;2;49;30;51m[38;2;49;30;51m▒[0m[48;2;224;213;213m[38;2;224;213;213m:[0m[48;2;251;236;231m[38;2;251;236;231m [0m[48;2;251;235;229m[38;2;251;235;229m [0m[48;2;251;235;229m[38;2;251;235;229m [0m[48;2;243;228;224m[38;2;243;228;224m.[0m[48;2;129;116;115m[38;2;129;116;115m#[0m[48;2;97;81;87m[38;2;97;81;87m@[0m[48;2;91;75;82m[38;2;91;75;82m@[0m[48;2;178;165;166m[38;2;178;165;166m=[0m[48;2;241;222;215m[38;2;241;222;215m.[0m[48;2;237;203;195m[38;2;237;203;195m:[0m[48;2;239;208;199m[38;2;239;208;199m:[0m[48;2;212;199;198m[38;2;212;199;198m:[0m[48;2;75;63;66m[38;2;75;63;66m░[0m[48;2;100;86;94m[38;2;100;86;94m@[0m[48;2;158;140;152m[38;2;158;140;152m+[0m[48;2;159;142;153m[38;2;159;142;153m+[0m[48;2;111;100;108m[38;2;111;100;108m%[0m[48;2;66;56;64m[38;2;66;56;64m░[0m[48;2;70;59;68m[38;2;70;59;68m░[0m[48;2;103;91;102m[38;2;103;91;102m%[0m[48;2;130;116;127m[38;2;130;116;127m#[0m[48;2;143;128;139m[38;2;143;128;139m*[0m[48;2;145;129;141m[38;2;145;129;141m*[0m[48;2;140;124;136m[38;2;140;124;136m*[0m[48;2;125;109;122m[38;2;125;109;122m#[0m[48;2;155;141;152m[38;2;155;141;152m+[0m[48;2;87;79;86m[38;2;87;79;86m@[0m[48;2;118;115;118m[38;2;118;115;118m#[0m                               
                                       [48;2;238;237;238m[38;2;238;237;238m.[0m[48;2;43;40;41m[38;2;43;40;41m▒[0m[48;2;138;125;134m[38;2;138;125;134m*[0m[48;2;151;136;147m[38;2;151;136;147m*[0m[48;2;54;44;53m[38;2;54;44;53m▒[0m[48;2;169;158;162m[38;2;169;158;162m+[0m[48;2;232;218;215m[38;2;232;218;215m.[0m[48;2;85;73;76m[38;2;85;73;76m@[0m[48;2;107;81;101m[38;2;107;81;101m@[0m[48;2;99;71;95m[38;2;99;71;95m@[0m[48;2;114;99;108m[38;2;114;99;108m%[0m[48;2;250;237;232m[38;2;250;237;232m [0m[48;2;252;237;230m[38;2;252;237;230m [0m[48;2;143;127;122m[38;2;143;127;122m*[0m[48;2;152;136;133m[38;2;152;136;133m*[0m[48;2;251;235;229m[38;2;251;235;229m [0m[48;2;251;235;230m[38;2;251;235;230m [0m[48;2;251;235;230m[38;2;251;235;230m [0m[48;2;251;235;229m[38;2;251;235;229m [0m[48;2;250;235;227m[38;2;250;235;227m [0m[48;2;249;233;224m[38;2;249;233;224m.[0m[48;2;251;234;226m[38;2;251;234;226m [0m[48;2;251;233;229m[38;2;251;233;229m [0m[48;2;251;234;231m[38;2;251;234;231m [0m[48;2;146;133;133m[38;2;146;133;133m*[0m[48;2;50;39;45m[38;2;50;39;45m▒[0m[48;2;60;48;58m[38;2;60;48;58m▒[0m[48;2;76;62;74m[38;2;76;62;74m░[0m[48;2;29;19;28m[38;2;29;19;28m▓[0m[48;2;84;75;82m[38;2;84;75;82m@[0m[48;2;104;96;103m[38;2;104;96;103m%[0m[48;2;79;73;79m[38;2;79;73;79m@[0m[48;2;44;39;45m[38;2;44;39;45m▒[0m[48;2;21;16;22m[38;2;21;16;22m█[0m[48;2;10;4;11m[38;2;10;4;11m█[0m[48;2;42;35;42m[38;2;42;35;42m▒[0m[48;2;108;97;106m[38;2;108;97;106m%[0m[48;2;156;141;151m[38;2;156;141;151m+[0m[48;2;155;140;150m[38;2;155;140;150m*[0m[48;2;37;30;35m[38;2;37;30;35m▓[0m[48;2;225;225;225m[38;2;225;225;225m.[0m                              
                                        [48;2;68;68;68m[38;2;68;68;68m░[0m[48;2;26;23;25m[38;2;26;23;25m▓[0m[48;2;90;82;88m[38;2;90;82;88m@[0m[48;2;124;115;122m[38;2;124;115;122m#[0m[48;2;64;55;59m[38;2;64;55;59m░[0m[48;2;92;79;80m[38;2;92;79;80m@[0m[48;2;211;199;198m[38;2;211;199;198m:[0m[48;2;221;207;203m[38;2;221;207;203m:[0m[48;2;230;215;210m[38;2;230;215;210m:[0m[48;2;251;235;229m[38;2;251;235;229m [0m[48;2;250;235;227m[38;2;250;235;227m [0m[48;2;250;235;226m[38;2;250;235;226m [0m[48;2;250;235;228m[38;2;250;235;228m [0m[48;2;251;235;229m[38;2;251;235;229m [0m[48;2;251;235;229m[38;2;251;235;229m [0m[48;2;250;234;228m[38;2;250;234;228m [0m[48;2;250;234;228m[38;2;250;234;228m [0m[48;2;250;234;228m[38;2;250;234;228m [0m[48;2;250;235;227m[38;2;250;235;227m [0m[48;2;250;235;226m[38;2;250;235;226m [0m[48;2;250;235;227m[38;2;250;235;227m [0m[48;2;233;218;212m[38;2;233;218;212m.[0m[48;2;136;124;123m[38;2;136;124;123m#[0m[48;2;60;51;54m[38;2;60;51;54m▒[0m[48;2;138;127;135m[38;2;138;127;135m*[0m[48;2;128;114;125m[38;2;128;114;125m#[0m[48;2;86;73;83m[38;2;86;73;83m@[0m[48;2;30;19;28m[38;2;30;19;28m▓[0m[48;2;9;2;9m[38;2;9;2;9m█[0m[48;2;15;9;13m[38;2;15;9;13m█[0m[48;2;25;21;23m[38;2;25;21;23m▓[0m[48;2;9;5;7m[38;2;9;5;7m█[0m[48;2;47;43;45m[38;2;47;43;45m▒[0m[48;2;63;57;62m[38;2;63;57;62m░[0m[48;2;105;96;104m[38;2;105;96;104m%[0m[48;2;155;141;153m[38;2;155;141;153m+[0m[48;2;160;141;154m[38;2;160;141;154m+[0m[48;2;160;141;154m[38;2;160;141;154m+[0m[48;2;77;66;74m[38;2;77;66;74m░[0m[48;2;160;158;161m[38;2;160;158;161m+[0m                              
                                        [48;2;50;50;50m[38;2;50;50;50m▒[0m[48;2;49;47;48m[38;2;49;47;48m▒[0m[48;2;60;57;59m[38;2;60;57;59m░[0m[48;2;138;132;134m[38;2;138;132;134m*[0m[48;2;126;117;121m[38;2;126;117;121m#[0m[48;2;125;116;118m[38;2;125;116;118m#[0m[48;2;173;162;161m[38;2;173;162;161m=[0m[48;2;249;235;229m[38;2;249;235;229m [0m[48;2;250;234;228m[38;2;250;234;228m [0m[48;2;250;235;226m[38;2;250;235;226m [0m[48;2;250;235;226m[38;2;250;235;226m [0m[48;2;249;235;227m[38;2;249;235;227m [0m[48;2;251;237;230m[38;2;251;237;230m [0m[48;2;251;237;231m[38;2;251;237;231m [0m[48;2;245;230;225m[38;2;245;230;225m.[0m[48;2;222;207;202m[38;2;222;207;202m:[0m[48;2;188;175;171m[38;2;188;175;171m=[0m[48;2;154;144;143m[38;2;154;144;143m+[0m[48;2;124;114;113m[38;2;124;114;113m#[0m[48;2;79;72;72m[38;2;79;72;72m@[0m[48;2;39;34;36m[38;2;39;34;36m▓[0m[48;2;15;10;13m[38;2;15;10;13m█[0m[48;2;8;5;8m[38;2;8;5;8m█[0m[48;2;24;20;23m[38;2;24;20;23m▓[0m[48;2;95;89;94m[38;2;95;89;94m@[0m[48;2;30;23;30m[38;2;30;23;30m▓[0m[48;2;16;10;18m[38;2;16;10;18m█[0m[48;2;24;19;30m[38;2;24;19;30m▓[0m[48;2;36;31;39m[38;2;36;31;39m▓[0m[48;2;229;224;229m[38;2;229;224;229m.[0m[48;2;215;208;211m[38;2;215;208;211m:[0m[48;2;54;47;51m[38;2;54;47;51m▒[0m[48;2;190;181;184m[38;2;190;181;184m-[0m[48;2;98;88;91m[38;2;98;88;91m@[0m[48;2;75;67;71m[38;2;75;67;71m░[0m[48;2;155;140;151m[38;2;155;140;151m*[0m[48;2;161;140;155m[38;2;161;140;155m+[0m[48;2;161;140;155m[38;2;161;140;155m+[0m[48;2;81;67;77m[38;2;81;67;77m░[0m[48;2;160;156;160m[38;2;160;156;160m+[0m                              
                                        [48;2;239;239;239m[38;2;239;239;239m [0m[48;2;215;214;215m[38;2;215;214;215m:[0m[48;2;80;78;79m[38;2;80;78;79m@[0m[48;2;62;57;59m[38;2;62;57;59m░[0m[48;2;118;112;114m[38;2;118;112;114m#[0m[48;2;131;125;125m[38;2;131;125;125m#[0m[48;2;131;124;126m[38;2;131;124;126m#[0m[48;2;128;120;120m[38;2;128;120;120m#[0m[48;2;122;113;113m[38;2;122;113;113m#[0m[48;2;114;105;105m[38;2;114;105;105m%[0m[48;2;106;97;98m[38;2;106;97;98m%[0m[48;2;90;83;84m[38;2;90;83;84m@[0m[48;2;95;86;89m[38;2;95;86;89m@[0m[48;2;66;57;60m[38;2;66;57;60m░[0m[48;2;92;84;87m[38;2;92;84;87m@[0m[48;2;98;91;95m[38;2;98;91;95m%[0m[48;2;16;11;13m[38;2;16;11;13m█[0m[48;2;33;30;33m[38;2;33;30;33m▓[0m[48;2;38;35;38m[38;2;38;35;38m▓[0m[48;2;18;16;19m[38;2;18;16;19m█[0m[48;2;37;34;38m[38;2;37;34;38m▓[0m[48;2;22;19;25m[38;2;22;19;25m▓[0m[48;2;12;10;16m[38;2;12;10;16m█[0m[48;2;13;12;16m[38;2;13;12;16m█[0m[48;2;20;16;22m[38;2;20;16;22m█[0m[48;2;28;23;34m[38;2;28;23;34m▓[0m[48;2;34;29;44m[38;2;34;29;44m▓[0m[48;2;22;18;32m[38;2;22;18;32m▓[0m[48;2;129;125;134m[38;2;129;125;134m#[0m [48;2;218;214;217m[38;2;218;214;217m:[0m[48;2;23;18;20m[38;2;23;18;20m▓[0m[48;2;129;123;126m[38;2;129;123;126m#[0m[48;2;53;47;50m[38;2;53;47;50m▒[0m[48;2;100;93;97m[38;2;100;93;97m%[0m[48;2;142;128;138m[38;2;142;128;138m*[0m[48;2;161;140;155m[38;2;161;140;155m+[0m[48;2;149;131;144m[38;2;149;131;144m*[0m[48;2;42;35;40m[38;2;42;35;40m▒[0m[48;2;229;227;230m[38;2;229;227;230m.[0m                              
                                    [48;2;227;227;227m[38;2;227;227;227m.[0m[48;2;77;76;78m[38;2;77;76;78m@[0m[48;2;66;64;67m[38;2;66;64;67m░[0m[48;2;33;32;35m[38;2;33;32;35m▓[0m[48;2;20;19;26m[38;2;20;19;26m▓[0m[48;2;21;18;27m[38;2;21;18;27m▓[0m[48;2;11;8;16m[38;2;11;8;16m█[0m[48;2;37;34;38m[38;2;37;34;38m▓[0m[48;2;28;24;27m[38;2;28;24;27m▓[0m[48;2;21;17;20m[38;2;21;17;20m▓[0m[48;2;56;50;54m[38;2;56;50;54m▒[0m[48;2;7;2;4m[38;2;7;2;4m█[0m[48;2;35;30;33m[38;2;35;30;33m▓[0m[48;2;32;26;31m[38;2;32;26;31m▓[0m[48;2;52;44;52m[38;2;52;44;52m▒[0m[48;2;22;17;24m[38;2;22;17;24m▓[0m[48;2;43;40;44m[38;2;43;40;44m▒[0m[48;2;134;131;135m[38;2;134;131;135m*[0m[48;2;61;58;63m[38;2;61;58;63m░[0m[48;2;10;7;12m[38;2;10;7;12m█[0m[48;2;33;31;35m[38;2;33;31;35m▓[0m[48;2;54;51;54m[38;2;54;51;54m▒[0m[48;2;20;15;18m[38;2;20;15;18m█[0m[48;2;35;28;31m[38;2;35;28;31m▓[0m[48;2;97;90;86m[38;2;97;90;86m%[0m[48;2;70;64;65m[38;2;70;64;65m░[0m[48;2;33;29;45m[38;2;33;29;45m▓[0m[48;2;8;6;15m[38;2;8;6;15m█[0m[48;2;4;1;9m[38;2;4;1;9m█[0m[48;2;23;19;32m[38;2;23;19;32m▓[0m[48;2;34;29;44m[38;2;34;29;44m▓[0m[48;2;17;14;23m[38;2;17;14;23m█[0m[48;2;185;183;188m[38;2;185;183;188m-[0m[48;2;243;240;243m[38;2;243;240;243m [0m[48;2;241;238;239m[38;2;241;238;239m [0m[48;2;59;54;56m[38;2;59;54;56m░[0m[48;2;169;164;168m[38;2;169;164;168m=[0m[48;2;74;68;73m[38;2;74;68;73m░[0m[48;2;56;49;54m[38;2;56;49;54m▒[0m[48;2;146;135;144m[38;2;146;135;144m*[0m[48;2;149;134;146m[38;2;149;134;146m*[0m[48;2;57;47;56m[38;2;57;47;56m▒[0m[48;2;175;172;175m[38;2;175;172;175m=[0m                               
                                   [48;2;106;105;106m[38;2;106;105;106m%[0m[48;2;73;71;73m[38;2;73;71;73m░[0m[48;2;79;76;80m[38;2;79;76;80m@[0m[48;2;213;211;214m[38;2;213;211;214m:[0m[48;2;16;15;17m[38;2;16;15;17m█[0m[48;2;34;30;45m[38;2;34;30;45m▓[0m[48;2;37;32;50m[38;2;37;32;50m▓[0m[48;2;38;33;51m[38;2;38;33;51m▓[0m[48;2;35;31;47m[38;2;35;31;47m▓[0m[48;2;28;23;37m[38;2;28;23;37m▓[0m[48;2;9;6;16m[38;2;9;6;16m█[0m[48;2;16;14;24m[38;2;16;14;24m█[0m[48;2;14;11;21m[38;2;14;11;21m█[0m[48;2;19;16;27m[38;2;19;16;27m█[0m[48;2;13;10;18m[38;2;13;10;18m█[0m[48;2;22;19;25m[38;2;22;19;25m▓[0m[48;2;37;33;40m[38;2;37;33;40m▓[0m[48;2;22;21;25m[38;2;22;21;25m▓[0m[48;2;134;133;136m[38;2;134;133;136m*[0m[48;2;12;11;14m[38;2;12;11;14m█[0m[48;2;42;41;44m[38;2;42;41;44m▒[0m[48;2;17;14;18m[38;2;17;14;18m█[0m[48;2;32;27;30m[38;2;32;27;30m▓[0m[48;2;82;75;74m[38;2;82;75;74m@[0m[48;2;103;93;95m[38;2;103;93;95m%[0m[48;2;62;50;54m[38;2;62;50;54m▒[0m[48;2;121;113;105m[38;2;121;113;105m#[0m[48;2;35;29;50m[38;2;35;29;50m▓[0m[48;2;34;30;46m[38;2;34;30;46m▓[0m[48;2;11;8;19m[38;2;11;8;19m█[0m[48;2;10;7;16m[38;2;10;7;16m█[0m[48;2;30;25;34m[38;2;30;25;34m▓[0m[48;2;9;6;12m[38;2;9;6;12m█[0m[48;2;111;107;113m[38;2;111;107;113m%[0m[48;2;163;159;164m[38;2;163;159;164m+[0m[48;2;179;176;179m[38;2;179;176;179m=[0m[48;2;138;133;135m[38;2;138;133;135m*[0m[48;2;54;49;52m[38;2;54;49;52m▒[0m[48;2;36;31;35m[38;2;36;31;35m▓[0m[48;2;144;137;142m[38;2;144;137;142m*[0m[48;2;132;121;130m[38;2;132;121;130m#[0m[48;2;48;41;46m[38;2;48;41;46m▒[0m[48;2;185;181;185m[38;2;185;181;185m=[0m                                
                                  [48;2;236;236;236m[38;2;236;236;236m.[0m[48;2;105;105;105m[38;2;105;105;105m%[0m[48;2;98;97;98m[38;2;98;97;98m%[0m[48;2;45;42;43m[38;2;45;42;43m▒[0m [48;2;115;113;115m[38;2;115;113;115m#[0m[48;2;20;16;28m[38;2;20;16;28m▓[0m[48;2;37;32;50m[38;2;37;32;50m▓[0m[48;2;38;32;52m[38;2;38;32;52m▓[0m[48;2;38;32;52m[38;2;38;32;52m▓[0m[48;2;23;18;35m[38;2;23;18;35m▓[0m[48;2;16;12;25m[38;2;16;12;25m█[0m[48;2;10;7;17m[38;2;10;7;17m█[0m[48;2;28;24;36m[38;2;28;24;36m▓[0m[48;2;36;31;47m[38;2;36;31;47m▓[0m[48;2;9;5;17m[38;2;9;5;17m█[0m[48;2;7;2;9m[38;2;7;2;9m█[0m[48;2;12;8;12m[38;2;12;8;12m█[0m[48;2;5;2;7m[38;2;5;2;7m█[0m[48;2;5;4;8m[38;2;5;4;8m█[0m[48;2;10;7;18m[38;2;10;7;18m█[0m[48;2;76;69;59m[38;2;76;69;59m░[0m[48;2;119;109;86m[38;2;119;109;86m%[0m[48;2;48;39;33m[38;2;48;39;33m▒[0m[48;2;86;77;75m[38;2;86;77;75m@[0m[48;2;93;83;81m[38;2;93;83;81m@[0m[48;2;103;91;91m[38;2;103;91;91m%[0m[48;2;66;55;64m[38;2;66;55;64m░[0m[48;2;38;31;50m[38;2;38;31;50m▓[0m[48;2;37;32;50m[38;2;37;32;50m▓[0m[48;2;36;31;48m[38;2;36;31;48m▓[0m[48;2;21;17;30m[38;2;21;17;30m▓[0m[48;2;44;41;49m[38;2;44;41;49m▒[0m[48;2;75;71;78m[38;2;75;71;78m░[0m[48;2;47;45;50m[38;2;47;45;50m▒[0m[48;2;21;17;23m[38;2;21;17;23m▓[0m[48;2;18;12;18m[38;2;18;12;18m█[0m[48;2;79;72;78m[38;2;79;72;78m@[0m[48;2;101;94;100m[38;2;101;94;100m%[0m[48;2;107;100;106m[38;2;107;100;106m%[0m[48;2;73;66;73m[38;2;73;66;73m░[0m[48;2;98;92;98m[38;2;98;92;98m%[0m[48;2;220;217;220m[38;2;220;217;220m:[0m                                 
                                     [48;2;110;109;109m[38;2;110;109;109m%[0m[48;2;149;147;149m[38;2;149;147;149m+[0m [48;2;91;88;92m[38;2;91;88;92m@[0m[48;2;22;18;30m[38;2;22;18;30m▓[0m[48;2;36;31;48m[38;2;36;31;48m▓[0m[48;2;32;28;44m[38;2;32;28;44m▓[0m[48;2;15;11;23m[38;2;15;11;23m█[0m[48;2;31;27;36m[38;2;31;27;36m▓[0m[48;2;6;3;13m[38;2;6;3;13m█[0m[48;2;36;31;45m[38;2;36;31;45m▓[0m[48;2;36;31;49m[38;2;36;31;49m▓[0m[48;2;28;23;38m[38;2;28;23;38m▓[0m[48;2;48;38;43m[38;2;48;38;43m▒[0m[48;2;180;170;143m[38;2;180;170;143m=[0m[48;2;130;118;95m[38;2;130;118;95m#[0m[48;2;79;66;52m[38;2;79;66;52m░[0m[48;2;125;112;90m[38;2;125;112;90m#[0m[48;2;213;196;154m[38;2;213;196;154m-[0m[48;2;150;132;107m[38;2;150;132;107m*[0m[48;2;44;33;29m[38;2;44;33;29m▓[0m[48;2;16;10;14m[38;2;16;10;14m█[0m[48;2;43;36;42m[38;2;43;36;42m▒[0m[48;2;41;34;43m[38;2;41;34;43m▒[0m[48;2;28;21;32m[38;2;28;21;32m▓[0m[48;2;14;10;20m[38;2;14;10;20m█[0m[48;2;9;6;16m[38;2;9;6;16m█[0m[48;2;13;10;19m[38;2;13;10;19m█[0m[48;2;16;13;21m[38;2;16;13;21m█[0m[48;2;15;12;19m[38;2;15;12;19m█[0m[48;2;7;5;10m[38;2;7;5;10m█[0m[48;2;27;25;29m[38;2;27;25;29m▓[0m[48;2;25;22;27m[38;2;25;22;27m▓[0m[48;2;130;124;131m[38;2;130;124;131m#[0m[48;2;116;107;115m[38;2;116;107;115m#[0m[48;2;67;58;66m[38;2;67;58;66m░[0m[48;2;109;105;108m[38;2;109;105;108m%[0m[48;2;213;210;214m[38;2;213;210;214m:[0m                                   
                                      [48;2;81;80;81m[38;2;81;80;81m@[0m[48;2;151;149;150m[38;2;151;149;150m+[0m[48;2;242;240;241m[38;2;242;240;241m [0m[48;2;121;119;123m[38;2;121;119;123m#[0m[48;2;11;8;14m[38;2;11;8;14m█[0m[48;2;32;30;36m[38;2;32;30;36m▓[0m[48;2;53;51;56m[38;2;53;51;56m▒[0m[48;2;57;55;61m[38;2;57;55;61m░[0m[48;2;14;12;21m[38;2;14;12;21m█[0m[48;2;34;30;46m[38;2;34;30;46m▓[0m[48;2;31;26;43m[38;2;31;26;43m▓[0m[48;2;16;12;25m[38;2;16;12;25m█[0m[48;2;27;21;29m[38;2;27;21;29m▓[0m[48;2;21;14;17m[38;2;21;14;17m█[0m[48;2;68;59;52m[38;2;68;59;52m░[0m[48;2;109;98;85m[38;2;109;98;85m%[0m[48;2;107;95;82m[38;2;107;95;82m%[0m[48;2;26;18;17m[38;2;26;18;17m▓[0m[48;2;13;5;9m[38;2;13;5;9m█[0m[48;2;47;42;47m[38;2;47;42;47m▒[0m[48;2;5;1;9m[38;2;5;1;9m█[0m[48;2;6;2;12m[38;2;6;2;12m█[0m[48;2;17;15;23m[38;2;17;15;23m█[0m[48;2;44;42;50m[38;2;44;42;50m▒[0m[48;2;58;56;64m[38;2;58;56;64m░[0m[48;2;66;64;71m[38;2;66;64;71m░[0m[48;2;69;68;74m[38;2;69;68;74m░[0m[48;2;68;65;73m[38;2;68;65;73m░[0m[48;2;66;64;70m[38;2;66;64;70m░[0m[48;2;66;64;69m[38;2;66;64;69m░[0m[48;2;61;58;64m[38;2;61;58;64m░[0m[48;2;34;32;37m[38;2;34;32;37m▓[0m[48;2;51;47;52m[38;2;51;47;52m▒[0m[48;2;147;141;147m[38;2;147;141;147m*[0m[48;2;235;231;235m[38;2;235;231;235m.[0m                                     
                                       [48;2;150;149;150m[38;2;150;149;150m+[0m[48;2;98;96;98m[38;2;98;96;98m%[0m[48;2;133;131;134m[38;2;133;131;134m*[0m[48;2;192;191;194m[38;2;192;191;194m-[0m[48;2;183;182;184m[38;2;183;182;184m=[0m[48;2;111;109;112m[38;2;111;109;112m#[0m[48;2;25;24;27m[38;2;25;24;27m▓[0m[48;2;21;19;27m[38;2;21;19;27m▓[0m[48;2;20;18;27m[38;2;20;18;27m▓[0m[48;2;30;28;36m[38;2;30;28;36m▓[0m[48;2;69;67;73m[38;2;69;67;73m░[0m[48;2;7;5;9m[38;2;7;5;9m█[0m[48;2;121;118;121m[38;2;121;118;121m#[0m[48;2;81;76;79m[38;2;81;76;79m@[0m[48;2;22;19;22m[38;2;22;19;22m▓[0m[48;2;25;21;33m[38;2;25;21;33m▓[0m[48;2;28;25;35m[38;2;28;25;35m▓[0m[48;2;32;28;36m[38;2;32;28;36m▓[0m[48;2;15;9;40m[38;2;15;9;40m█[0m[48;2;26;16;63m[38;2;26;16;63m▓[0m[48;2;56;44;93m[38;2;56;44;93m▒[0m[48;2;5;2;14m[38;2;5;2;14m█[0m[48;2;27;23;35m[38;2;27;23;35m▓[0m[48;2;37;32;49m[38;2;37;32;49m▓[0m[48;2;35;30;48m[38;2;35;30;48m▓[0m[48;2;33;28;46m[38;2;33;28;46m▓[0m[48;2;32;27;44m[38;2;32;27;44m▓[0m[48;2;32;27;45m[38;2;32;27;45m▓[0m[48;2;32;27;45m[38;2;32;27;45m▓[0m[48;2;33;28;45m[38;2;33;28;45m▓[0m[48;2;31;26;44m[38;2;31;26;44m▓[0m[48;2;20;16;29m[38;2;20;16;29m▓[0m[48;2;64;60;69m[38;2;64;60;69m░[0m[48;2;133;130;135m[38;2;133;130;135m*[0m[48;2;205;204;206m[38;2;205;204;206m:[0m                                    
                                       [48;2;127;127;127m[38;2;127;127;127m#[0m[48;2;62;62;62m[38;2;62;62;62m░[0m[48;2;53;52;53m[38;2;53;52;53m▒[0m[48;2;68;64;68m[38;2;68;64;68m░[0m[48;2;97;92;97m[38;2;97;92;97m%[0m[48;2;132;129;133m[38;2;132;129;133m*[0m[48;2;38;36;39m[38;2;38;36;39m▒[0m[48;2;12;11;15m[38;2;12;11;15m█[0m[48;2;59;58;63m[38;2;59;58;63m░[0m[48;2;58;57;62m[38;2;58;57;62m░[0m[48;2;16;15;20m[38;2;16;15;20m█[0m[48;2;40;39;43m[38;2;40;39;43m▒[0m  [48;2;97;93;99m[38;2;97;93;99m%[0m[48;2;35;21;88m[38;2;35;21;88m▓[0m[48;2;74;51;163m[38;2;74;51;163m░[0m[48;2;46;35;76m[38;2;46;35;76m▒[0m[48;2;12;7;29m[38;2;12;7;29m█[0m[48;2;36;24;80m[38;2;36;24;80m▓[0m[48;2;81;67;120m[38;2;81;67;120m@[0m[48;2;30;24;45m[38;2;30;24;45m▓[0m[48;2;12;10;17m[38;2;12;10;17m█[0m[48;2;37;32;49m[38;2;37;32;49m▓[0m[48;2;37;32;52m[38;2;37;32;52m▓[0m[48;2;37;31;52m[38;2;37;31;52m▓[0m[48;2;37;31;52m[38;2;37;31;52m▓[0m[48;2;37;31;52m[38;2;37;31;52m▓[0m[48;2;37;31;52m[38;2;37;31;52m▓[0m[48;2;37;31;52m[38;2;37;31;52m▓[0m[48;2;37;31;52m[38;2;37;31;52m▓[0m[48;2;37;31;52m[38;2;37;31;52m▓[0m[48;2;36;31;51m[38;2;36;31;51m▓[0m[48;2;31;26;43m[38;2;31;26;43m▓[0m[48;2;22;17;32m[38;2;22;17;32m▓[0m[48;2;41;37;48m[38;2;41;37;48m▒[0m[48;2;117;115;120m[38;2;117;115;120m#[0m[48;2;207;206;209m[38;2;207;206;209m:[0m                                 
                                        [48;2;189;188;189m[38;2;189;188;189m-[0m[48;2;142;140;141m[38;2;142;140;141m*[0m[48;2;110;108;110m[38;2;110;108;110m%[0m[48;2;97;94;97m[38;2;97;94;97m%[0m[48;2;65;62;66m[38;2;65;62;66m░[0m[48;2;21;18;22m[38;2;21;18;22m▓[0m[48;2;70;67;71m[38;2;70;67;71m░[0m[48;2;31;28;33m[38;2;31;28;33m▓[0m[48;2;28;24;38m[38;2;28;24;38m▓[0m[48;2;25;21;35m[38;2;25;21;35m▓[0m[48;2;106;104;109m[38;2;106;104;109m%[0m  [48;2;236;236;236m[38;2;236;236;236m.[0m[48;2;82;79;85m[38;2;82;79;85m@[0m[48;2;68;57;90m[38;2;68;57;90m░[0m[48;2;55;44;72m[38;2;55;44;72m▒[0m[48;2;13;7;26m[38;2;13;7;26m█[0m[48;2;43;23;121m[38;2;43;23;121m▒[0m[48;2;56;41;98m[38;2;56;41;98m▒[0m[48;2;35;28;41m[38;2;35;28;41m▓[0m[48;2;140;137;142m[38;2;140;137;142m*[0m[48;2;66;63;72m[38;2;66;63;72m░[0m[48;2;21;17;29m[38;2;21;17;29m▓[0m[48;2;31;26;42m[38;2;31;26;42m▓[0m[48;2;37;32;50m[38;2;37;32;50m▓[0m[48;2;37;31;51m[38;2;37;31;51m▓[0m[48;2;37;31;51m[38;2;37;31;51m▓[0m[48;2;37;31;52m[38;2;37;31;52m▓[0m[48;2;37;31;52m[38;2;37;31;52m▓[0m[48;2;37;31;52m[38;2;37;31;52m▓[0m[48;2;37;31;52m[38;2;37;31;52m▓[0m[48;2;37;31;52m[38;2;37;31;52m▓[0m[48;2;37;31;52m[38;2;37;31;52m▓[0m[48;2;37;31;51m[38;2;37;31;51m▓[0m[48;2;32;27;44m[38;2;32;27;44m▓[0m[48;2;19;15;27m[38;2;19;15;27m█[0m[48;2;63;60;68m[38;2;63;60;68m░[0m[48;2;166;165;168m[38;2;166;165;168m=[0m                               
                                            [48;2;184;184;184m[38;2;184;184;184m-[0m[48;2;13;11;15m[38;2;13;11;15m█[0m[48;2;19;15;26m[38;2;19;15;26m█[0m[48;2;34;29;46m[38;2;34;29;46m▓[0m[48;2;36;30;50m[38;2;36;30;50m▓[0m[48;2;19;14;31m[38;2;19;14;31m█[0m[48;2;152;149;155m[38;2;152;149;155m+[0m    [48;2;210;210;210m[38;2;210;210;210m:[0m[48;2;236;235;236m[38;2;236;235;236m.[0m[48;2;178;175;178m[38;2;178;175;178m=[0m[48;2;69;64;75m[38;2;69;64;75m░[0m[48;2;63;54;78m[38;2;63;54;78m░[0m[48;2;78;73;80m[38;2;78;73;80m@[0m[48;2;235;232;236m[38;2;235;232;236m.[0m [48;2;209;205;209m[38;2;209;205;209m:[0m[48;2;126;123;128m[38;2;126;123;128m#[0m[48;2;45;42;51m[38;2;45;42;51m▒[0m[48;2;19;15;26m[38;2;19;15;26m█[0m[48;2;28;24;36m[38;2;28;24;36m▓[0m[48;2;35;30;46m[38;2;35;30;46m▓[0m[48;2;37;31;51m[38;2;37;31;51m▓[0m[48;2;37;31;52m[38;2;37;31;52m▓[0m[48;2;37;31;52m[38;2;37;31;52m▓[0m[48;2;37;31;52m[38;2;37;31;52m▓[0m[48;2;37;31;52m[38;2;37;31;52m▓[0m[48;2;37;31;52m[38;2;37;31;52m▓[0m[48;2;37;31;52m[38;2;37;31;52m▓[0m[48;2;37;31;52m[38;2;37;31;52m▓[0m[48;2;36;31;50m[38;2;36;31;50m▓[0m[48;2;25;21;35m[38;2;25;21;35m▓[0m[48;2;43;40;49m[38;2;43;40;49m▒[0m[48;2;163;161;165m[38;2;163;161;165m+[0m                             
                                            [48;2;184;184;184m[38;2;184;184;184m-[0m[48;2;12;11;16m[38;2;12;11;16m█[0m[48;2;36;31;48m[38;2;36;31;48m▓[0m[48;2;37;31;52m[38;2;37;31;52m▓[0m[48;2;37;31;52m[38;2;37;31;52m▓[0m[48;2;14;10;24m[38;2;14;10;24m█[0m[48;2;191;188;193m[38;2;191;188;193m-[0m        [48;2;202;202;203m[38;2;202;202;203m:[0m[48;2;236;235;236m[38;2;236;235;236m.[0m   [48;2;150;150;152m[38;2;150;150;152m+[0m[48;2;73;71;77m[38;2;73;71;77m░[0m[48;2;120;118;123m[38;2;120;118;123m#[0m[48;2;21;18;23m[38;2;21;18;23m▓[0m[48;2;15;9;35m[38;2;15;9;35m█[0m[48;2;18;10;47m[38;2;18;10;47m█[0m[48;2;20;16;29m[38;2;20;16;29m▓[0m[48;2;32;27;43m[38;2;32;27;43m▓[0m[48;2;37;31;52m[38;2;37;31;52m▓[0m[48;2;37;31;52m[38;2;37;31;52m▓[0m[48;2;37;31;52m[38;2;37;31;52m▓[0m[48;2;37;31;52m[38;2;37;31;52m▓[0m[48;2;37;31;52m[38;2;37;31;52m▓[0m[48;2;37;31;52m[38;2;37;31;52m▓[0m[48;2;37;31;52m[38;2;37;31;52m▓[0m[48;2;36;31;49m[38;2;36;31;49m▓[0m[48;2;18;16;28m[38;2;18;16;28m█[0m[48;2;104;103;105m[38;2;104;103;105m%[0m                            