                                                                                                              
                                                                                                              
                                                                                                              
                                                                                                              
                                                                                                              
                                                                                                              
                                                                                                              
                                                                                                              
                                                                                                              
                                                                                                              
                                                                                                              
                                                                                                              
                                                                                                              
                                                 [48;2;184;184;185m[38;2;184;184;185m-[0m[48;2;133;133;135m[38;2;133;133;135m*[0m[48;2;97;96;99m[38;2;97;96;99m%[0m[48;2;70;69;73m[38;2;70;69;73m░[0m[48;2;53;52;57m[38;2;53;52;57m▒[0m[48;2;45;44;49m[38;2;45;44;49m▒[0m[48;2;43;42;47m[38;2;43;42;47m▒[0m[48;2;44;43;48m[38;2;44;43;48m▒[0m[48;2;58;57;62m[38;2;58;57;62m░[0m[48;2;82;81;86m[38;2;82;81;86m@[0m[48;2;129;128;132m[38;2;129;128;132m*[0m[48;2;194;193;195m[38;2;194;193;195m-[0m                                                 
                                              [48;2;160;160;161m[38;2;160;160;161m+[0m[48;2;75;74;78m[38;2;75;74;78m@[0m[48;2;27;25;34m[38;2;27;25;34m▓[0m[48;2;29;27;39m[38;2;29;27;39m▓[0m[48;2;38;36;49m[38;2;38;36;49m▒[0m[48;2;43;41;56m[38;2;43;41;56m▒[0m[48;2;43;42;59m[38;2;43;42;59m▒[0m[48;2;44;43;59m[38;2;44;43;59m▒[0m[48;2;44;43;60m[38;2;44;43;60m▒[0m[48;2;43;43;59m[38;2;43;43;59m▒[0m[48;2;43;42;59m[38;2;43;42;59m▒[0m[48;2;42;43;59m[38;2;42;43;59m▒[0m[48;2;41;41;57m[38;2;41;41;57m▒[0m[48;2;36;36;52m[38;2;36;36;52m▒[0m[48;2;25;25;39m[38;2;25;25;39m▓[0m[48;2;41;40;50m[38;2;41;40;50m▒[0m[48;2;142;140;146m[38;2;142;140;146m*[0m                                               
                                            [48;2;150;149;150m[38;2;150;149;150m+[0m[48;2;33;32;36m[38;2;33;32;36m▓[0m[48;2;31;28;40m[38;2;31;28;40m▓[0m[48;2;44;41;55m[38;2;44;41;55m▒[0m[48;2;62;59;72m[38;2;62;59;72m░[0m[48;2;57;55;66m[38;2;57;55;66m░[0m[48;2;32;30;42m[38;2;32;30;42m▓[0m[48;2;29;26;37m[38;2;29;26;37m▓[0m[48;2;46;44;54m[38;2;46;44;54m▒[0m[48;2;35;33;44m[38;2;35;33;44m▓[0m[48;2;34;32;45m[38;2;34;32;45m▓[0m[48;2;37;38;53m[38;2;37;38;53m▒[0m[48;2;40;43;59m[38;2;40;43;59m▒[0m[48;2;40;44;59m[38;2;40;44;59m▒[0m[48;2;40;44;59m[38;2;40;44;59m▒[0m[48;2;41;43;59m[38;2;41;43;59m▒[0m[48;2;41;43;59m[38;2;41;43;59m▒[0m[48;2;42;42;58m[38;2;42;42;58m▒[0m[48;2;29;28;42m[38;2;29;28;42m▓[0m[48;2;51;50;59m[38;2;51;50;59m▒[0m[48;2;205;205;206m[38;2;205;205;206m:[0m                                             
                                           [48;2;81;80;82m[38;2;81;80;82m@[0m[48;2;19;17;23m[38;2;19;17;23m█[0m[48;2;25;22;31m[38;2;25;22;31m▓[0m[48;2;33;29;38m[38;2;33;29;38m▓[0m[48;2;52;48;56m[38;2;52;48;56m▒[0m[48;2;67;60;67m[38;2;67;60;67m░[0m[48;2;83;74;83m[38;2;83;74;83m@[0m[48;2;98;87;97m[38;2;98;87;97m@[0m[48;2;122;109;118m[38;2;122;109;118m#[0m[48;2;132;119;127m[38;2;132;119;127m#[0m[48;2;126;110;120m[38;2;126;110;120m#[0m[48;2;107;92;102m[38;2;107;92;102m%[0m[48;2;81;68;77m[38;2;81;68;77m░[0m[48;2;46;37;49m[38;2;46;37;49m▒[0m[48;2;26;20;32m[38;2;26;20;32m▓[0m[48;2;36;33;47m[38;2;36;33;47m▓[0m[48;2;44;42;58m[38;2;44;42;58m▒[0m[48;2;42;43;58m[38;2;42;43;58m▒[0m[48;2;42;43;59m[38;2;42;43;59m▒[0m[48;2;41;43;59m[38;2;41;43;59m▒[0m[48;2;40;39;52m[38;2;40;39;52m▒[0m[48;2;23;21;29m[38;2;23;21;29m▓[0m[48;2;152;151;154m[38;2;152;151;154m+[0m                                            
                                          [48;2;124;124;124m[38;2;124;124;124m#[0m[48;2;16;13;16m[38;2;16;13;16m█[0m[48;2;76;70;75m[38;2;76;70;75m░[0m[48;2;79;70;77m[38;2;79;70;77m@[0m[48;2;60;51;59m[38;2;60;51;59m▒[0m[48;2;72;62;72m[38;2;72;62;72m░[0m[48;2;119;106;117m[38;2;119;106;117m#[0m[48;2;153;135;149m[38;2;153;135;149m*[0m[48;2;99;83;95m[38;2;99;83;95m@[0m[48;2;82;65;77m[38;2;82;65;77m░[0m[48;2;62;47;57m[38;2;62;47;57m▒[0m[48;2;138;121;132m[38;2;138;121;132m#[0m[48;2;160;142;153m[38;2;160;142;153m+[0m[48;2;161;140;155m[38;2;161;140;155m+[0m[48;2;160;140;155m[38;2;160;140;155m+[0m[48;2;144;127;140m[38;2;144;127;140m*[0m[48;2;91;77;90m[38;2;91;77;90m@[0m[48;2;44;34;46m[38;2;44;34;46m▒[0m[48;2;54;48;58m[38;2;54;48;58m▒[0m[48;2;32;27;39m[38;2;32;27;39m▓[0m[48;2;23;21;35m[38;2;23;21;35m▓[0m[48;2;18;15;27m[38;2;18;15;27m█[0m[48;2;28;21;43m[38;2;28;21;43m▓[0m[48;2;9;7;10m[38;2;9;7;10m█[0m[48;2;134;134;135m[38;2;134;134;135m*[0m                                           
                                         [48;2;121;120;123m[38;2;121;120;123m#[0m[48;2;65;57;64m[38;2;65;57;64m░[0m[48;2;152;136;145m[38;2;152;136;145m*[0m[48;2;160;141;152m[38;2;160;141;152m+[0m[48;2;152;134;146m[38;2;152;134;146m*[0m[48;2;158;140;152m[38;2;158;140;152m+[0m[48;2;159;140;153m[38;2;159;140;153m+[0m[48;2;161;140;155m[38;2;161;140;155m+[0m[48;2;161;140;155m[38;2;161;140;155m+[0m[48;2;161;140;155m[38;2;161;140;155m+[0m[48;2;158;138;152m[38;2;158;138;152m*[0m[48;2;101;84;97m[38;2;101;84;97m@[0m[48;2;100;84;96m[38;2;100;84;96m@[0m[48;2;152;134;147m[38;2;152;134;147m*[0m[48;2;161;140;155m[38;2;161;140;155m+[0m[48;2;161;140;155m[38;2;161;140;155m+[0m[48;2;161;140;155m[38;2;161;140;155m+[0m[48;2;161;140;155m[38;2;161;140;155m+[0m[48;2;152;134;148m[38;2;152;134;148m*[0m[48;2;72;60;72m[38;2;72;60;72m░[0m[48;2;45;35;61m[38;2;45;35;61m▒[0m[48;2;88;71;136m[38;2;88;71;136m@[0m[48;2;44;30;73m[38;2;44;30;73m▒[0m[48;2;72;52;111m[38;2;72;52;111m░[0m[48;2;9;3;8m[38;2;9;3;8m█[0m[48;2;6;3;7m[38;2;6;3;7m█[0m[48;2;172;170;173m[38;2;172;170;173m=[0m                                          
                                        [48;2;112;110;112m[38;2;112;110;112m#[0m[48;2;81;72;80m[38;2;81;72;80m@[0m[48;2;159;143;154m[38;2;159;143;154m+[0m[48;2;162;142;155m[38;2;162;142;155m+[0m[48;2;162;141;156m[38;2;162;141;156m+[0m[48;2;162;141;156m[38;2;162;141;156m+[0m[48;2;161;140;155m[38;2;161;140;155m+[0m[48;2;161;140;155m[38;2;161;140;155m+[0m[48;2;162;141;156m[38;2;162;141;156m+[0m[48;2;112;94;107m[38;2;112;94;107m%[0m[48;2;132;113;127m[38;2;132;113;127m#[0m[48;2;145;126;140m[38;2;145;126;140m*[0m[48;2;41;26;38m[38;2;41;26;38m▓[0m[48;2;111;94;107m[38;2;111;94;107m%[0m[48;2;66;51;62m[38;2;66;51;62m░[0m[48;2;158;138;152m[38;2;158;138;152m*[0m[48;2;161;140;155m[38;2;161;140;155m+[0m[48;2;161;140;155m[38;2;161;140;155m+[0m[48;2;161;140;155m[38;2;161;140;155m+[0m[48;2;161;140;155m[38;2;161;140;155m+[0m[48;2;160;140;155m[38;2;160;140;155m+[0m[48;2;95;81;93m[38;2;95;81;93m@[0m[48;2;38;23;49m[38;2;38;23;49m▓[0m[48;2;107;82;161m[38;2;107;82;161m%[0m[48;2;57;35;89m[38;2;57;35;89m▒[0m[48;2;53;38;74m[38;2;53;38;74m▒[0m[48;2;13;9;17m[38;2;13;9;17m█[0m[48;2;32;28;34m[38;2;32;28;34m▓[0m[48;2;235;234;235m[38;2;235;234;235m.[0m                                         
                                       [48;2;185;185;185m[38;2;185;185;185m-[0m[48;2;51;46;51m[38;2;51;46;51m▒[0m[48;2;100;87;98m[38;2;100;87;98m%[0m[48;2;93;80;91m[38;2;93;80;91m@[0m[48;2;85;70;83m[38;2;85;70;83m@[0m[48;2;161;142;156m[38;2;161;142;156m+[0m[48;2;161;141;155m[38;2;161;141;155m+[0m[48;2;161;140;155m[38;2;161;140;155m+[0m[48;2;161;140;155m[38;2;161;140;155m+[0m[48;2;161;140;155m[38;2;161;140;155m+[0m[48;2;76;60;72m[38;2;76;60;72m░[0m[48;2;98;84;96m[38;2;98;84;96m@[0m[48;2;157;141;154m[38;2;157;141;154m+[0m[48;2;50;38;49m[38;2;50;38;49m▒[0m[48;2;83;71;82m[38;2;83;71;82m@[0m[48;2;79;66;78m[38;2;79;66;78m░[0m[48;2;71;57;68m[38;2;71;57;68m░[0m[48;2;153;134;148m[38;2;153;134;148m*[0m[48;2;161;140;155m[38;2;161;140;155m+[0m[48;2;161;140;155m[38;2;161;140;155m+[0m[48;2;161;140;155m[38;2;161;140;155m+[0m[48;2;160;141;155m[38;2;160;141;155m+[0m[48;2;160;141;155m[38;2;160;141;155m+[0m[48;2;101;85;97m[38;2;101;85;97m@[0m[48;2;48;31;58m[38;2;48;31;58m▒[0m[48;2;12;4;19m[38;2;12;4;19m█[0m[48;2;10;6;16m[38;2;10;6;16m█[0m[48;2;31;27;39m[38;2;31;27;39m▓[0m[48;2;26;22;31m[38;2;26;22;31m▓[0m[48;2;127;125;128m[38;2;127;125;128m#[0m                                         
                                       [48;2;71;70;71m[38;2;71;70;71m░[0m[48;2;117;106;114m[38;2;117;106;114m#[0m[48;2;23;13;21m[38;2;23;13;21m█[0m[48;2;33;25;31m[38;2;33;25;31m▓[0m[48;2;102;90;100m[38;2;102;90;100m%[0m[48;2;112;95;108m[38;2;112;95;108m%[0m[48;2;152;134;148m[38;2;152;134;148m*[0m[48;2;151;131;146m[38;2;151;131;146m*[0m[48;2;161;140;155m[38;2;161;140;155m+[0m[48;2;161;140;155m[38;2;161;140;155m+[0m[48;2;109;92;105m[38;2;109;92;105m%[0m[48;2;21;9;19m[38;2;21;9;19m█[0m[48;2;126;112;124m[38;2;126;112;124m#[0m[48;2;132;118;130m[38;2;132;118;130m#[0m[48;2;16;6;16m[38;2;16;6;16m█[0m[48;2;48;39;48m[38;2;48;39;48m▒[0m[48;2;56;47;55m[38;2;56;47;55m▒[0m[48;2;41;30;39m[38;2;41;30;39m▓[0m[48;2;106;93;104m[38;2;106;93;104m%[0m[48;2;156;138;151m[38;2;156;138;151m*[0m[48;2;160;141;155m[38;2;160;141;155m+[0m[48;2;160;141;155m[38;2;160;141;155m+[0m[48;2;160;141;155m[38;2;160;141;155m+[0m[48;2;160;141;155m[38;2;160;141;155m+[0m[48;2;125;108;121m[38;2;125;108;121m#[0m[48;2;45;35;44m[38;2;45;35;44m▒[0m[48;2;40;34;45m[38;2;40;34;45m▒[0m[48;2;43;38;52m[38;2;43;38;52m▒[0m[48;2;43;38;52m[38;2;43;38;52m▒[0m[48;2;38;35;41m[38;2;38;35;41m▒[0m                                         
                                       [48;2;31;28;30m[38;2;31;28;30m▓[0m[48;2;117;105;113m[38;2;117;105;113m%[0m[48;2;10;3;8m[38;2;10;3;8m█[0m[48;2;47;40;46m[38;2;47;40;46m▒[0m[48;2;109;101;109m[38;2;109;101;109m%[0m[48;2;21;12;19m[38;2;21;12;19m█[0m[48;2;28;19;28m[38;2;28;19;28m▓[0m[48;2;43;32;42m[38;2;43;32;42m▓[0m[48;2;153;135;148m[38;2;153;135;148m*[0m[48;2;157;139;152m[38;2;157;139;152m*[0m[48;2;146;128;142m[38;2;146;128;142m*[0m[48;2;27;16;26m[38;2;27;16;26m▓[0m[48;2;35;26;34m[38;2;35;26;34m▓[0m[48;2;87;77;85m[38;2;87;77;85m@[0m[48;2;61;52;60m[38;2;61;52;60m░[0m[48;2;41;33;41m[38;2;41;33;41m▓[0m[48;2;41;34;40m[38;2;41;34;40m▒[0m[48;2;18;11;16m[38;2;18;11;16m█[0m[48;2;20;14;18m[38;2;20;14;18m█[0m[48;2;19;12;17m[38;2;19;12;17m█[0m[48;2;50;43;49m[38;2;50;43;49m▒[0m[48;2;53;44;51m[38;2;53;44;51m▒[0m[48;2;76;66;75m[38;2;76;66;75m░[0m[48;2;81;71;80m[38;2;81;71;80m@[0m[48;2;79;70;79m[38;2;79;70;79m@[0m[48;2;68;58;68m[38;2;68;58;68m░[0m[48;2;32;25;35m[38;2;32;25;35m▓[0m[48;2;18;12;23m[38;2;18;12;23m█[0m[48;2;41;36;48m[38;2;41;36;48m▒[0m[48;2;17;13;20m[38;2;17;13;20m█[0m                                         
                                      [48;2;238;238;238m[38;2;238;238;238m [0m[48;2;32;28;31m[38;2;32;28;31m▓[0m[48;2;99;87;96m[38;2;99;87;96m%[0m[48;2;29;23;27m[38;2;29;23;27m▓[0m[48;2;61;55;60m[38;2;61;55;60m░[0m[48;2;40;32;40m[38;2;40;32;40m▓[0m[48;2;30;18;44m[38;2;30;18;44m▓[0m[48;2;40;27;61m[38;2;40;27;61m▓[0m[48;2;17;6;36m[38;2;17;6;36m█[0m[48;2;52;43;51m[38;2;52;43;51m▒[0m[48;2;109;99;104m[38;2;109;99;104m%[0m[48;2;121;110;113m[38;2;121;110;113m#[0m[48;2;139;128;131m[38;2;139;128;131m*[0m[48;2;30;22;26m[38;2;30;22;26m▓[0m[48;2;50;29;93m[38;2;50;29;93m▒[0m[48;2;65;34;133m[38;2;65;34;133m▒[0m[48;2;44;19;94m[38;2;44;19;94m▓[0m[48;2;144;134;138m[38;2;144;134;138m*[0m[48;2;116;106;108m[38;2;116;106;108m%[0m[48;2;205;194;193m[38;2;205;194;193m-[0m[48;2;203;193;192m[38;2;203;193;192m-[0m[48;2;25;17;20m[38;2;25;17;20m▓[0m[48;2;101;92;98m[38;2;101;92;98m%[0m[48;2;104;93;101m[38;2;104;93;101m%[0m[48;2;110;98;107m[38;2;110;98;107m%[0m[48;2;41;31;40m[38;2;41;31;40m▓[0m[48;2;130;119;128m[38;2;130;119;128m#[0m[48;2;156;144;153m[38;2;156;144;153m+[0m[48;2;121;109;118m[38;2;121;109;118m#[0m[48;2;75;64;73m[38;2;75;64;73m░[0m[48;2;43;34;41m[38;2;43;34;41m▒[0m[48;2;90;85;89m[38;2;90;85;89m@[0m[48;2;158;155;157m[38;2;158;155;157m+[0m[48;2;216;216;216m[38;2;216;216;216m:[0m                                      
                                       [48;2;40;38;40m[38;2;40;38;40m▒[0m[48;2;88;78;85m[38;2;88;78;85m@[0m[48;2;12;6;11m[38;2;12;6;11m█[0m[48;2;199;192;193m[38;2;199;192;193m-[0m[48;2;77;70;74m[38;2;77;70;74m░[0m[48;2;79;55;126m[38;2;79;55;126m░[0m[48;2;108;67;167m[38;2;108;67;167m@[0m[48;2;81;42;134m[38;2;81;42;134m░[0m[48;2;80;71;78m[38;2;80;71;78m@[0m[48;2;249;237;235m[38;2;249;237;235m [0m[48;2;250;236;232m[38;2;250;236;232m [0m[48;2;250;236;232m[38;2;250;236;232m [0m[48;2;121;110;110m[38;2;121;110;110m#[0m[48;2;89;69;106m[38;2;89;69;106m@[0m[48;2;171;126;197m[38;2;171;126;197m+[0m[48;2;85;53;104m[38;2;85;53;104m░[0m[48;2;145;133;135m[38;2;145;133;135m*[0m[48;2;250;237;232m[38;2;250;237;232m [0m[48;2;250;233;228m[38;2;250;233;228m.[0m[48;2;249;234;231m[38;2;249;234;231m [0m[48;2;147;135;136m[38;2;147;135;136m*[0m[48;2;65;53;60m[38;2;65;53;60m░[0m[48;2;153;139;149m[38;2;153;139;149m*[0m[48;2;159;143;156m[38;2;159;143;156m+[0m[48;2;141;125;138m[38;2;141;125;138m*[0m[48;2;68;54;64m[38;2;68;54;64m░[0m[48;2;72;59;68m[38;2;72;59;68m░[0m[48;2;125;112;121m[38;2;125;112;121m#[0m[48;2;156;142;152m[38;2;156;142;152m+[0m[48;2;158;142;152m[38;2;158;142;152m+[0m[48;2;146;130;140m[38;2;146;130;140m*[0m[48;2;124;109;119m[38;2;124;109;119m#[0m[48;2;86;73;83m[38;2;86;73;83m@[0m[48;2;72;64;70m[38;2;72;64;70m░[0m[48;2;143;141;143m[38;2;143;141;143m*[0m                                    
                                       [48;2;125;124;125m[38;2;125;124;125m#[0m[48;2;63;54;60m[38;2;63;54;60m░[0m[48;2;44;38;43m[38;2;44;38;43m▒[0m[48;2;215;209;209m[38;2;215;209;209m:[0m[48;2;187;176;178m[38;2;187;176;178m=[0m[48;2;70;53;70m[38;2;70;53;70m░[0m[48;2;215;169;215m[38;2;215;169;215m-[0m[48;2;154;113;160m[38;2;154;113;160m*[0m[48;2;102;91;97m[38;2;102;91;97m%[0m[48;2;249;236;232m[38;2;249;236;232m [0m[48;2;249;234;229m[38;2;249;234;229m [0m[48;2;251;235;229m[38;2;251;235;229m [0m[48;2;239;224;220m[38;2;239;224;220m.[0m[48;2;81;68;72m[38;2;81;68;72m░[0m[48;2;111;85;109m[38;2;111;85;109m%[0m[48;2;63;46;60m[38;2;63;46;60m▒[0m[48;2;224;213;210m[38;2;224;213;210m:[0m[48;2;241;217;207m[38;2;241;217;207m.[0m[48;2;234;194;181m[38;2;234;194;181m:[0m[48;2;249;226;217m[38;2;249;226;217m.[0m[48;2;250;234;229m[38;2;250;234;229m [0m[48;2;171;159;157m[38;2;171;159;157m+[0m[48;2;50;40;46m[38;2;50;40;46m▒[0m[48;2;129;117;126m[38;2;129;117;126m#[0m[48;2;86;73;83m[38;2;86;73;83m@[0m[48;2;147;132;143m[38;2;147;132;143m*[0m[48;2;143;129;138m[38;2;143;129;138m*[0m[48;2;95;83;92m[38;2;95;83;92m@[0m[48;2;68;56;64m[38;2;68;56;64m░[0m[48;2;70;57;66m[38;2;70;57;66m░[0m[48;2;78;65;74m[38;2;78;65;74m░[0m[48;2;96;82;92m[38;2;96;82;92m@[0m[48;2;108;94;105m[38;2;108;94;105m%[0m[48;2;123;111;120m[38;2;123;111;120m#[0m[48;2;105;94;102m[38;2;105;94;102m%[0m[48;2;57;52;56m[38;2;57;52;56m▒[0m[48;2;175;174;175m[38;2;175;174;175m=[0m                                  
                                       [48;2;238;237;238m[38;2;238;237;238m.[0m[48;2;54;51;53m[38;2;54;51;53m▒[0m[48;2;32;25;30m[38;2;32;25;30m▓[0m[48;2;133;123;126m[38;2;133;123;126m#[0m[48;2;236;216;212m[38;2;236;216;212m.[0m[48;2;169;153;150m[38;2;169;153;150m+[0m[48;2;97;78;86m[38;2;97;78;86m@[0m[48;2;104;88;95m[38;2;104;88;95m%[0m[48;2;224;211;210m[38;2;224;211;210m:[0m[48;2;212;198;194m[38;2;212;198;194m:[0m[48;2;111;96;93m[38;2;111;96;93m%[0m[48;2;190;174;169m[38;2;190;174;169m=[0m[48;2;251;237;230m[38;2;251;237;230m [0m[48;2;249;235;230m[38;2;249;235;230m [0m[48;2;218;204;199m[38;2;218;204;199m:[0m[48;2;239;225;219m[38;2;239;225;219m.[0m[48;2;250;235;226m[38;2;250;235;226m [0m[48;2;244;225;215m[38;2;244;225;215m.[0m[48;2;247;227;218m[38;2;247;227;218m.[0m[48;2;250;234;228m[38;2;250;234;228m [0m[48;2;250;235;231m[38;2;250;235;231m [0m[48;2;142;130;128m[38;2;142;130;128m*[0m[48;2;66;58;62m[38;2;66;58;62m░[0m[48;2;60;51;58m[38;2;60;51;58m▒[0m[48;2;20;13;20m[38;2;20;13;20m█[0m[48;2;36;28;35m[38;2;36;28;35m▓[0m[48;2;57;49;55m[38;2;57;49;55m▒[0m[48;2;88;78;85m[38;2;88;78;85m@[0m[48;2;100;88;96m[38;2;100;88;96m%[0m[48;2;94;82;91m[38;2;94;82;91m@[0m[48;2;68;57;65m[38;2;68;57;65m░[0m[48;2;45;35;42m[38;2;45;35;42m▒[0m[48;2;53;43;51m[38;2;53;43;51m▒[0m[48;2;91;79;88m[38;2;91;79;88m@[0m[48;2;149;134;145m[38;2;149;134;145m*[0m[48;2;151;137;147m[38;2;151;137;147m*[0m[48;2;70;61;67m[38;2;70;61;67m░[0m[48;2;124;121;122m[38;2;124;121;122m#[0m                                 
                                        [48;2;126;125;126m[38;2;126;125;126m#[0m[48;2;5;3;4m[38;2;5;3;4m█[0m[48;2;40;37;38m[38;2;40;37;38m▒[0m[48;2;192;180;178m[38;2;192;180;178m-[0m[48;2;249;233;227m[38;2;249;233;227m.[0m[48;2;249;235;227m[38;2;249;235;227m [0m[48;2;250;235;227m[38;2;250;235;227m [0m[48;2;250;235;227m[38;2;250;235;227m [0m[48;2;252;236;230m[38;2;252;236;230m [0m[48;2;251;236;230m[38;2;251;236;230m [0m[48;2;251;235;229m[38;2;251;235;229m [0m[48;2;250;234;228m[38;2;250;234;228m [0m[48;2;250;234;228m[38;2;250;234;228m [0m[48;2;250;234;227m[38;2;250;234;227m [0m[48;2;250;235;226m[38;2;250;235;226m [0m[48;2;250;235;226m[38;2;250;235;226m [0m[48;2;250;234;227m[38;2;250;234;227m [0m[48;2;250;235;230m[38;2;250;235;230m [0m[48;2;234;221;218m[38;2;234;221;218m.[0m[48;2;125;114;114m[38;2;125;114;114m#[0m[48;2;13;6;9m[38;2;13;6;9m█[0m[48;2;46;39;44m[38;2;46;39;44m▒[0m[48;2;37;30;36m[38;2;37;30;36m▓[0m[48;2;141;134;139m[38;2;141;134;139m*[0m[48;2;165;159;164m[38;2;165;159;164m+[0m[48;2;30;27;29m[38;2;30;27;29m▓[0m[48;2;88;81;86m[38;2;88;81;86m@[0m[48;2;128;114;123m[38;2;128;114;123m#[0m[48;2;134;117;128m[38;2;134;117;128m#[0m[48;2;148;131;142m[38;2;148;131;142m*[0m[48;2;158;141;152m[38;2;158;141;152m+[0m[48;2;160;141;154m[38;2;160;141;154m+[0m[48;2;161;140;155m[38;2;161;140;155m+[0m[48;2;161;140;155m[38;2;161;140;155m+[0m[48;2;161;140;155m[38;2;161;140;155m+[0m[48;2;159;142;153m[38;2;159;142;153m+[0m[48;2;81;72;79m[38;2;81;72;79m@[0m[48;2;125;122;124m[38;2;125;122;124m#[0m                                
                                        [48;2;214;214;214m[38;2;214;214;214m:[0m[48;2;108;107;107m[38;2;108;107;107m%[0m[48;2;109;104;106m[38;2;109;104;106m%[0m[48;2;208;198;197m[38;2;208;198;197m-[0m[48;2;241;228;225m[38;2;241;228;225m.[0m[48;2;248;234;229m[38;2;248;234;229m.[0m[48;2;249;236;230m[38;2;249;236;230m [0m[48;2;249;236;230m[38;2;249;236;230m [0m[48;2;250;236;231m[38;2;250;236;231m [0m[48;2;250;236;230m[38;2;250;236;230m [0m[48;2;244;230;226m[38;2;244;230;226m.[0m[48;2;227;212;208m[38;2;227;212;208m:[0m[48;2;207;193;189m[38;2;207;193;189m-[0m[48;2;181;169;165m[38;2;181;169;165m=[0m[48;2;151;140;137m[38;2;151;140;137m*[0m[48;2;121;111;110m[38;2;121;111;110m#[0m[48;2;83;75;75m[38;2;83;75;75m@[0m[48;2;46;39;40m[38;2;46;39;40m▒[0m[48;2;25;19;22m[38;2;25;19;22m▓[0m[48;2;8;3;9m[38;2;8;3;9m█[0m[48;2;4;2;8m[38;2;4;2;8m█[0m[48;2;192;189;195m[38;2;192;189;195m-[0m[48;2;114;109;114m[38;2;114;109;114m#[0m[48;2;36;30;36m[38;2;36;30;36m▓[0m[48;2;107;101;106m[38;2;107;101;106m%[0m[48;2;121;115;121m[38;2;121;115;121m#[0m[48;2;68;61;68m[38;2;68;61;68m░[0m[48;2;159;142;153m[38;2;159;142;153m+[0m[48;2;161;140;155m[38;2;161;140;155m+[0m[48;2;161;140;155m[38;2;161;140;155m+[0m[48;2;161;140;155m[38;2;161;140;155m+[0m[48;2;161;140;155m[38;2;161;140;155m+[0m[48;2;161;140;155m[38;2;161;140;155m+[0m[48;2;161;140;155m[38;2;161;140;155m+[0m[48;2;161;140;155m[38;2;161;140;155m+[0m[48;2;160;140;155m[38;2;160;140;155m+[0m[48;2;157;139;152m[38;2;157;139;152m*[0m[48;2;48;38;45m[38;2;48;38;45m▒[0m[48;2;199;198;199m[38;2;199;198;199m-[0m                               
                                          [48;2;186;186;186m[38;2;186;186;186m-[0m[48;2;78;76;77m[38;2;78;76;77m@[0m[48;2;17;13;15m[38;2;17;13;15m█[0m[48;2;19;18;19m[38;2;19;18;19m▓[0m[48;2;24;24;24m[38;2;24;24;24m▓[0m[48;2;32;32;32m[38;2;32;32;32m▓[0m[48;2;42;42;42m[38;2;42;42;42m▒[0m[48;2;35;33;32m[38;2;35;33;32m▓[0m[48;2;69;64;65m[38;2;69;64;65m░[0m[48;2;72;66;68m[38;2;72;66;68m░[0m[48;2;73;68;70m[38;2;73;68;70m░[0m[48;2;15;11;13m[38;2;15;11;13m█[0m[48;2;45;42;44m[38;2;45;42;44m▒[0m[48;2;30;24;29m[38;2;30;24;29m▓[0m[48;2;7;2;7m[38;2;7;2;7m█[0m[48;2;14;11;18m[38;2;14;11;18m█[0m[48;2;12;8;17m[38;2;12;8;17m█[0m[48;2;22;19;27m[38;2;22;19;27m▓[0m[48;2;26;24;32m[38;2;26;24;32m▓[0m[48;2;243;240;247m[38;2;243;240;247m [0m[48;2;186;183;189m[38;2;186;183;189m-[0m[48;2;68;63;69m[38;2;68;63;69m░[0m[48;2;198;195;199m[38;2;198;195;199m-[0m[48;2;192;186;191m[38;2;192;186;191m-[0m[48;2;30;23;29m[38;2;30;23;29m▓[0m[48;2;157;140;151m[38;2;157;140;151m+[0m[48;2;161;140;155m[38;2;161;140;155m+[0m[48;2;161;140;155m[38;2;161;140;155m+[0m[48;2;161;140;155m[38;2;161;140;155m+[0m[48;2;161;140;155m[38;2;161;140;155m+[0m[48;2;161;140;155m[38;2;161;140;155m+[0m[48;2;161;140;155m[38;2;161;140;155m+[0m[48;2;161;140;155m[38;2;161;140;155m+[0m[48;2;161;140;155m[38;2;161;140;155m+[0m[48;2;161;140;155m[38;2;161;140;155m+[0m[48;2;111;95;106m[38;2;111;95;106m%[0m[48;2;109;105;108m[38;2;109;105;108m%[0m                               
                                       [48;2;179;179;180m[38;2;179;179;180m=[0m[48;2;66;65;67m[38;2;66;65;67m░[0m[48;2;20;20;21m[38;2;20;20;21m▓[0m[48;2;22;20;27m[38;2;22;20;27m▓[0m[48;2;26;23;34m[38;2;26;23;34m▓[0m[48;2;27;22;36m[38;2;27;22;36m▓[0m[48;2;9;6;16m[38;2;9;6;16m█[0m[48;2;6;4;9m[38;2;6;4;9m█[0m[48;2;51;48;52m[38;2;51;48;52m▒[0m[48;2;48;46;48m[38;2;48;46;48m▒[0m[48;2;25;24;25m[38;2;25;24;25m▓[0m[48;2;84;80;85m[38;2;84;80;85m@[0m[48;2;124;121;125m[38;2;124;121;125m#[0m[48;2;10;7;11m[38;2;10;7;11m█[0m[48;2;43;41;44m[38;2;43;41;44m▒[0m[48;2;13;11;14m[38;2;13;11;14m█[0m[48;2;34;30;35m[38;2;34;30;35m▓[0m[48;2;24;19;27m[38;2;24;19;27m▓[0m[48;2;30;25;37m[38;2;30;25;37m▓[0m[48;2;6;3;13m[38;2;6;3;13m█[0m[48;2;15;13;20m[38;2;15;13;20m█[0m[48;2;32;31;37m[38;2;32;31;37m▓[0m [48;2;242;239;244m[38;2;242;239;244m [0m[48;2;75;73;77m[38;2;75;73;77m@[0m[48;2;149;146;151m[38;2;149;146;151m+[0m[48;2;201;197;203m[38;2;201;197;203m-[0m[48;2;33;27;33m[38;2;33;27;33m▓[0m[48;2;150;134;145m[38;2;150;134;145m*[0m[48;2;161;140;155m[38;2;161;140;155m+[0m[48;2;161;140;155m[38;2;161;140;155m+[0m[48;2;161;140;155m[38;2;161;140;155m+[0m[48;2;161;140;155m[38;2;161;140;155m+[0m[48;2;161;140;155m[38;2;161;140;155m+[0m[48;2;161;140;155m[38;2;161;140;155m+[0m[48;2;161;140;155m[38;2;161;140;155m+[0m[48;2;161;140;155m[38;2;161;140;155m+[0m[48;2;161;140;155m[38;2;161;140;155m+[0m[48;2;135;118;131m[38;2;135;118;131m#[0m[48;2;69;63;68m[38;2;69;63;68m░[0m                               
                                       [48;2;41;40;41m[38;2;41;40;41m▒[0m[48;2;67;67;68m[38;2;67;67;68m░[0m[48;2;29;28;30m[38;2;29;28;30m▓[0m[48;2;33;29;43m[38;2;33;29;43m▓[0m[48;2;37;32;50m[38;2;37;32;50m▓[0m[48;2;36;31;51m[38;2;36;31;51m▓[0m[48;2;10;7;18m[38;2;10;7;18m█[0m[48;2;25;21;32m[38;2;25;21;32m▓[0m[48;2;15;11;22m[38;2;15;11;22m█[0m[48;2;49;45;53m[38;2;49;45;53m▒[0m[48;2;19;17;22m[38;2;19;17;22m█[0m[48;2;29;27;31m[38;2;29;27;31m▓[0m[48;2;80;78;81m[38;2;80;78;81m@[0m[48;2;11;10;12m[38;2;11;10;12m█[0m[48;2;7;4;8m[38;2;7;4;8m█[0m[48;2;12;9;13m[38;2;12;9;13m█[0m[48;2;86;79;78m[38;2;86;79;78m@[0m[48;2;135;127;118m[38;2;135;127;118m*[0m[48;2;56;48;55m[38;2;56;48;55m▒[0m[48;2;32;26;43m[38;2;32;26;43m▓[0m[48;2;14;10;22m[38;2;14;10;22m█[0m[48;2;4;2;9m[38;2;4;2;9m█[0m[48;2;139;137;143m[38;2;139;137;143m*[0m[48;2;208;205;211m[38;2;208;205;211m:[0m[48;2;206;203;209m[38;2;206;203;209m:[0m[48;2;54;51;55m[38;2;54;51;55m▒[0m[48;2;96;94;97m[38;2;96;94;97m%[0m[48;2;41;36;43m[38;2;41;36;43m▒[0m[48;2;157;141;153m[38;2;157;141;153m+[0m[48;2;152;134;147m[38;2;152;134;147m*[0m[48;2;140;120;134m[38;2;140;120;134m#[0m[48;2;161;140;155m[38;2;161;140;155m+[0m[48;2;161;140;155m[38;2;161;140;155m+[0m[48;2;161;140;155m[38;2;161;140;155m+[0m[48;2;161;140;155m[38;2;161;140;155m+[0m[48;2;161;140;155m[38;2;161;140;155m+[0m[48;2;161;140;155m[38;2;161;140;155m+[0m[48;2;161;140;155m[38;2;161;140;155m+[0m[48;2;120;103;115m[38;2;120;103;115m%[0m[48;2;95;89;94m[38;2;95;89;94m@[0m                               
                                       [48;2;195;195;195m[38;2;195;195;195m-[0m[48;2;59;57;59m[38;2;59;57;59m░[0m[48;2;124;122;125m[38;2;124;122;125m#[0m[48;2;19;15;26m[38;2;19;15;26m█[0m[48;2;35;30;47m[38;2;35;30;47m▓[0m[48;2;34;29;45m[38;2;34;29;45m▓[0m[48;2;8;5;15m[38;2;8;5;15m█[0m[48;2;35;30;45m[38;2;35;30;45m▓[0m[48;2;26;22;37m[38;2;26;22;37m▓[0m[48;2;19;16;25m[38;2;19;16;25m█[0m[48;2;12;8;13m[38;2;12;8;13m█[0m[48;2;9;5;9m[38;2;9;5;9m█[0m[48;2;3;0;4m[38;2;3;0;4m█[0m[48;2;48;45;47m[38;2;48;45;47m▒[0m[48;2;44;40;37m[38;2;44;40;37m▒[0m[48;2;23;17;16m[38;2;23;17;16m▓[0m[48;2;92;85;85m[38;2;92;85;85m@[0m[48;2;111;100;100m[38;2;111;100;100m%[0m[48;2;68;60;67m[38;2;68;60;67m░[0m[48;2;38;31;52m[38;2;38;31;52m▓[0m[48;2;37;31;52m[38;2;37;31;52m▓[0m[48;2;33;28;46m[38;2;33;28;46m▓[0m[48;2;14;10;23m[38;2;14;10;23m█[0m[48;2;19;15;24m[38;2;19;15;24m█[0m[48;2;71;65;73m[38;2;71;65;73m░[0m[48;2;85;79;85m[38;2;85;79;85m@[0m[48;2;111;105;112m[38;2;111;105;112m%[0m[48;2;134;127;135m[38;2;134;127;135m*[0m[48;2;89;80;88m[38;2;89;80;88m@[0m[48;2;30;19;29m[38;2;30;19;29m▓[0m[48;2;95;80;93m[38;2;95;80;93m@[0m[48;2;160;140;155m[38;2;160;140;155m+[0m[48;2;161;140;155m[38;2;161;140;155m+[0m[48;2;161;140;155m[38;2;161;140;155m+[0m[48;2;161;140;155m[38;2;161;140;155m+[0m[48;2;161;140;155m[38;2;161;140;155m+[0m[48;2;161;140;155m[38;2;161;140;155m+[0m[48;2;156;135;150m[38;2;156;135;150m*[0m[48;2;48;38;46m[38;2;48;38;46m▒[0m[48;2;202;198;202m[38;2;202;198;202m-[0m                               
                                        [48;2;216;215;216m[38;2;216;215;216m:[0m[48;2;59;57;59m[38;2;59;57;59m░[0m[48;2;150;148;151m[38;2;150;148;151m+[0m[48;2;32;31;36m[38;2;32;31;36m▓[0m[48;2;18;16;25m[38;2;18;16;25m█[0m[48;2;15;13;22m[38;2;15;13;22m█[0m[48;2;37;32;49m[38;2;37;32;49m▓[0m[48;2;37;32;49m[38;2;37;32;49m▓[0m[48;2;16;11;21m[38;2;16;11;21m█[0m[48;2;112;106;97m[38;2;112;106;97m%[0m[48;2;103;94;78m[38;2;103;94;78m%[0m[48;2;51;41;33m[38;2;51;41;33m▒[0m[48;2;115;102;84m[38;2;115;102;84m%[0m[48;2;198;186;153m[38;2;198;186;153m-[0m[48;2;44;36;32m[38;2;44;36;32m▒[0m[48;2;35;27;39m[38;2;35;27;39m▓[0m[48;2;46;38;51m[38;2;46;38;51m▒[0m[48;2;38;31;51m[38;2;38;31;51m▓[0m[48;2;37;31;53m[38;2;37;31;53m▓[0m[48;2;37;31;51m[38;2;37;31;51m▓[0m[48;2;37;31;52m[38;2;37;31;52m▓[0m[48;2;37;31;51m[38;2;37;31;51m▓[0m[48;2;26;22;36m[38;2;26;22;36m▓[0m[48;2;26;21;32m[38;2;26;21;32m▓[0m[48;2;57;50;60m[38;2;57;50;60m▒[0m[48;2;48;41;50m[38;2;48;41;50m▒[0m[48;2;34;28;35m[38;2;34;28;35m▓[0m[48;2;25;18;25m[38;2;25;18;25m▓[0m[48;2;109;96;108m[38;2;109;96;108m%[0m[48;2;159;142;155m[38;2;159;142;155m+[0m[48;2;160;141;155m[38;2;160;141;155m+[0m[48;2;161;140;155m[38;2;161;140;155m+[0m[48;2;161;140;155m[38;2;161;140;155m+[0m[48;2;161;140;155m[38;2;161;140;155m+[0m[48;2;158;141;154m[38;2;158;141;154m+[0m[48;2;127;112;123m[38;2;127;112;123m#[0m[48;2;58;47;56m[38;2;58;47;56m▒[0m[48;2;165;160;165m[38;2;165;160;165m+[0m                                
                                         [48;2;208;208;208m[38;2;208;208;208m:[0m[48;2;68;66;68m[38;2;68;66;68m░[0m[48;2;84;81;84m[38;2;84;81;84m@[0m[48;2;28;26;31m[38;2;28;26;31m▓[0m[48;2;25;21;33m[38;2;25;21;33m▓[0m[48;2;35;30;46m[38;2;35;30;46m▓[0m[48;2;26;21;35m[38;2;26;21;35m▓[0m[48;2;14;9;20m[38;2;14;9;20m█[0m[48;2;8;2;7m[38;2;8;2;7m█[0m[48;2;61;52;61m[38;2;61;52;61m░[0m[48;2;124;114;104m[38;2;124;114;104m#[0m[48;2;105;93;81m[38;2;105;93;81m%[0m[48;2;21;12;14m[38;2;21;12;14m█[0m[48;2;15;9;15m[38;2;15;9;15m█[0m[48;2;17;14;21m[38;2;17;14;21m█[0m[48;2;19;15;24m[38;2;19;15;24m█[0m[48;2;16;12;23m[38;2;16;12;23m█[0m[48;2;15;11;22m[38;2;15;11;22m█[0m[48;2;17;13;24m[38;2;17;13;24m█[0m[48;2;20;16;28m[38;2;20;16;28m▓[0m[48;2;23;19;32m[38;2;23;19;32m▓[0m[48;2;24;20;32m[38;2;24;20;32m▓[0m[48;2;24;20;32m[38;2;24;20;32m▓[0m[48;2;20;16;27m[38;2;20;16;27m▓[0m[48;2;9;5;14m[38;2;9;5;14m█[0m[48;2;5;2;10m[38;2;5;2;10m█[0m[48;2;55;52;59m[38;2;55;52;59m▒[0m[48;2;115;106;116m[38;2;115;106;116m#[0m[48;2;156;140;153m[38;2;156;140;153m*[0m[48;2;159;142;155m[38;2;159;142;155m+[0m[48;2;157;139;152m[38;2;157;139;152m*[0m[48;2;133;116;129m[38;2;133;116;129m#[0m[48;2;89;75;87m[38;2;89;75;87m@[0m[48;2;73;66;74m[38;2;73;66;74m░[0m[48;2;138;135;140m[38;2;138;135;140m*[0m[48;2;231;230;232m[38;2;231;230;232m.[0m                                 
                                            [48;2;34;33;35m[38;2;34;33;35m▓[0m[48;2;28;24;33m[38;2;28;24;33m▓[0m[48;2;11;7;17m[38;2;11;7;17m█[0m[48;2;46;43;50m[38;2;46;43;50m▒[0m[48;2;21;18;22m[38;2;21;18;22m▓[0m[48;2;12;8;11m[38;2;12;8;11m█[0m[48;2;29;24;37m[38;2;29;24;37m▓[0m[48;2;21;17;33m[38;2;21;17;33m▓[0m[48;2;15;12;20m[38;2;15;12;20m█[0m[48;2;14;10;19m[38;2;14;10;19m█[0m[48;2;20;10;44m[38;2;20;10;44m█[0m[48;2;26;20;33m[38;2;26;20;33m▓[0m[48;2;32;30;35m[38;2;32;30;35m▓[0m[48;2;36;33;37m[38;2;36;33;37m▓[0m[48;2;43;40;45m[38;2;43;40;45m▒[0m[48;2;47;44;49m[38;2;47;44;49m▒[0m[48;2;47;44;49m[38;2;47;44;49m▒[0m[48;2;52;49;54m[38;2;52;49;54m▒[0m[48;2;54;50;56m[38;2;54;50;56m▒[0m[48;2;9;7;12m[38;2;9;7;12m█[0m[48;2;11;8;14m[38;2;11;8;14m█[0m[48;2;19;15;26m[38;2;19;15;26m█[0m[48;2;36;31;49m[38;2;36;31;49m▓[0m[48;2;33;27;47m[38;2;33;27;47m▓[0m[48;2;21;16;33m[38;2;21;16;33m▓[0m[48;2;30;25;37m[38;2;30;25;37m▓[0m[48;2;55;47;58m[38;2;55;47;58m▒[0m[48;2;49;42;49m[38;2;49;42;49m▒[0m[48;2;123;120;125m[38;2;123;120;125m#[0m[48;2;208;205;209m[38;2;208;205;209m:[0m                                    
                                           [48;2;233;233;233m[38;2;233;233;233m.[0m[48;2;8;7;10m[38;2;8;7;10m█[0m[48;2;24;21;25m[38;2;24;21;25m▓[0m[48;2;41;38;44m[38;2;41;38;44m▒[0m[48;2;20;17;25m[38;2;20;17;25m▓[0m[48;2;13;9;16m[38;2;13;9;16m█[0m[48;2;112;109;113m[38;2;112;109;113m#[0m[48;2;16;13;21m[38;2;16;13;21m█[0m[48;2;22;12;66m[38;2;22;12;66m▓[0m[48;2;7;3;20m[38;2;7;3;20m█[0m[48;2;16;8;49m[38;2;16;8;49m█[0m[48;2;70;54;119m[38;2;70;54;119m░[0m[48;2;45;35;70m[38;2;45;35;70m▒[0m[48;2;13;7;15m[38;2;13;7;15m█[0m[48;2;8;5;9m[38;2;8;5;9m█[0m[48;2;19;16;24m[38;2;19;16;24m█[0m[48;2;21;17;28m[38;2;21;17;28m▓[0m[48;2;20;17;29m[38;2;20;17;29m▓[0m[48;2;20;16;28m[38;2;20;16;28m▓[0m[48;2;22;18;31m[38;2;22;18;31m▓[0m[48;2;27;22;37m[38;2;27;22;37m▓[0m[48;2;34;29;46m[38;2;34;29;46m▓[0m[48;2;37;31;50m[38;2;37;31;50m▓[0m[48;2;37;31;52m[38;2;37;31;52m▓[0m[48;2;37;31;52m[38;2;37;31;52m▓[0m[48;2;37;31;52m[38;2;37;31;52m▓[0m[48;2;37;31;51m[38;2;37;31;51m▓[0m[48;2;31;25;44m[38;2;31;25;44m▓[0m[48;2;22;18;30m[38;2;22;18;30m▓[0m[48;2;94;92;99m[38;2;94;92;99m%[0m[48;2;213;212;213m[38;2;213;212;213m:[0m                                    
                                           [48;2;128;128;128m[38;2;128;128;128m#[0m[48;2;14;12;15m[38;2;14;12;15m█[0m[48;2;23;20;25m[38;2;23;20;25m▓[0m[48;2;27;22;35m[38;2;27;22;35m▓[0m[48;2;36;31;49m[38;2;36;31;49m▓[0m[48;2;11;8;19m[38;2;11;8;19m█[0m[48;2;217;215;217m[38;2;217;215;217m:[0m[48;2;73;69;75m[38;2;73;69;75m░[0m[48;2;84;66;137m[38;2;84;66;137m@[0m[48;2;58;45;91m[38;2;58;45;91m▒[0m[48;2;15;8;43m[38;2;15;8;43m█[0m[48;2;48;36;87m[38;2;48;36;87m▒[0m[48;2;31;22;48m[38;2;31;22;48m▓[0m[48;2;100;95;102m[38;2;100;95;102m%[0m[48;2;187;185;187m[38;2;187;185;187m-[0m[48;2;85;83;88m[38;2;85;83;88m@[0m[48;2;23;19;29m[38;2;23;19;29m▓[0m[48;2;31;27;41m[38;2;31;27;41m▓[0m[48;2;37;32;50m[38;2;37;32;50m▓[0m[48;2;37;31;52m[38;2;37;31;52m▓[0m[48;2;37;31;52m[38;2;37;31;52m▓[0m[48;2;37;31;52m[38;2;37;31;52m▓[0m[48;2;37;31;52m[38;2;37;31;52m▓[0m[48;2;37;31;52m[38;2;37;31;52m▓[0m[48;2;37;31;52m[38;2;37;31;52m▓[0m[48;2;37;31;52m[38;2;37;31;52m▓[0m[48;2;37;31;52m[38;2;37;31;52m▓[0m[48;2;37;31;52m[38;2;37;31;52m▓[0m[48;2;37;31;52m[38;2;37;31;52m▓[0m[48;2;33;27;45m[38;2;33;27;45m▓[0m[48;2;19;16;26m[38;2;19;16;26m█[0m[48;2;107;105;110m[38;2;107;105;110m%[0m[48;2;232;232;233m[38;2;232;232;233m.[0m                                  
                                           [48;2;76;75;77m[38;2;76;75;77m@[0m[48;2;10;8;13m[38;2;10;8;13m█[0m[48;2;34;29;45m[38;2;34;29;45m▓[0m[48;2;37;31;52m[38;2;37;31;52m▓[0m[48;2;36;30;51m[38;2;36;30;51m▓[0m[48;2;20;17;28m[38;2;20;17;28m▓[0m[48;2;240;238;240m[38;2;240;238;240m [0m[48;2;208;206;208m[38;2;208;206;208m:[0m[48;2;82;78;83m[38;2;82;78;83m@[0m[48;2;75;70;77m[38;2;75;70;77m░[0m[48;2;24;14;57m[38;2;24;14;57m▓[0m[48;2;81;64;134m[38;2;81;64;134m@[0m[48;2;36;26;57m[38;2;36;26;57m▓[0m[48;2;124;120;125m[38;2;124;120;125m#[0m  [48;2;214;214;216m[38;2;214;214;216m:[0m[48;2;122;121;125m[38;2;122;121;125m#[0m[48;2;42;38;46m[38;2;42;38;46m▒[0m[48;2;24;19;32m[38;2;24;19;32m▓[0m[48;2;33;29;44m[38;2;33;29;44m▓[0m[48;2;37;32;49m[38;2;37;32;49m▓[0m[48;2;37;31;51m[38;2;37;31;51m▓[0m[48;2;37;31;52m[38;2;37;31;52m▓[0m[48;2;37;31;52m[38;2;37;31;52m▓[0m[48;2;37;31;52m[38;2;37;31;52m▓[0m[48;2;37;31;52m[38;2;37;31;52m▓[0m[48;2;37;31;52m[38;2;37;31;52m▓[0m[48;2;37;31;52m[38;2;37;31;52m▓[0m[48;2;37;31;52m[38;2;37;31;52m▓[0m[48;2;37;31;51m[38;2;37;31;51m▓[0m[48;2;29;24;39m[38;2;29;24;39m▓[0m[48;2;32;29;39m[38;2;32;29;39m▓[0m[48;2;180;179;182m[38;2;180;179;182m=[0m                                 
                                           [48;2;125;125;126m[38;2;125;125;126m#[0m[48;2;21;19;28m[38;2;21;19;28m▓[0m[48;2;37;31;52m[38;2;37;31;52m▓[0m[48;2;37;31;52m[38;2;37;31;52m▓[0m[48;2;35;29;50m[38;2;35;29;50m▓[0m[48;2;30;26;38m[38;2;30;26;38m▓[0m    [48;2;179;177;179m[38;2;179;177;179m=[0m[48;2;85;82;87m[38;2;85;82;87m@[0m[48;2;90;87;93m[38;2;90;87;93m@[0m[48;2;235;233;236m[38;2;235;233;236m.[0m    [48;2;242;239;244m[38;2;242;239;244m [0m[48;2;105;102;107m[38;2;105;102;107m%[0m[48;2;47;45;50m[38;2;47;45;50m▒[0m[48;2;45;41;48m[38;2;45;41;48m▒[0m[48;2;20;16;25m[38;2;20;16;25m█[0m[48;2;27;23;37m[38;2;27;23;37m▓[0m[48;2;36;31;50m[38;2;36;31;50m▓[0m[48;2;37;31;52m[38;2;37;31;52m▓[0m[48;2;37;31;52m[38;2;37;31;52m▓[0m[48;2;37;31;52m[38;2;37;31;52m▓[0m[48;2;37;31;52m[38;2;37;31;52m▓[0m[48;2;37;31;52m[38;2;37;31;52m▓[0m[48;2;37;31;52m[38;2;37;31;52m▓[0m[48;2;37;31;52m[38;2;37;31;52m▓[0m[48;2;35;30;47m[38;2;35;30;47m▓[0m[48;2;17;13;23m[38;2;17;13;23m█[0m[48;2;173;172;174m[38;2;173;172;174m=[0m                                