                                                                                                    
                                                                                                    
                                                                                                    
                                                                                                    
                                                                                                    
                                                                                                    
                                                                                                    
                                                                                                    
                                                                                                    
                                                                                                    
                                                                                                    
                                                 [48;2;232;232;232m[38;2;232;232;232m.[0m[48;2;214;214;214m[38;2;214;214;214m:[0m[48;2;204;204;205m[38;2;204;204;205m:[0m[48;2;205;205;206m[38;2;205;205;206m:[0m[48;2;218;218;219m[38;2;218;218;219m:[0m[48;2;240;240;241m[38;2;240;240;241m [0m                                             
                                             [48;2;211;210;211m[38;2;211;210;211m:[0m[48;2;110;109;112m[38;2;110;109;112m%[0m[48;2;59;58;64m[38;2;59;58;64m░[0m[48;2;32;31;38m[38;2;32;31;38m▓[0m[48;2;26;24;34m[38;2;26;24;34m▓[0m[48;2;29;27;38m[38;2;29;27;38m▓[0m[48;2;30;29;40m[38;2;30;29;40m▓[0m[48;2;29;28;39m[38;2;29;28;39m▓[0m[48;2;27;26;38m[38;2;27;26;38m▓[0m[48;2;24;22;34m[38;2;24;22;34m▓[0m[48;2;47;46;57m[38;2;47;46;57m▒[0m[48;2;93;92;101m[38;2;93;92;101m%[0m[48;2;161;160;164m[38;2;161;160;164m+[0m[48;2;240;239;240m[38;2;240;239;240m [0m                                         
                                            [48;2;130;130;132m[38;2;130;130;132m*[0m[48;2;25;24;32m[38;2;25;24;32m▓[0m[48;2;38;38;52m[38;2;38;38;52m▒[0m[48;2;42;43;59m[38;2;42;43;59m▒[0m[48;2;41;43;59m[38;2;41;43;59m▒[0m[48;2;40;44;59m[38;2;40;44;59m▒[0m[48;2;41;43;59m[38;2;41;43;59m▒[0m[48;2;41;43;59m[38;2;41;43;59m▒[0m[48;2;41;43;59m[38;2;41;43;59m▒[0m[48;2;40;44;59m[38;2;40;44;59m▒[0m[48;2;40;44;59m[38;2;40;44;59m▒[0m[48;2;40;43;61m[38;2;40;43;61m▒[0m[48;2;41;42;60m[38;2;41;42;60m▒[0m[48;2;33;32;47m[38;2;33;32;47m▓[0m[48;2;32;30;41m[38;2;32;30;41m▓[0m[48;2;121;120;124m[38;2;121;120;124m#[0m[48;2;207;207;208m[38;2;207;207;208m:[0m                                       
                                           [48;2;100;99;102m[38;2;100;99;102m%[0m[48;2;28;26;37m[38;2;28;26;37m▓[0m[48;2;41;43;58m[38;2;41;43;58m▒[0m[48;2;41;43;59m[38;2;41;43;59m▒[0m[48;2;40;44;59m[38;2;40;44;59m▒[0m[48;2;40;44;59m[38;2;40;44;59m▒[0m[48;2;40;44;59m[38;2;40;44;59m▒[0m[48;2;40;44;59m[38;2;40;44;59m▒[0m[48;2;40;44;59m[38;2;40;44;59m▒[0m[48;2;40;44;59m[38;2;40;44;59m▒[0m[48;2;40;44;59m[38;2;40;44;59m▒[0m[48;2;40;44;59m[38;2;40;44;59m▒[0m[48;2;40;44;59m[38;2;40;44;59m▒[0m[48;2;40;44;59m[38;2;40;44;59m▒[0m[48;2;41;44;59m[38;2;41;44;59m▒[0m[48;2;44;43;58m[38;2;44;43;58m▒[0m[48;2;52;51;59m[38;2;52;51;59m▒[0m[48;2;6;5;9m[38;2;6;5;9m█[0m[48;2;79;78;82m[38;2;79;78;82m@[0m[48;2;214;214;214m[38;2;214;214;214m:[0m                                     
                                         [48;2;162;162;163m[38;2;162;162;163m+[0m[48;2;12;11;14m[38;2;12;11;14m█[0m[48;2;28;26;35m[38;2;28;26;35m▓[0m[48;2;44;42;58m[38;2;44;42;58m▒[0m[48;2;41;43;59m[38;2;41;43;59m▒[0m[48;2;40;44;59m[38;2;40;44;59m▒[0m[48;2;40;44;59m[38;2;40;44;59m▒[0m[48;2;40;44;59m[38;2;40;44;59m▒[0m[48;2;40;44;59m[38;2;40;44;59m▒[0m[48;2;40;44;59m[38;2;40;44;59m▒[0m[48;2;40;44;59m[38;2;40;44;59m▒[0m[48;2;40;44;59m[38;2;40;44;59m▒[0m[48;2;40;44;59m[38;2;40;44;59m▒[0m[48;2;40;44;59m[38;2;40;44;59m▒[0m[48;2;40;44;59m[38;2;40;44;59m▒[0m[48;2;40;44;59m[38;2;40;44;59m▒[0m[48;2;41;44;59m[38;2;41;44;59m▒[0m[48;2;46;47;63m[38;2;46;47;63m▒[0m[48;2;75;75;83m[38;2;75;75;83m@[0m[48;2;16;14;20m[38;2;16;14;20m█[0m[48;2;116;110;115m[38;2;116;110;115m#[0m[48;2;55;50;54m[38;2;55;50;54m▒[0m[48;2;207;206;207m[38;2;207;206;207m:[0m                                    
                                         [48;2;28;28;31m[38;2;28;28;31m▓[0m[48;2;15;13;21m[38;2;15;13;21m█[0m[48;2;43;42;57m[38;2;43;42;57m▒[0m[48;2;41;43;59m[38;2;41;43;59m▒[0m[48;2;40;44;59m[38;2;40;44;59m▒[0m[48;2;40;44;59m[38;2;40;44;59m▒[0m[48;2;40;44;59m[38;2;40;44;59m▒[0m[48;2;40;44;59m[38;2;40;44;59m▒[0m[48;2;40;44;59m[38;2;40;44;59m▒[0m[48;2;40;44;59m[38;2;40;44;59m▒[0m[48;2;40;44;59m[38;2;40;44;59m▒[0m[48;2;40;44;59m[38;2;40;44;59m▒[0m[48;2;40;44;59m[38;2;40;44;59m▒[0m[48;2;40;44;59m[38;2;40;44;59m▒[0m[48;2;40;44;59m[38;2;40;44;59m▒[0m[48;2;40;44;59m[38;2;40;44;59m▒[0m[48;2;40;44;59m[38;2;40;44;59m▒[0m[48;2;57;59;74m[38;2;57;59;74m░[0m[48;2;45;43;55m[38;2;45;43;55m▒[0m[48;2;18;13;23m[38;2;18;13;23m█[0m[48;2;111;100;109m[38;2;111;100;109m%[0m[48;2;116;105;114m[38;2;116;105;114m%[0m[48;2;62;56;61m[38;2;62;56;61m░[0m                                    
                                       [48;2;233;233;233m[38;2;233;233;233m.[0m[48;2;67;64;67m[38;2;67;64;67m░[0m[48;2;29;25;31m[38;2;29;25;31m▓[0m[48;2;30;28;39m[38;2;30;28;39m▓[0m[48;2;43;42;58m[38;2;43;42;58m▒[0m[48;2;40;44;59m[38;2;40;44;59m▒[0m[48;2;40;44;59m[38;2;40;44;59m▒[0m[48;2;40;44;59m[38;2;40;44;59m▒[0m[48;2;40;44;59m[38;2;40;44;59m▒[0m[48;2;40;44;59m[38;2;40;44;59m▒[0m[48;2;40;44;59m[38;2;40;44;59m▒[0m[48;2;40;44;59m[38;2;40;44;59m▒[0m[48;2;40;44;59m[38;2;40;44;59m▒[0m[48;2;40;44;59m[38;2;40;44;59m▒[0m[48;2;40;44;59m[38;2;40;44;59m▒[0m[48;2;40;44;59m[38;2;40;44;59m▒[0m[48;2;40;44;59m[38;2;40;44;59m▒[0m[48;2;41;43;59m[38;2;41;43;59m▒[0m[48;2;62;61;77m[38;2;62;61;77m░[0m[48;2;59;58;72m[38;2;59;58;72m░[0m[48;2;24;20;32m[38;2;24;20;32m▓[0m[48;2;98;88;99m[38;2;98;88;99m%[0m[48;2;102;91;100m[38;2;102;91;100m%[0m[48;2;38;28;36m[38;2;38;28;36m▓[0m[48;2;74;66;73m[38;2;74;66;73m░[0m[48;2;179;178;179m[38;2;179;178;179m=[0m                                   
                                       [48;2;56;54;56m[38;2;56;54;56m▒[0m[48;2;105;95;103m[38;2;105;95;103m%[0m[48;2;69;59;69m[38;2;69;59;69m░[0m[48;2;34;32;44m[38;2;34;32;44m▓[0m[48;2;41;43;58m[38;2;41;43;58m▒[0m[48;2;40;44;59m[38;2;40;44;59m▒[0m[48;2;40;44;59m[38;2;40;44;59m▒[0m[48;2;40;44;59m[38;2;40;44;59m▒[0m[48;2;40;44;59m[38;2;40;44;59m▒[0m[48;2;40;44;59m[38;2;40;44;59m▒[0m[48;2;40;44;59m[38;2;40;44;59m▒[0m[48;2;40;44;59m[38;2;40;44;59m▒[0m[48;2;40;44;59m[38;2;40;44;59m▒[0m[48;2;40;44;59m[38;2;40;44;59m▒[0m[48;2;41;43;59m[38;2;41;43;59m▒[0m[48;2;41;43;59m[38;2;41;43;59m▒[0m[48;2;46;46;62m[38;2;46;46;62m▒[0m[48;2;70;69;84m[38;2;70;69;84m░[0m[48;2;50;47;60m[38;2;50;47;60m▒[0m[48;2;32;26;37m[38;2;32;26;37m▓[0m[48;2;112;101;113m[38;2;112;101;113m%[0m[48;2;157;140;153m[38;2;157;140;153m+[0m[48;2;158;140;154m[38;2;158;140;154m+[0m[48;2;52;41;50m[38;2;52;41;50m▒[0m[48;2;82;76;82m[38;2;82;76;82m@[0m[48;2;127;126;126m[38;2;127;126;126m#[0m                                   
                                      [48;2;109;108;109m[38;2;109;108;109m%[0m[48;2;90;81;88m[38;2;90;81;88m@[0m[48;2;158;141;152m[38;2;158;141;152m+[0m[48;2;97;83;95m[38;2;97;83;95m@[0m[48;2;26;24;36m[38;2;26;24;36m▓[0m[48;2;41;43;58m[38;2;41;43;58m▒[0m[48;2;40;44;59m[38;2;40;44;59m▒[0m[48;2;40;44;59m[38;2;40;44;59m▒[0m[48;2;40;44;59m[38;2;40;44;59m▒[0m[48;2;40;44;59m[38;2;40;44;59m▒[0m[48;2;40;44;59m[38;2;40;44;59m▒[0m[48;2;40;44;59m[38;2;40;44;59m▒[0m[48;2;40;44;59m[38;2;40;44;59m▒[0m[48;2;40;43;59m[38;2;40;43;59m▒[0m[48;2;41;43;59m[38;2;41;43;59m▒[0m[48;2;51;49;64m[38;2;51;49;64m▒[0m[48;2;68;64;77m[38;2;68;64;77m░[0m[48;2;58;54;66m[38;2;58;54;66m░[0m[48;2;31;27;38m[38;2;31;27;38m▓[0m[48;2;83;73;84m[38;2;83;73;84m@[0m[48;2;149;134;147m[38;2;149;134;147m*[0m[48;2;159;140;154m[38;2;159;140;154m+[0m[48;2;161;140;155m[38;2;161;140;155m+[0m[48;2;161;140;155m[38;2;161;140;155m+[0m[48;2;81;69;79m[38;2;81;69;79m@[0m[48;2;36;30;35m[38;2;36;30;35m▓[0m[48;2;130;127;131m[38;2;130;127;131m*[0m                                   
                                     [48;2;213;213;213m[38;2;213;213;213m:[0m[48;2;46;41;45m[38;2;46;41;45m▒[0m[48;2;156;142;151m[38;2;156;142;151m+[0m[48;2;161;141;153m[38;2;161;141;153m+[0m[48;2;82;68;78m[38;2;82;68;78m@[0m[48;2;30;22;33m[38;2;30;22;33m▓[0m[48;2;34;29;42m[38;2;34;29;42m▓[0m[48;2;43;42;57m[38;2;43;42;57m▒[0m[48;2;41;43;59m[38;2;41;43;59m▒[0m[48;2;40;44;59m[38;2;40;44;59m▒[0m[48;2;40;44;59m[38;2;40;44;59m▒[0m[48;2;41;43;59m[38;2;41;43;59m▒[0m[48;2;44;45;61m[38;2;44;45;61m▒[0m[48;2;61;59;76m[38;2;61;59;76m░[0m[48;2;50;48;66m[38;2;50;48;66m▒[0m[48;2;62;57;71m[38;2;62;57;71m░[0m[48;2;44;39;50m[38;2;44;39;50m▒[0m[48;2;46;38;47m[38;2;46;38;47m▒[0m[48;2;97;84;94m[38;2;97;84;94m@[0m[48;2;150;132;145m[38;2;150;132;145m*[0m[48;2;160;140;153m[38;2;160;140;153m+[0m[48;2;161;140;155m[38;2;161;140;155m+[0m[48;2;161;140;155m[38;2;161;140;155m+[0m[48;2;161;140;155m[38;2;161;140;155m+[0m[48;2;161;140;155m[38;2;161;140;155m+[0m[48;2;91;79;90m[38;2;91;79;90m@[0m[48;2;18;12;17m[38;2;18;12;17m█[0m[48;2;196;193;196m[38;2;196;193;196m-[0m                                   
                                     [48;2;98;97;98m[38;2;98;97;98m%[0m[48;2;122;111;119m[38;2;122;111;119m#[0m[48;2;160;141;154m[38;2;160;141;154m+[0m[48;2;161;140;155m[38;2;161;140;155m+[0m[48;2;102;88;99m[38;2;102;88;99m%[0m[48;2;83;72;81m[38;2;83;72;81m@[0m[48;2;58;47;59m[38;2;58;47;59m▒[0m[48;2;29;23;36m[38;2;29;23;36m▓[0m[48;2;42;39;53m[38;2;42;39;53m▒[0m[48;2;44;42;57m[38;2;44;42;57m▒[0m[48;2;57;55;70m[38;2;57;55;70m░[0m[48;2;67;64;77m[38;2;67;64;77m░[0m[48;2;58;54;65m[38;2;58;54;65m░[0m[48;2;29;25;35m[38;2;29;25;35m▓[0m[48;2;46;40;50m[38;2;46;40;50m▒[0m[48;2;87;75;86m[38;2;87;75;86m@[0m[48;2;136;121;133m[38;2;136;121;133m#[0m[48;2;159;141;154m[38;2;159;141;154m+[0m[48;2;160;140;153m[38;2;160;140;153m+[0m[48;2;157;135;150m[38;2;157;135;150m*[0m[48;2;161;140;155m[38;2;161;140;155m+[0m[48;2;161;140;155m[38;2;161;140;155m+[0m[48;2;161;140;155m[38;2;161;140;155m+[0m[48;2;161;140;155m[38;2;161;140;155m+[0m[48;2;160;141;155m[38;2;160;141;155m+[0m[48;2;65;52;63m[38;2;65;52;63m░[0m[48;2;151;145;151m[38;2;151;145;151m+[0m[48;2;155;152;154m[38;2;155;152;154m+[0m[48;2;177;177;177m[38;2;177;177;177m=[0m[48;2;205;205;205m[38;2;205;205;205m:[0m                                 
                                     [48;2;39;36;38m[38;2;39;36;38m▒[0m[48;2;157;142;152m[38;2;157;142;152m+[0m[48;2;160;140;154m[38;2;160;140;154m+[0m[48;2;161;140;155m[38;2;161;140;155m+[0m[48;2;156;138;152m[38;2;156;138;152m*[0m[48;2;50;38;47m[38;2;50;38;47m▒[0m[48;2;102;88;100m[38;2;102;88;100m%[0m[48;2;100;87;99m[38;2;100;87;99m%[0m[48;2;84;71;83m[38;2;84;71;83m@[0m[48;2;75;62;74m[38;2;75;62;74m░[0m[48;2;33;23;33m[38;2;33;23;33m▓[0m[48;2;79;69;79m[38;2;79;69;79m░[0m[48;2;111;98;110m[38;2;111;98;110m%[0m[48;2;146;130;143m[38;2;146;130;143m*[0m[48;2;156;139;153m[38;2;156;139;153m*[0m[48;2;140;123;137m[38;2;140;123;137m*[0m[48;2;109;93;105m[38;2;109;93;105m%[0m[48;2;80;65;77m[38;2;80;65;77m░[0m[48;2;74;60;72m[38;2;74;60;72m░[0m[48;2;114;97;110m[38;2;114;97;110m%[0m[48;2;162;141;156m[38;2;162;141;156m+[0m[48;2;161;140;155m[38;2;161;140;155m+[0m[48;2;161;140;155m[38;2;161;140;155m+[0m[48;2;161;140;155m[38;2;161;140;155m+[0m[48;2;141;124;137m[38;2;141;124;137m*[0m[48;2;16;7;15m[38;2;16;7;15m█[0m[48;2;23;18;23m[38;2;23;18;23m▓[0m[48;2;195;191;195m[38;2;195;191;195m-[0m[48;2;64;63;63m[38;2;64;63;63m░[0m[48;2;39;38;38m[38;2;39;38;38m▒[0m[48;2;170;169;170m[38;2;170;169;170m=[0m                                
                                    [48;2;225;225;225m[38;2;225;225;225m.[0m[48;2;46;40;45m[38;2;46;40;45m▒[0m[48;2;160;142;155m[38;2;160;142;155m+[0m[48;2;161;140;155m[38;2;161;140;155m+[0m[48;2;161;140;155m[38;2;161;140;155m+[0m[48;2;161;140;155m[38;2;161;140;155m+[0m[48;2;145;129;140m[38;2;145;129;140m*[0m[48;2;45;34;42m[38;2;45;34;42m▒[0m[48;2;25;18;26m[38;2;25;18;26m▓[0m[48;2;102;95;102m[38;2;102;95;102m%[0m[48;2;30;23;30m[38;2;30;23;30m▓[0m[48;2;39;33;39m[38;2;39;33;39m▓[0m[48;2;85;76;84m[38;2;85;76;84m@[0m[48;2;79;69;77m[38;2;79;69;77m░[0m[48;2;74;64;72m[38;2;74;64;72m░[0m[48;2;75;65;73m[38;2;75;65;73m░[0m[48;2;91;80;89m[38;2;91;80;89m@[0m[48;2;125;111;123m[38;2;125;111;123m#[0m[48;2;155;138;151m[38;2;155;138;151m*[0m[48;2;160;140;155m[38;2;160;140;155m+[0m[48;2;161;140;155m[38;2;161;140;155m+[0m[48;2;161;140;155m[38;2;161;140;155m+[0m[48;2;161;140;155m[38;2;161;140;155m+[0m[48;2;161;140;155m[38;2;161;140;155m+[0m[48;2;160;139;154m[38;2;160;139;154m+[0m[48;2;60;46;56m[38;2;60;46;56m▒[0m[48;2;26;18;28m[38;2;26;18;28m▓[0m[48;2;17;14;21m[38;2;17;14;21m█[0m[48;2;172;169;174m[38;2;172;169;174m=[0m[48;2;218;216;218m[38;2;218;216;218m:[0m[48;2;42;39;41m[38;2;42;39;41m▒[0m                                 
                                    [48;2;233;232;233m[38;2;233;232;233m.[0m[48;2;44;38;42m[38;2;44;38;42m▒[0m[48;2;160;142;154m[38;2;160;142;154m+[0m[48;2;161;140;155m[38;2;161;140;155m+[0m[48;2;161;140;155m[38;2;161;140;155m+[0m[48;2;161;140;155m[38;2;161;140;155m+[0m[48;2;161;140;155m[38;2;161;140;155m+[0m[48;2;158;138;153m[38;2;158;138;153m*[0m[48;2;59;47;57m[38;2;59;47;57m▒[0m[48;2;8;3;9m[38;2;8;3;9m█[0m[48;2;9;6;12m[38;2;9;6;12m█[0m[48;2;29;26;32m[38;2;29;26;32m▓[0m[48;2;74;67;75m[38;2;74;67;75m░[0m[48;2;121;109;119m[38;2;121;109;119m#[0m[48;2;157;140;152m[38;2;157;140;152m+[0m[48;2;160;141;154m[38;2;160;141;154m+[0m[48;2;160;140;155m[38;2;160;140;155m+[0m[48;2;161;140;155m[38;2;161;140;155m+[0m[48;2;161;140;155m[38;2;161;140;155m+[0m[48;2;161;140;155m[38;2;161;140;155m+[0m[48;2;161;140;155m[38;2;161;140;155m+[0m[48;2;161;140;155m[38;2;161;140;155m+[0m[48;2;161;140;155m[38;2;161;140;155m+[0m[48;2;161;140;155m[38;2;161;140;155m+[0m[48;2;151;131;146m[38;2;151;131;146m*[0m[48;2;51;38;47m[38;2;51;38;47m▒[0m[48;2;23;17;28m[38;2;23;17;28m▓[0m[48;2;26;22;34m[38;2;26;22;34m▓[0m[48;2;115;113;117m[38;2;115;113;117m#[0m[48;2;197;195;197m[38;2;197;195;197m-[0m[48;2;52;49;53m[38;2;52;49;53m▒[0m[48;2;123;120;124m[38;2;123;120;124m#[0m[48;2;149;147;149m[38;2;149;147;149m+[0m[48;2;165;163;165m[38;2;165;163;165m+[0m[48;2;198;196;198m[38;2;198;196;198m-[0m[48;2;238;238;238m[38;2;238;238;238m [0m                            
                                    [48;2;185;185;185m[38;2;185;185;185m-[0m[48;2;14;11;13m[38;2;14;11;13m█[0m[48;2;142;128;137m[38;2;142;128;137m*[0m[48;2;161;140;155m[38;2;161;140;155m+[0m[48;2;161;140;155m[38;2;161;140;155m+[0m[48;2;161;140;155m[38;2;161;140;155m+[0m[48;2;161;140;155m[38;2;161;140;155m+[0m[48;2;161;140;155m[38;2;161;140;155m+[0m[48;2;55;43;53m[38;2;55;43;53m▒[0m[48;2;30;24;33m[38;2;30;24;33m▓[0m[48;2;4;2;8m[38;2;4;2;8m█[0m[48;2;16;13;19m[38;2;16;13;19m█[0m[48;2;18;15;22m[38;2;18;15;22m█[0m[48;2;48;41;51m[38;2;48;41;51m▒[0m[48;2;157;139;153m[38;2;157;139;153m*[0m[48;2;161;140;155m[38;2;161;140;155m+[0m[48;2;161;140;155m[38;2;161;140;155m+[0m[48;2;161;140;155m[38;2;161;140;155m+[0m[48;2;161;140;155m[38;2;161;140;155m+[0m[48;2;161;140;155m[38;2;161;140;155m+[0m[48;2;161;140;155m[38;2;161;140;155m+[0m[48;2;161;140;155m[38;2;161;140;155m+[0m[48;2;161;140;155m[38;2;161;140;155m+[0m[48;2;161;140;155m[38;2;161;140;155m+[0m[48;2;161;140;155m[38;2;161;140;155m+[0m[48;2;151;133;147m[38;2;151;133;147m*[0m[48;2;37;26;38m[38;2;37;26;38m▓[0m[48;2;24;18;28m[38;2;24;18;28m▓[0m[48;2;102;100;105m[38;2;102;100;105m%[0m[48;2;151;148;150m[38;2;151;148;150m+[0m[48;2;44;40;44m[38;2;44;40;44m▒[0m[48;2;87;82;87m[38;2;87;82;87m@[0m[48;2;100;96;101m[38;2;100;96;101m%[0m[48;2;55;52;56m[38;2;55;52;56m▒[0m[48;2;41;39;42m[38;2;41;39;42m▒[0m[48;2;61;58;62m[38;2;61;58;62m░[0m[48;2;86;83;87m[38;2;86;83;87m@[0m[48;2;149;147;149m[38;2;149;147;149m+[0m                          
                                     [48;2;200;199;200m[38;2;200;199;200m-[0m[48;2;53;47;52m[38;2;53;47;52m▒[0m[48;2;152;134;147m[38;2;152;134;147m*[0m[48;2;161;140;155m[38;2;161;140;155m+[0m[48;2;161;140;155m[38;2;161;140;155m+[0m[48;2;161;140;155m[38;2;161;140;155m+[0m[48;2;161;140;155m[38;2;161;140;155m+[0m[48;2;96;82;94m[38;2;96;82;94m@[0m[48;2;36;29;36m[38;2;36;29;36m▓[0m[48;2;10;7;13m[38;2;10;7;13m█[0m[48;2;11;9;15m[38;2;11;9;15m█[0m[48;2;19;16;23m[38;2;19;16;23m█[0m[48;2;11;7;15m[38;2;11;7;15m█[0m[48;2;70;62;70m[38;2;70;62;70m░[0m[48;2;159;141;153m[38;2;159;141;153m+[0m[48;2;161;140;155m[38;2;161;140;155m+[0m[48;2;161;140;155m[38;2;161;140;155m+[0m[48;2;161;140;155m[38;2;161;140;155m+[0m[48;2;161;140;155m[38;2;161;140;155m+[0m[48;2;161;140;155m[38;2;161;140;155m+[0m[48;2;161;140;155m[38;2;161;140;155m+[0m[48;2;161;140;155m[38;2;161;140;155m+[0m[48;2;161;140;155m[38;2;161;140;155m+[0m[48;2;161;140;155m[38;2;161;140;155m+[0m[48;2;159;139;154m[38;2;159;139;154m+[0m[48;2;145;126;140m[38;2;145;126;140m*[0m[48;2;62;50;61m[38;2;62;50;61m▒[0m[48;2;54;49;55m[38;2;54;49;55m▒[0m[48;2;36;31;34m[38;2;36;31;34m▓[0m[48;2;129;123;127m[38;2;129;123;127m#[0m[48;2;197;193;198m[38;2;197;193;198m-[0m[48;2;188;185;188m[38;2;188;185;188m-[0m[48;2;179;176;180m[38;2;179;176;180m=[0m[48;2;82;79;83m[38;2;82;79;83m@[0m[48;2;86;81;86m[38;2;86;81;86m@[0m[48;2;155;140;149m[38;2;155;140;149m*[0m[48;2;103;89;97m[38;2;103;89;97m%[0m[48;2;114;110;113m[38;2;114;110;113m#[0m                         
                                      [48;2;155;153;154m[38;2;155;153;154m+[0m[48;2;29;22;29m[38;2;29;22;29m▓[0m[48;2;109;95;105m[38;2;109;95;105m%[0m[48;2;158;137;152m[38;2;158;137;152m*[0m[48;2;161;140;155m[38;2;161;140;155m+[0m[48;2;161;140;155m[38;2;161;140;155m+[0m[48;2;161;140;155m[38;2;161;140;155m+[0m[48;2;154;138;151m[38;2;154;138;151m*[0m[48;2;58;48;57m[38;2;58;48;57m▒[0m[48;2;36;28;36m[38;2;36;28;36m▓[0m[48;2;22;15;23m[38;2;22;15;23m█[0m[48;2;76;71;78m[38;2;76;71;78m@[0m[48;2;70;64;71m[38;2;70;64;71m░[0m[48;2;79;65;76m[38;2;79;65;76m░[0m[48;2;112;95;108m[38;2;112;95;108m%[0m[48;2;147;128;142m[38;2;147;128;142m*[0m[48;2;160;140;155m[38;2;160;140;155m+[0m[48;2;161;140;155m[38;2;161;140;155m+[0m[48;2;161;140;155m[38;2;161;140;155m+[0m[48;2;161;140;155m[38;2;161;140;155m+[0m[48;2;161;140;155m[38;2;161;140;155m+[0m[48;2;161;140;155m[38;2;161;140;155m+[0m[48;2;161;140;155m[38;2;161;140;155m+[0m[48;2;161;140;155m[38;2;161;140;155m+[0m[48;2;161;140;155m[38;2;161;140;155m+[0m[48;2;161;140;155m[38;2;161;140;155m+[0m[48;2;151;135;146m[38;2;151;135;146m*[0m[48;2;129;118;127m[38;2;129;118;127m#[0m[48;2;115;105;113m[38;2;115;105;113m%[0m[48;2;104;96;102m[38;2;104;96;102m%[0m[48;2;111;101;109m[38;2;111;101;109m%[0m[48;2;112;101;109m[38;2;112;101;109m%[0m[48;2;133;122;130m[38;2;133;122;130m#[0m[48;2;150;138;147m[38;2;150;138;147m*[0m[48;2;136;120;130m[38;2;136;120;130m#[0m[48;2;86;69;79m[38;2;86;69;79m@[0m[48;2;36;29;34m[38;2;36;29;34m▓[0m[48;2;196;196;196m[38;2;196;196;196m-[0m                        
                                       [48;2;75;73;75m[38;2;75;73;75m@[0m[48;2;83;77;83m[38;2;83;77;83m@[0m[48;2;65;55;64m[38;2;65;55;64m░[0m[48;2;148;131;144m[38;2;148;131;144m*[0m[48;2;161;140;155m[38;2;161;140;155m+[0m[48;2;161;140;155m[38;2;161;140;155m+[0m[48;2;161;141;155m[38;2;161;141;155m+[0m[48;2;161;140;155m[38;2;161;140;155m+[0m[48;2;161;140;155m[38;2;161;140;155m+[0m[48;2;147;127;141m[38;2;147;127;141m*[0m[48;2;79;63;75m[38;2;79;63;75m░[0m[48;2;78;67;76m[38;2;78;67;76m░[0m[48;2;63;54;63m[38;2;63;54;63m░[0m[48;2;14;8;14m[38;2;14;8;14m█[0m[48;2;26;16;25m[38;2;26;16;25m▓[0m[48;2;110;93;106m[38;2;110;93;106m%[0m[48;2;161;140;155m[38;2;161;140;155m+[0m[48;2;124;104;118m[38;2;124;104;118m#[0m[48;2;153;134;149m[38;2;153;134;149m*[0m[48;2;160;141;155m[38;2;160;141;155m+[0m[48;2;160;141;155m[38;2;160;141;155m+[0m[48;2;153;134;148m[38;2;153;134;148m*[0m[48;2;157;139;153m[38;2;157;139;153m*[0m[48;2;160;141;155m[38;2;160;141;155m+[0m[48;2;160;140;155m[38;2;160;140;155m+[0m[48;2;161;140;155m[38;2;161;140;155m+[0m[48;2;161;141;155m[38;2;161;141;155m+[0m[48;2;136;118;131m[38;2;136;118;131m#[0m[48;2;86;72;82m[38;2;86;72;82m@[0m[48;2;81;68;77m[38;2;81;68;77m░[0m[48;2;80;68;77m[38;2;80;68;77m░[0m[48;2;81;68;77m[38;2;81;68;77m░[0m[48;2;84;72;82m[38;2;84;72;82m@[0m[48;2;102;89;99m[38;2;102;89;99m%[0m[48;2;128;116;125m[38;2;128;116;125m#[0m[48;2;105;94;103m[38;2;105;94;103m%[0m[48;2;103;98;103m[38;2;103;98;103m%[0m                        
                                        [48;2;144;142;144m[38;2;144;142;144m*[0m[48;2;122;119;123m[38;2;122;119;123m#[0m[48;2;64;57;64m[38;2;64;57;64m░[0m[48;2;91;81;90m[38;2;91;81;90m@[0m[48;2;153;135;148m[38;2;153;135;148m*[0m[48;2;161;140;155m[38;2;161;140;155m+[0m[48;2;161;140;155m[38;2;161;140;155m+[0m[48;2;161;140;155m[38;2;161;140;155m+[0m[48;2;161;140;155m[38;2;161;140;155m+[0m[48;2;161;140;155m[38;2;161;140;155m+[0m[48;2;152;132;147m[38;2;152;132;147m*[0m[48;2;129;111;124m[38;2;129;111;124m#[0m[48;2;119;102;115m[38;2;119;102;115m%[0m[48;2;154;136;150m[38;2;154;136;150m*[0m[48;2;160;139;154m[38;2;160;139;154m+[0m[48;2;161;140;155m[38;2;161;140;155m+[0m[48;2;128;108;123m[38;2;128;108;123m#[0m[48;2;77;61;73m[38;2;77;61;73m░[0m[48;2;80;63;76m[38;2;80;63;76m░[0m[48;2;82;68;79m[38;2;82;68;79m@[0m[48;2;45;36;44m[38;2;45;36;44m▒[0m[48;2;16;9;17m[38;2;16;9;17m█[0m[48;2;33;26;33m[38;2;33;26;33m▓[0m[48;2;44;35;43m[38;2;44;35;43m▒[0m[48;2;55;46;54m[38;2;55;46;54m▒[0m[48;2;68;59;66m[38;2;68;59;66m░[0m[48;2;72;63;70m[38;2;72;63;70m░[0m[48;2;75;67;73m[38;2;75;67;73m░[0m[48;2;75;67;74m[38;2;75;67;74m░[0m[48;2;76;67;74m[38;2;76;67;74m░[0m[48;2;70;61;68m[38;2;70;61;68m░[0m[48;2;59;51;59m[38;2;59;51;59m▒[0m[48;2;89;82;89m[38;2;89;82;89m@[0m[48;2;96;90;96m[38;2;96;90;96m%[0m[48;2;108;103;108m[38;2;108;103;108m%[0m[48;2;234;232;234m[38;2;234;232;234m.[0m                        
                                         [48;2;192;191;193m[38;2;192;191;193m-[0m[48;2;13;11;16m[38;2;13;11;16m█[0m[48;2;13;9;16m[38;2;13;9;16m█[0m[48;2;17;11;20m[38;2;17;11;20m█[0m[48;2;79;66;82m[38;2;79;66;82m░[0m[48;2;127;111;124m[38;2;127;111;124m#[0m[48;2;155;136;150m[38;2;155;136;150m*[0m[48;2;161;140;155m[38;2;161;140;155m+[0m[48;2;161;140;155m[38;2;161;140;155m+[0m[48;2;161;140;155m[38;2;161;140;155m+[0m[48;2;161;140;155m[38;2;161;140;155m+[0m[48;2;103;83;97m[38;2;103;83;97m@[0m[48;2;77;59;72m[38;2;77;59;72m░[0m[48;2;119;102;115m[38;2;119;102;115m%[0m[48;2;139;122;136m[38;2;139;122;136m*[0m[48;2;158;139;153m[38;2;158;139;153m*[0m[48;2;161;141;155m[38;2;161;141;155m+[0m[48;2;160;141;155m[38;2;160;141;155m+[0m[48;2;158;139;153m[38;2;158;139;153m*[0m[48;2;153;133;148m[38;2;153;133;148m*[0m[48;2;151;132;146m[38;2;151;132;146m*[0m[48;2;151;132;146m[38;2;151;132;146m*[0m[48;2;153;134;148m[38;2;153;134;148m*[0m[48;2;154;137;150m[38;2;154;137;150m*[0m[48;2;157;140;153m[38;2;157;140;153m+[0m[48;2;159;141;154m[38;2;159;141;154m+[0m[48;2;156;139;150m[38;2;156;139;150m*[0m[48;2;131;116;127m[38;2;131;116;127m#[0m[48;2;90;78;87m[38;2;90;78;87m@[0m[48;2;81;74;81m[38;2;81;74;81m@[0m[48;2;171;168;172m[38;2;171;168;172m=[0m                            
                                        [48;2;223;223;223m[38;2;223;223;223m.[0m[48;2;30;29;32m[38;2;30;29;32m▓[0m[48;2;34;30;43m[38;2;34;30;43m▓[0m[48;2;22;18;31m[38;2;22;18;31m▓[0m[48;2;9;4;18m[38;2;9;4;18m█[0m[48;2;85;71;140m[38;2;85;71;140m@[0m[48;2;69;58;106m[38;2;69;58;106m░[0m[48;2;38;27;73m[38;2;38;27;73m▓[0m[48;2;41;34;46m[38;2;41;34;46m▒[0m[48;2;72;62;83m[38;2;72;62;83m░[0m[48;2;95;83;95m[38;2;95;83;95m@[0m[48;2;120;104;117m[38;2;120;104;117m#[0m[48;2;137;121;134m[38;2;137;121;134m#[0m[48;2;144;128;141m[38;2;144;128;141m*[0m[48;2;107;93;105m[38;2;107;93;105m%[0m[48;2;62;50;62m[38;2;62;50;62m░[0m[48;2;31;23;32m[38;2;31;23;32m▓[0m[48;2;28;22;29m[38;2;28;22;29m▓[0m[48;2;45;40;46m[38;2;45;40;46m▒[0m[48;2;58;53;60m[38;2;58;53;60m░[0m[48;2;68;63;70m[38;2;68;63;70m░[0m[48;2;75;68;75m[38;2;75;68;75m░[0m[48;2;77;68;77m[38;2;77;68;77m░[0m[48;2;77;67;75m[38;2;77;67;75m░[0m[48;2;71;62;69m[38;2;71;62;69m░[0m[48;2;55;47;54m[38;2;55;47;54m▒[0m[48;2;39;31;39m[38;2;39;31;39m▓[0m[48;2;81;76;82m[38;2;81;76;82m@[0m[48;2;154;149;154m[38;2;154;149;154m+[0m[48;2;220;216;221m[38;2;220;216;221m:[0m                              
                                        [48;2;74;73;75m[38;2;74;73;75m@[0m[48;2;29;25;38m[38;2;29;25;38m▓[0m[48;2;37;31;52m[38;2;37;31;52m▓[0m[48;2;37;32;49m[38;2;37;32;49m▓[0m[48;2;11;6;20m[38;2;11;6;20m█[0m[48;2;86;72;143m[38;2;86;72;143m@[0m[48;2;95;82;149m[38;2;95;82;149m%[0m[48;2;72;56;149m[38;2;72;56;149m░[0m[48;2;9;3;35m[38;2;9;3;35m█[0m[48;2;49;36;106m[38;2;49;36;106m▒[0m[48;2;71;57;142m[38;2;71;57;142m░[0m[48;2;54;40;130m[38;2;54;40;130m▒[0m[48;2;46;35;102m[38;2;46;35;102m▒[0m[48;2;39;24;105m[38;2;39;24;105m▒[0m[48;2;48;39;76m[38;2;48;39;76m▒[0m[48;2;32;23;52m[38;2;32;23;52m▓[0m[48;2;34;28;36m[38;2;34;28;36m▓[0m[48;2;36;32;40m[38;2;36;32;40m▓[0m[48;2;16;12;21m[38;2;16;12;21m█[0m[48;2;12;8;19m[38;2;12;8;19m█[0m[48;2;11;8;18m[38;2;11;8;18m█[0m[48;2;12;8;18m[38;2;12;8;18m█[0m[48;2;12;9;18m[38;2;12;9;18m█[0m[48;2;14;11;20m[38;2;14;11;20m█[0m[48;2;20;16;29m[38;2;20;16;29m▓[0m[48;2;24;19;35m[38;2;24;19;35m▓[0m[48;2;28;23;39m[38;2;28;23;39m▓[0m[48;2;23;19;33m[38;2;23;19;33m▓[0m[48;2;39;36;45m[38;2;39;36;45m▒[0m[48;2;100;98;104m[38;2;100;98;104m%[0m[48;2;180;180;182m[38;2;180;180;182m=[0m                             
                                       [48;2;180;180;180m[38;2;180;180;180m=[0m[48;2;16;14;22m[38;2;16;14;22m█[0m[48;2;37;31;51m[38;2;37;31;51m▓[0m[48;2;37;31;52m[38;2;37;31;52m▓[0m[48;2;37;31;51m[38;2;37;31;51m▓[0m[48;2;13;9;24m[38;2;13;9;24m█[0m[48;2;76;64;126m[38;2;76;64;126m@[0m[48;2;87;73;153m[38;2;87;73;153m@[0m[48;2;86;72;157m[38;2;86;72;157m@[0m[48;2;20;9;74m[38;2;20;9;74m▓[0m[48;2;75;73;80m[38;2;75;73;80m@[0m[48;2;38;28;86m[38;2;38;28;86m▒[0m[48;2;80;63;163m[38;2;80;63;163m@[0m[48;2;78;61;165m[38;2;78;61;165m@[0m[48;2;79;63;163m[38;2;79;63;163m@[0m[48;2;68;50;162m[38;2;68;50;162m░[0m[48;2;41;32;80m[38;2;41;32;80m▒[0m[48;2;25;21;33m[38;2;25;21;33m▓[0m[48;2;35;31;43m[38;2;35;31;43m▓[0m[48;2;38;33;50m[38;2;38;33;50m▓[0m[48;2;37;32;51m[38;2;37;32;51m▓[0m[48;2;37;31;52m[38;2;37;31;52m▓[0m[48;2;37;31;52m[38;2;37;31;52m▓[0m[48;2;37;31;52m[38;2;37;31;52m▓[0m[48;2;36;30;51m[38;2;36;30;51m▓[0m[48;2;37;31;52m[38;2;37;31;52m▓[0m[48;2;37;31;52m[38;2;37;31;52m▓[0m[48;2;37;31;52m[38;2;37;31;52m▓[0m[48;2;37;31;52m[38;2;37;31;52m▓[0m[48;2;37;31;52m[38;2;37;31;52m▓[0m[48;2;36;30;50m[38;2;36;30;50m▓[0m[48;2;26;21;37m[38;2;26;21;37m▓[0m[48;2;38;35;45m[38;2;38;35;45m▒[0m[48;2;133;131;135m[38;2;133;131;135m*[0m[48;2;236;235;236m[38;2;236;235;236m.[0m                          
                                       [48;2;73;73;73m[38;2;73;73;73m░[0m[48;2;30;27;40m[38;2;30;27;40m▓[0m[48;2;37;31;52m[38;2;37;31;52m▓[0m[48;2;37;31;52m[38;2;37;31;52m▓[0m[48;2;37;31;52m[38;2;37;31;52m▓[0m[48;2;29;24;43m[38;2;29;24;43m▓[0m[48;2;25;20;38m[38;2;25;20;38m▓[0m[48;2;35;29;55m[38;2;35;29;55m▓[0m[48;2;43;36;68m[38;2;43;36;68m▒[0m[48;2;21;11;60m[38;2;21;11;60m▓[0m[48;2;108;105;111m[38;2;108;105;111m%[0m[48;2;161;160;163m[38;2;161;160;163m+[0m[48;2;44;38;70m[38;2;44;38;70m▒[0m[48;2;64;52;122m[38;2;64;52;122m░[0m[48;2;53;42;103m[38;2;53;42;103m▒[0m[48;2;73;71;86m[38;2;73;71;86m@[0m[48;2;132;130;136m[38;2;132;130;136m*[0m[48;2;46;43;50m[38;2;46;43;50m▒[0m[48;2;48;44;53m[38;2;48;44;53m▒[0m[48;2;61;57;69m[38;2;61;57;69m░[0m[48;2;53;48;64m[38;2;53;48;64m▒[0m[48;2;38;33;51m[38;2;38;33;51m▓[0m[48;2;37;31;52m[38;2;37;31;52m▓[0m[48;2;37;31;52m[38;2;37;31;52m▓[0m[48;2;37;31;52m[38;2;37;31;52m▓[0m[48;2;37;31;52m[38;2;37;31;52m▓[0m[48;2;37;31;52m[38;2;37;31;52m▓[0m[48;2;37;31;52m[38;2;37;31;52m▓[0m[48;2;37;31;52m[38;2;37;31;52m▓[0m[48;2;37;31;52m[38;2;37;31;52m▓[0m[48;2;37;31;52m[38;2;37;31;52m▓[0m[48;2;37;31;52m[38;2;37;31;52m▓[0m[48;2;37;31;51m[38;2;37;31;51m▓[0m[48;2;32;27;44m[38;2;32;27;44m▓[0m[48;2;31;28;40m[38;2;31;28;40m▓[0m[48;2;148;147;151m[38;2;148;147;151m+[0m                         
                                       [48;2;18;17;22m[38;2;18;17;22m█[0m[48;2;36;31;48m[38;2;36;31;48m▓[0m[48;2;37;31;52m[38;2;37;31;52m▓[0m[48;2;37;31;52m[38;2;37;31;52m▓[0m[48;2;37;31;52m[38;2;37;31;52m▓[0m[48;2;37;31;52m[38;2;37;31;52m▓[0m[48;2;37;31;52m[38;2;37;31;52m▓[0m[48;2;37;31;51m[38;2;37;31;51m▓[0m[48;2;66;61;76m[38;2;66;61;76m░[0m[48;2;25;21;34m[38;2;25;21;34m▓[0m[48;2;5;2;9m[38;2;5;2;9m█[0m[48;2;112;109;114m[38;2;112;109;114m#[0m[48;2;211;210;214m[38;2;211;210;214m:[0m[48;2;149;147;151m[38;2;149;147;151m+[0m[48;2;27;26;31m[38;2;27;26;31m▓[0m[48;2;119;118;123m[38;2;119;118;123m#[0m[48;2;218;217;221m[38;2;218;217;221m:[0m[48;2;240;238;242m[38;2;240;238;242m [0m[48;2;119;117;122m[38;2;119;117;122m#[0m[48;2;34;31;37m[38;2;34;31;37m▓[0m[48;2;34;30;39m[38;2;34;30;39m▓[0m[48;2;55;51;64m[38;2;55;51;64m▒[0m[48;2;62;57;73m[38;2;62;57;73m░[0m[48;2;49;43;62m[38;2;49;43;62m▒[0m[48;2;38;32;53m[38;2;38;32;53m▓[0m[48;2;37;31;52m[38;2;37;31;52m▓[0m[48;2;37;31;52m[38;2;37;31;52m▓[0m[48;2;37;31;52m[38;2;37;31;52m▓[0m[48;2;37;31;52m[38;2;37;31;52m▓[0m[48;2;37;31;52m[38;2;37;31;52m▓[0m[48;2;37;31;52m[38;2;37;31;52m▓[0m[48;2;37;31;52m[38;2;37;31;52m▓[0m[48;2;37;31;52m[38;2;37;31;52m▓[0m[48;2;37;31;52m[38;2;37;31;52m▓[0m[48;2;37;32;50m[38;2;37;32;50m▓[0m[48;2;24;20;34m[38;2;24;20;34m▓[0m[48;2;87;85;90m[38;2;87;85;90m@[0m                        