                                                                                                              
                                                                                                              
                                                                                                              
                                                                                                              
                                                                                                              
                                                                                                              
                                                                                                              
                                                                                                              
                                                                                                              
                                                                                                              
                                                                                                              
                                                                                                              
                                                                                                              
                                                   [48;2;187;187;187m[38;2;187;187;187m-[0m[48;2;131;130;131m[38;2;131;130;131m*[0m[48;2;92;92;94m[38;2;92;92;94m%[0m[48;2;67;66;69m[38;2;67;66;69m░[0m[48;2;58;57;61m[38;2;58;57;61m░[0m[48;2;54;53;58m[38;2;54;53;58m▒[0m[48;2;57;56;61m[38;2;57;56;61m░[0m[48;2;72;71;77m[38;2;72;71;77m░[0m[48;2;100;99;104m[38;2;100;99;104m%[0m[48;2;143;142;146m[38;2;143;142;146m*[0m[48;2;198;198;200m[38;2;198;198;200m-[0m                                                
                                                [48;2;215;214;215m[38;2;215;214;215m:[0m[48;2;100;99;103m[38;2;100;99;103m%[0m[48;2;29;28;35m[38;2;29;28;35m▓[0m[48;2;28;26;37m[38;2;28;26;37m▓[0m[48;2;38;36;50m[38;2;38;36;50m▒[0m[48;2;43;41;57m[38;2;43;41;57m▒[0m[48;2;44;42;59m[38;2;44;42;59m▒[0m[48;2;44;43;59m[38;2;44;43;59m▒[0m[48;2;46;44;60m[38;2;46;44;60m▒[0m[48;2;43;42;58m[38;2;43;42;58m▒[0m[48;2;43;42;57m[38;2;43;42;57m▒[0m[48;2;41;40;56m[38;2;41;40;56m▒[0m[48;2;36;35;51m[38;2;36;35;51m▒[0m[48;2;26;25;39m[38;2;26;25;39m▓[0m[48;2;36;34;44m[38;2;36;34;44m▓[0m[48;2;100;99;105m[38;2;100;99;105m%[0m[48;2;198;197;199m[38;2;198;197;199m-[0m                                             
                                              [48;2;236;235;236m[38;2;236;235;236m.[0m[48;2;120;119;121m[38;2;120;119;121m#[0m[48;2;26;24;32m[38;2;26;24;32m▓[0m[48;2;38;35;48m[38;2;38;35;48m▒[0m[48;2;46;43;58m[38;2;46;43;58m▒[0m[48;2;42;40;55m[38;2;42;40;55m▒[0m[48;2;33;31;45m[38;2;33;31;45m▓[0m[48;2;27;25;38m[38;2;27;25;38m▓[0m[48;2;28;24;36m[38;2;28;24;36m▓[0m[48;2;41;38;47m[38;2;41;38;47m▒[0m[48;2;47;43;52m[38;2;47;43;52m▒[0m[48;2;27;23;33m[38;2;27;23;33m▓[0m[48;2;46;43;53m[38;2;46;43;53m▒[0m[48;2;64;61;73m[38;2;64;61;73m░[0m[48;2;64;61;74m[38;2;64;61;74m░[0m[48;2;48;45;58m[38;2;48;45;58m▒[0m[48;2;45;42;56m[38;2;45;42;56m▒[0m[48;2;41;38;50m[38;2;41;38;50m▒[0m[48;2;25;23;32m[38;2;25;23;32m▓[0m[48;2;72;71;76m[38;2;72;71;76m░[0m[48;2;205;204;206m[38;2;205;204;206m:[0m                                           
                                             [48;2;190;190;190m[38;2;190;190;190m-[0m[48;2;36;35;40m[38;2;36;35;40m▓[0m[48;2;38;35;47m[38;2;38;35;47m▒[0m[48;2;45;43;57m[38;2;45;43;57m▒[0m[48;2;34;31;45m[38;2;34;31;45m▓[0m[48;2;25;20;31m[38;2;25;20;31m▓[0m[48;2;71;64;74m[38;2;71;64;74m░[0m[48;2;107;95;107m[38;2;107;95;107m%[0m[48;2;134;120;131m[38;2;134;120;131m#[0m[48;2;148;134;145m[38;2;148;134;145m*[0m[48;2;154;138;149m[38;2;154;138;149m*[0m[48;2;147;131;142m[38;2;147;131;142m*[0m[48;2;131;115;125m[38;2;131;115;125m#[0m[48;2;103;91;100m[38;2;103;91;100m%[0m[48;2;78;66;76m[38;2;78;66;76m░[0m[48;2;39;29;36m[38;2;39;29;36m▓[0m[48;2;57;46;53m[38;2;57;46;53m▒[0m[48;2;67;57;64m[38;2;67;57;64m░[0m[48;2;68;58;65m[38;2;68;58;65m░[0m[48;2;55;46;53m[38;2;55;46;53m▒[0m[48;2;26;19;25m[38;2;26;19;25m▓[0m[48;2;11;8;12m[38;2;11;8;12m█[0m[48;2;144;141;145m[38;2;144;141;145m*[0m                                          
                                            [48;2;173;173;173m[38;2;173;173;173m=[0m[48;2;20;19;24m[38;2;20;19;24m▓[0m[48;2;42;40;52m[38;2;42;40;52m▒[0m[48;2;42;39;53m[38;2;42;39;53m▒[0m[48;2;23;19;31m[38;2;23;19;31m▓[0m[48;2;53;46;57m[38;2;53;46;57m▒[0m[48;2;142;127;140m[38;2;142;127;140m*[0m[48;2;159;139;153m[38;2;159;139;153m+[0m[48;2;161;140;155m[38;2;161;140;155m+[0m[48;2;161;140;155m[38;2;161;140;155m+[0m[48;2;116;97;111m[38;2;116;97;111m%[0m[48;2;70;55;67m[38;2;70;55;67m░[0m[48;2;78;63;75m[38;2;78;63;75m░[0m[48;2;84;69;81m[38;2;84;69;81m@[0m[48;2;89;73;85m[38;2;89;73;85m@[0m[48;2;153;135;148m[38;2;153;135;148m*[0m[48;2;157;139;152m[38;2;157;139;152m*[0m[48;2;160;141;155m[38;2;160;141;155m+[0m[48;2;160;141;154m[38;2;160;141;154m+[0m[48;2;150;132;144m[38;2;150;132;144m*[0m[48;2;72;58;68m[38;2;72;58;68m░[0m[48;2;82;70;79m[38;2;82;70;79m@[0m[48;2;84;76;83m[38;2;84;76;83m@[0m[48;2;36;31;36m[38;2;36;31;36m▓[0m[48;2;135;133;135m[38;2;135;133;135m*[0m                                         
                                           [48;2;203;203;203m[38;2;203;203;203m:[0m[48;2;21;20;23m[38;2;21;20;23m▓[0m[48;2;42;38;48m[38;2;42;38;48m▒[0m[48;2;25;22;33m[38;2;25;22;33m▓[0m[48;2;23;18;28m[38;2;23;18;28m▓[0m[48;2;118;105;118m[38;2;118;105;118m#[0m[48;2;158;140;154m[38;2;158;140;154m+[0m[48;2;161;140;155m[38;2;161;140;155m+[0m[48;2;161;140;155m[38;2;161;140;155m+[0m[48;2;161;140;155m[38;2;161;140;155m+[0m[48;2;161;140;155m[38;2;161;140;155m+[0m[48;2;161;140;155m[38;2;161;140;155m+[0m[48;2;161;140;155m[38;2;161;140;155m+[0m[48;2;161;140;155m[38;2;161;140;155m+[0m[48;2;161;140;155m[38;2;161;140;155m+[0m[48;2;161;140;155m[38;2;161;140;155m+[0m[48;2;161;140;155m[38;2;161;140;155m+[0m[48;2;161;140;155m[38;2;161;140;155m+[0m[48;2;161;140;155m[38;2;161;140;155m+[0m[48;2;161;140;155m[38;2;161;140;155m+[0m[48;2;161;140;155m[38;2;161;140;155m+[0m[48;2;159;139;153m[38;2;159;139;153m+[0m[48;2;142;124;136m[38;2;142;124;136m*[0m[48;2;108;95;105m[38;2;108;95;105m%[0m[48;2;114;104;113m[38;2;114;104;113m%[0m[48;2;16;10;16m[38;2;16;10;16m█[0m[48;2;56;54;56m[38;2;56;54;56m▒[0m[48;2;95;94;99m[38;2;95;94;99m%[0m[48;2;207;207;208m[38;2;207;207;208m:[0m                                      
                                           [48;2;53;52;54m[38;2;53;52;54m▒[0m[48;2;32;30;37m[38;2;32;30;37m▓[0m[48;2;12;10;18m[38;2;12;10;18m█[0m[48;2;22;18;25m[38;2;22;18;25m▓[0m[48;2;136;123;134m[38;2;136;123;134m*[0m[48;2;159;141;155m[38;2;159;141;155m+[0m[48;2;161;140;155m[38;2;161;140;155m+[0m[48;2;161;140;155m[38;2;161;140;155m+[0m[48;2;161;140;155m[38;2;161;140;155m+[0m[48;2;160;139;154m[38;2;160;139;154m+[0m[48;2;159;138;153m[38;2;159;138;153m*[0m[48;2;159;138;153m[38;2;159;138;153m*[0m[48;2;159;138;153m[38;2;159;138;153m*[0m[48;2;161;140;155m[38;2;161;140;155m+[0m[48;2;161;140;155m[38;2;161;140;155m+[0m[48;2;161;140;155m[38;2;161;140;155m+[0m[48;2;161;140;155m[38;2;161;140;155m+[0m[48;2;161;140;155m[38;2;161;140;155m+[0m[48;2;161;140;155m[38;2;161;140;155m+[0m[48;2;161;140;155m[38;2;161;140;155m+[0m[48;2;161;140;155m[38;2;161;140;155m+[0m[48;2;148;128;143m[38;2;148;128;143m*[0m[48;2;137;118;132m[38;2;137;118;132m#[0m[48;2;160;141;155m[38;2;160;141;155m+[0m[48;2;159;141;155m[38;2;159;141;155m+[0m[48;2;123;110;121m[38;2;123;110;121m#[0m[48;2;13;7;13m[38;2;13;7;13m█[0m[48;2;55;45;75m[38;2;55;45;75m▒[0m[48;2;86;84;88m[38;2;86;84;88m@[0m                                      
                                          [48;2;176;176;176m[38;2;176;176;176m=[0m[48;2;11;10;13m[38;2;11;10;13m█[0m[48;2;24;20;27m[38;2;24;20;27m▓[0m[48;2;19;13;20m[38;2;19;13;20m█[0m[48;2;124;113;122m[38;2;124;113;122m#[0m[48;2;161;143;155m[38;2;161;143;155m+[0m[48;2;161;141;155m[38;2;161;141;155m+[0m[48;2;161;140;155m[38;2;161;140;155m+[0m[48;2;161;141;155m[38;2;161;141;155m+[0m[48;2;131;114;126m[38;2;131;114;126m#[0m[48;2;54;40;51m[38;2;54;40;51m▒[0m[48;2;113;98;111m[38;2;113;98;111m%[0m[48;2;53;38;50m[38;2;53;38;50m▒[0m[48;2;157;140;153m[38;2;157;140;153m+[0m[48;2;99;82;95m[38;2;99;82;95m@[0m[48;2;138;119;133m[38;2;138;119;133m#[0m[48;2;161;140;155m[38;2;161;140;155m+[0m[48;2;161;140;155m[38;2;161;140;155m+[0m[48;2;161;140;155m[38;2;161;140;155m+[0m[48;2;161;140;155m[38;2;161;140;155m+[0m[48;2;149;129;144m[38;2;149;129;144m*[0m[48;2;133;114;128m[38;2;133;114;128m#[0m[48;2;130;113;126m[38;2;130;113;126m#[0m[48;2;49;37;48m[38;2;49;37;48m▒[0m[48;2;159;141;155m[38;2;159;141;155m+[0m[48;2;161;140;155m[38;2;161;140;155m+[0m[48;2;160;141;155m[38;2;160;141;155m+[0m[48;2;95;81;93m[38;2;95;81;93m@[0m[48;2;13;6;18m[38;2;13;6;18m█[0m[48;2;37;30;53m[38;2;37;30;53m▓[0m[48;2;193;193;194m[38;2;193;193;194m-[0m                                     
                                          [48;2;94;94;94m[38;2;94;94;94m%[0m[48;2;11;9;12m[38;2;11;9;12m█[0m[48;2;87;83;89m[38;2;87;83;89m@[0m[48;2;56;48;56m[38;2;56;48;56m▒[0m[48;2;160;142;155m[38;2;160;142;155m+[0m[48;2;162;141;156m[38;2;162;141;156m+[0m[48;2;161;140;155m[38;2;161;140;155m+[0m[48;2;161;140;155m[38;2;161;140;155m+[0m[48;2;149;132;145m[38;2;149;132;145m*[0m[48;2;35;24;33m[38;2;35;24;33m▓[0m[48;2;56;48;56m[38;2;56;48;56m▒[0m[48;2;13;6;13m[38;2;13;6;13m█[0m[48;2;101;93;101m[38;2;101;93;101m%[0m[48;2;107;93;103m[38;2;107;93;103m%[0m[48;2;42;30;40m[38;2;42;30;40m▓[0m[48;2;132;116;129m[38;2;132;116;129m#[0m[48;2;160;140;155m[38;2;160;140;155m+[0m[48;2;161;140;155m[38;2;161;140;155m+[0m[48;2;161;140;155m[38;2;161;140;155m+[0m[48;2;161;140;155m[38;2;161;140;155m+[0m[48;2;112;95;108m[38;2;112;95;108m%[0m[48;2;62;50;61m[38;2;62;50;61m▒[0m[48;2;156;141;154m[38;2;156;141;154m+[0m[48;2;53;42;52m[38;2;53;42;52m▒[0m[48;2;119;105;117m[38;2;119;105;117m#[0m[48;2;160;141;155m[38;2;160;141;155m+[0m[48;2;161;140;155m[38;2;161;140;155m+[0m[48;2;157;138;152m[38;2;157;138;152m*[0m[48;2;38;26;38m[38;2;38;26;38m▓[0m[48;2;27;17;37m[38;2;27;17;37m▓[0m[48;2;188;185;188m[38;2;188;185;188m-[0m                                     
                                          [48;2;51;49;51m[38;2;51;49;51m▒[0m[48;2;91;84;90m[38;2;91;84;90m@[0m[48;2;77;68;76m[38;2;77;68;76m░[0m[48;2;101;88;99m[38;2;101;88;99m%[0m[48;2;161;140;155m[38;2;161;140;155m+[0m[48;2;161;140;155m[38;2;161;140;155m+[0m[48;2;161;140;155m[38;2;161;140;155m+[0m[48;2;161;140;155m[38;2;161;140;155m+[0m[48;2;78;66;75m[38;2;78;66;75m░[0m[48;2;7;0;5m[38;2;7;0;5m█[0m[48;2;62;56;60m[38;2;62;56;60m░[0m[48;2;23;17;22m[38;2;23;17;22m▓[0m[48;2;88;82;88m[38;2;88;82;88m@[0m[48;2;29;21;28m[38;2;29;21;28m▓[0m[48;2;21;14;20m[38;2;21;14;20m█[0m[48;2;7;1;6m[38;2;7;1;6m█[0m[48;2;65;53;63m[38;2;65;53;63m░[0m[48;2;153;137;149m[38;2;153;137;149m*[0m[48;2;159;141;155m[38;2;159;141;155m+[0m[48;2;158;140;154m[38;2;158;140;154m+[0m[48;2;136;120;133m[38;2;136;120;133m#[0m[48;2;10;3;9m[38;2;10;3;9m█[0m[48;2;89;79;88m[38;2;89;79;88m@[0m[48;2;132;121;130m[38;2;132;121;130m#[0m[48;2;25;15;22m[38;2;25;15;22m▓[0m[48;2;100;86;96m[38;2;100;86;96m@[0m[48;2;154;136;149m[38;2;154;136;149m*[0m[48;2;135;117;130m[38;2;135;117;130m#[0m[48;2;125;111;122m[38;2;125;111;122m#[0m[48;2;44;35;40m[38;2;44;35;40m▒[0m[48;2;119;114;118m[38;2;119;114;118m#[0m[48;2;215;213;215m[38;2;215;213;215m:[0m                                    
                                         [48;2;236;236;236m[38;2;236;236;236m.[0m[48;2;32;28;32m[38;2;32;28;32m▓[0m[48;2;151;140;149m[38;2;151;140;149m*[0m[48;2;68;58;66m[38;2;68;58;66m░[0m[48;2;113;99;110m[38;2;113;99;110m%[0m[48;2;161;140;155m[38;2;161;140;155m+[0m[48;2;161;140;155m[38;2;161;140;155m+[0m[48;2;161;140;155m[38;2;161;140;155m+[0m[48;2;160;139;154m[38;2;160;139;154m+[0m[48;2;37;26;34m[38;2;37;26;34m▓[0m[48;2;81;73;77m[38;2;81;73;77m@[0m[48;2;212;204;204m[38;2;212;204;204m:[0m[48;2;70;63;67m[38;2;70;63;67m░[0m[48;2;51;30;102m[38;2;51;30;102m▒[0m[48;2;63;32;130m[38;2;63;32;130m▒[0m[48;2;36;15;77m[38;2;36;15;77m▓[0m[48;2;96;88;92m[38;2;96;88;92m@[0m[48;2;153;143;144m[38;2;153;143;144m*[0m[48;2;110;98;100m[38;2;110;98;100m%[0m[48;2;103;92;94m[38;2;103;92;94m%[0m[48;2;101;90;91m[38;2;101;90;91m%[0m[48;2;87;77;80m[38;2;87;77;80m@[0m[48;2;11;4;19m[38;2;11;4;19m█[0m[48;2;30;13;66m[38;2;30;13;66m▓[0m[48;2;48;28;79m[38;2;48;28;79m▒[0m[48;2;20;12;25m[38;2;20;12;25m█[0m[48;2;22;17;20m[38;2;22;17;20m▓[0m[48;2;19;12;17m[38;2;19;12;17m█[0m[48;2;22;14;20m[38;2;22;14;20m█[0m[48;2;31;23;29m[38;2;31;23;29m▓[0m[48;2;54;46;52m[38;2;54;46;52m▒[0m[48;2;47;43;48m[38;2;47;43;48m▒[0m[48;2;12;10;13m[38;2;12;10;13m█[0m[48;2;138;137;138m[38;2;138;137;138m*[0m                                   
                                         [48;2;183;182;182m[38;2;183;182;182m=[0m[48;2;62;55;61m[38;2;62;55;61m░[0m[48;2;159;143;153m[38;2;159;143;153m+[0m[48;2;89;78;86m[38;2;89;78;86m@[0m[48;2;88;76;87m[38;2;88;76;87m@[0m[48;2;160;140;155m[38;2;160;140;155m+[0m[48;2;161;140;155m[38;2;161;140;155m+[0m[48;2;161;140;155m[38;2;161;140;155m+[0m[48;2;158;138;152m[38;2;158;138;152m*[0m[48;2;36;25;32m[38;2;36;25;32m▓[0m[48;2;244;233;235m[38;2;244;233;235m.[0m[48;2;248;237;236m[38;2;248;237;236m [0m[48;2;50;38;46m[38;2;50;38;46m▒[0m[48;2;178;152;197m[38;2;178;152;197m=[0m[48;2;152;101;185m[38;2;152;101;185m#[0m[48;2;64;36;87m[38;2;64;36;87m▒[0m[48;2;163;151;150m[38;2;163;151;150m+[0m[48;2;250;237;230m[38;2;250;237;230m [0m[48;2;251;236;229m[38;2;251;236;229m [0m[48;2;251;236;228m[38;2;251;236;228m [0m[48;2;250;236;229m[38;2;250;236;229m [0m[48;2;191;180;175m[38;2;191;180;175m=[0m[48;2;30;15;41m[38;2;30;15;41m▓[0m[48;2;112;77;171m[38;2;112;77;171m%[0m[48;2;78;36;151m[38;2;78;36;151m░[0m[48;2;38;25;49m[38;2;38;25;49m▓[0m[48;2;225;215;217m[38;2;225;215;217m:[0m[48;2;60;53;54m[38;2;60;53;54m░[0m[48;2;143;136;140m[38;2;143;136;140m*[0m[48;2;14;7;12m[38;2;14;7;12m█[0m[48;2;31;26;30m[38;2;31;26;30m▓[0m[48;2;130;126;130m[38;2;130;126;130m#[0m[48;2;238;235;238m[38;2;238;235;238m.[0m                                    
                                         [48;2;178;178;178m[38;2;178;178;178m=[0m[48;2;63;56;61m[38;2;63;56;61m░[0m[48;2;160;143;154m[38;2;160;143;154m+[0m[48;2;147;133;143m[38;2;147;133;143m*[0m[48;2;24;16;24m[38;2;24;16;24m▓[0m[48;2;129;115;126m[38;2;129;115;126m#[0m[48;2;160;141;155m[38;2;160;141;155m+[0m[48;2;161;140;155m[38;2;161;140;155m+[0m[48;2;160;140;154m[38;2;160;140;154m+[0m[48;2;41;28;36m[38;2;41;28;36m▓[0m[48;2;212;195;198m[38;2;212;195;198m-[0m[48;2;247;227;224m[38;2;247;227;224m.[0m[48;2;94;80;81m[38;2;94;80;81m@[0m[48;2;144;113;140m[38;2;144;113;140m#[0m[48;2;166;122;162m[38;2;166;122;162m*[0m[48;2;65;47;59m[38;2;65;47;59m▒[0m[48;2;240;228;223m[38;2;240;228;223m.[0m[48;2;250;235;228m[38;2;250;235;228m [0m[48;2;250;235;226m[38;2;250;235;226m [0m[48;2;250;235;226m[38;2;250;235;226m [0m[48;2;250;235;226m[38;2;250;235;226m [0m[48;2;217;204;200m[38;2;217;204;200m:[0m[48;2;49;35;46m[38;2;49;35;46m▒[0m[48;2;211;177;219m[38;2;211;177;219m-[0m[48;2;111;79;126m[38;2;111;79;126m%[0m[48;2;123;111;116m[38;2;123;111;116m#[0m[48;2;247;235;230m[38;2;247;235;230m [0m[48;2;244;232;227m[38;2;244;232;227m.[0m[48;2;177;167;164m[38;2;177;167;164m=[0m[48;2;59;51;55m[38;2;59;51;55m▒[0m[48;2;66;58;64m[38;2;66;58;64m░[0m[48;2;78;73;78m[38;2;78;73;78m@[0m                                     
                                         [48;2;233;232;233m[38;2;233;232;233m.[0m[48;2;41;36;39m[38;2;41;36;39m▒[0m[48;2;113;99;109m[38;2;113;99;109m%[0m[48;2;81;68;77m[38;2;81;68;77m░[0m[48;2;14;5;12m[38;2;14;5;12m█[0m[48;2;14;6;12m[38;2;14;6;12m█[0m[48;2;79;67;76m[38;2;79;67;76m░[0m[48;2;131;115;126m[38;2;131;115;126m#[0m[48;2;154;138;149m[38;2;154;138;149m*[0m[48;2;107;94;102m[38;2;107;94;102m%[0m[48;2;81;67;71m[38;2;81;67;71m░[0m[48;2;238;224;221m[38;2;238;224;221m.[0m[48;2;233;222;218m[38;2;233;222;218m.[0m[48;2;147;136;133m[38;2;147;136;133m*[0m[48;2;148;134;133m[38;2;148;134;133m*[0m[48;2;231;216;213m[38;2;231;216;213m.[0m[48;2;250;234;228m[38;2;250;234;228m [0m[48;2;247;231;225m[38;2;247;231;225m.[0m[48;2;174;158;152m[38;2;174;158;152m+[0m[48;2;223;208;200m[38;2;223;208;200m:[0m[48;2;250;235;226m[38;2;250;235;226m [0m[48;2;249;234;228m[38;2;249;234;228m [0m[48;2;138;124;123m[38;2;138;124;123m*[0m[48;2;92;73;80m[38;2;92;73;80m@[0m[48;2;110;94;97m[38;2;110;94;97m%[0m[48;2;239;223;219m[38;2;239;223;219m.[0m[48;2;242;212;202m[38;2;242;212;202m.[0m[48;2;245;216;207m[38;2;245;216;207m.[0m[48;2;180;164;164m[38;2;180;164;164m=[0m[48;2;66;56;60m[38;2;66;56;60m░[0m[48;2;143;133;139m[38;2;143;133;139m*[0m[48;2;37;32;36m[38;2;37;32;36m▓[0m                                     
                                          [48;2;72;70;71m[38;2;72;70;71m░[0m[48;2;38;33;37m[38;2;38;33;37m▓[0m[48;2;118;111;114m[38;2;118;111;114m#[0m[48;2;227;216;214m[38;2;227;216;214m:[0m[48;2;174;163;162m[38;2;174;163;162m=[0m[48;2;18;9;11m[38;2;18;9;11m█[0m[48;2;5;1;3m[38;2;5;1;3m█[0m[48;2;19;14;17m[38;2;19;14;17m█[0m[48;2;93;87;90m[38;2;93;87;90m@[0m[48;2;70;63;66m[38;2;70;63;66m░[0m[48;2;77;71;72m[38;2;77;71;72m░[0m[48;2;177;168;166m[38;2;177;168;166m=[0m[48;2;247;234;229m[38;2;247;234;229m.[0m[48;2;250;234;228m[38;2;250;234;228m [0m[48;2;250;235;227m[38;2;250;235;227m [0m[48;2;250;235;227m[38;2;250;235;227m [0m[48;2;249;234;225m[38;2;249;234;225m.[0m[48;2;200;186;178m[38;2;200;186;178m-[0m[48;2;227;212;203m[38;2;227;212;203m:[0m[48;2;250;235;226m[38;2;250;235;226m [0m[48;2;250;235;226m[38;2;250;235;226m [0m[48;2;250;235;227m[38;2;250;235;227m [0m[48;2;250;235;226m[38;2;250;235;226m [0m[48;2;250;235;226m[38;2;250;235;226m [0m[48;2;244;226;216m[38;2;244;226;216m.[0m[48;2;240;215;203m[38;2;240;215;203m.[0m[48;2;250;227;222m[38;2;250;227;222m.[0m[48;2;134;122;121m[38;2;134;122;121m#[0m[48;2;37;32;33m[38;2;37;32;33m▓[0m[48;2;32;27;30m[38;2;32;27;30m▓[0m[48;2;184;179;183m[38;2;184;179;183m=[0m                                     
                                         [48;2;165;165;165m[38;2;165;165;165m=[0m[48;2;86;84;85m[38;2;86;84;85m@[0m[48;2;195;192;195m[38;2;195;192;195m-[0m[48;2;80;76;79m[38;2;80;76;79m@[0m[48;2;115;108;109m[38;2;115;108;109m#[0m[48;2;224;216;218m[38;2;224;216;218m:[0m[48;2;113;105;108m[38;2;113;105;108m%[0m[48;2;83;79;81m[38;2;83;79;81m@[0m[48;2;10;7;8m[38;2;10;7;8m█[0m[48;2;76;69;70m[38;2;76;69;70m░[0m[48;2;213;205;205m[38;2;213;205;205m:[0m[48;2;245;235;234m[38;2;245;235;234m [0m[48;2;248;236;233m[38;2;248;236;233m [0m[48;2;248;236;231m[38;2;248;236;231m [0m[48;2;251;235;230m[38;2;251;235;230m [0m[48;2;251;236;229m[38;2;251;236;229m [0m[48;2;251;236;229m[38;2;251;236;229m [0m[48;2;251;235;228m[38;2;251;235;228m [0m[48;2;251;235;227m[38;2;251;235;227m [0m[48;2;250;235;227m[38;2;250;235;227m [0m[48;2;250;235;227m[38;2;250;235;227m [0m[48;2;250;235;227m[38;2;250;235;227m [0m[48;2;250;234;227m[38;2;250;234;227m [0m[48;2;250;234;227m[38;2;250;234;227m [0m[48;2;250;234;227m[38;2;250;234;227m [0m[48;2;251;235;229m[38;2;251;235;229m [0m[48;2;249;234;229m[38;2;249;234;229m [0m[48;2;184;171;170m[38;2;184;171;170m=[0m[48;2;45;38;38m[38;2;45;38;38m▒[0m[48;2;96;91;93m[38;2;96;91;93m%[0m[48;2;56;52;53m[38;2;56;52;53m▒[0m                                      
                                         [48;2;117;117;117m[38;2;117;117;117m#[0m[48;2;115;113;114m[38;2;115;113;114m#[0m[48;2;204;201;204m[38;2;204;201;204m:[0m[48;2;145;142;146m[38;2;145;142;146m*[0m[48;2;3;0;4m[38;2;3;0;4m█[0m[48;2;12;9;13m[38;2;12;9;13m█[0m[48;2;33;30;34m[38;2;33;30;34m▓[0m[48;2;114;111;114m[38;2;114;111;114m#[0m[48;2;135;133;134m[38;2;135;133;134m*[0m[48;2;41;38;39m[38;2;41;38;39m▒[0m[48;2;54;52;53m[38;2;54;52;53m▒[0m[48;2;28;24;26m[38;2;28;24;26m▓[0m[48;2;49;46;48m[38;2;49;46;48m▒[0m[48;2;75;69;72m[38;2;75;69;72m░[0m[48;2;99;92;93m[38;2;99;92;93m%[0m[48;2;118;110;110m[38;2;118;110;110m#[0m[48;2;137;127;128m[38;2;137;127;128m*[0m[48;2;154;143;144m[38;2;154;143;144m+[0m[48;2;170;159;156m[38;2;170;159;156m+[0m[48;2;177;167;164m[38;2;177;167;164m=[0m[48;2;182;173;170m[38;2;182;173;170m=[0m[48;2;183;172;170m[38;2;183;172;170m=[0m[48;2;179;170;167m[38;2;179;170;167m=[0m[48;2;168;158;155m[38;2;168;158;155m+[0m[48;2;148;138;136m[38;2;148;138;136m*[0m[48;2;114;105;105m[38;2;114;105;105m%[0m[48;2;60;53;56m[38;2;60;53;56m░[0m[48;2;20;14;19m[38;2;20;14;19m█[0m[48;2;16;11;15m[38;2;16;11;15m█[0m[48;2;30;26;28m[38;2;30;26;28m▓[0m[48;2;215;213;215m[38;2;215;213;215m:[0m                                      
                                       [48;2;163;162;163m[38;2;163;162;163m+[0m[48;2;70;65;68m[38;2;70;65;68m░[0m[48;2;49;44;47m[38;2;49;44;47m▒[0m[48;2;102;100;101m[38;2;102;100;101m%[0m[48;2;203;202;203m[38;2;203;202;203m:[0m[48;2;137;136;139m[38;2;137;136;139m*[0m[48;2;3;2;4m[38;2;3;2;4m█[0m[48;2;10;8;12m[38;2;10;8;12m█[0m[48;2;6;4;8m[38;2;6;4;8m█[0m[48;2;121;119;123m[38;2;121;119;123m#[0m [48;2;41;39;41m[38;2;41;39;41m▒[0m[48;2;9;8;9m[38;2;9;8;9m█[0m[48;2;14;13;17m[38;2;14;13;17m█[0m[48;2;3;2;8m[38;2;3;2;8m█[0m[48;2;5;3;8m[38;2;5;3;8m█[0m[48;2;20;17;24m[38;2;20;17;24m▓[0m[48;2;32;28;40m[38;2;32;28;40m▓[0m[48;2;28;24;36m[38;2;28;24;36m▓[0m[48;2;24;19;29m[38;2;24;19;29m▓[0m[48;2;113;107;111m[38;2;113;107;111m%[0m[48;2;64;57;59m[38;2;64;57;59m░[0m[48;2;23;16;18m[38;2;23;16;18m▓[0m[48;2;64;57;59m[38;2;64;57;59m░[0m[48;2;73;68;69m[38;2;73;68;69m░[0m[48;2;12;8;10m[38;2;12;8;10m█[0m[48;2;8;5;9m[38;2;8;5;9m█[0m[48;2;5;4;9m[38;2;5;4;9m█[0m[48;2;32;30;39m[38;2;32;30;39m▓[0m[48;2;28;26;36m[38;2;28;26;36m▓[0m[48;2;7;4;10m[38;2;7;4;10m█[0m[48;2;56;53;57m[38;2;56;53;57m▒[0m                                       
                                     [48;2;226;225;226m[38;2;226;225;226m.[0m[48;2;75;72;76m[38;2;75;72;76m@[0m[48;2;90;84;91m[38;2;90;84;91m@[0m[48;2;152;137;147m[38;2;152;137;147m*[0m[48;2;139;125;134m[38;2;139;125;134m*[0m[48;2;40;36;39m[38;2;40;36;39m▒[0m[48;2;193;190;193m[38;2;193;190;193m-[0m[48;2;190;188;192m[38;2;190;188;192m-[0m[48;2;24;23;26m[38;2;24;23;26m▓[0m[48;2;7;6;10m[38;2;7;6;10m█[0m[48;2;13;12;17m[38;2;13;12;17m█[0m[48;2;205;204;209m[38;2;205;204;209m:[0m[48;2;226;223;228m[38;2;226;223;228m.[0m[48;2;26;23;27m[38;2;26;23;27m▓[0m[48;2;11;9;14m[38;2;11;9;14m█[0m[48;2;23;21;32m[38;2;23;21;32m▓[0m[48;2;26;23;37m[38;2;26;23;37m▓[0m[48;2;29;25;34m[38;2;29;25;34m▓[0m[48;2;22;19;26m[38;2;22;19;26m▓[0m[48;2;7;4;12m[38;2;7;4;12m█[0m[48;2;45;41;50m[38;2;45;41;50m▒[0m[48;2;16;13;21m[38;2;16;13;21m█[0m[48;2;6;3;9m[38;2;6;3;9m█[0m[48;2;55;51;56m[38;2;55;51;56m▒[0m[48;2;178;174;178m[38;2;178;174;178m=[0m[48;2;77;73;77m[38;2;77;73;77m@[0m[48;2;46;43;46m[38;2;46;43;46m▒[0m[48;2;21;15;20m[38;2;21;15;20m█[0m[48;2;77;71;68m[38;2;77;71;68m░[0m[48;2;9;5;11m[38;2;9;5;11m█[0m[48;2;31;28;38m[38;2;31;28;38m▓[0m[48;2;22;20;30m[38;2;22;20;30m▓[0m[48;2;165;162;169m[38;2;165;162;169m+[0m                                        
                                    [48;2;236;236;236m[38;2;236;236;236m.[0m[48;2;48;45;47m[38;2;48;45;47m▒[0m[48;2;127;115;124m[38;2;127;115;124m#[0m[48;2;154;140;151m[38;2;154;140;151m*[0m[48;2;156;138;152m[38;2;156;138;152m*[0m[48;2;144;128;139m[38;2;144;128;139m*[0m[48;2;55;48;53m[38;2;55;48;53m▒[0m[48;2;55;50;54m[38;2;55;50;54m▒[0m[48;2;159;156;160m[38;2;159;156;160m+[0m[48;2;111;109;114m[38;2;111;109;114m#[0m[48;2;14;12;18m[38;2;14;12;18m█[0m[48;2;140;138;144m[38;2;140;138;144m*[0m[48;2;155;154;159m[38;2;155;154;159m+[0m[48;2;42;39;46m[38;2;42;39;46m▒[0m[48;2;26;22;31m[38;2;26;22;31m▓[0m[48;2;18;14;25m[38;2;18;14;25m█[0m[48;2;18;15;29m[38;2;18;15;29m█[0m[48;2;36;31;49m[38;2;36;31;49m▓[0m[48;2;37;32;50m[38;2;37;32;50m▓[0m[48;2;37;32;49m[38;2;37;32;49m▓[0m[48;2;25;20;37m[38;2;25;20;37m▓[0m[48;2;16;12;24m[38;2;16;12;24m█[0m[48;2;70;65;61m[38;2;70;65;61m░[0m[48;2;44;38;30m[38;2;44;38;30m▒[0m[48;2;17;11;12m[38;2;17;11;12m█[0m[48;2;6;2;4m[38;2;6;2;4m█[0m[48;2;8;4;5m[38;2;8;4;5m█[0m[48;2;76;71;69m[38;2;76;71;69m░[0m[48;2;37;29;29m[38;2;37;29;29m▓[0m[48;2;132;124;108m[38;2;132;124;108m#[0m[48;2;10;3;7m[38;2;10;3;7m█[0m[48;2;24;18;26m[38;2;24;18;26m▓[0m[48;2;180;177;184m[38;2;180;177;184m=[0m                                         
                                    [48;2;139;139;139m[38;2;139;139;139m*[0m[48;2;82;74;79m[38;2;82;74;79m@[0m[48;2;157;141;151m[38;2;157;141;151m+[0m[48;2;157;140;152m[38;2;157;140;152m+[0m[48;2;112;97;109m[38;2;112;97;109m%[0m[48;2;73;63;72m[38;2;73;63;72m░[0m[48;2;190;183;189m[38;2;190;183;189m-[0m[48;2;135;132;136m[38;2;135;132;136m*[0m[48;2;19;17;20m[38;2;19;17;20m█[0m[48;2;59;55;60m[38;2;59;55;60m░[0m[48;2;43;38;45m[38;2;43;38;45m▒[0m[48;2;30;26;32m[38;2;30;26;32m▓[0m[48;2;8;5;11m[38;2;8;5;11m█[0m[48;2;14;10;19m[38;2;14;10;19m█[0m[48;2;17;13;27m[38;2;17;13;27m█[0m[48;2;24;19;37m[38;2;24;19;37m▓[0m[48;2;37;31;50m[38;2;37;31;50m▓[0m[48;2;37;31;52m[38;2;37;31;52m▓[0m[48;2;37;31;52m[38;2;37;31;52m▓[0m[48;2;37;31;52m[38;2;37;31;52m▓[0m[48;2;36;30;51m[38;2;36;30;51m▓[0m[48;2;26;21;38m[38;2;26;21;38m▓[0m[48;2;90;83;74m[38;2;90;83;74m@[0m[48;2;220;209;163m[38;2;220;209;163m:[0m[48;2;193;179;139m[38;2;193;179;139m=[0m[48;2;130;115;85m[38;2;130;115;85m#[0m[48;2;172;156;123m[38;2;172;156;123m+[0m[48;2;221;206;167m[38;2;221;206;167m:[0m[48;2;54;45;36m[38;2;54;45;36m▒[0m[48;2;46;40;41m[38;2;46;40;41m▒[0m[48;2;19;14;21m[38;2;19;14;21m█[0m[48;2;120;115;122m[38;2;120;115;122m#[0m                                          
                                    [48;2;133;133;133m[38;2;133;133;133m*[0m[48;2;89;81;86m[38;2;89;81;86m@[0m[48;2;159;141;153m[38;2;159;141;153m+[0m[48;2;154;135;149m[38;2;154;135;149m*[0m[48;2;41;27;38m[38;2;41;27;38m▓[0m[48;2;160;152;161m[38;2;160;152;161m+[0m[48;2;47;40;46m[38;2;47;40;46m▒[0m[48;2;78;69;75m[38;2;78;69;75m░[0m[48;2;148;137;146m[38;2;148;137;146m*[0m[48;2;159;145;155m[38;2;159;145;155m+[0m[48;2;159;145;155m[38;2;159;145;155m+[0m[48;2;156;144;154m[38;2;156;144;154m+[0m[48;2;27;23;29m[38;2;27;23;29m▓[0m[48;2;34;30;42m[38;2;34;30;42m▓[0m[48;2;37;32;51m[38;2;37;32;51m▓[0m[48;2;37;31;52m[38;2;37;31;52m▓[0m[48;2;37;31;52m[38;2;37;31;52m▓[0m[48;2;37;31;52m[38;2;37;31;52m▓[0m[48;2;37;31;52m[38;2;37;31;52m▓[0m[48;2;37;31;50m[38;2;37;31;50m▓[0m[48;2;28;23;40m[38;2;28;23;40m▓[0m[48;2;12;8;20m[38;2;12;8;20m█[0m[48;2;23;20;24m[38;2;23;20;24m▓[0m[48;2;85;77;71m[38;2;85;77;71m@[0m[48;2;153;141;117m[38;2;153;141;117m*[0m[48;2;205;191;157m[38;2;205;191;157m-[0m[48;2;189;174;142m[38;2;189;174;142m=[0m[48;2;85;72;59m[38;2;85;72;59m@[0m[48;2;18;10;12m[38;2;18;10;12m█[0m[48;2;5;1;6m[38;2;5;1;6m█[0m[48;2;21;18;24m[38;2;21;18;24m▓[0m[48;2;8;5;11m[38;2;8;5;11m█[0m[48;2;113;111;114m[38;2;113;111;114m#[0m[48;2;178;178;178m[38;2;178;178;178m=[0m[48;2;212;212;212m[38;2;212;212;212m:[0m                                       
                                    [48;2;232;232;232m[38;2;232;232;232m.[0m[48;2;62;59;61m[38;2;62;59;61m░[0m[48;2;114;100;109m[38;2;114;100;109m%[0m[48;2;155;140;151m[38;2;155;140;151m*[0m[48;2;73;60;72m[38;2;73;60;72m░[0m[48;2;18;9;17m[38;2;18;9;17m█[0m[48;2;53;45;52m[38;2;53;45;52m▒[0m[48;2;101;90;98m[38;2;101;90;98m%[0m[48;2;133;120;130m[38;2;133;120;130m#[0m[48;2;116;105;114m[38;2;116;105;114m%[0m[48;2;71;61;69m[38;2;71;61;69m░[0m[48;2;84;76;84m[38;2;84;76;84m@[0m[48;2;11;7;14m[38;2;11;7;14m█[0m[48;2;34;29;42m[38;2;34;29;42m▓[0m[48;2;37;31;51m[38;2;37;31;51m▓[0m[48;2;37;31;52m[38;2;37;31;52m▓[0m[48;2;37;31;53m[38;2;37;31;53m▓[0m[48;2;34;28;47m[38;2;34;28;47m▓[0m[48;2;15;11;23m[38;2;15;11;23m█[0m[48;2;9;6;15m[38;2;9;6;15m█[0m[48;2;17;15;19m[38;2;17;15;19m█[0m[48;2;51;48;52m[38;2;51;48;52m▒[0m[48;2;9;7;9m[38;2;9;7;9m█[0m[48;2;73;70;73m[38;2;73;70;73m░[0m[48;2;48;45;47m[38;2;48;45;47m▒[0m[48;2;24;21;22m[38;2;24;21;22m▓[0m[48;2;14;11;15m[38;2;14;11;15m█[0m[48;2;17;13;19m[38;2;17;13;19m█[0m[48;2;40;37;40m[38;2;40;37;40m▒[0m[48;2;6;3;7m[38;2;6;3;7m█[0m[48;2;33;31;34m[38;2;33;31;34m▓[0m[48;2;46;45;48m[38;2;46;45;48m▒[0m[48;2;35;34;38m[38;2;35;34;38m▓[0m[48;2;34;33;37m[38;2;34;33;37m▓[0m[48;2;27;26;29m[38;2;27;26;29m▓[0m[48;2;241;240;242m[38;2;241;240;242m [0m                                      
                                      [48;2;130;127;129m[38;2;130;127;129m*[0m[48;2;36;29;34m[38;2;36;29;34m▓[0m[48;2;85;72;83m[38;2;85;72;83m@[0m[48;2;102;90;100m[38;2;102;90;100m%[0m[48;2;96;85;94m[38;2;96;85;94m@[0m[48;2;76;67;75m[38;2;76;67;75m░[0m[48;2;53;45;53m[38;2;53;45;53m▒[0m[48;2;25;18;25m[38;2;25;18;25m▓[0m[48;2;10;3;10m[38;2;10;3;10m█[0m[48;2;26;20;27m[38;2;26;20;27m▓[0m[48;2;14;10;16m[38;2;14;10;16m█[0m[48;2;10;6;15m[38;2;10;6;15m█[0m[48;2;25;19;33m[38;2;25;19;33m▓[0m[48;2;29;24;39m[38;2;29;24;39m▓[0m[48;2;28;23;38m[38;2;28;23;38m▓[0m[48;2;10;6;16m[38;2;10;6;16m█[0m[48;2;3;2;5m[38;2;3;2;5m█[0m[48;2;36;34;35m[38;2;36;34;35m▓[0m[48;2;59;57;58m[38;2;59;57;58m░[0m[48;2;8;6;8m[38;2;8;6;8m█[0m[48;2;16;14;16m[38;2;16;14;16m█[0m[48;2;102;100;101m[38;2;102;100;101m%[0m[48;2;103;101;103m[38;2;103;101;103m%[0m[48;2;85;83;84m[38;2;85;83;84m@[0m[48;2;76;74;75m[38;2;76;74;75m@[0m[48;2;72;68;78m[38;2;72;68;78m░[0m[48;2;21;16;32m[38;2;21;16;32m▓[0m[48;2;27;19;58m[38;2;27;19;58m▓[0m[48;2;9;6;18m[38;2;9;6;18m█[0m[48;2;26;22;34m[38;2;26;22;34m▓[0m[48;2;35;30;47m[38;2;35;30;47m▓[0m[48;2;34;29;47m[38;2;34;29;47m▓[0m[48;2;21;17;33m[38;2;21;17;33m▓[0m[48;2;57;54;64m[38;2;57;54;64m░[0m[48;2;174;171;176m[38;2;174;171;176m=[0m                                     
                                       [48;2;82;79;81m[38;2;82;79;81m@[0m[48;2;70;63;69m[38;2;70;63;69m░[0m[48;2;109;99;107m[38;2;109;99;107m%[0m[48;2;115;103;112m[38;2;115;103;112m%[0m[48;2;116;102;112m[38;2;116;102;112m%[0m[48;2;120;104;114m[38;2;120;104;114m#[0m[48;2;130;114;124m[38;2;130;114;124m#[0m[48;2;129;113;123m[38;2;129;113;123m#[0m[48;2;119;106;115m[38;2;119;106;115m#[0m[48;2;113;101;110m[38;2;113;101;110m%[0m[48;2;109;98;107m[38;2;109;98;107m%[0m[48;2;109;97;106m[38;2;109;97;106m%[0m[48;2;106;95;104m[38;2;106;95;104m%[0m[48;2;104;93;102m[38;2;104;93;102m%[0m[48;2;99;90;98m[38;2;99;90;98m%[0m[48;2;68;61;67m[38;2;68;61;67m░[0m[48;2;25;20;27m[38;2;25;20;27m▓[0m[48;2;12;7;16m[38;2;12;7;16m█[0m[48;2;27;21;34m[38;2;27;21;34m▓[0m[48;2;37;30;44m[38;2;37;30;44m▓[0m[48;2;28;23;34m[38;2;28;23;34m▓[0m[48;2;212;207;214m[38;2;212;207;214m:[0m [48;2;165;161;165m[38;2;165;161;165m+[0m[48;2;39;33;53m[38;2;39;33;53m▒[0m[48;2;37;28;59m[38;2;37;28;59m▓[0m[48;2;17;13;25m[38;2;17;13;25m█[0m[48;2;13;9;22m[38;2;13;9;22m█[0m[48;2;7;4;12m[38;2;7;4;12m█[0m[48;2;32;27;43m[38;2;32;27;43m▓[0m[48;2;37;31;52m[38;2;37;31;52m▓[0m[48;2;37;31;52m[38;2;37;31;52m▓[0m[48;2;36;30;50m[38;2;36;30;50m▓[0m[48;2;22;18;31m[38;2;22;18;31m▓[0m[48;2;56;53;60m[38;2;56;53;60m▒[0m[48;2;185;184;187m[38;2;185;184;187m-[0m                                   
                                        [48;2;183;183;183m[38;2;183;183;183m-[0m[48;2;117;117;118m[38;2;117;117;118m#[0m[48;2;87;86;87m[38;2;87;86;87m@[0m[48;2;85;80;84m[38;2;85;80;84m@[0m[48;2;94;83;90m[38;2;94;83;90m@[0m[48;2;80;70;77m[38;2;80;70;77m@[0m[48;2;77;67;74m[38;2;77;67;74m░[0m[48;2;77;68;75m[38;2;77;68;75m░[0m[48;2;77;67;75m[38;2;77;67;75m░[0m[48;2;73;63;71m[38;2;73;63;71m░[0m[48;2;66;56;65m[38;2;66;56;65m░[0m[48;2;55;46;54m[38;2;55;46;54m▒[0m[48;2;31;22;31m[38;2;31;22;31m▓[0m[48;2;21;16;26m[38;2;21;16;26m▓[0m[48;2;24;19;34m[38;2;24;19;34m▓[0m[48;2;33;28;46m[38;2;33;28;46m▓[0m[48;2;37;31;50m[38;2;37;31;50m▓[0m[48;2;37;31;51m[38;2;37;31;51m▓[0m[48;2;37;32;51m[38;2;37;32;51m▓[0m[48;2;32;25;42m[38;2;32;25;42m▓[0m[48;2;49;43;54m[38;2;49;43;54m▒[0m[48;2;227;221;228m[38;2;227;221;228m.[0m [48;2;237;234;236m[38;2;237;234;236m.[0m[48;2;169;167;169m[38;2;169;167;169m=[0m[48;2;52;49;56m[38;2;52;49;56m▒[0m[48;2;58;54;64m[38;2;58;54;64m░[0m[48;2;23;20;26m[38;2;23;20;26m▓[0m[48;2;9;5;16m[38;2;9;5;16m█[0m[48;2;33;28;45m[38;2;33;28;45m▓[0m[48;2;37;31;52m[38;2;37;31;52m▓[0m[48;2;37;31;52m[38;2;37;31;52m▓[0m[48;2;37;31;52m[38;2;37;31;52m▓[0m[48;2;35;29;49m[38;2;35;29;49m▓[0m[48;2;21;17;30m[38;2;21;17;30m▓[0m[48;2;89;87;94m[38;2;89;87;94m@[0m[48;2;233;233;234m[38;2;233;233;234m.[0m                                 
                                               [48;2;241;240;241m[38;2;241;240;241m [0m[48;2;121;119;121m[38;2;121;119;121m#[0m[48;2;22;17;24m[38;2;22;17;24m▓[0m[48;2;36;30;49m[38;2;36;30;49m▓[0m[48;2;37;31;51m[38;2;37;31;51m▓[0m[48;2;37;31;51m[38;2;37;31;51m▓[0m[48;2;37;31;52m[38;2;37;31;52m▓[0m[48;2;37;31;52m[38;2;37;31;52m▓[0m[48;2;37;31;52m[38;2;37;31;52m▓[0m[48;2;37;31;52m[38;2;37;31;52m▓[0m[48;2;37;31;52m[38;2;37;31;52m▓[0m[48;2;37;31;52m[38;2;37;31;52m▓[0m[48;2;37;31;52m[38;2;37;31;52m▓[0m[48;2;28;22;40m[38;2;28;22;40m▓[0m[48;2;55;48;60m[38;2;55;48;60m▒[0m[48;2;226;223;226m[38;2;226;223;226m.[0m  [48;2;236;236;236m[38;2;236;236;236m.[0m[48;2;232;232;232m[38;2;232;232;232m.[0m[48;2;119;117;119m[38;2;119;117;119m#[0m[48;2;26;16;66m[38;2;26;16;66m▓[0m[48;2;16;8;46m[38;2;16;8;46m█[0m[48;2;30;25;43m[38;2;30;25;43m▓[0m[48;2;37;31;52m[38;2;37;31;52m▓[0m[48;2;37;31;52m[38;2;37;31;52m▓[0m[48;2;37;31;52m[38;2;37;31;52m▓[0m[48;2;37;31;52m[38;2;37;31;52m▓[0m[48;2;30;25;42m[38;2;30;25;42m▓[0m[48;2;42;40;46m[38;2;42;40;46m▒[0m[48;2;216;216;217m[38;2;216;216;217m:[0m                                