                                                                                                    
                                                                                                    
                                                                                                    
                                                                                                    
                                                                                                    
                                                                                                    
                                                                                                    
                                                                                                    
                                                                                                    
                                                                                                    
                                                                                                    
                                               [48;2;235;235;235m[38;2;235;235;235m.[0m[48;2;212;212;212m[38;2;212;212;212m:[0m[48;2;198;198;198m[38;2;198;198;198m-[0m[48;2;195;195;195m[38;2;195;195;195m-[0m[48;2;202;202;202m[38;2;202;202;202m:[0m[48;2;211;211;211m[38;2;211;211;211m:[0m[48;2;236;236;237m[38;2;236;236;237m.[0m                                              
                                           [48;2;226;226;226m[38;2;226;226;226m.[0m[48;2;134;133;135m[38;2;134;133;135m*[0m[48;2;78;77;82m[38;2;78;77;82m@[0m[48;2;38;36;45m[38;2;38;36;45m▒[0m[48;2;25;24;34m[38;2;25;24;34m▓[0m[48;2;29;28;38m[38;2;29;28;38m▓[0m[48;2;32;30;41m[38;2;32;30;41m▓[0m[48;2;32;30;42m[38;2;32;30;42m▓[0m[48;2;31;29;40m[38;2;31;29;40m▓[0m[48;2;28;27;38m[38;2;28;27;38m▓[0m[48;2;24;23;34m[38;2;24;23;34m▓[0m[48;2;37;35;47m[38;2;37;35;47m▒[0m[48;2;74;72;82m[38;2;74;72;82m@[0m[48;2;124;122;129m[38;2;124;122;129m#[0m[48;2;206;205;208m[38;2;206;205;208m:[0m                                          
                                          [48;2;160;160;161m[38;2;160;160;161m+[0m[48;2;28;27;33m[38;2;28;27;33m▓[0m[48;2;36;36;50m[38;2;36;36;50m▒[0m[48;2;43;42;60m[38;2;43;42;60m▒[0m[48;2;42;43;59m[38;2;42;43;59m▒[0m[48;2;41;43;59m[38;2;41;43;59m▒[0m[48;2;41;43;59m[38;2;41;43;59m▒[0m[48;2;40;44;59m[38;2;40;44;59m▒[0m[48;2;40;44;59m[38;2;40;44;59m▒[0m[48;2;40;44;59m[38;2;40;44;59m▒[0m[48;2;40;44;59m[38;2;40;44;59m▒[0m[48;2;40;44;59m[38;2;40;44;59m▒[0m[48;2;40;44;59m[38;2;40;44;59m▒[0m[48;2;41;42;61m[38;2;41;42;61m▒[0m[48;2;45;44;60m[38;2;45;44;60m▒[0m[48;2;40;38;48m[38;2;40;38;48m▒[0m[48;2;77;76;82m[38;2;77;76;82m@[0m[48;2;137;135;140m[38;2;137;135;140m*[0m[48;2;211;210;212m[38;2;211;210;212m:[0m                                       
                                         [48;2;130;129;131m[38;2;130;129;131m*[0m[48;2;24;23;33m[38;2;24;23;33m▓[0m[48;2;42;43;58m[38;2;42;43;58m▒[0m[48;2;40;44;59m[38;2;40;44;59m▒[0m[48;2;41;43;59m[38;2;41;43;59m▒[0m[48;2;40;44;59m[38;2;40;44;59m▒[0m[48;2;40;44;59m[38;2;40;44;59m▒[0m[48;2;40;44;59m[38;2;40;44;59m▒[0m[48;2;40;44;59m[38;2;40;44;59m▒[0m[48;2;40;44;59m[38;2;40;44;59m▒[0m[48;2;40;44;59m[38;2;40;44;59m▒[0m[48;2;40;44;59m[38;2;40;44;59m▒[0m[48;2;40;44;59m[38;2;40;44;59m▒[0m[48;2;40;44;59m[38;2;40;44;59m▒[0m[48;2;45;45;63m[38;2;45;45;63m▒[0m[48;2;77;76;92m[38;2;77;76;92m@[0m[48;2;45;43;55m[38;2;45;43;55m▒[0m[48;2;16;12;22m[38;2;16;12;22m█[0m[48;2;135;123;133m[38;2;135;123;133m#[0m[48;2;81;70;79m[38;2;81;70;79m@[0m[48;2;97;93;98m[38;2;97;93;98m%[0m[48;2;240;239;240m[38;2;240;239;240m [0m                                     
                                        [48;2;152;152;153m[38;2;152;152;153m+[0m[48;2;23;21;29m[38;2;23;21;29m▓[0m[48;2;44;43;59m[38;2;44;43;59m▒[0m[48;2;42;43;59m[38;2;42;43;59m▒[0m[48;2;40;44;59m[38;2;40;44;59m▒[0m[48;2;40;44;59m[38;2;40;44;59m▒[0m[48;2;40;44;59m[38;2;40;44;59m▒[0m[48;2;40;44;59m[38;2;40;44;59m▒[0m[48;2;40;44;59m[38;2;40;44;59m▒[0m[48;2;40;44;59m[38;2;40;44;59m▒[0m[48;2;40;44;59m[38;2;40;44;59m▒[0m[48;2;40;44;59m[38;2;40;44;59m▒[0m[48;2;40;44;59m[38;2;40;44;59m▒[0m[48;2;41;43;59m[38;2;41;43;59m▒[0m[48;2;44;46;62m[38;2;44;46;62m▒[0m[48;2;53;54;70m[38;2;53;54;70m░[0m[48;2;46;45;61m[38;2;46;45;61m▒[0m[48;2;25;20;34m[38;2;25;20;34m▓[0m[48;2;92;84;96m[38;2;92;84;96m@[0m[48;2;156;140;153m[38;2;156;140;153m*[0m[48;2;158;140;153m[38;2;158;140;153m+[0m[48;2;128;113;123m[38;2;128;113;123m#[0m[48;2;70;64;69m[38;2;70;64;69m░[0m[48;2;230;230;230m[38;2;230;230;230m.[0m                                    
                                       [48;2;216;216;216m[38;2;216;216;216m:[0m[48;2;24;23;28m[38;2;24;23;28m▓[0m[48;2;43;41;55m[38;2;43;41;55m▒[0m[48;2;42;43;59m[38;2;42;43;59m▒[0m[48;2;40;44;59m[38;2;40;44;59m▒[0m[48;2;40;44;59m[38;2;40;44;59m▒[0m[48;2;40;44;59m[38;2;40;44;59m▒[0m[48;2;40;44;59m[38;2;40;44;59m▒[0m[48;2;40;44;59m[38;2;40;44;59m▒[0m[48;2;40;44;59m[38;2;40;44;59m▒[0m[48;2;40;44;59m[38;2;40;44;59m▒[0m[48;2;40;44;59m[38;2;40;44;59m▒[0m[48;2;40;44;59m[38;2;40;44;59m▒[0m[48;2;40;44;59m[38;2;40;44;59m▒[0m[48;2;49;49;66m[38;2;49;49;66m▒[0m[48;2;71;71;85m[38;2;71;71;85m░[0m[48;2;44;44;56m[38;2;44;44;56m▒[0m[48;2;24;20;33m[38;2;24;20;33m▓[0m[48;2;103;94;106m[38;2;103;94;106m%[0m[48;2;158;140;155m[38;2;158;140;155m+[0m[48;2;161;140;155m[38;2;161;140;155m+[0m[48;2;161;140;155m[38;2;161;140;155m+[0m[48;2;158;140;153m[38;2;158;140;153m+[0m[48;2;114;103;110m[38;2;114;103;110m%[0m[48;2;70;66;69m[38;2;70;66;69m░[0m                                    
                                      [48;2;201;201;201m[38;2;201;201;201m-[0m[48;2;27;25;28m[38;2;27;25;28m▓[0m[48;2;28;26;36m[38;2;28;26;36m▓[0m[48;2;41;43;59m[38;2;41;43;59m▒[0m[48;2;40;44;59m[38;2;40;44;59m▒[0m[48;2;40;44;59m[38;2;40;44;59m▒[0m[48;2;40;44;59m[38;2;40;44;59m▒[0m[48;2;40;44;59m[38;2;40;44;59m▒[0m[48;2;40;44;59m[38;2;40;44;59m▒[0m[48;2;40;44;59m[38;2;40;44;59m▒[0m[48;2;40;44;59m[38;2;40;44;59m▒[0m[48;2;40;44;59m[38;2;40;44;59m▒[0m[48;2;41;44;59m[38;2;41;44;59m▒[0m[48;2;43;44;60m[38;2;43;44;60m▒[0m[48;2;68;66;82m[38;2;68;66;82m░[0m[48;2;65;62;76m[38;2;65;62;76m░[0m[48;2;30;27;38m[38;2;30;27;38m▓[0m[48;2;46;41;50m[38;2;46;41;50m▒[0m[48;2;134;122;134m[38;2;134;122;134m#[0m[48;2;158;139;153m[38;2;158;139;153m*[0m[48;2;161;140;155m[38;2;161;140;155m+[0m[48;2;161;140;155m[38;2;161;140;155m+[0m[48;2;161;140;155m[38;2;161;140;155m+[0m[48;2;143;126;138m[38;2;143;126;138m*[0m[48;2;50;40;46m[38;2;50;40;46m▒[0m[48;2;79;72;77m[38;2;79;72;77m@[0m[48;2;162;160;162m[38;2;162;160;162m+[0m                                   
                                     [48;2;214;214;214m[38;2;214;214;214m:[0m[48;2;53;48;53m[38;2;53;48;53m▒[0m[48;2;51;44;52m[38;2;51;44;52m▒[0m[48;2;36;34;47m[38;2;36;34;47m▓[0m[48;2;41;43;59m[38;2;41;43;59m▒[0m[48;2;40;44;59m[38;2;40;44;59m▒[0m[48;2;40;44;59m[38;2;40;44;59m▒[0m[48;2;40;44;59m[38;2;40;44;59m▒[0m[48;2;40;44;59m[38;2;40;44;59m▒[0m[48;2;40;44;59m[38;2;40;44;59m▒[0m[48;2;40;44;59m[38;2;40;44;59m▒[0m[48;2;41;43;59m[38;2;41;43;59m▒[0m[48;2;52;51;67m[38;2;52;51;67m▒[0m[48;2;68;66;78m[38;2;68;66;78m░[0m[48;2;70;68;79m[38;2;70;68;79m░[0m[48;2;39;35;47m[38;2;39;35;47m▒[0m[48;2;37;31;42m[38;2;37;31;42m▓[0m[48;2;105;93;104m[38;2;105;93;104m%[0m[48;2;157;139;153m[38;2;157;139;153m*[0m[48;2;160;140;154m[38;2;160;140;154m+[0m[48;2;161;140;155m[38;2;161;140;155m+[0m[48;2;161;140;155m[38;2;161;140;155m+[0m[48;2;161;140;155m[38;2;161;140;155m+[0m[48;2;161;140;155m[38;2;161;140;155m+[0m[48;2;127;111;122m[38;2;127;111;122m#[0m[48;2;13;7;11m[38;2;13;7;11m█[0m[48;2;91;86;91m[38;2;91;86;91m@[0m[48;2;104;101;104m[38;2;104;101;104m%[0m                                   
                                     [48;2;58;57;59m[38;2;58;57;59m░[0m[48;2;81;70;78m[38;2;81;70;78m@[0m[48;2;50;40;50m[38;2;50;40;50m▒[0m[48;2;34;32;45m[38;2;34;32;45m▓[0m[48;2;41;43;59m[38;2;41;43;59m▒[0m[48;2;40;44;59m[38;2;40;44;59m▒[0m[48;2;40;44;59m[38;2;40;44;59m▒[0m[48;2;40;44;59m[38;2;40;44;59m▒[0m[48;2;40;44;59m[38;2;40;44;59m▒[0m[48;2;41;44;59m[38;2;41;44;59m▒[0m[48;2;50;51;65m[38;2;50;51;65m▒[0m[48;2;71;70;81m[38;2;71;70;81m░[0m[48;2;46;44;58m[38;2;46;44;58m▒[0m[48;2;31;29;41m[38;2;31;29;41m▓[0m[48;2;38;31;42m[38;2;38;31;42m▓[0m[48;2;99;87;98m[38;2;99;87;98m%[0m[48;2;154;139;150m[38;2;154;139;150m*[0m[48;2;160;141;154m[38;2;160;141;154m+[0m[48;2;161;140;155m[38;2;161;140;155m+[0m[48;2;161;140;155m[38;2;161;140;155m+[0m[48;2;161;140;155m[38;2;161;140;155m+[0m[48;2;161;140;155m[38;2;161;140;155m+[0m[48;2;161;140;155m[38;2;161;140;155m+[0m[48;2;161;140;155m[38;2;161;140;155m+[0m[48;2;82;71;80m[38;2;82;71;80m@[0m[48;2;11;7;12m[38;2;11;7;12m█[0m[48;2;17;15;18m[38;2;17;15;18m█[0m[48;2;152;151;153m[38;2;152;151;153m+[0m                                   
                                    [48;2;160;159;160m[38;2;160;159;160m+[0m[48;2;84;76;82m[38;2;84;76;82m@[0m[48;2;78;64;74m[38;2;78;64;74m░[0m[48;2;93;81;92m[38;2;93;81;92m@[0m[48;2;30;22;33m[38;2;30;22;33m▓[0m[48;2;57;54;68m[38;2;57;54;68m░[0m[48;2;46;45;60m[38;2;46;45;60m▒[0m[48;2;47;47;63m[38;2;47;47;63m▒[0m[48;2;58;58;74m[38;2;58;58;74m░[0m[48;2;66;64;78m[38;2;66;64;78m░[0m[48;2;67;65;75m[38;2;67;65;75m░[0m[48;2;53;50;60m[38;2;53;50;60m▒[0m[48;2;27;22;32m[38;2;27;22;32m▓[0m[48;2;56;49;58m[38;2;56;49;58m▒[0m[48;2;113;100;111m[38;2;113;100;111m%[0m[48;2;157;140;152m[38;2;157;140;152m+[0m[48;2;161;141;154m[38;2;161;141;154m+[0m[48;2;161;140;155m[38;2;161;140;155m+[0m[48;2;161;140;155m[38;2;161;140;155m+[0m[48;2;161;140;155m[38;2;161;140;155m+[0m[48;2;161;140;155m[38;2;161;140;155m+[0m[48;2;161;140;155m[38;2;161;140;155m+[0m[48;2;161;140;155m[38;2;161;140;155m+[0m[48;2;161;140;155m[38;2;161;140;155m+[0m[48;2;154;134;148m[38;2;154;134;148m*[0m[48;2;31;23;31m[38;2;31;23;31m▓[0m[48;2;155;153;156m[38;2;155;153;156m+[0m[48;2;86;85;88m[38;2;86;85;88m@[0m[48;2;203;202;204m[38;2;203;202;204m:[0m                                   
                                    [48;2;79;78;79m[38;2;79;78;79m@[0m[48;2;137;123;133m[38;2;137;123;133m*[0m[48;2;127;112;124m[38;2;127;112;124m#[0m[48;2;59;48;58m[38;2;59;48;58m▒[0m[48;2;133;119;131m[38;2;133;119;131m#[0m[48;2;69;58;71m[38;2;69;58;71m░[0m[48;2;40;32;45m[38;2;40;32;45m▓[0m[48;2;38;31;43m[38;2;38;31;43m▓[0m[48;2;41;34;44m[38;2;41;34;44m▒[0m[48;2;47;39;48m[38;2;47;39;48m▒[0m[48;2;69;59;68m[38;2;69;59;68m░[0m[48;2;108;96;105m[38;2;108;96;105m%[0m[48;2;149;133;144m[38;2;149;133;144m*[0m[48;2;159;141;153m[38;2;159;141;153m+[0m[48;2;160;141;155m[38;2;160;141;155m+[0m[48;2;156;137;151m[38;2;156;137;151m*[0m[48;2;117;100;113m[38;2;117;100;113m%[0m[48;2;80;63;76m[38;2;80;63;76m░[0m[48;2;157;137;151m[38;2;157;137;151m*[0m[48;2;161;140;155m[38;2;161;140;155m+[0m[48;2;161;140;155m[38;2;161;140;155m+[0m[48;2;161;140;155m[38;2;161;140;155m+[0m[48;2;161;140;155m[38;2;161;140;155m+[0m[48;2;160;140;155m[38;2;160;140;155m+[0m[48;2;75;59;70m[38;2;75;59;70m░[0m[48;2;138;129;134m[38;2;138;129;134m*[0m[48;2;131;124;128m[38;2;131;124;128m#[0m[48;2;38;34;37m[38;2;38;34;37m▓[0m[48;2;90;87;91m[38;2;90;87;91m@[0m[48;2;112;110;113m[38;2;112;110;113m#[0m[48;2;191;191;191m[38;2;191;191;191m-[0m                                 
                                    [48;2;53;49;53m[38;2;53;49;53m▒[0m[48;2;155;139;151m[38;2;155;139;151m*[0m[48;2;159;141;155m[38;2;159;141;155m+[0m[48;2;33;23;33m[38;2;33;23;33m▓[0m[48;2;55;46;54m[38;2;55;46;54m▒[0m[48;2;128;115;125m[38;2;128;115;125m#[0m[48;2;156;141;153m[38;2;156;141;153m+[0m[48;2;155;140;153m[38;2;155;140;153m*[0m[48;2;156;142;153m[38;2;156;142;153m+[0m[48;2;157;142;152m[38;2;157;142;152m+[0m[48;2;152;136;147m[38;2;152;136;147m*[0m[48;2;136;120;131m[38;2;136;120;131m#[0m[48;2;112;97;107m[38;2;112;97;107m%[0m[48;2;85;72;81m[38;2;85;72;81m@[0m[48;2;75;63;73m[38;2;75;63;73m░[0m[48;2;78;64;75m[38;2;78;64;75m░[0m[48;2;113;97;110m[38;2;113;97;110m%[0m[48;2;157;138;152m[38;2;157;138;152m*[0m[48;2;161;141;155m[38;2;161;141;155m+[0m[48;2;161;140;155m[38;2;161;140;155m+[0m[48;2;161;140;155m[38;2;161;140;155m+[0m[48;2;161;140;155m[38;2;161;140;155m+[0m[48;2;155;134;149m[38;2;155;134;149m*[0m[48;2;68;54;66m[38;2;68;54;66m░[0m[48;2;18;9;18m[38;2;18;9;18m█[0m[48;2;107;102;107m[38;2;107;102;107m%[0m[48;2;125;121;123m[38;2;125;121;123m#[0m[48;2;130;127;128m[38;2;130;127;128m#[0m[48;2;180;178;179m[38;2;180;178;179m=[0m[48;2;56;53;57m[38;2;56;53;57m▒[0m[48;2;163;163;164m[38;2;163;163;164m+[0m                                 
                                    [48;2;58;55;58m[38;2;58;55;58m░[0m[48;2;151;136;148m[38;2;151;136;148m*[0m[48;2;159;141;155m[38;2;159;141;155m+[0m[48;2;21;14;22m[38;2;21;14;22m█[0m[48;2;9;6;11m[38;2;9;6;11m█[0m[48;2;26;22;28m[38;2;26;22;28m▓[0m[48;2;16;11;18m[38;2;16;11;18m█[0m[48;2;24;18;25m[38;2;24;18;25m▓[0m[48;2;68;58;67m[38;2;68;58;67m░[0m[48;2;81;69;78m[38;2;81;69;78m@[0m[48;2;88;75;85m[38;2;88;75;85m@[0m[48;2;101;86;98m[38;2;101;86;98m%[0m[48;2;125;108;120m[38;2;125;108;120m#[0m[48;2;149;131;143m[38;2;149;131;143m*[0m[48;2;160;141;154m[38;2;160;141;154m+[0m[48;2;161;141;155m[38;2;161;141;155m+[0m[48;2;161;140;155m[38;2;161;140;155m+[0m[48;2;161;140;155m[38;2;161;140;155m+[0m[48;2;161;140;155m[38;2;161;140;155m+[0m[48;2;161;140;155m[38;2;161;140;155m+[0m[48;2;161;140;155m[38;2;161;140;155m+[0m[48;2;145;127;141m[38;2;145;127;141m*[0m[48;2;39;28;38m[38;2;39;28;38m▓[0m[48;2;19;13;22m[38;2;19;13;22m█[0m[48;2;52;46;53m[38;2;52;46;53m▒[0m [48;2;128;126;128m[38;2;128;126;128m#[0m[48;2;57;55;57m[38;2;57;55;57m░[0m[48;2;132;130;132m[38;2;132;130;132m*[0m[48;2;153;150;154m[38;2;153;150;154m+[0m[48;2;96;95;97m[38;2;96;95;97m%[0m                                 
                                    [48;2;87;86;87m[38;2;87;86;87m@[0m[48;2;111;99;109m[38;2;111;99;109m%[0m[48;2;160;142;155m[38;2;160;142;155m+[0m[48;2;32;22;32m[38;2;32;22;32m▓[0m[48;2;25;22;29m[38;2;25;22;29m▓[0m[48;2;20;17;23m[38;2;20;17;23m▓[0m[48;2;29;26;32m[38;2;29;26;32m▓[0m[48;2;19;15;21m[38;2;19;15;21m█[0m[48;2;129;117;126m[38;2;129;117;126m#[0m[48;2;160;141;155m[38;2;160;141;155m+[0m[48;2;161;140;155m[38;2;161;140;155m+[0m[48;2;161;140;155m[38;2;161;140;155m+[0m[48;2;161;140;155m[38;2;161;140;155m+[0m[48;2;161;140;155m[38;2;161;140;155m+[0m[48;2;161;140;155m[38;2;161;140;155m+[0m[48;2;161;140;155m[38;2;161;140;155m+[0m[48;2;161;140;155m[38;2;161;140;155m+[0m[48;2;161;140;155m[38;2;161;140;155m+[0m[48;2;161;140;155m[38;2;161;140;155m+[0m[48;2;161;140;155m[38;2;161;140;155m+[0m[48;2;159;139;153m[38;2;159;139;153m+[0m[48;2;51;38;50m[38;2;51;38;50m▒[0m[48;2;31;24;38m[38;2;31;24;38m▓[0m[48;2;27;23;34m[38;2;27;23;34m▓[0m[48;2;127;122;128m[38;2;127;122;128m#[0m [48;2;151;147;150m[38;2;151;147;150m+[0m[48;2;115;112;116m[38;2;115;112;116m#[0m[48;2;201;200;203m[38;2;201;200;203m-[0m[48;2;199;198;201m[38;2;199;198;201m-[0m[48;2;47;46;49m[38;2;47;46;49m▒[0m                                 
                                    [48;2;156;156;156m[38;2;156;156;156m+[0m[48;2;43;35;41m[38;2;43;35;41m▒[0m[48;2;159;142;154m[38;2;159;142;154m+[0m[48;2;112;96;109m[38;2;112;96;109m%[0m[48;2;38;31;40m[38;2;38;31;40m▓[0m[48;2;8;5;11m[38;2;8;5;11m█[0m[48;2;18;16;22m[38;2;18;16;22m█[0m[48;2;24;21;28m[38;2;24;21;28m▓[0m[48;2;33;24;32m[38;2;33;24;32m▓[0m[48;2;143;127;139m[38;2;143;127;139m*[0m[48;2;161;140;155m[38;2;161;140;155m+[0m[48;2;161;140;155m[38;2;161;140;155m+[0m[48;2;161;140;155m[38;2;161;140;155m+[0m[48;2;161;140;155m[38;2;161;140;155m+[0m[48;2;161;140;155m[38;2;161;140;155m+[0m[48;2;161;140;155m[38;2;161;140;155m+[0m[48;2;120;99;114m[38;2;120;99;114m%[0m[48;2;130;111;125m[38;2;130;111;125m#[0m[48;2;158;140;153m[38;2;158;140;153m+[0m[48;2;160;140;155m[38;2;160;140;155m+[0m[48;2;144;124;139m[38;2;144;124;139m*[0m[48;2;16;9;19m[38;2;16;9;19m█[0m[48;2;38;33;48m[38;2;38;33;48m▓[0m[48;2;22;17;28m[38;2;22;17;28m▓[0m[48;2;161;158;164m[38;2;161;158;164m+[0m [48;2;222;219;223m[38;2;222;219;223m.[0m[48;2;59;53;58m[38;2;59;53;58m░[0m[48;2;196;192;196m[38;2;196;192;196m-[0m[48;2;199;196;200m[38;2;199;196;200m-[0m[48;2;45;44;47m[38;2;45;44;47m▒[0m                                 
                                     [48;2;88;85;88m[38;2;88;85;88m@[0m[48;2;116;103;113m[38;2;116;103;113m%[0m[48;2;160;141;155m[38;2;160;141;155m+[0m[48;2;147;130;143m[38;2;147;130;143m*[0m[48;2;62;51;62m[38;2;62;51;62m░[0m[48;2;29;24;31m[38;2;29;24;31m▓[0m[48;2;49;45;51m[38;2;49;45;51m▒[0m[48;2;58;51;58m[38;2;58;51;58m▒[0m[48;2;114;100;112m[38;2;114;100;112m%[0m[48;2;156;138;152m[38;2;156;138;152m*[0m[48;2;161;140;155m[38;2;161;140;155m+[0m[48;2;161;140;155m[38;2;161;140;155m+[0m[48;2;161;140;155m[38;2;161;140;155m+[0m[48;2;161;140;155m[38;2;161;140;155m+[0m[48;2;161;140;155m[38;2;161;140;155m+[0m[48;2;151;130;145m[38;2;151;130;145m*[0m[48;2;105;86;100m[38;2;105;86;100m%[0m[48;2;81;64;77m[38;2;81;64;77m░[0m[48;2;81;64;77m[38;2;81;64;77m░[0m[48;2;73;57;69m[38;2;73;57;69m░[0m[48;2;11;5;14m[38;2;11;5;14m█[0m[48;2;27;21;33m[38;2;27;21;33m▓[0m[48;2;15;10;20m[38;2;15;10;20m█[0m[48;2;110;106;111m[38;2;110;106;111m%[0m[48;2;182;178;183m[38;2;182;178;183m=[0m[48;2;188;185;189m[38;2;188;185;189m-[0m[48;2;133;128;132m[38;2;133;128;132m*[0m[48;2;53;47;53m[38;2;53;47;53m▒[0m[48;2;68;64;69m[38;2;68;64;69m░[0m[48;2;55;51;56m[38;2;55;51;56m▒[0m[48;2;110;108;112m[38;2;110;108;112m%[0m[48;2;71;70;73m[38;2;71;70;73m░[0m[48;2;57;55;58m[38;2;57;55;58m░[0m[48;2;137;136;137m[38;2;137;136;137m*[0m                             
                                      [48;2;86;82;86m[38;2;86;82;86m@[0m[48;2;110;96;106m[38;2;110;96;106m%[0m[48;2;160;141;155m[38;2;160;141;155m+[0m[48;2;160;141;155m[38;2;160;141;155m+[0m[48;2;144;127;140m[38;2;144;127;140m*[0m[48;2;63;51;61m[38;2;63;51;61m░[0m[48;2;94;83;92m[38;2;94;83;92m@[0m[48;2;29;21;29m[38;2;29;21;29m▓[0m[48;2;20;11;20m[38;2;20;11;20m█[0m[48;2;73;59;71m[38;2;73;59;71m░[0m[48;2;160;140;155m[38;2;160;140;155m+[0m[48;2;161;140;155m[38;2;161;140;155m+[0m[48;2;161;140;155m[38;2;161;140;155m+[0m[48;2;161;140;155m[38;2;161;140;155m+[0m[48;2;161;140;155m[38;2;161;140;155m+[0m[48;2;161;140;155m[38;2;161;140;155m+[0m[48;2;161;140;155m[38;2;161;140;155m+[0m[48;2;161;140;155m[38;2;161;140;155m+[0m[48;2;158;139;153m[38;2;158;139;153m*[0m[48;2;143;127;138m[38;2;143;127;138m*[0m[48;2;132;118;129m[38;2;132;118;129m#[0m[48;2;124;110;120m[38;2;124;110;120m#[0m[48;2;123;109;120m[38;2;123;109;120m#[0m[48;2;113;101;111m[38;2;113;101;111m%[0m[48;2;102;92;101m[38;2;102;92;101m%[0m[48;2;83;75;82m[38;2;83;75;82m@[0m[48;2;61;54;60m[38;2;61;54;60m░[0m[48;2;43;37;42m[38;2;43;37;42m▒[0m[48;2;28;23;28m[38;2;28;23;28m▓[0m[48;2;12;7;13m[38;2;12;7;13m█[0m[48;2;46;42;47m[38;2;46;42;47m▒[0m[48;2;102;99;103m[38;2;102;99;103m%[0m[48;2;111;108;110m[38;2;111;108;110m%[0m[48;2;178;178;178m[38;2;178;178;178m=[0m                            
                                       [48;2;123;122;123m[38;2;123;122;123m#[0m[48;2;76;67;74m[38;2;76;67;74m░[0m[48;2;153;137;149m[38;2;153;137;149m*[0m[48;2;160;142;154m[38;2;160;142;154m+[0m[48;2;159;139;154m[38;2;159;139;154m+[0m[48;2;127;109;122m[38;2;127;109;122m#[0m[48;2;95;81;92m[38;2;95;81;92m@[0m[48;2;116;102;115m[38;2;116;102;115m%[0m[48;2;81;67;79m[38;2;81;67;79m░[0m[48;2;156;138;152m[38;2;156;138;152m*[0m[48;2;161;140;155m[38;2;161;140;155m+[0m[48;2;161;140;155m[38;2;161;140;155m+[0m[48;2;161;140;155m[38;2;161;140;155m+[0m[48;2;161;140;155m[38;2;161;140;155m+[0m[48;2;161;140;155m[38;2;161;140;155m+[0m[48;2;160;139;154m[38;2;160;139;154m+[0m[48;2;93;75;88m[38;2;93;75;88m@[0m[48;2;81;66;78m[38;2;81;66;78m░[0m[48;2;79;67;77m[38;2;79;67;77m░[0m[48;2;80;67;77m[38;2;80;67;77m░[0m[48;2;79;66;76m[38;2;79;66;76m░[0m[48;2;79;66;76m[38;2;79;66;76m░[0m[48;2;77;65;75m[38;2;77;65;75m░[0m[48;2;84;72;82m[38;2;84;72;82m@[0m[48;2;98;87;96m[38;2;98;87;96m@[0m[48;2;116;105;114m[38;2;116;105;114m%[0m[48;2;111;100;109m[38;2;111;100;109m%[0m[48;2;97;87;95m[38;2;97;87;95m@[0m[48;2;66;58;65m[38;2;66;58;65m░[0m[48;2;72;66;72m[38;2;72;66;72m░[0m[48;2;132;128;133m[38;2;132;128;133m*[0m[48;2;221;219;222m[38;2;221;219;222m.[0m                             
                                        [48;2;191;190;191m[38;2;191;190;191m-[0m[48;2;71;65;71m[38;2;71;65;71m░[0m[48;2;111;99;108m[38;2;111;99;108m%[0m[48;2;159;140;154m[38;2;159;140;154m+[0m[48;2;161;140;155m[38;2;161;140;155m+[0m[48;2;161;140;155m[38;2;161;140;155m+[0m[48;2;160;140;155m[38;2;160;140;155m+[0m[48;2;123;104;118m[38;2;123;104;118m#[0m[48;2;69;52;65m[38;2;69;52;65m░[0m[48;2;84;68;81m[38;2;84;68;81m@[0m[48;2;94;80;92m[38;2;94;80;92m@[0m[48;2;101;87;99m[38;2;101;87;99m%[0m[48;2;109;96;108m[38;2;109;96;108m%[0m[48;2;115;99;112m[38;2;115;99;112m%[0m[48;2;119;103;116m[38;2;119;103;116m%[0m[48;2;120;105;118m[38;2;120;105;118m#[0m[48;2;117;103;115m[38;2;117;103;115m%[0m[48;2;112;98;110m[38;2;112;98;110m%[0m[48;2;104;90;102m[38;2;104;90;102m%[0m[48;2;92;81;91m[38;2;92;81;91m@[0m[48;2;80;70;80m[38;2;80;70;80m@[0m[48;2;74;66;74m[38;2;74;66;74m░[0m[48;2;91;85;92m[38;2;91;85;92m@[0m[48;2;100;94;101m[38;2;100;94;101m%[0m[48;2;90;84;91m[38;2;90;84;91m@[0m[48;2;83;78;85m[38;2;83;78;85m@[0m[48;2;79;74;80m[38;2;79;74;80m@[0m[48;2;149;146;150m[38;2;149;146;150m+[0m                                
                                        [48;2;233;232;233m[38;2;233;232;233m.[0m[48;2;36;33;37m[38;2;36;33;37m▓[0m[48;2;26;21;30m[38;2;26;21;30m▓[0m[48;2;44;36;48m[38;2;44;36;48m▒[0m[48;2;105;90;104m[38;2;105;90;104m%[0m[48;2;152;134;148m[38;2;152;134;148m*[0m[48;2;160;140;155m[38;2;160;140;155m+[0m[48;2;161;140;155m[38;2;161;140;155m+[0m[48;2;160;141;155m[38;2;160;141;155m+[0m[48;2;145;127;141m[38;2;145;127;141m*[0m[48;2;106;92;104m[38;2;106;92;104m%[0m[48;2;78;66;76m[38;2;78;66;76m░[0m[48;2;61;50;59m[38;2;61;50;59m▒[0m[48;2;46;35;45m[38;2;46;35;45m▒[0m[48;2;42;30;41m[38;2;42;30;41m▓[0m[48;2;32;22;32m[38;2;32;22;32m▓[0m[48;2;20;12;20m[38;2;20;12;20m█[0m[48;2;22;15;22m[38;2;22;15;22m█[0m[48;2;25;18;26m[38;2;25;18;26m▓[0m[48;2;28;24;31m[38;2;28;24;31m▓[0m[48;2;33;30;37m[38;2;33;30;37m▓[0m[48;2;41;38;43m[38;2;41;38;43m▒[0m[48;2;41;38;42m[38;2;41;38;42m▒[0m[48;2;20;15;20m[38;2;20;15;20m█[0m[48;2;58;54;58m[38;2;58;54;58m░[0m[48;2;130;127;131m[38;2;130;127;131m*[0m[48;2;215;212;216m[38;2;215;212;216m:[0m                                 
                                        [48;2;93;92;94m[38;2;93;92;94m%[0m[48;2;7;5;12m[38;2;7;5;12m█[0m[48;2;71;63;101m[38;2;71;63;101m░[0m[48;2;15;7;52m[38;2;15;7;52m█[0m[48;2;66;54;106m[38;2;66;54;106m░[0m[48;2;53;41;82m[38;2;53;41;82m▒[0m[48;2;54;45;57m[38;2;54;45;57m▒[0m[48;2;76;64;75m[38;2;76;64;75m░[0m[48;2;93;81;93m[38;2;93;81;93m@[0m[48;2;104;91;102m[38;2;104;91;102m%[0m[48;2;112;99;111m[38;2;112;99;111m%[0m[48;2;117;104;116m[38;2;117;104;116m%[0m[48;2;118;105;116m[38;2;118;105;116m#[0m[48;2;118;106;116m[38;2;118;106;116m#[0m[48;2;118;105;116m[38;2;118;105;116m#[0m[48;2;107;95;106m[38;2;107;95;106m%[0m[48;2;95;83;93m[38;2;95;83;93m@[0m[48;2;78;69;78m[38;2;78;69;78m░[0m[48;2;61;54;63m[38;2;61;54;63m░[0m[48;2;44;38;47m[38;2;44;38;47m▒[0m[48;2;27;22;33m[38;2;27;22;33m▓[0m[48;2;14;10;19m[38;2;14;10;19m█[0m[48;2;91;88;94m[38;2;91;88;94m@[0m[48;2;239;236;241m[38;2;239;236;241m.[0m                                    
                                       [48;2;194;194;194m[38;2;194;194;194m-[0m[48;2;14;12;16m[38;2;14;12;16m█[0m[48;2;13;9;25m[38;2;13;9;25m█[0m[48;2;86;72;144m[38;2;86;72;144m@[0m[48;2;27;18;62m[38;2;27;18;62m▓[0m[48;2;81;68;133m[38;2;81;68;133m@[0m[48;2;91;76;154m[38;2;91;76;154m@[0m[48;2;72;61;114m[38;2;72;61;114m░[0m[48;2;15;10;27m[38;2;15;10;27m█[0m[48;2;32;26;44m[38;2;32;26;44m▓[0m[48;2;32;25;44m[38;2;32;25;44m▓[0m[48;2;30;24;42m[38;2;30;24;42m▓[0m[48;2;29;23;41m[38;2;29;23;41m▓[0m[48;2;28;23;40m[38;2;28;23;40m▓[0m[48;2;28;23;40m[38;2;28;23;40m▓[0m[48;2;28;23;40m[38;2;28;23;40m▓[0m[48;2;30;25;42m[38;2;30;25;42m▓[0m[48;2;32;27;45m[38;2;32;27;45m▓[0m[48;2;36;30;49m[38;2;36;30;49m▓[0m[48;2;37;31;51m[38;2;37;31;51m▓[0m[48;2;37;31;51m[38;2;37;31;51m▓[0m[48;2;32;27;45m[38;2;32;27;45m▓[0m[48;2;16;11;26m[38;2;16;11;26m█[0m[48;2;8;5;15m[38;2;8;5;15m█[0m[48;2;135;132;138m[38;2;135;132;138m*[0m[48;2;237;236;238m[38;2;237;236;238m.[0m                                   
                                       [48;2;67;66;67m[38;2;67;66;67m░[0m[48;2;25;22;31m[38;2;25;22;31m▓[0m[48;2;24;17;47m[38;2;24;17;47m▓[0m[48;2;87;73;146m[38;2;87;73;146m@[0m[48;2;52;45;78m[38;2;52;45;78m▒[0m[48;2;59;47;106m[38;2;59;47;106m░[0m[48;2;81;64;163m[38;2;81;64;163m@[0m[48;2;89;76;150m[38;2;89;76;150m@[0m[48;2;50;38;106m[38;2;50;38;106m▒[0m[48;2;18;12;38m[38;2;18;12;38m█[0m[48;2;34;29;48m[38;2;34;29;48m▓[0m[48;2;37;31;52m[38;2;37;31;52m▓[0m[48;2;37;31;52m[38;2;37;31;52m▓[0m[48;2;37;31;52m[38;2;37;31;52m▓[0m[48;2;37;31;52m[38;2;37;31;52m▓[0m[48;2;37;31;52m[38;2;37;31;52m▓[0m[48;2;37;31;52m[38;2;37;31;52m▓[0m[48;2;37;31;52m[38;2;37;31;52m▓[0m[48;2;37;31;52m[38;2;37;31;52m▓[0m[48;2;37;31;52m[38;2;37;31;52m▓[0m[48;2;37;31;52m[38;2;37;31;52m▓[0m[48;2;37;31;52m[38;2;37;31;52m▓[0m[48;2;37;31;51m[38;2;37;31;51m▓[0m[48;2;33;27;45m[38;2;33;27;45m▓[0m[48;2;26;21;36m[38;2;26;21;36m▓[0m[48;2;23;19;32m[38;2;23;19;32m▓[0m[48;2;38;34;44m[38;2;38;34;44m▓[0m[48;2;61;58;66m[38;2;61;58;66m░[0m[48;2;84;81;88m[38;2;84;81;88m@[0m[48;2;101;98;105m[38;2;101;98;105m%[0m[48;2;111;109;115m[38;2;111;109;115m#[0m[48;2;123;121;125m[38;2;123;121;125m#[0m[48;2;135;133;137m[38;2;135;133;137m*[0m[48;2;145;144;146m[38;2;145;144;146m*[0m[48;2;152;151;153m[38;2;152;151;153m+[0m[48;2;156;154;157m[38;2;156;154;157m+[0m[48;2;159;158;160m[38;2;159;158;160m+[0m[48;2;207;207;207m[38;2;207;207;207m:[0m                       
                                      [48;2;205;205;205m[38;2;205;205;205m:[0m[48;2;14;12;16m[38;2;14;12;16m█[0m[48;2;40;35;51m[38;2;40;35;51m▒[0m[48;2;41;38;50m[38;2;41;38;50m▒[0m[48;2;42;38;50m[38;2;42;38;50m▒[0m[48;2;29;25;40m[38;2;29;25;40m▓[0m[48;2;22;15;51m[38;2;22;15;51m▓[0m[48;2;85;69;158m[38;2;85;69;158m@[0m[48;2;85;71;155m[38;2;85;71;155m@[0m[48;2;65;52;126m[38;2;65;52;126m░[0m[48;2;15;7;40m[38;2;15;7;40m█[0m[48;2;39;35;45m[38;2;39;35;45m▒[0m[48;2;39;34;52m[38;2;39;34;52m▒[0m[48;2;37;31;52m[38;2;37;31;52m▓[0m[48;2;37;31;52m[38;2;37;31;52m▓[0m[48;2;37;31;52m[38;2;37;31;52m▓[0m[48;2;37;31;52m[38;2;37;31;52m▓[0m[48;2;37;31;52m[38;2;37;31;52m▓[0m[48;2;37;31;52m[38;2;37;31;52m▓[0m[48;2;37;31;52m[38;2;37;31;52m▓[0m[48;2;37;31;52m[38;2;37;31;52m▓[0m[48;2;37;31;52m[38;2;37;31;52m▓[0m[48;2;37;31;52m[38;2;37;31;52m▓[0m[48;2;37;31;52m[38;2;37;31;52m▓[0m[48;2;37;31;52m[38;2;37;31;52m▓[0m[48;2;37;31;52m[38;2;37;31;52m▓[0m[48;2;37;31;52m[38;2;37;31;52m▓[0m[48;2;37;31;52m[38;2;37;31;52m▓[0m[48;2;37;31;51m[38;2;37;31;51m▓[0m[48;2;37;31;51m[38;2;37;31;51m▓[0m[48;2;37;31;51m[38;2;37;31;51m▓[0m[48;2;37;31;51m[38;2;37;31;51m▓[0m[48;2;36;30;51m[38;2;36;30;51m▓[0m[48;2;35;29;49m[38;2;35;29;49m▓[0m[48;2;34;29;47m[38;2;34;29;47m▓[0m[48;2;33;27;46m[38;2;33;27;46m▓[0m[48;2;32;27;45m[38;2;32;27;45m▓[0m[48;2;22;19;25m[38;2;22;19;25m▓[0m[48;2;136;134;137m[38;2;136;134;137m*[0m                       
                                      [48;2;113;113;113m[38;2;113;113;113m#[0m[48;2;25;22;32m[38;2;25;22;32m▓[0m[48;2;59;55;70m[38;2;59;55;70m░[0m[48;2;38;34;45m[38;2;38;34;45m▓[0m[48;2;145;141;149m[38;2;145;141;149m*[0m[48;2;78;75;79m[38;2;78;75;79m@[0m[48;2;48;45;52m[38;2;48;45;52m▒[0m[48;2;51;42;84m[38;2;51;42;84m▒[0m[48;2;50;45;70m[38;2;50;45;70m▒[0m[48;2;148;146;152m[38;2;148;146;152m+[0m[48;2;134;132;137m[38;2;134;132;137m*[0m[48;2;36;33;40m[38;2;36;33;40m▓[0m[48;2;54;50;61m[38;2;54;50;61m▒[0m[48;2;63;58;74m[38;2;63;58;74m░[0m[48;2;40;34;53m[38;2;40;34;53m▒[0m[48;2;37;31;52m[38;2;37;31;52m▓[0m[48;2;37;31;52m[38;2;37;31;52m▓[0m[48;2;37;31;52m[38;2;37;31;52m▓[0m[48;2;37;31;52m[38;2;37;31;52m▓[0m[48;2;37;31;52m[38;2;37;31;52m▓[0m[48;2;37;31;52m[38;2;37;31;52m▓[0m[48;2;37;31;52m[38;2;37;31;52m▓[0m[48;2;37;31;52m[38;2;37;31;52m▓[0m[48;2;37;31;52m[38;2;37;31;52m▓[0m[48;2;37;31;52m[38;2;37;31;52m▓[0m[48;2;37;31;52m[38;2;37;31;52m▓[0m[48;2;37;31;52m[38;2;37;31;52m▓[0m[48;2;37;31;52m[38;2;37;31;52m▓[0m[48;2;37;31;52m[38;2;37;31;52m▓[0m[48;2;37;31;52m[38;2;37;31;52m▓[0m[48;2;37;31;52m[38;2;37;31;52m▓[0m[48;2;37;31;52m[38;2;37;31;52m▓[0m[48;2;37;31;52m[38;2;37;31;52m▓[0m[48;2;37;31;52m[38;2;37;31;52m▓[0m[48;2;37;31;52m[38;2;37;31;52m▓[0m[48;2;37;31;52m[38;2;37;31;52m▓[0m[48;2;36;30;50m[38;2;36;30;50m▓[0m[48;2;24;21;27m[38;2;24;21;27m▓[0m[48;2;210;208;211m[38;2;210;208;211m:[0m                       