                                                                                                    
                                                                                                    
                                                                                                    
                                                                                                    
                                                                                                    
                                                                                                    
                                                                                                    
                                                                                                    
                                                                                                    
                                                                                                    
                                                                                                    
                                                 [48;2;232;232;232m[38;2;232;232;232m.[0m[48;2;215;215;215m[38;2;215;215;215m:[0m[48;2;204;204;204m[38;2;204;204;204m:[0m[48;2;206;206;206m[38;2;206;206;206m:[0m[48;2;219;219;219m[38;2;219;219;219m:[0m                                              
                                             [48;2;211;211;211m[38;2;211;211;211m:[0m[48;2;112;112;114m[38;2;112;112;114m#[0m[48;2;61;60;64m[38;2;61;60;64m░[0m[48;2;33;32;39m[38;2;33;32;39m▓[0m[48;2;26;25;34m[38;2;26;25;34m▓[0m[48;2;28;27;37m[38;2;28;27;37m▓[0m[48;2;29;28;39m[38;2;29;28;39m▓[0m[48;2;29;27;40m[38;2;29;27;40m▓[0m[48;2;27;26;37m[38;2;27;26;37m▓[0m[48;2;24;22;33m[38;2;24;22;33m▓[0m[48;2;48;46;56m[38;2;48;46;56m▒[0m[48;2;94;92;101m[38;2;94;92;101m%[0m[48;2;161;160;164m[38;2;161;160;164m+[0m[48;2;239;239;240m[38;2;239;239;240m [0m                                         
                                            [48;2;131;131;132m[38;2;131;131;132m*[0m[48;2;26;24;33m[38;2;26;24;33m▓[0m[48;2;41;39;54m[38;2;41;39;54m▒[0m[48;2;43;42;59m[38;2;43;42;59m▒[0m[48;2;42;42;59m[38;2;42;42;59m▒[0m[48;2;42;43;59m[38;2;42;43;59m▒[0m[48;2;41;43;59m[38;2;41;43;59m▒[0m[48;2;41;43;59m[38;2;41;43;59m▒[0m[48;2;41;43;59m[38;2;41;43;59m▒[0m[48;2;41;43;59m[38;2;41;43;59m▒[0m[48;2;41;43;59m[38;2;41;43;59m▒[0m[48;2;41;43;59m[38;2;41;43;59m▒[0m[48;2;41;42;58m[38;2;41;42;58m▒[0m[48;2;33;32;47m[38;2;33;32;47m▓[0m[48;2;33;31;41m[38;2;33;31;41m▓[0m[48;2;121;119;125m[38;2;121;119;125m#[0m[48;2;207;207;209m[38;2;207;207;209m:[0m                                       
                                           [48;2;100;99;102m[38;2;100;99;102m%[0m[48;2;30;28;39m[38;2;30;28;39m▓[0m[48;2;42;43;59m[38;2;42;43;59m▒[0m[48;2;40;44;59m[38;2;40;44;59m▒[0m[48;2;40;44;59m[38;2;40;44;59m▒[0m[48;2;40;44;59m[38;2;40;44;59m▒[0m[48;2;40;44;59m[38;2;40;44;59m▒[0m[48;2;40;44;59m[38;2;40;44;59m▒[0m[48;2;40;44;59m[38;2;40;44;59m▒[0m[48;2;40;44;59m[38;2;40;44;59m▒[0m[48;2;40;44;59m[38;2;40;44;59m▒[0m[48;2;40;44;59m[38;2;40;44;59m▒[0m[48;2;40;44;59m[38;2;40;44;59m▒[0m[48;2;40;44;59m[38;2;40;44;59m▒[0m[48;2;41;44;59m[38;2;41;44;59m▒[0m[48;2;44;43;58m[38;2;44;43;58m▒[0m[48;2;54;51;62m[38;2;54;51;62m▒[0m[48;2;8;5;12m[38;2;8;5;12m█[0m[48;2;78;75;80m[38;2;78;75;80m@[0m[48;2;216;215;217m[38;2;216;215;217m:[0m                                     
                                         [48;2;161;161;162m[38;2;161;161;162m+[0m[48;2;11;11;13m[38;2;11;11;13m█[0m[48;2;27;25;33m[38;2;27;25;33m▓[0m[48;2;44;42;58m[38;2;44;42;58m▒[0m[48;2;41;43;59m[38;2;41;43;59m▒[0m[48;2;40;44;59m[38;2;40;44;59m▒[0m[48;2;40;44;59m[38;2;40;44;59m▒[0m[48;2;40;44;59m[38;2;40;44;59m▒[0m[48;2;40;44;59m[38;2;40;44;59m▒[0m[48;2;40;44;59m[38;2;40;44;59m▒[0m[48;2;40;44;59m[38;2;40;44;59m▒[0m[48;2;40;44;59m[38;2;40;44;59m▒[0m[48;2;40;44;59m[38;2;40;44;59m▒[0m[48;2;40;44;59m[38;2;40;44;59m▒[0m[48;2;40;44;59m[38;2;40;44;59m▒[0m[48;2;40;44;59m[38;2;40;44;59m▒[0m[48;2;40;44;59m[38;2;40;44;59m▒[0m[48;2;46;46;61m[38;2;46;46;61m▒[0m[48;2;76;74;86m[38;2;76;74;86m@[0m[48;2;16;12;21m[38;2;16;12;21m█[0m[48;2;117;110;118m[38;2;117;110;118m#[0m[48;2;56;51;56m[38;2;56;51;56m▒[0m[48;2;208;207;208m[38;2;208;207;208m:[0m                                    
                                         [48;2;29;28;30m[38;2;29;28;30m▓[0m[48;2;15;12;19m[38;2;15;12;19m█[0m[48;2;43;43;58m[38;2;43;43;58m▒[0m[48;2;41;43;59m[38;2;41;43;59m▒[0m[48;2;40;44;59m[38;2;40;44;59m▒[0m[48;2;40;44;59m[38;2;40;44;59m▒[0m[48;2;40;44;59m[38;2;40;44;59m▒[0m[48;2;40;44;59m[38;2;40;44;59m▒[0m[48;2;40;44;59m[38;2;40;44;59m▒[0m[48;2;40;44;59m[38;2;40;44;59m▒[0m[48;2;40;44;59m[38;2;40;44;59m▒[0m[48;2;40;44;59m[38;2;40;44;59m▒[0m[48;2;40;44;59m[38;2;40;44;59m▒[0m[48;2;40;44;59m[38;2;40;44;59m▒[0m[48;2;40;44;59m[38;2;40;44;59m▒[0m[48;2;40;44;59m[38;2;40;44;59m▒[0m[48;2;40;44;59m[38;2;40;44;59m▒[0m[48;2;58;58;73m[38;2;58;58;73m░[0m[48;2;48;45;58m[38;2;48;45;58m▒[0m[48;2;19;14;24m[38;2;19;14;24m█[0m[48;2;108;99;108m[38;2;108;99;108m%[0m[48;2;116;105;113m[38;2;116;105;113m%[0m[48;2;61;55;60m[38;2;61;55;60m░[0m                                    
                                       [48;2;234;233;234m[38;2;234;233;234m.[0m[48;2;66;65;68m[38;2;66;65;68m░[0m[48;2;30;26;31m[38;2;30;26;31m▓[0m[48;2;32;30;39m[38;2;32;30;39m▓[0m[48;2;41;43;59m[38;2;41;43;59m▒[0m[48;2;40;44;59m[38;2;40;44;59m▒[0m[48;2;40;44;59m[38;2;40;44;59m▒[0m[48;2;40;44;59m[38;2;40;44;59m▒[0m[48;2;40;44;59m[38;2;40;44;59m▒[0m[48;2;40;44;59m[38;2;40;44;59m▒[0m[48;2;40;44;59m[38;2;40;44;59m▒[0m[48;2;40;44;59m[38;2;40;44;59m▒[0m[48;2;40;44;59m[38;2;40;44;59m▒[0m[48;2;40;44;59m[38;2;40;44;59m▒[0m[48;2;40;44;59m[38;2;40;44;59m▒[0m[48;2;40;44;59m[38;2;40;44;59m▒[0m[48;2;40;44;59m[38;2;40;44;59m▒[0m[48;2;41;43;59m[38;2;41;43;59m▒[0m[48;2;60;60;77m[38;2;60;60;77m░[0m[48;2;62;60;74m[38;2;62;60;74m░[0m[48;2;23;20;33m[38;2;23;20;33m▓[0m[48;2;99;88;101m[38;2;99;88;101m%[0m[48;2;104;92;102m[38;2;104;92;102m%[0m[48;2;38;29;36m[38;2;38;29;36m▓[0m[48;2;73;66;72m[38;2;73;66;72m░[0m[48;2;179;177;179m[38;2;179;177;179m=[0m                                   
                                       [48;2;57;55;59m[38;2;57;55;59m░[0m[48;2;105;95;103m[38;2;105;95;103m%[0m[48;2;69;60;68m[38;2;69;60;68m░[0m[48;2;35;34;45m[38;2;35;34;45m▓[0m[48;2;41;43;59m[38;2;41;43;59m▒[0m[48;2;40;44;59m[38;2;40;44;59m▒[0m[48;2;40;44;59m[38;2;40;44;59m▒[0m[48;2;40;44;59m[38;2;40;44;59m▒[0m[48;2;40;44;59m[38;2;40;44;59m▒[0m[48;2;40;44;59m[38;2;40;44;59m▒[0m[48;2;40;44;59m[38;2;40;44;59m▒[0m[48;2;40;44;59m[38;2;40;44;59m▒[0m[48;2;40;44;59m[38;2;40;44;59m▒[0m[48;2;40;44;59m[38;2;40;44;59m▒[0m[48;2;40;44;59m[38;2;40;44;59m▒[0m[48;2;41;43;59m[38;2;41;43;59m▒[0m[48;2;46;45;62m[38;2;46;45;62m▒[0m[48;2;70;68;83m[38;2;70;68;83m░[0m[48;2;49;47;58m[38;2;49;47;58m▒[0m[48;2;31;27;37m[38;2;31;27;37m▓[0m[48;2;111;101;112m[38;2;111;101;112m%[0m[48;2;158;140;154m[38;2;158;140;154m+[0m[48;2;159;140;153m[38;2;159;140;153m+[0m[48;2;50;41;47m[38;2;50;41;47m▒[0m[48;2;83;76;81m[38;2;83;76;81m@[0m[48;2;128;127;128m[38;2;128;127;128m#[0m                                   
                                      [48;2;108;108;108m[38;2;108;108;108m%[0m[48;2;90;81;89m[38;2;90;81;89m@[0m[48;2;159;143;154m[38;2;159;143;154m+[0m[48;2;99;85;95m[38;2;99;85;95m@[0m[48;2;27;24;36m[38;2;27;24;36m▓[0m[48;2;41;43;59m[38;2;41;43;59m▒[0m[48;2;40;44;59m[38;2;40;44;59m▒[0m[48;2;40;44;59m[38;2;40;44;59m▒[0m[48;2;40;44;59m[38;2;40;44;59m▒[0m[48;2;40;44;59m[38;2;40;44;59m▒[0m[48;2;40;44;59m[38;2;40;44;59m▒[0m[48;2;40;44;59m[38;2;40;44;59m▒[0m[48;2;40;44;59m[38;2;40;44;59m▒[0m[48;2;40;44;59m[38;2;40;44;59m▒[0m[48;2;42;43;59m[38;2;42;43;59m▒[0m[48;2;51;49;64m[38;2;51;49;64m▒[0m[48;2;68;65;79m[38;2;68;65;79m░[0m[48;2;60;55;69m[38;2;60;55;69m░[0m[48;2;31;25;38m[38;2;31;25;38m▓[0m[48;2;83;73;83m[38;2;83;73;83m@[0m[48;2;151;133;146m[38;2;151;133;146m*[0m[48;2;160;140;155m[38;2;160;140;155m+[0m[48;2;161;140;155m[38;2;161;140;155m+[0m[48;2;161;140;155m[38;2;161;140;155m+[0m[48;2;81;69;78m[38;2;81;69;78m@[0m[48;2;35;30;35m[38;2;35;30;35m▓[0m[48;2;133;130;133m[38;2;133;130;133m*[0m                                   
                                     [48;2;213;213;213m[38;2;213;213;213m:[0m[48;2;48;42;46m[38;2;48;42;46m▒[0m[48;2;158;141;152m[38;2;158;141;152m+[0m[48;2;162;141;156m[38;2;162;141;156m+[0m[48;2;82;67;78m[38;2;82;67;78m░[0m[48;2;31;22;32m[38;2;31;22;32m▓[0m[48;2;33;29;43m[38;2;33;29;43m▓[0m[48;2;42;43;59m[38;2;42;43;59m▒[0m[48;2;41;43;59m[38;2;41;43;59m▒[0m[48;2;40;44;59m[38;2;40;44;59m▒[0m[48;2;40;44;59m[38;2;40;44;59m▒[0m[48;2;40;44;59m[38;2;40;44;59m▒[0m[48;2;44;45;60m[38;2;44;45;60m▒[0m[48;2;60;60;75m[38;2;60;60;75m░[0m[48;2;48;49;65m[38;2;48;49;65m▒[0m[48;2;60;57;71m[38;2;60;57;71m░[0m[48;2;43;40;50m[38;2;43;40;50m▒[0m[48;2;45;38;48m[38;2;45;38;48m▒[0m[48;2;97;85;95m[38;2;97;85;95m@[0m[48;2;151;133;147m[38;2;151;133;147m*[0m[48;2;160;141;154m[38;2;160;141;154m+[0m[48;2;161;140;155m[38;2;161;140;155m+[0m[48;2;161;140;155m[38;2;161;140;155m+[0m[48;2;161;140;155m[38;2;161;140;155m+[0m[48;2;161;140;155m[38;2;161;140;155m+[0m[48;2;91;80;89m[38;2;91;80;89m@[0m[48;2;16;11;17m[38;2;16;11;17m█[0m[48;2;196;194;195m[38;2;196;194;195m-[0m                                   
                                     [48;2;98;97;98m[38;2;98;97;98m%[0m[48;2;124;111;120m[38;2;124;111;120m#[0m[48;2;161;142;155m[38;2;161;142;155m+[0m[48;2;162;142;154m[38;2;162;142;154m+[0m[48;2;101;87;97m[38;2;101;87;97m%[0m[48;2;82;72;82m[38;2;82;72;82m@[0m[48;2;58;47;59m[38;2;58;47;59m▒[0m[48;2;28;22;36m[38;2;28;22;36m▓[0m[48;2;41;38;54m[38;2;41;38;54m▒[0m[48;2;43;43;59m[38;2;43;43;59m▒[0m[48;2;55;56;71m[38;2;55;56;71m░[0m[48;2;65;64;76m[38;2;65;64;76m░[0m[48;2;58;55;64m[38;2;58;55;64m░[0m[48;2;29;25;35m[38;2;29;25;35m▓[0m[48;2;46;40;51m[38;2;46;40;51m▒[0m[48;2;86;76;87m[38;2;86;76;87m@[0m[48;2;135;120;133m[38;2;135;120;133m#[0m[48;2;159;141;155m[38;2;159;141;155m+[0m[48;2;160;141;155m[38;2;160;141;155m+[0m[48;2;156;136;151m[38;2;156;136;151m*[0m[48;2;161;140;155m[38;2;161;140;155m+[0m[48;2;161;140;155m[38;2;161;140;155m+[0m[48;2;161;140;155m[38;2;161;140;155m+[0m[48;2;161;140;155m[38;2;161;140;155m+[0m[48;2;161;140;155m[38;2;161;140;155m+[0m[48;2;64;52;62m[38;2;64;52;62m░[0m[48;2;152;146;152m[38;2;152;146;152m+[0m[48;2;154;152;154m[38;2;154;152;154m+[0m[48;2;178;176;177m[38;2;178;176;177m=[0m[48;2;204;204;204m[38;2;204;204;204m:[0m                                 
                                     [48;2;40;37;39m[38;2;40;37;39m▒[0m[48;2;158;142;152m[38;2;158;142;152m+[0m[48;2;161;140;155m[38;2;161;140;155m+[0m[48;2;161;140;155m[38;2;161;140;155m+[0m[48;2;157;139;152m[38;2;157;139;152m*[0m[48;2;49;39;48m[38;2;49;39;48m▒[0m[48;2;103;88;101m[38;2;103;88;101m%[0m[48;2;100;87;99m[38;2;100;87;99m%[0m[48;2;84;72;84m[38;2;84;72;84m@[0m[48;2;71;61;71m[38;2;71;61;71m░[0m[48;2;33;23;33m[38;2;33;23;33m▓[0m[48;2;79;68;79m[38;2;79;68;79m░[0m[48;2;110;97;109m[38;2;110;97;109m%[0m[48;2;145;129;142m[38;2;145;129;142m*[0m[48;2;158;141;153m[38;2;158;141;153m+[0m[48;2;141;124;137m[38;2;141;124;137m*[0m[48;2;110;94;106m[38;2;110;94;106m%[0m[48;2;77;65;76m[38;2;77;65;76m░[0m[48;2;72;60;70m[38;2;72;60;70m░[0m[48;2;114;97;110m[38;2;114;97;110m%[0m[48;2;161;140;155m[38;2;161;140;155m+[0m[48;2;161;140;155m[38;2;161;140;155m+[0m[48;2;161;140;155m[38;2;161;140;155m+[0m[48;2;161;140;155m[38;2;161;140;155m+[0m[48;2;142;123;137m[38;2;142;123;137m*[0m[48;2;16;7;15m[38;2;16;7;15m█[0m[48;2;22;17;22m[38;2;22;17;22m▓[0m[48;2;197;193;197m[38;2;197;193;197m-[0m[48;2;67;63;66m[38;2;67;63;66m░[0m[48;2;39;37;39m[38;2;39;37;39m▒[0m[48;2;172;171;172m[38;2;172;171;172m=[0m                                
                                    [48;2;225;225;225m[38;2;225;225;225m.[0m[48;2;46;42;44m[38;2;46;42;44m▒[0m[48;2;159;143;153m[38;2;159;143;153m+[0m[48;2;161;140;155m[38;2;161;140;155m+[0m[48;2;161;140;155m[38;2;161;140;155m+[0m[48;2;161;140;155m[38;2;161;140;155m+[0m[48;2;145;128;141m[38;2;145;128;141m*[0m[48;2;46;33;45m[38;2;46;33;45m▒[0m[48;2;26;15;25m[38;2;26;15;25m▓[0m[48;2;105;95;104m[38;2;105;95;104m%[0m[48;2;31;23;30m[38;2;31;23;30m▓[0m[48;2;41;34;41m[38;2;41;34;41m▒[0m[48;2;87;76;86m[38;2;87;76;86m@[0m[48;2;80;67;78m[38;2;80;67;78m░[0m[48;2;76;64;75m[38;2;76;64;75m░[0m[48;2;76;64;73m[38;2;76;64;73m░[0m[48;2;93;80;92m[38;2;93;80;92m@[0m[48;2;126;110;122m[38;2;126;110;122m#[0m[48;2;155;137;151m[38;2;155;137;151m*[0m[48;2;160;141;155m[38;2;160;141;155m+[0m[48;2;161;140;155m[38;2;161;140;155m+[0m[48;2;161;140;155m[38;2;161;140;155m+[0m[48;2;161;140;155m[38;2;161;140;155m+[0m[48;2;161;140;155m[38;2;161;140;155m+[0m[48;2;160;140;154m[38;2;160;140;154m+[0m[48;2;57;46;54m[38;2;57;46;54m▒[0m[48;2;26;20;30m[38;2;26;20;30m▓[0m[48;2;19;14;26m[38;2;19;14;26m█[0m[48;2;173;170;175m[38;2;173;170;175m=[0m[48;2;224;221;223m[38;2;224;221;223m.[0m[48;2;41;39;42m[38;2;41;39;42m▒[0m                                 
                                    [48;2;233;233;233m[38;2;233;233;233m.[0m[48;2;43;40;42m[38;2;43;40;42m▒[0m[48;2;158;143;153m[38;2;158;143;153m+[0m[48;2;161;140;155m[38;2;161;140;155m+[0m[48;2;161;140;155m[38;2;161;140;155m+[0m[48;2;161;140;155m[38;2;161;140;155m+[0m[48;2;161;140;155m[38;2;161;140;155m+[0m[48;2;157;138;152m[38;2;157;138;152m*[0m[48;2;58;46;57m[38;2;58;46;57m▒[0m[48;2;9;4;10m[38;2;9;4;10m█[0m[48;2;10;6;13m[38;2;10;6;13m█[0m[48;2;29;24;31m[38;2;29;24;31m▓[0m[48;2;73;64;74m[38;2;73;64;74m░[0m[48;2;122;109;119m[38;2;122;109;119m#[0m[48;2;158;140;153m[38;2;158;140;153m+[0m[48;2;161;140;155m[38;2;161;140;155m+[0m[48;2;161;140;155m[38;2;161;140;155m+[0m[48;2;161;140;155m[38;2;161;140;155m+[0m[48;2;161;140;155m[38;2;161;140;155m+[0m[48;2;161;140;155m[38;2;161;140;155m+[0m[48;2;161;140;155m[38;2;161;140;155m+[0m[48;2;161;140;155m[38;2;161;140;155m+[0m[48;2;161;140;155m[38;2;161;140;155m+[0m[48;2;161;140;155m[38;2;161;140;155m+[0m[48;2;151;132;146m[38;2;151;132;146m*[0m[48;2;46;37;44m[38;2;46;37;44m▒[0m[48;2;24;19;28m[38;2;24;19;28m▓[0m[48;2;27;23;36m[38;2;27;23;36m▓[0m[48;2;116;113;118m[38;2;116;113;118m#[0m[48;2;200;197;198m[38;2;200;197;198m-[0m[48;2;54;51;53m[38;2;54;51;53m▒[0m[48;2;123;120;121m[38;2;123;120;121m#[0m[48;2;148;146;147m[38;2;148;146;147m+[0m[48;2;163;162;163m[38;2;163;162;163m+[0m[48;2;197;197;198m[38;2;197;197;198m-[0m[48;2;239;239;239m[38;2;239;239;239m [0m                            
                                    [48;2;184;184;185m[38;2;184;184;185m-[0m[48;2;13;10;14m[38;2;13;10;14m█[0m[48;2;142;127;137m[38;2;142;127;137m*[0m[48;2;161;140;155m[38;2;161;140;155m+[0m[48;2;161;140;155m[38;2;161;140;155m+[0m[48;2;161;140;155m[38;2;161;140;155m+[0m[48;2;161;140;155m[38;2;161;140;155m+[0m[48;2;161;140;155m[38;2;161;140;155m+[0m[48;2;53;42;51m[38;2;53;42;51m▒[0m[48;2;30;26;34m[38;2;30;26;34m▓[0m[48;2;4;2;8m[38;2;4;2;8m█[0m[48;2;16;13;19m[38;2;16;13;19m█[0m[48;2;17;14;20m[38;2;17;14;20m█[0m[48;2;48;40;49m[38;2;48;40;49m▒[0m[48;2;156;137;151m[38;2;156;137;151m*[0m[48;2;161;140;155m[38;2;161;140;155m+[0m[48;2;161;140;155m[38;2;161;140;155m+[0m[48;2;161;140;155m[38;2;161;140;155m+[0m[48;2;161;140;155m[38;2;161;140;155m+[0m[48;2;161;140;155m[38;2;161;140;155m+[0m[48;2;161;140;155m[38;2;161;140;155m+[0m[48;2;161;140;155m[38;2;161;140;155m+[0m[48;2;161;140;155m[38;2;161;140;155m+[0m[48;2;161;140;155m[38;2;161;140;155m+[0m[48;2;161;140;155m[38;2;161;140;155m+[0m[48;2;151;133;146m[38;2;151;133;146m*[0m[48;2;33;25;36m[38;2;33;25;36m▓[0m[48;2;21;17;27m[38;2;21;17;27m▓[0m[48;2;102;100;104m[38;2;102;100;104m%[0m[48;2;150;147;150m[38;2;150;147;150m+[0m[48;2;44;42;43m[38;2;44;42;43m▒[0m[48;2;86;82;84m[38;2;86;82;84m@[0m[48;2;97;95;97m[38;2;97;95;97m%[0m[48;2;56;54;56m[38;2;56;54;56m▒[0m[48;2;43;41;44m[38;2;43;41;44m▒[0m[48;2;64;60;63m[38;2;64;60;63m░[0m[48;2;86;82;85m[38;2;86;82;85m@[0m[48;2;149;146;148m[38;2;149;146;148m+[0m                          
                                     [48;2;200;199;199m[38;2;200;199;199m-[0m[48;2;57;48;55m[38;2;57;48;55m▒[0m[48;2;152;134;147m[38;2;152;134;147m*[0m[48;2;161;140;155m[38;2;161;140;155m+[0m[48;2;161;140;155m[38;2;161;140;155m+[0m[48;2;161;140;155m[38;2;161;140;155m+[0m[48;2;161;140;155m[38;2;161;140;155m+[0m[48;2;96;82;92m[38;2;96;82;92m@[0m[48;2;35;28;37m[38;2;35;28;37m▓[0m[48;2;10;7;13m[38;2;10;7;13m█[0m[48;2;11;8;14m[38;2;11;8;14m█[0m[48;2;20;17;23m[38;2;20;17;23m▓[0m[48;2;12;7;15m[38;2;12;7;15m█[0m[48;2;74;61;71m[38;2;74;61;71m░[0m[48;2;160;141;155m[38;2;160;141;155m+[0m[48;2;161;140;155m[38;2;161;140;155m+[0m[48;2;161;140;155m[38;2;161;140;155m+[0m[48;2;161;140;155m[38;2;161;140;155m+[0m[48;2;161;140;155m[38;2;161;140;155m+[0m[48;2;161;140;155m[38;2;161;140;155m+[0m[48;2;161;140;155m[38;2;161;140;155m+[0m[48;2;161;140;155m[38;2;161;140;155m+[0m[48;2;161;140;155m[38;2;161;140;155m+[0m[48;2;161;140;155m[38;2;161;140;155m+[0m[48;2;160;140;154m[38;2;160;140;154m+[0m[48;2;145;127;140m[38;2;145;127;140m*[0m[48;2;60;50;59m[38;2;60;50;59m▒[0m[48;2;57;51;56m[38;2;57;51;56m▒[0m[48;2;35;29;33m[38;2;35;29;33m▓[0m[48;2;128;124;128m[38;2;128;124;128m#[0m[48;2;197;195;197m[38;2;197;195;197m-[0m[48;2;185;183;185m[38;2;185;183;185m-[0m[48;2;178;175;178m[38;2;178;175;178m=[0m[48;2;82;79;83m[38;2;82;79;83m@[0m[48;2;86;78;84m[38;2;86;78;84m@[0m[48;2;155;140;150m[38;2;155;140;150m*[0m[48;2;102;90;99m[38;2;102;90;99m%[0m[48;2;114;111;114m[38;2;114;111;114m#[0m                         
                                      [48;2;152;151;152m[38;2;152;151;152m+[0m[48;2;29;22;28m[38;2;29;22;28m▓[0m[48;2;108;94;104m[38;2;108;94;104m%[0m[48;2;158;138;153m[38;2;158;138;153m*[0m[48;2;161;140;155m[38;2;161;140;155m+[0m[48;2;161;140;155m[38;2;161;140;155m+[0m[48;2;161;140;155m[38;2;161;140;155m+[0m[48;2;156;138;152m[38;2;156;138;152m*[0m[48;2;58;47;57m[38;2;58;47;57m▒[0m[48;2;35;27;35m[38;2;35;27;35m▓[0m[48;2;21;15;22m[38;2;21;15;22m█[0m[48;2;78;72;79m[38;2;78;72;79m@[0m[48;2;71;62;70m[38;2;71;62;70m░[0m[48;2;77;64;75m[38;2;77;64;75m░[0m[48;2;110;95;107m[38;2;110;95;107m%[0m[48;2;146;127;141m[38;2;146;127;141m*[0m[48;2;161;140;155m[38;2;161;140;155m+[0m[48;2;161;140;155m[38;2;161;140;155m+[0m[48;2;161;140;155m[38;2;161;140;155m+[0m[48;2;161;140;155m[38;2;161;140;155m+[0m[48;2;161;140;155m[38;2;161;140;155m+[0m[48;2;161;140;155m[38;2;161;140;155m+[0m[48;2;161;140;155m[38;2;161;140;155m+[0m[48;2;161;140;155m[38;2;161;140;155m+[0m[48;2;161;140;155m[38;2;161;140;155m+[0m[48;2;161;140;155m[38;2;161;140;155m+[0m[48;2;151;133;146m[38;2;151;133;146m*[0m[48;2;131;115;127m[38;2;131;115;127m#[0m[48;2;117;103;114m[38;2;117;103;114m%[0m[48;2;104;93;103m[38;2;104;93;103m%[0m[48;2;110;100;109m[38;2;110;100;109m%[0m[48;2;112;101;110m[38;2;112;101;110m%[0m[48;2;133;121;131m[38;2;133;121;131m#[0m[48;2;150;138;147m[38;2;150;138;147m*[0m[48;2;133;120;129m[38;2;133;120;129m#[0m[48;2;82;69;79m[38;2;82;69;79m@[0m[48;2;35;28;34m[38;2;35;28;34m▓[0m[48;2;196;194;196m[38;2;196;194;196m-[0m                        
                                       [48;2;75;71;75m[38;2;75;71;75m░[0m[48;2;84;78;84m[38;2;84;78;84m@[0m[48;2;62;52;61m[38;2;62;52;61m░[0m[48;2;148;130;143m[38;2;148;130;143m*[0m[48;2;160;141;155m[38;2;160;141;155m+[0m[48;2;161;140;155m[38;2;161;140;155m+[0m[48;2;161;140;155m[38;2;161;140;155m+[0m[48;2;161;140;155m[38;2;161;140;155m+[0m[48;2;161;140;155m[38;2;161;140;155m+[0m[48;2;148;129;143m[38;2;148;129;143m*[0m[48;2;79;63;75m[38;2;79;63;75m░[0m[48;2;74;64;74m[38;2;74;64;74m░[0m[48;2;61;54;61m[38;2;61;54;61m░[0m[48;2;13;7;14m[38;2;13;7;14m█[0m[48;2;23;16;23m[38;2;23;16;23m▓[0m[48;2;110;95;108m[38;2;110;95;108m%[0m[48;2;161;140;155m[38;2;161;140;155m+[0m[48;2;124;104;118m[38;2;124;104;118m#[0m[48;2;153;134;148m[38;2;153;134;148m*[0m[48;2;160;140;155m[38;2;160;140;155m+[0m[48;2;161;140;154m[38;2;161;140;154m+[0m[48;2;154;134;148m[38;2;154;134;148m*[0m[48;2;158;138;152m[38;2;158;138;152m*[0m[48;2;161;140;155m[38;2;161;140;155m+[0m[48;2;161;140;155m[38;2;161;140;155m+[0m[48;2;161;140;155m[38;2;161;140;155m+[0m[48;2;161;140;155m[38;2;161;140;155m+[0m[48;2;136;118;131m[38;2;136;118;131m#[0m[48;2;87;72;83m[38;2;87;72;83m@[0m[48;2;82;68;80m[38;2;82;68;80m@[0m[48;2;81;67;79m[38;2;81;67;79m░[0m[48;2;81;67;79m[38;2;81;67;79m░[0m[48;2;85;72;83m[38;2;85;72;83m@[0m[48;2;102;88;100m[38;2;102;88;100m%[0m[48;2;127;114;124m[38;2;127;114;124m#[0m[48;2;105;93;102m[38;2;105;93;102m%[0m[48;2;102;99;102m[38;2;102;99;102m%[0m                        
                                        [48;2;145;143;145m[38;2;145;143;145m*[0m[48;2;121;119;123m[38;2;121;119;123m#[0m[48;2;63;58;64m[38;2;63;58;64m░[0m[48;2;92;82;92m[38;2;92;82;92m@[0m[48;2;151;136;148m[38;2;151;136;148m*[0m[48;2;161;140;155m[38;2;161;140;155m+[0m[48;2;161;140;155m[38;2;161;140;155m+[0m[48;2;161;140;155m[38;2;161;140;155m+[0m[48;2;161;140;155m[38;2;161;140;155m+[0m[48;2;161;140;155m[38;2;161;140;155m+[0m[48;2;154;134;148m[38;2;154;134;148m*[0m[48;2;128;110;123m[38;2;128;110;123m#[0m[48;2;120;103;116m[38;2;120;103;116m%[0m[48;2;155;137;151m[38;2;155;137;151m*[0m[48;2;159;140;154m[38;2;159;140;154m+[0m[48;2;161;140;155m[38;2;161;140;155m+[0m[48;2;128;109;123m[38;2;128;109;123m#[0m[48;2;77;61;73m[38;2;77;61;73m░[0m[48;2;77;64;73m[38;2;77;64;73m░[0m[48;2;79;67;75m[38;2;79;67;75m░[0m[48;2;48;36;45m[38;2;48;36;45m▒[0m[48;2;17;8;16m[38;2;17;8;16m█[0m[48;2;34;25;32m[38;2;34;25;32m▓[0m[48;2;46;37;44m[38;2;46;37;44m▒[0m[48;2;55;46;55m[38;2;55;46;55m▒[0m[48;2;68;57;67m[38;2;68;57;67m░[0m[48;2;73;62;72m[38;2;73;62;72m░[0m[48;2;76;65;74m[38;2;76;65;74m░[0m[48;2;79;67;77m[38;2;79;67;77m░[0m[48;2;78;66;76m[38;2;78;66;76m░[0m[48;2;70;61;70m[38;2;70;61;70m░[0m[48;2;58;49;58m[38;2;58;49;58m▒[0m[48;2;89;80;89m[38;2;89;80;89m@[0m[48;2;97;91;97m[38;2;97;91;97m%[0m[48;2;108;104;108m[38;2;108;104;108m%[0m[48;2;234;232;234m[38;2;234;232;234m.[0m                        
                                         [48;2;191;191;191m[38;2;191;191;191m-[0m[48;2;11;10;14m[38;2;11;10;14m█[0m[48;2;14;10;17m[38;2;14;10;17m█[0m[48;2;18;13;21m[38;2;18;13;21m█[0m[48;2;77;67;84m[38;2;77;67;84m░[0m[48;2;126;111;125m[38;2;126;111;125m#[0m[48;2;156;137;151m[38;2;156;137;151m*[0m[48;2;161;140;155m[38;2;161;140;155m+[0m[48;2;161;140;155m[38;2;161;140;155m+[0m[48;2;161;140;155m[38;2;161;140;155m+[0m[48;2;161;140;155m[38;2;161;140;155m+[0m[48;2;103;83;97m[38;2;103;83;97m@[0m[48;2;75;58;71m[38;2;75;58;71m░[0m[48;2;120;102;115m[38;2;120;102;115m%[0m[48;2;140;122;135m[38;2;140;122;135m*[0m[48;2;158;138;152m[38;2;158;138;152m*[0m[48;2;161;140;155m[38;2;161;140;155m+[0m[48;2;160;141;155m[38;2;160;141;155m+[0m[48;2;158;140;153m[38;2;158;140;153m+[0m[48;2;153;135;149m[38;2;153;135;149m*[0m[48;2;150;133;146m[38;2;150;133;146m*[0m[48;2;150;133;146m[38;2;150;133;146m*[0m[48;2;152;136;148m[38;2;152;136;148m*[0m[48;2;155;138;151m[38;2;155;138;151m*[0m[48;2;157;141;154m[38;2;157;141;154m+[0m[48;2;158;142;155m[38;2;158;142;155m+[0m[48;2;155;138;151m[38;2;155;138;151m*[0m[48;2;130;114;127m[38;2;130;114;127m#[0m[48;2;89;76;86m[38;2;89;76;86m@[0m[48;2;80;72;79m[38;2;80;72;79m@[0m[48;2;173;167;173m[38;2;173;167;173m=[0m                            
                                        [48;2;223;223;223m[38;2;223;223;223m.[0m[48;2;30;28;32m[38;2;30;28;32m▓[0m[48;2;34;30;44m[38;2;34;30;44m▓[0m[48;2;23;18;33m[38;2;23;18;33m▓[0m[48;2;9;4;19m[38;2;9;4;19m█[0m[48;2;84;70;142m[38;2;84;70;142m@[0m[48;2;69;59;106m[38;2;69;59;106m░[0m[48;2;39;28;75m[38;2;39;28;75m▒[0m[48;2;42;35;46m[38;2;42;35;46m▒[0m[48;2;74;64;82m[38;2;74;64;82m░[0m[48;2;97;85;97m[38;2;97;85;97m@[0m[48;2;121;106;118m[38;2;121;106;118m#[0m[48;2;140;121;135m[38;2;140;121;135m*[0m[48;2;146;130;143m[38;2;146;130;143m*[0m[48;2;106;92;104m[38;2;106;92;104m%[0m[48;2;62;50;61m[38;2;62;50;61m▒[0m[48;2;32;23;32m[38;2;32;23;32m▓[0m[48;2;31;23;30m[38;2;31;23;30m▓[0m[48;2;47;38;46m[38;2;47;38;46m▒[0m[48;2;63;53;62m[38;2;63;53;62m░[0m[48;2;72;62;72m[38;2;72;62;72m░[0m[48;2;77;67;76m[38;2;77;67;76m░[0m[48;2;79;69;77m[38;2;79;69;77m░[0m[48;2;76;67;75m[38;2;76;67;75m░[0m[48;2;70;61;69m[38;2;70;61;69m░[0m[48;2;56;47;55m[38;2;56;47;55m▒[0m[48;2;39;30;39m[38;2;39;30;39m▓[0m[48;2;84;76;85m[38;2;84;76;85m@[0m[48;2;155;150;155m[38;2;155;150;155m+[0m[48;2;218;216;219m[38;2;218;216;219m:[0m                              
                                        [48;2;73;72;74m[38;2;73;72;74m░[0m[48;2;29;24;38m[38;2;29;24;38m▓[0m[48;2;37;32;50m[38;2;37;32;50m▓[0m[48;2;36;30;50m[38;2;36;30;50m▓[0m[48;2;9;6;22m[38;2;9;6;22m█[0m[48;2;85;73;144m[38;2;85;73;144m@[0m[48;2;94;83;148m[38;2;94;83;148m%[0m[48;2;72;56;150m[38;2;72;56;150m░[0m[48;2;8;3;33m[38;2;8;3;33m█[0m[48;2;49;36;108m[38;2;49;36;108m▒[0m[48;2;71;57;139m[38;2;71;57;139m░[0m[48;2;55;39;131m[38;2;55;39;131m▒[0m[48;2;48;37;96m[38;2;48;37;96m▒[0m[48;2;41;25;103m[38;2;41;25;103m▒[0m[48;2;49;38;74m[38;2;49;38;74m▒[0m[48;2;32;23;52m[38;2;32;23;52m▓[0m[48;2;34;28;38m[38;2;34;28;38m▓[0m[48;2;36;29;38m[38;2;36;29;38m▓[0m[48;2;17;10;21m[38;2;17;10;21m█[0m[48;2;12;7;17m[38;2;12;7;17m█[0m[48;2;12;7;17m[38;2;12;7;17m█[0m[48;2;12;7;18m[38;2;12;7;18m█[0m[48;2;13;8;19m[38;2;13;8;19m█[0m[48;2;14;10;21m[38;2;14;10;21m█[0m[48;2;18;15;26m[38;2;18;15;26m█[0m[48;2;24;19;33m[38;2;24;19;33m▓[0m[48;2;28;23;39m[38;2;28;23;39m▓[0m[48;2;23;18;34m[38;2;23;18;34m▓[0m[48;2;40;37;47m[38;2;40;37;47m▒[0m[48;2;100;98;105m[38;2;100;98;105m%[0m[48;2;181;179;182m[38;2;181;179;182m=[0m                             
                                       [48;2;179;179;179m[38;2;179;179;179m=[0m[48;2;18;16;24m[38;2;18;16;24m█[0m[48;2;37;32;50m[38;2;37;32;50m▓[0m[48;2;37;31;52m[38;2;37;31;52m▓[0m[48;2;37;32;50m[38;2;37;32;50m▓[0m[48;2;13;9;23m[38;2;13;9;23m█[0m[48;2;76;66;127m[38;2;76;66;127m@[0m[48;2;87;74;150m[38;2;87;74;150m@[0m[48;2;84;71;151m[38;2;84;71;151m@[0m[48;2;20;9;72m[38;2;20;9;72m▓[0m[48;2;76;72;82m[38;2;76;72;82m@[0m[48;2;39;29;87m[38;2;39;29;87m▒[0m[48;2;81;66;153m[38;2;81;66;153m@[0m[48;2;77;62;160m[38;2;77;62;160m@[0m[48;2;79;64;162m[38;2;79;64;162m@[0m[48;2;70;52;165m[38;2;70;52;165m░[0m[48;2;42;34;80m[38;2;42;34;80m▒[0m[48;2;25;21;31m[38;2;25;21;31m▓[0m[48;2;36;31;40m[38;2;36;31;40m▓[0m[48;2;38;33;50m[38;2;38;33;50m▓[0m[48;2;37;32;50m[38;2;37;32;50m▓[0m[48;2;37;31;52m[38;2;37;31;52m▓[0m[48;2;37;31;52m[38;2;37;31;52m▓[0m[48;2;37;31;52m[38;2;37;31;52m▓[0m[48;2;37;31;52m[38;2;37;31;52m▓[0m[48;2;37;31;52m[38;2;37;31;52m▓[0m[48;2;37;31;52m[38;2;37;31;52m▓[0m[48;2;37;31;52m[38;2;37;31;52m▓[0m[48;2;37;31;52m[38;2;37;31;52m▓[0m[48;2;37;31;52m[38;2;37;31;52m▓[0m[48;2;36;30;50m[38;2;36;30;50m▓[0m[48;2;26;21;37m[38;2;26;21;37m▓[0m[48;2;39;35;46m[38;2;39;35;46m▒[0m[48;2;131;129;135m[38;2;131;129;135m*[0m[48;2;235;235;236m[38;2;235;235;236m.[0m                          
                                       [48;2;74;74;75m[38;2;74;74;75m@[0m[48;2;32;28;41m[38;2;32;28;41m▓[0m[48;2;37;31;52m[38;2;37;31;52m▓[0m[48;2;37;31;52m[38;2;37;31;52m▓[0m[48;2;37;31;52m[38;2;37;31;52m▓[0m[48;2;28;22;40m[38;2;28;22;40m▓[0m[48;2;24;20;35m[38;2;24;20;35m▓[0m[48;2;36;31;54m[38;2;36;31;54m▓[0m[48;2;44;39;66m[38;2;44;39;66m▒[0m[48;2;20;11;57m[38;2;20;11;57m▓[0m[48;2;109;105;112m[38;2;109;105;112m%[0m[48;2;162;159;166m[38;2;162;159;166m+[0m[48;2;43;36;65m[38;2;43;36;65m▒[0m[48;2;62;50;121m[38;2;62;50;121m░[0m[48;2;52;43;102m[38;2;52;43;102m▒[0m[48;2;72;70;83m[38;2;72;70;83m░[0m[48;2;132;129;135m[38;2;132;129;135m*[0m[48;2;46;43;49m[38;2;46;43;49m▒[0m[48;2;50;47;54m[38;2;50;47;54m▒[0m[48;2;62;58;70m[38;2;62;58;70m░[0m[48;2;52;48;63m[38;2;52;48;63m▒[0m[48;2;38;32;52m[38;2;38;32;52m▓[0m[48;2;37;31;52m[38;2;37;31;52m▓[0m[48;2;37;31;52m[38;2;37;31;52m▓[0m[48;2;37;31;52m[38;2;37;31;52m▓[0m[48;2;37;31;52m[38;2;37;31;52m▓[0m[48;2;37;31;52m[38;2;37;31;52m▓[0m[48;2;37;31;52m[38;2;37;31;52m▓[0m[48;2;37;31;52m[38;2;37;31;52m▓[0m[48;2;37;31;52m[38;2;37;31;52m▓[0m[48;2;37;31;52m[38;2;37;31;52m▓[0m[48;2;37;31;52m[38;2;37;31;52m▓[0m[48;2;37;31;52m[38;2;37;31;52m▓[0m[48;2;32;27;45m[38;2;32;27;45m▓[0m[48;2;32;28;40m[38;2;32;28;40m▓[0m[48;2;150;148;152m[38;2;150;148;152m+[0m                         
                                       [48;2;18;17;20m[38;2;18;17;20m█[0m[48;2;36;32;48m[38;2;36;32;48m▓[0m[48;2;37;31;52m[38;2;37;31;52m▓[0m[48;2;37;31;52m[38;2;37;31;52m▓[0m[48;2;37;31;52m[38;2;37;31;52m▓[0m[48;2;37;31;52m[38;2;37;31;52m▓[0m[48;2;37;31;52m[38;2;37;31;52m▓[0m[48;2;37;31;51m[38;2;37;31;51m▓[0m[48;2;66;62;76m[38;2;66;62;76m░[0m[48;2;24;21;31m[38;2;24;21;31m▓[0m[48;2;5;2;10m[38;2;5;2;10m█[0m[48;2;112;109;115m[38;2;112;109;115m#[0m[48;2;214;212;216m[38;2;214;212;216m:[0m[48;2;148;146;151m[38;2;148;146;151m+[0m[48;2;27;24;33m[38;2;27;24;33m▓[0m[48;2;118;115;121m[38;2;118;115;121m#[0m[48;2;220;218;222m[38;2;220;218;222m:[0m[48;2;241;240;245m[38;2;241;240;245m [0m[48;2;120;117;124m[38;2;120;117;124m#[0m[48;2;34;30;40m[38;2;34;30;40m▓[0m[48;2;35;31;41m[38;2;35;31;41m▓[0m[48;2;56;52;63m[38;2;56;52;63m▒[0m[48;2;63;58;72m[38;2;63;58;72m░[0m[48;2;47;42;58m[38;2;47;42;58m▒[0m[48;2;37;31;52m[38;2;37;31;52m▓[0m[48;2;37;31;52m[38;2;37;31;52m▓[0m[48;2;37;31;52m[38;2;37;31;52m▓[0m[48;2;37;31;52m[38;2;37;31;52m▓[0m[48;2;37;31;52m[38;2;37;31;52m▓[0m[48;2;37;31;52m[38;2;37;31;52m▓[0m[48;2;37;31;52m[38;2;37;31;52m▓[0m[48;2;37;31;52m[38;2;37;31;52m▓[0m[48;2;37;31;52m[38;2;37;31;52m▓[0m[48;2;37;31;52m[38;2;37;31;52m▓[0m[48;2;37;31;52m[38;2;37;31;52m▓[0m[48;2;25;20;36m[38;2;25;20;36m▓[0m[48;2;87;86;91m[38;2;87;86;91m@[0m                        