                                                                                                              
                                                                                                              
                                                                                                              
                                                                                                              
                                                                                                              
                                                                                                              
                                                                                                              
                                                                                                              
                                                                                                              
                                                                                                              
                                                                                                              
                                                                                                              
                                                                                                              
                                                   [48;2;181;181;182m[38;2;181;181;182m=[0m[48;2;127;126;128m[38;2;127;126;128m#[0m[48;2;95;94;98m[38;2;95;94;98m%[0m[48;2;69;68;72m[38;2;69;68;72m░[0m[48;2;54;53;58m[38;2;54;53;58m▒[0m[48;2;45;44;50m[38;2;45;44;50m▒[0m[48;2;45;44;50m[38;2;45;44;50m▒[0m[48;2;53;52;58m[38;2;53;52;58m▒[0m[48;2;69;68;73m[38;2;69;68;73m░[0m[48;2;96;95;99m[38;2;96;95;99m%[0m[48;2;144;143;147m[38;2;144;143;147m*[0m[48;2;202;201;204m[38;2;202;201;204m:[0m                                               
                                                 [48;2;161;161;163m[38;2;161;161;163m+[0m[48;2;35;33;41m[38;2;35;33;41m▓[0m[48;2;29;27;41m[38;2;29;27;41m▓[0m[48;2;40;37;54m[38;2;40;37;54m▒[0m[48;2;43;42;58m[38;2;43;42;58m▒[0m[48;2;43;43;59m[38;2;43;43;59m▒[0m[48;2;44;43;59m[38;2;44;43;59m▒[0m[48;2;43;43;59m[38;2;43;43;59m▒[0m[48;2;43;42;59m[38;2;43;42;59m▒[0m[48;2;43;42;59m[38;2;43;42;59m▒[0m[48;2;43;42;59m[38;2;43;42;59m▒[0m[48;2;41;41;57m[38;2;41;41;57m▒[0m[48;2;35;34;50m[38;2;35;34;50m▓[0m[48;2;26;24;38m[38;2;26;24;38m▓[0m[48;2;45;44;53m[38;2;45;44;53m▒[0m[48;2;133;132;137m[38;2;133;132;137m*[0m[48;2;237;236;238m[38;2;237;236;238m.[0m                                            
                                                [48;2;95;95;98m[38;2;95;95;98m%[0m[48;2;24;22;32m[38;2;24;22;32m▓[0m[48;2;43;42;58m[38;2;43;42;58m▒[0m[48;2;42;42;59m[38;2;42;42;59m▒[0m[48;2;41;43;60m[38;2;41;43;60m▒[0m[48;2;41;43;59m[38;2;41;43;59m▒[0m[48;2;41;43;59m[38;2;41;43;59m▒[0m[48;2;40;44;59m[38;2;40;44;59m▒[0m[48;2;40;44;59m[38;2;40;44;59m▒[0m[48;2;40;44;59m[38;2;40;44;59m▒[0m[48;2;40;44;59m[38;2;40;44;59m▒[0m[48;2;40;44;59m[38;2;40;44;59m▒[0m[48;2;40;44;59m[38;2;40;44;59m▒[0m[48;2;40;44;59m[38;2;40;44;59m▒[0m[48;2;41;43;59m[38;2;41;43;59m▒[0m[48;2;42;42;59m[38;2;42;42;59m▒[0m[48;2;33;31;46m[38;2;33;31;46m▓[0m[48;2;26;25;33m[38;2;26;25;33m▓[0m[48;2;90;88;93m[38;2;90;88;93m@[0m[48;2;187;186;188m[38;2;187;186;188m-[0m                                          
                                              [48;2;189;189;190m[38;2;189;189;190m-[0m[48;2;80;80;82m[38;2;80;80;82m@[0m[48;2;27;26;35m[38;2;27;26;35m▓[0m[48;2;43;43;58m[38;2;43;43;58m▒[0m[48;2;41;43;59m[38;2;41;43;59m▒[0m[48;2;40;44;59m[38;2;40;44;59m▒[0m[48;2;40;44;59m[38;2;40;44;59m▒[0m[48;2;40;44;59m[38;2;40;44;59m▒[0m[48;2;40;44;59m[38;2;40;44;59m▒[0m[48;2;40;44;59m[38;2;40;44;59m▒[0m[48;2;40;44;59m[38;2;40;44;59m▒[0m[48;2;40;44;59m[38;2;40;44;59m▒[0m[48;2;40;44;59m[38;2;40;44;59m▒[0m[48;2;40;44;59m[38;2;40;44;59m▒[0m[48;2;40;44;59m[38;2;40;44;59m▒[0m[48;2;40;44;59m[38;2;40;44;59m▒[0m[48;2;40;44;59m[38;2;40;44;59m▒[0m[48;2;41;43;59m[38;2;41;43;59m▒[0m[48;2;43;43;58m[38;2;43;43;58m▒[0m[48;2;76;75;84m[38;2;76;75;84m@[0m[48;2;13;8;17m[38;2;13;8;17m█[0m[48;2;59;52;61m[38;2;59;52;61m░[0m[48;2;104;100;105m[38;2;104;100;105m%[0m                                         
                                             [48;2;145;145;145m[38;2;145;145;145m*[0m[48;2;5;4;8m[38;2;5;4;8m█[0m[48;2;21;20;28m[38;2;21;20;28m▓[0m[48;2;43;43;58m[38;2;43;43;58m▒[0m[48;2;41;44;59m[38;2;41;44;59m▒[0m[48;2;40;44;59m[38;2;40;44;59m▒[0m[48;2;40;44;59m[38;2;40;44;59m▒[0m[48;2;40;44;59m[38;2;40;44;59m▒[0m[48;2;40;44;59m[38;2;40;44;59m▒[0m[48;2;40;44;59m[38;2;40;44;59m▒[0m[48;2;40;44;59m[38;2;40;44;59m▒[0m[48;2;40;44;59m[38;2;40;44;59m▒[0m[48;2;40;44;59m[38;2;40;44;59m▒[0m[48;2;40;44;59m[38;2;40;44;59m▒[0m[48;2;40;44;59m[38;2;40;44;59m▒[0m[48;2;40;44;59m[38;2;40;44;59m▒[0m[48;2;40;44;59m[38;2;40;44;59m▒[0m[48;2;40;44;59m[38;2;40;44;59m▒[0m[48;2;40;44;59m[38;2;40;44;59m▒[0m[48;2;56;57;72m[38;2;56;57;72m░[0m[48;2;70;67;78m[38;2;70;67;78m░[0m[48;2;20;14;25m[38;2;20;14;25m█[0m[48;2;109;99;110m[38;2;109;99;110m%[0m[48;2;95;84;93m[38;2;95;84;93m@[0m[48;2;92;88;92m[38;2;92;88;92m@[0m                                        
                                             [48;2;42;41;43m[38;2;42;41;43m▒[0m[48;2;8;7;11m[38;2;8;7;11m█[0m[48;2;42;41;54m[38;2;42;41;54m▒[0m[48;2;41;43;59m[38;2;41;43;59m▒[0m[48;2;40;44;59m[38;2;40;44;59m▒[0m[48;2;40;44;59m[38;2;40;44;59m▒[0m[48;2;40;44;59m[38;2;40;44;59m▒[0m[48;2;40;44;59m[38;2;40;44;59m▒[0m[48;2;40;44;59m[38;2;40;44;59m▒[0m[48;2;40;44;59m[38;2;40;44;59m▒[0m[48;2;40;44;59m[38;2;40;44;59m▒[0m[48;2;40;44;59m[38;2;40;44;59m▒[0m[48;2;40;44;59m[38;2;40;44;59m▒[0m[48;2;40;44;59m[38;2;40;44;59m▒[0m[48;2;40;44;59m[38;2;40;44;59m▒[0m[48;2;40;44;59m[38;2;40;44;59m▒[0m[48;2;40;44;59m[38;2;40;44;59m▒[0m[48;2;40;44;59m[38;2;40;44;59m▒[0m[48;2;43;46;61m[38;2;43;46;61m▒[0m[48;2;56;58;73m[38;2;56;58;73m░[0m[48;2;40;39;51m[38;2;40;39;51m▒[0m[48;2;20;12;24m[38;2;20;12;24m█[0m[48;2;111;98;111m[38;2;111;98;111m%[0m[48;2;100;87;97m[38;2;100;87;97m%[0m[48;2;62;52;60m[38;2;62;52;60m░[0m[48;2;168;167;168m[38;2;168;167;168m=[0m                                       
                                           [48;2;229;229;230m[38;2;229;229;230m.[0m[48;2;56;54;57m[38;2;56;54;57m░[0m[48;2;36;32;38m[38;2;36;32;38m▓[0m[48;2;21;19;26m[38;2;21;19;26m▓[0m[48;2;42;42;58m[38;2;42;42;58m▒[0m[48;2;40;44;59m[38;2;40;44;59m▒[0m[48;2;40;44;59m[38;2;40;44;59m▒[0m[48;2;40;44;59m[38;2;40;44;59m▒[0m[48;2;40;44;59m[38;2;40;44;59m▒[0m[48;2;40;44;59m[38;2;40;44;59m▒[0m[48;2;40;44;59m[38;2;40;44;59m▒[0m[48;2;40;44;59m[38;2;40;44;59m▒[0m[48;2;40;44;59m[38;2;40;44;59m▒[0m[48;2;40;44;59m[38;2;40;44;59m▒[0m[48;2;40;44;59m[38;2;40;44;59m▒[0m[48;2;40;44;59m[38;2;40;44;59m▒[0m[48;2;40;44;59m[38;2;40;44;59m▒[0m[48;2;40;43;59m[38;2;40;43;59m▒[0m[48;2;41;43;59m[38;2;41;43;59m▒[0m[48;2;42;43;59m[38;2;42;43;59m▒[0m[48;2;75;74;90m[38;2;75;74;90m@[0m[48;2;51;50;63m[38;2;51;50;63m▒[0m[48;2;21;17;29m[38;2;21;17;29m▓[0m[48;2;99;89;102m[38;2;99;89;102m%[0m[48;2;126;112;124m[38;2;126;112;124m#[0m[48;2;16;7;14m[38;2;16;7;14m█[0m[48;2;110;99;109m[38;2;110;99;109m%[0m[48;2;70;67;69m[38;2;70;67;69m░[0m                                       
                                          [48;2;237;237;237m[38;2;237;237;237m.[0m[48;2;49;46;49m[38;2;49;46;49m▒[0m[48;2;95;85;95m[38;2;95;85;95m@[0m[48;2;88;77;88m[38;2;88;77;88m@[0m[48;2;27;24;33m[38;2;27;24;33m▓[0m[48;2;41;43;59m[38;2;41;43;59m▒[0m[48;2;40;44;59m[38;2;40;44;59m▒[0m[48;2;40;44;59m[38;2;40;44;59m▒[0m[48;2;40;44;59m[38;2;40;44;59m▒[0m[48;2;40;44;59m[38;2;40;44;59m▒[0m[48;2;40;44;59m[38;2;40;44;59m▒[0m[48;2;40;44;59m[38;2;40;44;59m▒[0m[48;2;40;44;59m[38;2;40;44;59m▒[0m[48;2;40;44;59m[38;2;40;44;59m▒[0m[48;2;40;44;59m[38;2;40;44;59m▒[0m[48;2;40;44;59m[38;2;40;44;59m▒[0m[48;2;40;44;59m[38;2;40;44;59m▒[0m[48;2;41;43;59m[38;2;41;43;59m▒[0m[48;2;41;43;59m[38;2;41;43;59m▒[0m[48;2;52;51;66m[38;2;52;51;66m▒[0m[48;2;74;74;85m[38;2;74;74;85m@[0m[48;2;42;41;51m[38;2;42;41;51m▒[0m[48;2;29;23;33m[38;2;29;23;33m▓[0m[48;2;113;101;112m[38;2;113;101;112m%[0m[48;2;157;139;153m[38;2;157;139;153m*[0m[48;2;157;139;153m[38;2;157;139;153m*[0m[48;2;77;66;76m[38;2;77;66;76m░[0m[48;2;88;80;88m[38;2;88;80;88m@[0m[48;2;29;27;29m[38;2;29;27;29m▓[0m                                       
                                          [48;2;95;94;95m[38;2;95;94;95m%[0m[48;2;80;71;78m[38;2;80;71;78m@[0m[48;2;159;142;155m[38;2;159;142;155m+[0m[48;2;111;98;109m[38;2;111;98;109m%[0m[48;2;21;17;26m[38;2;21;17;26m▓[0m[48;2;41;44;58m[38;2;41;44;58m▒[0m[48;2;40;44;59m[38;2;40;44;59m▒[0m[48;2;40;44;59m[38;2;40;44;59m▒[0m[48;2;40;44;59m[38;2;40;44;59m▒[0m[48;2;40;44;59m[38;2;40;44;59m▒[0m[48;2;40;44;59m[38;2;40;44;59m▒[0m[48;2;40;44;59m[38;2;40;44;59m▒[0m[48;2;40;44;59m[38;2;40;44;59m▒[0m[48;2;40;44;59m[38;2;40;44;59m▒[0m[48;2;40;44;59m[38;2;40;44;59m▒[0m[48;2;41;44;59m[38;2;41;44;59m▒[0m[48;2;42;43;57m[38;2;42;43;57m▒[0m[48;2;51;50;65m[38;2;51;50;65m▒[0m[48;2;71;70;83m[38;2;71;70;83m░[0m[48;2;56;54;64m[38;2;56;54;64m░[0m[48;2;26;21;31m[38;2;26;21;31m▓[0m[48;2;78;70;78m[38;2;78;70;78m@[0m[48;2;150;134;146m[38;2;150;134;146m*[0m[48;2;160;141;154m[38;2;160;141;154m+[0m[48;2;161;140;155m[38;2;161;140;155m+[0m[48;2;161;140;155m[38;2;161;140;155m+[0m[48;2;121;104;116m[38;2;121;104;116m#[0m[48;2;36;30;36m[38;2;36;30;36m▓[0m[48;2;30;28;30m[38;2;30;28;30m▓[0m                                       
                                         [48;2;201;201;201m[38;2;201;201;201m-[0m[48;2;37;34;37m[38;2;37;34;37m▓[0m[48;2;153;141;149m[38;2;153;141;149m*[0m[48;2;161;142;156m[38;2;161;142;156m+[0m[48;2;117;101;113m[38;2;117;101;113m%[0m[48;2;14;7;17m[38;2;14;7;17m█[0m[48;2;33;30;42m[38;2;33;30;42m▓[0m[48;2;41;44;58m[38;2;41;44;58m▒[0m[48;2;40;44;59m[38;2;40;44;59m▒[0m[48;2;40;44;59m[38;2;40;44;59m▒[0m[48;2;40;44;59m[38;2;40;44;59m▒[0m[48;2;40;44;59m[38;2;40;44;59m▒[0m[48;2;40;44;59m[38;2;40;44;59m▒[0m[48;2;40;44;59m[38;2;40;44;59m▒[0m[48;2;47;50;66m[38;2;47;50;66m▒[0m[48;2;44;46;61m[38;2;44;46;61m▒[0m[48;2;66;66;81m[38;2;66;66;81m░[0m[48;2;66;64;77m[38;2;66;64;77m░[0m[48;2;49;44;55m[38;2;49;44;55m▒[0m[48;2;35;27;38m[38;2;35;27;38m▓[0m[48;2;84;73;84m[38;2;84;73;84m@[0m[48;2;147;130;143m[38;2;147;130;143m*[0m[48;2;160;142;154m[38;2;160;142;154m+[0m[48;2;161;140;155m[38;2;161;140;155m+[0m[48;2;161;140;155m[38;2;161;140;155m+[0m[48;2;161;140;155m[38;2;161;140;155m+[0m[48;2;161;140;155m[38;2;161;140;155m+[0m[48;2;130;112;125m[38;2;130;112;125m#[0m[48;2;9;4;8m[38;2;9;4;8m█[0m[48;2;59;57;60m[38;2;59;57;60m░[0m                                       
                                         [48;2;75;73;74m[38;2;75;73;74m@[0m[48;2;122;110;118m[38;2;122;110;118m#[0m[48;2;160;142;153m[38;2;160;142;153m+[0m[48;2;161;140;155m[38;2;161;140;155m+[0m[48;2;103;88;100m[38;2;103;88;100m%[0m[48;2;65;58;65m[38;2;65;58;65m░[0m[48;2;45;37;47m[38;2;45;37;47m▒[0m[48;2;32;28;41m[38;2;32;28;41m▓[0m[48;2;41;42;57m[38;2;41;42;57m▒[0m[48;2;40;44;59m[38;2;40;44;59m▒[0m[48;2;40;44;59m[38;2;40;44;59m▒[0m[48;2;41;44;59m[38;2;41;44;59m▒[0m[48;2;55;58;73m[38;2;55;58;73m░[0m[48;2;71;70;84m[38;2;71;70;84m░[0m[48;2;57;53;66m[38;2;57;53;66m░[0m[48;2;28;24;36m[38;2;28;24;36m▓[0m[48;2;30;25;36m[38;2;30;25;36m▓[0m[48;2;65;56;67m[38;2;65;56;67m░[0m[48;2;117;104;115m[38;2;117;104;115m%[0m[48;2;157;139;152m[38;2;157;139;152m*[0m[48;2;160;141;155m[38;2;160;141;155m+[0m[48;2;161;141;155m[38;2;161;141;155m+[0m[48;2;161;140;155m[38;2;161;140;155m+[0m[48;2;161;140;155m[38;2;161;140;155m+[0m[48;2;161;140;155m[38;2;161;140;155m+[0m[48;2;161;140;155m[38;2;161;140;155m+[0m[48;2;161;140;155m[38;2;161;140;155m+[0m[48;2;120;104;117m[38;2;120;104;117m#[0m[48;2;72;67;71m[38;2;72;67;71m░[0m[48;2;223;220;223m[38;2;223;220;223m.[0m                                       
                                        [48;2;221;221;221m[38;2;221;221;221m.[0m[48;2;37;32;35m[38;2;37;32;35m▓[0m[48;2;160;142;153m[38;2;160;142;153m+[0m[48;2;161;140;154m[38;2;161;140;154m+[0m[48;2;161;140;155m[38;2;161;140;155m+[0m[48;2;153;136;148m[38;2;153;136;148m*[0m[48;2;36;28;36m[38;2;36;28;36m▓[0m[48;2;132;120;131m[38;2;132;120;131m#[0m[48;2;84;73;85m[38;2;84;73;85m@[0m[48;2;34;27;38m[38;2;34;27;38m▓[0m[48;2;26;20;32m[38;2;26;20;32m▓[0m[48;2;32;27;39m[38;2;32;27;39m▓[0m[48;2;48;43;55m[38;2;48;43;55m▒[0m[48;2;41;36;46m[38;2;41;36;46m▒[0m[48;2;47;40;51m[38;2;47;40;51m▒[0m[48;2;76;65;76m[38;2;76;65;76m░[0m[48;2;121;106;119m[38;2;121;106;119m#[0m[48;2;155;137;151m[38;2;155;137;151m*[0m[48;2;159;141;155m[38;2;159;141;155m+[0m[48;2;155;136;150m[38;2;155;136;150m*[0m[48;2;123;105;119m[38;2;123;105;119m#[0m[48;2;84;69;81m[38;2;84;69;81m@[0m[48;2;134;116;129m[38;2;134;116;129m#[0m[48;2;161;140;155m[38;2;161;140;155m+[0m[48;2;161;140;155m[38;2;161;140;155m+[0m[48;2;161;140;155m[38;2;161;140;155m+[0m[48;2;161;140;155m[38;2;161;140;155m+[0m[48;2;161;140;155m[38;2;161;140;155m+[0m[48;2;63;51;61m[38;2;63;51;61m░[0m[48;2;39;35;40m[38;2;39;35;40m▒[0m[48;2;90;86;92m[38;2;90;86;92m@[0m[48;2;65;61;66m[38;2;65;61;66m░[0m[48;2;67;64;67m[38;2;67;64;67m░[0m[48;2;90;89;90m[38;2;90;89;90m@[0m[48;2;238;238;238m[38;2;238;238;238m [0m                                   
                                        [48;2;162;162;162m[38;2;162;162;162m+[0m[48;2;70;64;68m[38;2;70;64;68m░[0m[48;2;161;141;155m[38;2;161;141;155m+[0m[48;2;161;140;155m[38;2;161;140;155m+[0m[48;2;161;140;155m[38;2;161;140;155m+[0m[48;2;161;140;155m[38;2;161;140;155m+[0m[48;2;122;107;118m[38;2;122;107;118m#[0m[48;2;40;31;39m[38;2;40;31;39m▓[0m[48;2;32;23;32m[38;2;32;23;32m▓[0m[48;2;135;121;133m[38;2;135;121;133m#[0m[48;2;143;129;139m[38;2;143;129;139m*[0m[48;2;75;64;71m[38;2;75;64;71m░[0m[48;2;61;50;57m[38;2;61;50;57m▒[0m[48;2;153;140;149m[38;2;153;140;149m*[0m[48;2;157;140;152m[38;2;157;140;152m+[0m[48;2;139;122;134m[38;2;139;122;134m*[0m[48;2;110;94;106m[38;2;110;94;106m%[0m[48;2;80;67;78m[38;2;80;67;78m░[0m[48;2;68;56;65m[38;2;68;56;65m░[0m[48;2;70;59;69m[38;2;70;59;69m░[0m[48;2;99;86;98m[38;2;99;86;98m@[0m[48;2;139;123;135m[38;2;139;123;135m*[0m[48;2;160;141;155m[38;2;160;141;155m+[0m[48;2;161;140;155m[38;2;161;140;155m+[0m[48;2;161;140;155m[38;2;161;140;155m+[0m[48;2;161;140;155m[38;2;161;140;155m+[0m[48;2;161;140;155m[38;2;161;140;155m+[0m[48;2;131;113;125m[38;2;131;113;125m#[0m[48;2;16;9;15m[38;2;16;9;15m█[0m[48;2;15;11;20m[38;2;15;11;20m█[0m[48;2;126;123;129m[38;2;126;123;129m#[0m[48;2;236;233;239m[38;2;236;233;239m.[0m[48;2;60;58;61m[38;2;60;58;61m░[0m[48;2;62;59;62m[38;2;62;59;62m░[0m                                    
                                        [48;2;148;148;148m[38;2;148;148;148m+[0m[48;2;81;74;78m[38;2;81;74;78m@[0m[48;2;161;141;155m[38;2;161;141;155m+[0m[48;2;161;140;155m[38;2;161;140;155m+[0m[48;2;161;140;155m[38;2;161;140;155m+[0m[48;2;161;140;155m[38;2;161;140;155m+[0m[48;2;161;141;155m[38;2;161;141;155m+[0m[48;2;125;109;122m[38;2;125;109;122m#[0m[48;2;36;25;34m[38;2;36;25;34m▓[0m[48;2;42;32;42m[38;2;42;32;42m▓[0m[48;2;29;21;29m[38;2;29;21;29m▓[0m[48;2;10;3;10m[38;2;10;3;10m█[0m[48;2;51;43;50m[38;2;51;43;50m▒[0m[48;2;67;58;66m[38;2;67;58;66m░[0m[48;2;70;60;69m[38;2;70;60;69m░[0m[48;2;87;75;84m[38;2;87;75;84m@[0m[48;2;114;100;111m[38;2;114;100;111m%[0m[48;2;144;128;140m[38;2;144;128;140m*[0m[48;2;159;140;154m[38;2;159;140;154m+[0m[48;2;160;140;155m[38;2;160;140;155m+[0m[48;2;161;140;155m[38;2;161;140;155m+[0m[48;2;161;140;155m[38;2;161;140;155m+[0m[48;2;161;140;155m[38;2;161;140;155m+[0m[48;2;161;140;155m[38;2;161;140;155m+[0m[48;2;161;140;155m[38;2;161;140;155m+[0m[48;2;161;140;155m[38;2;161;140;155m+[0m[48;2;159;138;153m[38;2;159;138;153m*[0m[48;2;44;33;43m[38;2;44;33;43m▒[0m[48;2;19;15;22m[38;2;19;15;22m█[0m[48;2;34;30;42m[38;2;34;30;42m▓[0m[48;2;41;40;45m[38;2;41;40;45m▒[0m [48;2;188;186;189m[38;2;188;186;189m-[0m[48;2;78;76;78m[38;2;78;76;78m@[0m                                    
                                        [48;2;162;162;162m[38;2;162;162;162m+[0m[48;2;67;61;65m[38;2;67;61;65m░[0m[48;2;161;140;155m[38;2;161;140;155m+[0m[48;2;161;140;155m[38;2;161;140;155m+[0m[48;2;161;140;155m[38;2;161;140;155m+[0m[48;2;161;140;155m[38;2;161;140;155m+[0m[48;2;161;140;155m[38;2;161;140;155m+[0m[48;2;161;140;155m[38;2;161;140;155m+[0m[48;2;135;117;130m[38;2;135;117;130m#[0m[48;2;14;6;14m[38;2;14;6;14m█[0m[48;2;6;3;8m[38;2;6;3;8m█[0m[48;2;15;12;18m[38;2;15;12;18m█[0m[48;2;24;22;27m[38;2;24;22;27m▓[0m[48;2;53;48;54m[38;2;53;48;54m▒[0m[48;2;94;83;93m[38;2;94;83;93m@[0m[48;2;157;139;152m[38;2;157;139;152m*[0m[48;2;161;140;155m[38;2;161;140;155m+[0m[48;2;161;140;155m[38;2;161;140;155m+[0m[48;2;161;140;155m[38;2;161;140;155m+[0m[48;2;161;140;155m[38;2;161;140;155m+[0m[48;2;161;140;155m[38;2;161;140;155m+[0m[48;2;161;140;155m[38;2;161;140;155m+[0m[48;2;161;140;155m[38;2;161;140;155m+[0m[48;2;161;140;155m[38;2;161;140;155m+[0m[48;2;161;140;155m[38;2;161;140;155m+[0m[48;2;161;140;155m[38;2;161;140;155m+[0m[48;2;158;138;153m[38;2;158;138;153m*[0m[48;2;94;80;92m[38;2;94;80;92m@[0m[48;2;13;8;16m[38;2;13;8;16m█[0m[48;2;38;33;46m[38;2;38;33;46m▓[0m[48;2;14;11;19m[38;2;14;11;19m█[0m[48;2;195;193;197m[38;2;195;193;197m-[0m[48;2;106;104;107m[38;2;106;104;107m%[0m[48;2;13;10;14m[38;2;13;10;14m█[0m[48;2;77;76;78m[38;2;77;76;78m@[0m[48;2;85;83;84m[38;2;85;83;84m@[0m[48;2;104;103;105m[38;2;104;103;105m%[0m[48;2;135;134;136m[38;2;135;134;136m*[0m[48;2;181;180;181m[38;2;181;180;181m=[0m[48;2;233;233;233m[38;2;233;233;233m.[0m                              
                                        [48;2;113;113;113m[38;2;113;113;113m#[0m[48;2;26;21;25m[38;2;26;21;25m▓[0m[48;2;150;133;145m[38;2;150;133;145m*[0m[48;2;161;140;155m[38;2;161;140;155m+[0m[48;2;161;140;155m[38;2;161;140;155m+[0m[48;2;161;140;155m[38;2;161;140;155m+[0m[48;2;161;140;155m[38;2;161;140;155m+[0m[48;2;161;140;155m[38;2;161;140;155m+[0m[48;2;119;101;114m[38;2;119;101;114m%[0m[48;2;21;13;21m[38;2;21;13;21m█[0m[48;2;24;22;27m[38;2;24;22;27m▓[0m[48;2;1;0;5m[38;2;1;0;5m█[0m[48;2;13;13;17m[38;2;13;13;17m█[0m[48;2;11;10;15m[38;2;11;10;15m█[0m[48;2;50;44;52m[38;2;50;44;52m▒[0m[48;2;146;131;143m[38;2;146;131;143m*[0m[48;2;161;140;155m[38;2;161;140;155m+[0m[48;2;161;140;155m[38;2;161;140;155m+[0m[48;2;161;140;155m[38;2;161;140;155m+[0m[48;2;161;140;155m[38;2;161;140;155m+[0m[48;2;161;140;155m[38;2;161;140;155m+[0m[48;2;161;140;155m[38;2;161;140;155m+[0m[48;2;161;140;155m[38;2;161;140;155m+[0m[48;2;161;140;155m[38;2;161;140;155m+[0m[48;2;161;140;155m[38;2;161;140;155m+[0m[48;2;161;140;155m[38;2;161;140;155m+[0m[48;2;161;140;155m[38;2;161;140;155m+[0m[48;2;160;141;155m[38;2;160;141;155m+[0m[48;2;74;63;73m[38;2;74;63;73m░[0m[48;2;21;15;24m[38;2;21;15;24m█[0m[48;2;12;8;15m[38;2;12;8;15m█[0m[48;2;212;209;213m[38;2;212;209;213m:[0m[48;2;132;131;133m[38;2;132;131;133m*[0m[48;2;30;28;32m[38;2;30;28;32m▓[0m[48;2;152;150;153m[38;2;152;150;153m+[0m[48;2;127;126;127m[38;2;127;126;127m#[0m[48;2;81;80;81m[38;2;81;80;81m@[0m[48;2;51;50;51m[38;2;51;50;51m▒[0m[48;2;67;65;68m[38;2;67;65;68m░[0m[48;2;69;65;69m[38;2;69;65;69m░[0m[48;2;84;81;84m[38;2;84;81;84m@[0m[48;2;196;196;197m[38;2;196;196;197m-[0m                            
                                         [48;2;168;167;168m[38;2;168;167;168m=[0m[48;2;56;47;52m[38;2;56;47;52m▒[0m[48;2;153;137;148m[38;2;153;137;148m*[0m[48;2;161;140;155m[38;2;161;140;155m+[0m[48;2;161;140;155m[38;2;161;140;155m+[0m[48;2;161;140;155m[38;2;161;140;155m+[0m[48;2;161;140;155m[38;2;161;140;155m+[0m[48;2;150;132;146m[38;2;150;132;146m*[0m[48;2;45;36;45m[38;2;45;36;45m▒[0m[48;2;23;19;25m[38;2;23;19;25m▓[0m[48;2;14;13;18m[38;2;14;13;18m█[0m[48;2;8;6;11m[38;2;8;6;11m█[0m[48;2;24;22;27m[38;2;24;22;27m▓[0m[48;2;10;6;13m[38;2;10;6;13m█[0m[48;2;60;53;61m[38;2;60;53;61m░[0m[48;2;159;141;155m[38;2;159;141;155m+[0m[48;2;161;140;155m[38;2;161;140;155m+[0m[48;2;161;140;155m[38;2;161;140;155m+[0m[48;2;161;140;155m[38;2;161;140;155m+[0m[48;2;161;140;155m[38;2;161;140;155m+[0m[48;2;161;140;155m[38;2;161;140;155m+[0m[48;2;161;140;155m[38;2;161;140;155m+[0m[48;2;161;140;155m[38;2;161;140;155m+[0m[48;2;161;140;155m[38;2;161;140;155m+[0m[48;2;161;140;155m[38;2;161;140;155m+[0m[48;2;161;140;155m[38;2;161;140;155m+[0m[48;2;161;140;155m[38;2;161;140;155m+[0m[48;2;157;137;151m[38;2;157;137;151m*[0m[48;2;96;82;92m[38;2;96;82;92m@[0m[48;2;32;24;31m[38;2;32;24;31m▓[0m[48;2;51;46;51m[38;2;51;46;51m▒[0m[48;2;50;48;52m[38;2;50;48;52m▒[0m[48;2;172;169;173m[38;2;172;169;173m=[0m[48;2;192;191;193m[38;2;192;191;193m-[0m[48;2;175;174;175m[38;2;175;174;175m=[0m[48;2;171;170;172m[38;2;171;170;172m=[0m[48;2;93;90;93m[38;2;93;90;93m@[0m[48;2;70;64;68m[38;2;70;64;68m░[0m[48;2;155;141;151m[38;2;155;141;151m+[0m[48;2;145;131;141m[38;2;145;131;141m*[0m[48;2;39;32;37m[38;2;39;32;37m▓[0m[48;2;228;227;228m[38;2;228;227;228m.[0m                           
                                          [48;2;114;111;112m[38;2;114;111;112m#[0m[48;2;35;26;32m[38;2;35;26;32m▓[0m[48;2;114;99;109m[38;2;114;99;109m%[0m[48;2;159;140;154m[38;2;159;140;154m+[0m[48;2;161;140;155m[38;2;161;140;155m+[0m[48;2;161;140;155m[38;2;161;140;155m+[0m[48;2;161;140;155m[38;2;161;140;155m+[0m[48;2;160;141;155m[38;2;160;141;155m+[0m[48;2;127;110;123m[38;2;127;110;123m#[0m[48;2;29;20;28m[38;2;29;20;28m▓[0m[48;2;28;21;29m[38;2;28;21;29m▓[0m[48;2;14;8;15m[38;2;14;8;15m█[0m[48;2;82;77;84m[38;2;82;77;84m@[0m[48;2;61;55;62m[38;2;61;55;62m░[0m[48;2;71;61;70m[38;2;71;61;70m░[0m[48;2;112;96;109m[38;2;112;96;109m%[0m[48;2;148;129;143m[38;2;148;129;143m*[0m[48;2;161;140;155m[38;2;161;140;155m+[0m[48;2;161;140;155m[38;2;161;140;155m+[0m[48;2;161;140;155m[38;2;161;140;155m+[0m[48;2;161;140;155m[38;2;161;140;155m+[0m[48;2;161;140;155m[38;2;161;140;155m+[0m[48;2;161;140;155m[38;2;161;140;155m+[0m[48;2;161;140;155m[38;2;161;140;155m+[0m[48;2;161;140;155m[38;2;161;140;155m+[0m[48;2;161;140;155m[38;2;161;140;155m+[0m[48;2;161;140;155m[38;2;161;140;155m+[0m[48;2;161;140;155m[38;2;161;140;155m+[0m[48;2;158;139;152m[38;2;158;139;152m*[0m[48;2;135;122;132m[38;2;135;122;132m#[0m[48;2;122;111;120m[38;2;122;111;120m#[0m[48;2;109;98;107m[38;2;109;98;107m%[0m[48;2;103;94;102m[38;2;103;94;102m%[0m[48;2;107;98;106m[38;2;107;98;106m%[0m[48;2;107;98;106m[38;2;107;98;106m%[0m[48;2;128;117;126m[38;2;128;117;126m#[0m[48;2;155;143;153m[38;2;155;143;153m+[0m[48;2;150;136;147m[38;2;150;136;147m*[0m[48;2;124;108;119m[38;2;124;108;119m#[0m[48;2;23;14;21m[38;2;23;14;21m█[0m[48;2;113;110;113m[38;2;113;110;113m#[0m                           
                                          [48;2;228;228;228m[38;2;228;228;228m.[0m[48;2;44;41;45m[38;2;44;41;45m▒[0m[48;2;81;76;80m[38;2;81;76;80m@[0m[48;2;58;47;56m[38;2;58;47;56m▒[0m[48;2;151;135;147m[38;2;151;135;147m*[0m[48;2;161;140;155m[38;2;161;140;155m+[0m[48;2;161;140;155m[38;2;161;140;155m+[0m[48;2;161;140;155m[38;2;161;140;155m+[0m[48;2;161;140;155m[38;2;161;140;155m+[0m[48;2;158;139;153m[38;2;158;139;153m*[0m[48;2;157;139;153m[38;2;157;139;153m*[0m[48;2;128;112;125m[38;2;128;112;125m#[0m[48;2;56;44;54m[38;2;56;44;54m▒[0m[48;2;88;80;87m[38;2;88;80;87m@[0m[48;2;87;81;89m[38;2;87;81;89m@[0m[48;2;17;11;18m[38;2;17;11;18m█[0m[48;2;9;2;9m[38;2;9;2;9m█[0m[48;2;47;36;46m[38;2;47;36;46m▒[0m[48;2;158;139;153m[38;2;158;139;153m*[0m[48;2;158;137;152m[38;2;158;137;152m*[0m[48;2;147;126;141m[38;2;147;126;141m*[0m[48;2;161;140;155m[38;2;161;140;155m+[0m[48;2;161;140;155m[38;2;161;140;155m+[0m[48;2;161;140;155m[38;2;161;140;155m+[0m[48;2;161;140;155m[38;2;161;140;155m+[0m[48;2;161;140;155m[38;2;161;140;155m+[0m[48;2;161;140;155m[38;2;161;140;155m+[0m[48;2;161;140;155m[38;2;161;140;155m+[0m[48;2;161;140;155m[38;2;161;140;155m+[0m[48;2;161;140;155m[38;2;161;140;155m+[0m[48;2;160;140;155m[38;2;160;140;155m+[0m[48;2;104;87;100m[38;2;104;87;100m%[0m[48;2;72;59;71m[38;2;72;59;71m░[0m[48;2;71;58;70m[38;2;71;58;70m░[0m[48;2;71;58;70m[38;2;71;58;70m░[0m[48;2;70;57;69m[38;2;70;57;69m░[0m[48;2;70;57;69m[38;2;70;57;69m░[0m[48;2;77;64;76m[38;2;77;64;76m░[0m[48;2;98;85;97m[38;2;98;85;97m@[0m[48;2;129;118;127m[38;2;129;118;127m#[0m[48;2;41;34;40m[38;2;41;34;40m▒[0m[48;2;197;194;196m[38;2;197;194;196m-[0m                          
                                           [48;2;215;214;215m[38;2;215;214;215m:[0m[48;2;92;91;94m[38;2;92;91;94m%[0m[48;2;62;59;63m[38;2;62;59;63m░[0m[48;2;64;56;63m[38;2;64;56;63m░[0m[48;2;111;96;108m[38;2;111;96;108m%[0m[48;2;158;140;154m[38;2;158;140;154m+[0m[48;2;161;141;155m[38;2;161;141;155m+[0m[48;2;161;140;155m[38;2;161;140;155m+[0m[48;2;161;140;155m[38;2;161;140;155m+[0m[48;2;161;140;155m[38;2;161;140;155m+[0m[48;2;161;140;155m[38;2;161;140;155m+[0m[48;2;159;140;154m[38;2;159;140;154m+[0m[48;2;128;111;124m[38;2;128;111;124m#[0m[48;2;92;79;91m[38;2;92;79;91m@[0m[48;2;81;68;79m[38;2;81;68;79m░[0m[48;2;120;105;117m[38;2;120;105;117m#[0m[48;2;150;134;147m[38;2;150;134;147m*[0m[48;2;160;141;155m[38;2;160;141;155m+[0m[48;2;151;131;146m[38;2;151;131;146m*[0m[48;2;68;53;65m[38;2;68;53;65m░[0m[48;2;64;52;62m[38;2;64;52;62m░[0m[48;2;96;82;93m[38;2;96;82;93m@[0m[48;2;116;100;112m[38;2;116;100;112m%[0m[48;2;78;66;78m[38;2;78;66;78m░[0m[48;2;44;36;44m[38;2;44;36;44m▒[0m[48;2;65;56;66m[38;2;65;56;66m░[0m[48;2;79;69;79m[38;2;79;69;79m░[0m[48;2;90;77;88m[38;2;90;77;88m@[0m[48;2;98;84;96m[38;2;98;84;96m@[0m[48;2;103;89;101m[38;2;103;89;101m%[0m[48;2;102;89;101m[38;2;102;89;101m%[0m[48;2;105;92;104m[38;2;105;92;104m%[0m[48;2;108;95;107m[38;2;108;95;107m%[0m[48;2;108;95;107m[38;2;108;95;107m%[0m[48;2;104;92;103m[38;2;104;92;103m%[0m[48;2;94;85;95m[38;2;94;85;95m@[0m[48;2;90;81;90m[38;2;90;81;90m@[0m[48;2;78;70;77m[38;2;78;70;77m@[0m[48;2;48;41;47m[38;2;48;41;47m▒[0m[48;2;107;102;107m[38;2;107;102;107m%[0m                           
                                              [48;2;83;80;84m[38;2;83;80;84m@[0m[48;2;9;3;11m[38;2;9;3;11m█[0m[48;2;36;28;38m[38;2;36;28;38m▓[0m[48;2;95;84;95m[38;2;95;84;95m@[0m[48;2;151;134;148m[38;2;151;134;148m*[0m[48;2;160;141;155m[38;2;160;141;155m+[0m[48;2;161;140;155m[38;2;161;140;155m+[0m[48;2;161;140;155m[38;2;161;140;155m+[0m[48;2;161;140;155m[38;2;161;140;155m+[0m[48;2;161;140;155m[38;2;161;140;155m+[0m[48;2;161;140;155m[38;2;161;140;155m+[0m[48;2;120;101;115m[38;2;120;101;115m%[0m[48;2;99;80;94m[38;2;99;80;94m@[0m[48;2;152;132;146m[38;2;152;132;146m*[0m[48;2;161;140;155m[38;2;161;140;155m+[0m[48;2;161;140;155m[38;2;161;140;155m+[0m[48;2;160;140;155m[38;2;160;140;155m+[0m[48;2;153;136;149m[38;2;153;136;149m*[0m[48;2;130;114;127m[38;2;130;114;127m#[0m[48;2;111;97;109m[38;2;111;97;109m%[0m[48;2;102;88;100m[38;2;102;88;100m%[0m[48;2;99;86;98m[38;2;99;86;98m@[0m[48;2;98;85;97m[38;2;98;85;97m@[0m[48;2;99;86;98m[38;2;99;86;98m@[0m[48;2;103;90;101m[38;2;103;90;101m%[0m[48;2;110;96;108m[38;2;110;96;108m%[0m[48;2;119;104;116m[38;2;119;104;116m#[0m[48;2;121;105;118m[38;2;121;105;118m#[0m[48;2;119;105;117m[38;2;119;105;117m#[0m[48;2;116;102;115m[38;2;116;102;115m%[0m[48;2;102;89;101m[38;2;102;89;101m%[0m[48;2;51;41;51m[38;2;51;41;51m▒[0m[48;2;61;54;62m[38;2;61;54;62m░[0m[48;2;199;196;200m[38;2;199;196;200m-[0m[48;2;230;228;231m[38;2;230;228;231m.[0m                             
                                             [48;2;116;115;117m[38;2;116;115;117m#[0m[48;2;18;16;25m[38;2;18;16;25m█[0m[48;2;15;11;24m[38;2;15;11;24m█[0m[48;2;12;8;19m[38;2;12;8;19m█[0m[48;2;33;24;61m[38;2;33;24;61m▓[0m[48;2;51;39;77m[38;2;51;39;77m▒[0m[48;2;61;51;69m[38;2;61;51;69m░[0m[48;2;86;74;89m[38;2;86;74;89m@[0m[48;2;120;105;119m[38;2;120;105;119m#[0m[48;2;148;130;144m[38;2;148;130;144m*[0m[48;2;159;140;154m[38;2;159;140;154m+[0m[48;2;160;141;155m[38;2;160;141;155m+[0m[48;2;159;140;154m[38;2;159;140;154m+[0m[48;2;119;101;115m[38;2;119;101;115m%[0m[48;2;66;52;63m[38;2;66;52;63m░[0m[48;2;50;39;50m[38;2;50;39;50m▒[0m[48;2;62;51;62m[38;2;62;51;62m░[0m[48;2;85;73;84m[38;2;85;73;84m@[0m[48;2;106;92;104m[38;2;106;92;104m%[0m[48;2;124;107;120m[38;2;124;107;120m#[0m[48;2;139;121;135m[38;2;139;121;135m#[0m[48;2;148;131;144m[38;2;148;131;144m*[0m[48;2;153;135;149m[38;2;153;135;149m*[0m[48;2;154;137;150m[38;2;154;137;150m*[0m[48;2;152;136;149m[38;2;152;136;149m*[0m[48;2;148;133;144m[38;2;148;133;144m*[0m[48;2;137;122;133m[38;2;137;122;133m#[0m[48;2;122;108;119m[38;2;122;108;119m#[0m[48;2;101;88;100m[38;2;101;88;100m%[0m[48;2;78;66;77m[38;2;78;66;77m░[0m[48;2;73;65;73m[38;2;73;65;73m░[0m[48;2;112;107;114m[38;2;112;107;114m%[0m[48;2;190;186;190m[38;2;190;186;190m-[0m                                
                                            [48;2;179;179;179m[38;2;179;179;179m=[0m[48;2;13;11;16m[38;2;13;11;16m█[0m[48;2;36;32;48m[38;2;36;32;48m▓[0m[48;2;37;32;51m[38;2;37;32;51m▓[0m[48;2;18;13;28m[38;2;18;13;28m█[0m[48;2;45;34;89m[38;2;45;34;89m▒[0m[48;2;94;80;156m[38;2;94;80;156m%[0m[48;2;99;92;134m[38;2;99;92;134m%[0m[48;2;35;20;116m[38;2;35;20;116m▓[0m[48;2;9;4;20m[38;2;9;4;20m█[0m[48;2;41;28;85m[38;2;41;28;85m▒[0m[48;2;39;30;68m[38;2;39;30;68m▒[0m[48;2;55;45;81m[38;2;55;45;81m▒[0m[48;2;66;56;75m[38;2;66;56;75m░[0m[48;2;81;70;88m[38;2;81;70;88m@[0m[48;2;97;86;98m[38;2;97;86;98m@[0m[48;2;100;90;101m[38;2;100;90;101m%[0m[48;2;75;67;76m[38;2;75;67;76m░[0m[48;2;50;43;50m[38;2;50;43;50m▒[0m[48;2;27;21;27m[38;2;27;21;27m▓[0m[48;2;7;2;7m[38;2;7;2;7m█[0m[48;2;6;0;6m[38;2;6;0;6m█[0m[48;2;4;0;6m[38;2;4;0;6m█[0m[48;2;7;2;8m[38;2;7;2;8m█[0m[48;2;8;3;11m[38;2;8;3;11m█[0m[48;2;7;2;9m[38;2;7;2;9m█[0m[48;2;9;4;12m[38;2;9;4;12m█[0m[48;2;6;3;11m[38;2;6;3;11m█[0m[48;2;7;3;13m[38;2;7;3;13m█[0m[48;2;22;18;29m[38;2;22;18;29m▓[0m[48;2;102;99;107m[38;2;102;99;107m%[0m[48;2;180;177;182m[38;2;180;177;182m=[0m[48;2;240;238;241m[38;2;240;238;241m [0m                                 
                                           [48;2;239;239;239m[38;2;239;239;239m [0m[48;2;36;34;39m[38;2;36;34;39m▓[0m[48;2;31;28;40m[38;2;31;28;40m▓[0m[48;2;36;31;51m[38;2;36;31;51m▓[0m[48;2;37;31;51m[38;2;37;31;51m▓[0m[48;2;22;18;33m[38;2;22;18;33m▓[0m[48;2;40;29;84m[38;2;40;29;84m▒[0m[48;2;91;78;154m[38;2;91;78;154m@[0m[48;2;100;94;140m[38;2;100;94;140m%[0m[48;2;56;40;149m[38;2;56;40;149m░[0m[48;2;5;1;21m[38;2;5;1;21m█[0m[48;2;28;17;68m[38;2;28;17;68m▓[0m[48;2;80;65;158m[38;2;80;65;158m@[0m[48;2;72;55;162m[38;2;72;55;162m░[0m[48;2;83;68;159m[38;2;83;68;159m@[0m[48;2;61;41;157m[38;2;61;41;157m░[0m[48;2;69;53;142m[38;2;69;53;142m░[0m[48;2;51;39;105m[38;2;51;39;105m▒[0m[48;2;12;4;39m[38;2;12;4;39m█[0m[48;2;8;3;10m[38;2;8;3;10m█[0m[48;2;23;18;28m[38;2;23;18;28m▓[0m[48;2;25;20;33m[38;2;25;20;33m▓[0m[48;2;24;19;33m[38;2;24;19;33m▓[0m[48;2;23;19;33m[38;2;23;19;33m▓[0m[48;2;24;19;33m[38;2;24;19;33m▓[0m[48;2;24;20;34m[38;2;24;20;34m▓[0m[48;2;26;21;36m[38;2;26;21;36m▓[0m[48;2;28;23;39m[38;2;28;23;39m▓[0m[48;2;35;29;47m[38;2;35;29;47m▓[0m[48;2;36;30;50m[38;2;36;30;50m▓[0m[48;2;36;31;50m[38;2;36;31;50m▓[0m[48;2;33;28;47m[38;2;33;28;47m▓[0m[48;2;26;21;37m[38;2;26;21;37m▓[0m[48;2;26;22;34m[38;2;26;22;34m▓[0m[48;2;87;84;92m[38;2;87;84;92m@[0m[48;2;177;175;178m[38;2;177;175;178m=[0m                               
                                           [48;2;141;140;142m[38;2;141;140;142m*[0m[48;2;18;17;25m[38;2;18;17;25m█[0m[48;2;36;32;49m[38;2;36;32;49m▓[0m[48;2;37;31;52m[38;2;37;31;52m▓[0m[48;2;37;31;51m[38;2;37;31;51m▓[0m[48;2;29;24;41m[38;2;29;24;41m▓[0m[48;2;19;12;45m[38;2;19;12;45m█[0m[48;2;85;74;142m[38;2;85;74;142m@[0m[48;2;93;83;153m[38;2;93;83;153m%[0m[48;2;78;65;154m[38;2;78;65;154m@[0m[48;2;17;9;62m[38;2;17;9;62m█[0m[48;2;123;121;127m[38;2;123;121;127m#[0m[48;2;29;23;52m[38;2;29;23;52m▓[0m[48;2;65;51;140m[38;2;65;51;140m░[0m[48;2;78;65;157m[38;2;78;65;157m@[0m[48;2;80;66;165m[38;2;80;66;165m@[0m[48;2;74;61;153m[38;2;74;61;153m@[0m[48;2;45;35;103m[38;2;45;35;103m▒[0m[48;2;16;12;26m[38;2;16;12;26m█[0m[48;2;51;46;54m[38;2;51;46;54m▒[0m[48;2;49;43;56m[38;2;49;43;56m▒[0m[48;2;38;33;50m[38;2;38;33;50m▓[0m[48;2;37;32;50m[38;2;37;32;50m▓[0m[48;2;37;31;52m[38;2;37;31;52m▓[0m[48;2;37;31;52m[38;2;37;31;52m▓[0m[48;2;37;31;52m[38;2;37;31;52m▓[0m[48;2;37;31;52m[38;2;37;31;52m▓[0m[48;2;37;31;52m[38;2;37;31;52m▓[0m[48;2;37;31;52m[38;2;37;31;52m▓[0m[48;2;37;31;52m[38;2;37;31;52m▓[0m[48;2;37;31;52m[38;2;37;31;52m▓[0m[48;2;37;31;52m[38;2;37;31;52m▓[0m[48;2;37;31;52m[38;2;37;31;52m▓[0m[48;2;37;31;52m[38;2;37;31;52m▓[0m[48;2;35;30;49m[38;2;35;30;49m▓[0m[48;2;25;20;35m[38;2;25;20;35m▓[0m[48;2;46;42;52m[38;2;46;42;52m▒[0m[48;2;154;153;156m[38;2;154;153;156m+[0m                             
                                           [48;2;43;43;44m[38;2;43;43;44m▒[0m[48;2;31;29;41m[38;2;31;29;41m▓[0m[48;2;37;32;50m[38;2;37;32;50m▓[0m[48;2;37;31;52m[38;2;37;31;52m▓[0m[48;2;37;31;52m[38;2;37;31;52m▓[0m[48;2;37;31;51m[38;2;37;31;51m▓[0m[48;2;23;18;35m[38;2;23;18;35m▓[0m[48;2;19;15;30m[38;2;19;15;30m█[0m[48;2;25;20;38m[38;2;25;20;38m▓[0m[48;2;37;33;55m[38;2;37;33;55m▒[0m[48;2;13;8;36m[38;2;13;8;36m█[0m[48;2;92;91;96m[38;2;92;91;96m%[0m[48;2;200;199;202m[38;2;200;199;202m-[0m[48;2;70;68;76m[38;2;70;68;76m░[0m[48;2;38;29;82m[38;2;38;29;82m▒[0m[48;2;59;51;102m[38;2;59;51;102m░[0m[48;2;49;45;65m[38;2;49;45;65m▒[0m[48;2;165;163;168m[38;2;165;163;168m+[0m[48;2;134;132;137m[38;2;134;132;137m*[0m[48;2;37;35;42m[38;2;37;35;42m▓[0m[48;2;44;40;50m[38;2;44;40;50m▒[0m[48;2;64;57;70m[38;2;64;57;70m░[0m[48;2;61;54;70m[38;2;61;54;70m░[0m[48;2;40;33;53m[38;2;40;33;53m▒[0m[48;2;37;31;52m[38;2;37;31;52m▓[0m[48;2;37;31;52m[38;2;37;31;52m▓[0m[48;2;37;31;52m[38;2;37;31;52m▓[0m[48;2;37;31;52m[38;2;37;31;52m▓[0m[48;2;37;31;52m[38;2;37;31;52m▓[0m[48;2;37;31;52m[38;2;37;31;52m▓[0m[48;2;37;31;52m[38;2;37;31;52m▓[0m[48;2;37;31;52m[38;2;37;31;52m▓[0m[48;2;37;31;52m[38;2;37;31;52m▓[0m[48;2;37;31;52m[38;2;37;31;52m▓[0m[48;2;37;31;52m[38;2;37;31;52m▓[0m[48;2;37;31;52m[38;2;37;31;52m▓[0m[48;2;37;31;51m[38;2;37;31;51m▓[0m[48;2;26;21;37m[38;2;26;21;37m▓[0m[48;2;52;49;57m[38;2;52;49;57m▒[0m[48;2;200;199;202m[38;2;200;199;202m-[0m                           
                                          [48;2;224;224;224m[38;2;224;224;224m.[0m[48;2;12;12;14m[38;2;12;12;14m█[0m[48;2;36;33;48m[38;2;36;33;48m▓[0m[48;2;37;32;50m[38;2;37;32;50m▓[0m[48;2;37;31;52m[38;2;37;31;52m▓[0m[48;2;37;31;52m[38;2;37;31;52m▓[0m[48;2;37;31;52m[38;2;37;31;52m▓[0m[48;2;37;31;52m[38;2;37;31;52m▓[0m[48;2;37;31;51m[38;2;37;31;51m▓[0m[48;2;37;32;51m[38;2;37;32;51m▓[0m[48;2;77;73;86m[38;2;77;73;86m@[0m[48;2;14;13;20m[38;2;14;13;20m█[0m[48;2;3;3;8m[38;2;3;3;8m█[0m[48;2;94;92;95m[38;2;94;92;95m%[0m[48;2;212;210;214m[38;2;212;210;214m:[0m[48;2;189;188;191m[38;2;189;188;191m-[0m[48;2;62;60;64m[38;2;62;60;64m░[0m[48;2;53;51;55m[38;2;53;51;55m▒[0m[48;2;165;164;166m[38;2;165;164;166m+[0m[48;2;239;238;241m[38;2;239;238;241m [0m[48;2;235;234;238m[38;2;235;234;238m.[0m[48;2;76;75;80m[38;2;76;75;80m@[0m[48;2;42;39;45m[38;2;42;39;45m▒[0m[48;2;30;25;35m[38;2;30;25;35m▓[0m[48;2;59;52;66m[38;2;59;52;66m░[0m[48;2;66;59;76m[38;2;66;59;76m░[0m[48;2;53;48;64m[38;2;53;48;64m▒[0m[48;2;37;31;52m[38;2;37;31;52m▓[0m[48;2;37;31;52m[38;2;37;31;52m▓[0m[48;2;37;31;52m[38;2;37;31;52m▓[0m[48;2;37;31;52m[38;2;37;31;52m▓[0m[48;2;37;31;52m[38;2;37;31;52m▓[0m[48;2;37;31;52m[38;2;37;31;52m▓[0m[48;2;37;31;52m[38;2;37;31;52m▓[0m[48;2;37;31;52m[38;2;37;31;52m▓[0m[48;2;37;31;52m[38;2;37;31;52m▓[0m[48;2;37;31;52m[38;2;37;31;52m▓[0m[48;2;37;31;52m[38;2;37;31;52m▓[0m[48;2;37;31;52m[38;2;37;31;52m▓[0m[48;2;34;29;47m[38;2;34;29;47m▓[0m[48;2;19;16;26m[38;2;19;16;26m█[0m[48;2;168;167;170m[38;2;168;167;170m=[0m                          