                                                                                                              
                                                                                                              
                                                                                                              
                                                                                                              
                                                                                                              
                                                                                                              
                                                                                                              
                                                                                                              
                                                                                                              
                                                                                                              
                                                                                                              
                                                                                                              
                                                                                                              
                                                   [48;2;186;186;187m[38;2;186;186;187m-[0m[48;2;130;130;132m[38;2;130;130;132m*[0m[48;2;92;92;95m[38;2;92;92;95m%[0m[48;2;66;65;69m[38;2;66;65;69m░[0m[48;2;57;56;60m[38;2;57;56;60m░[0m[48;2;52;51;55m[38;2;52;51;55m▒[0m[48;2;56;55;60m[38;2;56;55;60m░[0m[48;2;71;70;75m[38;2;71;70;75m░[0m[48;2;100;99;103m[38;2;100;99;103m%[0m[48;2;143;142;146m[38;2;143;142;146m*[0m[48;2;198;198;200m[38;2;198;198;200m-[0m                                                
                                                [48;2;215;215;215m[38;2;215;215;215m:[0m[48;2;100;100;102m[38;2;100;100;102m%[0m[48;2;29;27;34m[38;2;29;27;34m▓[0m[48;2;28;26;36m[38;2;28;26;36m▓[0m[48;2;39;37;51m[38;2;39;37;51m▒[0m[48;2;45;41;59m[38;2;45;41;59m▒[0m[48;2;46;42;61m[38;2;46;42;61m▒[0m[48;2;47;44;60m[38;2;47;44;60m▒[0m[48;2;48;45;62m[38;2;48;45;62m▒[0m[48;2;46;43;60m[38;2;46;43;60m▒[0m[48;2;44;42;59m[38;2;44;42;59m▒[0m[48;2;42;40;57m[38;2;42;40;57m▒[0m[48;2;36;34;51m[38;2;36;34;51m▓[0m[48;2;27;25;39m[38;2;27;25;39m▓[0m[48;2;35;33;45m[38;2;35;33;45m▓[0m[48;2;101;99;106m[38;2;101;99;106m%[0m[48;2;198;197;200m[38;2;198;197;200m-[0m                                             
                                              [48;2;236;236;236m[38;2;236;236;236m.[0m[48;2;120;119;122m[38;2;120;119;122m#[0m[48;2;25;24;31m[38;2;25;24;31m▓[0m[48;2;37;35;47m[38;2;37;35;47m▒[0m[48;2;45;42;58m[38;2;45;42;58m▒[0m[48;2;42;39;56m[38;2;42;39;56m▒[0m[48;2;34;31;45m[38;2;34;31;45m▓[0m[48;2;28;24;37m[38;2;28;24;37m▓[0m[48;2;27;24;36m[38;2;27;24;36m▓[0m[48;2;41;37;46m[38;2;41;37;46m▒[0m[48;2;46;42;51m[38;2;46;42;51m▒[0m[48;2;26;22;32m[38;2;26;22;32m▓[0m[48;2;47;43;53m[38;2;47;43;53m▒[0m[48;2;66;62;74m[38;2;66;62;74m░[0m[48;2;66;61;74m[38;2;66;61;74m░[0m[48;2;49;46;60m[38;2;49;46;60m▒[0m[48;2;46;42;58m[38;2;46;42;58m▒[0m[48;2;42;38;52m[38;2;42;38;52m▒[0m[48;2;25;23;34m[38;2;25;23;34m▓[0m[48;2;71;70;74m[38;2;71;70;74m░[0m[48;2;205;205;205m[38;2;205;205;205m:[0m                                           
                                             [48;2;189;189;190m[38;2;189;189;190m-[0m[48;2;36;34;40m[38;2;36;34;40m▓[0m[48;2;36;34;47m[38;2;36;34;47m▓[0m[48;2;45;42;58m[38;2;45;42;58m▒[0m[48;2;34;31;46m[38;2;34;31;46m▓[0m[48;2;25;20;34m[38;2;25;20;34m▓[0m[48;2;70;62;74m[38;2;70;62;74m░[0m[48;2;107;94;106m[38;2;107;94;106m%[0m[48;2;135;121;132m[38;2;135;121;132m#[0m[48;2;150;134;146m[38;2;150;134;146m*[0m[48;2;154;139;149m[38;2;154;139;149m*[0m[48;2;148;133;143m[38;2;148;133;143m*[0m[48;2;130;115;126m[38;2;130;115;126m#[0m[48;2;105;91;101m[38;2;105;91;101m%[0m[48;2;77;66;76m[38;2;77;66;76m░[0m[48;2;37;30;36m[38;2;37;30;36m▓[0m[48;2;55;48;55m[38;2;55;48;55m▒[0m[48;2;66;58;66m[38;2;66;58;66m░[0m[48;2;67;59;67m[38;2;67;59;67m░[0m[48;2;53;46;53m[38;2;53;46;53m▒[0m[48;2;26;20;25m[38;2;26;20;25m▓[0m[48;2;8;7;9m[38;2;8;7;9m█[0m[48;2;142;142;143m[38;2;142;142;143m*[0m                                          
                                            [48;2;173;173;174m[38;2;173;173;174m=[0m[48;2;20;19;24m[38;2;20;19;24m▓[0m[48;2;43;40;53m[38;2;43;40;53m▒[0m[48;2;42;39;53m[38;2;42;39;53m▒[0m[48;2;22;19;30m[38;2;22;19;30m▓[0m[48;2;53;47;56m[38;2;53;47;56m▒[0m[48;2;142;129;141m[38;2;142;129;141m*[0m[48;2;158;140;154m[38;2;158;140;154m+[0m[48;2;161;140;155m[38;2;161;140;155m+[0m[48;2;161;140;155m[38;2;161;140;155m+[0m[48;2;116;98;112m[38;2;116;98;112m%[0m[48;2;72;57;67m[38;2;72;57;67m░[0m[48;2;78;64;74m[38;2;78;64;74m░[0m[48;2;85;71;81m[38;2;85;71;81m@[0m[48;2;90;75;85m[38;2;90;75;85m@[0m[48;2;155;137;149m[38;2;155;137;149m*[0m[48;2;158;140;152m[38;2;158;140;152m+[0m[48;2;161;142;154m[38;2;161;142;154m+[0m[48;2;162;142;154m[38;2;162;142;154m+[0m[48;2;151;133;145m[38;2;151;133;145m*[0m[48;2;72;58;68m[38;2;72;58;68m░[0m[48;2;80;70;77m[38;2;80;70;77m@[0m[48;2;85;79;84m[38;2;85;79;84m@[0m[48;2;35;30;34m[38;2;35;30;34m▓[0m[48;2;134;132;134m[38;2;134;132;134m*[0m                                         
                                           [48;2;204;204;204m[38;2;204;204;204m:[0m[48;2;20;19;24m[38;2;20;19;24m▓[0m[48;2;42;40;51m[38;2;42;40;51m▒[0m[48;2;25;23;33m[38;2;25;23;33m▓[0m[48;2;23;18;28m[38;2;23;18;28m▓[0m[48;2;118;105;117m[38;2;118;105;117m#[0m[48;2;158;140;154m[38;2;158;140;154m+[0m[48;2;160;141;155m[38;2;160;141;155m+[0m[48;2;161;140;155m[38;2;161;140;155m+[0m[48;2;161;140;155m[38;2;161;140;155m+[0m[48;2;161;140;155m[38;2;161;140;155m+[0m[48;2;161;140;155m[38;2;161;140;155m+[0m[48;2;161;140;155m[38;2;161;140;155m+[0m[48;2;161;140;155m[38;2;161;140;155m+[0m[48;2;161;140;155m[38;2;161;140;155m+[0m[48;2;161;140;155m[38;2;161;140;155m+[0m[48;2;161;140;155m[38;2;161;140;155m+[0m[48;2;161;140;155m[38;2;161;140;155m+[0m[48;2;161;140;155m[38;2;161;140;155m+[0m[48;2;161;140;155m[38;2;161;140;155m+[0m[48;2;161;140;155m[38;2;161;140;155m+[0m[48;2;161;141;155m[38;2;161;141;155m+[0m[48;2;140;123;136m[38;2;140;123;136m*[0m[48;2;109;95;105m[38;2;109;95;105m%[0m[48;2;115;103;112m[38;2;115;103;112m%[0m[48;2;15;10;15m[38;2;15;10;15m█[0m[48;2;54;53;57m[38;2;54;53;57m▒[0m[48;2;95;93;101m[38;2;95;93;101m%[0m[48;2;208;208;208m[38;2;208;208;208m:[0m                                      
                                           [48;2;53;53;54m[38;2;53;53;54m▒[0m[48;2;32;30;37m[38;2;32;30;37m▓[0m[48;2;12;10;18m[38;2;12;10;18m█[0m[48;2;22;18;24m[38;2;22;18;24m▓[0m[48;2;136;122;133m[38;2;136;122;133m#[0m[48;2;160;140;154m[38;2;160;140;154m+[0m[48;2;161;140;155m[38;2;161;140;155m+[0m[48;2;161;140;155m[38;2;161;140;155m+[0m[48;2;161;140;155m[38;2;161;140;155m+[0m[48;2;159;139;154m[38;2;159;139;154m+[0m[48;2;159;138;153m[38;2;159;138;153m*[0m[48;2;159;138;153m[38;2;159;138;153m*[0m[48;2;159;138;153m[38;2;159;138;153m*[0m[48;2;160;139;154m[38;2;160;139;154m+[0m[48;2;161;140;155m[38;2;161;140;155m+[0m[48;2;161;140;155m[38;2;161;140;155m+[0m[48;2;161;140;155m[38;2;161;140;155m+[0m[48;2;161;140;155m[38;2;161;140;155m+[0m[48;2;161;140;155m[38;2;161;140;155m+[0m[48;2;161;140;155m[38;2;161;140;155m+[0m[48;2;161;140;155m[38;2;161;140;155m+[0m[48;2;149;129;143m[38;2;149;129;143m*[0m[48;2;137;117;132m[38;2;137;117;132m#[0m[48;2;160;140;155m[38;2;160;140;155m+[0m[48;2;159;141;154m[38;2;159;141;154m+[0m[48;2;124;111;122m[38;2;124;111;122m#[0m[48;2;12;7;14m[38;2;12;7;14m█[0m[48;2;53;45;77m[38;2;53;45;77m▒[0m[48;2;85;84;86m[38;2;85;84;86m@[0m                                      
                                          [48;2;176;176;176m[38;2;176;176;176m=[0m[48;2;12;11;13m[38;2;12;11;13m█[0m[48;2;21;20;26m[38;2;21;20;26m▓[0m[48;2;17;13;21m[38;2;17;13;21m█[0m[48;2;125;113;123m[38;2;125;113;123m#[0m[48;2;161;142;156m[38;2;161;142;156m+[0m[48;2;161;140;155m[38;2;161;140;155m+[0m[48;2;161;140;155m[38;2;161;140;155m+[0m[48;2;160;141;155m[38;2;160;141;155m+[0m[48;2;129;113;126m[38;2;129;113;126m#[0m[48;2;54;41;51m[38;2;54;41;51m▒[0m[48;2;114;99;110m[38;2;114;99;110m%[0m[48;2;53;38;48m[38;2;53;38;48m▒[0m[48;2;157;140;153m[38;2;157;140;153m+[0m[48;2;99;82;95m[38;2;99;82;95m@[0m[48;2;138;118;133m[38;2;138;118;133m#[0m[48;2;161;140;155m[38;2;161;140;155m+[0m[48;2;161;140;155m[38;2;161;140;155m+[0m[48;2;161;140;155m[38;2;161;140;155m+[0m[48;2;161;140;155m[38;2;161;140;155m+[0m[48;2;149;129;143m[38;2;149;129;143m*[0m[48;2;133;115;129m[38;2;133;115;129m#[0m[48;2;130;113;126m[38;2;130;113;126m#[0m[48;2;51;37;48m[38;2;51;37;48m▒[0m[48;2;158;139;153m[38;2;158;139;153m*[0m[48;2;160;140;154m[38;2;160;140;154m+[0m[48;2;160;141;155m[38;2;160;141;155m+[0m[48;2;94;81;93m[38;2;94;81;93m@[0m[48;2;13;6;15m[38;2;13;6;15m█[0m[48;2;37;30;54m[38;2;37;30;54m▓[0m[48;2;194;193;195m[38;2;194;193;195m-[0m                                     
                                          [48;2;94;94;94m[38;2;94;94;94m%[0m[48;2;10;9;11m[38;2;10;9;11m█[0m[48;2;86;83;89m[38;2;86;83;89m@[0m[48;2;54;47;55m[38;2;54;47;55m▒[0m[48;2;159;143;156m[38;2;159;143;156m+[0m[48;2;162;141;156m[38;2;162;141;156m+[0m[48;2;161;140;155m[38;2;161;140;155m+[0m[48;2;161;140;155m[38;2;161;140;155m+[0m[48;2;149;131;144m[38;2;149;131;144m*[0m[48;2;33;24;32m[38;2;33;24;32m▓[0m[48;2;55;50;56m[38;2;55;50;56m▒[0m[48;2;11;7;12m[38;2;11;7;12m█[0m[48;2;101;93;101m[38;2;101;93;101m%[0m[48;2;107;94;104m[38;2;107;94;104m%[0m[48;2;41;30;38m[38;2;41;30;38m▓[0m[48;2;133;117;129m[38;2;133;117;129m#[0m[48;2;160;140;155m[38;2;160;140;155m+[0m[48;2;161;140;155m[38;2;161;140;155m+[0m[48;2;161;140;155m[38;2;161;140;155m+[0m[48;2;161;140;155m[38;2;161;140;155m+[0m[48;2;112;94;108m[38;2;112;94;108m%[0m[48;2;63;50;62m[38;2;63;50;62m░[0m[48;2;155;141;154m[38;2;155;141;154m+[0m[48;2;54;43;54m[38;2;54;43;54m▒[0m[48;2;119;104;117m[38;2;119;104;117m#[0m[48;2;160;141;155m[38;2;160;141;155m+[0m[48;2;160;141;155m[38;2;160;141;155m+[0m[48;2;157;138;152m[38;2;157;138;152m*[0m[48;2;38;27;37m[38;2;38;27;37m▓[0m[48;2;27;18;37m[38;2;27;18;37m▓[0m[48;2;189;187;190m[38;2;189;187;190m-[0m                                     
                                          [48;2;49;49;49m[38;2;49;49;49m▒[0m[48;2;90;84;89m[38;2;90;84;89m@[0m[48;2;76;68;76m[38;2;76;68;76m░[0m[48;2;100;88;98m[38;2;100;88;98m%[0m[48;2;160;142;155m[38;2;160;142;155m+[0m[48;2;161;140;155m[38;2;161;140;155m+[0m[48;2;161;140;155m[38;2;161;140;155m+[0m[48;2;161;140;155m[38;2;161;140;155m+[0m[48;2;80;65;77m[38;2;80;65;77m░[0m[48;2;8;0;6m[38;2;8;0;6m█[0m[48;2;60;55;58m[38;2;60;55;58m░[0m[48;2;21;18;20m[38;2;21;18;20m▓[0m[48;2;88;82;88m[38;2;88;82;88m@[0m[48;2;26;20;27m[38;2;26;20;27m▓[0m[48;2;19;14;21m[38;2;19;14;21m█[0m[48;2;7;1;7m[38;2;7;1;7m█[0m[48;2;63;53;62m[38;2;63;53;62m░[0m[48;2;153;137;149m[38;2;153;137;149m*[0m[48;2;159;141;154m[38;2;159;141;154m+[0m[48;2;159;141;154m[38;2;159;141;154m+[0m[48;2;136;120;133m[38;2;136;120;133m#[0m[48;2;11;2;11m[38;2;11;2;11m█[0m[48;2;89;77;87m[38;2;89;77;87m@[0m[48;2;131;119;129m[38;2;131;119;129m#[0m[48;2;26;16;24m[38;2;26;16;24m▓[0m[48;2;99;86;97m[38;2;99;86;97m@[0m[48;2;152;137;149m[38;2;152;137;149m*[0m[48;2;133;117;129m[38;2;133;117;129m#[0m[48;2;125;111;121m[38;2;125;111;121m#[0m[48;2;42;35;40m[38;2;42;35;40m▒[0m[48;2;118;115;119m[38;2;118;115;119m#[0m[48;2;216;214;216m[38;2;216;214;216m:[0m                                    
                                         [48;2;235;235;235m[38;2;235;235;235m.[0m[48;2;30;28;29m[38;2;30;28;29m▓[0m[48;2;151;140;147m[38;2;151;140;147m*[0m[48;2;67;58;66m[38;2;67;58;66m░[0m[48;2;112;100;110m[38;2;112;100;110m%[0m[48;2;160;141;155m[38;2;160;141;155m+[0m[48;2;161;140;155m[38;2;161;140;155m+[0m[48;2;161;140;155m[38;2;161;140;155m+[0m[48;2;160;139;154m[38;2;160;139;154m+[0m[48;2;38;25;35m[38;2;38;25;35m▓[0m[48;2;83;73;79m[38;2;83;73;79m@[0m[48;2;214;204;206m[38;2;214;204;206m:[0m[48;2;71;62;66m[38;2;71;62;66m░[0m[48;2;52;28;103m[38;2;52;28;103m▒[0m[48;2;61;30;131m[38;2;61;30;131m▒[0m[48;2;33;14;74m[38;2;33;14;74m▓[0m[48;2;95;88;92m[38;2;95;88;92m@[0m[48;2;151;144;144m[38;2;151;144;144m*[0m[48;2;109;99;101m[38;2;109;99;101m%[0m[48;2;104;94;96m[38;2;104;94;96m%[0m[48;2;103;93;95m[38;2;103;93;95m%[0m[48;2;86;76;80m[38;2;86;76;80m@[0m[48;2;13;4;18m[38;2;13;4;18m█[0m[48;2;33;13;67m[38;2;33;13;67m▓[0m[48;2;48;28;78m[38;2;48;28;78m▒[0m[48;2;22;12;28m[38;2;22;12;28m█[0m[48;2;23;17;23m[38;2;23;17;23m▓[0m[48;2;19;12;18m[38;2;19;12;18m█[0m[48;2;22;16;21m[38;2;22;16;21m▓[0m[48;2;29;23;29m[38;2;29;23;29m▓[0m[48;2;52;46;52m[38;2;52;46;52m▒[0m[48;2;47;42;47m[38;2;47;42;47m▒[0m[48;2;13;10;13m[38;2;13;10;13m█[0m[48;2;137;136;137m[38;2;137;136;137m*[0m                                   
                                         [48;2;182;182;182m[38;2;182;182;182m=[0m[48;2;61;56;59m[38;2;61;56;59m░[0m[48;2;158;143;153m[38;2;158;143;153m+[0m[48;2;89;78;86m[38;2;89;78;86m@[0m[48;2;87;76;85m[38;2;87;76;85m@[0m[48;2;161;141;155m[38;2;161;141;155m+[0m[48;2;161;140;155m[38;2;161;140;155m+[0m[48;2;161;140;155m[38;2;161;140;155m+[0m[48;2;158;139;153m[38;2;158;139;153m*[0m[48;2;35;24;31m[38;2;35;24;31m▓[0m[48;2;243;231;236m[38;2;243;231;236m.[0m[48;2;248;236;237m[38;2;248;236;237m [0m[48;2;51;38;44m[38;2;51;38;44m▒[0m[48;2;178;151;196m[38;2;178;151;196m+[0m[48;2;149;102;185m[38;2;149;102;185m#[0m[48;2;63;35;83m[38;2;63;35;83m▒[0m[48;2;161;151;150m[38;2;161;151;150m+[0m[48;2;249;237;231m[38;2;249;237;231m [0m[48;2;250;237;231m[38;2;250;237;231m [0m[48;2;251;237;231m[38;2;251;237;231m [0m[48;2;252;237;231m[38;2;252;237;231m [0m[48;2;192;179;177m[38;2;192;179;177m=[0m[48;2;32;17;42m[38;2;32;17;42m▓[0m[48;2;110;76;172m[38;2;110;76;172m%[0m[48;2;77;37;149m[38;2;77;37;149m░[0m[48;2;37;25;45m[38;2;37;25;45m▓[0m[48;2;221;213;213m[38;2;221;213;213m:[0m[48;2;60;52;54m[38;2;60;52;54m▒[0m[48;2;141;138;138m[38;2;141;138;138m*[0m[48;2;11;8;9m[38;2;11;8;9m█[0m[48;2;31;26;29m[38;2;31;26;29m▓[0m[48;2;129;125;129m[38;2;129;125;129m#[0m[48;2;236;234;238m[38;2;236;234;238m.[0m                                    
                                         [48;2;177;177;177m[38;2;177;177;177m=[0m[48;2;65;59;63m[38;2;65;59;63m░[0m[48;2;158;143;153m[38;2;158;143;153m+[0m[48;2;147;134;143m[38;2;147;134;143m*[0m[48;2;23;15;22m[38;2;23;15;22m█[0m[48;2;131;115;127m[38;2;131;115;127m#[0m[48;2;160;141;155m[38;2;160;141;155m+[0m[48;2;161;140;155m[38;2;161;140;155m+[0m[48;2;160;140;155m[38;2;160;140;155m+[0m[48;2;39;27;36m[38;2;39;27;36m▓[0m[48;2;213;195;197m[38;2;213;195;197m-[0m[48;2;247;227;225m[38;2;247;227;225m.[0m[48;2;93;80;82m[38;2;93;80;82m@[0m[48;2;140;113;139m[38;2;140;113;139m#[0m[48;2;165;122;165m[38;2;165;122;165m*[0m[48;2;63;47;63m[38;2;63;47;63m▒[0m[48;2;238;226;222m[38;2;238;226;222m.[0m[48;2;249;235;226m[38;2;249;235;226m [0m[48;2;250;235;226m[38;2;250;235;226m [0m[48;2;250;235;226m[38;2;250;235;226m [0m[48;2;250;234;227m[38;2;250;234;227m [0m[48;2;218;204;201m[38;2;218;204;201m:[0m[48;2;50;36;46m[38;2;50;36;46m▒[0m[48;2;214;171;221m[38;2;214;171;221m-[0m[48;2;113;79;122m[38;2;113;79;122m%[0m[48;2;122;110;113m[38;2;122;110;113m#[0m[48;2;247;233;229m[38;2;247;233;229m.[0m[48;2;243;230;228m[38;2;243;230;228m.[0m[48;2;174;165;163m[38;2;174;165;163m=[0m[48;2;58;50;53m[38;2;58;50;53m▒[0m[48;2;67;57;64m[38;2;67;57;64m░[0m[48;2;77;71;76m[38;2;77;71;76m@[0m                                     
                                         [48;2;232;232;232m[38;2;232;232;232m.[0m[48;2;42;37;40m[38;2;42;37;40m▒[0m[48;2;112;100;108m[38;2;112;100;108m%[0m[48;2;80;69;77m[38;2;80;69;77m@[0m[48;2;11;4;10m[38;2;11;4;10m█[0m[48;2;12;6;11m[38;2;12;6;11m█[0m[48;2;78;67;76m[38;2;78;67;76m░[0m[48;2;130;114;125m[38;2;130;114;125m#[0m[48;2;154;138;150m[38;2;154;138;150m*[0m[48;2;106;94;102m[38;2;106;94;102m%[0m[48;2;80;67;70m[38;2;80;67;70m░[0m[48;2;237;224;221m[38;2;237;224;221m.[0m[48;2;234;221;218m[38;2;234;221;218m.[0m[48;2;149;137;136m[38;2;149;137;136m*[0m[48;2;147;134;135m[38;2;147;134;135m*[0m[48;2;229;215;213m[38;2;229;215;213m:[0m[48;2;250;234;228m[38;2;250;234;228m [0m[48;2;247;232;223m[38;2;247;232;223m.[0m[48;2;174;159;151m[38;2;174;159;151m+[0m[48;2;223;208;199m[38;2;223;208;199m:[0m[48;2;250;235;226m[38;2;250;235;226m [0m[48;2;249;234;227m[38;2;249;234;227m.[0m[48;2;138;123;121m[38;2;138;123;121m#[0m[48;2;93;74;81m[38;2;93;74;81m@[0m[48;2;110;94;98m[38;2;110;94;98m%[0m[48;2;238;223;218m[38;2;238;223;218m.[0m[48;2;242;212;201m[38;2;242;212;201m.[0m[48;2;244;216;207m[38;2;244;216;207m.[0m[48;2;176;165;163m[38;2;176;165;163m=[0m[48;2;65;55;58m[38;2;65;55;58m░[0m[48;2;145;132;140m[38;2;145;132;140m*[0m[48;2;36;28;34m[38;2;36;28;34m▓[0m                                     
                                          [48;2;72;70;71m[38;2;72;70;71m░[0m[48;2;36;33;34m[38;2;36;33;34m▓[0m[48;2;119;115;116m[38;2;119;115;116m#[0m[48;2;227;216;218m[38;2;227;216;218m.[0m[48;2;174;163;164m[38;2;174;163;164m=[0m[48;2;16;10;11m[38;2;16;10;11m█[0m[48;2;3;1;2m[38;2;3;1;2m█[0m[48;2;16;14;15m[38;2;16;14;15m█[0m[48;2;91;87;89m[38;2;91;87;89m@[0m[48;2;69;64;64m[38;2;69;64;64m░[0m[48;2;78;71;71m[38;2;78;71;71m░[0m[48;2;180;168;165m[38;2;180;168;165m=[0m[48;2;250;236;231m[38;2;250;236;231m [0m[48;2;250;235;228m[38;2;250;235;228m [0m[48;2;250;234;228m[38;2;250;234;228m [0m[48;2;250;235;226m[38;2;250;235;226m [0m[48;2;249;234;225m[38;2;249;234;225m.[0m[48;2;200;185;177m[38;2;200;185;177m-[0m[48;2;227;212;203m[38;2;227;212;203m:[0m[48;2;250;235;226m[38;2;250;235;226m [0m[48;2;250;235;226m[38;2;250;235;226m [0m[48;2;250;235;226m[38;2;250;235;226m [0m[48;2;250;235;226m[38;2;250;235;226m [0m[48;2;250;234;227m[38;2;250;234;227m [0m[48;2;244;224;217m[38;2;244;224;217m.[0m[48;2;241;214;203m[38;2;241;214;203m.[0m[48;2;248;225;220m[38;2;248;225;220m.[0m[48;2;133;122;122m[38;2;133;122;122m#[0m[48;2;37;31;32m[38;2;37;31;32m▓[0m[48;2;33;26;29m[38;2;33;26;29m▓[0m[48;2;185;180;183m[38;2;185;180;183m=[0m                                     
                                         [48;2;166;166;166m[38;2;166;166;166m=[0m[48;2;86;85;86m[38;2;86;85;86m@[0m[48;2;194;192;193m[38;2;194;192;193m-[0m[48;2;79;76;77m[38;2;79;76;77m@[0m[48;2;116;109;111m[38;2;116;109;111m#[0m[48;2;223;215;215m[38;2;223;215;215m:[0m[48;2;112;105;107m[38;2;112;105;107m%[0m[48;2;82;78;80m[38;2;82;78;80m@[0m[48;2;8;7;7m[38;2;8;7;7m█[0m[48;2;74;70;71m[38;2;74;70;71m░[0m[48;2;212;205;203m[38;2;212;205;203m:[0m[48;2;247;238;235m[38;2;247;238;235m [0m[48;2;249;237;233m[38;2;249;237;233m [0m[48;2;249;235;230m[38;2;249;235;230m [0m[48;2;250;235;230m[38;2;250;235;230m [0m[48;2;251;235;230m[38;2;251;235;230m [0m[48;2;250;235;227m[38;2;250;235;227m [0m[48;2;250;235;227m[38;2;250;235;227m [0m[48;2;250;235;226m[38;2;250;235;226m [0m[48;2;250;235;226m[38;2;250;235;226m [0m[48;2;250;235;226m[38;2;250;235;226m [0m[48;2;250;235;226m[38;2;250;235;226m [0m[48;2;250;235;227m[38;2;250;235;227m [0m[48;2;250;234;227m[38;2;250;234;227m [0m[48;2;250;234;227m[38;2;250;234;227m [0m[48;2;251;235;231m[38;2;251;235;231m [0m[48;2;249;235;231m[38;2;249;235;231m [0m[48;2;185;172;170m[38;2;185;172;170m=[0m[48;2;47;37;37m[38;2;47;37;37m▒[0m[48;2;96;90;92m[38;2;96;90;92m%[0m[48;2;56;53;54m[38;2;56;53;54m▒[0m                                      
                                         [48;2;118;118;118m[38;2;118;118;118m#[0m[48;2;116;114;116m[38;2;116;114;116m#[0m[48;2;202;201;204m[38;2;202;201;204m:[0m[48;2;145;143;146m[38;2;145;143;146m*[0m[48;2;2;1;3m[38;2;2;1;3m█[0m[48;2;12;10;13m[38;2;12;10;13m█[0m[48;2;32;29;32m[38;2;32;29;32m▓[0m[48;2;113;111;112m[38;2;113;111;112m#[0m[48;2;136;134;135m[38;2;136;134;135m*[0m[48;2;40;38;39m[38;2;40;38;39m▒[0m[48;2;52;50;50m[38;2;52;50;50m▒[0m[48;2;25;23;23m[38;2;25;23;23m▓[0m[48;2;49;44;44m[38;2;49;44;44m▒[0m[48;2;74;69;69m[38;2;74;69;69m░[0m[48;2;97;92;94m[38;2;97;92;94m%[0m[48;2;116;109;111m[38;2;116;109;111m#[0m[48;2;135;126;127m[38;2;135;126;127m*[0m[48;2;153;143;143m[38;2;153;143;143m*[0m[48;2;167;157;156m[38;2;167;157;156m+[0m[48;2;176;167;165m[38;2;176;167;165m=[0m[48;2;182;174;172m[38;2;182;174;172m=[0m[48;2;183;175;173m[38;2;183;175;173m=[0m[48;2;178;169;168m[38;2;178;169;168m=[0m[48;2;168;158;157m[38;2;168;158;157m+[0m[48;2;147;138;136m[38;2;147;138;136m*[0m[48;2;114;105;104m[38;2;114;105;104m%[0m[48;2;60;51;56m[38;2;60;51;56m▒[0m[48;2;20;13;21m[38;2;20;13;21m█[0m[48;2;15;9;16m[38;2;15;9;16m█[0m[48;2;29;25;29m[38;2;29;25;29m▓[0m[48;2;215;213;215m[38;2;215;213;215m:[0m                                      
                                       [48;2;164;163;164m[38;2;164;163;164m+[0m[48;2;70;66;68m[38;2;70;66;68m░[0m[48;2;49;43;47m[38;2;49;43;47m▒[0m[48;2;103;100;104m[38;2;103;100;104m%[0m[48;2;202;200;204m[38;2;202;200;204m-[0m[48;2;137;136;139m[38;2;137;136;139m*[0m[48;2;2;2;4m[38;2;2;2;4m█[0m[48;2;10;9;12m[38;2;10;9;12m█[0m[48;2;6;4;8m[38;2;6;4;8m█[0m[48;2;120;117;122m[38;2;120;117;122m#[0m [48;2;41;39;42m[38;2;41;39;42m▒[0m[48;2;9;7;9m[38;2;9;7;9m█[0m[48;2;14;13;16m[38;2;14;13;16m█[0m[48;2;2;1;6m[38;2;2;1;6m█[0m[48;2;4;2;8m[38;2;4;2;8m█[0m[48;2;20;18;24m[38;2;20;18;24m▓[0m[48;2;31;29;38m[38;2;31;29;38m▓[0m[48;2;27;25;34m[38;2;27;25;34m▓[0m[48;2;24;20;30m[38;2;24;20;30m▓[0m[48;2;111;108;114m[38;2;111;108;114m%[0m[48;2;60;56;61m[38;2;60;56;61m░[0m[48;2;20;17;20m[38;2;20;17;20m█[0m[48;2;62;58;60m[38;2;62;58;60m░[0m[48;2;72;68;70m[38;2;72;68;70m░[0m[48;2;12;8;10m[38;2;12;8;10m█[0m[48;2;7;5;7m[38;2;7;5;7m█[0m[48;2;5;3;7m[38;2;5;3;7m█[0m[48;2;33;29;41m[38;2;33;29;41m▓[0m[48;2;29;24;39m[38;2;29;24;39m▓[0m[48;2;6;4;12m[38;2;6;4;12m█[0m[48;2;53;50;55m[38;2;53;50;55m▒[0m                                       
                                     [48;2;226;225;226m[38;2;226;225;226m.[0m[48;2;75;73;74m[38;2;75;73;74m@[0m[48;2;91;84;91m[38;2;91;84;91m@[0m[48;2;152;135;147m[38;2;152;135;147m*[0m[48;2;142;124;135m[38;2;142;124;135m*[0m[48;2;42;37;43m[38;2;42;37;43m▒[0m[48;2;192;191;194m[38;2;192;191;194m-[0m[48;2;188;187;190m[38;2;188;187;190m-[0m[48;2;23;22;25m[38;2;23;22;25m▓[0m[48;2;8;7;10m[38;2;8;7;10m█[0m[48;2;13;12;15m[38;2;13;12;15m█[0m[48;2;205;203;207m[38;2;205;203;207m:[0m[48;2;227;225;229m[38;2;227;225;229m.[0m[48;2;25;22;28m[38;2;25;22;28m▓[0m[48;2;13;11;17m[38;2;13;11;17m█[0m[48;2;24;22;31m[38;2;24;22;31m▓[0m[48;2;26;23;36m[38;2;26;23;36m▓[0m[48;2;28;25;34m[38;2;28;25;34m▓[0m[48;2;22;20;27m[38;2;22;20;27m▓[0m[48;2;6;4;12m[38;2;6;4;12m█[0m[48;2;44;42;50m[38;2;44;42;50m▒[0m[48;2;15;14;20m[38;2;15;14;20m█[0m[48;2;5;4;9m[38;2;5;4;9m█[0m[48;2;54;51;56m[38;2;54;51;56m▒[0m[48;2;178;175;179m[38;2;178;175;179m=[0m[48;2;77;74;78m[38;2;77;74;78m@[0m[48;2;44;41;44m[38;2;44;41;44m▒[0m[48;2;19;15;17m[38;2;19;15;17m█[0m[48;2;76;71;65m[38;2;76;71;65m░[0m[48;2;9;5;8m[38;2;9;5;8m█[0m[48;2;32;28;41m[38;2;32;28;41m▓[0m[48;2;23;19;32m[38;2;23;19;32m▓[0m[48;2;164;161;167m[38;2;164;161;167m+[0m[48;2;241;239;242m[38;2;241;239;242m [0m                                       
                                    [48;2;236;236;236m[38;2;236;236;236m.[0m[48;2;49;44;47m[38;2;49;44;47m▒[0m[48;2;128;115;124m[38;2;128;115;124m#[0m[48;2;157;141;151m[38;2;157;141;151m+[0m[48;2;157;138;150m[38;2;157;138;150m*[0m[48;2;144;128;139m[38;2;144;128;139m*[0m[48;2;54;49;56m[38;2;54;49;56m▒[0m[48;2;52;51;54m[38;2;52;51;54m▒[0m[48;2;157;156;159m[38;2;157;156;159m+[0m[48;2;108;107;110m[38;2;108;107;110m%[0m[48;2;12;11;14m[38;2;12;11;14m█[0m[48;2;140;139;142m[38;2;140;139;142m*[0m[48;2;153;152;155m[38;2;153;152;155m+[0m[48;2;42;40;45m[38;2;42;40;45m▒[0m[48;2;26;22;33m[38;2;26;22;33m▓[0m[48;2;18;14;24m[38;2;18;14;24m█[0m[48;2;19;15;27m[38;2;19;15;27m█[0m[48;2;36;31;49m[38;2;36;31;49m▓[0m[48;2;37;32;50m[38;2;37;32;50m▓[0m[48;2;37;32;49m[38;2;37;32;49m▓[0m[48;2;25;20;36m[38;2;25;20;36m▓[0m[48;2;15;12;22m[38;2;15;12;22m█[0m[48;2;69;66;62m[38;2;69;66;62m░[0m[48;2;43;39;32m[38;2;43;39;32m▒[0m[48;2;14;9;11m[38;2;14;9;11m█[0m[48;2;5;0;4m[38;2;5;0;4m█[0m[48;2;7;3;4m[38;2;7;3;4m█[0m[48;2;76;70;66m[38;2;76;70;66m░[0m[48;2;37;30;29m[38;2;37;30;29m▓[0m[48;2;131;124;111m[38;2;131;124;111m#[0m[48;2;8;3;8m[38;2;8;3;8m█[0m[48;2;22;19;27m[38;2;22;19;27m▓[0m[48;2;179;177;184m[38;2;179;177;184m=[0m                                         
                                    [48;2;140;139;140m[38;2;140;139;140m*[0m[48;2;82;74;79m[38;2;82;74;79m@[0m[48;2;158;141;152m[38;2;158;141;152m+[0m[48;2;159;141;152m[38;2;159;141;152m+[0m[48;2;113;99;108m[38;2;113;99;108m%[0m[48;2;73;64;72m[38;2;73;64;72m░[0m[48;2;188;184;189m[38;2;188;184;189m-[0m[48;2;134;131;135m[38;2;134;131;135m*[0m[48;2;22;17;21m[38;2;22;17;21m▓[0m[48;2;60;54;59m[38;2;60;54;59m░[0m[48;2;43;36;41m[38;2;43;36;41m▒[0m[48;2;31;26;31m[38;2;31;26;31m▓[0m[48;2;7;6;10m[38;2;7;6;10m█[0m[48;2;14;12;21m[38;2;14;12;21m█[0m[48;2;16;13;27m[38;2;16;13;27m█[0m[48;2;24;19;35m[38;2;24;19;35m▓[0m[48;2;36;30;49m[38;2;36;30;49m▓[0m[48;2;37;31;52m[38;2;37;31;52m▓[0m[48;2;37;31;52m[38;2;37;31;52m▓[0m[48;2;37;31;52m[38;2;37;31;52m▓[0m[48;2;35;29;50m[38;2;35;29;50m▓[0m[48;2;25;21;36m[38;2;25;21;36m▓[0m[48;2;90;82;74m[38;2;90;82;74m@[0m[48;2;224;209;166m[38;2;224;209;166m:[0m[48;2;196;179;137m[38;2;196;179;137m=[0m[48;2;133;116;85m[38;2;133;116;85m#[0m[48;2;172;155;119m[38;2;172;155;119m+[0m[48;2;222;207;161m[38;2;222;207;161m:[0m[48;2;53;46;36m[38;2;53;46;36m▒[0m[48;2;47;42;43m[38;2;47;42;43m▒[0m[48;2;18;14;24m[38;2;18;14;24m█[0m[48;2;116;114;121m[38;2;116;114;121m#[0m                                          
                                    [48;2;133;133;133m[38;2;133;133;133m*[0m[48;2;90;79;84m[38;2;90;79;84m@[0m[48;2;159;141;152m[38;2;159;141;152m+[0m[48;2;155;137;148m[38;2;155;137;148m*[0m[48;2;40;28;36m[38;2;40;28;36m▓[0m[48;2;159;153;159m[38;2;159;153;159m+[0m[48;2;45;40;45m[38;2;45;40;45m▒[0m[48;2;77;69;75m[38;2;77;69;75m░[0m[48;2;149;134;142m[38;2;149;134;142m*[0m[48;2;160;142;151m[38;2;160;142;151m+[0m[48;2;160;142;152m[38;2;160;142;152m+[0m[48;2;155;142;150m[38;2;155;142;150m+[0m[48;2;26;22;27m[38;2;26;22;27m▓[0m[48;2;34;31;44m[38;2;34;31;44m▓[0m[48;2;37;31;52m[38;2;37;31;52m▓[0m[48;2;37;31;52m[38;2;37;31;52m▓[0m[48;2;37;31;52m[38;2;37;31;52m▓[0m[48;2;37;31;52m[38;2;37;31;52m▓[0m[48;2;37;31;52m[38;2;37;31;52m▓[0m[48;2;37;31;50m[38;2;37;31;50m▓[0m[48;2;29;24;39m[38;2;29;24;39m▓[0m[48;2;11;8;19m[38;2;11;8;19m█[0m[48;2;24;20;25m[38;2;24;20;25m▓[0m[48;2;87;79;72m[38;2;87;79;72m@[0m[48;2;155;142;118m[38;2;155;142;118m*[0m[48;2;207;192;155m[38;2;207;192;155m-[0m[48;2;188;173;140m[38;2;188;173;140m=[0m[48;2;87;72;61m[38;2;87;72;61m@[0m[48;2;17;11;12m[38;2;17;11;12m█[0m[48;2;4;1;5m[38;2;4;1;5m█[0m[48;2;20;18;23m[38;2;20;18;23m▓[0m[48;2;7;6;10m[38;2;7;6;10m█[0m[48;2;112;111;114m[38;2;112;111;114m#[0m[48;2;177;176;179m[38;2;177;176;179m=[0m[48;2;212;211;212m[38;2;212;211;212m:[0m                                       
                                    [48;2;232;232;232m[38;2;232;232;232m.[0m[48;2;62;57;60m[38;2;62;57;60m░[0m[48;2;113;101;109m[38;2;113;101;109m%[0m[48;2;155;141;151m[38;2;155;141;151m+[0m[48;2;71;59;66m[38;2;71;59;66m░[0m[48;2;16;9;14m[38;2;16;9;14m█[0m[48;2;52;45;50m[38;2;52;45;50m▒[0m[48;2;101;92;98m[38;2;101;92;98m%[0m[48;2;131;120;127m[38;2;131;120;127m#[0m[48;2;116;103;111m[38;2;116;103;111m%[0m[48;2;71;58;67m[38;2;71;58;67m░[0m[48;2;85;76;84m[38;2;85;76;84m@[0m[48;2;12;8;15m[38;2;12;8;15m█[0m[48;2;33;29;42m[38;2;33;29;42m▓[0m[48;2;36;31;51m[38;2;36;31;51m▓[0m[48;2;37;31;52m[38;2;37;31;52m▓[0m[48;2;36;30;52m[38;2;36;30;52m▓[0m[48;2;33;28;48m[38;2;33;28;48m▓[0m[48;2;15;11;24m[38;2;15;11;24m█[0m[48;2;9;6;14m[38;2;9;6;14m█[0m[48;2;17;14;19m[38;2;17;14;19m█[0m[48;2;49;47;51m[38;2;49;47;51m▒[0m[48;2;8;7;9m[38;2;8;7;9m█[0m[48;2;72;69;73m[38;2;72;69;73m░[0m[48;2;47;44;48m[38;2;47;44;48m▒[0m[48;2;26;22;25m[38;2;26;22;25m▓[0m[48;2;14;11;15m[38;2;14;11;15m█[0m[48;2;16;12;21m[38;2;16;12;21m█[0m[48;2;39;36;41m[38;2;39;36;41m▒[0m[48;2;5;3;6m[38;2;5;3;6m█[0m[48;2;32;31;35m[38;2;32;31;35m▓[0m[48;2;46;45;49m[38;2;46;45;49m▒[0m[48;2;35;34;38m[38;2;35;34;38m▓[0m[48;2;35;34;38m[38;2;35;34;38m▓[0m[48;2;26;25;29m[38;2;26;25;29m▓[0m                                       
                                      [48;2;129;127;128m[38;2;129;127;128m#[0m[48;2;35;29;34m[38;2;35;29;34m▓[0m[48;2;81;71;79m[38;2;81;71;79m@[0m[48;2;101;91;99m[38;2;101;91;99m%[0m[48;2;96;86;94m[38;2;96;86;94m@[0m[48;2;78;68;76m[38;2;78;68;76m░[0m[48;2;54;46;53m[38;2;54;46;53m▒[0m[48;2;24;17;23m[38;2;24;17;23m▓[0m[48;2;7;2;8m[38;2;7;2;8m█[0m[48;2;22;18;23m[38;2;22;18;23m▓[0m[48;2;13;9;15m[38;2;13;9;15m█[0m[48;2;9;5;15m[38;2;9;5;15m█[0m[48;2;23;19;33m[38;2;23;19;33m▓[0m[48;2;27;23;38m[38;2;27;23;38m▓[0m[48;2;25;21;36m[38;2;25;21;36m▓[0m[48;2;9;5;16m[38;2;9;5;16m█[0m[48;2;3;2;6m[38;2;3;2;6m█[0m[48;2;35;32;37m[38;2;35;32;37m▓[0m[48;2;58;56;59m[38;2;58;56;59m░[0m[48;2;8;5;11m[38;2;8;5;11m█[0m[48;2;16;13;19m[38;2;16;13;19m█[0m[48;2;103;100;105m[38;2;103;100;105m%[0m[48;2;104;101;105m[38;2;104;101;105m%[0m[48;2;86;83;87m[38;2;86;83;87m@[0m[48;2;76;73;77m[38;2;76;73;77m@[0m[48;2;71;67;78m[38;2;71;67;78m░[0m[48;2;20;16;31m[38;2;20;16;31m▓[0m[48;2;25;18;58m[38;2;25;18;58m▓[0m[48;2;9;6;19m[38;2;9;6;19m█[0m[48;2;27;23;32m[38;2;27;23;32m▓[0m[48;2;35;30;46m[38;2;35;30;46m▓[0m[48;2;34;29;47m[38;2;34;29;47m▓[0m[48;2;23;19;33m[38;2;23;19;33m▓[0m[48;2;57;55;62m[38;2;57;55;62m░[0m[48;2;173;172;176m[38;2;173;172;176m=[0m                                     
                                       [48;2;82;81;82m[38;2;82;81;82m@[0m[48;2;69;64;69m[38;2;69;64;69m░[0m[48;2;107;97;104m[38;2;107;97;104m%[0m[48;2;114;102;111m[38;2;114;102;111m%[0m[48;2;115;102;112m[38;2;115;102;112m%[0m[48;2;118;106;115m[38;2;118;106;115m#[0m[48;2;127;115;125m[38;2;127;115;125m#[0m[48;2;126;113;123m[38;2;126;113;123m#[0m[48;2;117;106;115m[38;2;117;106;115m#[0m[48;2;111;101;109m[38;2;111;101;109m%[0m[48;2;108;96;106m[38;2;108;96;106m%[0m[48;2;106;94;106m[38;2;106;94;106m%[0m[48;2;105;93;103m[38;2;105;93;103m%[0m[48;2;102;92;100m[38;2;102;92;100m%[0m[48;2;98;89;97m[38;2;98;89;97m%[0m[48;2;66;61;66m[38;2;66;61;66m░[0m[48;2;25;21;24m[38;2;25;21;24m▓[0m[48;2;10;7;13m[38;2;10;7;13m█[0m[48;2;27;22;35m[38;2;27;22;35m▓[0m[48;2;35;30;45m[38;2;35;30;45m▓[0m[48;2;26;22;33m[38;2;26;22;33m▓[0m[48;2;211;208;214m[38;2;211;208;214m:[0m [48;2;164;162;164m[38;2;164;162;164m+[0m[48;2;39;34;48m[38;2;39;34;48m▒[0m[48;2;37;30;61m[38;2;37;30;61m▓[0m[48;2;17;13;28m[38;2;17;13;28m█[0m[48;2;12;9;20m[38;2;12;9;20m█[0m[48;2;6;4;9m[38;2;6;4;9m█[0m[48;2;32;27;43m[38;2;32;27;43m▓[0m[48;2;37;31;52m[38;2;37;31;52m▓[0m[48;2;37;31;52m[38;2;37;31;52m▓[0m[48;2;35;30;49m[38;2;35;30;49m▓[0m[48;2;23;19;33m[38;2;23;19;33m▓[0m[48;2;56;53;59m[38;2;56;53;59m▒[0m[48;2;185;184;187m[38;2;185;184;187m-[0m                                   
                                        [48;2;185;185;185m[38;2;185;185;185m-[0m[48;2;118;117;118m[38;2;118;117;118m#[0m[48;2;89;84;88m[38;2;89;84;88m@[0m[48;2;85;80;85m[38;2;85;80;85m@[0m[48;2;91;86;90m[38;2;91;86;90m@[0m[48;2;77;71;77m[38;2;77;71;77m@[0m[48;2;72;66;72m[38;2;72;66;72m░[0m[48;2;74;67;74m[38;2;74;67;74m░[0m[48;2;74;68;74m[38;2;74;68;74m░[0m[48;2;69;62;70m[38;2;69;62;70m░[0m[48;2;64;57;65m[38;2;64;57;65m░[0m[48;2;52;45;54m[38;2;52;45;54m▒[0m[48;2;30;23;33m[38;2;30;23;33m▓[0m[48;2;22;16;28m[38;2;22;16;28m▓[0m[48;2;23;18;32m[38;2;23;18;32m▓[0m[48;2;32;27;43m[38;2;32;27;43m▓[0m[48;2;37;31;50m[38;2;37;31;50m▓[0m[48;2;37;31;52m[38;2;37;31;52m▓[0m[48;2;37;31;52m[38;2;37;31;52m▓[0m[48;2;30;25;42m[38;2;30;25;42m▓[0m[48;2;47;43;52m[38;2;47;43;52m▒[0m[48;2;226;223;227m[38;2;226;223;227m.[0m [48;2;236;236;236m[38;2;236;236;236m.[0m[48;2;170;170;170m[38;2;170;170;170m=[0m[48;2;49;48;54m[38;2;49;48;54m▒[0m[48;2;57;53;65m[38;2;57;53;65m░[0m[48;2;21;20;23m[38;2;21;20;23m▓[0m[48;2;8;6;15m[38;2;8;6;15m█[0m[48;2;32;27;44m[38;2;32;27;44m▓[0m[48;2;37;31;52m[38;2;37;31;52m▓[0m[48;2;37;31;52m[38;2;37;31;52m▓[0m[48;2;37;31;52m[38;2;37;31;52m▓[0m[48;2;34;29;48m[38;2;34;29;48m▓[0m[48;2;21;17;31m[38;2;21;17;31m▓[0m[48;2;87;85;92m[38;2;87;85;92m@[0m[48;2;233;233;234m[38;2;233;233;234m.[0m                                 
                                               [48;2;241;240;241m[38;2;241;240;241m [0m[48;2;121;120;122m[38;2;121;120;122m#[0m[48;2;21;17;25m[38;2;21;17;25m▓[0m[48;2;36;31;48m[38;2;36;31;48m▓[0m[48;2;37;31;50m[38;2;37;31;50m▓[0m[48;2;36;30;51m[38;2;36;30;51m▓[0m[48;2;37;31;52m[38;2;37;31;52m▓[0m[48;2;36;30;51m[38;2;36;30;51m▓[0m[48;2;36;30;51m[38;2;36;30;51m▓[0m[48;2;37;31;52m[38;2;37;31;52m▓[0m[48;2;37;31;52m[38;2;37;31;52m▓[0m[48;2;37;31;52m[38;2;37;31;52m▓[0m[48;2;37;31;52m[38;2;37;31;52m▓[0m[48;2;28;23;39m[38;2;28;23;39m▓[0m[48;2;53;50;57m[38;2;53;50;57m▒[0m[48;2;225;224;226m[38;2;225;224;226m.[0m  [48;2;236;236;236m[38;2;236;236;236m.[0m[48;2;236;235;236m[38;2;236;235;236m.[0m[48;2;118;118;118m[38;2;118;118;118m#[0m[48;2;24;16;67m[38;2;24;16;67m▓[0m[48;2;14;8;47m[38;2;14;8;47m█[0m[48;2;31;26;45m[38;2;31;26;45m▓[0m[48;2;37;31;52m[38;2;37;31;52m▓[0m[48;2;37;31;52m[38;2;37;31;52m▓[0m[48;2;37;31;52m[38;2;37;31;52m▓[0m[48;2;37;31;52m[38;2;37;31;52m▓[0m[48;2;30;26;41m[38;2;30;26;41m▓[0m[48;2;39;37;44m[38;2;39;37;44m▒[0m[48;2;217;216;217m[38;2;217;216;217m:[0m                                