                                                                                                              
                                                                                                              
                                                                                                              
                                                                                                              
                                                                                                              
                                                                                                              
                                                                                                              
                                                                                                              
                                                                                                              
                                                                                                              
                                                                                                              
                                                                                                              
                                                                                                              
                                                   [48;2;186;186;187m[38;2;186;186;187m-[0m[48;2;129;129;131m[38;2;129;129;131m*[0m[48;2;93;92;95m[38;2;93;92;95m%[0m[48;2;66;65;69m[38;2;66;65;69m░[0m[48;2;57;56;60m[38;2;57;56;60m░[0m[48;2;53;52;57m[38;2;53;52;57m▒[0m[48;2;56;55;61m[38;2;56;55;61m░[0m[48;2;72;71;76m[38;2;72;71;76m░[0m[48;2;99;98;102m[38;2;99;98;102m%[0m[48;2;143;142;146m[38;2;143;142;146m*[0m[48;2;199;198;200m[38;2;199;198;200m-[0m                                                
                                                [48;2;215;214;215m[38;2;215;214;215m:[0m[48;2;100;99;102m[38;2;100;99;102m%[0m[48;2;29;28;35m[38;2;29;28;35m▓[0m[48;2;28;26;37m[38;2;28;26;37m▓[0m[48;2;39;36;50m[38;2;39;36;50m▒[0m[48;2;44;42;58m[38;2;44;42;58m▒[0m[48;2;44;43;59m[38;2;44;43;59m▒[0m[48;2;46;43;59m[38;2;46;43;59m▒[0m[48;2;47;44;60m[38;2;47;44;60m▒[0m[48;2;42;43;59m[38;2;42;43;59m▒[0m[48;2;42;43;59m[38;2;42;43;59m▒[0m[48;2;40;41;57m[38;2;40;41;57m▒[0m[48;2;35;35;51m[38;2;35;35;51m▒[0m[48;2;26;25;41m[38;2;26;25;41m▓[0m[48;2;35;34;45m[38;2;35;34;45m▓[0m[48;2;100;99;105m[38;2;100;99;105m%[0m[48;2;197;197;199m[38;2;197;197;199m-[0m                                             
                                              [48;2;236;236;236m[38;2;236;236;236m.[0m[48;2;120;119;123m[38;2;120;119;123m#[0m[48;2;25;24;31m[38;2;25;24;31m▓[0m[48;2;38;35;49m[38;2;38;35;49m▒[0m[48;2;44;42;58m[38;2;44;42;58m▒[0m[48;2;41;39;54m[38;2;41;39;54m▒[0m[48;2;35;31;46m[38;2;35;31;46m▓[0m[48;2;28;24;38m[38;2;28;24;38m▓[0m[48;2;28;24;37m[38;2;28;24;37m▓[0m[48;2;40;37;47m[38;2;40;37;47m▒[0m[48;2;46;42;53m[38;2;46;42;53m▒[0m[48;2;26;23;34m[38;2;26;23;34m▓[0m[48;2;46;43;54m[38;2;46;43;54m▒[0m[48;2;64;62;73m[38;2;64;62;73m░[0m[48;2;63;62;75m[38;2;63;62;75m░[0m[48;2;46;45;59m[38;2;46;45;59m▒[0m[48;2;44;42;57m[38;2;44;42;57m▒[0m[48;2;39;36;51m[38;2;39;36;51m▒[0m[48;2;24;22;33m[38;2;24;22;33m▓[0m[48;2;71;70;76m[38;2;71;70;76m░[0m[48;2;205;204;206m[38;2;205;204;206m:[0m                                           
                                             [48;2;189;189;190m[38;2;189;189;190m-[0m[48;2;37;36;42m[38;2;37;36;42m▒[0m[48;2;37;35;48m[38;2;37;35;48m▒[0m[48;2;44;43;57m[38;2;44;43;57m▒[0m[48;2;33;31;45m[38;2;33;31;45m▓[0m[48;2;24;20;32m[38;2;24;20;32m▓[0m[48;2;71;62;73m[38;2;71;62;73m░[0m[48;2;108;94;105m[38;2;108;94;105m%[0m[48;2;135;120;131m[38;2;135;120;131m#[0m[48;2;150;135;147m[38;2;150;135;147m*[0m[48;2;153;139;148m[38;2;153;139;148m*[0m[48;2;146;132;141m[38;2;146;132;141m*[0m[48;2;129;115;125m[38;2;129;115;125m#[0m[48;2;105;91;100m[38;2;105;91;100m%[0m[48;2;77;65;73m[38;2;77;65;73m░[0m[48;2;40;29;37m[38;2;40;29;37m▓[0m[48;2;56;47;54m[38;2;56;47;54m▒[0m[48;2;67;57;65m[38;2;67;57;65m░[0m[48;2;69;59;67m[38;2;69;59;67m░[0m[48;2;55;46;53m[38;2;55;46;53m▒[0m[48;2;26;19;27m[38;2;26;19;27m▓[0m[48;2;10;7;13m[38;2;10;7;13m█[0m[48;2;145;142;145m[38;2;145;142;145m*[0m                                          
                                            [48;2;173;172;173m[38;2;173;172;173m=[0m[48;2;21;20;27m[38;2;21;20;27m▓[0m[48;2;43;41;54m[38;2;43;41;54m▒[0m[48;2;42;39;53m[38;2;42;39;53m▒[0m[48;2;22;20;31m[38;2;22;20;31m▓[0m[48;2;52;46;56m[38;2;52;46;56m▒[0m[48;2;144;129;141m[38;2;144;129;141m*[0m[48;2;159;141;153m[38;2;159;141;153m+[0m[48;2;161;141;154m[38;2;161;141;154m+[0m[48;2;161;141;154m[38;2;161;141;154m+[0m[48;2;116;98;110m[38;2;116;98;110m%[0m[48;2;70;57;67m[38;2;70;57;67m░[0m[48;2;79;64;74m[38;2;79;64;74m░[0m[48;2;86;72;81m[38;2;86;72;81m@[0m[48;2;91;76;86m[38;2;91;76;86m@[0m[48;2;153;136;147m[38;2;153;136;147m*[0m[48;2;156;139;150m[38;2;156;139;150m*[0m[48;2;159;142;154m[38;2;159;142;154m+[0m[48;2;160;143;154m[38;2;160;143;154m+[0m[48;2;151;132;145m[38;2;151;132;145m*[0m[48;2;74;60;70m[38;2;74;60;70m░[0m[48;2;81;70;79m[38;2;81;70;79m@[0m[48;2;87;79;86m[38;2;87;79;86m@[0m[48;2;36;30;35m[38;2;36;30;35m▓[0m[48;2;135;133;135m[38;2;135;133;135m*[0m                                         
                                           [48;2;204;204;204m[38;2;204;204;204m:[0m[48;2;19;18;23m[38;2;19;18;23m▓[0m[48;2;41;39;51m[38;2;41;39;51m▒[0m[48;2;24;22;34m[38;2;24;22;34m▓[0m[48;2;21;18;26m[38;2;21;18;26m▓[0m[48;2;118;107;116m[38;2;118;107;116m#[0m[48;2;158;142;154m[38;2;158;142;154m+[0m[48;2;161;140;155m[38;2;161;140;155m+[0m[48;2;161;140;155m[38;2;161;140;155m+[0m[48;2;161;140;155m[38;2;161;140;155m+[0m[48;2;161;140;155m[38;2;161;140;155m+[0m[48;2;161;140;155m[38;2;161;140;155m+[0m[48;2;161;140;155m[38;2;161;140;155m+[0m[48;2;161;140;155m[38;2;161;140;155m+[0m[48;2;161;140;155m[38;2;161;140;155m+[0m[48;2;161;140;155m[38;2;161;140;155m+[0m[48;2;161;140;155m[38;2;161;140;155m+[0m[48;2;161;140;155m[38;2;161;140;155m+[0m[48;2;161;140;155m[38;2;161;140;155m+[0m[48;2;161;140;155m[38;2;161;140;155m+[0m[48;2;161;140;155m[38;2;161;140;155m+[0m[48;2;160;140;155m[38;2;160;140;155m+[0m[48;2;140;123;135m[38;2;140;123;135m*[0m[48;2;111;96;107m[38;2;111;96;107m%[0m[48;2;115;103;112m[38;2;115;103;112m%[0m[48;2;16;10;16m[38;2;16;10;16m█[0m[48;2;56;52;56m[38;2;56;52;56m▒[0m[48;2;95;93;99m[38;2;95;93;99m%[0m[48;2;209;208;209m[38;2;209;208;209m:[0m                                      
                                           [48;2;53;52;55m[38;2;53;52;55m▒[0m[48;2;33;29;37m[38;2;33;29;37m▓[0m[48;2;13;9;18m[38;2;13;9;18m█[0m[48;2;22;17;25m[38;2;22;17;25m▓[0m[48;2;136;124;134m[38;2;136;124;134m*[0m[48;2;160;141;155m[38;2;160;141;155m+[0m[48;2;161;140;155m[38;2;161;140;155m+[0m[48;2;161;140;155m[38;2;161;140;155m+[0m[48;2;161;140;155m[38;2;161;140;155m+[0m[48;2;160;139;154m[38;2;160;139;154m+[0m[48;2;159;139;154m[38;2;159;139;154m+[0m[48;2;159;139;153m[38;2;159;139;153m+[0m[48;2;159;138;153m[38;2;159;138;153m*[0m[48;2;161;140;155m[38;2;161;140;155m+[0m[48;2;161;140;155m[38;2;161;140;155m+[0m[48;2;161;140;155m[38;2;161;140;155m+[0m[48;2;161;140;155m[38;2;161;140;155m+[0m[48;2;161;140;155m[38;2;161;140;155m+[0m[48;2;161;140;155m[38;2;161;140;155m+[0m[48;2;161;140;155m[38;2;161;140;155m+[0m[48;2;161;140;155m[38;2;161;140;155m+[0m[48;2;148;128;142m[38;2;148;128;142m*[0m[48;2;136;118;131m[38;2;136;118;131m#[0m[48;2;160;141;155m[38;2;160;141;155m+[0m[48;2;160;141;155m[38;2;160;141;155m+[0m[48;2;125;111;122m[38;2;125;111;122m#[0m[48;2;13;8;12m[38;2;13;8;12m█[0m[48;2;54;44;73m[38;2;54;44;73m▒[0m[48;2;87;83;87m[38;2;87;83;87m@[0m                                      
                                          [48;2;176;176;176m[38;2;176;176;176m=[0m[48;2;10;9;12m[38;2;10;9;12m█[0m[48;2;24;21;28m[38;2;24;21;28m▓[0m[48;2;18;14;20m[38;2;18;14;20m█[0m[48;2;123;113;121m[38;2;123;113;121m#[0m[48;2;160;144;154m[38;2;160;144;154m+[0m[48;2;161;141;154m[38;2;161;141;154m+[0m[48;2;161;140;155m[38;2;161;140;155m+[0m[48;2;161;140;155m[38;2;161;140;155m+[0m[48;2;131;112;126m[38;2;131;112;126m#[0m[48;2;55;40;52m[38;2;55;40;52m▒[0m[48;2;115;98;111m[38;2;115;98;111m%[0m[48;2;55;38;51m[38;2;55;38;51m▒[0m[48;2;156;138;152m[38;2;156;138;152m*[0m[48;2;99;81;94m[38;2;99;81;94m@[0m[48;2;138;120;133m[38;2;138;120;133m#[0m[48;2;161;140;155m[38;2;161;140;155m+[0m[48;2;161;140;155m[38;2;161;140;155m+[0m[48;2;161;140;155m[38;2;161;140;155m+[0m[48;2;161;140;155m[38;2;161;140;155m+[0m[48;2;148;128;143m[38;2;148;128;143m*[0m[48;2;134;115;129m[38;2;134;115;129m#[0m[48;2;129;112;125m[38;2;129;112;125m#[0m[48;2;50;37;47m[38;2;50;37;47m▒[0m[48;2;158;140;153m[38;2;158;140;153m+[0m[48;2;161;140;155m[38;2;161;140;155m+[0m[48;2;161;141;155m[38;2;161;141;155m+[0m[48;2;96;82;93m[38;2;96;82;93m@[0m[48;2;15;7;16m[38;2;15;7;16m█[0m[48;2;37;31;53m[38;2;37;31;53m▓[0m[48;2;194;193;195m[38;2;194;193;195m-[0m                                     
                                          [48;2;94;93;94m[38;2;94;93;94m%[0m[48;2;12;9;12m[38;2;12;9;12m█[0m[48;2;89;82;89m[38;2;89;82;89m@[0m[48;2;54;47;54m[38;2;54;47;54m▒[0m[48;2;158;143;153m[38;2;158;143;153m+[0m[48;2;160;142;154m[38;2;160;142;154m+[0m[48;2;161;141;154m[38;2;161;141;154m+[0m[48;2;161;140;155m[38;2;161;140;155m+[0m[48;2;150;131;145m[38;2;150;131;145m*[0m[48;2;34;23;33m[38;2;34;23;33m▓[0m[48;2;56;49;57m[38;2;56;49;57m▒[0m[48;2;12;7;13m[38;2;12;7;13m█[0m[48;2;100;92;101m[38;2;100;92;101m%[0m[48;2;107;94;104m[38;2;107;94;104m%[0m[48;2;42;31;40m[38;2;42;31;40m▓[0m[48;2;134;118;130m[38;2;134;118;130m#[0m[48;2;160;140;154m[38;2;160;140;154m+[0m[48;2;161;140;155m[38;2;161;140;155m+[0m[48;2;161;140;155m[38;2;161;140;155m+[0m[48;2;161;140;155m[38;2;161;140;155m+[0m[48;2;113;95;108m[38;2;113;95;108m%[0m[48;2;64;50;62m[38;2;64;50;62m░[0m[48;2;156;141;154m[38;2;156;141;154m+[0m[48;2;54;42;53m[38;2;54;42;53m▒[0m[48;2;120;105;118m[38;2;120;105;118m#[0m[48;2;161;140;155m[38;2;161;140;155m+[0m[48;2;160;141;155m[38;2;160;141;155m+[0m[48;2;157;139;152m[38;2;157;139;152m*[0m[48;2;38;27;38m[38;2;38;27;38m▓[0m[48;2;26;17;38m[38;2;26;17;38m▓[0m[48;2;188;186;189m[38;2;188;186;189m-[0m                                     
                                          [48;2;50;50;50m[38;2;50;50;50m▒[0m[48;2;90;83;89m[38;2;90;83;89m@[0m[48;2;77;68;76m[38;2;77;68;76m░[0m[48;2;101;89;98m[38;2;101;89;98m%[0m[48;2;160;142;155m[38;2;160;142;155m+[0m[48;2;161;140;155m[38;2;161;140;155m+[0m[48;2;161;140;155m[38;2;161;140;155m+[0m[48;2;161;140;155m[38;2;161;140;155m+[0m[48;2;79;65;76m[38;2;79;65;76m░[0m[48;2;8;0;7m[38;2;8;0;7m█[0m[48;2;62;57;62m[38;2;62;57;62m░[0m[48;2;23;18;22m[38;2;23;18;22m▓[0m[48;2;89;83;90m[38;2;89;83;90m@[0m[48;2;28;21;27m[38;2;28;21;27m▓[0m[48;2;21;15;21m[38;2;21;15;21m█[0m[48;2;7;1;5m[38;2;7;1;5m█[0m[48;2;63;53;61m[38;2;63;53;61m░[0m[48;2;153;136;149m[38;2;153;136;149m*[0m[48;2;159;141;153m[38;2;159;141;153m+[0m[48;2;159;141;154m[38;2;159;141;154m+[0m[48;2;137;121;133m[38;2;137;121;133m#[0m[48;2;11;2;10m[38;2;11;2;10m█[0m[48;2;89;77;88m[38;2;89;77;88m@[0m[48;2;132;118;130m[38;2;132;118;130m#[0m[48;2;25;15;23m[38;2;25;15;23m▓[0m[48;2;101;85;97m[38;2;101;85;97m@[0m[48;2;154;136;150m[38;2;154;136;150m*[0m[48;2;133;116;129m[38;2;133;116;129m#[0m[48;2;124;109;121m[38;2;124;109;121m#[0m[48;2;43;34;43m[38;2;43;34;43m▒[0m[48;2;119;116;120m[38;2;119;116;120m#[0m[48;2;215;215;216m[38;2;215;215;216m:[0m                                    
                                         [48;2;236;236;236m[38;2;236;236;236m.[0m[48;2;31;28;30m[38;2;31;28;30m▓[0m[48;2;153;140;149m[38;2;153;140;149m*[0m[48;2;68;57;65m[38;2;68;57;65m░[0m[48;2;114;101;111m[38;2;114;101;111m%[0m[48;2;161;141;155m[38;2;161;141;155m+[0m[48;2;161;140;155m[38;2;161;140;155m+[0m[48;2;161;140;155m[38;2;161;140;155m+[0m[48;2;160;139;154m[38;2;160;139;154m+[0m[48;2;36;24;34m[38;2;36;24;34m▓[0m[48;2;79;74;78m[38;2;79;74;78m@[0m[48;2;211;205;207m[38;2;211;205;207m:[0m[48;2;70;63;68m[38;2;70;63;68m░[0m[48;2;53;31;103m[38;2;53;31;103m▒[0m[48;2;63;32;130m[38;2;63;32;130m▒[0m[48;2;35;14;75m[38;2;35;14;75m▓[0m[48;2;96;89;91m[38;2;96;89;91m@[0m[48;2;154;144;144m[38;2;154;144;144m+[0m[48;2;111;99;101m[38;2;111;99;101m%[0m[48;2;105;92;96m[38;2;105;92;96m%[0m[48;2;103;91;94m[38;2;103;91;94m%[0m[48;2;88;76;81m[38;2;88;76;81m@[0m[48;2;14;4;19m[38;2;14;4;19m█[0m[48;2;32;13;67m[38;2;32;13;67m▓[0m[48;2;46;26;79m[38;2;46;26;79m▒[0m[48;2;23;12;25m[38;2;23;12;25m█[0m[48;2;23;16;21m[38;2;23;16;21m▓[0m[48;2;18;12;18m[38;2;18;12;18m█[0m[48;2;20;15;20m[38;2;20;15;20m█[0m[48;2;29;23;28m[38;2;29;23;28m▓[0m[48;2;53;46;52m[38;2;53;46;52m▒[0m[48;2;47;41;47m[38;2;47;41;47m▒[0m[48;2;14;10;15m[38;2;14;10;15m█[0m[48;2;138;136;139m[38;2;138;136;139m*[0m                                   
                                         [48;2;182;181;181m[38;2;182;181;181m=[0m[48;2;62;56;60m[38;2;62;56;60m░[0m[48;2;159;143;154m[38;2;159;143;154m+[0m[48;2;90;76;87m[38;2;90;76;87m@[0m[48;2;89;76;86m[38;2;89;76;86m@[0m[48;2;160;141;155m[38;2;160;141;155m+[0m[48;2;161;140;155m[38;2;161;140;155m+[0m[48;2;161;140;155m[38;2;161;140;155m+[0m[48;2;157;138;152m[38;2;157;138;152m*[0m[48;2;36;25;33m[38;2;36;25;33m▓[0m[48;2;240;231;232m[38;2;240;231;232m.[0m[48;2;247;237;234m[38;2;247;237;234m [0m[48;2;50;40;46m[38;2;50;40;46m▒[0m[48;2;180;153;198m[38;2;180;153;198m=[0m[48;2;153;103;184m[38;2;153;103;184m#[0m[48;2;63;36;84m[38;2;63;36;84m▒[0m[48;2;160;150;151m[38;2;160;150;151m+[0m[48;2;250;236;230m[38;2;250;236;230m [0m[48;2;251;236;230m[38;2;251;236;230m [0m[48;2;251;236;230m[38;2;251;236;230m [0m[48;2;251;236;230m[38;2;251;236;230m [0m[48;2;191;178;176m[38;2;191;178;176m=[0m[48;2;33;17;44m[38;2;33;17;44m▓[0m[48;2;112;75;170m[38;2;112;75;170m%[0m[48;2;80;39;148m[38;2;80;39;148m░[0m[48;2;38;25;44m[38;2;38;25;44m▓[0m[48;2;221;213;214m[38;2;221;213;214m:[0m[48;2;59;52;52m[38;2;59;52;52m▒[0m[48;2;141;136;135m[38;2;141;136;135m*[0m[48;2;13;8;11m[38;2;13;8;11m█[0m[48;2;31;26;31m[38;2;31;26;31m▓[0m[48;2;127;123;129m[38;2;127;123;129m#[0m[48;2;235;231;237m[38;2;235;231;237m.[0m                                    
                                         [48;2;177;176;177m[38;2;177;176;177m=[0m[48;2;65;58;62m[38;2;65;58;62m░[0m[48;2;159;142;154m[38;2;159;142;154m+[0m[48;2;148;131;143m[38;2;148;131;143m*[0m[48;2;25;15;24m[38;2;25;15;24m▓[0m[48;2;129;114;126m[38;2;129;114;126m#[0m[48;2;160;140;154m[38;2;160;140;154m+[0m[48;2;161;140;155m[38;2;161;140;155m+[0m[48;2;159;140;154m[38;2;159;140;154m+[0m[48;2;39;27;37m[38;2;39;27;37m▓[0m[48;2;213;196;199m[38;2;213;196;199m:[0m[48;2;246;227;223m[38;2;246;227;223m.[0m[48;2;92;79;79m[38;2;92;79;79m@[0m[48;2;144;114;143m[38;2;144;114;143m#[0m[48;2;169;123;166m[38;2;169;123;166m*[0m[48;2;63;48;63m[38;2;63;48;63m▒[0m[48;2;236;224;224m[38;2;236;224;224m.[0m[48;2;249;234;227m[38;2;249;234;227m.[0m[48;2;250;235;226m[38;2;250;235;226m [0m[48;2;250;235;226m[38;2;250;235;226m [0m[48;2;250;235;226m[38;2;250;235;226m [0m[48;2;219;205;200m[38;2;219;205;200m:[0m[48;2;50;36;46m[38;2;50;36;46m▒[0m[48;2;211;174;219m[38;2;211;174;219m-[0m[48;2;113;79;124m[38;2;113;79;124m%[0m[48;2;122;111;114m[38;2;122;111;114m#[0m[48;2;245;233;229m[38;2;245;233;229m.[0m[48;2;243;232;227m[38;2;243;232;227m.[0m[48;2;175;166;164m[38;2;175;166;164m=[0m[48;2;57;49;54m[38;2;57;49;54m▒[0m[48;2;65;57;63m[38;2;65;57;63m░[0m[48;2;75;71;76m[38;2;75;71;76m░[0m                                     
                                         [48;2;233;233;233m[38;2;233;233;233m.[0m[48;2;42;37;41m[38;2;42;37;41m▒[0m[48;2;114;101;111m[38;2;114;101;111m%[0m[48;2;83;68;79m[38;2;83;68;79m@[0m[48;2;13;4;12m[38;2;13;4;12m█[0m[48;2;13;6;13m[38;2;13;6;13m█[0m[48;2;78;66;76m[38;2;78;66;76m░[0m[48;2;130;114;126m[38;2;130;114;126m#[0m[48;2;154;137;150m[38;2;154;137;150m*[0m[48;2;106;93;104m[38;2;106;93;104m%[0m[48;2;82;67;74m[38;2;82;67;74m░[0m[48;2;240;223;222m[38;2;240;223;222m.[0m[48;2;238;220;219m[38;2;238;220;219m.[0m[48;2;150;136;137m[38;2;150;136;137m*[0m[48;2;146;134;134m[38;2;146;134;134m*[0m[48;2;228;216;212m[38;2;228;216;212m:[0m[48;2;250;235;227m[38;2;250;235;227m [0m[48;2;247;231;223m[38;2;247;231;223m.[0m[48;2;174;158;151m[38;2;174;158;151m+[0m[48;2;223;207;200m[38;2;223;207;200m:[0m[48;2;250;235;226m[38;2;250;235;226m [0m[48;2;249;234;228m[38;2;249;234;228m [0m[48;2;138;123;123m[38;2;138;123;123m#[0m[48;2;90;74;80m[38;2;90;74;80m@[0m[48;2;107;94;97m[38;2;107;94;97m%[0m[48;2;237;223;215m[38;2;237;223;215m.[0m[48;2;243;212;201m[38;2;243;212;201m.[0m[48;2;243;217;205m[38;2;243;217;205m.[0m[48;2;177;166;163m[38;2;177;166;163m=[0m[48;2;64;56;60m[38;2;64;56;60m░[0m[48;2;142;131;138m[38;2;142;131;138m*[0m[48;2;35;30;35m[38;2;35;30;35m▓[0m                                     
                                          [48;2;71;71;71m[38;2;71;71;71m░[0m[48;2;36;33;36m[38;2;36;33;36m▓[0m[48;2;119;114;116m[38;2;119;114;116m#[0m[48;2;226;216;216m[38;2;226;216;216m:[0m[48;2;174;165;166m[38;2;174;165;166m=[0m[48;2;15;9;11m[38;2;15;9;11m█[0m[48;2;4;0;2m[38;2;4;0;2m█[0m[48;2;18;13;16m[38;2;18;13;16m█[0m[48;2;92;86;91m[38;2;92;86;91m@[0m[48;2;71;64;70m[38;2;71;64;70m░[0m[48;2;79;70;75m[38;2;79;70;75m@[0m[48;2;183;167;169m[38;2;183;167;169m=[0m[48;2;250;237;233m[38;2;250;237;233m [0m[48;2;250;234;229m[38;2;250;234;229m [0m[48;2;250;235;227m[38;2;250;235;227m [0m[48;2;250;235;226m[38;2;250;235;226m [0m[48;2;249;234;225m[38;2;249;234;225m.[0m[48;2;200;184;177m[38;2;200;184;177m-[0m[48;2;227;211;204m[38;2;227;211;204m:[0m[48;2;250;235;226m[38;2;250;235;226m [0m[48;2;250;235;226m[38;2;250;235;226m [0m[48;2;250;235;227m[38;2;250;235;227m [0m[48;2;250;235;227m[38;2;250;235;227m [0m[48;2;250;235;227m[38;2;250;235;227m [0m[48;2;244;225;217m[38;2;244;225;217m.[0m[48;2;242;214;206m[38;2;242;214;206m.[0m[48;2;250;227;220m[38;2;250;227;220m.[0m[48;2;135;122;120m[38;2;135;122;120m#[0m[48;2;38;31;34m[38;2;38;31;34m▓[0m[48;2;34;27;31m[38;2;34;27;31m▓[0m[48;2;185;180;184m[38;2;185;180;184m=[0m                                     
                                         [48;2;165;165;165m[38;2;165;165;165m=[0m[48;2;86;85;86m[38;2;86;85;86m@[0m[48;2;192;192;192m[38;2;192;192;192m-[0m[48;2;79;76;78m[38;2;79;76;78m@[0m[48;2;115;109;112m[38;2;115;109;112m#[0m[48;2;226;216;219m[38;2;226;216;219m:[0m[48;2;115;105;109m[38;2;115;105;109m%[0m[48;2;84;78;81m[38;2;84;78;81m@[0m[48;2;11;7;9m[38;2;11;7;9m█[0m[48;2;76;71;75m[38;2;76;71;75m░[0m[48;2;211;206;208m[38;2;211;206;208m:[0m[48;2;246;237;236m[38;2;246;237;236m [0m[48;2;248;236;236m[38;2;248;236;236m [0m[48;2;249;237;234m[38;2;249;237;234m [0m[48;2;250;236;231m[38;2;250;236;231m [0m[48;2;250;236;228m[38;2;250;236;228m [0m[48;2;251;235;228m[38;2;251;235;228m [0m[48;2;250;234;227m[38;2;250;234;227m [0m[48;2;250;234;227m[38;2;250;234;227m [0m[48;2;250;234;227m[38;2;250;234;227m [0m[48;2;250;234;227m[38;2;250;234;227m [0m[48;2;250;234;227m[38;2;250;234;227m [0m[48;2;250;234;227m[38;2;250;234;227m [0m[48;2;250;234;227m[38;2;250;234;227m [0m[48;2;250;234;227m[38;2;250;234;227m [0m[48;2;252;236;230m[38;2;252;236;230m [0m[48;2;251;235;231m[38;2;251;235;231m [0m[48;2;185;173;172m[38;2;185;173;172m=[0m[48;2;46;37;38m[38;2;46;37;38m▒[0m[48;2;96;89;92m[38;2;96;89;92m@[0m[48;2;58;53;56m[38;2;58;53;56m▒[0m                                      
                                         [48;2;117;117;117m[38;2;117;117;117m#[0m[48;2;117;116;116m[38;2;117;116;116m#[0m[48;2;202;201;204m[38;2;202;201;204m:[0m[48;2;144;143;146m[38;2;144;143;146m*[0m[48;2;2;0;3m[38;2;2;0;3m█[0m[48;2;13;8;14m[38;2;13;8;14m█[0m[48;2;35;29;34m[38;2;35;29;34m▓[0m[48;2;115;110;114m[38;2;115;110;114m#[0m[48;2;136;134;136m[38;2;136;134;136m*[0m[48;2;41;38;40m[38;2;41;38;40m▒[0m[48;2;54;52;53m[38;2;54;52;53m▒[0m[48;2;29;24;25m[38;2;29;24;25m▓[0m[48;2;50;45;46m[38;2;50;45;46m▒[0m[48;2;75;70;71m[38;2;75;70;71m░[0m[48;2;98;94;95m[38;2;98;94;95m%[0m[48;2;118;110;110m[38;2;118;110;110m#[0m[48;2;137;128;128m[38;2;137;128;128m*[0m[48;2;153;143;143m[38;2;153;143;143m*[0m[48;2;167;156;155m[38;2;167;156;155m+[0m[48;2;176;165;164m[38;2;176;165;164m=[0m[48;2;185;174;173m[38;2;185;174;173m=[0m[48;2;185;174;173m[38;2;185;174;173m=[0m[48;2;182;170;169m[38;2;182;170;169m=[0m[48;2;169;158;156m[38;2;169;158;156m+[0m[48;2;149;138;136m[38;2;149;138;136m*[0m[48;2;115;105;104m[38;2;115;105;104m%[0m[48;2;58;52;56m[38;2;58;52;56m▒[0m[48;2;20;14;21m[38;2;20;14;21m█[0m[48;2;15;10;16m[38;2;15;10;16m█[0m[48;2;31;26;30m[38;2;31;26;30m▓[0m[48;2;216;213;216m[38;2;216;213;216m:[0m                                      
                                       [48;2;163;162;164m[38;2;163;162;164m+[0m[48;2;70;68;69m[38;2;70;68;69m░[0m[48;2;46;44;45m[38;2;46;44;45m▒[0m[48;2;102;100;103m[38;2;102;100;103m%[0m[48;2;203;200;204m[38;2;203;200;204m:[0m[48;2;138;136;139m[38;2;138;136;139m*[0m[48;2;4;1;5m[38;2;4;1;5m█[0m[48;2;10;7;11m[38;2;10;7;11m█[0m[48;2;6;3;7m[38;2;6;3;7m█[0m[48;2;120;117;121m[38;2;120;117;121m#[0m [48;2;42;40;41m[38;2;42;40;41m▒[0m[48;2;11;9;10m[38;2;11;9;10m█[0m[48;2;16;12;17m[38;2;16;12;17m█[0m[48;2;4;1;6m[38;2;4;1;6m█[0m[48;2;6;2;7m[38;2;6;2;7m█[0m[48;2;20;17;24m[38;2;20;17;24m▓[0m[48;2;32;28;36m[38;2;32;28;36m▓[0m[48;2;29;23;31m[38;2;29;23;31m▓[0m[48;2;26;19;27m[38;2;26;19;27m▓[0m[48;2;114;107;113m[38;2;114;107;113m#[0m[48;2;62;55;60m[38;2;62;55;60m░[0m[48;2;23;15;20m[38;2;23;15;20m█[0m[48;2;64;57;61m[38;2;64;57;61m░[0m[48;2;74;67;71m[38;2;74;67;71m░[0m[48;2;13;8;10m[38;2;13;8;10m█[0m[48;2;8;4;8m[38;2;8;4;8m█[0m[48;2;6;3;7m[38;2;6;3;7m█[0m[48;2;33;29;40m[38;2;33;29;40m▓[0m[48;2;29;26;39m[38;2;29;26;39m▓[0m[48;2;6;3;12m[38;2;6;3;12m█[0m[48;2;54;50;55m[38;2;54;50;55m▒[0m                                       
                                     [48;2;225;225;225m[38;2;225;225;225m.[0m[48;2;75;74;75m[38;2;75;74;75m@[0m[48;2;90;84;90m[38;2;90;84;90m@[0m[48;2;150;137;148m[38;2;150;137;148m*[0m[48;2;139;126;137m[38;2;139;126;137m*[0m[48;2;42;37;43m[38;2;42;37;43m▒[0m[48;2;193;190;194m[38;2;193;190;194m-[0m[48;2;192;189;193m[38;2;192;189;193m-[0m[48;2;26;21;26m[38;2;26;21;26m▓[0m[48;2;10;7;11m[38;2;10;7;11m█[0m[48;2;15;12;16m[38;2;15;12;16m█[0m[48;2;205;201;206m[38;2;205;201;206m:[0m[48;2;227;224;228m[38;2;227;224;228m.[0m[48;2;26;23;28m[38;2;26;23;28m▓[0m[48;2;15;12;17m[38;2;15;12;17m█[0m[48;2;24;20;31m[38;2;24;20;31m▓[0m[48;2;27;23;37m[38;2;27;23;37m▓[0m[48;2;30;25;34m[38;2;30;25;34m▓[0m[48;2;22;19;25m[38;2;22;19;25m▓[0m[48;2;7;5;11m[38;2;7;5;11m█[0m[48;2;46;43;49m[38;2;46;43;49m▒[0m[48;2;16;14;19m[38;2;16;14;19m█[0m[48;2;5;2;7m[38;2;5;2;7m█[0m[48;2;54;51;56m[38;2;54;51;56m▒[0m[48;2;180;174;178m[38;2;180;174;178m=[0m[48;2;81;74;77m[38;2;81;74;77m@[0m[48;2;48;42;46m[38;2;48;42;46m▒[0m[48;2;19;15;18m[38;2;19;15;18m█[0m[48;2;77;73;69m[38;2;77;73;69m@[0m[48;2;7;4;9m[38;2;7;4;9m█[0m[48;2;32;28;41m[38;2;32;28;41m▓[0m[48;2;24;20;34m[38;2;24;20;34m▓[0m[48;2;166;161;169m[38;2;166;161;169m+[0m[48;2;242;240;243m[38;2;242;240;243m [0m                                       
                                    [48;2;237;237;237m[38;2;237;237;237m.[0m[48;2;49;46;50m[38;2;49;46;50m▒[0m[48;2;127;116;125m[38;2;127;116;125m#[0m[48;2;158;142;153m[38;2;158;142;153m+[0m[48;2;156;140;151m[38;2;156;140;151m*[0m[48;2;143;127;139m[38;2;143;127;139m*[0m[48;2;56;48;56m[38;2;56;48;56m▒[0m[48;2;54;50;56m[38;2;54;50;56m▒[0m[48;2;160;156;161m[38;2;160;156;161m+[0m[48;2;109;106;110m[38;2;109;106;110m%[0m[48;2;14;11;14m[38;2;14;11;14m█[0m[48;2;141;137;141m[38;2;141;137;141m*[0m[48;2;156;152;156m[38;2;156;152;156m+[0m[48;2;44;41;46m[38;2;44;41;46m▒[0m[48;2;26;22;31m[38;2;26;22;31m▓[0m[48;2;17;13;22m[38;2;17;13;22m█[0m[48;2;18;14;27m[38;2;18;14;27m█[0m[48;2;37;32;50m[38;2;37;32;50m▓[0m[48;2;37;32;50m[38;2;37;32;50m▓[0m[48;2;36;31;50m[38;2;36;31;50m▓[0m[48;2;26;21;37m[38;2;26;21;37m▓[0m[48;2;16;12;22m[38;2;16;12;22m█[0m[48;2;71;66;63m[38;2;71;66;63m░[0m[48;2;43;39;31m[38;2;43;39;31m▒[0m[48;2;16;10;12m[38;2;16;10;12m█[0m[48;2;4;0;3m[38;2;4;0;3m█[0m[48;2;8;4;4m[38;2;8;4;4m█[0m[48;2;76;70;66m[38;2;76;70;66m░[0m[48;2;36;30;28m[38;2;36;30;28m▓[0m[48;2;128;126;108m[38;2;128;126;108m#[0m[48;2;8;3;7m[38;2;8;3;7m█[0m[48;2;23;18;26m[38;2;23;18;26m▓[0m[48;2;179;177;183m[38;2;179;177;183m=[0m                                         
                                    [48;2;140;140;140m[38;2;140;140;140m*[0m[48;2;81;75;80m[38;2;81;75;80m@[0m[48;2;157;142;152m[38;2;157;142;152m+[0m[48;2;160;142;153m[38;2;160;142;153m+[0m[48;2;114;99;109m[38;2;114;99;109m%[0m[48;2;73;62;72m[38;2;73;62;72m░[0m[48;2;189;184;190m[38;2;189;184;190m-[0m[48;2;134;131;136m[38;2;134;131;136m*[0m[48;2;23;18;24m[38;2;23;18;24m▓[0m[48;2;60;54;59m[38;2;60;54;59m░[0m[48;2;41;37;43m[38;2;41;37;43m▒[0m[48;2;29;26;31m[38;2;29;26;31m▓[0m[48;2;8;5;10m[38;2;8;5;10m█[0m[48;2;15;12;21m[38;2;15;12;21m█[0m[48;2;18;13;27m[38;2;18;13;27m█[0m[48;2;24;20;36m[38;2;24;20;36m▓[0m[48;2;36;31;48m[38;2;36;31;48m▓[0m[48;2;37;31;52m[38;2;37;31;52m▓[0m[48;2;37;31;52m[38;2;37;31;52m▓[0m[48;2;37;31;52m[38;2;37;31;52m▓[0m[48;2;37;31;52m[38;2;37;31;52m▓[0m[48;2;26;20;37m[38;2;26;20;37m▓[0m[48;2;90;83;75m[38;2;90;83;75m@[0m[48;2;222;211;163m[38;2;222;211;163m:[0m[48;2;193;180;139m[38;2;193;180;139m=[0m[48;2;130;116;88m[38;2;130;116;88m#[0m[48;2;172;156;122m[38;2;172;156;122m+[0m[48;2;223;206;166m[38;2;223;206;166m:[0m[48;2;55;46;38m[38;2;55;46;38m▒[0m[48;2;46;42;41m[38;2;46;42;41m▒[0m[48;2;19;14;22m[38;2;19;14;22m█[0m[48;2;118;114;121m[38;2;118;114;121m#[0m                                          
                                    [48;2;134;133;133m[38;2;134;133;133m*[0m[48;2;88;81;87m[38;2;88;81;87m@[0m[48;2;159;141;152m[38;2;159;141;152m+[0m[48;2;155;136;149m[38;2;155;136;149m*[0m[48;2;39;28;38m[38;2;39;28;38m▓[0m[48;2;159;152;161m[38;2;159;152;161m+[0m[48;2;46;41;48m[38;2;46;41;48m▒[0m[48;2;77;70;78m[38;2;77;70;78m░[0m[48;2;147;136;145m[38;2;147;136;145m*[0m[48;2;157;143;153m[38;2;157;143;153m+[0m[48;2;158;143;154m[38;2;158;143;154m+[0m[48;2;154;142;152m[38;2;154;142;152m+[0m[48;2;26;22;28m[38;2;26;22;28m▓[0m[48;2;34;30;43m[38;2;34;30;43m▓[0m[48;2;37;32;50m[38;2;37;32;50m▓[0m[48;2;37;31;52m[38;2;37;31;52m▓[0m[48;2;37;31;52m[38;2;37;31;52m▓[0m[48;2;37;31;52m[38;2;37;31;52m▓[0m[48;2;37;31;52m[38;2;37;31;52m▓[0m[48;2;36;31;49m[38;2;36;31;49m▓[0m[48;2;28;23;40m[38;2;28;23;40m▓[0m[48;2;12;8;20m[38;2;12;8;20m█[0m[48;2;25;20;27m[38;2;25;20;27m▓[0m[48;2;86;77;73m[38;2;86;77;73m@[0m[48;2;155;143;120m[38;2;155;143;120m*[0m[48;2;207;191;158m[38;2;207;191;158m-[0m[48;2;190;173;143m[38;2;190;173;143m=[0m[48;2;86;71;61m[38;2;86;71;61m@[0m[48;2;19;10;15m[38;2;19;10;15m█[0m[48;2;5;1;8m[38;2;5;1;8m█[0m[48;2;21;17;25m[38;2;21;17;25m▓[0m[48;2;7;4;12m[38;2;7;4;12m█[0m[48;2;113;112;115m[38;2;113;112;115m#[0m[48;2;178;178;179m[38;2;178;178;179m=[0m[48;2;212;211;212m[38;2;212;211;212m:[0m                                       
                                    [48;2;232;232;232m[38;2;232;232;232m.[0m[48;2;62;58;62m[38;2;62;58;62m░[0m[48;2;113;99;110m[38;2;113;99;110m%[0m[48;2;155;139;151m[38;2;155;139;151m*[0m[48;2;72;59;70m[38;2;72;59;70m░[0m[48;2;19;9;19m[38;2;19;9;19m█[0m[48;2;54;45;53m[38;2;54;45;53m▒[0m[48;2;103;92;101m[38;2;103;92;101m%[0m[48;2;133;121;131m[38;2;133;121;131m#[0m[48;2;116;104;113m[38;2;116;104;113m%[0m[48;2;70;60;69m[38;2;70;60;69m░[0m[48;2;84;75;83m[38;2;84;75;83m@[0m[48;2;13;8;15m[38;2;13;8;15m█[0m[48;2;34;30;42m[38;2;34;30;42m▓[0m[48;2;37;32;49m[38;2;37;32;49m▓[0m[48;2;37;31;52m[38;2;37;31;52m▓[0m[48;2;37;31;52m[38;2;37;31;52m▓[0m[48;2;34;29;46m[38;2;34;29;46m▓[0m[48;2;15;11;23m[38;2;15;11;23m█[0m[48;2;9;6;15m[38;2;9;6;15m█[0m[48;2;18;15;22m[38;2;18;15;22m█[0m[48;2;51;47;53m[38;2;51;47;53m▒[0m[48;2;11;8;13m[38;2;11;8;13m█[0m[48;2;75;70;76m[38;2;75;70;76m░[0m[48;2;50;45;50m[38;2;50;45;50m▒[0m[48;2;25;22;25m[38;2;25;22;25m▓[0m[48;2;14;11;15m[38;2;14;11;15m█[0m[48;2;17;13;19m[38;2;17;13;19m█[0m[48;2;39;37;41m[38;2;39;37;41m▒[0m[48;2;5;3;6m[38;2;5;3;6m█[0m[48;2;33;30;35m[38;2;33;30;35m▓[0m[48;2;47;46;49m[38;2;47;46;49m▒[0m[48;2;35;34;37m[38;2;35;34;37m▓[0m[48;2;33;32;35m[38;2;33;32;35m▓[0m[48;2;27;26;30m[38;2;27;26;30m▓[0m                                       
                                      [48;2;130;127;130m[38;2;130;127;130m*[0m[48;2;38;30;36m[38;2;38;30;36m▓[0m[48;2;83;71;80m[38;2;83;71;80m@[0m[48;2;103;90;100m[38;2;103;90;100m%[0m[48;2;97;86;95m[38;2;97;86;95m@[0m[48;2;77;66;75m[38;2;77;66;75m░[0m[48;2;56;46;54m[38;2;56;46;54m▒[0m[48;2;26;17;24m[38;2;26;17;24m▓[0m[48;2;8;1;8m[38;2;8;1;8m█[0m[48;2;24;18;23m[38;2;24;18;23m▓[0m[48;2;14;9;14m[38;2;14;9;14m█[0m[48;2;10;6;14m[38;2;10;6;14m█[0m[48;2;24;19;31m[38;2;24;19;31m▓[0m[48;2;28;23;37m[38;2;28;23;37m▓[0m[48;2;26;21;37m[38;2;26;21;37m▓[0m[48;2;9;6;16m[38;2;9;6;16m█[0m[48;2;4;1;6m[38;2;4;1;6m█[0m[48;2;35;32;38m[38;2;35;32;38m▓[0m[48;2;60;57;62m[38;2;60;57;62m░[0m[48;2;9;5;11m[38;2;9;5;11m█[0m[48;2;16;13;19m[38;2;16;13;19m█[0m[48;2;104;101;106m[38;2;104;101;106m%[0m[48;2;103;100;105m[38;2;103;100;105m%[0m[48;2;85;82;87m[38;2;85;82;87m@[0m[48;2;76;73;78m[38;2;76;73;78m@[0m[48;2;72;68;79m[38;2;72;68;79m░[0m[48;2;22;16;32m[38;2;22;16;32m▓[0m[48;2;25;18;53m[38;2;25;18;53m▓[0m[48;2;10;6;19m[38;2;10;6;19m█[0m[48;2;26;22;33m[38;2;26;22;33m▓[0m[48;2;33;30;46m[38;2;33;30;46m▓[0m[48;2;33;29;47m[38;2;33;29;47m▓[0m[48;2;22;18;33m[38;2;22;18;33m▓[0m[48;2;58;55;64m[38;2;58;55;64m░[0m[48;2;174;172;175m[38;2;174;172;175m=[0m                                     
                                       [48;2;82;80;82m[38;2;82;80;82m@[0m[48;2;70;63;69m[38;2;70;63;69m░[0m[48;2;108;96;104m[38;2;108;96;104m%[0m[48;2;113;101;110m[38;2;113;101;110m%[0m[48;2;113;101;110m[38;2;113;101;110m%[0m[48;2;118;106;115m[38;2;118;106;115m#[0m[48;2;126;114;124m[38;2;126;114;124m#[0m[48;2;125;113;122m[38;2;125;113;122m#[0m[48;2;117;105;115m[38;2;117;105;115m#[0m[48;2;112;100;110m[38;2;112;100;110m%[0m[48;2;108;97;106m[38;2;108;97;106m%[0m[48;2;106;96;104m[38;2;106;96;104m%[0m[48;2;104;94;103m[38;2;104;94;103m%[0m[48;2;102;92;101m[38;2;102;92;101m%[0m[48;2;96;89;97m[38;2;96;89;97m%[0m[48;2;67;62;69m[38;2;67;62;69m░[0m[48;2;24;21;26m[38;2;24;21;26m▓[0m[48;2;11;8;14m[38;2;11;8;14m█[0m[48;2;27;22;34m[38;2;27;22;34m▓[0m[48;2;35;30;45m[38;2;35;30;45m▓[0m[48;2;26;22;33m[38;2;26;22;33m▓[0m[48;2;211;208;214m[38;2;211;208;214m:[0m [48;2;165;162;167m[38;2;165;162;167m+[0m[48;2;40;34;52m[38;2;40;34;52m▒[0m[48;2;39;30;62m[38;2;39;30;62m▓[0m[48;2;17;12;25m[38;2;17;12;25m█[0m[48;2;12;8;21m[38;2;12;8;21m█[0m[48;2;6;4;11m[38;2;6;4;11m█[0m[48;2;32;27;44m[38;2;32;27;44m▓[0m[48;2;37;31;52m[38;2;37;31;52m▓[0m[48;2;37;31;52m[38;2;37;31;52m▓[0m[48;2;36;30;50m[38;2;36;30;50m▓[0m[48;2;23;18;34m[38;2;23;18;34m▓[0m[48;2;55;52;59m[38;2;55;52;59m▒[0m[48;2;185;184;186m[38;2;185;184;186m-[0m                                   
                                        [48;2;185;183;185m[38;2;185;183;185m-[0m[48;2;119;116;118m[38;2;119;116;118m#[0m[48;2;90;85;90m[38;2;90;85;90m@[0m[48;2;86;80;85m[38;2;86;80;85m@[0m[48;2;92;84;90m[38;2;92;84;90m@[0m[48;2;76;69;76m[38;2;76;69;76m░[0m[48;2;74;65;73m[38;2;74;65;73m░[0m[48;2;75;67;74m[38;2;75;67;74m░[0m[48;2;76;68;76m[38;2;76;68;76m░[0m[48;2;71;63;71m[38;2;71;63;71m░[0m[48;2;65;56;66m[38;2;65;56;66m░[0m[48;2;53;45;55m[38;2;53;45;55m▒[0m[48;2;31;22;34m[38;2;31;22;34m▓[0m[48;2;21;15;28m[38;2;21;15;28m█[0m[48;2;22;18;32m[38;2;22;18;32m▓[0m[48;2;32;27;45m[38;2;32;27;45m▓[0m[48;2;35;30;49m[38;2;35;30;49m▓[0m[48;2;37;31;51m[38;2;37;31;51m▓[0m[48;2;37;31;52m[38;2;37;31;52m▓[0m[48;2;30;25;42m[38;2;30;25;42m▓[0m[48;2;46;43;50m[38;2;46;43;50m▒[0m[48;2;225;223;227m[38;2;225;223;227m.[0m [48;2;236;235;237m[38;2;236;235;237m.[0m[48;2;170;169;172m[38;2;170;169;172m=[0m[48;2;50;47;57m[38;2;50;47;57m▒[0m[48;2;57;53;66m[38;2;57;53;66m░[0m[48;2;22;20;26m[38;2;22;20;26m▓[0m[48;2;8;5;18m[38;2;8;5;18m█[0m[48;2;32;26;46m[38;2;32;26;46m▓[0m[48;2;37;31;52m[38;2;37;31;52m▓[0m[48;2;37;31;52m[38;2;37;31;52m▓[0m[48;2;37;31;52m[38;2;37;31;52m▓[0m[48;2;35;29;49m[38;2;35;29;49m▓[0m[48;2;21;16;29m[38;2;21;16;29m▓[0m[48;2;88;85;92m[38;2;88;85;92m@[0m[48;2;233;233;234m[38;2;233;233;234m.[0m                                 
                                                [48;2;119;119;120m[38;2;119;119;120m#[0m[48;2;19;16;23m[38;2;19;16;23m█[0m[48;2;36;31;48m[38;2;36;31;48m▓[0m[48;2;37;31;51m[38;2;37;31;51m▓[0m[48;2;37;31;52m[38;2;37;31;52m▓[0m[48;2;37;31;52m[38;2;37;31;52m▓[0m[48;2;37;31;52m[38;2;37;31;52m▓[0m[48;2;37;31;52m[38;2;37;31;52m▓[0m[48;2;37;31;52m[38;2;37;31;52m▓[0m[48;2;37;31;52m[38;2;37;31;52m▓[0m[48;2;37;31;52m[38;2;37;31;52m▓[0m[48;2;37;31;51m[38;2;37;31;51m▓[0m[48;2;27;22;39m[38;2;27;22;39m▓[0m[48;2;53;50;57m[38;2;53;50;57m▒[0m[48;2;225;223;225m[38;2;225;223;225m.[0m  [48;2;237;235;239m[38;2;237;235;239m.[0m[48;2;236;233;237m[38;2;236;233;237m.[0m[48;2;118;116;119m[38;2;118;116;119m#[0m[48;2;25;15;67m[38;2;25;15;67m▓[0m[48;2;14;7;45m[38;2;14;7;45m█[0m[48;2;30;25;43m[38;2;30;25;43m▓[0m[48;2;37;31;52m[38;2;37;31;52m▓[0m[48;2;37;31;52m[38;2;37;31;52m▓[0m[48;2;37;31;52m[38;2;37;31;52m▓[0m[48;2;37;31;52m[38;2;37;31;52m▓[0m[48;2;30;25;41m[38;2;30;25;41m▓[0m[48;2;41;38;47m[38;2;41;38;47m▒[0m[48;2;217;216;218m[38;2;217;216;218m:[0m                                