                                                                                                    
                                                                                                    
                                                                                                    
                                                                                                    
                                                                                                    
                                                                                                    
                                                                                                    
                                                                                                    
                                                                                                    
                                                                                                    
                                                                                                    
                                                 [48;2;229;229;229m[38;2;229;229;229m.[0m[48;2;218;218;218m[38;2;218;218;218m:[0m[48;2;213;213;213m[38;2;213;213;213m:[0m[48;2;221;221;221m[38;2;221;221;221m.[0m                                               
                                             [48;2;192;191;192m[38;2;192;191;192m-[0m[48;2;115;115;117m[38;2;115;115;117m#[0m[48;2;63;61;66m[38;2;63;61;66m░[0m[48;2;32;31;39m[38;2;32;31;39m▓[0m[48;2;25;24;33m[38;2;25;24;33m▓[0m[48;2;28;26;36m[38;2;28;26;36m▓[0m[48;2;30;28;38m[38;2;30;28;38m▓[0m[48;2;26;25;37m[38;2;26;25;37m▓[0m[48;2;23;22;32m[38;2;23;22;32m▓[0m[48;2;43;43;52m[38;2;43;43;52m▒[0m[48;2;86;85;93m[38;2;86;85;93m@[0m[48;2;142;142;146m[38;2;142;142;146m*[0m[48;2;220;220;221m[38;2;220;220;221m.[0m                                          
                                           [48;2;190;189;191m[38;2;190;189;191m-[0m[48;2;52;51;57m[38;2;52;51;57m▒[0m[48;2;29;27;39m[38;2;29;27;39m▓[0m[48;2;41;39;54m[38;2;41;39;54m▒[0m[48;2;45;42;59m[38;2;45;42;59m▒[0m[48;2;44;41;58m[38;2;44;41;58m▒[0m[48;2;43;41;57m[38;2;43;41;57m▒[0m[48;2;56;53;68m[38;2;56;53;68m░[0m[48;2;58;56;70m[38;2;58;56;70m░[0m[48;2;42;42;56m[38;2;42;42;56m▒[0m[48;2;61;61;75m[38;2;61;61;75m░[0m[48;2;45;46;61m[38;2;45;46;61m▒[0m[48;2;42;42;60m[38;2;42;42;60m▒[0m[48;2;37;36;53m[38;2;37;36;53m▒[0m[48;2;25;23;36m[38;2;25;23;36m▓[0m[48;2;70;68;76m[38;2;70;68;76m░[0m[48;2;180;179;182m[38;2;180;179;182m=[0m                                        
                                         [48;2;225;225;226m[38;2;225;225;226m.[0m[48;2;82;81;85m[38;2;82;81;85m@[0m[48;2;29;27;37m[38;2;29;27;37m▓[0m[48;2;43;41;54m[38;2;43;41;54m▒[0m[48;2;36;33;47m[38;2;36;33;47m▓[0m[48;2;28;24;37m[38;2;28;24;37m▓[0m[48;2;53;45;56m[38;2;53;45;56m▒[0m[48;2;75;65;76m[38;2;75;65;76m░[0m[48;2;90;79;91m[38;2;90;79;91m@[0m[48;2;95;85;94m[38;2;95;85;94m@[0m[48;2;94;83;93m[38;2;94;83;93m@[0m[48;2;80;70;79m[38;2;80;70;79m@[0m[48;2;58;50;58m[38;2;58;50;58m▒[0m[48;2;52;44;53m[38;2;52;44;53m▒[0m[48;2;49;43;51m[38;2;49;43;51m▒[0m[48;2;31;26;34m[38;2;31;26;34m▓[0m[48;2;34;28;37m[38;2;34;28;37m▓[0m[48;2;27;22;30m[38;2;27;22;30m▓[0m[48;2;15;11;18m[38;2;15;11;18m█[0m[48;2;75;72;77m[38;2;75;72;77m@[0m[48;2;228;227;229m[38;2;228;227;229m.[0m                                      
                                        [48;2;206;205;206m[38;2;206;205;206m:[0m[48;2;36;35;41m[38;2;36;35;41m▓[0m[48;2;41;38;51m[38;2;41;38;51m▒[0m[48;2;42;41;53m[38;2;42;41;53m▒[0m[48;2;20;18;28m[38;2;20;18;28m▓[0m[48;2;70;63;73m[38;2;70;63;73m░[0m[48;2;147;133;144m[38;2;147;133;144m*[0m[48;2;160;141;153m[38;2;160;141;153m+[0m[48;2;161;141;153m[38;2;161;141;153m+[0m[48;2;126;108;121m[38;2;126;108;121m#[0m[48;2;80;66;76m[38;2;80;66;76m░[0m[48;2;80;66;75m[38;2;80;66;75m░[0m[48;2;81;67;76m[38;2;81;67;76m░[0m[48;2;109;94;104m[38;2;109;94;104m%[0m[48;2;145;129;140m[38;2;145;129;140m*[0m[48;2;127;112;123m[38;2;127;112;123m#[0m[48;2;156;141;151m[38;2;156;141;151m+[0m[48;2;159;141;153m[38;2;159;141;153m+[0m[48;2;97;83;93m[38;2;97;83;93m@[0m[48;2;84;73;82m[38;2;84;73;82m@[0m[48;2;65;58;66m[38;2;65;58;66m░[0m[48;2;43;39;43m[38;2;43;39;43m▒[0m[48;2;223;223;223m[38;2;223;223;223m.[0m                                     
                                       [48;2;224;224;224m[38;2;224;224;224m.[0m[48;2;31;30;34m[38;2;31;30;34m▓[0m[48;2;40;39;50m[38;2;40;39;50m▒[0m[48;2;25;23;35m[38;2;25;23;35m▓[0m[48;2;36;31;40m[38;2;36;31;40m▓[0m[48;2;125;113;123m[38;2;125;113;123m#[0m[48;2;160;141;155m[38;2;160;141;155m+[0m[48;2;161;140;155m[38;2;161;140;155m+[0m[48;2;161;140;155m[38;2;161;140;155m+[0m[48;2;161;140;155m[38;2;161;140;155m+[0m[48;2;159;138;153m[38;2;159;138;153m*[0m[48;2;159;140;154m[38;2;159;140;154m+[0m[48;2;161;140;155m[38;2;161;140;155m+[0m[48;2;161;140;155m[38;2;161;140;155m+[0m[48;2;161;140;155m[38;2;161;140;155m+[0m[48;2;161;140;155m[38;2;161;140;155m+[0m[48;2;161;140;155m[38;2;161;140;155m+[0m[48;2;161;140;155m[38;2;161;140;155m+[0m[48;2;161;140;155m[38;2;161;140;155m+[0m[48;2;147;128;142m[38;2;147;128;142m*[0m[48;2;115;99;110m[38;2;115;99;110m%[0m[48;2;102;88;98m[38;2;102;88;98m%[0m[48;2;86;76;83m[38;2;86;76;83m@[0m[48;2;28;23;28m[38;2;28;23;28m▓[0m[48;2;114;112;115m[38;2;114;112;115m#[0m[48;2;170;168;171m[38;2;170;168;171m=[0m                                   
                                       [48;2;76;75;77m[38;2;76;75;77m@[0m[48;2;31;28;36m[38;2;31;28;36m▓[0m[48;2;12;9;18m[38;2;12;9;18m█[0m[48;2;43;37;46m[38;2;43;37;46m▒[0m[48;2;150;135;147m[38;2;150;135;147m*[0m[48;2;161;140;155m[38;2;161;140;155m+[0m[48;2;161;140;155m[38;2;161;140;155m+[0m[48;2;161;140;155m[38;2;161;140;155m+[0m[48;2;161;140;155m[38;2;161;140;155m+[0m[48;2;160;139;154m[38;2;160;139;154m+[0m[48;2;160;139;154m[38;2;160;139;154m+[0m[48;2;159;138;153m[38;2;159;138;153m*[0m[48;2;161;140;155m[38;2;161;140;155m+[0m[48;2;161;140;155m[38;2;161;140;155m+[0m[48;2;161;140;155m[38;2;161;140;155m+[0m[48;2;161;140;155m[38;2;161;140;155m+[0m[48;2;161;140;155m[38;2;161;140;155m+[0m[48;2;161;140;155m[38;2;161;140;155m+[0m[48;2;161;140;155m[38;2;161;140;155m+[0m[48;2;154;134;148m[38;2;154;134;148m*[0m[48;2;137;119;132m[38;2;137;119;132m#[0m[48;2;160;141;155m[38;2;160;141;155m+[0m[48;2;159;141;154m[38;2;159;141;154m+[0m[48;2;86;75;84m[38;2;86;75;84m@[0m[48;2;22;16;26m[38;2;22;16;26m▓[0m[48;2;32;24;46m[38;2;32;24;46m▓[0m[48;2;216;215;216m[38;2;216;215;216m:[0m                                  
                                      [48;2;200;200;200m[38;2;200;200;200m-[0m[48;2;10;9;11m[38;2;10;9;11m█[0m[48;2;30;27;33m[38;2;30;27;33m▓[0m[48;2;25;21;27m[38;2;25;21;27m▓[0m[48;2;146;133;143m[38;2;146;133;143m*[0m[48;2;160;143;154m[38;2;160;143;154m+[0m[48;2;161;140;155m[38;2;161;140;155m+[0m[48;2;161;140;155m[38;2;161;140;155m+[0m[48;2;149;130;144m[38;2;149;130;144m*[0m[48;2;58;43;55m[38;2;58;43;55m▒[0m[48;2;108;92;105m[38;2;108;92;105m%[0m[48;2;56;40;53m[38;2;56;40;53m▒[0m[48;2;154;137;151m[38;2;154;137;151m*[0m[48;2;86;69;82m[38;2;86;69;82m@[0m[48;2;154;135;149m[38;2;154;135;149m*[0m[48;2;161;140;155m[38;2;161;140;155m+[0m[48;2;161;140;155m[38;2;161;140;155m+[0m[48;2;161;140;155m[38;2;161;140;155m+[0m[48;2;159;139;153m[38;2;159;139;153m+[0m[48;2;119;100;114m[38;2;119;100;114m%[0m[48;2;145;127;140m[38;2;145;127;140m*[0m[48;2;47;35;45m[38;2;47;35;45m▒[0m[48;2;158;140;153m[38;2;158;140;153m+[0m[48;2;161;140;155m[38;2;161;140;155m+[0m[48;2;159;140;154m[38;2;159;140;154m+[0m[48;2;52;41;50m[38;2;52;41;50m▒[0m[48;2;37;28;50m[38;2;37;28;50m▓[0m[48;2;91;88;95m[38;2;91;88;95m@[0m                                  
                                      [48;2;122;122;122m[38;2;122;122;122m#[0m[48;2;19;16;20m[38;2;19;16;20m█[0m[48;2;83;76;84m[38;2;83;76;84m@[0m[48;2;86;77;85m[38;2;86;77;85m@[0m[48;2;159;142;153m[38;2;159;142;153m+[0m[48;2;160;142;154m[38;2;160;142;154m+[0m[48;2;161;140;155m[38;2;161;140;155m+[0m[48;2;160;139;154m[38;2;160;139;154m+[0m[48;2;57;44;55m[38;2;57;44;55m▒[0m[48;2;45;38;45m[38;2;45;38;45m▒[0m[48;2;24;19;25m[38;2;24;19;25m▓[0m[48;2;103;96;103m[38;2;103;96;103m%[0m[48;2;84;72;82m[38;2;84;72;82m@[0m[48;2;54;43;51m[38;2;54;43;51m▒[0m[48;2;117;101;112m[38;2;117;101;112m%[0m[48;2;160;140;154m[38;2;160;140;154m+[0m[48;2;161;140;155m[38;2;161;140;155m+[0m[48;2;161;140;155m[38;2;161;140;155m+[0m[48;2;155;135;149m[38;2;155;135;149m*[0m[48;2;35;21;32m[38;2;35;21;32m▓[0m[48;2;150;135;148m[38;2;150;135;148m*[0m[48;2;75;63;74m[38;2;75;63;74m░[0m[48;2;107;93;105m[38;2;107;93;105m%[0m[48;2;160;141;155m[38;2;160;141;155m+[0m[48;2;160;141;155m[38;2;160;141;155m+[0m[48;2;135;119;131m[38;2;135;119;131m#[0m[48;2;24;13;29m[38;2;24;13;29m█[0m[48;2;93;89;96m[38;2;93;89;96m@[0m                                  
                                      [48;2;81;81;81m[38;2;81;81;81m@[0m[48;2;104;96;102m[38;2;104;96;102m%[0m[48;2;66;57;65m[38;2;66;57;65m░[0m[48;2;126;113;123m[38;2;126;113;123m#[0m[48;2;161;141;155m[38;2;161;141;155m+[0m[48;2;161;140;155m[38;2;161;140;155m+[0m[48;2;161;140;155m[38;2;161;140;155m+[0m[48;2;126;107;121m[38;2;126;107;121m#[0m[48;2;8;1;8m[38;2;8;1;8m█[0m[48;2;70;64;69m[38;2;70;64;69m░[0m[48;2;48;42;47m[38;2;48;42;47m▒[0m[48;2;57;48;65m[38;2;57;48;65m▒[0m[48;2;25;15;38m[38;2;25;15;38m▓[0m[48;2;16;9;21m[38;2;16;9;21m█[0m[48;2;12;6;10m[38;2;12;6;10m█[0m[48;2;68;58;66m[38;2;68;58;66m░[0m[48;2;121;105;116m[38;2;121;105;116m#[0m[48;2;124;109;119m[38;2;124;109;119m#[0m[48;2;123;108;118m[38;2;123;108;118m#[0m[48;2;26;17;23m[38;2;26;17;23m▓[0m[48;2;41;31;39m[38;2;41;31;39m▓[0m[48;2;115;102;113m[38;2;115;102;113m%[0m[48;2;26;16;24m[38;2;26;16;24m▓[0m[48;2;71;58;69m[38;2;71;58;69m░[0m[48;2;124;109;121m[38;2;124;109;121m#[0m[48;2;92;78;88m[38;2;92;78;88m@[0m[48;2;101;88;99m[38;2;101;88;99m%[0m[48;2;70;65;71m[38;2;70;65;71m░[0m[48;2;123;121;124m[38;2;123;121;124m#[0m[48;2;202;201;203m[38;2;202;201;203m:[0m                                
                                      [48;2;43;40;42m[38;2;43;40;42m▒[0m[48;2;156;142;152m[38;2;156;142;152m+[0m[48;2;66;55;63m[38;2;66;55;63m░[0m[48;2;128;114;125m[38;2;128;114;125m#[0m[48;2;161;140;155m[38;2;161;140;155m+[0m[48;2;161;140;155m[38;2;161;140;155m+[0m[48;2;161;140;155m[38;2;161;140;155m+[0m[48;2;92;76;88m[38;2;92;76;88m@[0m[48;2;111;105;110m[38;2;111;105;110m%[0m[48;2;217;210;210m[38;2;217;210;210m:[0m[48;2;102;94;98m[38;2;102;94;98m%[0m[48;2;89;65;133m[38;2;89;65;133m@[0m[48;2;84;44;154m[38;2;84;44;154m░[0m[48;2;37;16;70m[38;2;37;16;70m▓[0m[48;2;193;184;183m[38;2;193;184;183m-[0m[48;2;214;202;198m[38;2;214;202;198m:[0m[48;2;187;174;172m[38;2;187;174;172m=[0m[48;2;180;167;166m[38;2;180;167;166m=[0m[48;2;179;167;166m[38;2;179;167;166m=[0m[48;2;30;20;29m[38;2;30;20;29m▓[0m[48;2;57;28;118m[38;2;57;28;118m▒[0m[48;2;56;25;117m[38;2;56;25;117m▒[0m[48;2;25;13;31m[38;2;25;13;31m▓[0m[48;2;107;100;104m[38;2;107;100;104m%[0m[48;2;25;20;23m[38;2;25;20;23m▓[0m[48;2;37;33;35m[38;2;37;33;35m▓[0m[48;2;36;30;35m[38;2;36;30;35m▓[0m[48;2;33;28;34m[38;2;33;28;34m▓[0m[48;2;98;94;100m[38;2;98;94;100m%[0m[48;2;143;140;144m[38;2;143;140;144m*[0m                                
                                     [48;2;224;224;224m[38;2;224;224;224m.[0m[48;2;48;43;46m[38;2;48;43;46m▒[0m[48;2;159;142;153m[38;2;159;142;153m+[0m[48;2;112;97;108m[38;2;112;97;108m%[0m[48;2;74;61;72m[38;2;74;61;72m░[0m[48;2;160;140;155m[38;2;160;140;155m+[0m[48;2;161;140;155m[38;2;161;140;155m+[0m[48;2;161;140;155m[38;2;161;140;155m+[0m[48;2;89;74;85m[38;2;89;74;85m@[0m[48;2;159;149;153m[38;2;159;149;153m+[0m[48;2;247;236;232m[38;2;247;236;232m [0m[48;2;96;85;85m[38;2;96;85;85m@[0m[48;2;181;150;186m[38;2;181;150;186m+[0m[48;2;204;149;209m[38;2;204;149;209m=[0m[48;2;56;38;60m[38;2;56;38;60m▒[0m[48;2;233;221;219m[38;2;233;221;219m.[0m[48;2;250;235;227m[38;2;250;235;227m [0m[48;2;250;235;227m[38;2;250;235;227m [0m[48;2;250;235;227m[38;2;250;235;227m [0m[48;2;247;233;226m[38;2;247;233;226m.[0m[48;2;42;29;37m[38;2;42;29;37m▓[0m[48;2;172;140;196m[38;2;172;140;196m+[0m[48;2;106;65;146m[38;2;106;65;146m@[0m[48;2;85;74;84m[38;2;85;74;84m@[0m[48;2;209;200;197m[38;2;209;200;197m:[0m[48;2;179;170;167m[38;2;179;170;167m=[0m[48;2;90;83;84m[38;2;90;83;84m@[0m[48;2;46;39;44m[38;2;46;39;44m▒[0m[48;2;24;20;25m[38;2;24;20;25m▓[0m[48;2;241;238;242m[38;2;241;238;242m [0m                                 
                                      [48;2;44;39;43m[38;2;44;39;43m▒[0m[48;2;154;138;149m[38;2;154;138;149m*[0m[48;2;127;110;123m[38;2;127;110;123m#[0m[48;2;11;2;10m[38;2;11;2;10m█[0m[48;2;72;61;70m[38;2;72;61;70m░[0m[48;2;147;129;142m[38;2;147;129;142m*[0m[48;2;161;140;155m[38;2;161;140;155m+[0m[48;2;132;115;128m[38;2;132;115;128m#[0m[48;2;76;63;70m[38;2;76;63;70m░[0m[48;2;240;214;214m[38;2;240;214;214m.[0m[48;2;206;190;188m[38;2;206;190;188m-[0m[48;2;98;81;89m[38;2;98;81;89m@[0m[48;2;102;83;95m[38;2;102;83;95m@[0m[48;2;186;174;175m[38;2;186;174;175m=[0m[48;2;249;235;228m[38;2;249;235;228m [0m[48;2;248;233;224m[38;2;248;233;224m.[0m[48;2;247;232;223m[38;2;247;232;223m.[0m[48;2;250;235;226m[38;2;250;235;226m [0m[48;2;250;235;228m[38;2;250;235;228m [0m[48;2;118;104;104m[38;2;118;104;104m%[0m[48;2;112;89;110m[38;2;112;89;110m%[0m[48;2;77;56;73m[38;2;77;56;73m░[0m[48;2;206;193;189m[38;2;206;193;189m-[0m[48;2;248;229;222m[38;2;248;229;222m.[0m[48;2;247;232;224m[38;2;247;232;224m.[0m[48;2;98;88;89m[38;2;98;88;89m@[0m[48;2;121;111;117m[38;2;121;111;117m#[0m[48;2;60;50;57m[38;2;60;50;57m▒[0m[48;2;181;179;182m[38;2;181;179;182m=[0m                                 
                                      [48;2;114;114;114m[38;2;114;114;114m#[0m[48;2;19;15;18m[38;2;19;15;18m█[0m[48;2;100;93;98m[38;2;100;93;98m%[0m[48;2;155;145;147m[38;2;155;145;147m+[0m[48;2;76;68;71m[38;2;76;68;71m░[0m[48;2;10;4;7m[38;2;10;4;7m█[0m[48;2;36;31;34m[38;2;36;31;34m▓[0m[48;2;76;68;74m[38;2;76;68;74m░[0m[48;2;41;34;41m[38;2;41;34;41m▒[0m[48;2;70;61;66m[38;2;70;61;66m░[0m[48;2;176;161;162m[38;2;176;161;162m=[0m[48;2;251;237;234m[38;2;251;237;234m [0m[48;2;249;235;229m[38;2;249;235;229m [0m[48;2;249;235;227m[38;2;249;235;227m [0m[48;2;250;235;226m[38;2;250;235;226m [0m[48;2;211;196;188m[38;2;211;196;188m-[0m[48;2;146;130;125m[38;2;146;130;125m*[0m[48;2;249;234;225m[38;2;249;234;225m.[0m[48;2;250;235;226m[38;2;250;235;226m [0m[48;2;249;233;226m[38;2;249;233;226m.[0m[48;2;215;200;194m[38;2;215;200;194m:[0m[48;2;236;221;216m[38;2;236;221;216m.[0m[48;2;243;222;213m[38;2;243;222;213m.[0m[48;2;238;202;190m[38;2;238;202;190m:[0m[48;2;247;223;214m[38;2;247;223;214m.[0m[48;2;75;65;65m[38;2;75;65;65m░[0m[48;2;84;76;80m[38;2;84;76;80m@[0m[48;2;70;64;69m[38;2;70;64;69m░[0m[48;2;229;227;230m[38;2;229;227;230m.[0m                                 
                                     [48;2;225;225;225m[38;2;225;225;225m.[0m[48;2;56;55;56m[38;2;56;55;56m░[0m[48;2;176;175;176m[38;2;176;175;176m=[0m[48;2;72;68;70m[38;2;72;68;70m░[0m[48;2;171;163;165m[38;2;171;163;165m=[0m[48;2;235;225;228m[38;2;235;225;228m.[0m[48;2;43;35;38m[38;2;43;35;38m▒[0m[48;2;49;45;47m[38;2;49;45;47m▒[0m[48;2;50;45;48m[38;2;50;45;48m▒[0m[48;2;199;193;196m[38;2;199;193;196m-[0m[48;2;241;233;233m[38;2;241;233;233m.[0m[48;2;243;231;231m[38;2;243;231;231m.[0m[48;2;249;237;233m[38;2;249;237;233m [0m[48;2;250;235;230m[38;2;250;235;230m [0m[48;2;250;236;228m[38;2;250;236;228m [0m[48;2;250;235;227m[38;2;250;235;227m [0m[48;2;250;235;227m[38;2;250;235;227m [0m[48;2;250;234;227m[38;2;250;234;227m [0m[48;2;250;234;227m[38;2;250;234;227m [0m[48;2;250;235;227m[38;2;250;235;227m [0m[48;2;250;235;227m[38;2;250;235;227m [0m[48;2;250;235;227m[38;2;250;235;227m [0m[48;2;250;235;227m[38;2;250;235;227m [0m[48;2;252;236;230m[38;2;252;236;230m [0m[48;2;251;235;231m[38;2;251;235;231m [0m[48;2;175;161;161m[38;2;175;161;161m=[0m[48;2;53;45;46m[38;2;53;45;46m▒[0m[48;2;47;41;43m[38;2;47;41;43m▒[0m[48;2;169;163;168m[38;2;169;163;168m=[0m                                  
                                     [48;2;175;175;175m[38;2;175;175;175m=[0m[48;2;88;87;87m[38;2;88;87;87m@[0m[48;2;202;201;203m[38;2;202;201;203m:[0m[48;2;134;133;136m[38;2;134;133;136m*[0m[48;2;3;1;3m[38;2;3;1;3m█[0m[48;2;39;34;39m[38;2;39;34;39m▓[0m[48;2;27;21;26m[38;2;27;21;26m▓[0m[48;2;189;185;188m[38;2;189;185;188m-[0m[48;2;41;38;39m[38;2;41;38;39m▒[0m[48;2;61;59;60m[38;2;61;59;60m░[0m[48;2;50;44;45m[38;2;50;44;45m▒[0m[48;2;66;61;62m[38;2;66;61;62m░[0m[48;2;91;85;87m[38;2;91;85;87m@[0m[48;2;114;109;110m[38;2;114;109;110m#[0m[48;2;134;126;125m[38;2;134;126;125m*[0m[48;2;152;142;142m[38;2;152;142;142m*[0m[48;2;168;157;156m[38;2;168;157;156m+[0m[48;2;178;167;165m[38;2;178;167;165m=[0m[48;2;189;177;176m[38;2;189;177;176m=[0m[48;2;192;180;179m[38;2;192;180;179m-[0m[48;2;190;178;177m[38;2;190;178;177m=[0m[48;2;179;167;165m[38;2;179;167;165m=[0m[48;2;160;149;147m[38;2;160;149;147m+[0m[48;2;127;117;115m[38;2;127;117;115m#[0m[48;2;67;60;65m[38;2;67;60;65m░[0m[48;2;17;11;18m[38;2;17;11;18m█[0m[48;2;33;28;33m[38;2;33;28;33m▓[0m[48;2;89;85;89m[38;2;89;85;89m@[0m                                   
                                   [48;2;199;199;199m[38;2;199;199;199m-[0m[48;2;92;90;93m[38;2;92;90;93m@[0m[48;2;65;62;65m[38;2;65;62;65m░[0m[48;2;73;71;73m[38;2;73;71;73m░[0m[48;2;203;200;204m[38;2;203;200;204m:[0m[48;2;129;126;130m[38;2;129;126;130m#[0m[48;2;5;2;6m[38;2;5;2;6m█[0m[48;2;10;7;11m[38;2;10;7;11m█[0m[48;2;7;4;8m[38;2;7;4;8m█[0m[48;2;222;219;223m[38;2;222;219;223m.[0m[48;2;150;147;150m[38;2;150;147;150m+[0m[48;2;6;4;6m[38;2;6;4;6m█[0m[48;2;18;14;19m[38;2;18;14;19m█[0m[48;2;6;3;9m[38;2;6;3;9m█[0m[48;2;9;5;11m[38;2;9;5;11m█[0m[48;2;20;17;24m[38;2;20;17;24m▓[0m[48;2;31;27;35m[38;2;31;27;35m▓[0m[48;2;24;18;27m[38;2;24;18;27m▓[0m[48;2;51;45;51m[38;2;51;45;51m▒[0m[48;2;96;90;95m[38;2;96;90;95m%[0m[48;2;46;39;44m[38;2;46;39;44m▒[0m[48;2;47;40;43m[38;2;47;40;43m▒[0m[48;2;80;73;77m[38;2;80;73;77m@[0m[48;2;15;9;12m[38;2;15;9;12m█[0m[48;2;9;5;8m[38;2;9;5;8m█[0m[48;2;8;5;9m[38;2;8;5;9m█[0m[48;2;34;30;42m[38;2;34;30;42m▓[0m[48;2;21;18;29m[38;2;21;18;29m▓[0m[48;2;12;9;16m[38;2;12;9;16m█[0m[48;2;165;162;166m[38;2;165;162;166m+[0m                                   
                                  [48;2;124;124;124m[38;2;124;124;124m#[0m[48;2;75;71;75m[38;2;75;71;75m░[0m[48;2;147;135;145m[38;2;147;135;145m*[0m[48;2;153;138;150m[38;2;153;138;150m*[0m[48;2;51;44;50m[38;2;51;44;50m▒[0m[48;2;172;168;173m[38;2;172;168;173m=[0m[48;2;190;187;191m[38;2;190;187;191m-[0m[48;2;26;22;27m[38;2;26;22;27m▓[0m[48;2;9;6;10m[38;2;9;6;10m█[0m[48;2;89;86;90m[38;2;89;86;90m@[0m[48;2;244;240;244m[38;2;244;240;244m [0m[48;2;89;86;92m[38;2;89;86;92m@[0m[48;2;20;17;22m[38;2;20;17;22m▓[0m[48;2;14;11;20m[38;2;14;11;20m█[0m[48;2;33;28;42m[38;2;33;28;42m▓[0m[48;2;28;24;35m[38;2;28;24;35m▓[0m[48;2;24;21;29m[38;2;24;21;29m▓[0m[48;2;15;12;19m[38;2;15;12;19m█[0m[48;2;37;34;40m[38;2;37;34;40m▓[0m[48;2;10;8;12m[38;2;10;8;12m█[0m[48;2;8;5;11m[38;2;8;5;11m█[0m[48;2;106;102;107m[38;2;106;102;107m%[0m[48;2;118;112;115m[38;2;118;112;115m#[0m[48;2;54;48;52m[38;2;54;48;52m▒[0m[48;2;18;14;16m[38;2;18;14;16m█[0m[48;2;93;89;82m[38;2;93;89;82m@[0m[48;2;9;6;11m[38;2;9;6;11m█[0m[48;2;28;24;37m[38;2;28;24;37m▓[0m[48;2;77;73;84m[38;2;77;73;84m@[0m[48;2;225;222;228m[38;2;225;222;228m.[0m                                    
                                 [48;2;136;136;136m[38;2;136;136;136m*[0m[48;2;89;81;88m[38;2;89;81;88m@[0m[48;2;158;142;153m[38;2;158;142;153m+[0m[48;2;158;141;152m[38;2;158;141;152m+[0m[48;2;128;112;123m[38;2;128;112;123m#[0m[48;2;69;60;68m[38;2;69;60;68m░[0m[48;2;70;66;72m[38;2;70;66;72m░[0m[48;2;108;105;110m[38;2;108;105;110m%[0m[48;2;64;60;64m[38;2;64;60;64m░[0m[48;2;31;28;32m[38;2;31;28;32m▓[0m[48;2;123;121;124m[38;2;123;121;124m#[0m[48;2;52;49;53m[38;2;52;49;53m▒[0m[48;2;19;16;24m[38;2;19;16;24m█[0m[48;2;18;15;25m[38;2;18;15;25m█[0m[48;2;16;12;24m[38;2;16;12;24m█[0m[48;2;37;32;51m[38;2;37;32;51m▓[0m[48;2;37;31;51m[38;2;37;31;51m▓[0m[48;2;37;31;51m[38;2;37;31;51m▓[0m[48;2;30;25;43m[38;2;30;25;43m▓[0m[48;2;12;7;17m[38;2;12;7;17m█[0m[48;2;127;122;103m[38;2;127;122;103m#[0m[48;2;90;82;66m[38;2;90;82;66m@[0m[48;2;15;8;7m[38;2;15;8;7m█[0m[48;2;13;8;8m[38;2;13;8;8m█[0m[48;2;103;95;82m[38;2;103;95;82m%[0m[48;2;46;39;33m[38;2;46;39;33m▒[0m[48;2;115;112;97m[38;2;115;112;97m#[0m[48;2;9;4;9m[38;2;9;4;9m█[0m[48;2;75;71;78m[38;2;75;71;78m░[0m[48;2;238;236;240m[38;2;238;236;240m.[0m                                     
                                 [48;2;51;50;51m[38;2;51;50;51m▒[0m[48;2;148;136;145m[38;2;148;136;145m*[0m[48;2;160;142;153m[38;2;160;142;153m+[0m[48;2;113;97;108m[38;2;113;97;108m%[0m[48;2;98;88;98m[38;2;98;88;98m%[0m[48;2;187;181;188m[38;2;187;181;188m-[0m[48;2;85;82;88m[38;2;85;82;88m@[0m[48;2;74;67;74m[38;2;74;67;74m░[0m[48;2;114;104;112m[38;2;114;104;112m%[0m[48;2;94;86;94m[38;2;94;86;94m@[0m[48;2;71;65;72m[38;2;71;65;72m░[0m[48;2;11;7;15m[38;2;11;7;15m█[0m[48;2;26;22;36m[38;2;26;22;36m▓[0m[48;2;33;27;46m[38;2;33;27;46m▓[0m[48;2;37;31;51m[38;2;37;31;51m▓[0m[48;2;37;31;52m[38;2;37;31;52m▓[0m[48;2;37;31;52m[38;2;37;31;52m▓[0m[48;2;37;31;52m[38;2;37;31;52m▓[0m[48;2;37;31;51m[38;2;37;31;51m▓[0m[48;2;18;13;26m[38;2;18;13;26m█[0m[48;2;105;98;86m[38;2;105;98;86m%[0m[48;2;217;205;163m[38;2;217;205;163m:[0m[48;2;217;201;155m[38;2;217;201;155m-[0m[48;2;209;190;146m[38;2;209;190;146m-[0m[48;2;214;195;155m[38;2;214;195;155m-[0m[48;2;72;60;51m[38;2;72;60;51m░[0m[48;2;13;8;14m[38;2;13;8;14m█[0m[48;2;22;17;26m[38;2;22;17;26m▓[0m[48;2;99;96;103m[38;2;99;96;103m%[0m                                      
                                 [48;2;102;101;102m[38;2;102;101;102m%[0m[48;2;113;101;110m[38;2;113;101;110m%[0m[48;2;160;141;154m[38;2;160;141;154m+[0m[48;2;71;58;69m[38;2;71;58;69m░[0m[48;2;70;62;71m[38;2;70;62;71m░[0m[48;2;40;33;41m[38;2;40;33;41m▓[0m[48;2;134;124;132m[38;2;134;124;132m#[0m[48;2;157;144;154m[38;2;157;144;154m+[0m[48;2;156;141;152m[38;2;156;141;152m+[0m[48;2;126;112;122m[38;2;126;112;122m#[0m[48;2;72;62;71m[38;2;72;62;71m░[0m[48;2;18;14;23m[38;2;18;14;23m█[0m[48;2;37;32;49m[38;2;37;32;49m▓[0m[48;2;37;31;52m[38;2;37;31;52m▓[0m[48;2;37;31;52m[38;2;37;31;52m▓[0m[48;2;37;31;51m[38;2;37;31;51m▓[0m[48;2;30;25;43m[38;2;30;25;43m▓[0m[48;2;23;19;33m[38;2;23;19;33m▓[0m[48;2;11;7;18m[38;2;11;7;18m█[0m[48;2;20;16;24m[38;2;20;16;24m█[0m[48;2;53;48;54m[38;2;53;48;54m▒[0m[48;2;53;45;47m[38;2;53;45;47m▒[0m[48;2;79;71;65m[38;2;79;71;65m░[0m[48;2;104;95;85m[38;2;104;95;85m%[0m[48;2;26;17;20m[38;2;26;17;20m▓[0m[48;2;12;6;12m[38;2;12;6;12m█[0m[48;2;4;1;5m[38;2;4;1;5m█[0m[48;2;39;36;41m[38;2;39;36;41m▒[0m[48;2;41;39;44m[38;2;41;39;44m▒[0m[48;2;66;66;68m[38;2;66;66;68m░[0m[48;2;79;78;80m[38;2;79;78;80m@[0m[48;2;191;190;191m[38;2;191;190;191m-[0m                                   
                                  [48;2;120;116;120m[38;2;120;116;120m#[0m[48;2;74;66;72m[38;2;74;66;72m░[0m[48;2;118;106;116m[38;2;118;106;116m#[0m[48;2;102;90;100m[38;2;102;90;100m%[0m[48;2;87;76;85m[38;2;87;76;85m@[0m[48;2;76;65;74m[38;2;76;65;74m░[0m[48;2;85;74;83m[38;2;85;74;83m@[0m[48;2;37;28;36m[38;2;37;28;36m▓[0m[48;2;21;14;21m[38;2;21;14;21m█[0m[48;2;67;61;66m[38;2;67;61;66m░[0m[48;2;9;6;13m[38;2;9;6;13m█[0m[48;2;30;25;37m[38;2;30;25;37m▓[0m[48;2;36;31;47m[38;2;36;31;47m▓[0m[48;2;36;30;50m[38;2;36;30;50m▓[0m[48;2;23;18;34m[38;2;23;18;34m▓[0m[48;2;5;2;9m[38;2;5;2;9m█[0m[48;2;30;27;33m[38;2;30;27;33m▓[0m[48;2;66;63;69m[38;2;66;63;69m░[0m[48;2;21;17;23m[38;2;21;17;23m▓[0m[48;2;21;18;24m[38;2;21;18;24m▓[0m[48;2;84;79;85m[38;2;84;79;85m@[0m[48;2;58;55;60m[38;2;58;55;60m░[0m[48;2;71;68;73m[38;2;71;68;73m░[0m[48;2;74;72;77m[38;2;74;72;77m@[0m[48;2;55;52;57m[38;2;55;52;57m▒[0m[48;2;11;7;23m[38;2;11;7;23m█[0m[48;2;4;1;8m[38;2;4;1;8m█[0m[48;2;20;17;25m[38;2;20;17;25m▓[0m[48;2;20;18;29m[38;2;20;18;29m▓[0m[48;2;17;15;26m[38;2;17;15;26m█[0m[48;2;54;52;60m[38;2;54;52;60m▒[0m[48;2;206;205;207m[38;2;206;205;207m:[0m                                  
                                   [48;2;136;134;136m[38;2;136;134;136m*[0m[48;2;42;35;40m[38;2;42;35;40m▒[0m[48;2;82;71;80m[38;2;82;71;80m@[0m[48;2;78;66;75m[38;2;78;66;75m░[0m[48;2;79;68;77m[38;2;79;68;77m░[0m[48;2;82;71;79m[38;2;82;71;79m@[0m[48;2;86;75;84m[38;2;86;75;84m@[0m[48;2;82;72;80m[38;2;82;72;80m@[0m[48;2;76;66;74m[38;2;76;66;74m░[0m[48;2;69;61;68m[38;2;69;61;68m░[0m[48;2;67;59;67m[38;2;67;59;67m░[0m[48;2;67;59;68m[38;2;67;59;68m░[0m[48;2;65;58;67m[38;2;65;58;67m░[0m[48;2;62;56;64m[38;2;62;56;64m░[0m[48;2;56;52;58m[38;2;56;52;58m▒[0m[48;2;26;23;27m[38;2;26;23;27m▓[0m[48;2;6;3;8m[38;2;6;3;8m█[0m[48;2;26;22;32m[38;2;26;22;32m▓[0m[48;2;21;17;28m[38;2;21;17;28m▓[0m[48;2;145;142;149m[38;2;145;142;149m*[0m[48;2;222;220;224m[38;2;222;220;224m.[0m[48;2;150;147;152m[38;2;150;147;152m+[0m[48;2;24;19;33m[38;2;24;19;33m▓[0m[48;2;39;29;70m[38;2;39;29;70m▒[0m[48;2;25;18;41m[38;2;25;18;41m▓[0m[48;2;11;7;20m[38;2;11;7;20m█[0m[48;2;16;12;22m[38;2;16;12;22m█[0m[48;2;36;31;50m[38;2;36;31;50m▓[0m[48;2;37;31;52m[38;2;37;31;52m▓[0m[48;2;35;29;49m[38;2;35;29;49m▓[0m[48;2;23;18;33m[38;2;23;18;33m▓[0m[48;2;82;79;86m[38;2;82;79;86m@[0m[48;2;206;206;207m[38;2;206;206;207m:[0m                                
                                    [48;2;176;175;177m[38;2;176;175;177m=[0m[48;2;107;102;106m[38;2;107;102;106m%[0m[48;2;90;83;88m[38;2;90;83;88m@[0m[48;2;85;77;83m[38;2;85;77;83m@[0m[48;2;92;82;90m[38;2;92;82;90m@[0m[48;2;91;82;90m[38;2;91;82;90m@[0m[48;2;95;86;94m[38;2;95;86;94m@[0m[48;2;98;88;96m[38;2;98;88;96m%[0m[48;2;97;87;96m[38;2;97;87;96m@[0m[48;2;92;81;91m[38;2;92;81;91m@[0m[48;2;80;70;80m[38;2;80;70;80m@[0m[48;2;60;50;61m[38;2;60;50;61m▒[0m[48;2;43;35;47m[38;2;43;35;47m▒[0m[48;2;23;18;31m[38;2;23;18;31m▓[0m[48;2;27;22;38m[38;2;27;22;38m▓[0m[48;2;35;30;47m[38;2;35;30;47m▓[0m[48;2;37;32;51m[38;2;37;32;51m▓[0m[48;2;36;31;51m[38;2;36;31;51m▓[0m[48;2;21;17;28m[38;2;21;17;28m▓[0m[48;2;179;176;181m[38;2;179;176;181m=[0m [48;2;223;221;225m[38;2;223;221;225m.[0m[48;2;144;142;147m[38;2;144;142;147m*[0m[48;2;40;36;48m[38;2;40;36;48m▒[0m[48;2;44;40;55m[38;2;44;40;55m▒[0m[48;2;8;6;12m[38;2;8;6;12m█[0m[48;2;18;14;29m[38;2;18;14;29m█[0m[48;2;36;30;51m[38;2;36;30;51m▓[0m[48;2;37;31;52m[38;2;37;31;52m▓[0m[48;2;37;31;52m[38;2;37;31;52m▓[0m[48;2;34;29;49m[38;2;34;29;49m▓[0m[48;2;23;19;31m[38;2;23;19;31m▓[0m[48;2;108;106;112m[38;2;108;106;112m%[0m[48;2;239;239;240m[38;2;239;239;240m [0m                              
                                         [48;2;230;230;231m[38;2;230;230;231m.[0m[48;2;219;218;219m[38;2;219;218;219m:[0m[48;2;216;215;216m[38;2;216;215;216m:[0m[48;2;25;24;27m[38;2;25;24;27m▓[0m[48;2;32;26;39m[38;2;32;26;39m▓[0m[48;2;36;29;49m[38;2;36;29;49m▓[0m[48;2;37;31;51m[38;2;37;31;51m▓[0m[48;2;37;31;51m[38;2;37;31;51m▓[0m[48;2;37;31;52m[38;2;37;31;52m▓[0m[48;2;37;31;52m[38;2;37;31;52m▓[0m[48;2;37;31;52m[38;2;37;31;52m▓[0m[48;2;37;31;52m[38;2;37;31;52m▓[0m[48;2;37;31;52m[38;2;37;31;52m▓[0m[48;2;35;29;48m[38;2;35;29;48m▓[0m[48;2;25;21;32m[38;2;25;21;32m▓[0m[48;2;183;180;184m[38;2;183;180;184m=[0m  [48;2;229;227;230m[38;2;229;227;230m.[0m[48;2;228;225;230m[38;2;228;225;230m.[0m[48;2;81;80;83m[38;2;81;80;83m@[0m[48;2;25;15;77m[38;2;25;15;77m▓[0m[48;2;17;13;33m[38;2;17;13;33m█[0m[48;2;36;30;50m[38;2;36;30;50m▓[0m[48;2;37;31;52m[38;2;37;31;52m▓[0m[48;2;37;31;52m[38;2;37;31;52m▓[0m[48;2;37;31;52m[38;2;37;31;52m▓[0m[48;2;30;25;42m[38;2;30;25;42m▓[0m[48;2;50;47;56m[38;2;50;47;56m▒[0m[48;2;223;223;224m[38;2;223;223;224m.[0m                             