                                                                                                    
                                                                                                    
                                                                                                    
                                                                                                    
                                                                                                    
                                                                                                    
                                                                                                    
                                                                                                    
                                                                                                    
                                                                                                    
                                                                                                    
                                             [48;2;231;231;231m[38;2;231;231;231m.[0m[48;2;217;217;217m[38;2;217;217;217m:[0m[48;2;214;214;215m[38;2;214;214;215m:[0m[48;2;222;222;222m[38;2;222;222;222m.[0m[48;2;237;237;237m[38;2;237;237;237m.[0m                                                  
                                          [48;2;161;161;162m[38;2;161;161;162m+[0m[48;2;83;82;86m[38;2;83;82;86m@[0m[48;2;32;30;38m[38;2;32;30;38m▓[0m[48;2;25;23;33m[38;2;25;23;33m▓[0m[48;2;28;26;36m[38;2;28;26;36m▓[0m[48;2;29;28;38m[38;2;29;28;38m▓[0m[48;2;27;26;37m[38;2;27;26;37m▓[0m[48;2;25;24;34m[38;2;25;24;34m▓[0m[48;2;30;29;38m[38;2;30;29;38m▓[0m[48;2;52;51;58m[38;2;52;51;58m▒[0m[48;2;80;79;85m[38;2;80;79;85m@[0m[48;2;120;119;123m[38;2;120;119;123m#[0m[48;2;174;173;176m[38;2;174;173;176m=[0m[48;2;237;237;238m[38;2;237;237;238m.[0m                                            
                                         [48;2;125;124;127m[38;2;125;124;127m#[0m[48;2;17;15;23m[38;2;17;15;23m█[0m[48;2;38;37;51m[38;2;38;37;51m▒[0m[48;2;42;43;59m[38;2;42;43;59m▒[0m[48;2;40;44;59m[38;2;40;44;59m▒[0m[48;2;40;43;60m[38;2;40;43;60m▒[0m[48;2;40;44;59m[38;2;40;44;59m▒[0m[48;2;40;44;59m[38;2;40;44;59m▒[0m[48;2;40;44;59m[38;2;40;44;59m▒[0m[48;2;41;43;59m[38;2;41;43;59m▒[0m[48;2;41;43;59m[38;2;41;43;59m▒[0m[48;2;41;43;59m[38;2;41;43;59m▒[0m[48;2;39;40;56m[38;2;39;40;56m▒[0m[48;2;32;32;47m[38;2;32;32;47m▓[0m[48;2;27;25;37m[38;2;27;25;37m▓[0m[48;2;86;84;92m[38;2;86;84;92m@[0m[48;2;194;193;196m[38;2;194;193;196m-[0m                                          
                                        [48;2;174;173;175m[38;2;174;173;175m=[0m[48;2;29;27;34m[38;2;29;27;34m▓[0m[48;2;44;42;56m[38;2;44;42;56m▒[0m[48;2;41;43;59m[38;2;41;43;59m▒[0m[48;2;40;44;59m[38;2;40;44;59m▒[0m[48;2;40;44;59m[38;2;40;44;59m▒[0m[48;2;40;44;59m[38;2;40;44;59m▒[0m[48;2;40;44;59m[38;2;40;44;59m▒[0m[48;2;40;44;59m[38;2;40;44;59m▒[0m[48;2;40;44;59m[38;2;40;44;59m▒[0m[48;2;40;44;59m[38;2;40;44;59m▒[0m[48;2;40;44;59m[38;2;40;44;59m▒[0m[48;2;40;44;59m[38;2;40;44;59m▒[0m[48;2;40;44;59m[38;2;40;44;59m▒[0m[48;2;40;44;59m[38;2;40;44;59m▒[0m[48;2;41;43;59m[38;2;41;43;59m▒[0m[48;2;40;40;56m[38;2;40;40;56m▒[0m[48;2;24;22;35m[38;2;24;22;35m▓[0m[48;2;98;97;103m[38;2;98;97;103m%[0m[48;2;239;238;239m[38;2;239;238;239m [0m                                        
                                       [48;2;116;115;118m[38;2;116;115;118m#[0m[48;2;14;13;18m[38;2;14;13;18m█[0m[48;2;66;64;75m[38;2;66;64;75m░[0m[48;2;42;42;58m[38;2;42;42;58m▒[0m[48;2;40;44;59m[38;2;40;44;59m▒[0m[48;2;40;44;59m[38;2;40;44;59m▒[0m[48;2;40;44;59m[38;2;40;44;59m▒[0m[48;2;40;44;59m[38;2;40;44;59m▒[0m[48;2;40;44;59m[38;2;40;44;59m▒[0m[48;2;40;44;59m[38;2;40;44;59m▒[0m[48;2;40;44;59m[38;2;40;44;59m▒[0m[48;2;40;44;59m[38;2;40;44;59m▒[0m[48;2;40;44;59m[38;2;40;44;59m▒[0m[48;2;40;44;59m[38;2;40;44;59m▒[0m[48;2;40;44;59m[38;2;40;44;59m▒[0m[48;2;40;44;59m[38;2;40;44;59m▒[0m[48;2;40;44;59m[38;2;40;44;59m▒[0m[48;2;40;44;59m[38;2;40;44;59m▒[0m[48;2;41;43;59m[38;2;41;43;59m▒[0m[48;2;34;33;46m[38;2;34;33;46m▓[0m[48;2;60;58;65m[38;2;60;58;65m░[0m[48;2;229;228;230m[38;2;229;228;230m.[0m                                       
                                     [48;2;231;231;231m[38;2;231;231;231m.[0m[48;2;74;69;74m[38;2;74;69;74m░[0m[48;2;104;95;104m[38;2;104;95;104m%[0m[48;2;20;16;22m[38;2;20;16;22m█[0m[48;2;73;72;80m[38;2;73;72;80m@[0m[48;2;42;42;58m[38;2;42;42;58m▒[0m[48;2;40;44;59m[38;2;40;44;59m▒[0m[48;2;40;44;59m[38;2;40;44;59m▒[0m[48;2;40;44;59m[38;2;40;44;59m▒[0m[48;2;40;44;59m[38;2;40;44;59m▒[0m[48;2;40;44;59m[38;2;40;44;59m▒[0m[48;2;40;44;59m[38;2;40;44;59m▒[0m[48;2;40;44;59m[38;2;40;44;59m▒[0m[48;2;40;44;59m[38;2;40;44;59m▒[0m[48;2;40;44;59m[38;2;40;44;59m▒[0m[48;2;40;44;59m[38;2;40;44;59m▒[0m[48;2;40;44;59m[38;2;40;44;59m▒[0m[48;2;40;44;59m[38;2;40;44;59m▒[0m[48;2;40;44;59m[38;2;40;44;59m▒[0m[48;2;40;44;59m[38;2;40;44;59m▒[0m[48;2;40;44;59m[38;2;40;44;59m▒[0m[48;2;40;44;59m[38;2;40;44;59m▒[0m[48;2;34;35;48m[38;2;34;35;48m▓[0m[48;2;51;50;56m[38;2;51;50;56m▒[0m[48;2;238;237;238m[38;2;238;237;238m.[0m                                      
                                    [48;2;239;239;239m[38;2;239;239;239m [0m[48;2;56;55;57m[38;2;56;55;57m░[0m[48;2;67;59;67m[38;2;67;59;67m░[0m[48;2;98;88;98m[38;2;98;88;98m%[0m[48;2;16;9;19m[38;2;16;9;19m█[0m[48;2;80;75;86m[38;2;80;75;86m@[0m[48;2;43;43;59m[38;2;43;43;59m▒[0m[48;2;40;44;59m[38;2;40;44;59m▒[0m[48;2;40;44;59m[38;2;40;44;59m▒[0m[48;2;40;44;59m[38;2;40;44;59m▒[0m[48;2;40;44;59m[38;2;40;44;59m▒[0m[48;2;40;44;59m[38;2;40;44;59m▒[0m[48;2;40;44;59m[38;2;40;44;59m▒[0m[48;2;40;44;59m[38;2;40;44;59m▒[0m[48;2;40;44;59m[38;2;40;44;59m▒[0m[48;2;40;44;59m[38;2;40;44;59m▒[0m[48;2;40;44;59m[38;2;40;44;59m▒[0m[48;2;40;44;59m[38;2;40;44;59m▒[0m[48;2;40;44;59m[38;2;40;44;59m▒[0m[48;2;40;44;59m[38;2;40;44;59m▒[0m[48;2;40;44;59m[38;2;40;44;59m▒[0m[48;2;40;44;59m[38;2;40;44;59m▒[0m[48;2;40;44;59m[38;2;40;44;59m▒[0m[48;2;40;44;59m[38;2;40;44;59m▒[0m[48;2;32;31;42m[38;2;32;31;42m▓[0m[48;2;107;103;107m[38;2;107;103;107m%[0m                                      
                                    [48;2;131;130;131m[38;2;131;130;131m*[0m[48;2;53;45;52m[38;2;53;45;52m▒[0m[48;2;16;8;21m[38;2;16;8;21m█[0m[48;2;59;44;87m[38;2;59;44;87m▒[0m[48;2;55;40;82m[38;2;55;40;82m▒[0m[48;2;36;27;52m[38;2;36;27;52m▓[0m[48;2;45;43;59m[38;2;45;43;59m▒[0m[48;2;41;43;59m[38;2;41;43;59m▒[0m[48;2;40;44;59m[38;2;40;44;59m▒[0m[48;2;40;44;59m[38;2;40;44;59m▒[0m[48;2;40;44;59m[38;2;40;44;59m▒[0m[48;2;40;44;59m[38;2;40;44;59m▒[0m[48;2;40;44;59m[38;2;40;44;59m▒[0m[48;2;40;44;59m[38;2;40;44;59m▒[0m[48;2;40;44;59m[38;2;40;44;59m▒[0m[48;2;40;44;59m[38;2;40;44;59m▒[0m[48;2;40;44;59m[38;2;40;44;59m▒[0m[48;2;40;44;59m[38;2;40;44;59m▒[0m[48;2;40;44;59m[38;2;40;44;59m▒[0m[48;2;40;44;59m[38;2;40;44;59m▒[0m[48;2;40;44;59m[38;2;40;44;59m▒[0m[48;2;40;44;59m[38;2;40;44;59m▒[0m[48;2;41;43;59m[38;2;41;43;59m▒[0m[48;2;42;42;59m[38;2;42;42;59m▒[0m[48;2;43;42;57m[38;2;43;42;57m▒[0m[48;2;30;28;34m[38;2;30;28;34m▓[0m                                      
                                    [48;2;51;48;51m[38;2;51;48;51m▒[0m[48;2;39;31;40m[38;2;39;31;40m▓[0m[48;2;41;30;53m[38;2;41;30;53m▓[0m[48;2;74;56;109m[38;2;74;56;109m░[0m[48;2;58;40;86m[38;2;58;40;86m▒[0m[48;2;20;12;28m[38;2;20;12;28m█[0m[48;2;63;59;72m[38;2;63;59;72m░[0m[48;2;46;45;61m[38;2;46;45;61m▒[0m[48;2;40;44;59m[38;2;40;44;59m▒[0m[48;2;40;44;59m[38;2;40;44;59m▒[0m[48;2;40;44;59m[38;2;40;44;59m▒[0m[48;2;40;44;59m[38;2;40;44;59m▒[0m[48;2;40;44;59m[38;2;40;44;59m▒[0m[48;2;40;44;59m[38;2;40;44;59m▒[0m[48;2;40;44;59m[38;2;40;44;59m▒[0m[48;2;40;44;59m[38;2;40;44;59m▒[0m[48;2;40;44;59m[38;2;40;44;59m▒[0m[48;2;40;44;59m[38;2;40;44;59m▒[0m[48;2;40;44;59m[38;2;40;44;59m▒[0m[48;2;40;44;59m[38;2;40;44;59m▒[0m[48;2;40;44;59m[38;2;40;44;59m▒[0m[48;2;40;44;59m[38;2;40;44;59m▒[0m[48;2;41;43;59m[38;2;41;43;59m▒[0m[48;2;41;43;59m[38;2;41;43;59m▒[0m[48;2;38;36;52m[38;2;38;36;52m▒[0m[48;2;73;72;75m[38;2;73;72;75m░[0m                                      
                                    [48;2;39;36;38m[38;2;39;36;38m▒[0m[48;2;26;20;25m[38;2;26;20;25m▓[0m[48;2;23;16;25m[38;2;23;16;25m▓[0m[48;2;69;58;69m[38;2;69;58;69m░[0m[48;2;71;58;69m[38;2;71;58;69m░[0m[48;2;79;68;80m[38;2;79;68;80m░[0m[48;2;29;22;34m[38;2;29;22;34m▓[0m[48;2;73;67;82m[38;2;73;67;82m░[0m[48;2;50;50;65m[38;2;50;50;65m▒[0m[48;2;41;43;59m[38;2;41;43;59m▒[0m[48;2;40;44;59m[38;2;40;44;59m▒[0m[48;2;40;44;59m[38;2;40;44;59m▒[0m[48;2;40;44;59m[38;2;40;44;59m▒[0m[48;2;40;44;59m[38;2;40;44;59m▒[0m[48;2;40;44;59m[38;2;40;44;59m▒[0m[48;2;40;44;59m[38;2;40;44;59m▒[0m[48;2;40;44;59m[38;2;40;44;59m▒[0m[48;2;40;44;59m[38;2;40;44;59m▒[0m[48;2;40;44;59m[38;2;40;44;59m▒[0m[48;2;40;44;59m[38;2;40;44;59m▒[0m[48;2;40;44;59m[38;2;40;44;59m▒[0m[48;2;40;44;59m[38;2;40;44;59m▒[0m[48;2;41;43;58m[38;2;41;43;58m▒[0m[48;2;33;32;46m[38;2;33;32;46m▓[0m[48;2;17;13;22m[38;2;17;13;22m█[0m[48;2;117;114;118m[38;2;117;114;118m#[0m                                      
                                    [48;2;153;152;153m[38;2;153;152;153m+[0m[48;2;97;91;95m[38;2;97;91;95m%[0m[48;2;54;46;52m[38;2;54;46;52m▒[0m[48;2;150;137;147m[38;2;150;137;147m*[0m[48;2;92;80;89m[38;2;92;80;89m@[0m[48;2;67;54;65m[38;2;67;54;65m░[0m[48;2;128;117;128m[38;2;128;117;128m#[0m[48;2;50;41;53m[38;2;50;41;53m▒[0m[48;2;51;43;57m[38;2;51;43;57m▒[0m[48;2;67;62;78m[38;2;67;62;78m░[0m[48;2;46;45;61m[38;2;46;45;61m▒[0m[48;2;41;43;59m[38;2;41;43;59m▒[0m[48;2;41;43;59m[38;2;41;43;59m▒[0m[48;2;41;43;59m[38;2;41;43;59m▒[0m[48;2;41;44;59m[38;2;41;44;59m▒[0m[48;2;40;44;59m[38;2;40;44;59m▒[0m[48;2;40;44;59m[38;2;40;44;59m▒[0m[48;2;40;44;59m[38;2;40;44;59m▒[0m[48;2;40;44;59m[38;2;40;44;59m▒[0m[48;2;40;44;59m[38;2;40;44;59m▒[0m[48;2;41;42;58m[38;2;41;42;58m▒[0m[48;2;33;32;45m[38;2;33;32;45m▓[0m[48;2;26;25;36m[38;2;26;25;36m▓[0m[48;2;13;9;18m[38;2;13;9;18m█[0m[48;2;97;87;97m[38;2;97;87;97m@[0m[48;2;74;68;74m[38;2;74;68;74m░[0m                                      
                                    [48;2;190;190;191m[38;2;190;190;191m-[0m[48;2;104;98;101m[38;2;104;98;101m%[0m[48;2;171;162;163m[38;2;171;162;163m=[0m[48;2;71;60;67m[38;2;71;60;67m░[0m[48;2;153;137;149m[38;2;153;137;149m*[0m[48;2;60;47;57m[38;2;60;47;57m▒[0m[48;2;119;105;117m[38;2;119;105;117m#[0m[48;2;156;141;153m[38;2;156;141;153m+[0m[48;2;126;111;122m[38;2;126;111;122m#[0m[48;2;82;69;80m[38;2;82;69;80m@[0m[48;2;55;47;58m[38;2;55;47;58m▒[0m[48;2;35;30;42m[38;2;35;30;42m▓[0m[48;2;32;30;43m[38;2;32;30;43m▓[0m[48;2;35;34;48m[38;2;35;34;48m▓[0m[48;2;38;36;51m[38;2;38;36;51m▒[0m[48;2;38;36;51m[38;2;38;36;51m▒[0m[48;2;35;35;51m[38;2;35;35;51m▒[0m[48;2;32;33;45m[38;2;32;33;45m▓[0m[48;2;25;26;38m[38;2;25;26;38m▓[0m[48;2;31;26;38m[38;2;31;26;38m▓[0m[48;2;58;50;63m[38;2;58;50;63m▒[0m[48;2;89;80;90m[38;2;89;80;90m@[0m[48;2;54;45;55m[38;2;54;45;55m▒[0m[48;2;105;92;104m[38;2;105;92;104m%[0m[48;2;158;141;154m[38;2;158;141;154m+[0m[48;2;78;67;76m[38;2;78;67;76m░[0m[48;2;160;157;160m[38;2;160;157;160m+[0m                                     
                                    [48;2;212;212;212m[38;2;212;212;212m:[0m[48;2;42;39;40m[38;2;42;39;40m▒[0m[48;2;139;132;132m[38;2;139;132;132m*[0m[48;2;116;108;109m[38;2;116;108;109m#[0m[48;2;75;63;71m[38;2;75;63;71m░[0m[48;2;152;134;146m[38;2;152;134;146m*[0m[48;2;61;48;58m[38;2;61;48;58m▒[0m[48;2;110;95;106m[38;2;110;95;106m%[0m[48;2;160;142;153m[38;2;160;142;153m+[0m[48;2;161;143;154m[38;2;161;143;154m+[0m[48;2;160;141;155m[38;2;160;141;155m+[0m[48;2;147;131;144m[38;2;147;131;144m*[0m[48;2;121;107;119m[38;2;121;107;119m#[0m[48;2;60;49;61m[38;2;60;49;61m▒[0m[48;2;22;14;25m[38;2;22;14;25m█[0m[48;2;24;18;28m[38;2;24;18;28m▓[0m[48;2;37;31;42m[38;2;37;31;42m▓[0m[48;2;51;44;54m[38;2;51;44;54m▒[0m[48;2;72;64;73m[38;2;72;64;73m░[0m[48;2;93;84;93m[38;2;93;84;93m@[0m[48;2;57;51;58m[38;2;57;51;58m▒[0m[48;2;28;23;30m[38;2;28;23;30m▓[0m[48;2;46;37;46m[38;2;46;37;46m▒[0m[48;2;76;64;74m[38;2;76;64;74m░[0m[48;2;145;128;141m[38;2;145;128;141m*[0m[48;2;154;139;151m[38;2;154;139;151m*[0m[48;2;62;54;62m[38;2;62;54;62m░[0m[48;2;77;75;77m[38;2;77;75;77m@[0m[48;2;138;136;139m[38;2;138;136;139m*[0m[48;2;209;209;209m[38;2;209;209;209m:[0m                                  
                                    [48;2;121;121;121m[38;2;121;121;121m#[0m[48;2;110;107;109m[38;2;110;107;109m%[0m[48;2;96;92;94m[38;2;96;92;94m%[0m[48;2;18;13;16m[38;2;18;13;16m█[0m[48;2;24;19;23m[38;2;24;19;23m▓[0m[48;2;46;38;43m[38;2;46;38;43m▒[0m[48;2;79;70;77m[38;2;79;70;77m@[0m[48;2;65;56;63m[38;2;65;56;63m░[0m[48;2;70;61;70m[38;2;70;61;70m░[0m[48;2;144;130;140m[38;2;144;130;140m*[0m[48;2;161;142;156m[38;2;161;142;156m+[0m[48;2;161;140;155m[38;2;161;140;155m+[0m[48;2;161;140;155m[38;2;161;140;155m+[0m[48;2;161;140;155m[38;2;161;140;155m+[0m[48;2;160;140;154m[38;2;160;140;154m+[0m[48;2;155;135;150m[38;2;155;135;150m*[0m[48;2;146;126;141m[38;2;146;126;141m*[0m[48;2;142;123;137m[38;2;142;123;137m*[0m[48;2;120;107;118m[38;2;120;107;118m#[0m[48;2;15;8;15m[38;2;15;8;15m█[0m[48;2;7;2;8m[38;2;7;2;8m█[0m[48;2;16;14;19m[38;2;16;14;19m█[0m[48;2;35;31;39m[38;2;35;31;39m▓[0m[48;2;24;17;27m[38;2;24;17;27m▓[0m[48;2;122;110;122m[38;2;122;110;122m#[0m[48;2;158;142;155m[38;2;158;142;155m+[0m[48;2;154;137;150m[38;2;154;137;150m*[0m[48;2;86;75;83m[38;2;86;75;83m@[0m[48;2;50;43;49m[38;2;50;43;49m▒[0m[48;2;80;73;80m[38;2;80;73;80m@[0m[48;2;77;70;76m[38;2;77;70;76m░[0m[48;2;146;143;146m[38;2;146;143;146m*[0m                                
                                    [48;2;173;173;173m[38;2;173;173;173m=[0m[48;2;45;45;45m[38;2;45;45;45m▒[0m[48;2;99;97;98m[38;2;99;97;98m%[0m[48;2;94;90;92m[38;2;94;90;92m@[0m[48;2;80;75;79m[38;2;80;75;79m@[0m[48;2;199;193;195m[38;2;199;193;195m-[0m[48;2;14;9;12m[38;2;14;9;12m█[0m[48;2;70;63;70m[38;2;70;63;70m░[0m[48;2;62;53;61m[38;2;62;53;61m░[0m[48;2;40;31;38m[38;2;40;31;38m▓[0m[48;2;80;65;76m[38;2;80;65;76m░[0m[48;2;159;139;153m[38;2;159;139;153m+[0m[48;2;161;140;155m[38;2;161;140;155m+[0m[48;2;161;140;155m[38;2;161;140;155m+[0m[48;2;161;140;155m[38;2;161;140;155m+[0m[48;2;161;140;155m[38;2;161;140;155m+[0m[48;2;161;140;155m[38;2;161;140;155m+[0m[48;2;161;140;155m[38;2;161;140;155m+[0m[48;2;86;72;84m[38;2;86;72;84m@[0m[48;2;20;15;22m[38;2;20;15;22m█[0m[48;2;12;10;15m[38;2;12;10;15m█[0m[48;2;4;2;7m[38;2;4;2;7m█[0m[48;2;5;2;9m[38;2;5;2;9m█[0m[48;2;16;10;19m[38;2;16;10;19m█[0m[48;2;37;29;39m[38;2;37;29;39m▓[0m[48;2;157;139;153m[38;2;157;139;153m*[0m[48;2;161;140;155m[38;2;161;140;155m+[0m[48;2;161;140;155m[38;2;161;140;155m+[0m[48;2;136;117;131m[38;2;136;117;131m#[0m[48;2;122;107;118m[38;2;122;107;118m#[0m[48;2;154;139;149m[38;2;154;139;149m*[0m[48;2;119;107;115m[38;2;119;107;115m#[0m[48;2;68;62;67m[38;2;68;62;67m░[0m[48;2;216;214;216m[38;2;216;214;216m:[0m                              
                                    [48;2;167;167;167m[38;2;167;167;167m=[0m[48;2;105;104;105m[38;2;105;104;105m%[0m[48;2;199;198;199m[38;2;199;198;199m-[0m[48;2;185;182;185m[38;2;185;182;185m-[0m[48;2;50;47;50m[38;2;50;47;50m▒[0m [48;2;55;50;54m[38;2;55;50;54m▒[0m[48;2;132;120;129m[38;2;132;120;129m#[0m[48;2;160;141;155m[38;2;160;141;155m+[0m[48;2;160;141;155m[38;2;160;141;155m+[0m[48;2;160;140;155m[38;2;160;140;155m+[0m[48;2;161;140;155m[38;2;161;140;155m+[0m[48;2;161;140;155m[38;2;161;140;155m+[0m[48;2;161;140;155m[38;2;161;140;155m+[0m[48;2;161;140;155m[38;2;161;140;155m+[0m[48;2;161;140;155m[38;2;161;140;155m+[0m[48;2;161;140;155m[38;2;161;140;155m+[0m[48;2;161;140;155m[38;2;161;140;155m+[0m[48;2;153;133;148m[38;2;153;133;148m*[0m[48;2;130;117;128m[38;2;130;117;128m#[0m[48;2;123;110;122m[38;2;123;110;122m#[0m[48;2;30;20;30m[38;2;30;20;30m▓[0m[48;2;21;12;22m[38;2;21;12;22m█[0m[48;2;43;36;44m[38;2;43;36;44m▒[0m[48;2;54;47;56m[38;2;54;47;56m▒[0m[48;2;110;95;108m[38;2;110;95;108m%[0m[48;2;156;136;151m[38;2;156;136;151m*[0m[48;2;161;140;155m[38;2;161;140;155m+[0m[48;2;161;140;155m[38;2;161;140;155m+[0m[48;2;161;140;155m[38;2;161;140;155m+[0m[48;2;160;140;154m[38;2;160;140;154m+[0m[48;2;160;141;155m[38;2;160;141;155m+[0m[48;2;139;123;134m[38;2;139;123;134m*[0m[48;2;61;55;60m[38;2;61;55;60m░[0m                              
                                    [48;2;218;218;218m[38;2;218;218;218m:[0m[48;2;63;63;63m[38;2;63;63;63m░[0m[48;2;200;198;199m[38;2;200;198;199m-[0m[48;2;179;177;178m[38;2;179;177;178m=[0m[48;2;70;71;71m[38;2;70;71;71m░[0m [48;2;95;92;94m[38;2;95;92;94m%[0m[48;2;36;27;34m[38;2;36;27;34m▓[0m[48;2;146;128;141m[38;2;146;128;141m*[0m[48;2;161;140;155m[38;2;161;140;155m+[0m[48;2;161;140;155m[38;2;161;140;155m+[0m[48;2;161;140;155m[38;2;161;140;155m+[0m[48;2;161;140;155m[38;2;161;140;155m+[0m[48;2;161;140;155m[38;2;161;140;155m+[0m[48;2;161;140;155m[38;2;161;140;155m+[0m[48;2;161;140;155m[38;2;161;140;155m+[0m[48;2;161;140;155m[38;2;161;140;155m+[0m[48;2;161;140;155m[38;2;161;140;155m+[0m[48;2;161;140;155m[38;2;161;140;155m+[0m[48;2;161;140;155m[38;2;161;140;155m+[0m[48;2;161;140;155m[38;2;161;140;155m+[0m[48;2;155;136;150m[38;2;155;136;150m*[0m[48;2;154;136;150m[38;2;154;136;150m*[0m[48;2;99;84;97m[38;2;99;84;97m@[0m[48;2;62;53;62m[38;2;62;53;62m░[0m[48;2;9;2;10m[38;2;9;2;10m█[0m[48;2;20;11;19m[38;2;20;11;19m█[0m[48;2;73;57;69m[38;2;73;57;69m░[0m[48;2;156;136;150m[38;2;156;136;150m*[0m[48;2;161;140;155m[38;2;161;140;155m+[0m[48;2;161;140;155m[38;2;161;140;155m+[0m[48;2;161;140;155m[38;2;161;140;155m+[0m[48;2;161;140;155m[38;2;161;140;155m+[0m[48;2;76;64;73m[38;2;76;64;73m░[0m[48;2;182;179;182m[38;2;182;179;182m=[0m                             
                                     [48;2;63;61;63m[38;2;63;61;63m░[0m[48;2;175;173;175m[38;2;175;173;175m=[0m[48;2;77;75;77m[38;2;77;75;77m@[0m[48;2;178;177;179m[38;2;178;177;179m=[0m [48;2;108;108;108m[38;2;108;108;108m%[0m[48;2;8;6;9m[38;2;8;6;9m█[0m[48;2;34;26;34m[38;2;34;26;34m▓[0m[48;2;133;117;130m[38;2;133;117;130m#[0m[48;2;160;140;155m[38;2;160;140;155m+[0m[48;2;161;140;155m[38;2;161;140;155m+[0m[48;2;161;140;155m[38;2;161;140;155m+[0m[48;2;161;140;155m[38;2;161;140;155m+[0m[48;2;161;140;155m[38;2;161;140;155m+[0m[48;2;161;140;155m[38;2;161;140;155m+[0m[48;2;161;140;155m[38;2;161;140;155m+[0m[48;2;161;140;155m[38;2;161;140;155m+[0m[48;2;161;140;155m[38;2;161;140;155m+[0m[48;2;161;140;155m[38;2;161;140;155m+[0m[48;2;161;140;155m[38;2;161;140;155m+[0m[48;2;161;140;155m[38;2;161;140;155m+[0m[48;2;161;140;155m[38;2;161;140;155m+[0m[48;2;161;140;155m[38;2;161;140;155m+[0m[48;2;159;139;153m[38;2;159;139;153m+[0m[48;2;136;121;132m[38;2;136;121;132m#[0m[48;2;97;83;95m[38;2;97;83;95m@[0m[48;2;73;58;70m[38;2;73;58;70m░[0m[48;2;86;72;84m[38;2;86;72;84m@[0m[48;2;139;120;134m[38;2;139;120;134m#[0m[48;2;160;139;154m[38;2;160;139;154m+[0m[48;2;161;140;155m[38;2;161;140;155m+[0m[48;2;161;140;155m[38;2;161;140;155m+[0m[48;2;79;66;76m[38;2;79;66;76m░[0m[48;2;162;159;163m[38;2;162;159;163m+[0m                             
                                     [48;2;213;213;213m[38;2;213;213;213m:[0m[48;2;75;74;76m[38;2;75;74;76m@[0m[48;2;62;60;62m[38;2;62;60;62m░[0m[48;2;120;119;120m[38;2;120;119;120m#[0m[48;2;98;97;98m[38;2;98;97;98m%[0m[48;2;23;21;26m[38;2;23;21;26m▓[0m[48;2;27;23;35m[38;2;27;23;35m▓[0m[48;2;35;30;46m[38;2;35;30;46m▓[0m[48;2;21;15;31m[38;2;21;15;31m▓[0m[48;2;81;69;84m[38;2;81;69;84m@[0m[48;2;149;133;148m[38;2;149;133;148m*[0m[48;2;159;140;155m[38;2;159;140;155m+[0m[48;2;161;140;155m[38;2;161;140;155m+[0m[48;2;161;140;155m[38;2;161;140;155m+[0m[48;2;161;140;155m[38;2;161;140;155m+[0m[48;2;161;140;155m[38;2;161;140;155m+[0m[48;2;161;140;155m[38;2;161;140;155m+[0m[48;2;161;140;155m[38;2;161;140;155m+[0m[48;2;161;140;155m[38;2;161;140;155m+[0m[48;2;161;140;155m[38;2;161;140;155m+[0m[48;2;161;140;155m[38;2;161;140;155m+[0m[48;2;161;140;155m[38;2;161;140;155m+[0m[48;2;161;140;155m[38;2;161;140;155m+[0m[48;2;161;140;155m[38;2;161;140;155m+[0m[48;2;161;140;155m[38;2;161;140;155m+[0m[48;2;161;140;155m[38;2;161;140;155m+[0m[48;2;161;140;155m[38;2;161;140;155m+[0m[48;2;136;118;132m[38;2;136;118;132m#[0m[48;2;95;78;91m[38;2;95;78;91m@[0m[48;2;81;65;77m[38;2;81;65;77m░[0m[48;2;81;65;77m[38;2;81;65;77m░[0m[48;2;81;65;77m[38;2;81;65;77m░[0m[48;2;59;46;57m[38;2;59;46;57m▒[0m[48;2;74;68;73m[38;2;74;68;73m░[0m                             
                                         [48;2;182;181;182m[38;2;182;181;182m=[0m[48;2;16;14;21m[38;2;16;14;21m█[0m[48;2;36;31;48m[38;2;36;31;48m▓[0m[48;2;37;31;51m[38;2;37;31;51m▓[0m[48;2;36;30;51m[38;2;36;30;51m▓[0m[48;2;29;23;42m[38;2;29;23;42m▓[0m[48;2;27;21;34m[38;2;27;21;34m▓[0m[48;2;74;64;76m[38;2;74;64;76m░[0m[48;2;132;116;130m[38;2;132;116;130m#[0m[48;2;160;140;155m[38;2;160;140;155m+[0m[48;2;161;140;155m[38;2;161;140;155m+[0m[48;2;161;140;155m[38;2;161;140;155m+[0m[48;2;161;140;155m[38;2;161;140;155m+[0m[48;2;161;140;155m[38;2;161;140;155m+[0m[48;2;161;140;155m[38;2;161;140;155m+[0m[48;2;161;140;155m[38;2;161;140;155m+[0m[48;2;161;140;155m[38;2;161;140;155m+[0m[48;2;161;140;155m[38;2;161;140;155m+[0m[48;2;161;140;155m[38;2;161;140;155m+[0m[48;2;161;140;155m[38;2;161;140;155m+[0m[48;2;161;140;155m[38;2;161;140;155m+[0m[48;2;161;140;155m[38;2;161;140;155m+[0m[48;2;161;140;155m[38;2;161;140;155m+[0m[48;2;161;140;155m[38;2;161;140;155m+[0m[48;2;161;140;155m[38;2;161;140;155m+[0m[48;2;161;140;155m[38;2;161;140;155m+[0m[48;2;161;140;155m[38;2;161;140;155m+[0m[48;2;161;140;155m[38;2;161;140;155m+[0m[48;2;113;97;109m[38;2;113;97;109m%[0m[48;2;110;106;110m[38;2;110;106;110m%[0m                             
                                         [48;2;194;194;194m[38;2;194;194;194m-[0m[48;2;8;6;11m[38;2;8;6;11m█[0m[48;2;14;10;23m[38;2;14;10;23m█[0m[48;2;23;18;33m[38;2;23;18;33m▓[0m[48;2;30;25;42m[38;2;30;25;42m▓[0m[48;2;34;29;46m[38;2;34;29;46m▓[0m[48;2;34;29;46m[38;2;34;29;46m▓[0m[48;2;11;6;27m[38;2;11;6;27m█[0m[48;2;49;35;107m[38;2;49;35;107m▒[0m[48;2;46;36;80m[38;2;46;36;80m▒[0m[48;2;76;66;82m[38;2;76;66;82m░[0m[48;2;113;99;112m[38;2;113;99;112m%[0m[48;2;145;128;141m[38;2;145;128;141m*[0m[48;2;160;140;155m[38;2;160;140;155m+[0m[48;2;161;140;155m[38;2;161;140;155m+[0m[48;2;161;140;155m[38;2;161;140;155m+[0m[48;2;161;140;155m[38;2;161;140;155m+[0m[48;2;161;140;155m[38;2;161;140;155m+[0m[48;2;161;140;155m[38;2;161;140;155m+[0m[48;2;161;140;155m[38;2;161;140;155m+[0m[48;2;161;140;155m[38;2;161;140;155m+[0m[48;2;161;140;155m[38;2;161;140;155m+[0m[48;2;161;140;155m[38;2;161;140;155m+[0m[48;2;161;140;155m[38;2;161;140;155m+[0m[48;2;161;140;155m[38;2;161;140;155m+[0m[48;2;160;140;154m[38;2;160;140;154m+[0m[48;2;133;116;129m[38;2;133;116;129m#[0m[48;2;86;72;83m[38;2;86;72;83m@[0m[48;2;101;94;100m[38;2;101;94;100m%[0m[48;2;241;239;241m[38;2;241;239;241m [0m                             
                                         [48;2;230;230;231m[38;2;230;230;231m.[0m[48;2;15;12;18m[38;2;15;12;18m█[0m[48;2;35;30;45m[38;2;35;30;45m▓[0m[48;2;33;27;46m[38;2;33;27;46m▓[0m[48;2;26;21;40m[38;2;26;21;40m▓[0m[48;2;23;18;35m[38;2;23;18;35m▓[0m[48;2;21;17;32m[38;2;21;17;32m▓[0m[48;2;10;6;18m[38;2;10;6;18m█[0m[48;2;64;47;139m[38;2;64;47;139m░[0m[48;2;79;64;157m[38;2;79;64;157m@[0m[48;2;73;60;146m[38;2;73;60;146m@[0m[48;2;64;54;120m[38;2;64;54;120m░[0m[48;2;14;6;43m[38;2;14;6;43m█[0m[48;2;28;21;31m[38;2;28;21;31m▓[0m[48;2;58;47;85m[38;2;58;47;85m▒[0m[48;2;73;63;80m[38;2;73;63;80m░[0m[48;2;88;77;95m[38;2;88;77;95m@[0m[48;2;105;90;104m[38;2;105;90;104m%[0m[48;2;113;98;108m[38;2;113;98;108m%[0m[48;2;117;102;114m[38;2;117;102;114m%[0m[48;2;119;104;116m[38;2;119;104;116m#[0m[48;2;118;103;115m[38;2;118;103;115m%[0m[48;2;108;92;105m[38;2;108;92;105m%[0m[48;2;88;75;87m[38;2;88;75;87m@[0m[48;2;60;49;59m[38;2;60;49;59m▒[0m[48;2;92;83;91m[38;2;92;83;91m@[0m[48;2;130;123;129m[38;2;130;123;129m#[0m[48;2;205;202;205m[38;2;205;202;205m:[0m                               
                                          [48;2;58;57;60m[38;2;58;57;60m░[0m[48;2;32;28;41m[38;2;32;28;41m▓[0m[48;2;37;31;52m[38;2;37;31;52m▓[0m[48;2;37;31;52m[38;2;37;31;52m▓[0m[48;2;37;31;52m[38;2;37;31;52m▓[0m[48;2;37;31;52m[38;2;37;31;52m▓[0m[48;2;28;22;43m[38;2;28;22;43m▓[0m[48;2;24;15;61m[38;2;24;15;61m▓[0m[48;2;85;72;148m[38;2;85;72;148m@[0m[48;2;83;69;154m[38;2;83;69;154m@[0m[48;2;81;66;166m[38;2;81;66;166m@[0m[48;2;39;25;117m[38;2;39;25;117m▒[0m[48;2;35;31;43m[38;2;35;31;43m▓[0m[48;2;31;21;72m[38;2;31;21;72m▓[0m[48;2;78;63;156m[38;2;78;63;156m@[0m[48;2;60;44;152m[38;2;60;44;152m░[0m[48;2;69;56;138m[38;2;69;56;138m░[0m[48;2;59;47;118m[38;2;59;47;118m░[0m[48;2;23;16;45m[38;2;23;16;45m▓[0m[48;2;16;10;22m[38;2;16;10;22m█[0m[48;2;45;38;52m[38;2;45;38;52m▒[0m[48;2;30;25;42m[38;2;30;25;42m▓[0m[48;2;34;29;48m[38;2;34;29;48m▓[0m[48;2;29;24;41m[38;2;29;24;41m▓[0m[48;2;30;26;39m[38;2;30;26;39m▓[0m[48;2;99;97;103m[38;2;99;97;103m%[0m[48;2;196;195;197m[38;2;196;195;197m-[0m                               
                                          [48;2;154;153;155m[38;2;154;153;155m+[0m[48;2;21;17;28m[38;2;21;17;28m▓[0m[48;2;37;31;52m[38;2;37;31;52m▓[0m[48;2;37;31;52m[38;2;37;31;52m▓[0m[48;2;37;31;52m[38;2;37;31;52m▓[0m[48;2;37;31;52m[38;2;37;31;52m▓[0m[48;2;37;31;52m[38;2;37;31;52m▓[0m[48;2;27;22;40m[38;2;27;22;40m▓[0m[48;2;24;21;36m[38;2;24;21;36m▓[0m[48;2;38;33;57m[38;2;38;33;57m▒[0m[48;2;41;32;83m[38;2;41;32;83m▒[0m[48;2;56;45;107m[38;2;56;45;107m░[0m[48;2;21;14;42m[38;2;21;14;42m▓[0m[48;2;140;137;142m[38;2;140;137;142m*[0m[48;2;25;20;41m[38;2;25;20;41m▓[0m[48;2;53;47;77m[38;2;53;47;77m▒[0m[48;2;72;67;93m[38;2;72;67;93m░[0m[48;2;125;123;129m[38;2;125;123;129m#[0m[48;2;193;192;195m[38;2;193;192;195m-[0m[48;2;104;100;107m[38;2;104;100;107m%[0m[48;2;38;32;41m[38;2;38;32;41m▓[0m[48;2;67;61;74m[38;2;67;61;74m░[0m[48;2;45;39;56m[38;2;45;39;56m▒[0m[48;2;38;31;51m[38;2;38;31;51m▓[0m[48;2;37;31;52m[38;2;37;31;52m▓[0m[48;2;35;29;49m[38;2;35;29;49m▓[0m[48;2;24;20;35m[38;2;24;20;35m▓[0m[48;2;65;62;70m[38;2;65;62;70m░[0m[48;2;191;189;193m[38;2;191;189;193m-[0m                             
                                           [48;2;47;44;52m[38;2;47;44;52m▒[0m[48;2;33;28;45m[38;2;33;28;45m▓[0m[48;2;37;31;51m[38;2;37;31;51m▓[0m[48;2;37;31;52m[38;2;37;31;52m▓[0m[48;2;37;31;52m[38;2;37;31;52m▓[0m[48;2;37;31;52m[38;2;37;31;52m▓[0m[48;2;37;31;52m[38;2;37;31;52m▓[0m[48;2;37;32;52m[38;2;37;32;52m▓[0m[48;2;74;69;84m[38;2;74;69;84m░[0m[48;2;14;11;16m[38;2;14;11;16m█[0m[48;2;79;77;80m[38;2;79;77;80m@[0m[48;2;164;162;164m[38;2;164;162;164m+[0m[48;2;221;219;222m[38;2;221;219;222m.[0m[48;2;48;46;49m[38;2;48;46;49m▒[0m[48;2;96;93;98m[38;2;96;93;98m%[0m[48;2;117;116;119m[38;2;117;116;119m#[0m[48;2;211;210;212m[38;2;211;210;212m:[0m [48;2;197;197;198m[38;2;197;197;198m-[0m[48;2;65;64;67m[38;2;65;64;67m░[0m[48;2;81;79;84m[38;2;81;79;84m@[0m[48;2;43;40;46m[38;2;43;40;46m▒[0m[48;2;64;60;68m[38;2;64;60;68m░[0m[48;2;47;41;58m[38;2;47;41;58m▒[0m[48;2;37;31;52m[38;2;37;31;52m▓[0m[48;2;37;31;52m[38;2;37;31;52m▓[0m[48;2;36;30;50m[38;2;36;30;50m▓[0m[48;2;21;16;30m[38;2;21;16;30m▓[0m[48;2;125;123;129m[38;2;125;123;129m#[0m                            