                                                                                                              
                                                                                                              
                                                                                                              
                                                                                                              
                                                                                                              
                                                                                                              
                                                                                                              
                                                                                                              
                                                                                                              
                                                                                                              
                                                                                                              
                                                                                                              
                                                                                                              
                                                [48;2;240;240;240m[38;2;240;240;240m [0m[48;2;184;184;184m[38;2;184;184;184m-[0m[48;2;133;133;134m[38;2;133;133;134m*[0m[48;2;97;97;99m[38;2;97;97;99m%[0m[48;2;69;68;72m[38;2;69;68;72m░[0m[48;2;53;52;57m[38;2;53;52;57m▒[0m[48;2;44;43;49m[38;2;44;43;49m▒[0m[48;2;42;40;48m[38;2;42;40;48m▒[0m[48;2;46;44;51m[38;2;46;44;51m▒[0m[48;2;59;58;64m[38;2;59;58;64m░[0m[48;2;83;81;87m[38;2;83;81;87m@[0m[48;2;129;128;132m[38;2;129;128;132m*[0m[48;2;194;193;196m[38;2;194;193;196m-[0m                                                 
                                              [48;2;161;161;162m[38;2;161;161;162m+[0m[48;2;75;74;78m[38;2;75;74;78m@[0m[48;2;27;25;32m[38;2;27;25;32m▓[0m[48;2;28;26;37m[38;2;28;26;37m▓[0m[48;2;36;35;50m[38;2;36;35;50m▒[0m[48;2;43;41;58m[38;2;43;41;58m▒[0m[48;2;44;43;59m[38;2;44;43;59m▒[0m[48;2;43;43;59m[38;2;43;43;59m▒[0m[48;2;43;43;59m[38;2;43;43;59m▒[0m[48;2;42;43;59m[38;2;42;43;59m▒[0m[48;2;42;43;59m[38;2;42;43;59m▒[0m[48;2;42;43;59m[38;2;42;43;59m▒[0m[48;2;41;42;58m[38;2;41;42;58m▒[0m[48;2;37;37;53m[38;2;37;37;53m▒[0m[48;2;27;24;38m[38;2;27;24;38m▓[0m[48;2;41;40;48m[38;2;41;40;48m▒[0m[48;2;141;141;145m[38;2;141;141;145m*[0m                                               
                                            [48;2;151;150;152m[38;2;151;150;152m+[0m[48;2;34;33;38m[38;2;34;33;38m▓[0m[48;2;31;29;40m[38;2;31;29;40m▓[0m[48;2;44;42;56m[38;2;44;42;56m▒[0m[48;2;62;59;73m[38;2;62;59;73m░[0m[48;2;58;54;69m[38;2;58;54;69m░[0m[48;2;32;29;43m[38;2;32;29;43m▓[0m[48;2;29;26;40m[38;2;29;26;40m▓[0m[48;2;46;43;56m[38;2;46;43;56m▒[0m[48;2;35;32;45m[38;2;35;32;45m▓[0m[48;2;34;32;45m[38;2;34;32;45m▓[0m[48;2;37;38;52m[38;2;37;38;52m▒[0m[48;2;42;43;59m[38;2;42;43;59m▒[0m[48;2;41;43;59m[38;2;41;43;59m▒[0m[48;2;41;43;59m[38;2;41;43;59m▒[0m[48;2;41;43;59m[38;2;41;43;59m▒[0m[48;2;42;43;59m[38;2;42;43;59m▒[0m[48;2;42;42;58m[38;2;42;42;58m▒[0m[48;2;27;27;41m[38;2;27;27;41m▓[0m[48;2;51;50;58m[38;2;51;50;58m▒[0m[48;2;205;204;208m[38;2;205;204;208m:[0m                                             
                                           [48;2;80;80;82m[38;2;80;80;82m@[0m[48;2;19;17;25m[38;2;19;17;25m▓[0m[48;2;24;21;31m[38;2;24;21;31m▓[0m[48;2;32;28;38m[38;2;32;28;38m▓[0m[48;2;53;47;57m[38;2;53;47;57m▒[0m[48;2;68;59;69m[38;2;68;59;69m░[0m[48;2;85;74;85m[38;2;85;74;85m@[0m[48;2;97;84;95m[38;2;97;84;95m@[0m[48;2;123;110;121m[38;2;123;110;121m#[0m[48;2;134;120;130m[38;2;134;120;130m#[0m[48;2;123;111;120m[38;2;123;111;120m#[0m[48;2;107;94;103m[38;2;107;94;103m%[0m[48;2;79;68;77m[38;2;79;68;77m░[0m[48;2;46;37;46m[38;2;46;37;46m▒[0m[48;2;27;20;32m[38;2;27;20;32m▓[0m[48;2;37;33;46m[38;2;37;33;46m▓[0m[48;2;44;43;59m[38;2;44;43;59m▒[0m[48;2;42;43;59m[38;2;42;43;59m▒[0m[48;2;41;43;59m[38;2;41;43;59m▒[0m[48;2;42;43;59m[38;2;42;43;59m▒[0m[48;2;40;38;53m[38;2;40;38;53m▒[0m[48;2;23;21;31m[38;2;23;21;31m▓[0m[48;2;153;152;155m[38;2;153;152;155m+[0m                                            
                                          [48;2;124;123;124m[38;2;124;123;124m#[0m[48;2;17;14;18m[38;2;17;14;18m█[0m[48;2;78;69;77m[38;2;78;69;77m░[0m[48;2;80;68;77m[38;2;80;68;77m░[0m[48;2;63;51;60m[38;2;63;51;60m░[0m[48;2;75;60;70m[38;2;75;60;70m░[0m[48;2;122;106;117m[38;2;122;106;117m#[0m[48;2;154;136;149m[38;2;154;136;149m*[0m[48;2;99;82;94m[38;2;99;82;94m@[0m[48;2;79;64;74m[38;2;79;64;74m░[0m[48;2;61;48;57m[38;2;61;48;57m▒[0m[48;2;138;123;134m[38;2;138;123;134m*[0m[48;2;160;141;155m[38;2;160;141;155m+[0m[48;2;160;141;155m[38;2;160;141;155m+[0m[48;2;160;141;155m[38;2;160;141;155m+[0m[48;2;144;126;139m[38;2;144;126;139m*[0m[48;2;93;76;89m[38;2;93;76;89m@[0m[48;2;46;35;45m[38;2;46;35;45m▒[0m[48;2;53;47;57m[38;2;53;47;57m▒[0m[48;2;30;27;41m[38;2;30;27;41m▓[0m[48;2;24;22;37m[38;2;24;22;37m▓[0m[48;2;20;15;29m[38;2;20;15;29m█[0m[48;2;28;22;45m[38;2;28;22;45m▓[0m[48;2;9;6;13m[38;2;9;6;13m█[0m[48;2;134;133;136m[38;2;134;133;136m*[0m                                           
                                         [48;2;121;120;122m[38;2;121;120;122m#[0m[48;2;65;58;64m[38;2;65;58;64m░[0m[48;2;151;136;146m[38;2;151;136;146m*[0m[48;2;160;142;154m[38;2;160;142;154m+[0m[48;2;152;134;146m[38;2;152;134;146m*[0m[48;2;157;139;150m[38;2;157;139;150m*[0m[48;2;158;138;151m[38;2;158;138;151m*[0m[48;2;160;140;155m[38;2;160;140;155m+[0m[48;2;161;140;155m[38;2;161;140;155m+[0m[48;2;161;140;155m[38;2;161;140;155m+[0m[48;2;157;137;152m[38;2;157;137;152m*[0m[48;2;98;83;95m[38;2;98;83;95m@[0m[48;2;97;83;96m[38;2;97;83;96m@[0m[48;2;153;135;148m[38;2;153;135;148m*[0m[48;2;161;140;155m[38;2;161;140;155m+[0m[48;2;161;140;155m[38;2;161;140;155m+[0m[48;2;161;140;155m[38;2;161;140;155m+[0m[48;2;161;140;155m[38;2;161;140;155m+[0m[48;2;152;133;147m[38;2;152;133;147m*[0m[48;2;71;59;70m[38;2;71;59;70m░[0m[48;2;44;34;59m[38;2;44;34;59m▒[0m[48;2;87;70;135m[38;2;87;70;135m@[0m[48;2;45;31;73m[38;2;45;31;73m▒[0m[48;2;71;52;107m[38;2;71;52;107m░[0m[48;2;7;2;8m[38;2;7;2;8m█[0m[48;2;5;2;8m[38;2;5;2;8m█[0m[48;2;171;170;172m[38;2;171;170;172m=[0m                                          
                                        [48;2;112;111;112m[38;2;112;111;112m#[0m[48;2;82;75;81m[38;2;82;75;81m@[0m[48;2;158;143;153m[38;2;158;143;153m+[0m[48;2;161;142;154m[38;2;161;142;154m+[0m[48;2;161;140;155m[38;2;161;140;155m+[0m[48;2;161;140;155m[38;2;161;140;155m+[0m[48;2;161;140;155m[38;2;161;140;155m+[0m[48;2;161;140;155m[38;2;161;140;155m+[0m[48;2;162;141;156m[38;2;162;141;156m+[0m[48;2;112;93;107m[38;2;112;93;107m%[0m[48;2;131;112;126m[38;2;131;112;126m#[0m[48;2;145;126;140m[38;2;145;126;140m*[0m[48;2;39;26;38m[38;2;39;26;38m▓[0m[48;2;109;95;107m[38;2;109;95;107m%[0m[48;2;64;49;61m[38;2;64;49;61m▒[0m[48;2;158;138;153m[38;2;158;138;153m*[0m[48;2;161;140;155m[38;2;161;140;155m+[0m[48;2;161;140;155m[38;2;161;140;155m+[0m[48;2;161;140;155m[38;2;161;140;155m+[0m[48;2;161;140;155m[38;2;161;140;155m+[0m[48;2;157;141;154m[38;2;157;141;154m+[0m[48;2;96;82;93m[38;2;96;82;93m@[0m[48;2;37;22;50m[38;2;37;22;50m▓[0m[48;2;109;82;161m[38;2;109;82;161m%[0m[48;2;57;36;86m[38;2;57;36;86m▒[0m[48;2;50;38;75m[38;2;50;38;75m▒[0m[48;2;13;9;16m[38;2;13;9;16m█[0m[48;2;31;30;34m[38;2;31;30;34m▓[0m[48;2;234;234;234m[38;2;234;234;234m.[0m                                         
                                       [48;2;184;184;184m[38;2;184;184;184m-[0m[48;2;52;46;50m[38;2;52;46;50m▒[0m[48;2;101;88;97m[38;2;101;88;97m%[0m[48;2;94;81;91m[38;2;94;81;91m@[0m[48;2;83;69;80m[38;2;83;69;80m@[0m[48;2;161;142;156m[38;2;161;142;156m+[0m[48;2;160;141;155m[38;2;160;141;155m+[0m[48;2;161;140;155m[38;2;161;140;155m+[0m[48;2;161;140;155m[38;2;161;140;155m+[0m[48;2;161;140;155m[38;2;161;140;155m+[0m[48;2;75;59;71m[38;2;75;59;71m░[0m[48;2;95;82;93m[38;2;95;82;93m@[0m[48;2;154;138;149m[38;2;154;138;149m*[0m[48;2;49;38;46m[38;2;49;38;46m▒[0m[48;2;83;71;82m[38;2;83;71;82m@[0m[48;2;78;66;75m[38;2;78;66;75m░[0m[48;2;70;55;66m[38;2;70;55;66m░[0m[48;2;154;136;149m[38;2;154;136;149m*[0m[48;2;160;141;155m[38;2;160;141;155m+[0m[48;2;161;140;155m[38;2;161;140;155m+[0m[48;2;161;140;155m[38;2;161;140;155m+[0m[48;2;160;141;155m[38;2;160;141;155m+[0m[48;2;159;141;155m[38;2;159;141;155m+[0m[48;2;101;85;97m[38;2;101;85;97m@[0m[48;2;45;29;56m[38;2;45;29;56m▒[0m[48;2;11;4;18m[38;2;11;4;18m█[0m[48;2;9;6;15m[38;2;9;6;15m█[0m[48;2;31;28;37m[38;2;31;28;37m▓[0m[48;2;24;22;30m[38;2;24;22;30m▓[0m[48;2;127;126;129m[38;2;127;126;129m#[0m                                         
                                       [48;2;73;72;73m[38;2;73;72;73m░[0m[48;2;118;108;115m[38;2;118;108;115m#[0m[48;2;23;13;21m[38;2;23;13;21m█[0m[48;2;33;25;32m[38;2;33;25;32m▓[0m[48;2;101;91;99m[38;2;101;91;99m%[0m[48;2;111;95;108m[38;2;111;95;108m%[0m[48;2;151;134;147m[38;2;151;134;147m*[0m[48;2;151;133;147m[38;2;151;133;147m*[0m[48;2;160;141;155m[38;2;160;141;155m+[0m[48;2;161;140;155m[38;2;161;140;155m+[0m[48;2;107;92;103m[38;2;107;92;103m%[0m[48;2;18;9;17m[38;2;18;9;17m█[0m[48;2;122;110;120m[38;2;122;110;120m#[0m[48;2;129;117;127m[38;2;129;117;127m#[0m[48;2;16;7;14m[38;2;16;7;14m█[0m[48;2;46;37;45m[38;2;46;37;45m▒[0m[48;2;55;47;54m[38;2;55;47;54m▒[0m[48;2;41;31;39m[38;2;41;31;39m▓[0m[48;2;105;92;103m[38;2;105;92;103m%[0m[48;2;156;138;151m[38;2;156;138;151m*[0m[48;2;161;140;155m[38;2;161;140;155m+[0m[48;2;160;141;155m[38;2;160;141;155m+[0m[48;2;160;141;155m[38;2;160;141;155m+[0m[48;2;160;141;155m[38;2;160;141;155m+[0m[48;2;123;109;120m[38;2;123;109;120m#[0m[48;2;44;35;45m[38;2;44;35;45m▒[0m[48;2;41;34;44m[38;2;41;34;44m▒[0m[48;2;42;39;50m[38;2;42;39;50m▒[0m[48;2;42;40;51m[38;2;42;40;51m▒[0m[48;2;37;35;41m[38;2;37;35;41m▓[0m                                         
                                       [48;2;31;28;30m[38;2;31;28;30m▓[0m[48;2;118;105;113m[38;2;118;105;113m#[0m[48;2;11;4;9m[38;2;11;4;9m█[0m[48;2;46;40;45m[38;2;46;40;45m▒[0m[48;2;109;98;107m[38;2;109;98;107m%[0m[48;2;23;11;20m[38;2;23;11;20m█[0m[48;2;27;18;26m[38;2;27;18;26m▓[0m[48;2;41;32;40m[38;2;41;32;40m▓[0m[48;2;152;136;148m[38;2;152;136;148m*[0m[48;2;158;139;152m[38;2;158;139;152m*[0m[48;2;144;128;139m[38;2;144;128;139m*[0m[48;2;24;15;23m[38;2;24;15;23m▓[0m[48;2;32;25;32m[38;2;32;25;32m▓[0m[48;2;84;75;84m[38;2;84;75;84m@[0m[48;2;61;52;64m[38;2;61;52;64m░[0m[48;2;40;32;42m[38;2;40;32;42m▓[0m[48;2;41;35;39m[38;2;41;35;39m▒[0m[48;2;17;12;15m[38;2;17;12;15m█[0m[48;2;20;14;20m[38;2;20;14;20m█[0m[48;2;20;13;18m[38;2;20;13;18m█[0m[48;2;51;43;49m[38;2;51;43;49m▒[0m[48;2;53;44;50m[38;2;53;44;50m▒[0m[48;2;76;66;73m[38;2;76;66;73m░[0m[48;2;81;71;79m[38;2;81;71;79m@[0m[48;2;80;71;79m[38;2;80;71;79m@[0m[48;2;71;61;70m[38;2;71;61;70m░[0m[48;2;34;24;34m[38;2;34;24;34m▓[0m[48;2;18;12;22m[38;2;18;12;22m█[0m[48;2;41;38;50m[38;2;41;38;50m▒[0m[48;2;16;14;19m[38;2;16;14;19m█[0m                                         
                                      [48;2;237;237;237m[38;2;237;237;237m.[0m[48;2;31;27;30m[38;2;31;27;30m▓[0m[48;2;98;86;93m[38;2;98;86;93m@[0m[48;2;27;22;25m[38;2;27;22;25m▓[0m[48;2;61;55;59m[38;2;61;55;59m░[0m[48;2;41;33;40m[38;2;41;33;40m▓[0m[48;2;30;18;44m[38;2;30;18;44m▓[0m[48;2;40;25;60m[38;2;40;25;60m▓[0m[48;2;17;5;34m[38;2;17;5;34m█[0m[48;2;51;42;47m[38;2;51;42;47m▒[0m[48;2;110;99;103m[38;2;110;99;103m%[0m[48;2;121;110;113m[38;2;121;110;113m#[0m[48;2;139;129;132m[38;2;139;129;132m*[0m[48;2;30;23;26m[38;2;30;23;26m▓[0m[48;2;50;29;96m[38;2;50;29;96m▒[0m[48;2;65;33;136m[38;2;65;33;136m▒[0m[48;2;45;19;96m[38;2;45;19;96m▓[0m[48;2;143;132;138m[38;2;143;132;138m*[0m[48;2;117;107;110m[38;2;117;107;110m#[0m[48;2;207;197;196m[38;2;207;197;196m-[0m[48;2;203;192;193m[38;2;203;192;193m-[0m[48;2;25;17;21m[38;2;25;17;21m▓[0m[48;2;103;93;99m[38;2;103;93;99m%[0m[48;2;104;94;102m[38;2;104;94;102m%[0m[48;2;109;98;107m[38;2;109;98;107m%[0m[48;2;43;33;40m[38;2;43;33;40m▒[0m[48;2;130;119;128m[38;2;130;119;128m#[0m[48;2;156;144;153m[38;2;156;144;153m+[0m[48;2;119;108;117m[38;2;119;108;117m#[0m[48;2;75;65;74m[38;2;75;65;74m░[0m[48;2;43;34;42m[38;2;43;34;42m▒[0m[48;2;90;85;89m[38;2;90;85;89m@[0m[48;2;157;154;157m[38;2;157;154;157m+[0m[48;2;217;216;217m[38;2;217;216;217m:[0m                                      
                                       [48;2;41;38;40m[38;2;41;38;40m▒[0m[48;2;89;79;85m[38;2;89;79;85m@[0m[48;2;13;7;12m[38;2;13;7;12m█[0m[48;2;198;193;195m[38;2;198;193;195m-[0m[48;2;77;70;72m[38;2;77;70;72m░[0m[48;2;77;52;124m[38;2;77;52;124m░[0m[48;2;111;71;165m[38;2;111;71;165m%[0m[48;2;80;43;132m[38;2;80;43;132m░[0m[48;2;77;68;76m[38;2;77;68;76m░[0m[48;2;249;236;235m[38;2;249;236;235m [0m[48;2;249;234;232m[38;2;249;234;232m [0m[48;2;248;233;230m[38;2;248;233;230m.[0m[48;2;122;109;107m[38;2;122;109;107m#[0m[48;2;87;67;100m[38;2;87;67;100m@[0m[48;2;171;125;194m[38;2;171;125;194m+[0m[48;2;84;53;104m[38;2;84;53;104m░[0m[48;2;144;134;135m[38;2;144;134;135m*[0m[48;2;250;236;231m[38;2;250;236;231m [0m[48;2;250;233;228m[38;2;250;233;228m.[0m[48;2;250;234;232m[38;2;250;234;232m [0m[48;2;149;136;138m[38;2;149;136;138m*[0m[48;2;64;52;60m[38;2;64;52;60m░[0m[48;2;154;139;152m[38;2;154;139;152m*[0m[48;2;160;144;156m[38;2;160;144;156m+[0m[48;2;140;125;137m[38;2;140;125;137m*[0m[48;2;66;55;64m[38;2;66;55;64m░[0m[48;2;71;59;68m[38;2;71;59;68m░[0m[48;2;125;111;120m[38;2;125;111;120m#[0m[48;2;157;142;152m[38;2;157;142;152m+[0m[48;2;158;142;152m[38;2;158;142;152m+[0m[48;2;147;132;142m[38;2;147;132;142m*[0m[48;2;123;110;120m[38;2;123;110;120m#[0m[48;2;84;74;82m[38;2;84;74;82m@[0m[48;2;72;65;72m[38;2;72;65;72m░[0m[48;2;144;141;144m[38;2;144;141;144m*[0m[48;2;240;240;240m[38;2;240;240;240m [0m                                   
                                       [48;2;126;125;125m[38;2;126;125;125m#[0m[48;2;64;56;61m[38;2;64;56;61m░[0m[48;2;44;37;43m[38;2;44;37;43m▒[0m[48;2;216;209;208m[38;2;216;209;208m:[0m[48;2;187;177;176m[38;2;187;177;176m=[0m[48;2;69;53;67m[38;2;69;53;67m░[0m[48;2;215;171;216m[38;2;215;171;216m-[0m[48;2;153;110;158m[38;2;153;110;158m*[0m[48;2;103;92;99m[38;2;103;92;99m%[0m[48;2;251;236;233m[38;2;251;236;233m [0m[48;2;251;235;230m[38;2;251;235;230m [0m[48;2;251;235;230m[38;2;251;235;230m [0m[48;2;239;223;219m[38;2;239;223;219m.[0m[48;2;82;68;70m[38;2;82;68;70m░[0m[48;2;111;85;107m[38;2;111;85;107m%[0m[48;2;66;48;62m[38;2;66;48;62m░[0m[48;2;225;213;210m[38;2;225;213;210m:[0m[48;2;243;217;205m[38;2;243;217;205m.[0m[48;2;234;195;179m[38;2;234;195;179m:[0m[48;2;249;227;219m[38;2;249;227;219m.[0m[48;2;250;235;230m[38;2;250;235;230m [0m[48;2;172;161;162m[38;2;172;161;162m+[0m[48;2;52;41;49m[38;2;52;41;49m▒[0m[48;2;131;118;128m[38;2;131;118;128m#[0m[48;2;85;73;82m[38;2;85;73;82m@[0m[48;2;144;132;142m[38;2;144;132;142m*[0m[48;2;140;128;137m[38;2;140;128;137m*[0m[48;2;94;83;91m[38;2;94;83;91m@[0m[48;2;67;56;65m[38;2;67;56;65m░[0m[48;2;68;57;65m[38;2;68;57;65m░[0m[48;2;77;65;74m[38;2;77;65;74m░[0m[48;2;96;82;92m[38;2;96;82;92m@[0m[48;2;108;94;104m[38;2;108;94;104m%[0m[48;2;124;111;121m[38;2;124;111;121m#[0m[48;2;106;96;105m[38;2;106;96;105m%[0m[48;2;57;53;58m[38;2;57;53;58m▒[0m[48;2;173;173;173m[38;2;173;173;173m=[0m                                  
                                       [48;2;237;237;237m[38;2;237;237;237m.[0m[48;2;56;52;54m[38;2;56;52;54m▒[0m[48;2;35;28;33m[38;2;35;28;33m▓[0m[48;2;130;122;123m[38;2;130;122;123m#[0m[48;2;238;219;216m[38;2;238;219;216m.[0m[48;2;169;156;155m[38;2;169;156;155m+[0m[48;2;95;80;88m[38;2;95;80;88m@[0m[48;2;102;87;94m[38;2;102;87;94m%[0m[48;2;225;212;210m[38;2;225;212;210m:[0m[48;2;213;198;193m[38;2;213;198;193m:[0m[48;2;111;97;93m[38;2;111;97;93m%[0m[48;2;187;173;169m[38;2;187;173;169m=[0m[48;2;251;237;231m[38;2;251;237;231m [0m[48;2;249;234;229m[38;2;249;234;229m [0m[48;2;218;203;199m[38;2;218;203;199m:[0m[48;2;239;225;220m[38;2;239;225;220m.[0m[48;2;250;235;227m[38;2;250;235;227m [0m[48;2;244;224;214m[38;2;244;224;214m.[0m[48;2;246;227;216m[38;2;246;227;216m.[0m[48;2;251;235;229m[38;2;251;235;229m [0m[48;2;250;235;231m[38;2;250;235;231m [0m[48;2;143;129;130m[38;2;143;129;130m*[0m[48;2;64;56;61m[38;2;64;56;61m░[0m[48;2;61;51;59m[38;2;61;51;59m░[0m[48;2;22;14;21m[38;2;22;14;21m█[0m[48;2;37;29;35m[38;2;37;29;35m▓[0m[48;2;58;49;55m[38;2;58;49;55m▒[0m[48;2;89;78;86m[38;2;89;78;86m@[0m[48;2;99;88;96m[38;2;99;88;96m%[0m[48;2;91;81;89m[38;2;91;81;89m@[0m[48;2;68;58;66m[38;2;68;58;66m░[0m[48;2;44;34;42m[38;2;44;34;42m▒[0m[48;2;51;42;50m[38;2;51;42;50m▒[0m[48;2;89;78;87m[38;2;89;78;87m@[0m[48;2;149;135;145m[38;2;149;135;145m*[0m[48;2;152;138;148m[38;2;152;138;148m*[0m[48;2;69;62;70m[38;2;69;62;70m░[0m[48;2;121;119;121m[38;2;121;119;121m#[0m                                 
                                        [48;2;126;124;125m[38;2;126;124;125m#[0m[48;2;6;3;5m[38;2;6;3;5m█[0m[48;2;40;35;38m[38;2;40;35;38m▒[0m[48;2;189;180;179m[38;2;189;180;179m=[0m[48;2;247;234;229m[38;2;247;234;229m.[0m[48;2;250;236;230m[38;2;250;236;230m [0m[48;2;250;235;228m[38;2;250;235;228m [0m[48;2;250;235;227m[38;2;250;235;227m [0m[48;2;250;235;226m[38;2;250;235;226m [0m[48;2;249;234;227m[38;2;249;234;227m.[0m[48;2;250;234;228m[38;2;250;234;228m [0m[48;2;250;235;229m[38;2;250;235;229m [0m[48;2;250;234;228m[38;2;250;234;228m [0m[48;2;250;234;228m[38;2;250;234;228m [0m[48;2;250;235;226m[38;2;250;235;226m [0m[48;2;250;234;228m[38;2;250;234;228m [0m[48;2;250;235;226m[38;2;250;235;226m [0m[48;2;250;235;228m[38;2;250;235;228m [0m[48;2;235;221;217m[38;2;235;221;217m.[0m[48;2;123;113;113m[38;2;123;113;113m#[0m[48;2;12;6;8m[38;2;12;6;8m█[0m[48;2;46;41;44m[38;2;46;41;44m▒[0m[48;2;37;30;36m[38;2;37;30;36m▓[0m[48;2;140;134;139m[38;2;140;134;139m*[0m[48;2;163;157;162m[38;2;163;157;162m+[0m[48;2;33;27;31m[38;2;33;27;31m▓[0m[48;2;90;82;88m[38;2;90;82;88m@[0m[48;2;125;111;121m[38;2;125;111;121m#[0m[48;2;131;115;126m[38;2;131;115;126m#[0m[48;2;146;129;141m[38;2;146;129;141m*[0m[48;2;158;140;153m[38;2;158;140;153m+[0m[48;2;160;141;154m[38;2;160;141;154m+[0m[48;2;161;141;154m[38;2;161;141;154m+[0m[48;2;161;140;155m[38;2;161;140;155m+[0m[48;2;161;140;155m[38;2;161;140;155m+[0m[48;2;158;141;155m[38;2;158;141;155m+[0m[48;2;80;71;80m[38;2;80;71;80m@[0m[48;2;125;123;126m[38;2;125;123;126m#[0m                                
                                        [48;2;215;214;214m[38;2;215;214;214m:[0m[48;2;109;108;109m[38;2;109;108;109m%[0m[48;2;111;105;108m[38;2;111;105;108m%[0m[48;2;208;198;199m[38;2;208;198;199m-[0m[48;2;241;228;225m[38;2;241;228;225m.[0m[48;2;247;234;229m[38;2;247;234;229m.[0m[48;2;249;234;228m[38;2;249;234;228m [0m[48;2;249;235;229m[38;2;249;235;229m [0m[48;2;249;235;229m[38;2;249;235;229m [0m[48;2;248;234;228m[38;2;248;234;228m.[0m[48;2;243;230;226m[38;2;243;230;226m.[0m[48;2;226;212;207m[38;2;226;212;207m:[0m[48;2;207;194;190m[38;2;207;194;190m-[0m[48;2;183;171;167m[38;2;183;171;167m=[0m[48;2;152;141;139m[38;2;152;141;139m*[0m[48;2;121;112;110m[38;2;121;112;110m#[0m[48;2;84;76;76m[38;2;84;76;76m@[0m[48;2;46;39;40m[38;2;46;39;40m▒[0m[48;2;26;19;23m[38;2;26;19;23m▓[0m[48;2;8;3;7m[38;2;8;3;7m█[0m[48;2;4;2;6m[38;2;4;2;6m█[0m[48;2;191;188;192m[38;2;191;188;192m-[0m[48;2;115;110;115m[38;2;115;110;115m#[0m[48;2;35;30;35m[38;2;35;30;35m▓[0m[48;2;106;100;106m[38;2;106;100;106m%[0m[48;2;121;115;121m[38;2;121;115;121m#[0m[48;2;66;59;64m[38;2;66;59;64m░[0m[48;2;158;141;152m[38;2;158;141;152m+[0m[48;2;161;140;155m[38;2;161;140;155m+[0m[48;2;161;140;155m[38;2;161;140;155m+[0m[48;2;161;140;155m[38;2;161;140;155m+[0m[48;2;161;140;155m[38;2;161;140;155m+[0m[48;2;161;140;155m[38;2;161;140;155m+[0m[48;2;161;140;155m[38;2;161;140;155m+[0m[48;2;161;140;155m[38;2;161;140;155m+[0m[48;2;160;140;155m[38;2;160;140;155m+[0m[48;2;157;139;152m[38;2;157;139;152m*[0m[48;2;47;39;47m[38;2;47;39;47m▒[0m[48;2;198;196;198m[38;2;198;196;198m-[0m                               
                                          [48;2;188;185;186m[38;2;188;185;186m-[0m[48;2;81;76;77m[38;2;81;76;77m@[0m[48;2;17;12;13m[38;2;17;12;13m█[0m[48;2;19;15;15m[38;2;19;15;15m█[0m[48;2;26;22;22m[38;2;26;22;22m▓[0m[48;2;33;29;30m[38;2;33;29;30m▓[0m[48;2;44;38;40m[38;2;44;38;40m▒[0m[48;2;35;30;31m[38;2;35;30;31m▓[0m[48;2;69;64;64m[38;2;69;64;64m░[0m[48;2;73;67;68m[38;2;73;67;68m░[0m[48;2;73;69;70m[38;2;73;69;70m░[0m[48;2;15;11;15m[38;2;15;11;15m█[0m[48;2;46;42;46m[38;2;46;42;46m▒[0m[48;2;30;27;31m[38;2;30;27;31m▓[0m[48;2;6;3;10m[38;2;6;3;10m█[0m[48;2;14;11;17m[38;2;14;11;17m█[0m[48;2;13;10;16m[38;2;13;10;16m█[0m[48;2;24;21;26m[38;2;24;21;26m▓[0m[48;2;27;24;30m[38;2;27;24;30m▓[0m [48;2;186;183;189m[38;2;186;183;189m-[0m[48;2;66;63;68m[38;2;66;63;68m░[0m[48;2;197;193;199m[38;2;197;193;199m-[0m[48;2;191;185;192m[38;2;191;185;192m-[0m[48;2;30;24;29m[38;2;30;24;29m▓[0m[48;2;157;140;151m[38;2;157;140;151m+[0m[48;2;161;140;155m[38;2;161;140;155m+[0m[48;2;161;140;155m[38;2;161;140;155m+[0m[48;2;161;140;155m[38;2;161;140;155m+[0m[48;2;161;140;155m[38;2;161;140;155m+[0m[48;2;161;140;155m[38;2;161;140;155m+[0m[48;2;161;140;155m[38;2;161;140;155m+[0m[48;2;161;140;155m[38;2;161;140;155m+[0m[48;2;161;140;155m[38;2;161;140;155m+[0m[48;2;161;140;155m[38;2;161;140;155m+[0m[48;2;109;95;106m[38;2;109;95;106m%[0m[48;2;108;104;108m[38;2;108;104;108m%[0m                               
                                       [48;2;181;181;181m[38;2;181;181;181m=[0m[48;2;66;66;67m[38;2;66;66;67m░[0m[48;2;20;17;21m[38;2;20;17;21m▓[0m[48;2;23;21;27m[38;2;23;21;27m▓[0m[48;2;26;22;32m[38;2;26;22;32m▓[0m[48;2;27;23;34m[38;2;27;23;34m▓[0m[48;2;9;6;14m[38;2;9;6;14m█[0m[48;2;7;4;9m[38;2;7;4;9m█[0m[48;2;52;48;53m[38;2;52;48;53m▒[0m[48;2;49;44;50m[38;2;49;44;50m▒[0m[48;2;25;22;28m[38;2;25;22;28m▓[0m[48;2;83;80;85m[38;2;83;80;85m@[0m[48;2;124;123;124m[38;2;124;123;124m#[0m[48;2;10;8;10m[38;2;10;8;10m█[0m[48;2;43;40;44m[38;2;43;40;44m▒[0m[48;2;14;11;17m[38;2;14;11;17m█[0m[48;2;34;31;37m[38;2;34;31;37m▓[0m[48;2;23;19;29m[38;2;23;19;29m▓[0m[48;2;31;27;41m[38;2;31;27;41m▓[0m[48;2;4;2;10m[38;2;4;2;10m█[0m[48;2;15;13;18m[38;2;15;13;18m█[0m[48;2;35;32;38m[38;2;35;32;38m▓[0m [48;2;242;239;244m[38;2;242;239;244m [0m[48;2;75;72;77m[38;2;75;72;77m@[0m[48;2;148;145;150m[38;2;148;145;150m+[0m[48;2;201;196;203m[38;2;201;196;203m-[0m[48;2;32;28;33m[38;2;32;28;33m▓[0m[48;2;151;134;146m[38;2;151;134;146m*[0m[48;2;161;140;155m[38;2;161;140;155m+[0m[48;2;161;140;155m[38;2;161;140;155m+[0m[48;2;161;140;155m[38;2;161;140;155m+[0m[48;2;161;140;155m[38;2;161;140;155m+[0m[48;2;161;140;155m[38;2;161;140;155m+[0m[48;2;161;140;155m[38;2;161;140;155m+[0m[48;2;161;140;155m[38;2;161;140;155m+[0m[48;2;161;140;155m[38;2;161;140;155m+[0m[48;2;161;140;155m[38;2;161;140;155m+[0m[48;2;135;119;131m[38;2;135;119;131m#[0m[48;2;69;63;68m[38;2;69;63;68m░[0m                               
                                       [48;2;41;41;41m[38;2;41;41;41m▒[0m[48;2;69;67;69m[38;2;69;67;69m░[0m[48;2;30;28;32m[38;2;30;28;32m▓[0m[48;2;34;29;45m[38;2;34;29;45m▓[0m[48;2;37;32;52m[38;2;37;32;52m▓[0m[48;2;36;31;49m[38;2;36;31;49m▓[0m[48;2;11;7;21m[38;2;11;7;21m█[0m[48;2;23;19;32m[38;2;23;19;32m▓[0m[48;2;14;10;22m[38;2;14;10;22m█[0m[48;2;49;46;53m[38;2;49;46;53m▒[0m[48;2;22;19;22m[38;2;22;19;22m▓[0m[48;2;30;27;32m[38;2;30;27;32m▓[0m[48;2;81;78;81m[38;2;81;78;81m@[0m[48;2;11;10;11m[38;2;11;10;11m█[0m[48;2;7;5;7m[38;2;7;5;7m█[0m[48;2;12;9;13m[38;2;12;9;13m█[0m[48;2;87;77;76m[38;2;87;77;76m@[0m[48;2;139;126;119m[38;2;139;126;119m*[0m[48;2;55;49;58m[38;2;55;49;58m▒[0m[48;2;30;25;42m[38;2;30;25;42m▓[0m[48;2;14;11;21m[38;2;14;11;21m█[0m[48;2;7;4;12m[38;2;7;4;12m█[0m[48;2;141;137;144m[38;2;141;137;144m*[0m[48;2;209;206;211m[38;2;209;206;211m:[0m[48;2;208;205;211m[38;2;208;205;211m:[0m[48;2;57;54;59m[38;2;57;54;59m░[0m[48;2;100;94;101m[38;2;100;94;101m%[0m[48;2;44;39;46m[38;2;44;39;46m▒[0m[48;2;156;142;153m[38;2;156;142;153m+[0m[48;2;152;133;147m[38;2;152;133;147m*[0m[48;2;140;120;134m[38;2;140;120;134m#[0m[48;2;161;140;155m[38;2;161;140;155m+[0m[48;2;161;140;155m[38;2;161;140;155m+[0m[48;2;161;140;155m[38;2;161;140;155m+[0m[48;2;161;140;155m[38;2;161;140;155m+[0m[48;2;161;140;155m[38;2;161;140;155m+[0m[48;2;161;140;155m[38;2;161;140;155m+[0m[48;2;161;140;155m[38;2;161;140;155m+[0m[48;2;120;103;115m[38;2;120;103;115m%[0m[48;2;94;88;92m[38;2;94;88;92m@[0m                               
                                       [48;2;195;195;195m[38;2;195;195;195m-[0m[48;2;59;58;60m[38;2;59;58;60m░[0m[48;2;124;121;125m[38;2;124;121;125m#[0m[48;2;20;16;27m[38;2;20;16;27m▓[0m[48;2;35;30;48m[38;2;35;30;48m▓[0m[48;2;34;29;44m[38;2;34;29;44m▓[0m[48;2;8;5;16m[38;2;8;5;16m█[0m[48;2;35;30;46m[38;2;35;30;46m▓[0m[48;2;26;21;38m[38;2;26;21;38m▓[0m[48;2;20;17;24m[38;2;20;17;24m▓[0m[48;2;11;8;11m[38;2;11;8;11m█[0m[48;2;9;6;10m[38;2;9;6;10m█[0m[48;2;3;0;4m[38;2;3;0;4m█[0m[48;2;49;47;49m[38;2;49;47;49m▒[0m[48;2;44;40;38m[38;2;44;40;38m▒[0m[48;2;21;17;16m[38;2;21;17;16m█[0m[48;2;94;84;83m[38;2;94;84;83m@[0m[48;2;113;100;97m[38;2;113;100;97m%[0m[48;2;68;60;66m[38;2;68;60;66m░[0m[48;2;37;31;52m[38;2;37;31;52m▓[0m[48;2;37;31;52m[38;2;37;31;52m▓[0m[48;2;34;29;46m[38;2;34;29;46m▓[0m[48;2;14;10;22m[38;2;14;10;22m█[0m[48;2;19;16;25m[38;2;19;16;25m█[0m[48;2;70;66;74m[38;2;70;66;74m░[0m[48;2;84;79;85m[38;2;84;79;85m@[0m[48;2;111;103;111m[38;2;111;103;111m%[0m[48;2;134;125;134m[38;2;134;125;134m*[0m[48;2;89;80;88m[38;2;89;80;88m@[0m[48;2;30;20;28m[38;2;30;20;28m▓[0m[48;2;97;82;93m[38;2;97;82;93m@[0m[48;2;161;140;155m[38;2;161;140;155m+[0m[48;2;161;140;155m[38;2;161;140;155m+[0m[48;2;161;140;155m[38;2;161;140;155m+[0m[48;2;161;140;155m[38;2;161;140;155m+[0m[48;2;161;140;155m[38;2;161;140;155m+[0m[48;2;161;140;155m[38;2;161;140;155m+[0m[48;2;154;137;150m[38;2;154;137;150m*[0m[48;2;48;38;47m[38;2;48;38;47m▒[0m[48;2;201;198;200m[38;2;201;198;200m-[0m                               
                                        [48;2;216;215;215m[38;2;216;215;215m:[0m[48;2;60;57;60m[38;2;60;57;60m░[0m[48;2;153;148;152m[38;2;153;148;152m+[0m[48;2;35;30;36m[38;2;35;30;36m▓[0m[48;2;18;15;23m[38;2;18;15;23m█[0m[48;2;15;12;22m[38;2;15;12;22m█[0m[48;2;36;30;49m[38;2;36;30;49m▓[0m[48;2;35;30;48m[38;2;35;30;48m▓[0m[48;2;18;10;21m[38;2;18;10;21m█[0m[48;2;115;107;98m[38;2;115;107;98m%[0m[48;2;104;95;78m[38;2;104;95;78m%[0m[48;2;52;42;35m[38;2;52;42;35m▒[0m[48;2;113;101;82m[38;2;113;101;82m%[0m[48;2;198;184;152m[38;2;198;184;152m-[0m[48;2;42;34;29m[38;2;42;34;29m▓[0m[48;2;34;29;39m[38;2;34;29;39m▓[0m[48;2;46;38;55m[38;2;46;38;55m▒[0m[48;2;37;29;49m[38;2;37;29;49m▓[0m[48;2;37;31;52m[38;2;37;31;52m▓[0m[48;2;37;31;52m[38;2;37;31;52m▓[0m[48;2;37;31;52m[38;2;37;31;52m▓[0m[48;2;37;31;51m[38;2;37;31;51m▓[0m[48;2;26;22;37m[38;2;26;22;37m▓[0m[48;2;26;22;34m[38;2;26;22;34m▓[0m[48;2;56;51;59m[38;2;56;51;59m▒[0m[48;2;49;43;50m[38;2;49;43;50m▒[0m[48;2;33;27;34m[38;2;33;27;34m▓[0m[48;2;23;18;24m[38;2;23;18;24m▓[0m[48;2;108;97;105m[38;2;108;97;105m%[0m[48;2;160;142;154m[38;2;160;142;154m+[0m[48;2;161;140;155m[38;2;161;140;155m+[0m[48;2;161;140;155m[38;2;161;140;155m+[0m[48;2;161;140;155m[38;2;161;140;155m+[0m[48;2;161;140;155m[38;2;161;140;155m+[0m[48;2;159;140;154m[38;2;159;140;154m+[0m[48;2;125;110;120m[38;2;125;110;120m#[0m[48;2;57;47;55m[38;2;57;47;55m▒[0m[48;2;166;161;167m[38;2;166;161;167m+[0m                                
                                         [48;2;209;209;209m[38;2;209;209;209m:[0m[48;2;68;66;67m[38;2;68;66;67m░[0m[48;2;83;80;84m[38;2;83;80;84m@[0m[48;2;29;26;31m[38;2;29;26;31m▓[0m[48;2;25;20;32m[38;2;25;20;32m▓[0m[48;2;34;29;46m[38;2;34;29;46m▓[0m[48;2;27;23;38m[38;2;27;23;38m▓[0m[48;2;13;8;20m[38;2;13;8;20m█[0m[48;2;7;2;9m[38;2;7;2;9m█[0m[48;2;62;53;59m[38;2;62;53;59m░[0m[48;2;125;113;104m[38;2;125;113;104m#[0m[48;2;106;93;79m[38;2;106;93;79m%[0m[48;2;21;12;15m[38;2;21;12;15m█[0m[48;2;16;10;14m[38;2;16;10;14m█[0m[48;2;18;14;23m[38;2;18;14;23m█[0m[48;2;19;14;27m[38;2;19;14;27m█[0m[48;2;14;11;23m[38;2;14;11;23m█[0m[48;2;15;11;23m[38;2;15;11;23m█[0m[48;2;18;14;26m[38;2;18;14;26m█[0m[48;2;20;16;29m[38;2;20;16;29m▓[0m[48;2;23;19;31m[38;2;23;19;31m▓[0m[48;2;23;19;32m[38;2;23;19;32m▓[0m[48;2;23;19;32m[38;2;23;19;32m▓[0m[48;2;19;15;25m[38;2;19;15;25m█[0m[48;2;9;5;14m[38;2;9;5;14m█[0m[48;2;7;2;9m[38;2;7;2;9m█[0m[48;2;57;51;58m[38;2;57;51;58m▒[0m[48;2;116;106;115m[38;2;116;106;115m#[0m[48;2;156;139;151m[38;2;156;139;151m*[0m[48;2;160;141;153m[38;2;160;141;153m+[0m[48;2;158;139;151m[38;2;158;139;151m*[0m[48;2;133;115;128m[38;2;133;115;128m#[0m[48;2;87;74;84m[38;2;87;74;84m@[0m[48;2;72;64;71m[38;2;72;64;71m░[0m[48;2;140;134;140m[38;2;140;134;140m*[0m[48;2;232;228;232m[38;2;232;228;232m.[0m                                 
                                            [48;2;34;32;36m[38;2;34;32;36m▓[0m[48;2;28;24;33m[38;2;28;24;33m▓[0m[48;2;11;7;17m[38;2;11;7;17m█[0m[48;2;46;44;49m[38;2;46;44;49m▒[0m[48;2;21;18;22m[38;2;21;18;22m▓[0m[48;2;12;9;15m[38;2;12;9;15m█[0m[48;2;27;24;37m[38;2;27;24;37m▓[0m[48;2;22;18;35m[38;2;22;18;35m▓[0m[48;2;16;13;19m[38;2;16;13;19m█[0m[48;2;13;10;18m[38;2;13;10;18m█[0m[48;2;18;9;42m[38;2;18;9;42m█[0m[48;2;24;20;32m[38;2;24;20;32m▓[0m[48;2;33;29;36m[38;2;33;29;36m▓[0m[48;2;36;32;38m[38;2;36;32;38m▓[0m[48;2;43;40;46m[38;2;43;40;46m▒[0m[48;2;47;44;50m[38;2;47;44;50m▒[0m[48;2;46;43;49m[38;2;46;43;49m▒[0m[48;2;54;51;57m[38;2;54;51;57m▒[0m[48;2;55;51;57m[38;2;55;51;57m▒[0m[48;2;11;7;13m[38;2;11;7;13m█[0m[48;2;11;7;14m[38;2;11;7;14m█[0m[48;2;18;14;27m[38;2;18;14;27m█[0m[48;2;36;31;51m[38;2;36;31;51m▓[0m[48;2;34;28;48m[38;2;34;28;48m▓[0m[48;2;23;18;34m[38;2;23;18;34m▓[0m[48;2;30;24;37m[38;2;30;24;37m▓[0m[48;2;55;48;57m[38;2;55;48;57m▒[0m[48;2;49;42;48m[38;2;49;42;48m▒[0m[48;2;124;119;123m[38;2;124;119;123m#[0m[48;2;207;204;207m[38;2;207;204;207m:[0m                                    
                                           [48;2;233;232;233m[38;2;233;232;233m.[0m[48;2;8;5;10m[38;2;8;5;10m█[0m[48;2;24;21;26m[38;2;24;21;26m▓[0m[48;2;42;39;45m[38;2;42;39;45m▒[0m[48;2;19;16;23m[38;2;19;16;23m█[0m[48;2;12;9;15m[38;2;12;9;15m█[0m[48;2;112;109;114m[38;2;112;109;114m#[0m[48;2;16;14;22m[38;2;16;14;22m█[0m[48;2;22;12;68m[38;2;22;12;68m▓[0m[48;2;7;3;25m[38;2;7;3;25m█[0m[48;2;16;8;49m[38;2;16;8;49m█[0m[48;2;69;55;119m[38;2;69;55;119m░[0m[48;2;45;35;69m[38;2;45;35;69m▒[0m[48;2;11;8;15m[38;2;11;8;15m█[0m[48;2;8;4;10m[38;2;8;4;10m█[0m[48;2;19;16;25m[38;2;19;16;25m█[0m[48;2;20;16;28m[38;2;20;16;28m▓[0m[48;2;20;16;28m[38;2;20;16;28m▓[0m[48;2;19;15;27m[38;2;19;15;27m█[0m[48;2;22;17;32m[38;2;22;17;32m▓[0m[48;2;27;22;38m[38;2;27;22;38m▓[0m[48;2;34;29;48m[38;2;34;29;48m▓[0m[48;2;37;31;51m[38;2;37;31;51m▓[0m[48;2;37;31;52m[38;2;37;31;52m▓[0m[48;2;37;31;52m[38;2;37;31;52m▓[0m[48;2;37;31;52m[38;2;37;31;52m▓[0m[48;2;37;31;52m[38;2;37;31;52m▓[0m[48;2;30;25;43m[38;2;30;25;43m▓[0m[48;2;22;18;30m[38;2;22;18;30m▓[0m[48;2;95;92;98m[38;2;95;92;98m%[0m[48;2;213;212;214m[38;2;213;212;214m:[0m                                    
                                           [48;2;127;127;128m[38;2;127;127;128m#[0m[48;2;14;12;16m[38;2;14;12;16m█[0m[48;2;24;21;26m[38;2;24;21;26m▓[0m[48;2;25;21;33m[38;2;25;21;33m▓[0m[48;2;35;30;48m[38;2;35;30;48m▓[0m[48;2;11;8;16m[38;2;11;8;16m█[0m[48;2;215;213;216m[38;2;215;213;216m:[0m[48;2;73;70;77m[38;2;73;70;77m░[0m[48;2;84;67;141m[38;2;84;67;141m@[0m[48;2;59;45;92m[38;2;59;45;92m▒[0m[48;2;16;8;41m[38;2;16;8;41m█[0m[48;2;45;36;83m[38;2;45;36;83m▒[0m[48;2;31;23;49m[38;2;31;23;49m▓[0m[48;2;100;97;103m[38;2;100;97;103m%[0m[48;2;187;185;189m[38;2;187;185;189m-[0m[48;2;85;82;89m[38;2;85;82;89m@[0m[48;2;22;18;29m[38;2;22;18;29m▓[0m[48;2;31;26;41m[38;2;31;26;41m▓[0m[48;2;37;31;50m[38;2;37;31;50m▓[0m[48;2;37;31;52m[38;2;37;31;52m▓[0m[48;2;37;31;52m[38;2;37;31;52m▓[0m[48;2;37;31;52m[38;2;37;31;52m▓[0m[48;2;37;31;52m[38;2;37;31;52m▓[0m[48;2;37;31;52m[38;2;37;31;52m▓[0m[48;2;37;31;52m[38;2;37;31;52m▓[0m[48;2;37;31;52m[38;2;37;31;52m▓[0m[48;2;37;31;52m[38;2;37;31;52m▓[0m[48;2;37;31;52m[38;2;37;31;52m▓[0m[48;2;37;31;52m[38;2;37;31;52m▓[0m[48;2;33;27;46m[38;2;33;27;46m▓[0m[48;2;19;15;27m[38;2;19;15;27m█[0m[48;2;108;106;111m[38;2;108;106;111m%[0m[48;2;233;232;233m[38;2;233;232;233m.[0m                                  
                                           [48;2;74;73;75m[38;2;74;73;75m@[0m[48;2;10;8;14m[38;2;10;8;14m█[0m[48;2;34;29;44m[38;2;34;29;44m▓[0m[48;2;36;31;51m[38;2;36;31;51m▓[0m[48;2;35;29;50m[38;2;35;29;50m▓[0m[48;2;19;17;24m[38;2;19;17;24m▓[0m[48;2;239;238;239m[38;2;239;238;239m [0m[48;2;208;206;209m[38;2;208;206;209m:[0m[48;2;83;80;86m[38;2;83;80;86m@[0m[48;2;74;71;78m[38;2;74;71;78m░[0m[48;2;26;17;61m[38;2;26;17;61m▓[0m[48;2;84;67;139m[38;2;84;67;139m@[0m[48;2;37;27;57m[38;2;37;27;57m▓[0m[48;2;123;120;124m[38;2;123;120;124m#[0m  [48;2;215;215;216m[38;2;215;215;216m:[0m[48;2;122;121;123m[38;2;122;121;123m#[0m[48;2;42;40;45m[38;2;42;40;45m▒[0m[48;2;23;19;31m[38;2;23;19;31m▓[0m[48;2;33;28;44m[38;2;33;28;44m▓[0m[48;2;37;32;49m[38;2;37;32;49m▓[0m[48;2;37;32;50m[38;2;37;32;50m▓[0m[48;2;37;31;52m[38;2;37;31;52m▓[0m[48;2;37;31;52m[38;2;37;31;52m▓[0m[48;2;37;31;52m[38;2;37;31;52m▓[0m[48;2;37;31;52m[38;2;37;31;52m▓[0m[48;2;37;31;52m[38;2;37;31;52m▓[0m[48;2;37;31;52m[38;2;37;31;52m▓[0m[48;2;37;31;52m[38;2;37;31;52m▓[0m[48;2;37;31;52m[38;2;37;31;52m▓[0m[48;2;29;24;41m[38;2;29;24;41m▓[0m[48;2;32;29;38m[38;2;32;29;38m▓[0m[48;2;180;179;181m[38;2;180;179;181m=[0m                                 
                                           [48;2;123;122;123m[38;2;123;122;123m#[0m[48;2;22;19;27m[38;2;22;19;27m▓[0m[48;2;38;32;51m[38;2;38;32;51m▓[0m[48;2;37;31;54m[38;2;37;31;54m▓[0m[48;2;34;28;50m[38;2;34;28;50m▓[0m[48;2;31;29;35m[38;2;31;29;35m▓[0m    [48;2;178;177;179m[38;2;178;177;179m=[0m[48;2;80;78;82m[38;2;80;78;82m@[0m[48;2;88;86;91m[38;2;88;86;91m@[0m[48;2;234;232;235m[38;2;234;232;235m.[0m    [48;2;240;240;241m[38;2;240;240;241m [0m[48;2;103;103;106m[38;2;103;103;106m%[0m[48;2;46;44;50m[38;2;46;44;50m▒[0m[48;2;44;41;49m[38;2;44;41;49m▒[0m[48;2;20;15;28m[38;2;20;15;28m█[0m[48;2;28;23;40m[38;2;28;23;40m▓[0m[48;2;36;30;51m[38;2;36;30;51m▓[0m[48;2;37;31;52m[38;2;37;31;52m▓[0m[48;2;37;31;52m[38;2;37;31;52m▓[0m[48;2;37;31;52m[38;2;37;31;52m▓[0m[48;2;37;31;52m[38;2;37;31;52m▓[0m[48;2;37;31;52m[38;2;37;31;52m▓[0m[48;2;37;31;52m[38;2;37;31;52m▓[0m[48;2;37;31;52m[38;2;37;31;52m▓[0m[48;2;36;31;48m[38;2;36;31;48m▓[0m[48;2;17;14;22m[38;2;17;14;22m█[0m[48;2;173;173;174m[38;2;173;173;174m=[0m                                