                                                                                                              
                                                                                                              
                                                                                                              
                                                                                                              
                                                                                                              
                                                                                                              
                                                                                                              
                                                                                                              
                                                                                                              
                                                                                                              
                                                                                                              
                                                                                                              
                                                                                                              
                                                   [48;2;180;179;181m[38;2;180;179;181m=[0m[48;2;128;127;129m[38;2;128;127;129m#[0m[48;2;94;94;96m[38;2;94;94;96m%[0m[48;2;68;68;71m[38;2;68;68;71m░[0m[48;2;55;54;59m[38;2;55;54;59m░[0m[48;2;45;44;50m[38;2;45;44;50m▒[0m[48;2;45;44;50m[38;2;45;44;50m▒[0m[48;2;53;51;57m[38;2;53;51;57m▒[0m[48;2;68;67;72m[38;2;68;67;72m░[0m[48;2;95;94;99m[38;2;95;94;99m%[0m[48;2;145;144;147m[38;2;145;144;147m*[0m[48;2;206;205;207m[38;2;206;205;207m:[0m                                               
                                                 [48;2;160;160;162m[38;2;160;160;162m+[0m[48;2;32;31;37m[38;2;32;31;37m▓[0m[48;2;28;26;38m[38;2;28;26;38m▓[0m[48;2;38;36;50m[38;2;38;36;50m▒[0m[48;2;43;42;58m[38;2;43;42;58m▒[0m[48;2;43;43;59m[38;2;43;43;59m▒[0m[48;2;43;43;60m[38;2;43;43;60m▒[0m[48;2;43;43;60m[38;2;43;43;60m▒[0m[48;2;43;42;59m[38;2;43;42;59m▒[0m[48;2;43;42;59m[38;2;43;42;59m▒[0m[48;2;42;42;59m[38;2;42;42;59m▒[0m[48;2;41;41;57m[38;2;41;41;57m▒[0m[48;2;35;34;50m[38;2;35;34;50m▓[0m[48;2;25;24;39m[38;2;25;24;39m▓[0m[48;2;44;42;53m[38;2;44;42;53m▒[0m[48;2;132;131;137m[38;2;132;131;137m*[0m[48;2;237;236;238m[38;2;237;236;238m.[0m                                            
                                                [48;2;95;94;97m[38;2;95;94;97m%[0m[48;2;23;22;31m[38;2;23;22;31m▓[0m[48;2;43;41;56m[38;2;43;41;56m▒[0m[48;2;42;43;58m[38;2;42;43;58m▒[0m[48;2;41;43;58m[38;2;41;43;58m▒[0m[48;2;40;44;59m[38;2;40;44;59m▒[0m[48;2;40;44;59m[38;2;40;44;59m▒[0m[48;2;40;44;59m[38;2;40;44;59m▒[0m[48;2;40;44;59m[38;2;40;44;59m▒[0m[48;2;40;44;59m[38;2;40;44;59m▒[0m[48;2;40;44;59m[38;2;40;44;59m▒[0m[48;2;40;44;59m[38;2;40;44;59m▒[0m[48;2;40;44;59m[38;2;40;44;59m▒[0m[48;2;40;44;59m[38;2;40;44;59m▒[0m[48;2;41;43;59m[38;2;41;43;59m▒[0m[48;2;42;43;59m[38;2;42;43;59m▒[0m[48;2;34;32;46m[38;2;34;32;46m▓[0m[48;2;25;23;32m[38;2;25;23;32m▓[0m[48;2;88;87;93m[38;2;88;87;93m@[0m[48;2;189;188;191m[38;2;189;188;191m-[0m                                          
                                              [48;2;188;188;189m[38;2;188;188;189m-[0m[48;2;83;82;85m[38;2;83;82;85m@[0m[48;2;27;26;35m[38;2;27;26;35m▓[0m[48;2;43;42;58m[38;2;43;42;58m▒[0m[48;2;41;43;59m[38;2;41;43;59m▒[0m[48;2;40;44;59m[38;2;40;44;59m▒[0m[48;2;40;44;59m[38;2;40;44;59m▒[0m[48;2;40;44;59m[38;2;40;44;59m▒[0m[48;2;40;44;59m[38;2;40;44;59m▒[0m[48;2;40;44;59m[38;2;40;44;59m▒[0m[48;2;40;44;59m[38;2;40;44;59m▒[0m[48;2;40;44;59m[38;2;40;44;59m▒[0m[48;2;40;44;59m[38;2;40;44;59m▒[0m[48;2;40;44;59m[38;2;40;44;59m▒[0m[48;2;40;44;59m[38;2;40;44;59m▒[0m[48;2;40;44;59m[38;2;40;44;59m▒[0m[48;2;41;43;59m[38;2;41;43;59m▒[0m[48;2;42;44;60m[38;2;42;44;60m▒[0m[48;2;44;44;59m[38;2;44;44;59m▒[0m[48;2;78;76;86m[38;2;78;76;86m@[0m[48;2;9;8;13m[38;2;9;8;13m█[0m[48;2;54;52;59m[38;2;54;52;59m▒[0m[48;2;104;103;107m[38;2;104;103;107m%[0m                                         
                                             [48;2;144;144;145m[38;2;144;144;145m*[0m[48;2;4;2;6m[38;2;4;2;6m█[0m[48;2;22;21;29m[38;2;22;21;29m▓[0m[48;2;44;43;57m[38;2;44;43;57m▒[0m[48;2;42;44;60m[38;2;42;44;60m▒[0m[48;2;40;44;59m[38;2;40;44;59m▒[0m[48;2;40;44;59m[38;2;40;44;59m▒[0m[48;2;40;44;59m[38;2;40;44;59m▒[0m[48;2;40;44;59m[38;2;40;44;59m▒[0m[48;2;40;44;59m[38;2;40;44;59m▒[0m[48;2;40;44;59m[38;2;40;44;59m▒[0m[48;2;40;44;59m[38;2;40;44;59m▒[0m[48;2;40;44;59m[38;2;40;44;59m▒[0m[48;2;40;44;59m[38;2;40;44;59m▒[0m[48;2;40;44;59m[38;2;40;44;59m▒[0m[48;2;40;44;59m[38;2;40;44;59m▒[0m[48;2;40;44;59m[38;2;40;44;59m▒[0m[48;2;41;43;59m[38;2;41;43;59m▒[0m[48;2;41;44;60m[38;2;41;44;60m▒[0m[48;2;56;57;71m[38;2;56;57;71m░[0m[48;2;70;69;75m[38;2;70;69;75m░[0m[48;2;16;15;20m[38;2;16;15;20m█[0m[48;2;106;101;108m[38;2;106;101;108m%[0m[48;2;92;88;94m[38;2;92;88;94m@[0m[48;2;95;92;97m[38;2;95;92;97m%[0m                                        
                                             [48;2;43;40;44m[38;2;43;40;44m▒[0m[48;2;9;5;12m[38;2;9;5;12m█[0m[48;2;43;41;54m[38;2;43;41;54m▒[0m[48;2;42;43;59m[38;2;42;43;59m▒[0m[48;2;40;44;59m[38;2;40;44;59m▒[0m[48;2;40;44;59m[38;2;40;44;59m▒[0m[48;2;40;44;59m[38;2;40;44;59m▒[0m[48;2;40;44;59m[38;2;40;44;59m▒[0m[48;2;40;44;59m[38;2;40;44;59m▒[0m[48;2;40;44;59m[38;2;40;44;59m▒[0m[48;2;40;44;59m[38;2;40;44;59m▒[0m[48;2;40;44;59m[38;2;40;44;59m▒[0m[48;2;40;44;59m[38;2;40;44;59m▒[0m[48;2;40;44;59m[38;2;40;44;59m▒[0m[48;2;40;44;59m[38;2;40;44;59m▒[0m[48;2;40;44;59m[38;2;40;44;59m▒[0m[48;2;40;44;59m[38;2;40;44;59m▒[0m[48;2;40;44;59m[38;2;40;44;59m▒[0m[48;2;43;46;61m[38;2;43;46;61m▒[0m[48;2;59;60;74m[38;2;59;60;74m░[0m[48;2;44;42;53m[38;2;44;42;53m▒[0m[48;2;16;12;21m[38;2;16;12;21m█[0m[48;2;105;97;105m[38;2;105;97;105m%[0m[48;2;98;90;98m[38;2;98;90;98m%[0m[48;2;63;55;63m[38;2;63;55;63m░[0m[48;2;168;167;169m[38;2;168;167;169m=[0m                                       
                                           [48;2;229;229;229m[38;2;229;229;229m.[0m[48;2;56;53;57m[38;2;56;53;57m▒[0m[48;2;38;32;37m[38;2;38;32;37m▓[0m[48;2;22;19;26m[38;2;22;19;26m▓[0m[48;2;43;42;58m[38;2;43;42;58m▒[0m[48;2;41;43;59m[38;2;41;43;59m▒[0m[48;2;40;44;59m[38;2;40;44;59m▒[0m[48;2;40;44;59m[38;2;40;44;59m▒[0m[48;2;40;44;59m[38;2;40;44;59m▒[0m[48;2;40;44;59m[38;2;40;44;59m▒[0m[48;2;40;44;59m[38;2;40;44;59m▒[0m[48;2;40;44;59m[38;2;40;44;59m▒[0m[48;2;40;44;59m[38;2;40;44;59m▒[0m[48;2;40;44;59m[38;2;40;44;59m▒[0m[48;2;40;44;59m[38;2;40;44;59m▒[0m[48;2;40;44;59m[38;2;40;44;59m▒[0m[48;2;40;44;59m[38;2;40;44;59m▒[0m[48;2;40;43;59m[38;2;40;43;59m▒[0m[48;2;41;43;59m[38;2;41;43;59m▒[0m[48;2;43;43;60m[38;2;43;43;60m▒[0m[48;2;74;73;90m[38;2;74;73;90m@[0m[48;2;50;48;63m[38;2;50;48;63m▒[0m[48;2;21;16;28m[38;2;21;16;28m▓[0m[48;2;101;91;102m[38;2;101;91;102m%[0m[48;2;122;112;122m[38;2;122;112;122m#[0m[48;2;15;7;15m[38;2;15;7;15m█[0m[48;2;109;101;109m[38;2;109;101;109m%[0m[48;2;69;66;71m[38;2;69;66;71m░[0m                                       
                                          [48;2;237;237;238m[38;2;237;237;238m.[0m[48;2;46;43;47m[38;2;46;43;47m▒[0m[48;2;95;84;91m[38;2;95;84;91m@[0m[48;2;88;77;85m[38;2;88;77;85m@[0m[48;2;26;22;32m[38;2;26;22;32m▓[0m[48;2;44;42;59m[38;2;44;42;59m▒[0m[48;2;41;43;59m[38;2;41;43;59m▒[0m[48;2;40;44;59m[38;2;40;44;59m▒[0m[48;2;40;44;59m[38;2;40;44;59m▒[0m[48;2;40;44;59m[38;2;40;44;59m▒[0m[48;2;40;44;59m[38;2;40;44;59m▒[0m[48;2;40;44;59m[38;2;40;44;59m▒[0m[48;2;40;44;59m[38;2;40;44;59m▒[0m[48;2;40;44;59m[38;2;40;44;59m▒[0m[48;2;40;44;59m[38;2;40;44;59m▒[0m[48;2;40;44;59m[38;2;40;44;59m▒[0m[48;2;40;44;59m[38;2;40;44;59m▒[0m[48;2;40;44;59m[38;2;40;44;59m▒[0m[48;2;41;43;59m[38;2;41;43;59m▒[0m[48;2;54;52;69m[38;2;54;52;69m▒[0m[48;2;76;73;89m[38;2;76;73;89m@[0m[48;2;41;37;51m[38;2;41;37;51m▒[0m[48;2;29;23;35m[38;2;29;23;35m▓[0m[48;2;114;102;115m[38;2;114;102;115m%[0m[48;2;157;140;154m[38;2;157;140;154m+[0m[48;2;156;140;153m[38;2;156;140;153m*[0m[48;2;79;67;76m[38;2;79;67;76m░[0m[48;2;85;79;86m[38;2;85;79;86m@[0m[48;2;30;27;33m[38;2;30;27;33m▓[0m                                       
                                          [48;2;97;94;96m[38;2;97;94;96m%[0m[48;2;80;71;78m[38;2;80;71;78m@[0m[48;2;155;141;151m[38;2;155;141;151m+[0m[48;2;111;98;107m[38;2;111;98;107m%[0m[48;2;22;16;26m[38;2;22;16;26m▓[0m[48;2;44;43;59m[38;2;44;43;59m▒[0m[48;2;42;43;59m[38;2;42;43;59m▒[0m[48;2;40;44;59m[38;2;40;44;59m▒[0m[48;2;40;44;59m[38;2;40;44;59m▒[0m[48;2;40;44;59m[38;2;40;44;59m▒[0m[48;2;40;44;59m[38;2;40;44;59m▒[0m[48;2;40;44;59m[38;2;40;44;59m▒[0m[48;2;40;44;59m[38;2;40;44;59m▒[0m[48;2;40;44;59m[38;2;40;44;59m▒[0m[48;2;40;44;59m[38;2;40;44;59m▒[0m[48;2;41;44;59m[38;2;41;44;59m▒[0m[48;2;42;43;58m[38;2;42;43;58m▒[0m[48;2;51;52;67m[38;2;51;52;67m▒[0m[48;2;69;68;83m[38;2;69;68;83m░[0m[48;2;56;53;68m[38;2;56;53;68m░[0m[48;2;26;22;34m[38;2;26;22;34m▓[0m[48;2;78;69;81m[38;2;78;69;81m░[0m[48;2;149;134;147m[38;2;149;134;147m*[0m[48;2;159;141;155m[38;2;159;141;155m+[0m[48;2;161;140;155m[38;2;161;140;155m+[0m[48;2;161;140;155m[38;2;161;140;155m+[0m[48;2;120;105;116m[38;2;120;105;116m#[0m[48;2;35;31;37m[38;2;35;31;37m▓[0m[48;2;32;29;35m[38;2;32;29;35m▓[0m                                       
                                         [48;2;202;202;202m[38;2;202;202;202m:[0m[48;2;40;34;37m[38;2;40;34;37m▓[0m[48;2;154;140;149m[38;2;154;140;149m*[0m[48;2;160;142;153m[38;2;160;142;153m+[0m[48;2;117;101;113m[38;2;117;101;113m%[0m[48;2;16;7;17m[38;2;16;7;17m█[0m[48;2;35;30;43m[38;2;35;30;43m▓[0m[48;2;43;42;59m[38;2;43;42;59m▒[0m[48;2;41;43;59m[38;2;41;43;59m▒[0m[48;2;40;44;59m[38;2;40;44;59m▒[0m[48;2;40;44;59m[38;2;40;44;59m▒[0m[48;2;40;44;59m[38;2;40;44;59m▒[0m[48;2;40;44;59m[38;2;40;44;59m▒[0m[48;2;41;43;59m[38;2;41;43;59m▒[0m[48;2;48;50;66m[38;2;48;50;66m▒[0m[48;2;44;46;61m[38;2;44;46;61m▒[0m[48;2;66;65;78m[38;2;66;65;78m░[0m[48;2;67;64;74m[38;2;67;64;74m░[0m[48;2;48;45;52m[38;2;48;45;52m▒[0m[48;2;33;27;35m[38;2;33;27;35m▓[0m[48;2;83;73;82m[38;2;83;73;82m@[0m[48;2;143;129;140m[38;2;143;129;140m*[0m[48;2;157;140;152m[38;2;157;140;152m+[0m[48;2;161;140;155m[38;2;161;140;155m+[0m[48;2;161;140;155m[38;2;161;140;155m+[0m[48;2;161;140;155m[38;2;161;140;155m+[0m[48;2;161;140;155m[38;2;161;140;155m+[0m[48;2;127;112;123m[38;2;127;112;123m#[0m[48;2;5;3;7m[38;2;5;3;7m█[0m[48;2;59;57;62m[38;2;59;57;62m░[0m                                       
                                         [48;2;76;74;76m[38;2;76;74;76m@[0m[48;2;122;111;119m[38;2;122;111;119m#[0m[48;2;161;142;154m[38;2;161;142;154m+[0m[48;2;162;142;155m[38;2;162;142;155m+[0m[48;2;103;87;99m[38;2;103;87;99m%[0m[48;2;67;57;66m[38;2;67;57;66m░[0m[48;2;46;37;48m[38;2;46;37;48m▒[0m[48;2;32;27;40m[38;2;32;27;40m▓[0m[48;2;43;42;58m[38;2;43;42;58m▒[0m[48;2;42;43;59m[38;2;42;43;59m▒[0m[48;2;42;43;59m[38;2;42;43;59m▒[0m[48;2;42;43;59m[38;2;42;43;59m▒[0m[48;2;57;58;73m[38;2;57;58;73m░[0m[48;2;72;70;85m[38;2;72;70;85m░[0m[48;2;57;55;68m[38;2;57;55;68m░[0m[48;2;28;25;37m[38;2;28;25;37m▓[0m[48;2;30;24;34m[38;2;30;24;34m▓[0m[48;2;67;58;68m[38;2;67;58;68m░[0m[48;2;117;103;114m[38;2;117;103;114m%[0m[48;2;154;139;150m[38;2;154;139;150m*[0m[48;2;159;142;154m[38;2;159;142;154m+[0m[48;2;161;141;155m[38;2;161;141;155m+[0m[48;2;161;140;155m[38;2;161;140;155m+[0m[48;2;161;140;155m[38;2;161;140;155m+[0m[48;2;161;140;155m[38;2;161;140;155m+[0m[48;2;161;140;155m[38;2;161;140;155m+[0m[48;2;161;140;155m[38;2;161;140;155m+[0m[48;2;116;101;112m[38;2;116;101;112m%[0m[48;2;70;67;70m[38;2;70;67;70m░[0m[48;2;224;223;224m[38;2;224;223;224m.[0m                                       
                                        [48;2;220;219;219m[38;2;220;219;219m:[0m[48;2;38;32;36m[38;2;38;32;36m▓[0m[48;2;159;143;153m[38;2;159;143;153m+[0m[48;2;161;141;155m[38;2;161;141;155m+[0m[48;2;161;140;155m[38;2;161;140;155m+[0m[48;2;152;134;148m[38;2;152;134;148m*[0m[48;2;37;27;35m[38;2;37;27;35m▓[0m[48;2;136;123;134m[38;2;136;123;134m*[0m[48;2;85;74;86m[38;2;85;74;86m@[0m[48;2;36;27;39m[38;2;36;27;39m▓[0m[48;2;26;19;31m[38;2;26;19;31m▓[0m[48;2;35;28;40m[38;2;35;28;40m▓[0m[48;2;47;43;51m[38;2;47;43;51m▒[0m[48;2;41;36;43m[38;2;41;36;43m▒[0m[48;2;48;40;48m[38;2;48;40;48m▒[0m[48;2;75;66;75m[38;2;75;66;75m░[0m[48;2;119;108;118m[38;2;119;108;118m#[0m[48;2;155;140;152m[38;2;155;140;152m*[0m[48;2;159;143;156m[38;2;159;143;156m+[0m[48;2;153;137;150m[38;2;153;137;150m*[0m[48;2;124;106;120m[38;2;124;106;120m#[0m[48;2;86;70;82m[38;2;86;70;82m@[0m[48;2;135;118;130m[38;2;135;118;130m#[0m[48;2;161;140;155m[38;2;161;140;155m+[0m[48;2;161;140;155m[38;2;161;140;155m+[0m[48;2;161;140;155m[38;2;161;140;155m+[0m[48;2;161;140;155m[38;2;161;140;155m+[0m[48;2;161;140;155m[38;2;161;140;155m+[0m[48;2;64;51;60m[38;2;64;51;60m░[0m[48;2;38;35;38m[38;2;38;35;38m▓[0m[48;2;89;87;89m[38;2;89;87;89m@[0m[48;2;64;62;64m[38;2;64;62;64m░[0m[48;2;65;62;65m[38;2;65;62;65m░[0m[48;2;90;89;90m[38;2;90;89;90m@[0m[48;2;238;238;238m[38;2;238;238;238m [0m                                   
                                        [48;2;162;162;162m[38;2;162;162;162m+[0m[48;2;72;64;70m[38;2;72;64;70m░[0m[48;2;160;142;154m[38;2;160;142;154m+[0m[48;2;161;140;155m[38;2;161;140;155m+[0m[48;2;161;140;155m[38;2;161;140;155m+[0m[48;2;161;140;155m[38;2;161;140;155m+[0m[48;2;122;106;117m[38;2;122;106;117m#[0m[48;2;41;30;38m[38;2;41;30;38m▓[0m[48;2;36;23;33m[38;2;36;23;33m▓[0m[48;2;135;120;132m[38;2;135;120;132m#[0m[48;2;141;127;138m[38;2;141;127;138m*[0m[48;2;73;62;71m[38;2;73;62;71m░[0m[48;2;62;52;60m[38;2;62;52;60m░[0m[48;2;153;141;150m[38;2;153;141;150m*[0m[48;2;157;143;152m[38;2;157;143;152m+[0m[48;2;137;123;133m[38;2;137;123;133m*[0m[48;2;108;95;105m[38;2;108;95;105m%[0m[48;2;80;67;78m[38;2;80;67;78m░[0m[48;2;67;55;67m[38;2;67;55;67m░[0m[48;2;69;59;69m[38;2;69;59;69m░[0m[48;2;99;87;98m[38;2;99;87;98m%[0m[48;2;140;124;136m[38;2;140;124;136m*[0m[48;2;160;141;155m[38;2;160;141;155m+[0m[48;2;161;140;155m[38;2;161;140;155m+[0m[48;2;161;140;155m[38;2;161;140;155m+[0m[48;2;161;140;155m[38;2;161;140;155m+[0m[48;2;161;140;155m[38;2;161;140;155m+[0m[48;2;129;113;123m[38;2;129;113;123m#[0m[48;2;19;9;17m[38;2;19;9;17m█[0m[48;2;18;12;19m[38;2;18;12;19m█[0m[48;2;125;121;126m[38;2;125;121;126m#[0m[48;2;234;231;234m[38;2;234;231;234m.[0m[48;2;60;58;60m[38;2;60;58;60m░[0m[48;2;63;60;63m[38;2;63;60;63m░[0m                                    
                                        [48;2;148;147;148m[38;2;148;147;148m+[0m[48;2;81;73;80m[38;2;81;73;80m@[0m[48;2;161;142;155m[38;2;161;142;155m+[0m[48;2;161;140;155m[38;2;161;140;155m+[0m[48;2;161;140;155m[38;2;161;140;155m+[0m[48;2;161;140;155m[38;2;161;140;155m+[0m[48;2;160;141;155m[38;2;160;141;155m+[0m[48;2;125;109;120m[38;2;125;109;120m#[0m[48;2;36;24;33m[38;2;36;24;33m▓[0m[48;2;45;34;42m[38;2;45;34;42m▒[0m[48;2;32;23;31m[38;2;32;23;31m▓[0m[48;2;12;5;12m[38;2;12;5;12m█[0m[48;2;50;44;50m[38;2;50;44;50m▒[0m[48;2;66;59;65m[38;2;66;59;65m░[0m[48;2;71;60;68m[38;2;71;60;68m░[0m[48;2;88;75;85m[38;2;88;75;85m@[0m[48;2;116;103;112m[38;2;116;103;112m%[0m[48;2;142;128;138m[38;2;142;128;138m*[0m[48;2;157;140;152m[38;2;157;140;152m+[0m[48;2;161;140;155m[38;2;161;140;155m+[0m[48;2;161;140;155m[38;2;161;140;155m+[0m[48;2;161;140;155m[38;2;161;140;155m+[0m[48;2;161;140;155m[38;2;161;140;155m+[0m[48;2;161;140;155m[38;2;161;140;155m+[0m[48;2;161;140;155m[38;2;161;140;155m+[0m[48;2;161;140;155m[38;2;161;140;155m+[0m[48;2;159;138;153m[38;2;159;138;153m*[0m[48;2;47;34;44m[38;2;47;34;44m▒[0m[48;2;22;14;24m[38;2;22;14;24m█[0m[48;2;33;29;43m[38;2;33;29;43m▓[0m[48;2;44;42;48m[38;2;44;42;48m▒[0m[48;2;241;239;243m[38;2;241;239;243m [0m[48;2;189;187;190m[38;2;189;187;190m-[0m[48;2;79;75;79m[38;2;79;75;79m@[0m                                    
                                        [48;2;162;161;161m[38;2;162;161;161m+[0m[48;2;71;63;69m[38;2;71;63;69m░[0m[48;2;161;143;155m[38;2;161;143;155m+[0m[48;2;161;140;155m[38;2;161;140;155m+[0m[48;2;161;140;155m[38;2;161;140;155m+[0m[48;2;161;140;155m[38;2;161;140;155m+[0m[48;2;161;140;155m[38;2;161;140;155m+[0m[48;2;161;140;155m[38;2;161;140;155m+[0m[48;2;136;116;131m[38;2;136;116;131m#[0m[48;2;15;5;13m[38;2;15;5;13m█[0m[48;2;9;3;10m[38;2;9;3;10m█[0m[48;2;17;13;19m[38;2;17;13;19m█[0m[48;2;26;23;29m[38;2;26;23;29m▓[0m[48;2;53;47;55m[38;2;53;47;55m▒[0m[48;2;95;84;93m[38;2;95;84;93m@[0m[48;2;156;140;151m[38;2;156;140;151m*[0m[48;2;160;141;153m[38;2;160;141;153m+[0m[48;2;161;140;155m[38;2;161;140;155m+[0m[48;2;161;140;155m[38;2;161;140;155m+[0m[48;2;161;140;155m[38;2;161;140;155m+[0m[48;2;161;140;155m[38;2;161;140;155m+[0m[48;2;161;140;155m[38;2;161;140;155m+[0m[48;2;161;140;155m[38;2;161;140;155m+[0m[48;2;161;140;155m[38;2;161;140;155m+[0m[48;2;161;140;155m[38;2;161;140;155m+[0m[48;2;161;140;155m[38;2;161;140;155m+[0m[48;2;157;137;151m[38;2;157;137;151m*[0m[48;2;96;81;93m[38;2;96;81;93m@[0m[48;2;17;10;20m[38;2;17;10;20m█[0m[48;2;33;29;42m[38;2;33;29;42m▓[0m[48;2;11;10;16m[38;2;11;10;16m█[0m[48;2;196;193;197m[38;2;196;193;197m-[0m[48;2;107;102;107m[38;2;107;102;107m%[0m[48;2;17;11;16m[38;2;17;11;16m█[0m[48;2;79;76;79m[38;2;79;76;79m@[0m[48;2;86;83;86m[38;2;86;83;86m@[0m[48;2;106;103;106m[38;2;106;103;106m%[0m[48;2;137;134;137m[38;2;137;134;137m*[0m[48;2;181;180;181m[38;2;181;180;181m=[0m[48;2;232;232;232m[38;2;232;232;232m.[0m                              
                                        [48;2;114;113;114m[38;2;114;113;114m#[0m[48;2;26;22;25m[38;2;26;22;25m▓[0m[48;2;149;135;145m[38;2;149;135;145m*[0m[48;2;161;140;155m[38;2;161;140;155m+[0m[48;2;161;140;155m[38;2;161;140;155m+[0m[48;2;161;140;155m[38;2;161;140;155m+[0m[48;2;161;140;155m[38;2;161;140;155m+[0m[48;2;161;140;155m[38;2;161;140;155m+[0m[48;2;121;102;116m[38;2;121;102;116m%[0m[48;2;21;12;21m[38;2;21;12;21m█[0m[48;2;27;22;30m[38;2;27;22;30m▓[0m[48;2;2;0;5m[38;2;2;0;5m█[0m[48;2;13;11;16m[38;2;13;11;16m█[0m[48;2;13;9;16m[38;2;13;9;16m█[0m[48;2;52;44;52m[38;2;52;44;52m▒[0m[48;2;147;132;142m[38;2;147;132;142m*[0m[48;2;161;140;154m[38;2;161;140;154m+[0m[48;2;161;140;155m[38;2;161;140;155m+[0m[48;2;161;140;155m[38;2;161;140;155m+[0m[48;2;161;140;155m[38;2;161;140;155m+[0m[48;2;161;140;155m[38;2;161;140;155m+[0m[48;2;161;140;155m[38;2;161;140;155m+[0m[48;2;161;140;155m[38;2;161;140;155m+[0m[48;2;161;140;155m[38;2;161;140;155m+[0m[48;2;161;140;155m[38;2;161;140;155m+[0m[48;2;161;140;155m[38;2;161;140;155m+[0m[48;2;161;140;155m[38;2;161;140;155m+[0m[48;2;161;140;155m[38;2;161;140;155m+[0m[48;2;76;61;73m[38;2;76;61;73m░[0m[48;2;20;14;24m[38;2;20;14;24m█[0m[48;2;12;10;16m[38;2;12;10;16m█[0m[48;2;212;210;215m[38;2;212;210;215m:[0m[48;2;137;131;135m[38;2;137;131;135m*[0m[48;2;32;25;30m[38;2;32;25;30m▓[0m[48;2;155;149;154m[38;2;155;149;154m+[0m[48;2;132;126;131m[38;2;132;126;131m*[0m[48;2;86;81;86m[38;2;86;81;86m@[0m[48;2;52;47;51m[38;2;52;47;51m▒[0m[48;2;68;63;68m[38;2;68;63;68m░[0m[48;2;70;64;69m[38;2;70;64;69m░[0m[48;2;85;81;84m[38;2;85;81;84m@[0m[48;2;197;195;198m[38;2;197;195;198m-[0m                            
                                         [48;2;168;167;168m[38;2;168;167;168m=[0m[48;2;53;45;52m[38;2;53;45;52m▒[0m[48;2;153;136;149m[38;2;153;136;149m*[0m[48;2;161;140;155m[38;2;161;140;155m+[0m[48;2;161;140;155m[38;2;161;140;155m+[0m[48;2;161;140;155m[38;2;161;140;155m+[0m[48;2;161;140;155m[38;2;161;140;155m+[0m[48;2;150;130;145m[38;2;150;130;145m*[0m[48;2;47;35;46m[38;2;47;35;46m▒[0m[48;2;22;16;25m[38;2;22;16;25m▓[0m[48;2;16;12;19m[38;2;16;12;19m█[0m[48;2;8;6;12m[38;2;8;6;12m█[0m[48;2;23;20;26m[38;2;23;20;26m▓[0m[48;2;12;6;13m[38;2;12;6;13m█[0m[48;2;62;50;59m[38;2;62;50;59m▒[0m[48;2;161;141;155m[38;2;161;141;155m+[0m[48;2;161;140;155m[38;2;161;140;155m+[0m[48;2;161;140;155m[38;2;161;140;155m+[0m[48;2;161;140;155m[38;2;161;140;155m+[0m[48;2;161;140;155m[38;2;161;140;155m+[0m[48;2;161;140;155m[38;2;161;140;155m+[0m[48;2;161;140;155m[38;2;161;140;155m+[0m[48;2;161;140;155m[38;2;161;140;155m+[0m[48;2;161;140;155m[38;2;161;140;155m+[0m[48;2;161;140;155m[38;2;161;140;155m+[0m[48;2;161;140;155m[38;2;161;140;155m+[0m[48;2;161;140;155m[38;2;161;140;155m+[0m[48;2;157;138;152m[38;2;157;138;152m*[0m[48;2;97;85;95m[38;2;97;85;95m@[0m[48;2;33;25;34m[38;2;33;25;34m▓[0m[48;2;51;46;51m[38;2;51;46;51m▒[0m[48;2;53;46;52m[38;2;53;46;52m▒[0m[48;2;174;170;174m[38;2;174;170;174m=[0m[48;2;196;190;195m[38;2;196;190;195m-[0m[48;2;178;172;177m[38;2;178;172;177m=[0m[48;2;175;170;175m[38;2;175;170;175m=[0m[48;2;95;91;95m[38;2;95;91;95m%[0m[48;2;70;63;69m[38;2;70;63;69m░[0m[48;2;155;141;151m[38;2;155;141;151m+[0m[48;2;144;129;137m[38;2;144;129;137m*[0m[48;2;41;32;38m[38;2;41;32;38m▓[0m[48;2;226;224;226m[38;2;226;224;226m.[0m                           
                                          [48;2;112;111;112m[38;2;112;111;112m#[0m[48;2;32;24;30m[38;2;32;24;30m▓[0m[48;2;115;101;111m[38;2;115;101;111m%[0m[48;2;159;139;153m[38;2;159;139;153m+[0m[48;2;161;140;155m[38;2;161;140;155m+[0m[48;2;161;140;155m[38;2;161;140;155m+[0m[48;2;161;140;155m[38;2;161;140;155m+[0m[48;2;161;141;155m[38;2;161;141;155m+[0m[48;2;123;108;120m[38;2;123;108;120m#[0m[48;2;27;18;27m[38;2;27;18;27m▓[0m[48;2;28;21;28m[38;2;28;21;28m▓[0m[48;2;16;9;16m[38;2;16;9;16m█[0m[48;2;83;76;83m[38;2;83;76;83m@[0m[48;2;63;53;61m[38;2;63;53;61m░[0m[48;2;73;61;69m[38;2;73;61;69m░[0m[48;2;113;98;109m[38;2;113;98;109m%[0m[48;2;147;130;142m[38;2;147;130;142m*[0m[48;2;160;140;154m[38;2;160;140;154m+[0m[48;2;161;140;155m[38;2;161;140;155m+[0m[48;2;161;140;155m[38;2;161;140;155m+[0m[48;2;161;140;155m[38;2;161;140;155m+[0m[48;2;161;140;155m[38;2;161;140;155m+[0m[48;2;161;140;155m[38;2;161;140;155m+[0m[48;2;161;140;155m[38;2;161;140;155m+[0m[48;2;161;140;155m[38;2;161;140;155m+[0m[48;2;161;140;155m[38;2;161;140;155m+[0m[48;2;161;140;155m[38;2;161;140;155m+[0m[48;2;161;140;155m[38;2;161;140;155m+[0m[48;2;158;139;153m[38;2;158;139;153m*[0m[48;2;138;120;133m[38;2;138;120;133m#[0m[48;2;124;110;121m[38;2;124;110;121m#[0m[48;2;108;97;106m[38;2;108;97;106m%[0m[48;2;103;93;102m[38;2;103;93;102m%[0m[48;2;109;99;107m[38;2;109;99;107m%[0m[48;2;108;98;106m[38;2;108;98;106m%[0m[48;2;128;117;125m[38;2;128;117;125m#[0m[48;2;158;143;153m[38;2;158;143;153m+[0m[48;2;150;135;145m[38;2;150;135;145m*[0m[48;2;122;107;117m[38;2;122;107;117m#[0m[48;2;23;13;21m[38;2;23;13;21m█[0m[48;2;114;110;115m[38;2;114;110;115m#[0m                           
                                          [48;2;230;230;230m[38;2;230;230;230m.[0m[48;2;45;41;46m[38;2;45;41;46m▒[0m[48;2;82;76;81m[38;2;82;76;81m@[0m[48;2;54;44;51m[38;2;54;44;51m▒[0m[48;2;151;136;147m[38;2;151;136;147m*[0m[48;2;160;141;154m[38;2;160;141;154m+[0m[48;2;161;140;155m[38;2;161;140;155m+[0m[48;2;161;140;155m[38;2;161;140;155m+[0m[48;2;161;140;155m[38;2;161;140;155m+[0m[48;2;158;138;152m[38;2;158;138;152m*[0m[48;2;156;139;152m[38;2;156;139;152m*[0m[48;2;126;111;123m[38;2;126;111;123m#[0m[48;2;54;43;52m[38;2;54;43;52m▒[0m[48;2;91;80;89m[38;2;91;80;89m@[0m[48;2;87;78;85m[38;2;87;78;85m@[0m[48;2;18;12;16m[38;2;18;12;16m█[0m[48;2;8;3;8m[38;2;8;3;8m█[0m[48;2;49;38;46m[38;2;49;38;46m▒[0m[48;2;158;140;153m[38;2;158;140;153m+[0m[48;2;158;138;153m[38;2;158;138;153m*[0m[48;2;147;126;141m[38;2;147;126;141m*[0m[48;2;161;140;155m[38;2;161;140;155m+[0m[48;2;161;140;155m[38;2;161;140;155m+[0m[48;2;161;140;155m[38;2;161;140;155m+[0m[48;2;161;140;155m[38;2;161;140;155m+[0m[48;2;161;140;155m[38;2;161;140;155m+[0m[48;2;161;140;155m[38;2;161;140;155m+[0m[48;2;161;140;155m[38;2;161;140;155m+[0m[48;2;161;140;155m[38;2;161;140;155m+[0m[48;2;161;140;155m[38;2;161;140;155m+[0m[48;2;161;140;155m[38;2;161;140;155m+[0m[48;2;104;86;100m[38;2;104;86;100m%[0m[48;2;72;57;70m[38;2;72;57;70m░[0m[48;2;71;58;69m[38;2;71;58;69m░[0m[48;2;71;59;69m[38;2;71;59;69m░[0m[48;2;72;58;68m[38;2;72;58;68m░[0m[48;2;73;58;68m[38;2;73;58;68m░[0m[48;2;77;64;73m[38;2;77;64;73m░[0m[48;2;97;85;94m[38;2;97;85;94m@[0m[48;2;131;116;128m[38;2;131;116;128m#[0m[48;2;43;34;42m[38;2;43;34;42m▒[0m[48;2;197;195;197m[38;2;197;195;197m-[0m                          
                                           [48;2;215;215;215m[38;2;215;215;215m:[0m[48;2;94;91;93m[38;2;94;91;93m%[0m[48;2;62;58;62m[38;2;62;58;62m░[0m[48;2;62;56;60m[38;2;62;56;60m░[0m[48;2;107;97;105m[38;2;107;97;105m%[0m[48;2;157;140;153m[38;2;157;140;153m+[0m[48;2;161;140;155m[38;2;161;140;155m+[0m[48;2;161;140;155m[38;2;161;140;155m+[0m[48;2;161;140;155m[38;2;161;140;155m+[0m[48;2;161;140;155m[38;2;161;140;155m+[0m[48;2;161;140;155m[38;2;161;140;155m+[0m[48;2;159;140;154m[38;2;159;140;154m+[0m[48;2;129;112;125m[38;2;129;112;125m#[0m[48;2;90;78;88m[38;2;90;78;88m@[0m[48;2;78;68;77m[38;2;78;68;77m░[0m[48;2;117;106;116m[38;2;117;106;116m#[0m[48;2;148;132;144m[38;2;148;132;144m*[0m[48;2;160;140;155m[38;2;160;140;155m+[0m[48;2;152;131;146m[38;2;152;131;146m*[0m[48;2;68;54;64m[38;2;68;54;64m░[0m[48;2;67;53;63m[38;2;67;53;63m░[0m[48;2;98;81;94m[38;2;98;81;94m@[0m[48;2;119;102;115m[38;2;119;102;115m%[0m[48;2;80;66;75m[38;2;80;66;75m░[0m[48;2;46;33;44m[38;2;46;33;44m▒[0m[48;2;68;56;67m[38;2;68;56;67m░[0m[48;2;79;67;77m[38;2;79;67;77m░[0m[48;2;88;76;86m[38;2;88;76;86m@[0m[48;2;96;84;95m[38;2;96;84;95m@[0m[48;2;103;90;101m[38;2;103;90;101m%[0m[48;2;104;91;102m[38;2;104;91;102m%[0m[48;2;108;94;105m[38;2;108;94;105m%[0m[48;2;109;96;108m[38;2;109;96;108m%[0m[48;2;108;96;108m[38;2;108;96;108m%[0m[48;2;102;91;102m[38;2;102;91;102m%[0m[48;2;99;87;98m[38;2;99;87;98m%[0m[48;2;93;81;92m[38;2;93;81;92m@[0m[48;2;79;67;77m[38;2;79;67;77m░[0m[48;2;50;42;50m[38;2;50;42;50m▒[0m[48;2;109;103;110m[38;2;109;103;110m%[0m                           
                                              [48;2;83;80;83m[38;2;83;80;83m@[0m[48;2;8;3;8m[38;2;8;3;8m█[0m[48;2;34;27;34m[38;2;34;27;34m▓[0m[48;2;95;84;93m[38;2;95;84;93m@[0m[48;2;152;134;148m[38;2;152;134;148m*[0m[48;2;161;140;155m[38;2;161;140;155m+[0m[48;2;161;140;155m[38;2;161;140;155m+[0m[48;2;161;140;155m[38;2;161;140;155m+[0m[48;2;161;140;155m[38;2;161;140;155m+[0m[48;2;161;140;155m[38;2;161;140;155m+[0m[48;2;159;139;154m[38;2;159;139;154m+[0m[48;2;118;99;113m[38;2;118;99;113m%[0m[48;2;96;80;93m[38;2;96;80;93m@[0m[48;2;152;133;148m[38;2;152;133;148m*[0m[48;2;160;141;155m[38;2;160;141;155m+[0m[48;2;160;141;155m[38;2;160;141;155m+[0m[48;2;160;141;155m[38;2;160;141;155m+[0m[48;2;155;137;150m[38;2;155;137;150m*[0m[48;2;132;114;128m[38;2;132;114;128m#[0m[48;2;114;97;110m[38;2;114;97;110m%[0m[48;2;103;87;100m[38;2;103;87;100m%[0m[48;2;99;85;97m[38;2;99;85;97m@[0m[48;2;99;85;97m[38;2;99;85;97m@[0m[48;2;101;87;99m[38;2;101;87;99m%[0m[48;2;103;89;101m[38;2;103;89;101m%[0m[48;2;112;96;109m[38;2;112;96;109m%[0m[48;2;120;103;116m[38;2;120;103;116m%[0m[48;2;122;106;119m[38;2;122;106;119m#[0m[48;2;120;103;116m[38;2;120;103;116m%[0m[48;2;117;101;114m[38;2;117;101;114m%[0m[48;2;102;89;100m[38;2;102;89;100m%[0m[48;2;48;39;49m[38;2;48;39;49m▒[0m[48;2;59;53;60m[38;2;59;53;60m░[0m[48;2;199;194;200m[38;2;199;194;200m-[0m[48;2;231;228;231m[38;2;231;228;231m.[0m                             
                                             [48;2;117;117;118m[38;2;117;117;118m#[0m[48;2;19;15;25m[38;2;19;15;25m█[0m[48;2;15;11;22m[38;2;15;11;22m█[0m[48;2;11;7;15m[38;2;11;7;15m█[0m[48;2;30;21;59m[38;2;30;21;59m▓[0m[48;2;51;40;77m[38;2;51;40;77m▒[0m[48;2;62;51;70m[38;2;62;51;70m░[0m[48;2;86;73;90m[38;2;86;73;90m@[0m[48;2;120;104;117m[38;2;120;104;117m#[0m[48;2;148;130;144m[38;2;148;130;144m*[0m[48;2;160;140;155m[38;2;160;140;155m+[0m[48;2;161;140;155m[38;2;161;140;155m+[0m[48;2;160;139;154m[38;2;160;139;154m+[0m[48;2;120;102;115m[38;2;120;102;115m%[0m[48;2;66;53;65m[38;2;66;53;65m░[0m[48;2;53;40;51m[38;2;53;40;51m▒[0m[48;2;64;52;63m[38;2;64;52;63m░[0m[48;2;87;73;87m[38;2;87;73;87m@[0m[48;2;106;91;104m[38;2;106;91;104m%[0m[48;2;122;106;119m[38;2;122;106;119m#[0m[48;2;137;121;133m[38;2;137;121;133m#[0m[48;2;145;129;142m[38;2;145;129;142m*[0m[48;2;150;134;147m[38;2;150;134;147m*[0m[48;2;153;136;149m[38;2;153;136;149m*[0m[48;2;153;136;149m[38;2;153;136;149m*[0m[48;2;151;134;146m[38;2;151;134;146m*[0m[48;2;138;122;133m[38;2;138;122;133m*[0m[48;2;123;108;119m[38;2;123;108;119m#[0m[48;2;101;87;98m[38;2;101;87;98m%[0m[48;2;77;65;75m[38;2;77;65;75m░[0m[48;2;72;64;71m[38;2;72;64;71m░[0m[48;2;113;106;112m[38;2;113;106;112m%[0m[48;2;190;187;191m[38;2;190;187;191m-[0m                                
                                            [48;2;178;178;179m[38;2;178;178;179m=[0m[48;2;13;12;17m[38;2;13;12;17m█[0m[48;2;35;30;47m[38;2;35;30;47m▓[0m[48;2;37;31;51m[38;2;37;31;51m▓[0m[48;2;17;13;25m[38;2;17;13;25m█[0m[48;2;44;33;89m[38;2;44;33;89m▒[0m[48;2;92;79;149m[38;2;92;79;149m@[0m[48;2;100;92;131m[38;2;100;92;131m%[0m[48;2;37;22;112m[38;2;37;22;112m▒[0m[48;2;7;3;17m[38;2;7;3;17m█[0m[48;2;40;28;85m[38;2;40;28;85m▒[0m[48;2;42;32;74m[38;2;42;32;74m▒[0m[48;2;56;44;80m[38;2;56;44;80m▒[0m[48;2;66;57;76m[38;2;66;57;76m░[0m[48;2;79;69;87m[38;2;79;69;87m@[0m[48;2;96;85;97m[38;2;96;85;97m@[0m[48;2;99;89;99m[38;2;99;89;99m%[0m[48;2;76;67;77m[38;2;76;67;77m░[0m[48;2;49;42;51m[38;2;49;42;51m▒[0m[48;2;25;20;28m[38;2;25;20;28m▓[0m[48;2;6;1;7m[38;2;6;1;7m█[0m[48;2;4;0;5m[38;2;4;0;5m█[0m[48;2;4;0;6m[38;2;4;0;6m█[0m[48;2;5;1;7m[38;2;5;1;7m█[0m[48;2;6;2;6m[38;2;6;2;6m█[0m[48;2;6;2;7m[38;2;6;2;7m█[0m[48;2;8;3;11m[38;2;8;3;11m█[0m[48;2;7;1;11m[38;2;7;1;11m█[0m[48;2;8;3;13m[38;2;8;3;13m█[0m[48;2;23;19;28m[38;2;23;19;28m▓[0m[48;2;102;99;106m[38;2;102;99;106m%[0m[48;2;178;175;180m[38;2;178;175;180m=[0m[48;2;240;238;241m[38;2;240;238;241m [0m                                 
                                           [48;2;240;240;240m[38;2;240;240;240m [0m[48;2;32;32;33m[38;2;32;32;33m▓[0m[48;2;32;29;40m[38;2;32;29;40m▓[0m[48;2;37;32;50m[38;2;37;32;50m▓[0m[48;2;37;31;52m[38;2;37;31;52m▓[0m[48;2;21;17;30m[38;2;21;17;30m▓[0m[48;2;40;29;85m[38;2;40;29;85m▒[0m[48;2;90;78;150m[38;2;90;78;150m@[0m[48;2;102;93;141m[38;2;102;93;141m%[0m[48;2;57;39;145m[38;2;57;39;145m░[0m[48;2;6;1;26m[38;2;6;1;26m█[0m[48;2;29;20;65m[38;2;29;20;65m▓[0m[48;2;82;68;149m[38;2;82;68;149m@[0m[48;2;72;56;156m[38;2;72;56;156m░[0m[48;2;82;67;159m[38;2;82;67;159m@[0m[48;2;61;42;159m[38;2;61;42;159m░[0m[48;2;67;51;142m[38;2;67;51;142m░[0m[48;2;51;39;100m[38;2;51;39;100m▒[0m[48;2;11;5;38m[38;2;11;5;38m█[0m[48;2;6;3;11m[38;2;6;3;11m█[0m[48;2;23;19;31m[38;2;23;19;31m▓[0m[48;2;25;20;33m[38;2;25;20;33m▓[0m[48;2;23;19;32m[38;2;23;19;32m▓[0m[48;2;23;19;32m[38;2;23;19;32m▓[0m[48;2;24;20;34m[38;2;24;20;34m▓[0m[48;2;25;20;36m[38;2;25;20;36m▓[0m[48;2;25;20;36m[38;2;25;20;36m▓[0m[48;2;28;23;40m[38;2;28;23;40m▓[0m[48;2;35;29;48m[38;2;35;29;48m▓[0m[48;2;37;30;50m[38;2;37;30;50m▓[0m[48;2;37;31;51m[38;2;37;31;51m▓[0m[48;2;34;28;47m[38;2;34;28;47m▓[0m[48;2;26;21;39m[38;2;26;21;39m▓[0m[48;2;25;21;33m[38;2;25;21;33m▓[0m[48;2;87;84;90m[38;2;87;84;90m@[0m[48;2;176;175;177m[38;2;176;175;177m=[0m                               
                                           [48;2;141;141;142m[38;2;141;141;142m*[0m[48;2;18;17;23m[38;2;18;17;23m█[0m[48;2;36;32;49m[38;2;36;32;49m▓[0m[48;2;37;31;52m[38;2;37;31;52m▓[0m[48;2;37;31;52m[38;2;37;31;52m▓[0m[48;2;28;23;41m[38;2;28;23;41m▓[0m[48;2;17;11;41m[38;2;17;11;41m█[0m[48;2;85;74;139m[38;2;85;74;139m@[0m[48;2;95;81;156m[38;2;95;81;156m%[0m[48;2;81;64;152m[38;2;81;64;152m@[0m[48;2;20;10;65m[38;2;20;10;65m▓[0m[48;2;123;120;127m[38;2;123;120;127m#[0m[48;2;30;23;54m[38;2;30;23;54m▓[0m[48;2;69;55;138m[38;2;69;55;138m░[0m[48;2;79;65;162m[38;2;79;65;162m@[0m[48;2;78;64;160m[38;2;78;64;160m@[0m[48;2;71;57;151m[38;2;71;57;151m░[0m[48;2;46;35;101m[38;2;46;35;101m▒[0m[48;2;17;13;24m[38;2;17;13;24m█[0m[48;2;49;45;54m[38;2;49;45;54m▒[0m[48;2;48;44;56m[38;2;48;44;56m▒[0m[48;2;38;33;50m[38;2;38;33;50m▓[0m[48;2;37;32;50m[38;2;37;32;50m▓[0m[48;2;37;31;52m[38;2;37;31;52m▓[0m[48;2;37;31;52m[38;2;37;31;52m▓[0m[48;2;37;31;52m[38;2;37;31;52m▓[0m[48;2;37;31;52m[38;2;37;31;52m▓[0m[48;2;37;31;52m[38;2;37;31;52m▓[0m[48;2;37;31;52m[38;2;37;31;52m▓[0m[48;2;37;31;52m[38;2;37;31;52m▓[0m[48;2;37;31;52m[38;2;37;31;52m▓[0m[48;2;37;31;52m[38;2;37;31;52m▓[0m[48;2;37;31;52m[38;2;37;31;52m▓[0m[48;2;37;31;52m[38;2;37;31;52m▓[0m[48;2;35;30;48m[38;2;35;30;48m▓[0m[48;2;24;20;34m[38;2;24;20;34m▓[0m[48;2;45;41;50m[38;2;45;41;50m▒[0m[48;2;154;153;157m[38;2;154;153;157m+[0m                             
                                           [48;2;43;43;44m[38;2;43;43;44m▒[0m[48;2;30;28;39m[38;2;30;28;39m▓[0m[48;2;37;32;50m[38;2;37;32;50m▓[0m[48;2;37;31;52m[38;2;37;31;52m▓[0m[48;2;37;31;52m[38;2;37;31;52m▓[0m[48;2;36;31;51m[38;2;36;31;51m▓[0m[48;2;24;19;37m[38;2;24;19;37m▓[0m[48;2;20;15;34m[38;2;20;15;34m▓[0m[48;2;26;21;39m[38;2;26;21;39m▓[0m[48;2;39;34;52m[38;2;39;34;52m▒[0m[48;2;15;9;36m[38;2;15;9;36m█[0m[48;2;92;89;95m[38;2;92;89;95m@[0m[48;2;199;197;202m[38;2;199;197;202m-[0m[48;2;72;69;82m[38;2;72;69;82m░[0m[48;2;37;27;83m[38;2;37;27;83m▓[0m[48;2;61;51;107m[38;2;61;51;107m░[0m[48;2;47;43;64m[38;2;47;43;64m▒[0m[48;2;165;162;170m[38;2;165;162;170m+[0m[48;2;135;132;139m[38;2;135;132;139m*[0m[48;2;39;36;44m[38;2;39;36;44m▒[0m[48;2;45;41;51m[38;2;45;41;51m▒[0m[48;2;63;59;72m[38;2;63;59;72m░[0m[48;2;59;55;70m[38;2;59;55;70m░[0m[48;2;39;34;52m[38;2;39;34;52m▒[0m[48;2;37;31;52m[38;2;37;31;52m▓[0m[48;2;37;31;52m[38;2;37;31;52m▓[0m[48;2;37;31;52m[38;2;37;31;52m▓[0m[48;2;37;31;52m[38;2;37;31;52m▓[0m[48;2;37;31;52m[38;2;37;31;52m▓[0m[48;2;37;31;52m[38;2;37;31;52m▓[0m[48;2;37;31;52m[38;2;37;31;52m▓[0m[48;2;37;31;52m[38;2;37;31;52m▓[0m[48;2;37;31;52m[38;2;37;31;52m▓[0m[48;2;37;31;52m[38;2;37;31;52m▓[0m[48;2;37;31;52m[38;2;37;31;52m▓[0m[48;2;37;31;52m[38;2;37;31;52m▓[0m[48;2;36;31;51m[38;2;36;31;51m▓[0m[48;2;26;21;38m[38;2;26;21;38m▓[0m[48;2;50;47;56m[38;2;50;47;56m▒[0m[48;2;199;198;201m[38;2;199;198;201m-[0m                           
                                          [48;2;225;225;225m[38;2;225;225;225m.[0m[48;2;11;10;13m[38;2;11;10;13m█[0m[48;2;36;33;47m[38;2;36;33;47m▓[0m[48;2;37;32;50m[38;2;37;32;50m▓[0m[48;2;37;31;52m[38;2;37;31;52m▓[0m[48;2;37;31;52m[38;2;37;31;52m▓[0m[48;2;37;31;52m[38;2;37;31;52m▓[0m[48;2;37;31;52m[38;2;37;31;52m▓[0m[48;2;37;31;51m[38;2;37;31;51m▓[0m[48;2;36;31;50m[38;2;36;31;50m▓[0m[48;2;78;74;88m[38;2;78;74;88m@[0m[48;2;16;12;23m[38;2;16;12;23m█[0m[48;2;4;1;10m[38;2;4;1;10m█[0m[48;2;95;91;96m[38;2;95;91;96m%[0m[48;2;211;208;213m[38;2;211;208;213m:[0m[48;2;190;187;193m[38;2;190;187;193m-[0m[48;2;65;60;67m[38;2;65;60;67m░[0m[48;2;52;49;54m[38;2;52;49;54m▒[0m[48;2;166;163;168m[38;2;166;163;168m+[0m[48;2;239;236;240m[38;2;239;236;240m.[0m[48;2;238;235;241m[38;2;238;235;241m.[0m[48;2;78;75;81m[38;2;78;75;81m@[0m[48;2;42;39;46m[38;2;42;39;46m▒[0m[48;2;30;26;34m[38;2;30;26;34m▓[0m[48;2;57;53;63m[38;2;57;53;63m░[0m[48;2;67;62;76m[38;2;67;62;76m░[0m[48;2;55;49;67m[38;2;55;49;67m▒[0m[48;2;38;32;52m[38;2;38;32;52m▓[0m[48;2;37;31;52m[38;2;37;31;52m▓[0m[48;2;37;31;52m[38;2;37;31;52m▓[0m[48;2;37;31;52m[38;2;37;31;52m▓[0m[48;2;37;31;52m[38;2;37;31;52m▓[0m[48;2;37;31;52m[38;2;37;31;52m▓[0m[48;2;37;31;52m[38;2;37;31;52m▓[0m[48;2;37;31;52m[38;2;37;31;52m▓[0m[48;2;37;31;52m[38;2;37;31;52m▓[0m[48;2;37;31;52m[38;2;37;31;52m▓[0m[48;2;37;31;52m[38;2;37;31;52m▓[0m[48;2;37;31;52m[38;2;37;31;52m▓[0m[48;2;34;28;48m[38;2;34;28;48m▓[0m[48;2;18;14;26m[38;2;18;14;26m█[0m[48;2;168;167;170m[38;2;168;167;170m=[0m                          