                                                                                                              
                                                                                                              
                                                                                                              
                                                                                                              
                                                                                                              
                                                                                                              
                                                                                                              
                                                                                                              
                                                                                                              
                                                                                                              
                                                                                                              
                                                                                                              
                                                                                                              
                                               [48;2;201;200;202m[38;2;201;200;202m-[0m[48;2;127;126;128m[38;2;127;126;128m#[0m[48;2;82;81;84m[38;2;82;81;84m@[0m[48;2;62;61;64m[38;2;62;61;64m░[0m[48;2;55;54;57m[38;2;55;54;57m▒[0m[48;2;58;57;60m[38;2;58;57;60m░[0m[48;2;64;63;66m[38;2;64;63;66m░[0m[48;2;78;77;80m[38;2;78;77;80m@[0m[48;2;95;94;97m[38;2;95;94;97m%[0m[48;2;122;122;124m[38;2;122;122;124m#[0m[48;2;154;153;156m[38;2;154;153;156m+[0m[48;2;199;199;201m[38;2;199;199;201m-[0m                                                   
                                             [48;2;217;217;218m[38;2;217;217;218m:[0m[48;2;43;41;46m[38;2;43;41;46m▒[0m[48;2;16;14;24m[38;2;16;14;24m█[0m[48;2;34;31;45m[38;2;34;31;45m▓[0m[48;2;44;41;56m[38;2;44;41;56m▒[0m[48;2;45;43;59m[38;2;45;43;59m▒[0m[48;2;44;43;59m[38;2;44;43;59m▒[0m[48;2;43;42;58m[38;2;43;42;58m▒[0m[48;2;42;43;58m[38;2;42;43;58m▒[0m[48;2;42;42;57m[38;2;42;42;57m▒[0m[48;2;41;41;56m[38;2;41;41;56m▒[0m[48;2;38;37;52m[38;2;38;37;52m▒[0m[48;2;34;33;47m[38;2;34;33;47m▓[0m[48;2;28;26;40m[38;2;28;26;40m▓[0m[48;2;25;24;36m[38;2;25;24;36m▓[0m[48;2;70;69;77m[38;2;70;69;77m░[0m[48;2;141;139;145m[38;2;141;139;145m*[0m[48;2;229;228;231m[38;2;229;228;231m.[0m                                               
                                             [48;2;84;83;84m[38;2;84;83;84m@[0m[48;2;30;29;37m[38;2;30;29;37m▓[0m[48;2;44;42;57m[38;2;44;42;57m▒[0m[48;2;43;42;59m[38;2;43;42;59m▒[0m[48;2;43;43;59m[38;2;43;43;59m▒[0m[48;2;42;42;59m[38;2;42;42;59m▒[0m[48;2;41;43;59m[38;2;41;43;59m▒[0m[48;2;40;44;59m[38;2;40;44;59m▒[0m[48;2;40;44;59m[38;2;40;44;59m▒[0m[48;2;40;44;59m[38;2;40;44;59m▒[0m[48;2;40;44;59m[38;2;40;44;59m▒[0m[48;2;40;44;59m[38;2;40;44;59m▒[0m[48;2;40;44;59m[38;2;40;44;59m▒[0m[48;2;41;43;59m[38;2;41;43;59m▒[0m[48;2;41;43;59m[38;2;41;43;59m▒[0m[48;2;42;42;59m[38;2;42;42;59m▒[0m[48;2;34;33;49m[38;2;34;33;49m▓[0m[48;2;23;21;34m[38;2;23;21;34m▓[0m[48;2;112;111;116m[38;2;112;111;116m#[0m[48;2;237;236;238m[38;2;237;236;238m.[0m                                             
                                            [48;2;108;108;108m[38;2;108;108;108m%[0m[48;2;40;40;43m[38;2;40;40;43m▒[0m[48;2;44;43;56m[38;2;44;43;56m▒[0m[48;2;41;43;59m[38;2;41;43;59m▒[0m[48;2;40;44;59m[38;2;40;44;59m▒[0m[48;2;40;44;59m[38;2;40;44;59m▒[0m[48;2;40;44;59m[38;2;40;44;59m▒[0m[48;2;40;44;59m[38;2;40;44;59m▒[0m[48;2;40;44;59m[38;2;40;44;59m▒[0m[48;2;40;44;59m[38;2;40;44;59m▒[0m[48;2;40;44;59m[38;2;40;44;59m▒[0m[48;2;40;44;59m[38;2;40;44;59m▒[0m[48;2;40;44;59m[38;2;40;44;59m▒[0m[48;2;40;44;59m[38;2;40;44;59m▒[0m[48;2;40;44;59m[38;2;40;44;59m▒[0m[48;2;40;44;59m[38;2;40;44;59m▒[0m[48;2;40;44;59m[38;2;40;44;59m▒[0m[48;2;41;43;59m[38;2;41;43;59m▒[0m[48;2;42;42;59m[38;2;42;42;59m▒[0m[48;2;33;31;45m[38;2;33;31;45m▓[0m[48;2;43;39;49m[38;2;43;39;49m▒[0m[48;2;208;206;210m[38;2;208;206;210m:[0m                                            
                                          [48;2;207;207;207m[38;2;207;207;207m:[0m[48;2;56;55;55m[38;2;56;55;55m░[0m[48;2;9;7;8m[38;2;9;7;8m█[0m[48;2;76;72;81m[38;2;76;72;81m@[0m[48;2;44;42;58m[38;2;44;42;58m▒[0m[48;2;40;44;59m[38;2;40;44;59m▒[0m[48;2;40;44;59m[38;2;40;44;59m▒[0m[48;2;40;44;59m[38;2;40;44;59m▒[0m[48;2;40;44;59m[38;2;40;44;59m▒[0m[48;2;40;44;59m[38;2;40;44;59m▒[0m[48;2;40;44;59m[38;2;40;44;59m▒[0m[48;2;40;44;59m[38;2;40;44;59m▒[0m[48;2;40;44;59m[38;2;40;44;59m▒[0m[48;2;40;44;59m[38;2;40;44;59m▒[0m[48;2;40;44;59m[38;2;40;44;59m▒[0m[48;2;40;44;59m[38;2;40;44;59m▒[0m[48;2;40;44;59m[38;2;40;44;59m▒[0m[48;2;40;44;59m[38;2;40;44;59m▒[0m[48;2;40;44;59m[38;2;40;44;59m▒[0m[48;2;40;44;59m[38;2;40;44;59m▒[0m[48;2;41;43;59m[38;2;41;43;59m▒[0m[48;2;43;42;58m[38;2;43;42;58m▒[0m[48;2;40;36;51m[38;2;40;36;51m▒[0m[48;2;28;24;35m[38;2;28;24;35m▓[0m[48;2;191;190;194m[38;2;191;190;194m-[0m                                           
                                         [48;2;178;178;178m[38;2;178;178;178m=[0m[48;2;48;47;47m[38;2;48;47;47m▒[0m[48;2;125;120;122m[38;2;125;120;122m#[0m[48;2;16;11;13m[38;2;16;11;13m█[0m[48;2;81;75;85m[38;2;81;75;85m@[0m[48;2;44;42;59m[38;2;44;42;59m▒[0m[48;2;40;44;59m[38;2;40;44;59m▒[0m[48;2;40;44;59m[38;2;40;44;59m▒[0m[48;2;40;44;59m[38;2;40;44;59m▒[0m[48;2;40;44;59m[38;2;40;44;59m▒[0m[48;2;40;44;59m[38;2;40;44;59m▒[0m[48;2;40;44;59m[38;2;40;44;59m▒[0m[48;2;40;44;59m[38;2;40;44;59m▒[0m[48;2;40;44;59m[38;2;40;44;59m▒[0m[48;2;40;44;59m[38;2;40;44;59m▒[0m[48;2;40;44;59m[38;2;40;44;59m▒[0m[48;2;40;44;59m[38;2;40;44;59m▒[0m[48;2;40;44;59m[38;2;40;44;59m▒[0m[48;2;40;44;59m[38;2;40;44;59m▒[0m[48;2;40;44;59m[38;2;40;44;59m▒[0m[48;2;40;44;59m[38;2;40;44;59m▒[0m[48;2;40;44;59m[38;2;40;44;59m▒[0m[48;2;40;44;59m[38;2;40;44;59m▒[0m[48;2;41;45;60m[38;2;41;45;60m▒[0m[48;2;38;38;53m[38;2;38;38;53m▒[0m[48;2;27;26;34m[38;2;27;26;34m▓[0m[48;2;211;211;211m[38;2;211;211;211m:[0m                                          
                                        [48;2;193;193;193m[38;2;193;193;193m-[0m[48;2;27;25;26m[38;2;27;25;26m▓[0m[48;2;73;67;70m[38;2;73;67;70m░[0m[48;2;90;84;87m[38;2;90;84;87m@[0m[48;2;13;8;11m[38;2;13;8;11m█[0m[48;2;79;73;82m[38;2;79;73;82m@[0m[48;2;50;46;61m[38;2;50;46;61m▒[0m[48;2;42;43;59m[38;2;42;43;59m▒[0m[48;2;40;44;59m[38;2;40;44;59m▒[0m[48;2;40;44;59m[38;2;40;44;59m▒[0m[48;2;40;44;59m[38;2;40;44;59m▒[0m[48;2;40;44;59m[38;2;40;44;59m▒[0m[48;2;40;44;59m[38;2;40;44;59m▒[0m[48;2;40;44;59m[38;2;40;44;59m▒[0m[48;2;40;44;59m[38;2;40;44;59m▒[0m[48;2;40;44;59m[38;2;40;44;59m▒[0m[48;2;40;44;59m[38;2;40;44;59m▒[0m[48;2;40;44;59m[38;2;40;44;59m▒[0m[48;2;40;44;59m[38;2;40;44;59m▒[0m[48;2;40;44;59m[38;2;40;44;59m▒[0m[48;2;40;44;59m[38;2;40;44;59m▒[0m[48;2;40;44;59m[38;2;40;44;59m▒[0m[48;2;40;44;59m[38;2;40;44;59m▒[0m[48;2;40;44;59m[38;2;40;44;59m▒[0m[48;2;40;44;59m[38;2;40;44;59m▒[0m[48;2;41;43;59m[38;2;41;43;59m▒[0m[48;2;34;34;47m[38;2;34;34;47m▓[0m[48;2;59;58;61m[38;2;59;58;61m░[0m                                          
                                        [48;2;56;56;56m[38;2;56;56;56m░[0m[48;2;51;47;50m[38;2;51;47;50m▒[0m[48;2;20;13;30m[38;2;20;13;30m█[0m[48;2;48;34;80m[38;2;48;34;80m▒[0m[48;2;45;33;69m[38;2;45;33;69m▒[0m[48;2;34;23;51m[38;2;34;23;51m▓[0m[48;2;49;42;58m[38;2;49;42;58m▒[0m[48;2;42;43;58m[38;2;42;43;58m▒[0m[48;2;40;44;59m[38;2;40;44;59m▒[0m[48;2;40;44;59m[38;2;40;44;59m▒[0m[48;2;40;44;59m[38;2;40;44;59m▒[0m[48;2;40;44;59m[38;2;40;44;59m▒[0m[48;2;40;44;59m[38;2;40;44;59m▒[0m[48;2;40;44;59m[38;2;40;44;59m▒[0m[48;2;40;44;59m[38;2;40;44;59m▒[0m[48;2;40;44;59m[38;2;40;44;59m▒[0m[48;2;40;44;59m[38;2;40;44;59m▒[0m[48;2;40;44;59m[38;2;40;44;59m▒[0m[48;2;40;44;59m[38;2;40;44;59m▒[0m[48;2;40;44;59m[38;2;40;44;59m▒[0m[48;2;40;44;59m[38;2;40;44;59m▒[0m[48;2;40;44;59m[38;2;40;44;59m▒[0m[48;2;40;44;59m[38;2;40;44;59m▒[0m[48;2;40;44;59m[38;2;40;44;59m▒[0m[48;2;40;44;59m[38;2;40;44;59m▒[0m[48;2;41;43;59m[38;2;41;43;59m▒[0m[48;2;42;42;57m[38;2;42;42;57m▒[0m[48;2;12;10;16m[38;2;12;10;16m█[0m[48;2;223;223;223m[38;2;223;223;223m.[0m                                         
                                       [48;2;200;200;200m[38;2;200;200;200m-[0m[48;2;38;37;37m[38;2;38;37;37m▒[0m[48;2;18;13;17m[38;2;18;13;17m█[0m[48;2;47;37;66m[38;2;47;37;66m▒[0m[48;2;84;66;133m[38;2;84;66;133m@[0m[48;2;63;48;98m[38;2;63;48;98m░[0m[48;2;24;15;38m[38;2;24;15;38m▓[0m[48;2;53;46;60m[38;2;53;46;60m▒[0m[48;2;53;50;65m[38;2;53;50;65m▒[0m[48;2;42;43;58m[38;2;42;43;58m▒[0m[48;2;40;44;59m[38;2;40;44;59m▒[0m[48;2;40;44;59m[38;2;40;44;59m▒[0m[48;2;40;44;59m[38;2;40;44;59m▒[0m[48;2;40;44;59m[38;2;40;44;59m▒[0m[48;2;40;44;59m[38;2;40;44;59m▒[0m[48;2;40;44;59m[38;2;40;44;59m▒[0m[48;2;40;44;59m[38;2;40;44;59m▒[0m[48;2;40;44;59m[38;2;40;44;59m▒[0m[48;2;40;44;59m[38;2;40;44;59m▒[0m[48;2;40;44;59m[38;2;40;44;59m▒[0m[48;2;40;44;59m[38;2;40;44;59m▒[0m[48;2;40;44;59m[38;2;40;44;59m▒[0m[48;2;40;44;59m[38;2;40;44;59m▒[0m[48;2;40;44;59m[38;2;40;44;59m▒[0m[48;2;40;44;59m[38;2;40;44;59m▒[0m[48;2;40;44;59m[38;2;40;44;59m▒[0m[48;2;41;43;59m[38;2;41;43;59m▒[0m[48;2;40;40;55m[38;2;40;40;55m▒[0m[48;2;27;25;33m[38;2;27;25;33m▓[0m[48;2;240;239;241m[38;2;240;239;241m [0m                                         
                                       [48;2;167;166;166m[38;2;167;166;166m=[0m[48;2;38;35;36m[38;2;38;35;36m▓[0m[48;2;7;1;6m[38;2;7;1;6m█[0m[48;2;24;16;32m[38;2;24;16;32m▓[0m[48;2;29;19;37m[38;2;29;19;37m▓[0m[48;2;48;38;54m[38;2;48;38;54m▒[0m[48;2;50;42;53m[38;2;50;42;53m▒[0m[48;2;27;19;31m[38;2;27;19;31m▓[0m[48;2;80;75;88m[38;2;80;75;88m@[0m[48;2;52;48;64m[38;2;52;48;64m▒[0m[48;2;43;42;59m[38;2;43;42;59m▒[0m[48;2;41;44;59m[38;2;41;44;59m▒[0m[48;2;40;44;59m[38;2;40;44;59m▒[0m[48;2;40;44;59m[38;2;40;44;59m▒[0m[48;2;40;44;59m[38;2;40;44;59m▒[0m[48;2;40;44;59m[38;2;40;44;59m▒[0m[48;2;40;44;59m[38;2;40;44;59m▒[0m[48;2;40;44;59m[38;2;40;44;59m▒[0m[48;2;40;44;59m[38;2;40;44;59m▒[0m[48;2;40;44;59m[38;2;40;44;59m▒[0m[48;2;40;44;59m[38;2;40;44;59m▒[0m[48;2;40;44;59m[38;2;40;44;59m▒[0m[48;2;40;44;59m[38;2;40;44;59m▒[0m[48;2;40;44;59m[38;2;40;44;59m▒[0m[48;2;40;44;59m[38;2;40;44;59m▒[0m[48;2;41;44;59m[38;2;41;44;59m▒[0m[48;2;37;38;54m[38;2;37;38;54m▒[0m[48;2;13;13;25m[38;2;13;13;25m█[0m[48;2;80;78;84m[38;2;80;78;84m@[0m                                          
                                       [48;2;229;228;229m[38;2;229;228;229m.[0m[48;2;33;31;32m[38;2;33;31;32m▓[0m[48;2;90;86;90m[38;2;90;86;90m@[0m[48;2;45;37;46m[38;2;45;37;46m▒[0m[48;2;150;140;151m[38;2;150;140;151m*[0m[48;2;99;88;100m[38;2;99;88;100m%[0m[48;2;78;69;79m[38;2;78;69;79m░[0m[48;2;104;93;105m[38;2;104;93;105m%[0m[48;2;30;21;33m[38;2;30;21;33m▓[0m[48;2;65;56;69m[38;2;65;56;69m░[0m[48;2;69;62;76m[38;2;69;62;76m░[0m[48;2;44;43;59m[38;2;44;43;59m▒[0m[48;2;41;43;58m[38;2;41;43;58m▒[0m[48;2;40;44;59m[38;2;40;44;59m▒[0m[48;2;40;44;59m[38;2;40;44;59m▒[0m[48;2;40;44;59m[38;2;40;44;59m▒[0m[48;2;40;44;59m[38;2;40;44;59m▒[0m[48;2;40;44;59m[38;2;40;44;59m▒[0m[48;2;40;44;59m[38;2;40;44;59m▒[0m[48;2;40;44;59m[38;2;40;44;59m▒[0m[48;2;40;44;59m[38;2;40;44;59m▒[0m[48;2;40;44;59m[38;2;40;44;59m▒[0m[48;2;40;44;59m[38;2;40;44;59m▒[0m[48;2;41;43;59m[38;2;41;43;59m▒[0m[48;2;40;42;57m[38;2;40;42;57m▒[0m[48;2;27;27;39m[38;2;27;27;39m▓[0m[48;2;8;5;16m[38;2;8;5;16m█[0m[48;2;58;55;62m[38;2;58;55;62m░[0m[48;2;59;56;61m[38;2;59;56;61m░[0m                                          
                                        [48;2;105;104;105m[38;2;105;104;105m%[0m[48;2;167;164;166m[38;2;167;164;166m=[0m[48;2;65;59;63m[38;2;65;59;63m░[0m[48;2;124;111;124m[38;2;124;111;124m#[0m[48;2;140;125;139m[38;2;140;125;139m*[0m[48;2;30;19;29m[38;2;30;19;29m▓[0m[48;2;134;120;132m[38;2;134;120;132m#[0m[48;2;146;132;145m[38;2;146;132;145m*[0m[48;2;86;73;85m[38;2;86;73;85m@[0m[48;2;45;35;47m[38;2;45;35;47m▒[0m[48;2;57;51;63m[38;2;57;51;63m▒[0m[48;2;54;51;65m[38;2;54;51;65m▒[0m[48;2;46;46;60m[38;2;46;46;60m▒[0m[48;2;41;43;59m[38;2;41;43;59m▒[0m[48;2;40;44;59m[38;2;40;44;59m▒[0m[48;2;40;44;59m[38;2;40;44;59m▒[0m[48;2;40;44;59m[38;2;40;44;59m▒[0m[48;2;42;43;59m[38;2;42;43;59m▒[0m[48;2;42;43;59m[38;2;42;43;59m▒[0m[48;2;42;43;59m[38;2;42;43;59m▒[0m[48;2;40;40;56m[38;2;40;40;56m▒[0m[48;2;32;31;47m[38;2;32;31;47m▓[0m[48;2;24;21;36m[38;2;24;21;36m▓[0m[48;2;45;43;55m[38;2;45;43;55m▒[0m[48;2;50;48;57m[38;2;50;48;57m▒[0m[48;2;46;41;50m[38;2;46;41;50m▒[0m[48;2;144;135;144m[38;2;144;135;144m*[0m[48;2;50;43;49m[38;2;50;43;49m▒[0m[48;2;189;186;189m[38;2;189;186;189m-[0m                                         
                                        [48;2;145;145;145m[38;2;145;145;145m*[0m[48;2;116;111;114m[38;2;116;111;114m#[0m[48;2;211;205;206m[38;2;211;205;206m:[0m[48;2;52;42;49m[38;2;52;42;49m▒[0m[48;2;137;121;134m[38;2;137;121;134m#[0m[48;2;124;111;122m[38;2;124;111;122m#[0m[48;2;46;34;44m[38;2;46;34;44m▒[0m[48;2;142;127;139m[38;2;142;127;139m*[0m[48;2;156;140;153m[38;2;156;140;153m*[0m[48;2;157;138;152m[38;2;157;138;152m*[0m[48;2;130;113;126m[38;2;130;113;126m#[0m[48;2;87;74;87m[38;2;87;74;87m@[0m[48;2;63;52;64m[38;2;63;52;64m░[0m[48;2;39;31;43m[38;2;39;31;43m▓[0m[48;2;16;13;25m[38;2;16;13;25m█[0m[48;2;18;18;30m[38;2;18;18;30m▓[0m[48;2;23;22;34m[38;2;23;22;34m▓[0m[48;2;26;24;35m[38;2;26;24;35m▓[0m[48;2;31;28;38m[38;2;31;28;38m▓[0m[48;2;44;41;49m[38;2;44;41;49m▒[0m[48;2;62;59;66m[38;2;62;59;66m░[0m[48;2;91;85;93m[38;2;91;85;93m@[0m[48;2;122;114;124m[38;2;122;114;124m#[0m[48;2;63;55;65m[38;2;63;55;65m░[0m[48;2;63;56;65m[38;2;63;56;65m░[0m[48;2;148;136;146m[38;2;148;136;146m*[0m[48;2;160;142;152m[38;2;160;142;152m+[0m[48;2;142;125;134m[38;2;142;125;134m*[0m[48;2;51;41;49m[38;2;51;41;49m▒[0m[48;2;197;195;198m[38;2;197;195;198m-[0m                                        
                                        [48;2;104;104;104m[38;2;104;104;104m%[0m[48;2;22;20;21m[38;2;22;20;21m▓[0m[48;2;65;60;61m[38;2;65;60;61m░[0m[48;2;95;88;89m[38;2;95;88;89m@[0m[48;2;30;20;27m[38;2;30;20;27m▓[0m[48;2;120;109;118m[38;2;120;109;118m#[0m[48;2;126;114;124m[38;2;126;114;124m#[0m[48;2;52;39;49m[38;2;52;39;49m▒[0m[48;2;120;105;116m[38;2;120;105;116m#[0m[48;2;158;141;154m[38;2;158;141;154m+[0m[48;2;160;141;155m[38;2;160;141;155m+[0m[48;2;161;140;155m[38;2;161;140;155m+[0m[48;2;161;140;155m[38;2;161;140;155m+[0m[48;2;158;139;154m[38;2;158;139;154m+[0m[48;2;112;97;111m[38;2;112;97;111m%[0m[48;2;75;63;74m[38;2;75;63;74m░[0m[48;2;64;56;65m[38;2;64;56;65m░[0m[48;2;68;61;69m[38;2;68;61;69m░[0m[48;2;66;61;68m[38;2;66;61;68m░[0m[48;2;67;61;68m[38;2;67;61;68m░[0m[48;2;55;49;54m[38;2;55;49;54m▒[0m[48;2;31;26;31m[38;2;31;26;31m▓[0m[48;2;12;7;14m[38;2;12;7;14m█[0m[48;2;26;22;29m[38;2;26;22;29m▓[0m[48;2;25;22;28m[38;2;25;22;28m▓[0m[48;2;25;19;26m[38;2;25;19;26m▓[0m[48;2;120;106;117m[38;2;120;106;117m#[0m[48;2;159;143;153m[38;2;159;143;153m+[0m[48;2;134;119;129m[38;2;134;119;129m#[0m[48;2;31;21;28m[38;2;31;21;28m▓[0m[48;2;35;27;33m[38;2;35;27;33m▓[0m[48;2;96;89;95m[38;2;96;89;95m%[0m[48;2;159;157;159m[38;2;159;157;159m+[0m[48;2;233;232;233m[38;2;233;232;233m.[0m                                    
                                        [48;2;63;63;63m[38;2;63;63;63m░[0m[48;2;154;151;154m[38;2;154;151;154m+[0m[48;2;140;137;140m[38;2;140;137;140m*[0m[48;2;48;43;46m[38;2;48;43;46m▒[0m[48;2;46;39;44m[38;2;46;39;44m▒[0m[48;2;54;48;52m[38;2;54;48;52m▒[0m[48;2;36;29;36m[38;2;36;29;36m▓[0m[48;2;64;53;63m[38;2;64;53;63m░[0m[48;2;46;36;46m[38;2;46;36;46m▒[0m[48;2;72;60;70m[38;2;72;60;70m░[0m[48;2;142;126;138m[38;2;142;126;138m*[0m[48;2;160;141;155m[38;2;160;141;155m+[0m[48;2;161;140;155m[38;2;161;140;155m+[0m[48;2;161;140;155m[38;2;161;140;155m+[0m[48;2;161;140;155m[38;2;161;140;155m+[0m[48;2;161;140;155m[38;2;161;140;155m+[0m[48;2;160;140;155m[38;2;160;140;155m+[0m[48;2;160;140;155m[38;2;160;140;155m+[0m[48;2;160;141;155m[38;2;160;141;155m+[0m[48;2;156;140;153m[38;2;156;140;153m*[0m[48;2;46;36;45m[38;2;46;36;45m▒[0m[48;2;18;12;19m[38;2;18;12;19m█[0m[48;2;3;0;5m[38;2;3;0;5m█[0m[48;2;10;7;12m[38;2;10;7;12m█[0m[48;2;24;21;29m[38;2;24;21;29m▓[0m[48;2;13;8;17m[38;2;13;8;17m█[0m[48;2;116;107;115m[38;2;116;107;115m#[0m[48;2;158;141;154m[38;2;158;141;154m+[0m[48;2;160;141;154m[38;2;160;141;154m+[0m[48;2;149;130;143m[38;2;149;130;143m*[0m[48;2;69;55;65m[38;2;69;55;65m░[0m[48;2;73;62;71m[38;2;73;62;71m░[0m[48;2;110;99;108m[38;2;110;99;108m%[0m[48;2;64;58;64m[38;2;64;58;64m░[0m[48;2;111;109;111m[38;2;111;109;111m#[0m[48;2;232;232;232m[38;2;232;232;232m.[0m                                  
                                        [48;2;82;81;82m[38;2;82;81;82m@[0m[48;2;78;75;77m[38;2;78;75;77m@[0m[48;2;84;80;83m[38;2;84;80;83m@[0m[48;2;80;75;77m[38;2;80;75;77m@[0m[48;2;55;49;54m[38;2;55;49;54m▒[0m[48;2;240;232;238m[38;2;240;232;238m.[0m[48;2;35;30;35m[38;2;35;30;35m▓[0m[48;2;73;67;73m[38;2;73;67;73m░[0m[48;2;86;78;85m[38;2;86;78;85m@[0m[48;2;65;56;65m[38;2;65;56;65m░[0m[48;2;51;41;49m[38;2;51;41;49m▒[0m[48;2;99;84;96m[38;2;99;84;96m@[0m[48;2;158;139;153m[38;2;158;139;153m*[0m[48;2;161;140;155m[38;2;161;140;155m+[0m[48;2;161;140;155m[38;2;161;140;155m+[0m[48;2;161;140;155m[38;2;161;140;155m+[0m[48;2;161;140;155m[38;2;161;140;155m+[0m[48;2;161;140;155m[38;2;161;140;155m+[0m[48;2;161;140;155m[38;2;161;140;155m+[0m[48;2;149;130;145m[38;2;149;130;145m*[0m[48;2;18;8;16m[38;2;18;8;16m█[0m[48;2;25;17;25m[38;2;25;17;25m▓[0m[48;2;7;3;9m[38;2;7;3;9m█[0m[48;2;7;5;10m[38;2;7;5;10m█[0m[48;2;6;3;9m[38;2;6;3;9m█[0m[48;2;18;14;23m[38;2;18;14;23m█[0m[48;2;25;18;27m[38;2;25;18;27m▓[0m[48;2;148;133;146m[38;2;148;133;146m*[0m[48;2;161;140;155m[38;2;161;140;155m+[0m[48;2;161;140;155m[38;2;161;140;155m+[0m[48;2;160;140;154m[38;2;160;140;154m+[0m[48;2;133;115;128m[38;2;133;115;128m#[0m[48;2;155;137;150m[38;2;155;137;150m*[0m[48;2;159;142;154m[38;2;159;142;154m+[0m[48;2;125;114;122m[38;2;125;114;122m#[0m[48;2;50;46;50m[38;2;50;46;50m▒[0m[48;2;209;208;209m[38;2;209;208;209m:[0m                                 
                                        [48;2;88;87;87m[38;2;88;87;87m@[0m[48;2;154;153;153m[38;2;154;153;153m+[0m[48;2;199;197;198m[38;2;199;197;198m-[0m[48;2;194;190;192m[38;2;194;190;192m-[0m[48;2;34;30;34m[38;2;34;30;34m▓[0m[48;2;243;240;244m[38;2;243;240;244m [0m[48;2;106;103;107m[38;2;106;103;107m%[0m[48;2;83;78;83m[38;2;83;78;83m@[0m[48;2;154;139;149m[38;2;154;139;149m*[0m[48;2;157;138;151m[38;2;157;138;151m*[0m[48;2;159;139;153m[38;2;159;139;153m+[0m[48;2;160;140;154m[38;2;160;140;154m+[0m[48;2;161;140;155m[38;2;161;140;155m+[0m[48;2;161;140;155m[38;2;161;140;155m+[0m[48;2;161;140;155m[38;2;161;140;155m+[0m[48;2;161;140;155m[38;2;161;140;155m+[0m[48;2;161;140;155m[38;2;161;140;155m+[0m[48;2;161;140;155m[38;2;161;140;155m+[0m[48;2;161;140;155m[38;2;161;140;155m+[0m[48;2;161;140;155m[38;2;161;140;155m+[0m[48;2;151;131;146m[38;2;151;131;146m*[0m[48;2;149;130;144m[38;2;149;130;144m*[0m[48;2;101;87;99m[38;2;101;87;99m%[0m[48;2;20;14;22m[38;2;20;14;22m█[0m[48;2;16;12;19m[38;2;16;12;19m█[0m[48;2;46;40;49m[38;2;46;40;49m▒[0m[48;2;52;44;54m[38;2;52;44;54m▒[0m[48;2;94;81;92m[38;2;94;81;92m@[0m[48;2;150;131;145m[38;2;150;131;145m*[0m[48;2;161;140;155m[38;2;161;140;155m+[0m[48;2;161;140;155m[38;2;161;140;155m+[0m[48;2;161;140;155m[38;2;161;140;155m+[0m[48;2;161;140;155m[38;2;161;140;155m+[0m[48;2;161;140;155m[38;2;161;140;155m+[0m[48;2;158;140;152m[38;2;158;140;152m+[0m[48;2;131;117;127m[38;2;131;117;127m#[0m[48;2;55;47;54m[38;2;55;47;54m▒[0m                                 
                                        [48;2;139;139;139m[38;2;139;139;139m*[0m[48;2;108;108;108m[38;2;108;108;108m%[0m[48;2;200;198;199m[38;2;200;198;199m-[0m[48;2;179;177;178m[38;2;179;177;178m=[0m[48;2;49;47;50m[38;2;49;47;50m▒[0m [48;2;153;150;154m[38;2;153;150;154m+[0m[48;2;9;5;9m[38;2;9;5;9m█[0m[48;2;118;104;113m[38;2;118;104;113m%[0m[48;2;158;139;152m[38;2;158;139;152m*[0m[48;2;161;140;155m[38;2;161;140;155m+[0m[48;2;161;140;155m[38;2;161;140;155m+[0m[48;2;161;140;155m[38;2;161;140;155m+[0m[48;2;161;140;155m[38;2;161;140;155m+[0m[48;2;161;140;155m[38;2;161;140;155m+[0m[48;2;161;140;155m[38;2;161;140;155m+[0m[48;2;161;140;155m[38;2;161;140;155m+[0m[48;2;161;140;155m[38;2;161;140;155m+[0m[48;2;161;140;155m[38;2;161;140;155m+[0m[48;2;161;140;155m[38;2;161;140;155m+[0m[48;2;161;140;155m[38;2;161;140;155m+[0m[48;2;161;140;155m[38;2;161;140;155m+[0m[48;2;162;141;156m[38;2;162;141;156m+[0m[48;2;153;135;149m[38;2;153;135;149m*[0m[48;2;153;135;149m[38;2;153;135;149m*[0m[48;2;87;74;85m[38;2;87;74;85m@[0m[48;2;59;45;57m[38;2;59;45;57m▒[0m[48;2;16;5;15m[38;2;16;5;15m█[0m[48;2;15;5;14m[38;2;15;5;14m█[0m[48;2;53;40;51m[38;2;53;40;51m▒[0m[48;2;125;107;121m[38;2;125;107;121m#[0m[48;2;160;139;154m[38;2;160;139;154m+[0m[48;2;161;140;155m[38;2;161;140;155m+[0m[48;2;161;140;155m[38;2;161;140;155m+[0m[48;2;161;140;155m[38;2;161;140;155m+[0m[48;2;159;140;153m[38;2;159;140;153m+[0m[48;2;68;55;64m[38;2;68;55;64m░[0m[48;2;177;173;176m[38;2;177;173;176m=[0m                                
                                        [48;2;210;210;210m[38;2;210;210;210m:[0m[48;2;48;47;48m[38;2;48;47;48m▒[0m[48;2;198;196;197m[38;2;198;196;197m-[0m[48;2;88;85;87m[38;2;88;85;87m@[0m[48;2;149;147;149m[38;2;149;147;149m+[0m [48;2;171;170;173m[38;2;171;170;173m=[0m[48;2;7;5;9m[38;2;7;5;9m█[0m[48;2;18;11;19m[38;2;18;11;19m█[0m[48;2;109;96;108m[38;2;109;96;108m%[0m[48;2;159;141;155m[38;2;159;141;155m+[0m[48;2;161;140;155m[38;2;161;140;155m+[0m[48;2;161;140;155m[38;2;161;140;155m+[0m[48;2;161;140;155m[38;2;161;140;155m+[0m[48;2;161;140;155m[38;2;161;140;155m+[0m[48;2;161;140;155m[38;2;161;140;155m+[0m[48;2;161;140;155m[38;2;161;140;155m+[0m[48;2;161;140;155m[38;2;161;140;155m+[0m[48;2;161;140;155m[38;2;161;140;155m+[0m[48;2;161;140;155m[38;2;161;140;155m+[0m[48;2;161;140;155m[38;2;161;140;155m+[0m[48;2;161;140;155m[38;2;161;140;155m+[0m[48;2;161;140;155m[38;2;161;140;155m+[0m[48;2;161;140;155m[38;2;161;140;155m+[0m[48;2;161;140;155m[38;2;161;140;155m+[0m[48;2;161;141;155m[38;2;161;141;155m+[0m[48;2;155;135;150m[38;2;155;135;150m*[0m[48;2;125;107;120m[38;2;125;107;120m#[0m[48;2;88;72;85m[38;2;88;72;85m@[0m[48;2;55;41;53m[38;2;55;41;53m▒[0m[48;2;86;72;84m[38;2;86;72;84m@[0m[48;2;138;119;133m[38;2;138;119;133m#[0m[48;2;161;140;155m[38;2;161;140;155m+[0m[48;2;161;140;155m[38;2;161;140;155m+[0m[48;2;161;140;155m[38;2;161;140;155m+[0m[48;2;161;140;155m[38;2;161;140;155m+[0m[48;2;80;65;76m[38;2;80;65;76m░[0m[48;2;162;157;162m[38;2;162;157;162m+[0m                                
                                         [48;2;128;128;129m[38;2;128;128;129m*[0m[48;2;42;41;42m[38;2;42;41;42m▒[0m[48;2;40;38;40m[38;2;40;38;40m▒[0m[48;2;154;151;155m[38;2;154;151;155m+[0m[48;2;140;138;139m[38;2;140;138;139m*[0m[48;2;72;69;73m[38;2;72;69;73m░[0m[48;2;12;9;15m[38;2;12;9;15m█[0m[48;2;28;23;34m[38;2;28;23;34m▓[0m[48;2;21;14;27m[38;2;21;14;27m█[0m[48;2;62;51;65m[38;2;62;51;65m░[0m[48;2;143;128;141m[38;2;143;128;141m*[0m[48;2;160;141;155m[38;2;160;141;155m+[0m[48;2;161;140;155m[38;2;161;140;155m+[0m[48;2;161;140;155m[38;2;161;140;155m+[0m[48;2;161;140;155m[38;2;161;140;155m+[0m[48;2;161;140;155m[38;2;161;140;155m+[0m[48;2;161;140;155m[38;2;161;140;155m+[0m[48;2;161;140;155m[38;2;161;140;155m+[0m[48;2;161;140;155m[38;2;161;140;155m+[0m[48;2;161;140;155m[38;2;161;140;155m+[0m[48;2;161;140;155m[38;2;161;140;155m+[0m[48;2;161;140;155m[38;2;161;140;155m+[0m[48;2;161;140;155m[38;2;161;140;155m+[0m[48;2;161;140;155m[38;2;161;140;155m+[0m[48;2;161;140;155m[38;2;161;140;155m+[0m[48;2;161;140;155m[38;2;161;140;155m+[0m[48;2;161;140;155m[38;2;161;140;155m+[0m[48;2;161;140;155m[38;2;161;140;155m+[0m[48;2;160;140;154m[38;2;160;140;154m+[0m[48;2;125;108;122m[38;2;125;108;122m#[0m[48;2;78;63;75m[38;2;78;63;75m░[0m[48;2;69;53;65m[38;2;69;53;65m░[0m[48;2;73;57;70m[38;2;73;57;70m░[0m[48;2;79;63;75m[38;2;79;63;75m░[0m[48;2;79;62;74m[38;2;79;62;74m░[0m[48;2;28;15;26m[38;2;28;15;26m▓[0m[48;2;75;67;74m[38;2;75;67;74m░[0m                                
                                          [48;2;227;227;227m[38;2;227;227;227m.[0m[48;2;202;202;202m[38;2;202;202;202m:[0m[48;2;201;201;201m[38;2;201;201;201m-[0m[48;2;187;185;186m[38;2;187;185;186m-[0m[48;2;11;8;13m[38;2;11;8;13m█[0m[48;2;33;28;41m[38;2;33;28;41m▓[0m[48;2;36;31;47m[38;2;36;31;47m▓[0m[48;2;36;31;48m[38;2;36;31;48m▓[0m[48;2;30;25;42m[38;2;30;25;42m▓[0m[48;2;22;16;32m[38;2;22;16;32m▓[0m[48;2;78;66;79m[38;2;78;66;79m░[0m[48;2;140;123;137m[38;2;140;123;137m*[0m[48;2;161;142;156m[38;2;161;142;156m+[0m[48;2;161;140;155m[38;2;161;140;155m+[0m[48;2;161;140;155m[38;2;161;140;155m+[0m[48;2;161;140;155m[38;2;161;140;155m+[0m[48;2;161;140;155m[38;2;161;140;155m+[0m[48;2;161;140;155m[38;2;161;140;155m+[0m[48;2;161;140;155m[38;2;161;140;155m+[0m[48;2;161;140;155m[38;2;161;140;155m+[0m[48;2;161;140;155m[38;2;161;140;155m+[0m[48;2;161;140;155m[38;2;161;140;155m+[0m[48;2;161;140;155m[38;2;161;140;155m+[0m[48;2;161;140;155m[38;2;161;140;155m+[0m[48;2;161;140;155m[38;2;161;140;155m+[0m[48;2;161;140;155m[38;2;161;140;155m+[0m[48;2;161;140;155m[38;2;161;140;155m+[0m[48;2;161;140;155m[38;2;161;140;155m+[0m[48;2;161;140;155m[38;2;161;140;155m+[0m[48;2;161;141;155m[38;2;161;141;155m+[0m[48;2;161;141;155m[38;2;161;141;155m+[0m[48;2;158;139;153m[38;2;158;139;153m*[0m[48;2;153;135;149m[38;2;153;135;149m*[0m[48;2;151;134;147m[38;2;151;134;147m*[0m[48;2;134;119;132m[38;2;134;119;132m#[0m[48;2;63;54;63m[38;2;63;54;63m░[0m                                
                                             [48;2;226;225;225m[38;2;226;225;225m.[0m[48;2;9;6;10m[38;2;9;6;10m█[0m[48;2;21;16;30m[38;2;21;16;30m▓[0m[48;2;33;28;45m[38;2;33;28;45m▓[0m[48;2;37;32;49m[38;2;37;32;49m▓[0m[48;2;37;32;50m[38;2;37;32;50m▓[0m[48;2;37;32;50m[38;2;37;32;50m▓[0m[48;2;22;16;31m[38;2;22;16;31m▓[0m[48;2;14;7;32m[38;2;14;7;32m█[0m[48;2;52;42;73m[38;2;52;42;73m▒[0m[48;2;98;86;97m[38;2;98;86;97m@[0m[48;2;139;125;137m[38;2;139;125;137m*[0m[48;2;159;141;155m[38;2;159;141;155m+[0m[48;2;161;140;155m[38;2;161;140;155m+[0m[48;2;161;140;155m[38;2;161;140;155m+[0m[48;2;161;140;155m[38;2;161;140;155m+[0m[48;2;161;140;155m[38;2;161;140;155m+[0m[48;2;161;140;155m[38;2;161;140;155m+[0m[48;2;161;140;155m[38;2;161;140;155m+[0m[48;2;161;140;155m[38;2;161;140;155m+[0m[48;2;161;140;155m[38;2;161;140;155m+[0m[48;2;161;140;155m[38;2;161;140;155m+[0m[48;2;161;140;155m[38;2;161;140;155m+[0m[48;2;161;140;155m[38;2;161;140;155m+[0m[48;2;161;140;155m[38;2;161;140;155m+[0m[48;2;161;140;155m[38;2;161;140;155m+[0m[48;2;161;140;155m[38;2;161;140;155m+[0m[48;2;161;140;155m[38;2;161;140;155m+[0m[48;2;161;140;155m[38;2;161;140;155m+[0m[48;2;161;140;155m[38;2;161;140;155m+[0m[48;2;142;125;137m[38;2;142;125;137m*[0m[48;2;56;43;54m[38;2;56;43;54m▒[0m[48;2;190;185;191m[38;2;190;185;191m-[0m                                
                                              [48;2;17;14;21m[38;2;17;14;21m█[0m[48;2;23;19;32m[38;2;23;19;32m▓[0m[48;2;18;14;29m[38;2;18;14;29m█[0m[48;2;17;12;28m[38;2;17;12;28m█[0m[48;2;16;12;29m[38;2;16;12;29m█[0m[48;2;20;16;33m[38;2;20;16;33m▓[0m[48;2;17;13;27m[38;2;17;13;27m█[0m[48;2;10;6;27m[38;2;10;6;27m█[0m[48;2;76;60;151m[38;2;76;60;151m@[0m[48;2;56;42;130m[38;2;56;42;130m░[0m[48;2;40;34;74m[38;2;40;34;74m▒[0m[48;2;49;40;74m[38;2;49;40;74m▒[0m[48;2;67;56;80m[38;2;67;56;80m░[0m[48;2;100;87;99m[38;2;100;87;99m%[0m[48;2;126;111;123m[38;2;126;111;123m#[0m[48;2;149;133;145m[38;2;149;133;145m*[0m[48;2;158;140;153m[38;2;158;140;153m+[0m[48;2;160;141;155m[38;2;160;141;155m+[0m[48;2;160;141;154m[38;2;160;141;154m+[0m[48;2;161;141;155m[38;2;161;141;155m+[0m[48;2;161;140;155m[38;2;161;140;155m+[0m[48;2;160;139;154m[38;2;160;139;154m+[0m[48;2;161;140;155m[38;2;161;140;155m+[0m[48;2;161;140;155m[38;2;161;140;155m+[0m[48;2;160;140;155m[38;2;160;140;155m+[0m[48;2;158;138;152m[38;2;158;138;152m*[0m[48;2;138;121;134m[38;2;138;121;134m#[0m[48;2;100;86;97m[38;2;100;86;97m%[0m[48;2;57;47;55m[38;2;57;47;55m▒[0m[48;2;87;80;85m[38;2;87;80;85m@[0m[48;2;211;206;209m[38;2;211;206;209m:[0m                                 
                                              [48;2;58;54;61m[38;2;58;54;61m░[0m[48;2;31;27;39m[38;2;31;27;39m▓[0m[48;2;37;32;48m[38;2;37;32;48m▓[0m[48;2;38;33;50m[38;2;38;33;50m▓[0m[48;2;36;31;49m[38;2;36;31;49m▓[0m[48;2;34;28;48m[38;2;34;28;48m▓[0m[48;2;33;27;45m[38;2;33;27;45m▓[0m[48;2;12;9;21m[38;2;12;9;21m█[0m[48;2;53;38;125m[38;2;53;38;125m▒[0m[48;2;82;69;155m[38;2;82;69;155m@[0m[48;2;84;73;153m[38;2;84;73;153m@[0m[48;2;83;69;159m[38;2;83;69;159m@[0m[48;2;40;23;115m[38;2;40;23;115m▒[0m[48;2;5;1;11m[38;2;5;1;11m█[0m[48;2;16;8;43m[38;2;16;8;43m█[0m[48;2;38;23;97m[38;2;38;23;97m▓[0m[48;2;41;29;70m[38;2;41;29;70m▒[0m[48;2;50;36;83m[38;2;50;36;83m▒[0m[48;2;61;49;71m[38;2;61;49;71m░[0m[48;2;67;54;75m[38;2;67;54;75m░[0m[48;2;66;53;73m[38;2;66;53;73m░[0m[48;2;65;53;64m[38;2;65;53;64m░[0m[48;2;65;53;65m[38;2;65;53;65m░[0m[48;2;58;47;59m[38;2;58;47;59m▒[0m[48;2;42;33;44m[38;2;42;33;44m▒[0m[48;2;25;16;28m[38;2;25;16;28m▓[0m[48;2;21;14;24m[38;2;21;14;24m█[0m[48;2;143;138;144m[38;2;143;138;144m*[0m[48;2;230;225;230m[38;2;230;225;230m.[0m                                   
                                              [48;2;137;136;138m[38;2;137;136;138m*[0m[48;2;19;16;25m[38;2;19;16;25m█[0m[48;2;36;31;49m[38;2;36;31;49m▓[0m[48;2;37;31;52m[38;2;37;31;52m▓[0m[48;2;37;31;52m[38;2;37;31;52m▓[0m[48;2;37;31;52m[38;2;37;31;52m▓[0m[48;2;37;31;52m[38;2;37;31;52m▓[0m[48;2;29;24;42m[38;2;29;24;42m▓[0m[48;2;18;11;43m[38;2;18;11;43m█[0m[48;2;75;67;121m[38;2;75;67;121m@[0m[48;2;83;70;155m[38;2;83;70;155m@[0m[48;2;73;55;163m[38;2;73;55;163m░[0m[48;2;78;61;150m[38;2;78;61;150m@[0m[48;2;21;10;57m[38;2;21;10;57m▓[0m[48;2;69;63;76m[38;2;69;63;76m░[0m[48;2;32;20;80m[38;2;32;20;80m▓[0m[48;2;86;69;156m[38;2;86;69;156m@[0m[48;2;67;46;158m[38;2;67;46;158m░[0m[48;2;79;63;148m[38;2;79;63;148m@[0m[48;2;59;45;117m[38;2;59;45;117m░[0m[48;2;35;27;57m[38;2;35;27;57m▓[0m[48;2;10;5;14m[38;2;10;5;14m█[0m[48;2;67;60;71m[38;2;67;60;71m░[0m[48;2;47;40;53m[38;2;47;40;53m▒[0m[48;2;38;32;48m[38;2;38;32;48m▓[0m[48;2;37;31;50m[38;2;37;31;50m▓[0m[48;2;33;27;46m[38;2;33;27;46m▓[0m[48;2;20;16;29m[38;2;20;16;29m▓[0m[48;2;56;54;61m[38;2;56;54;61m░[0m[48;2;150;149;152m[38;2;150;149;152m+[0m                                  
                                              [48;2;227;226;227m[38;2;227;226;227m.[0m[48;2;20;18;24m[38;2;20;18;24m▓[0m[48;2;37;31;50m[38;2;37;31;50m▓[0m[48;2;37;31;52m[38;2;37;31;52m▓[0m[48;2;37;31;52m[38;2;37;31;52m▓[0m[48;2;37;31;52m[38;2;37;31;52m▓[0m[48;2;37;31;52m[38;2;37;31;52m▓[0m[48;2;37;31;52m[38;2;37;31;52m▓[0m[48;2;30;25;43m[38;2;30;25;43m▓[0m[48;2;20;16;31m[38;2;20;16;31m▓[0m[48;2;27;22;43m[38;2;27;22;43m▓[0m[48;2;34;26;60m[38;2;34;26;60m▓[0m[48;2;51;44;75m[38;2;51;44;75m▒[0m[48;2;24;12;67m[38;2;24;12;67m▓[0m[48;2;74;68;79m[38;2;74;68;79m░[0m[48;2;125;119;128m[38;2;125;119;128m#[0m[48;2;18;12;33m[38;2;18;12;33m█[0m[48;2;59;54;69m[38;2;59;54;69m░[0m[48;2;104;100;110m[38;2;104;100;110m%[0m[48;2;166;165;167m[38;2;166;165;167m=[0m[48;2;232;231;233m[38;2;232;231;233m.[0m[48;2;163;160;164m[38;2;163;160;164m+[0m[48;2;23;19;26m[38;2;23;19;26m▓[0m[48;2;58;52;63m[38;2;58;52;63m░[0m[48;2;67;60;74m[38;2;67;60;74m░[0m[48;2;41;34;51m[38;2;41;34;51m▒[0m[48;2;37;32;52m[38;2;37;32;52m▓[0m[48;2;37;31;52m[38;2;37;31;52m▓[0m[48;2;35;30;48m[38;2;35;30;48m▓[0m[48;2;27;22;37m[38;2;27;22;37m▓[0m[48;2;33;30;41m[38;2;33;30;41m▓[0m[48;2;151;150;154m[38;2;151;150;154m+[0m                                
                                               [48;2;122;121;123m[38;2;122;121;123m#[0m[48;2;21;16;29m[38;2;21;16;29m▓[0m[48;2;37;31;50m[38;2;37;31;50m▓[0m[48;2;37;31;52m[38;2;37;31;52m▓[0m[48;2;37;31;52m[38;2;37;31;52m▓[0m[48;2;37;31;52m[38;2;37;31;52m▓[0m[48;2;37;31;52m[38;2;37;31;52m▓[0m[48;2;37;31;52m[38;2;37;31;52m▓[0m[48;2;37;32;50m[38;2;37;32;50m▓[0m[48;2;77;72;90m[38;2;77;72;90m@[0m[48;2;16;12;23m[38;2;16;12;23m█[0m[48;2;52;49;57m[38;2;52;49;57m▒[0m[48;2;159;155;162m[38;2;159;155;162m+[0m[48;2;205;201;207m[38;2;205;201;207m:[0m[48;2;191;188;192m[38;2;191;188;192m-[0m[48;2;44;42;46m[38;2;44;42;46m▒[0m[48;2;85;80;86m[38;2;85;80;86m@[0m[48;2;120;116;121m[38;2;120;116;121m#[0m[48;2;211;210;212m[38;2;211;210;212m:[0m [48;2;228;228;229m[38;2;228;228;229m.[0m[48;2;40;37;41m[38;2;40;37;41m▒[0m[48;2;124;120;127m[38;2;124;120;127m#[0m[48;2;35;30;38m[38;2;35;30;38m▓[0m[48;2;58;54;63m[38;2;58;54;63m░[0m[48;2;64;60;72m[38;2;64;60;72m░[0m[48;2;42;36;55m[38;2;42;36;55m▒[0m[48;2;37;31;52m[38;2;37;31;52m▓[0m[48;2;37;31;52m[38;2;37;31;52m▓[0m[48;2;37;32;50m[38;2;37;32;50m▓[0m[48;2;23;18;31m[38;2;23;18;31m▓[0m[48;2;77;74;82m[38;2;77;74;82m@[0m                               