                                                                                                              
                                                                                                              
                                                                                                              
                                                                                                              
                                                                                                              
                                                                                                              
                                                                                                              
                                                                                                              
                                                                                                              
                                                                                                              
                                                                                                              
                                                                                                              
                                                                                                              
                                                   [48;2;187;186;187m[38;2;187;186;187m-[0m[48;2;131;130;132m[38;2;131;130;132m*[0m[48;2;93;92;95m[38;2;93;92;95m%[0m[48;2;66;65;69m[38;2;66;65;69m░[0m[48;2;57;56;60m[38;2;57;56;60m░[0m[48;2;53;52;56m[38;2;53;52;56m▒[0m[48;2;57;56;61m[38;2;57;56;61m░[0m[48;2;72;71;76m[38;2;72;71;76m░[0m[48;2;100;99;104m[38;2;100;99;104m%[0m[48;2;143;142;146m[38;2;143;142;146m*[0m[48;2;198;197;199m[38;2;198;197;199m-[0m                                                
                                                [48;2;215;215;215m[38;2;215;215;215m:[0m[48;2;100;100;102m[38;2;100;100;102m%[0m[48;2;29;27;35m[38;2;29;27;35m▓[0m[48;2;27;25;36m[38;2;27;25;36m▓[0m[48;2;39;36;51m[38;2;39;36;51m▒[0m[48;2;44;41;59m[38;2;44;41;59m▒[0m[48;2;45;42;59m[38;2;45;42;59m▒[0m[48;2;46;42;61m[38;2;46;42;61m▒[0m[48;2;47;44;62m[38;2;47;44;62m▒[0m[48;2;46;43;60m[38;2;46;43;60m▒[0m[48;2;45;42;59m[38;2;45;42;59m▒[0m[48;2;43;40;57m[38;2;43;40;57m▒[0m[48;2;38;35;52m[38;2;38;35;52m▒[0m[48;2;28;25;40m[38;2;28;25;40m▓[0m[48;2;35;34;44m[38;2;35;34;44m▓[0m[48;2;101;99;105m[38;2;101;99;105m%[0m[48;2;198;197;200m[38;2;198;197;200m-[0m                                             
                                              [48;2;236;236;236m[38;2;236;236;236m.[0m[48;2;120;119;122m[38;2;120;119;122m#[0m[48;2;24;23;30m[38;2;24;23;30m▓[0m[48;2;37;35;49m[38;2;37;35;49m▒[0m[48;2;45;42;58m[38;2;45;42;58m▒[0m[48;2;42;40;55m[38;2;42;40;55m▒[0m[48;2;34;31;44m[38;2;34;31;44m▓[0m[48;2;28;25;38m[38;2;28;25;38m▓[0m[48;2;28;24;36m[38;2;28;24;36m▓[0m[48;2;41;37;47m[38;2;41;37;47m▒[0m[48;2;46;41;51m[38;2;46;41;51m▒[0m[48;2;27;22;33m[38;2;27;22;33m▓[0m[48;2;47;42;54m[38;2;47;42;54m▒[0m[48;2;67;63;75m[38;2;67;63;75m░[0m[48;2;66;62;74m[38;2;66;62;74m░[0m[48;2;49;46;59m[38;2;49;46;59m▒[0m[48;2;44;42;58m[38;2;44;42;58m▒[0m[48;2;39;38;52m[38;2;39;38;52m▒[0m[48;2;25;23;34m[38;2;25;23;34m▓[0m[48;2;71;70;75m[38;2;71;70;75m░[0m[48;2;205;204;206m[38;2;205;204;206m:[0m                                           
                                             [48;2;189;189;191m[38;2;189;189;191m-[0m[48;2;37;36;42m[38;2;37;36;42m▒[0m[48;2;38;35;46m[38;2;38;35;46m▒[0m[48;2;46;43;58m[38;2;46;43;58m▒[0m[48;2;35;32;46m[38;2;35;32;46m▓[0m[48;2;25;21;33m[38;2;25;21;33m▓[0m[48;2;71;62;74m[38;2;71;62;74m░[0m[48;2;108;95;105m[38;2;108;95;105m%[0m[48;2;135;121;131m[38;2;135;121;131m#[0m[48;2;150;135;145m[38;2;150;135;145m*[0m[48;2;153;139;149m[38;2;153;139;149m*[0m[48;2;147;132;142m[38;2;147;132;142m*[0m[48;2;130;115;125m[38;2;130;115;125m#[0m[48;2;105;92;101m[38;2;105;92;101m%[0m[48;2;79;67;76m[38;2;79;67;76m░[0m[48;2;39;30;37m[38;2;39;30;37m▓[0m[48;2;56;48;56m[38;2;56;48;56m▒[0m[48;2;66;57;66m[38;2;66;57;66m░[0m[48;2;68;59;68m[38;2;68;59;68m░[0m[48;2;54;46;54m[38;2;54;46;54m▒[0m[48;2;25;20;27m[38;2;25;20;27m▓[0m[48;2;8;7;11m[38;2;8;7;11m█[0m[48;2;143;142;144m[38;2;143;142;144m*[0m                                          
                                            [48;2;173;172;174m[38;2;173;172;174m=[0m[48;2;20;19;25m[38;2;20;19;25m▓[0m[48;2;43;41;52m[38;2;43;41;52m▒[0m[48;2;42;38;52m[38;2;42;38;52m▒[0m[48;2;23;19;30m[38;2;23;19;30m▓[0m[48;2;53;46;55m[38;2;53;46;55m▒[0m[48;2;144;129;142m[38;2;144;129;142m*[0m[48;2;159;141;155m[38;2;159;141;155m+[0m[48;2;161;141;155m[38;2;161;141;155m+[0m[48;2;160;141;154m[38;2;160;141;154m+[0m[48;2;117;98;110m[38;2;117;98;110m%[0m[48;2;70;56;66m[38;2;70;56;66m░[0m[48;2;77;64;73m[38;2;77;64;73m░[0m[48;2;84;71;81m[38;2;84;71;81m@[0m[48;2;90;75;85m[38;2;90;75;85m@[0m[48;2;153;137;148m[38;2;153;137;148m*[0m[48;2;157;139;151m[38;2;157;139;151m*[0m[48;2;160;141;153m[38;2;160;141;153m+[0m[48;2;160;141;153m[38;2;160;141;153m+[0m[48;2;150;133;144m[38;2;150;133;144m*[0m[48;2;71;60;68m[38;2;71;60;68m░[0m[48;2;79;70;78m[38;2;79;70;78m@[0m[48;2;84;78;85m[38;2;84;78;85m@[0m[48;2;34;31;36m[38;2;34;31;36m▓[0m[48;2;133;132;134m[38;2;133;132;134m*[0m                                         
                                           [48;2;203;203;203m[38;2;203;203;203m:[0m[48;2;20;19;23m[38;2;20;19;23m▓[0m[48;2;42;40;50m[38;2;42;40;50m▒[0m[48;2;25;23;32m[38;2;25;23;32m▓[0m[48;2;22;17;27m[38;2;22;17;27m▓[0m[48;2;120;106;118m[38;2;120;106;118m#[0m[48;2;159;142;154m[38;2;159;142;154m+[0m[48;2;161;141;155m[38;2;161;141;155m+[0m[48;2;161;140;155m[38;2;161;140;155m+[0m[48;2;161;140;155m[38;2;161;140;155m+[0m[48;2;161;140;155m[38;2;161;140;155m+[0m[48;2;161;140;155m[38;2;161;140;155m+[0m[48;2;161;140;155m[38;2;161;140;155m+[0m[48;2;161;140;155m[38;2;161;140;155m+[0m[48;2;160;140;155m[38;2;160;140;155m+[0m[48;2;160;140;155m[38;2;160;140;155m+[0m[48;2;161;140;155m[38;2;161;140;155m+[0m[48;2;161;140;155m[38;2;161;140;155m+[0m[48;2;161;140;155m[38;2;161;140;155m+[0m[48;2;161;140;155m[38;2;161;140;155m+[0m[48;2;161;140;155m[38;2;161;140;155m+[0m[48;2;160;139;154m[38;2;160;139;154m+[0m[48;2;141;122;136m[38;2;141;122;136m*[0m[48;2;110;94;106m[38;2;110;94;106m%[0m[48;2;115;103;114m[38;2;115;103;114m%[0m[48;2;16;11;16m[38;2;16;11;16m█[0m[48;2;56;54;57m[38;2;56;54;57m░[0m[48;2;96;94;104m[38;2;96;94;104m%[0m[48;2;208;208;208m[38;2;208;208;208m:[0m                                      
                                           [48;2;53;52;54m[38;2;53;52;54m▒[0m[48;2;32;30;36m[38;2;32;30;36m▓[0m[48;2;12;10;19m[38;2;12;10;19m█[0m[48;2;21;18;24m[38;2;21;18;24m▓[0m[48;2;135;123;134m[38;2;135;123;134m#[0m[48;2;160;140;155m[38;2;160;140;155m+[0m[48;2;161;140;155m[38;2;161;140;155m+[0m[48;2;161;140;155m[38;2;161;140;155m+[0m[48;2;161;140;155m[38;2;161;140;155m+[0m[48;2;159;139;154m[38;2;159;139;154m+[0m[48;2;159;138;153m[38;2;159;138;153m*[0m[48;2;159;138;153m[38;2;159;138;153m*[0m[48;2;160;139;154m[38;2;160;139;154m+[0m[48;2;161;140;155m[38;2;161;140;155m+[0m[48;2;161;140;155m[38;2;161;140;155m+[0m[48;2;161;140;155m[38;2;161;140;155m+[0m[48;2;161;140;155m[38;2;161;140;155m+[0m[48;2;161;140;155m[38;2;161;140;155m+[0m[48;2;161;140;155m[38;2;161;140;155m+[0m[48;2;161;140;155m[38;2;161;140;155m+[0m[48;2;161;140;155m[38;2;161;140;155m+[0m[48;2;148;129;143m[38;2;148;129;143m*[0m[48;2;137;118;132m[38;2;137;118;132m#[0m[48;2;160;141;155m[38;2;160;141;155m+[0m[48;2;160;141;155m[38;2;160;141;155m+[0m[48;2;125;110;122m[38;2;125;110;122m#[0m[48;2;12;7;12m[38;2;12;7;12m█[0m[48;2;53;44;78m[38;2;53;44;78m▒[0m[48;2;85;84;88m[38;2;85;84;88m@[0m                                      
                                          [48;2;176;176;176m[38;2;176;176;176m=[0m[48;2;12;10;12m[38;2;12;10;12m█[0m[48;2;23;20;27m[38;2;23;20;27m▓[0m[48;2;18;13;21m[38;2;18;13;21m█[0m[48;2;125;112;122m[38;2;125;112;122m#[0m[48;2;161;142;156m[38;2;161;142;156m+[0m[48;2;161;140;155m[38;2;161;140;155m+[0m[48;2;161;140;155m[38;2;161;140;155m+[0m[48;2;161;140;155m[38;2;161;140;155m+[0m[48;2;131;114;125m[38;2;131;114;125m#[0m[48;2;54;41;50m[38;2;54;41;50m▒[0m[48;2;114;100;110m[38;2;114;100;110m%[0m[48;2;53;38;48m[38;2;53;38;48m▒[0m[48;2;158;141;154m[38;2;158;141;154m+[0m[48;2;99;82;95m[38;2;99;82;95m@[0m[48;2;137;118;133m[38;2;137;118;133m#[0m[48;2;161;140;155m[38;2;161;140;155m+[0m[48;2;161;140;155m[38;2;161;140;155m+[0m[48;2;161;140;155m[38;2;161;140;155m+[0m[48;2;161;140;155m[38;2;161;140;155m+[0m[48;2;148;129;143m[38;2;148;129;143m*[0m[48;2;131;115;128m[38;2;131;115;128m#[0m[48;2;129;113;125m[38;2;129;113;125m#[0m[48;2;50;38;48m[38;2;50;38;48m▒[0m[48;2;157;139;153m[38;2;157;139;153m*[0m[48;2;160;140;155m[38;2;160;140;155m+[0m[48;2;160;140;155m[38;2;160;140;155m+[0m[48;2;94;82;92m[38;2;94;82;92m@[0m[48;2;12;6;14m[38;2;12;6;14m█[0m[48;2;36;30;53m[38;2;36;30;53m▓[0m[48;2;194;193;194m[38;2;194;193;194m-[0m                                     
                                          [48;2;93;93;93m[38;2;93;93;93m%[0m[48;2;11;9;12m[38;2;11;9;12m█[0m[48;2;88;82;88m[38;2;88;82;88m@[0m[48;2;53;47;54m[38;2;53;47;54m▒[0m[48;2;160;142;155m[38;2;160;142;155m+[0m[48;2;161;141;156m[38;2;161;141;156m+[0m[48;2;161;140;155m[38;2;161;140;155m+[0m[48;2;161;140;155m[38;2;161;140;155m+[0m[48;2;149;131;145m[38;2;149;131;145m*[0m[48;2;33;23;33m[38;2;33;23;33m▓[0m[48;2;56;49;56m[38;2;56;49;56m▒[0m[48;2;12;7;11m[38;2;12;7;11m█[0m[48;2;102;92;101m[38;2;102;92;101m%[0m[48;2;108;95;104m[38;2;108;95;104m%[0m[48;2;41;31;40m[38;2;41;31;40m▓[0m[48;2;132;117;129m[38;2;132;117;129m#[0m[48;2;159;140;154m[38;2;159;140;154m+[0m[48;2;161;140;155m[38;2;161;140;155m+[0m[48;2;161;140;155m[38;2;161;140;155m+[0m[48;2;161;140;155m[38;2;161;140;155m+[0m[48;2;112;95;108m[38;2;112;95;108m%[0m[48;2;63;50;61m[38;2;63;50;61m░[0m[48;2;154;141;151m[38;2;154;141;151m*[0m[48;2;54;43;51m[38;2;54;43;51m▒[0m[48;2;120;104;117m[38;2;120;104;117m#[0m[48;2;160;141;155m[38;2;160;141;155m+[0m[48;2;161;140;155m[38;2;161;140;155m+[0m[48;2;156;139;151m[38;2;156;139;151m*[0m[48;2;37;26;35m[38;2;37;26;35m▓[0m[48;2;26;18;36m[38;2;26;18;36m▓[0m[48;2;188;187;188m[38;2;188;187;188m-[0m                                     
                                          [48;2;49;48;48m[38;2;49;48;48m▒[0m[48;2;91;85;90m[38;2;91;85;90m@[0m[48;2;76;68;76m[38;2;76;68;76m░[0m[48;2;99;89;97m[38;2;99;89;97m%[0m[48;2;161;141;155m[38;2;161;141;155m+[0m[48;2;161;140;155m[38;2;161;140;155m+[0m[48;2;161;140;155m[38;2;161;140;155m+[0m[48;2;161;140;155m[38;2;161;140;155m+[0m[48;2;81;66;76m[38;2;81;66;76m░[0m[48;2;7;0;7m[38;2;7;0;7m█[0m[48;2;60;55;59m[38;2;60;55;59m░[0m[48;2;22;17;21m[38;2;22;17;21m▓[0m[48;2;90;83;89m[38;2;90;83;89m@[0m[48;2;26;19;26m[38;2;26;19;26m▓[0m[48;2;20;14;20m[38;2;20;14;20m█[0m[48;2;7;1;6m[38;2;7;1;6m█[0m[48;2;63;52;60m[38;2;63;52;60m░[0m[48;2;152;137;147m[38;2;152;137;147m*[0m[48;2;159;142;153m[38;2;159;142;153m+[0m[48;2;160;142;155m[38;2;160;142;155m+[0m[48;2;137;121;133m[38;2;137;121;133m#[0m[48;2;10;3;9m[38;2;10;3;9m█[0m[48;2;87;78;86m[38;2;87;78;86m@[0m[48;2;130;119;128m[38;2;130;119;128m#[0m[48;2;25;15;24m[38;2;25;15;24m▓[0m[48;2;99;86;97m[38;2;99;86;97m@[0m[48;2;153;137;149m[38;2;153;137;149m*[0m[48;2;132;117;127m[38;2;132;117;127m#[0m[48;2;123;111;120m[38;2;123;111;120m#[0m[48;2;41;35;41m[38;2;41;35;41m▒[0m[48;2;119;116;120m[38;2;119;116;120m#[0m[48;2;215;214;216m[38;2;215;214;216m:[0m                                    
                                         [48;2;235;235;235m[38;2;235;235;235m.[0m[48;2;30;26;28m[38;2;30;26;28m▓[0m[48;2;151;140;147m[38;2;151;140;147m*[0m[48;2;66;58;65m[38;2;66;58;65m░[0m[48;2;111;99;108m[38;2;111;99;108m%[0m[48;2;161;141;155m[38;2;161;141;155m+[0m[48;2;161;140;155m[38;2;161;140;155m+[0m[48;2;161;140;155m[38;2;161;140;155m+[0m[48;2;160;139;154m[38;2;160;139;154m+[0m[48;2;37;25;34m[38;2;37;25;34m▓[0m[48;2;82;74;80m[38;2;82;74;80m@[0m[48;2;214;205;208m[38;2;214;205;208m:[0m[48;2;71;63;67m[38;2;71;63;67m░[0m[48;2;52;29;104m[38;2;52;29;104m▒[0m[48;2;63;31;131m[38;2;63;31;131m▒[0m[48;2;34;14;75m[38;2;34;14;75m▓[0m[48;2;95;88;92m[38;2;95;88;92m@[0m[48;2;153;144;144m[38;2;153;144;144m+[0m[48;2;110;99;99m[38;2;110;99;99m%[0m[48;2;103;93;93m[38;2;103;93;93m%[0m[48;2;103;93;93m[38;2;103;93;93m%[0m[48;2;86;78;80m[38;2;86;78;80m@[0m[48;2;10;4;17m[38;2;10;4;17m█[0m[48;2;33;13;66m[38;2;33;13;66m▓[0m[48;2;46;28;78m[38;2;46;28;78m▒[0m[48;2;21;13;29m[38;2;21;13;29m█[0m[48;2;24;17;22m[38;2;24;17;22m▓[0m[48;2;19;12;17m[38;2;19;12;17m█[0m[48;2;21;15;20m[38;2;21;15;20m█[0m[48;2;29;24;28m[38;2;29;24;28m▓[0m[48;2;51;47;51m[38;2;51;47;51m▒[0m[48;2;46;43;47m[38;2;46;43;47m▒[0m[48;2;13;10;14m[38;2;13;10;14m█[0m[48;2;139;136;139m[38;2;139;136;139m*[0m                                   
                                         [48;2;181;181;182m[38;2;181;181;182m=[0m[48;2;62;55;59m[38;2;62;55;59m░[0m[48;2;159;143;153m[38;2;159;143;153m+[0m[48;2;89;77;85m[38;2;89;77;85m@[0m[48;2;88;76;85m[38;2;88;76;85m@[0m[48;2;161;141;155m[38;2;161;141;155m+[0m[48;2;161;140;155m[38;2;161;140;155m+[0m[48;2;161;140;155m[38;2;161;140;155m+[0m[48;2;159;139;153m[38;2;159;139;153m+[0m[48;2;34;25;32m[38;2;34;25;32m▓[0m[48;2;241;232;234m[38;2;241;232;234m.[0m[48;2;249;237;237m[38;2;249;237;237m [0m[48;2;49;39;42m[38;2;49;39;42m▒[0m[48;2;177;151;194m[38;2;177;151;194m+[0m[48;2;152;101;185m[38;2;152;101;185m#[0m[48;2;62;35;84m[38;2;62;35;84m▒[0m[48;2;161;151;152m[38;2;161;151;152m+[0m[48;2;250;237;232m[38;2;250;237;232m [0m[48;2;250;237;230m[38;2;250;237;230m [0m[48;2;250;236;230m[38;2;250;236;230m [0m[48;2;251;236;230m[38;2;251;236;230m [0m[48;2;190;179;177m[38;2;190;179;177m=[0m[48;2;30;17;44m[38;2;30;17;44m▓[0m[48;2;113;74;171m[38;2;113;74;171m%[0m[48;2;77;37;146m[38;2;77;37;146m░[0m[48;2;36;25;45m[38;2;36;25;45m▓[0m[48;2;223;213;215m[38;2;223;213;215m:[0m[48;2;59;51;53m[38;2;59;51;53m▒[0m[48;2;143;136;137m[38;2;143;136;137m*[0m[48;2;11;8;9m[38;2;11;8;9m█[0m[48;2;30;27;30m[38;2;30;27;30m▓[0m[48;2;128;126;129m[38;2;128;126;129m#[0m[48;2;237;235;239m[38;2;237;235;239m.[0m                                    
                                         [48;2;177;177;178m[38;2;177;177;178m=[0m[48;2;65;58;64m[38;2;65;58;64m░[0m[48;2;160;142;153m[38;2;160;142;153m+[0m[48;2;147;133;143m[38;2;147;133;143m*[0m[48;2;23;15;22m[38;2;23;15;22m█[0m[48;2;130;115;126m[38;2;130;115;126m#[0m[48;2;160;141;155m[38;2;160;141;155m+[0m[48;2;161;140;155m[38;2;161;140;155m+[0m[48;2;160;140;155m[38;2;160;140;155m+[0m[48;2;37;28;36m[38;2;37;28;36m▓[0m[48;2;213;197;198m[38;2;213;197;198m:[0m[48;2;247;228;225m[38;2;247;228;225m.[0m[48;2;91;80;81m[38;2;91;80;81m@[0m[48;2;141;114;141m[38;2;141;114;141m#[0m[48;2;167;122;165m[38;2;167;122;165m*[0m[48;2;62;48;61m[38;2;62;48;61m▒[0m[48;2;238;226;225m[38;2;238;226;225m.[0m[48;2;250;235;229m[38;2;250;235;229m [0m[48;2;250;234;227m[38;2;250;234;227m [0m[48;2;250;235;226m[38;2;250;235;226m [0m[48;2;251;236;227m[38;2;251;236;227m [0m[48;2;220;206;202m[38;2;220;206;202m:[0m[48;2;49;36;45m[38;2;49;36;45m▒[0m[48;2;216;173;221m[38;2;216;173;221m-[0m[48;2;115;80;121m[38;2;115;80;121m%[0m[48;2;123;111;111m[38;2;123;111;111m#[0m[48;2;246;234;227m[38;2;246;234;227m.[0m[48;2;242;231;224m[38;2;242;231;224m.[0m[48;2;175;165;163m[38;2;175;165;163m=[0m[48;2;58;51;52m[38;2;58;51;52m▒[0m[48;2;66;58;64m[38;2;66;58;64m░[0m[48;2;76;72;77m[38;2;76;72;77m@[0m                                     
                                         [48;2;232;232;232m[38;2;232;232;232m.[0m[48;2;41;37;40m[38;2;41;37;40m▒[0m[48;2;112;100;107m[38;2;112;100;107m%[0m[48;2;80;69;76m[38;2;80;69;76m░[0m[48;2;11;4;9m[38;2;11;4;9m█[0m[48;2;12;6;10m[38;2;12;6;10m█[0m[48;2;77;67;74m[38;2;77;67;74m░[0m[48;2;130;115;126m[38;2;130;115;126m#[0m[48;2;153;138;150m[38;2;153;138;150m*[0m[48;2;104;95;103m[38;2;104;95;103m%[0m[48;2;79;68;70m[38;2;79;68;70m░[0m[48;2;238;224;222m[38;2;238;224;222m.[0m[48;2;235;222;219m[38;2;235;222;219m.[0m[48;2;149;137;134m[38;2;149;137;134m*[0m[48;2;146;134;132m[38;2;146;134;132m*[0m[48;2;229;216;213m[38;2;229;216;213m.[0m[48;2;250;234;229m[38;2;250;234;229m [0m[48;2;247;231;224m[38;2;247;231;224m.[0m[48;2;173;158;151m[38;2;173;158;151m+[0m[48;2;223;208;200m[38;2;223;208;200m:[0m[48;2;250;235;226m[38;2;250;235;226m [0m[48;2;251;236;229m[38;2;251;236;229m [0m[48;2;139;124;123m[38;2;139;124;123m*[0m[48;2;93;74;81m[38;2;93;74;81m@[0m[48;2;110;93;96m[38;2;110;93;96m%[0m[48;2;240;223;215m[38;2;240;223;215m.[0m[48;2;243;211;200m[38;2;243;211;200m:[0m[48;2;244;216;206m[38;2;244;216;206m.[0m[48;2;177;165;164m[38;2;177;165;164m=[0m[48;2;64;56;60m[38;2;64;56;60m░[0m[48;2;145;133;142m[38;2;145;133;142m*[0m[48;2;33;29;34m[38;2;33;29;34m▓[0m                                     
                                          [48;2;71;70;71m[38;2;71;70;71m░[0m[48;2;36;32;34m[38;2;36;32;34m▓[0m[48;2;119;113;116m[38;2;119;113;116m#[0m[48;2;228;218;220m[38;2;228;218;220m.[0m[48;2;175;165;166m[38;2;175;165;166m=[0m[48;2;16;9;12m[38;2;16;9;12m█[0m[48;2;3;1;3m[38;2;3;1;3m█[0m[48;2;17;14;17m[38;2;17;14;17m█[0m[48;2;91;86;90m[38;2;91;86;90m@[0m[48;2;70;65;66m[38;2;70;65;66m░[0m[48;2;77;70;70m[38;2;77;70;70m░[0m[48;2;181;168;165m[38;2;181;168;165m=[0m[48;2;251;236;230m[38;2;251;236;230m [0m[48;2;250;234;228m[38;2;250;234;228m [0m[48;2;250;235;227m[38;2;250;235;227m [0m[48;2;250;235;226m[38;2;250;235;226m [0m[48;2;249;234;225m[38;2;249;234;225m.[0m[48;2;199;184;177m[38;2;199;184;177m-[0m[48;2;227;212;203m[38;2;227;212;203m:[0m[48;2;250;235;226m[38;2;250;235;226m [0m[48;2;250;235;226m[38;2;250;235;226m [0m[48;2;250;235;226m[38;2;250;235;226m [0m[48;2;250;235;226m[38;2;250;235;226m [0m[48;2;250;235;226m[38;2;250;235;226m [0m[48;2;244;225;216m[38;2;244;225;216m.[0m[48;2;242;215;205m[38;2;242;215;205m.[0m[48;2;248;225;221m[38;2;248;225;221m.[0m[48;2;133;122;122m[38;2;133;122;122m#[0m[48;2;38;31;34m[38;2;38;31;34m▓[0m[48;2;33;25;31m[38;2;33;25;31m▓[0m[48;2;183;180;184m[38;2;183;180;184m=[0m                                     
                                         [48;2;165;165;165m[38;2;165;165;165m=[0m[48;2;86;86;86m[38;2;86;86;86m@[0m[48;2;195;194;194m[38;2;195;194;194m-[0m[48;2;80;75;77m[38;2;80;75;77m@[0m[48;2;116;109;111m[38;2;116;109;111m#[0m[48;2;226;217;218m[38;2;226;217;218m.[0m[48;2;112;105;107m[38;2;112;105;107m%[0m[48;2;82;80;81m[38;2;82;80;81m@[0m[48;2;8;6;7m[38;2;8;6;7m█[0m[48;2;75;70;72m[38;2;75;70;72m░[0m[48;2;211;203;205m[38;2;211;203;205m:[0m[48;2;247;237;234m[38;2;247;237;234m [0m[48;2;250;237;234m[38;2;250;237;234m [0m[48;2;250;236;231m[38;2;250;236;231m [0m[48;2;251;235;230m[38;2;251;235;230m [0m[48;2;251;235;230m[38;2;251;235;230m [0m[48;2;251;235;228m[38;2;251;235;228m [0m[48;2;250;235;227m[38;2;250;235;227m [0m[48;2;250;235;226m[38;2;250;235;226m [0m[48;2;250;235;226m[38;2;250;235;226m [0m[48;2;250;235;226m[38;2;250;235;226m [0m[48;2;250;235;226m[38;2;250;235;226m [0m[48;2;250;235;226m[38;2;250;235;226m [0m[48;2;250;235;226m[38;2;250;235;226m [0m[48;2;250;234;227m[38;2;250;234;227m [0m[48;2;251;236;231m[38;2;251;236;231m [0m[48;2;250;236;232m[38;2;250;236;232m [0m[48;2;184;171;170m[38;2;184;171;170m=[0m[48;2;46;37;39m[38;2;46;37;39m▒[0m[48;2;95;89;94m[38;2;95;89;94m@[0m[48;2;56;51;56m[38;2;56;51;56m▒[0m                                      
                                         [48;2;117;117;117m[38;2;117;117;117m#[0m[48;2;116;116;116m[38;2;116;116;116m#[0m[48;2;202;201;204m[38;2;202;201;204m:[0m[48;2;145;143;146m[38;2;145;143;146m*[0m[48;2;3;0;4m[38;2;3;0;4m█[0m[48;2;12;9;13m[38;2;12;9;13m█[0m[48;2;32;30;33m[38;2;32;30;33m▓[0m[48;2;112;111;112m[38;2;112;111;112m#[0m[48;2;135;134;135m[38;2;135;134;135m*[0m[48;2;40;37;38m[38;2;40;37;38m▒[0m[48;2;54;50;52m[38;2;54;50;52m▒[0m[48;2;27;23;25m[38;2;27;23;25m▓[0m[48;2;49;44;47m[38;2;49;44;47m▒[0m[48;2;75;69;72m[38;2;75;69;72m░[0m[48;2;98;91;94m[38;2;98;91;94m%[0m[48;2;117;110;114m[38;2;117;110;114m#[0m[48;2;135;127;130m[38;2;135;127;130m*[0m[48;2;151;143;144m[38;2;151;143;144m*[0m[48;2;168;158;155m[38;2;168;158;155m+[0m[48;2;178;166;163m[38;2;178;166;163m=[0m[48;2;185;173;170m[38;2;185;173;170m=[0m[48;2;186;174;171m[38;2;186;174;171m=[0m[48;2;181;169;166m[38;2;181;169;166m=[0m[48;2;168;158;154m[38;2;168;158;154m+[0m[48;2;147;138;136m[38;2;147;138;136m*[0m[48;2;113;106;105m[38;2;113;106;105m%[0m[48;2;58;52;55m[38;2;58;52;55m▒[0m[48;2;19;14;21m[38;2;19;14;21m█[0m[48;2;14;11;17m[38;2;14;11;17m█[0m[48;2;28;25;31m[38;2;28;25;31m▓[0m[48;2;215;212;217m[38;2;215;212;217m:[0m                                      
                                       [48;2;164;163;163m[38;2;164;163;163m+[0m[48;2;69;66;68m[38;2;69;66;68m░[0m[48;2;49;45;49m[38;2;49;45;49m▒[0m[48;2;102;100;104m[38;2;102;100;104m%[0m[48;2;202;201;204m[38;2;202;201;204m:[0m[48;2;137;136;139m[38;2;137;136;139m*[0m[48;2;2;1;4m[38;2;2;1;4m█[0m[48;2;10;9;12m[38;2;10;9;12m█[0m[48;2;7;6;9m[38;2;7;6;9m█[0m[48;2;119;118;121m[38;2;119;118;121m#[0m [48;2;41;40;42m[38;2;41;40;42m▒[0m[48;2;10;7;10m[38;2;10;7;10m█[0m[48;2;16;13;19m[38;2;16;13;19m█[0m[48;2;4;2;9m[38;2;4;2;9m█[0m[48;2;4;3;8m[38;2;4;3;8m█[0m[48;2;20;18;25m[38;2;20;18;25m▓[0m[48;2;31;29;37m[38;2;31;29;37m▓[0m[48;2;26;25;33m[38;2;26;25;33m▓[0m[48;2;23;20;29m[38;2;23;20;29m▓[0m[48;2;113;107;112m[38;2;113;107;112m%[0m[48;2;62;56;58m[38;2;62;56;58m░[0m[48;2;23;16;18m[38;2;23;16;18m▓[0m[48;2;64;57;60m[38;2;64;57;60m░[0m[48;2;73;67;69m[38;2;73;67;69m░[0m[48;2;12;8;10m[38;2;12;8;10m█[0m[48;2;7;5;7m[38;2;7;5;7m█[0m[48;2;4;3;6m[38;2;4;3;6m█[0m[48;2;32;29;42m[38;2;32;29;42m▓[0m[48;2;28;25;39m[38;2;28;25;39m▓[0m[48;2;6;4;12m[38;2;6;4;12m█[0m[48;2;52;52;55m[38;2;52;52;55m▒[0m                                       
                                     [48;2;225;225;226m[38;2;225;225;226m.[0m[48;2;75;72;75m[38;2;75;72;75m@[0m[48;2;91;83;90m[38;2;91;83;90m@[0m[48;2;151;135;147m[38;2;151;135;147m*[0m[48;2;140;125;136m[38;2;140;125;136m*[0m[48;2;41;36;41m[38;2;41;36;41m▒[0m[48;2;193;190;194m[38;2;193;190;194m-[0m[48;2;188;187;190m[38;2;188;187;190m-[0m[48;2;23;21;25m[38;2;23;21;25m▓[0m[48;2;9;7;11m[38;2;9;7;11m█[0m[48;2;12;11;16m[38;2;12;11;16m█[0m[48;2;205;203;208m[38;2;205;203;208m:[0m[48;2;225;223;228m[38;2;225;223;228m.[0m[48;2;25;23;27m[38;2;25;23;27m▓[0m[48;2;13;10;15m[38;2;13;10;15m█[0m[48;2;25;21;32m[38;2;25;21;32m▓[0m[48;2;27;23;38m[38;2;27;23;38m▓[0m[48;2;27;25;34m[38;2;27;25;34m▓[0m[48;2;22;19;26m[38;2;22;19;26m▓[0m[48;2;6;4;11m[38;2;6;4;11m█[0m[48;2;45;42;49m[38;2;45;42;49m▒[0m[48;2;16;13;20m[38;2;16;13;20m█[0m[48;2;6;3;9m[38;2;6;3;9m█[0m[48;2;55;52;56m[38;2;55;52;56m▒[0m[48;2;179;175;179m[38;2;179;175;179m=[0m[48;2;79;75;79m[38;2;79;75;79m@[0m[48;2;46;42;45m[38;2;46;42;45m▒[0m[48;2;18;15;17m[38;2;18;15;17m█[0m[48;2;76;73;66m[38;2;76;73;66m░[0m[48;2;7;4;8m[38;2;7;4;8m█[0m[48;2;32;28;40m[38;2;32;28;40m▓[0m[48;2;23;20;30m[38;2;23;20;30m▓[0m[48;2;164;162;165m[38;2;164;162;165m+[0m[48;2;241;240;240m[38;2;241;240;240m [0m                                       
                                    [48;2;236;236;236m[38;2;236;236;236m.[0m[48;2;48;45;47m[38;2;48;45;47m▒[0m[48;2;127;116;124m[38;2;127;116;124m#[0m[48;2;157;140;151m[38;2;157;140;151m+[0m[48;2;156;138;150m[38;2;156;138;150m*[0m[48;2;144;128;138m[38;2;144;128;138m*[0m[48;2;56;48;54m[38;2;56;48;54m▒[0m[48;2;53;50;54m[38;2;53;50;54m▒[0m[48;2;157;156;159m[38;2;157;156;159m+[0m[48;2;109;107;110m[38;2;109;107;110m%[0m[48;2;15;13;17m[38;2;15;13;17m█[0m[48;2;141;138;142m[38;2;141;138;142m*[0m[48;2;156;153;158m[38;2;156;153;158m+[0m[48;2;42;39;46m[38;2;42;39;46m▒[0m[48;2;25;22;33m[38;2;25;22;33m▓[0m[48;2;18;14;24m[38;2;18;14;24m█[0m[48;2;19;15;27m[38;2;19;15;27m█[0m[48;2;36;31;49m[38;2;36;31;49m▓[0m[48;2;37;31;50m[38;2;37;31;50m▓[0m[48;2;36;31;49m[38;2;36;31;49m▓[0m[48;2;25;20;36m[38;2;25;20;36m▓[0m[48;2;16;12;22m[38;2;16;12;22m█[0m[48;2;69;65;59m[38;2;69;65;59m░[0m[48;2;43;38;30m[38;2;43;38;30m▒[0m[48;2;15;10;9m[38;2;15;10;9m█[0m[48;2;4;0;1m[38;2;4;0;1m█[0m[48;2;6;3;4m[38;2;6;3;4m█[0m[48;2;77;71;65m[38;2;77;71;65m░[0m[48;2;37;30;29m[38;2;37;30;29m▓[0m[48;2;129;124;108m[38;2;129;124;108m#[0m[48;2;8;3;8m[38;2;8;3;8m█[0m[48;2;22;18;27m[38;2;22;18;27m▓[0m[48;2;179;177;184m[38;2;179;177;184m=[0m                                         
                                    [48;2;139;139;139m[38;2;139;139;139m*[0m[48;2;82;75;79m[38;2;82;75;79m@[0m[48;2;157;141;151m[38;2;157;141;151m+[0m[48;2;158;141;151m[38;2;158;141;151m+[0m[48;2;112;98;108m[38;2;112;98;108m%[0m[48;2;71;62;69m[38;2;71;62;69m░[0m[48;2;189;184;189m[38;2;189;184;189m-[0m[48;2;135;133;136m[38;2;135;133;136m*[0m[48;2;20;17;21m[38;2;20;17;21m▓[0m[48;2;59;55;59m[38;2;59;55;59m░[0m[48;2;41;36;41m[38;2;41;36;41m▒[0m[48;2;30;26;30m[38;2;30;26;30m▓[0m[48;2;7;5;9m[38;2;7;5;9m█[0m[48;2;14;11;20m[38;2;14;11;20m█[0m[48;2;17;13;27m[38;2;17;13;27m█[0m[48;2;24;19;34m[38;2;24;19;34m▓[0m[48;2;35;30;48m[38;2;35;30;48m▓[0m[48;2;37;31;51m[38;2;37;31;51m▓[0m[48;2;37;31;52m[38;2;37;31;52m▓[0m[48;2;37;31;52m[38;2;37;31;52m▓[0m[48;2;36;30;51m[38;2;36;30;51m▓[0m[48;2;26;21;38m[38;2;26;21;38m▓[0m[48;2;90;82;71m[38;2;90;82;71m@[0m[48;2;225;211;162m[38;2;225;211;162m:[0m[48;2;196;180;137m[38;2;196;180;137m=[0m[48;2;132;115;85m[38;2;132;115;85m#[0m[48;2;173;155;121m[38;2;173;155;121m+[0m[48;2;223;205;161m[38;2;223;205;161m:[0m[48;2;54;46;37m[38;2;54;46;37m▒[0m[48;2;46;42;43m[38;2;46;42;43m▒[0m[48;2;17;14;22m[38;2;17;14;22m█[0m[48;2;117;114;121m[38;2;117;114;121m#[0m                                          
                                    [48;2;133;133;133m[38;2;133;133;133m*[0m[48;2;89;80;84m[38;2;89;80;84m@[0m[48;2;159;141;152m[38;2;159;141;152m+[0m[48;2;154;136;147m[38;2;154;136;147m*[0m[48;2;39;28;36m[38;2;39;28;36m▓[0m[48;2;159;154;160m[38;2;159;154;160m+[0m[48;2;44;40;45m[38;2;44;40;45m▒[0m[48;2;77;70;75m[38;2;77;70;75m░[0m[48;2;148;135;143m[38;2;148;135;143m*[0m[48;2;159;142;151m[38;2;159;142;151m+[0m[48;2;160;144;152m[38;2;160;144;152m+[0m[48;2;157;144;152m[38;2;157;144;152m+[0m[48;2;27;22;28m[38;2;27;22;28m▓[0m[48;2;35;31;43m[38;2;35;31;43m▓[0m[48;2;36;30;51m[38;2;36;30;51m▓[0m[48;2;36;30;51m[38;2;36;30;51m▓[0m[48;2;37;31;52m[38;2;37;31;52m▓[0m[48;2;37;31;52m[38;2;37;31;52m▓[0m[48;2;37;31;52m[38;2;37;31;52m▓[0m[48;2;37;31;51m[38;2;37;31;51m▓[0m[48;2;28;23;41m[38;2;28;23;41m▓[0m[48;2;11;8;21m[38;2;11;8;21m█[0m[48;2;24;20;23m[38;2;24;20;23m▓[0m[48;2;87;79;70m[38;2;87;79;70m@[0m[48;2;155;142;119m[38;2;155;142;119m*[0m[48;2;207;191;156m[38;2;207;191;156m-[0m[48;2;189;172;139m[38;2;189;172;139m=[0m[48;2;84;71;60m[38;2;84;71;60m@[0m[48;2;18;11;14m[38;2;18;11;14m█[0m[48;2;4;1;7m[38;2;4;1;7m█[0m[48;2;19;18;24m[38;2;19;18;24m▓[0m[48;2;7;6;10m[38;2;7;6;10m█[0m[48;2;112;111;114m[38;2;112;111;114m#[0m[48;2;178;177;179m[38;2;178;177;179m=[0m[48;2;212;212;212m[38;2;212;212;212m:[0m                                       
                                    [48;2;232;232;232m[38;2;232;232;232m.[0m[48;2;62;57;60m[38;2;62;57;60m░[0m[48;2;112;100;108m[38;2;112;100;108m%[0m[48;2;155;140;150m[38;2;155;140;150m*[0m[48;2;72;59;68m[38;2;72;59;68m░[0m[48;2;17;9;16m[38;2;17;9;16m█[0m[48;2;53;45;53m[38;2;53;45;53m▒[0m[48;2;102;91;100m[38;2;102;91;100m%[0m[48;2;132;120;129m[38;2;132;120;129m#[0m[48;2;116;103;113m[38;2;116;103;113m%[0m[48;2;71;59;68m[38;2;71;59;68m░[0m[48;2;85;78;85m[38;2;85;78;85m@[0m[48;2;12;8;14m[38;2;12;8;14m█[0m[48;2;34;29;42m[38;2;34;29;42m▓[0m[48;2;37;31;51m[38;2;37;31;51m▓[0m[48;2;37;31;52m[38;2;37;31;52m▓[0m[48;2;37;31;53m[38;2;37;31;53m▓[0m[48;2;34;29;48m[38;2;34;29;48m▓[0m[48;2;15;11;25m[38;2;15;11;25m█[0m[48;2;9;6;16m[38;2;9;6;16m█[0m[48;2;17;15;20m[38;2;17;15;20m█[0m[48;2;50;48;52m[38;2;50;48;52m▒[0m[48;2;9;7;9m[38;2;9;7;9m█[0m[48;2;73;69;73m[38;2;73;69;73m░[0m[48;2;49;45;46m[38;2;49;45;46m▒[0m[48;2;25;22;23m[38;2;25;22;23m▓[0m[48;2;14;11;14m[38;2;14;11;14m█[0m[48;2;15;13;21m[38;2;15;13;21m█[0m[48;2;39;37;41m[38;2;39;37;41m▒[0m[48;2;4;3;6m[38;2;4;3;6m█[0m[48;2;32;31;34m[38;2;32;31;34m▓[0m[48;2;46;45;49m[38;2;46;45;49m▒[0m[48;2;35;34;39m[38;2;35;34;39m▓[0m[48;2;34;33;38m[38;2;34;33;38m▓[0m[48;2;27;26;29m[38;2;27;26;29m▓[0m                                       
                                      [48;2;128;127;127m[38;2;128;127;127m#[0m[48;2;37;29;34m[38;2;37;29;34m▓[0m[48;2;83;71;80m[38;2;83;71;80m@[0m[48;2;102;90;99m[38;2;102;90;99m%[0m[48;2;95;84;93m[38;2;95;84;93m@[0m[48;2;77;67;75m[38;2;77;67;75m░[0m[48;2;56;46;54m[38;2;56;46;54m▒[0m[48;2;25;17;24m[38;2;25;17;24m▓[0m[48;2;6;1;7m[38;2;6;1;7m█[0m[48;2;21;18;22m[38;2;21;18;22m▓[0m[48;2;13;9;15m[38;2;13;9;15m█[0m[48;2;10;6;16m[38;2;10;6;16m█[0m[48;2;24;19;32m[38;2;24;19;32m▓[0m[48;2;28;23;38m[38;2;28;23;38m▓[0m[48;2;27;22;39m[38;2;27;22;39m▓[0m[48;2;9;5;15m[38;2;9;5;15m█[0m[48;2;4;2;6m[38;2;4;2;6m█[0m[48;2;35;33;35m[38;2;35;33;35m▓[0m[48;2;58;56;58m[38;2;58;56;58m░[0m[48;2;9;6;9m[38;2;9;6;9m█[0m[48;2;15;12;17m[38;2;15;12;17m█[0m[48;2;103;100;106m[38;2;103;100;106m%[0m[48;2;103;100;103m[38;2;103;100;103m%[0m[48;2;85;83;85m[38;2;85;83;85m@[0m[48;2;76;74;75m[38;2;76;74;75m@[0m[48;2;71;68;78m[38;2;71;68;78m░[0m[48;2;20;17;29m[38;2;20;17;29m▓[0m[48;2;25;18;58m[38;2;25;18;58m▓[0m[48;2;9;6;17m[38;2;9;6;17m█[0m[48;2;26;22;32m[38;2;26;22;32m▓[0m[48;2;33;29;46m[38;2;33;29;46m▓[0m[48;2;34;29;46m[38;2;34;29;46m▓[0m[48;2;22;18;32m[38;2;22;18;32m▓[0m[48;2;56;55;62m[38;2;56;55;62m░[0m[48;2;173;172;175m[38;2;173;172;175m=[0m                                     
                                       [48;2;82;80;81m[38;2;82;80;81m@[0m[48;2;71;65;70m[38;2;71;65;70m░[0m[48;2;107;97;104m[38;2;107;97;104m%[0m[48;2;113;101;110m[38;2;113;101;110m%[0m[48;2;113;102;111m[38;2;113;102;111m%[0m[48;2;117;104;114m[38;2;117;104;114m%[0m[48;2;128;113;123m[38;2;128;113;123m#[0m[48;2;125;112;121m[38;2;125;112;121m#[0m[48;2;116;104;113m[38;2;116;104;113m%[0m[48;2;111;99;108m[38;2;111;99;108m%[0m[48;2;108;95;107m[38;2;108;95;107m%[0m[48;2;107;94;106m[38;2;107;94;106m%[0m[48;2;106;93;104m[38;2;106;93;104m%[0m[48;2;104;93;102m[38;2;104;93;102m%[0m[48;2;97;90;98m[38;2;97;90;98m%[0m[48;2;67;63;67m[38;2;67;63;67m░[0m[48;2;24;21;25m[38;2;24;21;25m▓[0m[48;2;11;8;14m[38;2;11;8;14m█[0m[48;2;26;22;34m[38;2;26;22;34m▓[0m[48;2;33;29;42m[38;2;33;29;42m▓[0m[48;2;26;23;35m[38;2;26;23;35m▓[0m[48;2;212;208;215m[38;2;212;208;215m:[0m [48;2;164;161;165m[38;2;164;161;165m+[0m[48;2;38;33;49m[38;2;38;33;49m▓[0m[48;2;36;30;58m[38;2;36;30;58m▓[0m[48;2;16;12;26m[38;2;16;12;26m█[0m[48;2;13;9;22m[38;2;13;9;22m█[0m[48;2;6;4;10m[38;2;6;4;10m█[0m[48;2;33;28;44m[38;2;33;28;44m▓[0m[48;2;37;31;52m[38;2;37;31;52m▓[0m[48;2;37;31;52m[38;2;37;31;52m▓[0m[48;2;35;30;49m[38;2;35;30;49m▓[0m[48;2;23;18;33m[38;2;23;18;33m▓[0m[48;2;55;52;58m[38;2;55;52;58m▒[0m[48;2;185;184;186m[38;2;185;184;186m-[0m                                   
                                        [48;2;185;185;185m[38;2;185;185;185m-[0m[48;2;119;117;118m[38;2;119;117;118m#[0m[48;2;89;85;88m[38;2;89;85;88m@[0m[48;2;85;80;85m[38;2;85;80;85m@[0m[48;2;90;84;90m[38;2;90;84;90m@[0m[48;2;77;70;76m[38;2;77;70;76m░[0m[48;2;73;65;72m[38;2;73;65;72m░[0m[48;2;75;68;73m[38;2;75;68;73m░[0m[48;2;75;68;74m[38;2;75;68;74m░[0m[48;2;72;62;70m[38;2;72;62;70m░[0m[48;2;65;56;66m[38;2;65;56;66m░[0m[48;2;53;44;55m[38;2;53;44;55m▒[0m[48;2;31;23;34m[38;2;31;23;34m▓[0m[48;2;23;16;28m[38;2;23;16;28m▓[0m[48;2;22;18;32m[38;2;22;18;32m▓[0m[48;2;32;26;44m[38;2;32;26;44m▓[0m[48;2;37;31;52m[38;2;37;31;52m▓[0m[48;2;37;31;52m[38;2;37;31;52m▓[0m[48;2;36;31;51m[38;2;36;31;51m▓[0m[48;2;30;25;43m[38;2;30;25;43m▓[0m[48;2;47;43;52m[38;2;47;43;52m▒[0m[48;2;225;221;226m[38;2;225;221;226m.[0m [48;2;235;235;235m[38;2;235;235;235m.[0m[48;2;170;170;170m[38;2;170;170;170m=[0m[48;2;50;48;56m[38;2;50;48;56m▒[0m[48;2;56;53;63m[38;2;56;53;63m░[0m[48;2;22;20;24m[38;2;22;20;24m▓[0m[48;2;8;5;17m[38;2;8;5;17m█[0m[48;2;32;27;45m[38;2;32;27;45m▓[0m[48;2;37;31;52m[38;2;37;31;52m▓[0m[48;2;37;31;52m[38;2;37;31;52m▓[0m[48;2;37;31;52m[38;2;37;31;52m▓[0m[48;2;35;29;48m[38;2;35;29;48m▓[0m[48;2;21;17;31m[38;2;21;17;31m▓[0m[48;2;87;85;92m[38;2;87;85;92m@[0m[48;2;233;233;234m[38;2;233;233;234m.[0m                                 
                                               [48;2;241;240;241m[38;2;241;240;241m [0m[48;2;122;120;121m[38;2;122;120;121m#[0m[48;2;21;17;25m[38;2;21;17;25m▓[0m[48;2;37;31;49m[38;2;37;31;49m▓[0m[48;2;37;31;49m[38;2;37;31;49m▓[0m[48;2;36;30;51m[38;2;36;30;51m▓[0m[48;2;37;31;52m[38;2;37;31;52m▓[0m[48;2;37;31;52m[38;2;37;31;52m▓[0m[48;2;36;30;51m[38;2;36;30;51m▓[0m[48;2;37;31;52m[38;2;37;31;52m▓[0m[48;2;37;31;52m[38;2;37;31;52m▓[0m[48;2;37;31;52m[38;2;37;31;52m▓[0m[48;2;37;31;52m[38;2;37;31;52m▓[0m[48;2;28;23;40m[38;2;28;23;40m▓[0m[48;2;53;49;58m[38;2;53;49;58m▒[0m[48;2;224;223;225m[38;2;224;223;225m.[0m  [48;2;237;237;237m[38;2;237;237;237m.[0m[48;2;235;232;236m[38;2;235;232;236m.[0m[48;2;120;118;120m[38;2;120;118;120m#[0m[48;2;24;15;66m[38;2;24;15;66m▓[0m[48;2;13;7;44m[38;2;13;7;44m█[0m[48;2;30;25;42m[38;2;30;25;42m▓[0m[48;2;37;31;52m[38;2;37;31;52m▓[0m[48;2;37;31;52m[38;2;37;31;52m▓[0m[48;2;37;31;52m[38;2;37;31;52m▓[0m[48;2;37;31;51m[38;2;37;31;51m▓[0m[48;2;30;25;40m[38;2;30;25;40m▓[0m[48;2;41;38;45m[38;2;41;38;45m▒[0m[48;2;217;217;218m[38;2;217;217;218m:[0m                                