                                                                                                    
                                                                                                    
                                                                                                    
                                                                                                    
                                                                                                    
                                                                                                    
                                                                                                    
                                                                                                    
                                                                                                    
                                                                                                    
                                                                                                    
                                             [48;2;231;231;231m[38;2;231;231;231m.[0m[48;2;218;218;218m[38;2;218;218;218m:[0m[48;2;214;214;214m[38;2;214;214;214m:[0m[48;2;222;222;222m[38;2;222;222;222m.[0m[48;2;237;237;237m[38;2;237;237;237m.[0m                                                  
                                          [48;2;163;162;164m[38;2;163;162;164m+[0m[48;2;82;82;85m[38;2;82;82;85m@[0m[48;2;32;31;38m[38;2;32;31;38m▓[0m[48;2;25;23;34m[38;2;25;23;34m▓[0m[48;2;29;27;38m[38;2;29;27;38m▓[0m[48;2;30;29;39m[38;2;30;29;39m▓[0m[48;2;29;27;38m[38;2;29;27;38m▓[0m[48;2;25;24;34m[38;2;25;24;34m▓[0m[48;2;31;29;38m[38;2;31;29;38m▓[0m[48;2;52;50;60m[38;2;52;50;60m▒[0m[48;2;81;80;88m[38;2;81;80;88m@[0m[48;2;121;120;125m[38;2;121;120;125m#[0m[48;2;174;173;176m[38;2;174;173;176m=[0m[48;2;237;237;238m[38;2;237;237;238m.[0m                                            
                                         [48;2;124;124;126m[38;2;124;124;126m#[0m[48;2;15;13;22m[38;2;15;13;22m█[0m[48;2;38;36;51m[38;2;38;36;51m▒[0m[48;2;43;42;59m[38;2;43;42;59m▒[0m[48;2;41;43;59m[38;2;41;43;59m▒[0m[48;2;40;44;59m[38;2;40;44;59m▒[0m[48;2;40;44;59m[38;2;40;44;59m▒[0m[48;2;40;44;59m[38;2;40;44;59m▒[0m[48;2;40;44;59m[38;2;40;44;59m▒[0m[48;2;41;43;59m[38;2;41;43;59m▒[0m[48;2;41;43;59m[38;2;41;43;59m▒[0m[48;2;41;43;60m[38;2;41;43;60m▒[0m[48;2;40;40;56m[38;2;40;40;56m▒[0m[48;2;32;31;46m[38;2;32;31;46m▓[0m[48;2;26;25;37m[38;2;26;25;37m▓[0m[48;2;86;85;91m[38;2;86;85;91m@[0m[48;2;193;192;195m[38;2;193;192;195m-[0m                                          
                                        [48;2;173;172;174m[38;2;173;172;174m=[0m[48;2;29;28;35m[38;2;29;28;35m▓[0m[48;2;43;43;58m[38;2;43;43;58m▒[0m[48;2;41;43;59m[38;2;41;43;59m▒[0m[48;2;40;44;59m[38;2;40;44;59m▒[0m[48;2;40;44;59m[38;2;40;44;59m▒[0m[48;2;40;44;59m[38;2;40;44;59m▒[0m[48;2;40;44;59m[38;2;40;44;59m▒[0m[48;2;40;44;59m[38;2;40;44;59m▒[0m[48;2;40;44;59m[38;2;40;44;59m▒[0m[48;2;40;44;59m[38;2;40;44;59m▒[0m[48;2;40;44;59m[38;2;40;44;59m▒[0m[48;2;40;44;59m[38;2;40;44;59m▒[0m[48;2;40;44;59m[38;2;40;44;59m▒[0m[48;2;40;44;59m[38;2;40;44;59m▒[0m[48;2;40;44;59m[38;2;40;44;59m▒[0m[48;2;40;40;56m[38;2;40;40;56m▒[0m[48;2;25;23;37m[38;2;25;23;37m▓[0m[48;2;96;95;100m[38;2;96;95;100m%[0m[48;2;239;238;239m[38;2;239;238;239m [0m                                        
                                       [48;2;114;113;116m[38;2;114;113;116m#[0m[48;2;15;14;18m[38;2;15;14;18m█[0m[48;2;66;65;74m[38;2;66;65;74m░[0m[48;2;42;43;59m[38;2;42;43;59m▒[0m[48;2;40;44;59m[38;2;40;44;59m▒[0m[48;2;40;44;59m[38;2;40;44;59m▒[0m[48;2;40;44;59m[38;2;40;44;59m▒[0m[48;2;40;44;59m[38;2;40;44;59m▒[0m[48;2;40;44;59m[38;2;40;44;59m▒[0m[48;2;40;44;59m[38;2;40;44;59m▒[0m[48;2;40;44;59m[38;2;40;44;59m▒[0m[48;2;40;44;59m[38;2;40;44;59m▒[0m[48;2;40;44;59m[38;2;40;44;59m▒[0m[48;2;40;44;59m[38;2;40;44;59m▒[0m[48;2;40;44;59m[38;2;40;44;59m▒[0m[48;2;40;44;59m[38;2;40;44;59m▒[0m[48;2;40;44;59m[38;2;40;44;59m▒[0m[48;2;40;44;59m[38;2;40;44;59m▒[0m[48;2;42;43;59m[38;2;42;43;59m▒[0m[48;2;33;32;46m[38;2;33;32;46m▓[0m[48;2;58;56;63m[38;2;58;56;63m░[0m[48;2;229;228;229m[38;2;229;228;229m.[0m                                       
                                     [48;2;230;230;230m[38;2;230;230;230m.[0m[48;2;72;69;73m[38;2;72;69;73m░[0m[48;2;104;97;105m[38;2;104;97;105m%[0m[48;2;19;16;22m[38;2;19;16;22m█[0m[48;2;74;72;82m[38;2;74;72;82m@[0m[48;2;41;43;58m[38;2;41;43;58m▒[0m[48;2;40;44;59m[38;2;40;44;59m▒[0m[48;2;40;44;59m[38;2;40;44;59m▒[0m[48;2;40;44;59m[38;2;40;44;59m▒[0m[48;2;40;44;59m[38;2;40;44;59m▒[0m[48;2;40;44;59m[38;2;40;44;59m▒[0m[48;2;40;44;59m[38;2;40;44;59m▒[0m[48;2;40;44;59m[38;2;40;44;59m▒[0m[48;2;40;44;59m[38;2;40;44;59m▒[0m[48;2;40;44;59m[38;2;40;44;59m▒[0m[48;2;40;44;59m[38;2;40;44;59m▒[0m[48;2;40;44;59m[38;2;40;44;59m▒[0m[48;2;40;44;59m[38;2;40;44;59m▒[0m[48;2;40;44;59m[38;2;40;44;59m▒[0m[48;2;40;44;59m[38;2;40;44;59m▒[0m[48;2;40;44;59m[38;2;40;44;59m▒[0m[48;2;41;44;59m[38;2;41;44;59m▒[0m[48;2;37;37;51m[38;2;37;37;51m▒[0m[48;2;53;51;58m[38;2;53;51;58m▒[0m[48;2;238;237;238m[38;2;238;237;238m.[0m                                      
                                    [48;2;240;240;240m[38;2;240;240;240m [0m[48;2;58;55;59m[38;2;58;55;59m░[0m[48;2;68;59;69m[38;2;68;59;69m░[0m[48;2;99;89;99m[38;2;99;89;99m%[0m[48;2;15;10;17m[38;2;15;10;17m█[0m[48;2;81;76;87m[38;2;81;76;87m@[0m[48;2;44;44;58m[38;2;44;44;58m▒[0m[48;2;40;44;59m[38;2;40;44;59m▒[0m[48;2;40;44;59m[38;2;40;44;59m▒[0m[48;2;40;44;59m[38;2;40;44;59m▒[0m[48;2;40;44;59m[38;2;40;44;59m▒[0m[48;2;40;44;59m[38;2;40;44;59m▒[0m[48;2;40;44;59m[38;2;40;44;59m▒[0m[48;2;40;44;59m[38;2;40;44;59m▒[0m[48;2;40;44;59m[38;2;40;44;59m▒[0m[48;2;40;44;59m[38;2;40;44;59m▒[0m[48;2;40;44;59m[38;2;40;44;59m▒[0m[48;2;40;44;59m[38;2;40;44;59m▒[0m[48;2;40;44;59m[38;2;40;44;59m▒[0m[48;2;40;44;59m[38;2;40;44;59m▒[0m[48;2;40;44;59m[38;2;40;44;59m▒[0m[48;2;40;44;59m[38;2;40;44;59m▒[0m[48;2;40;44;59m[38;2;40;44;59m▒[0m[48;2;40;44;59m[38;2;40;44;59m▒[0m[48;2;32;31;43m[38;2;32;31;43m▓[0m[48;2;106;104;109m[38;2;106;104;109m%[0m                                      
                                    [48;2;131;130;130m[38;2;131;130;130m*[0m[48;2;51;45;52m[38;2;51;45;52m▒[0m[48;2;16;9;24m[38;2;16;9;24m█[0m[48;2;57;41;91m[38;2;57;41;91m▒[0m[48;2;54;39;78m[38;2;54;39;78m▒[0m[48;2;36;26;50m[38;2;36;26;50m▓[0m[48;2;46;44;58m[38;2;46;44;58m▒[0m[48;2;42;43;59m[38;2;42;43;59m▒[0m[48;2;40;44;59m[38;2;40;44;59m▒[0m[48;2;40;44;59m[38;2;40;44;59m▒[0m[48;2;40;44;59m[38;2;40;44;59m▒[0m[48;2;40;44;59m[38;2;40;44;59m▒[0m[48;2;40;44;59m[38;2;40;44;59m▒[0m[48;2;40;44;59m[38;2;40;44;59m▒[0m[48;2;40;44;59m[38;2;40;44;59m▒[0m[48;2;40;44;59m[38;2;40;44;59m▒[0m[48;2;40;44;59m[38;2;40;44;59m▒[0m[48;2;40;44;59m[38;2;40;44;59m▒[0m[48;2;40;44;59m[38;2;40;44;59m▒[0m[48;2;40;44;59m[38;2;40;44;59m▒[0m[48;2;40;44;59m[38;2;40;44;59m▒[0m[48;2;40;44;59m[38;2;40;44;59m▒[0m[48;2;40;44;59m[38;2;40;44;59m▒[0m[48;2;41;43;59m[38;2;41;43;59m▒[0m[48;2;43;41;56m[38;2;43;41;56m▒[0m[48;2;29;27;32m[38;2;29;27;32m▓[0m                                      
                                    [48;2;51;47;49m[38;2;51;47;49m▒[0m[48;2;39;32;40m[38;2;39;32;40m▓[0m[48;2;37;29;50m[38;2;37;29;50m▓[0m[48;2;76;56;112m[38;2;76;56;112m░[0m[48;2;58;39;85m[38;2;58;39;85m▒[0m[48;2;20;11;25m[38;2;20;11;25m█[0m[48;2;67;62;76m[38;2;67;62;76m░[0m[48;2;48;46;62m[38;2;48;46;62m▒[0m[48;2;42;43;59m[38;2;42;43;59m▒[0m[48;2;40;44;59m[38;2;40;44;59m▒[0m[48;2;40;44;59m[38;2;40;44;59m▒[0m[48;2;40;44;59m[38;2;40;44;59m▒[0m[48;2;40;44;59m[38;2;40;44;59m▒[0m[48;2;40;44;59m[38;2;40;44;59m▒[0m[48;2;40;44;59m[38;2;40;44;59m▒[0m[48;2;40;44;59m[38;2;40;44;59m▒[0m[48;2;40;44;59m[38;2;40;44;59m▒[0m[48;2;40;44;59m[38;2;40;44;59m▒[0m[48;2;40;44;59m[38;2;40;44;59m▒[0m[48;2;40;44;59m[38;2;40;44;59m▒[0m[48;2;40;44;59m[38;2;40;44;59m▒[0m[48;2;40;44;59m[38;2;40;44;59m▒[0m[48;2;40;44;59m[38;2;40;44;59m▒[0m[48;2;41;43;59m[38;2;41;43;59m▒[0m[48;2;36;35;51m[38;2;36;35;51m▒[0m[48;2;72;70;77m[38;2;72;70;77m░[0m                                      
                                    [48;2;38;36;38m[38;2;38;36;38m▒[0m[48;2;25;20;26m[38;2;25;20;26m▓[0m[48;2;22;15;25m[38;2;22;15;25m█[0m[48;2;67;57;72m[38;2;67;57;72m░[0m[48;2;72;60;73m[38;2;72;60;73m░[0m[48;2;80;70;80m[38;2;80;70;80m@[0m[48;2;30;21;32m[38;2;30;21;32m▓[0m[48;2;75;68;82m[38;2;75;68;82m░[0m[48;2;53;49;65m[38;2;53;49;65m▒[0m[48;2;41;43;59m[38;2;41;43;59m▒[0m[48;2;40;44;59m[38;2;40;44;59m▒[0m[48;2;40;44;59m[38;2;40;44;59m▒[0m[48;2;40;44;59m[38;2;40;44;59m▒[0m[48;2;40;44;59m[38;2;40;44;59m▒[0m[48;2;40;44;59m[38;2;40;44;59m▒[0m[48;2;40;44;59m[38;2;40;44;59m▒[0m[48;2;40;44;59m[38;2;40;44;59m▒[0m[48;2;40;44;59m[38;2;40;44;59m▒[0m[48;2;40;44;59m[38;2;40;44;59m▒[0m[48;2;40;44;59m[38;2;40;44;59m▒[0m[48;2;40;44;59m[38;2;40;44;59m▒[0m[48;2;41;43;59m[38;2;41;43;59m▒[0m[48;2;41;43;59m[38;2;41;43;59m▒[0m[48;2;31;31;45m[38;2;31;31;45m▓[0m[48;2;16;14;23m[38;2;16;14;23m█[0m[48;2;118;115;120m[38;2;118;115;120m#[0m                                      
                                    [48;2;152;151;152m[38;2;152;151;152m+[0m[48;2;97;94;94m[38;2;97;94;94m%[0m[48;2;52;46;51m[38;2;52;46;51m▒[0m[48;2;148;135;148m[38;2;148;135;148m*[0m[48;2;95;81;92m[38;2;95;81;92m@[0m[48;2;65;55;63m[38;2;65;55;63m░[0m[48;2;128;115;127m[38;2;128;115;127m#[0m[48;2;53;41;53m[38;2;53;41;53m▒[0m[48;2;52;43;57m[38;2;52;43;57m▒[0m[48;2;67;63;77m[38;2;67;63;77m░[0m[48;2;46;46;61m[38;2;46;46;61m▒[0m[48;2;41;44;59m[38;2;41;44;59m▒[0m[48;2;40;44;59m[38;2;40;44;59m▒[0m[48;2;40;44;59m[38;2;40;44;59m▒[0m[48;2;40;44;59m[38;2;40;44;59m▒[0m[48;2;40;44;59m[38;2;40;44;59m▒[0m[48;2;40;44;59m[38;2;40;44;59m▒[0m[48;2;40;44;59m[38;2;40;44;59m▒[0m[48;2;40;44;59m[38;2;40;44;59m▒[0m[48;2;41;44;59m[38;2;41;44;59m▒[0m[48;2;41;42;58m[38;2;41;42;58m▒[0m[48;2;32;32;48m[38;2;32;32;48m▓[0m[48;2;27;25;38m[38;2;27;25;38m▓[0m[48;2;11;7;17m[38;2;11;7;17m█[0m[48;2;94;88;95m[38;2;94;88;95m@[0m[48;2;69;66;69m[38;2;69;66;69m░[0m                                      
                                    [48;2;190;190;190m[38;2;190;190;190m-[0m[48;2;103;98;101m[38;2;103;98;101m%[0m[48;2;171;162;167m[38;2;171;162;167m=[0m[48;2;70;59;68m[38;2;70;59;68m░[0m[48;2;152;137;149m[38;2;152;137;149m*[0m[48;2;56;45;55m[38;2;56;45;55m▒[0m[48;2;120;105;117m[38;2;120;105;117m#[0m[48;2;160;140;155m[38;2;160;140;155m+[0m[48;2;131;111;125m[38;2;131;111;125m#[0m[48;2;81;66;79m[38;2;81;66;79m░[0m[48;2;58;48;60m[38;2;58;48;60m▒[0m[48;2;37;31;42m[38;2;37;31;42m▓[0m[48;2;34;29;40m[38;2;34;29;40m▓[0m[48;2;36;33;46m[38;2;36;33;46m▓[0m[48;2;37;36;51m[38;2;37;36;51m▒[0m[48;2;38;36;52m[38;2;38;36;52m▒[0m[48;2;37;35;50m[38;2;37;35;50m▒[0m[48;2;34;32;46m[38;2;34;32;46m▓[0m[48;2;26;25;37m[38;2;26;25;37m▓[0m[48;2;30;25;38m[38;2;30;25;38m▓[0m[48;2;59;51;63m[38;2;59;51;63m▒[0m[48;2;91;80;91m[38;2;91;80;91m@[0m[48;2;55;45;54m[38;2;55;45;54m▒[0m[48;2;106;95;105m[38;2;106;95;105m%[0m[48;2;157;141;154m[38;2;157;141;154m+[0m[48;2;78;66;75m[38;2;78;66;75m░[0m[48;2;161;157;160m[38;2;161;157;160m+[0m                                     
                                    [48;2;211;211;211m[38;2;211;211;211m:[0m[48;2;43;39;42m[38;2;43;39;42m▒[0m[48;2;142;133;136m[38;2;142;133;136m*[0m[48;2;119;109;112m[38;2;119;109;112m#[0m[48;2;76;63;72m[38;2;76;63;72m░[0m[48;2;150;134;148m[38;2;150;134;148m*[0m[48;2;62;49;61m[38;2;62;49;61m▒[0m[48;2;110;94;107m[38;2;110;94;107m%[0m[48;2;160;140;155m[38;2;160;140;155m+[0m[48;2;161;140;155m[38;2;161;140;155m+[0m[48;2;160;141;155m[38;2;160;141;155m+[0m[48;2;149;130;143m[38;2;149;130;143m*[0m[48;2;125;107;119m[38;2;125;107;119m#[0m[48;2;60;48;61m[38;2;60;48;61m▒[0m[48;2;22;15;26m[38;2;22;15;26m▓[0m[48;2;23;18;27m[38;2;23;18;27m▓[0m[48;2;36;31;40m[38;2;36;31;40m▓[0m[48;2;52;46;55m[38;2;52;46;55m▒[0m[48;2;72;66;75m[38;2;72;66;75m░[0m[48;2;93;83;93m[38;2;93;83;93m@[0m[48;2;61;49;60m[38;2;61;49;60m▒[0m[48;2;30;20;29m[38;2;30;20;29m▓[0m[48;2;43;36;43m[38;2;43;36;43m▒[0m[48;2;73;65;73m[38;2;73;65;73m░[0m[48;2;146;129;142m[38;2;146;129;142m*[0m[48;2;156;138;151m[38;2;156;138;151m*[0m[48;2;63;54;62m[38;2;63;54;62m░[0m[48;2;78;75;78m[38;2;78;75;78m@[0m[48;2;137;135;137m[38;2;137;135;137m*[0m[48;2;209;208;209m[38;2;209;208;209m:[0m                                  
                                    [48;2;121;121;121m[38;2;121;121;121m#[0m[48;2;113;108;111m[38;2;113;108;111m#[0m[48;2;97;91;95m[38;2;97;91;95m%[0m[48;2;19;12;16m[38;2;19;12;16m█[0m[48;2;25;19;23m[38;2;25;19;23m▓[0m[48;2;43;38;43m[38;2;43;38;43m▒[0m[48;2;80;71;79m[38;2;80;71;79m@[0m[48;2;67;57;66m[38;2;67;57;66m░[0m[48;2;70;58;68m[38;2;70;58;68m░[0m[48;2;145;129;141m[38;2;145;129;141m*[0m[48;2;160;141;155m[38;2;160;141;155m+[0m[48;2;161;140;155m[38;2;161;140;155m+[0m[48;2;161;140;155m[38;2;161;140;155m+[0m[48;2;161;140;155m[38;2;161;140;155m+[0m[48;2;160;140;155m[38;2;160;140;155m+[0m[48;2;154;135;149m[38;2;154;135;149m*[0m[48;2;146;127;141m[38;2;146;127;141m*[0m[48;2;142;125;139m[38;2;142;125;139m*[0m[48;2;122;108;121m[38;2;122;108;121m#[0m[48;2;15;7;16m[38;2;15;7;16m█[0m[48;2;7;2;9m[38;2;7;2;9m█[0m[48;2;17;14;20m[38;2;17;14;20m█[0m[48;2;35;31;39m[38;2;35;31;39m▓[0m[48;2;21;17;25m[38;2;21;17;25m▓[0m[48;2;121;108;120m[38;2;121;108;120m#[0m[48;2;160;140;154m[38;2;160;140;154m+[0m[48;2;156;137;151m[38;2;156;137;151m*[0m[48;2;91;76;87m[38;2;91;76;87m@[0m[48;2;53;43;52m[38;2;53;43;52m▒[0m[48;2;84;75;83m[38;2;84;75;83m@[0m[48;2;78;71;77m[38;2;78;71;77m@[0m[48;2;145;144;146m[38;2;145;144;146m*[0m                                
                                    [48;2;172;172;172m[38;2;172;172;172m=[0m[48;2;46;44;45m[38;2;46;44;45m▒[0m[48;2;101;97;100m[38;2;101;97;100m%[0m[48;2;94;89;93m[38;2;94;89;93m@[0m[48;2;79;76;79m[38;2;79;76;79m@[0m[48;2;201;197;201m[38;2;201;197;201m-[0m[48;2;13;9;13m[38;2;13;9;13m█[0m[48;2;72;65;72m[38;2;72;65;72m░[0m[48;2;61;53;60m[38;2;61;53;60m░[0m[48;2;40;31;38m[38;2;40;31;38m▓[0m[48;2;76;63;73m[38;2;76;63;73m░[0m[48;2;158;138;153m[38;2;158;138;153m*[0m[48;2;161;140;155m[38;2;161;140;155m+[0m[48;2;161;140;155m[38;2;161;140;155m+[0m[48;2;161;140;155m[38;2;161;140;155m+[0m[48;2;161;140;155m[38;2;161;140;155m+[0m[48;2;161;140;155m[38;2;161;140;155m+[0m[48;2;162;141;156m[38;2;162;141;156m+[0m[48;2;88;73;85m[38;2;88;73;85m@[0m[48;2;20;13;23m[38;2;20;13;23m█[0m[48;2;12;9;16m[38;2;12;9;16m█[0m[48;2;4;2;8m[38;2;4;2;8m█[0m[48;2;3;1;6m[38;2;3;1;6m█[0m[48;2;15;12;18m[38;2;15;12;18m█[0m[48;2;37;29;38m[38;2;37;29;38m▓[0m[48;2;155;138;151m[38;2;155;138;151m*[0m[48;2;161;140;155m[38;2;161;140;155m+[0m[48;2;161;140;155m[38;2;161;140;155m+[0m[48;2;137;118;131m[38;2;137;118;131m#[0m[48;2;124;107;119m[38;2;124;107;119m#[0m[48;2;159;141;154m[38;2;159;141;154m+[0m[48;2;119;107;116m[38;2;119;107;116m#[0m[48;2;67;62;67m[38;2;67;62;67m░[0m[48;2;216;215;216m[38;2;216;215;216m:[0m                              
                                    [48;2;166;166;166m[38;2;166;166;166m=[0m[48;2;103;103;103m[38;2;103;103;103m%[0m[48;2;199;198;201m[38;2;199;198;201m-[0m[48;2;184;182;186m[38;2;184;182;186m-[0m[48;2;49;46;50m[38;2;49;46;50m▒[0m [48;2;56;52;56m[38;2;56;52;56m▒[0m[48;2;130;120;128m[38;2;130;120;128m#[0m[48;2;155;138;149m[38;2;155;138;149m*[0m[48;2;158;139;152m[38;2;158;139;152m*[0m[48;2;159;139;154m[38;2;159;139;154m+[0m[48;2;161;140;155m[38;2;161;140;155m+[0m[48;2;161;140;155m[38;2;161;140;155m+[0m[48;2;161;140;155m[38;2;161;140;155m+[0m[48;2;161;140;155m[38;2;161;140;155m+[0m[48;2;161;140;155m[38;2;161;140;155m+[0m[48;2;161;140;155m[38;2;161;140;155m+[0m[48;2;161;140;155m[38;2;161;140;155m+[0m[48;2;154;133;148m[38;2;154;133;148m*[0m[48;2;130;115;128m[38;2;130;115;128m#[0m[48;2;122;110;122m[38;2;122;110;122m#[0m[48;2;27;19;27m[38;2;27;19;27m▓[0m[48;2;19;13;21m[38;2;19;13;21m█[0m[48;2;41;34;43m[38;2;41;34;43m▒[0m[48;2;52;45;54m[38;2;52;45;54m▒[0m[48;2;108;95;107m[38;2;108;95;107m%[0m[48;2;156;137;151m[38;2;156;137;151m*[0m[48;2;161;140;155m[38;2;161;140;155m+[0m[48;2;161;140;155m[38;2;161;140;155m+[0m[48;2;161;140;155m[38;2;161;140;155m+[0m[48;2;161;140;155m[38;2;161;140;155m+[0m[48;2;161;140;155m[38;2;161;140;155m+[0m[48;2;140;123;135m[38;2;140;123;135m*[0m[48;2;62;56;61m[38;2;62;56;61m░[0m                              
                                    [48;2;217;217;217m[38;2;217;217;217m:[0m[48;2;64;64;64m[38;2;64;64;64m░[0m[48;2;201;200;202m[38;2;201;200;202m-[0m[48;2;179;177;182m[38;2;179;177;182m=[0m[48;2;69;68;71m[38;2;69;68;71m░[0m [48;2;95;93;96m[38;2;95;93;96m%[0m[48;2;34;27;33m[38;2;34;27;33m▓[0m[48;2;148;129;141m[38;2;148;129;141m*[0m[48;2;160;139;154m[38;2;160;139;154m+[0m[48;2;161;140;155m[38;2;161;140;155m+[0m[48;2;161;140;155m[38;2;161;140;155m+[0m[48;2;161;140;155m[38;2;161;140;155m+[0m[48;2;161;140;155m[38;2;161;140;155m+[0m[48;2;161;140;155m[38;2;161;140;155m+[0m[48;2;161;140;155m[38;2;161;140;155m+[0m[48;2;161;140;155m[38;2;161;140;155m+[0m[48;2;161;140;155m[38;2;161;140;155m+[0m[48;2;161;140;155m[38;2;161;140;155m+[0m[48;2;161;140;155m[38;2;161;140;155m+[0m[48;2;161;140;155m[38;2;161;140;155m+[0m[48;2;155;135;150m[38;2;155;135;150m*[0m[48;2;154;135;150m[38;2;154;135;150m*[0m[48;2;99;83;96m[38;2;99;83;96m@[0m[48;2;63;51;63m[38;2;63;51;63m░[0m[48;2;9;1;10m[38;2;9;1;10m█[0m[48;2;19;11;19m[38;2;19;11;19m█[0m[48;2;69;57;68m[38;2;69;57;68m░[0m[48;2;154;136;150m[38;2;154;136;150m*[0m[48;2;161;140;155m[38;2;161;140;155m+[0m[48;2;161;140;155m[38;2;161;140;155m+[0m[48;2;161;140;155m[38;2;161;140;155m+[0m[48;2;161;140;155m[38;2;161;140;155m+[0m[48;2;76;63;72m[38;2;76;63;72m░[0m[48;2;181;178;180m[38;2;181;178;180m=[0m                             
                                     [48;2;63;60;62m[38;2;63;60;62m░[0m[48;2;177;174;178m[38;2;177;174;178m=[0m[48;2;80;76;82m[38;2;80;76;82m@[0m[48;2;178;176;179m[38;2;178;176;179m=[0m [48;2;112;110;113m[38;2;112;110;113m#[0m[48;2;8;5;10m[38;2;8;5;10m█[0m[48;2;31;25;33m[38;2;31;25;33m▓[0m[48;2;133;118;130m[38;2;133;118;130m#[0m[48;2;160;141;155m[38;2;160;141;155m+[0m[48;2;161;140;155m[38;2;161;140;155m+[0m[48;2;161;140;155m[38;2;161;140;155m+[0m[48;2;161;140;155m[38;2;161;140;155m+[0m[48;2;161;140;155m[38;2;161;140;155m+[0m[48;2;161;140;155m[38;2;161;140;155m+[0m[48;2;161;140;155m[38;2;161;140;155m+[0m[48;2;161;140;155m[38;2;161;140;155m+[0m[48;2;161;140;155m[38;2;161;140;155m+[0m[48;2;161;140;155m[38;2;161;140;155m+[0m[48;2;161;140;155m[38;2;161;140;155m+[0m[48;2;161;140;155m[38;2;161;140;155m+[0m[48;2;161;140;155m[38;2;161;140;155m+[0m[48;2;161;140;155m[38;2;161;140;155m+[0m[48;2;160;140;154m[38;2;160;140;154m+[0m[48;2;138;119;133m[38;2;138;119;133m#[0m[48;2;99;84;96m[38;2;99;84;96m@[0m[48;2;70;56;68m[38;2;70;56;68m░[0m[48;2;85;71;83m[38;2;85;71;83m@[0m[48;2;139;120;134m[38;2;139;120;134m#[0m[48;2;159;139;154m[38;2;159;139;154m+[0m[48;2;160;140;155m[38;2;160;140;155m+[0m[48;2;160;140;155m[38;2;160;140;155m+[0m[48;2;81;66;77m[38;2;81;66;77m░[0m[48;2;163;159;163m[38;2;163;159;163m+[0m                             
                                     [48;2;214;214;214m[38;2;214;214;214m:[0m[48;2;74;72;74m[38;2;74;72;74m░[0m[48;2;59;59;60m[38;2;59;59;60m░[0m[48;2;119;119;119m[38;2;119;119;119m#[0m[48;2;98;97;99m[38;2;98;97;99m%[0m[48;2;22;19;24m[38;2;22;19;24m▓[0m[48;2;25;21;31m[38;2;25;21;31m▓[0m[48;2;32;28;42m[38;2;32;28;42m▓[0m[48;2;21;16;28m[38;2;21;16;28m▓[0m[48;2;79;69;81m[38;2;79;69;81m@[0m[48;2;149;133;147m[38;2;149;133;147m*[0m[48;2;161;140;155m[38;2;161;140;155m+[0m[48;2;161;140;155m[38;2;161;140;155m+[0m[48;2;161;140;155m[38;2;161;140;155m+[0m[48;2;161;140;155m[38;2;161;140;155m+[0m[48;2;161;140;155m[38;2;161;140;155m+[0m[48;2;161;140;155m[38;2;161;140;155m+[0m[48;2;161;140;155m[38;2;161;140;155m+[0m[48;2;161;140;155m[38;2;161;140;155m+[0m[48;2;161;140;155m[38;2;161;140;155m+[0m[48;2;161;140;155m[38;2;161;140;155m+[0m[48;2;161;140;155m[38;2;161;140;155m+[0m[48;2;161;140;155m[38;2;161;140;155m+[0m[48;2;161;140;155m[38;2;161;140;155m+[0m[48;2;161;140;155m[38;2;161;140;155m+[0m[48;2;161;140;155m[38;2;161;140;155m+[0m[48;2;161;140;155m[38;2;161;140;155m+[0m[48;2;136;117;131m[38;2;136;117;131m#[0m[48;2;96;79;92m[38;2;96;79;92m@[0m[48;2;79;64;76m[38;2;79;64;76m░[0m[48;2;78;65;76m[38;2;78;65;76m░[0m[48;2;76;64;75m[38;2;76;64;75m░[0m[48;2;58;46;57m[38;2;58;46;57m▒[0m[48;2;76;70;76m[38;2;76;70;76m░[0m                             
                                         [48;2;183;182;183m[38;2;183;182;183m=[0m[48;2;16;13;19m[38;2;16;13;19m█[0m[48;2;34;29;45m[38;2;34;29;45m▓[0m[48;2;37;31;51m[38;2;37;31;51m▓[0m[48;2;37;31;51m[38;2;37;31;51m▓[0m[48;2;30;24;43m[38;2;30;24;43m▓[0m[48;2;26;19;32m[38;2;26;19;32m▓[0m[48;2;75;64;75m[38;2;75;64;75m░[0m[48;2;133;117;130m[38;2;133;117;130m#[0m[48;2;159;141;155m[38;2;159;141;155m+[0m[48;2;160;141;155m[38;2;160;141;155m+[0m[48;2;161;140;155m[38;2;161;140;155m+[0m[48;2;161;140;155m[38;2;161;140;155m+[0m[48;2;161;140;155m[38;2;161;140;155m+[0m[48;2;161;140;155m[38;2;161;140;155m+[0m[48;2;161;140;155m[38;2;161;140;155m+[0m[48;2;161;140;155m[38;2;161;140;155m+[0m[48;2;161;140;155m[38;2;161;140;155m+[0m[48;2;161;140;155m[38;2;161;140;155m+[0m[48;2;161;140;155m[38;2;161;140;155m+[0m[48;2;161;140;155m[38;2;161;140;155m+[0m[48;2;161;140;155m[38;2;161;140;155m+[0m[48;2;161;140;155m[38;2;161;140;155m+[0m[48;2;161;140;155m[38;2;161;140;155m+[0m[48;2;161;140;155m[38;2;161;140;155m+[0m[48;2;161;140;155m[38;2;161;140;155m+[0m[48;2;161;140;155m[38;2;161;140;155m+[0m[48;2;160;140;155m[38;2;160;140;155m+[0m[48;2;115;99;112m[38;2;115;99;112m%[0m[48;2;111;105;111m[38;2;111;105;111m%[0m                             
                                         [48;2;194;193;194m[38;2;194;193;194m-[0m[48;2;7;5;11m[38;2;7;5;11m█[0m[48;2;13;11;21m[38;2;13;11;21m█[0m[48;2;22;19;33m[38;2;22;19;33m▓[0m[48;2;29;25;41m[38;2;29;25;41m▓[0m[48;2;33;29;46m[38;2;33;29;46m▓[0m[48;2;31;27;40m[38;2;31;27;40m▓[0m[48;2;11;6;27m[38;2;11;6;27m█[0m[48;2;47;33;103m[38;2;47;33;103m▒[0m[48;2;48;35;79m[38;2;48;35;79m▒[0m[48;2;77;65;82m[38;2;77;65;82m░[0m[48;2;112;98;111m[38;2;112;98;111m%[0m[48;2;146;129;142m[38;2;146;129;142m*[0m[48;2;160;141;155m[38;2;160;141;155m+[0m[48;2;161;140;155m[38;2;161;140;155m+[0m[48;2;161;140;155m[38;2;161;140;155m+[0m[48;2;161;140;155m[38;2;161;140;155m+[0m[48;2;161;140;155m[38;2;161;140;155m+[0m[48;2;161;140;155m[38;2;161;140;155m+[0m[48;2;161;140;155m[38;2;161;140;155m+[0m[48;2;161;140;155m[38;2;161;140;155m+[0m[48;2;161;140;155m[38;2;161;140;155m+[0m[48;2;161;140;155m[38;2;161;140;155m+[0m[48;2;161;140;155m[38;2;161;140;155m+[0m[48;2;161;140;155m[38;2;161;140;155m+[0m[48;2;160;140;154m[38;2;160;140;154m+[0m[48;2;133;116;129m[38;2;133;116;129m#[0m[48;2;82;69;80m[38;2;82;69;80m@[0m[48;2;102;94;103m[38;2;102;94;103m%[0m[48;2;241;239;242m[38;2;241;239;242m [0m                             
                                         [48;2;231;230;231m[38;2;231;230;231m.[0m[48;2;14;10;21m[38;2;14;10;21m█[0m[48;2;34;29;46m[38;2;34;29;46m▓[0m[48;2;32;27;45m[38;2;32;27;45m▓[0m[48;2;25;21;37m[38;2;25;21;37m▓[0m[48;2;21;17;33m[38;2;21;17;33m▓[0m[48;2;19;15;31m[38;2;19;15;31m█[0m[48;2;10;6;20m[38;2;10;6;20m█[0m[48;2;62;45;137m[38;2;62;45;137m░[0m[48;2;79;63;159m[38;2;79;63;159m@[0m[48;2;78;62;152m[38;2;78;62;152m@[0m[48;2;67;52;125m[38;2;67;52;125m░[0m[48;2;13;4;45m[38;2;13;4;45m█[0m[48;2;26;20;29m[38;2;26;20;29m▓[0m[48;2;58;47;83m[38;2;58;47;83m▒[0m[48;2;74;63;80m[38;2;74;63;80m░[0m[48;2;88;76;95m[38;2;88;76;95m@[0m[48;2;104;91;104m[38;2;104;91;104m%[0m[48;2;112;100;112m[38;2;112;100;112m%[0m[48;2;116;103;115m[38;2;116;103;115m%[0m[48;2;119;105;117m[38;2;119;105;117m#[0m[48;2;117;103;115m[38;2;117;103;115m%[0m[48;2;105;91;104m[38;2;105;91;104m%[0m[48;2;88;74;85m[38;2;88;74;85m@[0m[48;2;60;49;58m[38;2;60;49;58m▒[0m[48;2;91;83;90m[38;2;91;83;90m@[0m[48;2;127;121;126m[38;2;127;121;126m#[0m[48;2;204;201;204m[38;2;204;201;204m:[0m                               
                                          [48;2;58;56;61m[38;2;58;56;61m░[0m[48;2;31;27;42m[38;2;31;27;42m▓[0m[48;2;37;32;50m[38;2;37;32;50m▓[0m[48;2;37;31;52m[38;2;37;31;52m▓[0m[48;2;37;31;52m[38;2;37;31;52m▓[0m[48;2;37;31;52m[38;2;37;31;52m▓[0m[48;2;27;22;41m[38;2;27;22;41m▓[0m[48;2;25;16;61m[38;2;25;16;61m▓[0m[48;2;85;72;148m[38;2;85;72;148m@[0m[48;2;85;72;152m[38;2;85;72;152m@[0m[48;2;84;68;163m[38;2;84;68;163m@[0m[48;2;40;25;119m[38;2;40;25;119m▒[0m[48;2;33;31;38m[38;2;33;31;38m▓[0m[48;2;32;22;73m[38;2;32;22;73m▓[0m[48;2;79;63;157m[38;2;79;63;157m@[0m[48;2;60;41;157m[38;2;60;41;157m░[0m[48;2;69;53;139m[38;2;69;53;139m░[0m[48;2;58;44;113m[38;2;58;44;113m░[0m[48;2;22;15;44m[38;2;22;15;44m▓[0m[48;2;14;11;16m[38;2;14;11;16m█[0m[48;2;45;40;49m[38;2;45;40;49m▒[0m[48;2;32;27;41m[38;2;32;27;41m▓[0m[48;2;34;29;46m[38;2;34;29;46m▓[0m[48;2;29;24;42m[38;2;29;24;42m▓[0m[48;2;32;27;40m[38;2;32;27;40m▓[0m[48;2;100;97;103m[38;2;100;97;103m%[0m[48;2;197;196;198m[38;2;197;196;198m-[0m                               
                                          [48;2;156;155;157m[38;2;156;155;157m+[0m[48;2;21;18;29m[38;2;21;18;29m▓[0m[48;2;37;32;51m[38;2;37;32;51m▓[0m[48;2;37;31;52m[38;2;37;31;52m▓[0m[48;2;37;31;52m[38;2;37;31;52m▓[0m[48;2;37;31;52m[38;2;37;31;52m▓[0m[48;2;37;31;52m[38;2;37;31;52m▓[0m[48;2;28;22;41m[38;2;28;22;41m▓[0m[48;2;24;19;38m[38;2;24;19;38m▓[0m[48;2;37;31;57m[38;2;37;31;57m▓[0m[48;2;44;34;88m[38;2;44;34;88m▒[0m[48;2;56;46;103m[38;2;56;46;103m░[0m[48;2;20;14;41m[38;2;20;14;41m▓[0m[48;2;142;140;145m[38;2;142;140;145m*[0m[48;2;25;19;45m[38;2;25;19;45m▓[0m[48;2;50;45;74m[38;2;50;45;74m▒[0m[48;2;71;66;92m[38;2;71;66;92m░[0m[48;2;125;123;128m[38;2;125;123;128m#[0m[48;2;195;192;197m[38;2;195;192;197m-[0m[48;2;104;102;106m[38;2;104;102;106m%[0m[48;2;38;34;41m[38;2;38;34;41m▓[0m[48;2;68;63;74m[38;2;68;63;74m░[0m[48;2;46;41;58m[38;2;46;41;58m▒[0m[48;2;37;31;52m[38;2;37;31;52m▓[0m[48;2;37;31;52m[38;2;37;31;52m▓[0m[48;2;35;30;47m[38;2;35;30;47m▓[0m[48;2;24;20;34m[38;2;24;20;34m▓[0m[48;2;65;62;71m[38;2;65;62;71m░[0m[48;2;190;189;192m[38;2;190;189;192m-[0m                             
                                           [48;2;47;44;52m[38;2;47;44;52m▒[0m[48;2;33;28;44m[38;2;33;28;44m▓[0m[48;2;37;31;52m[38;2;37;31;52m▓[0m[48;2;37;31;52m[38;2;37;31;52m▓[0m[48;2;37;31;52m[38;2;37;31;52m▓[0m[48;2;37;31;52m[38;2;37;31;52m▓[0m[48;2;37;31;52m[38;2;37;31;52m▓[0m[48;2;37;31;51m[38;2;37;31;51m▓[0m[48;2;73;68;83m[38;2;73;68;83m░[0m[48;2;12;9;17m[38;2;12;9;17m█[0m[48;2;79;76;83m[38;2;79;76;83m@[0m[48;2;167;165;170m[38;2;167;165;170m=[0m[48;2;222;219;222m[38;2;222;219;222m.[0m[48;2;48;46;48m[38;2;48;46;48m▒[0m[48;2;99;96;101m[38;2;99;96;101m%[0m[48;2;118;115;119m[38;2;118;115;119m#[0m[48;2;209;207;210m[38;2;209;207;210m:[0m [48;2;201;198;202m[38;2;201;198;202m-[0m[48;2;66;63;68m[38;2;66;63;68m░[0m[48;2;81;78;84m[38;2;81;78;84m@[0m[48;2;44;41;48m[38;2;44;41;48m▒[0m[48;2;63;59;71m[38;2;63;59;71m░[0m[48;2;46;41;60m[38;2;46;41;60m▒[0m[48;2;37;31;52m[38;2;37;31;52m▓[0m[48;2;37;31;52m[38;2;37;31;52m▓[0m[48;2;36;30;51m[38;2;36;30;51m▓[0m[48;2;21;17;30m[38;2;21;17;30m▓[0m[48;2;125;124;126m[38;2;125;124;126m#[0m                            