                                                                                                    
                                                                                                    
                                                                                                    
                                                                                                    
                                                                                                    
                                                                                                    
                                                                                                    
                                                                                                    
                                                                                                    
                                                                                                    
                                                                                                    
                                               [48;2;237;237;237m[38;2;237;237;237m.[0m[48;2;216;216;216m[38;2;216;216;216m:[0m[48;2;203;203;203m[38;2;203;203;203m:[0m[48;2;201;201;201m[38;2;201;201;201m-[0m[48;2;205;205;206m[38;2;205;205;206m:[0m[48;2;225;225;225m[38;2;225;225;225m.[0m                                               
                                           [48;2;190;189;190m[38;2;190;189;190m-[0m[48;2;123;122;124m[38;2;123;122;124m#[0m[48;2;72;71;76m[38;2;72;71;76m░[0m[48;2;40;38;45m[38;2;40;38;45m▒[0m[48;2;26;24;34m[38;2;26;24;34m▓[0m[48;2;28;27;37m[38;2;28;27;37m▓[0m[48;2;30;29;40m[38;2;30;29;40m▓[0m[48;2;31;29;42m[38;2;31;29;42m▓[0m[48;2;30;28;41m[38;2;30;28;41m▓[0m[48;2;26;25;37m[38;2;26;25;37m▓[0m[48;2;31;29;40m[38;2;31;29;40m▓[0m[48;2;72;71;80m[38;2;72;71;80m░[0m[48;2;139;138;142m[38;2;139;138;142m*[0m[48;2;230;229;231m[38;2;230;229;231m.[0m                                           
                                        [48;2;234;234;234m[38;2;234;234;234m.[0m[48;2;123;123;125m[38;2;123;123;125m#[0m[48;2;40;39;45m[38;2;40;39;45m▒[0m[48;2;30;28;40m[38;2;30;28;40m▓[0m[48;2;44;41;55m[38;2;44;41;55m▒[0m[48;2;48;45;61m[38;2;48;45;61m▒[0m[48;2;45;42;59m[38;2;45;42;59m▒[0m[48;2;56;54;71m[38;2;56;54;71m░[0m[48;2;47;47;63m[38;2;47;47;63m▒[0m[48;2;41;43;59m[38;2;41;43;59m▒[0m[48;2;41;43;59m[38;2;41;43;59m▒[0m[48;2;41;43;59m[38;2;41;43;59m▒[0m[48;2;41;43;59m[38;2;41;43;59m▒[0m[48;2;41;43;59m[38;2;41;43;59m▒[0m[48;2;42;42;59m[38;2;42;42;59m▒[0m[48;2;36;36;52m[38;2;36;36;52m▒[0m[48;2;29;28;40m[38;2;29;28;40m▓[0m[48;2;124;123;127m[38;2;124;123;127m#[0m                                          
                                       [48;2;174;174;175m[38;2;174;174;175m=[0m[48;2;32;31;36m[38;2;32;31;36m▓[0m[48;2;30;28;38m[38;2;30;28;38m▓[0m[48;2;28;25;37m[38;2;28;25;37m▓[0m[48;2;34;31;41m[38;2;34;31;41m▓[0m[48;2;53;48;56m[38;2;53;48;56m▒[0m[48;2;59;52;62m[38;2;59;52;62m░[0m[48;2;73;65;74m[38;2;73;65;74m░[0m[48;2;77;69;78m[38;2;77;69;78m░[0m[48;2;72;64;73m[38;2;72;64;73m░[0m[48;2;58;49;58m[38;2;58;49;58m▒[0m[48;2;37;30;40m[38;2;37;30;40m▓[0m[48;2;27;24;36m[38;2;27;24;36m▓[0m[48;2;37;37;51m[38;2;37;37;51m▒[0m[48;2;42;43;58m[38;2;42;43;58m▒[0m[48;2;41;43;59m[38;2;41;43;59m▒[0m[48;2;41;43;59m[38;2;41;43;59m▒[0m[48;2;43;43;60m[38;2;43;43;60m▒[0m[48;2;33;30;45m[38;2;33;30;45m▓[0m[48;2;56;54;61m[38;2;56;54;61m░[0m[48;2;214;213;215m[38;2;214;213;215m:[0m                                        
                                      [48;2;195;195;195m[38;2;195;195;195m-[0m[48;2;11;9;12m[38;2;11;9;12m█[0m[48;2;47;41;48m[38;2;47;41;48m▒[0m[48;2;59;51;59m[38;2;59;51;59m▒[0m[48;2;54;47;53m[38;2;54;47;53m▒[0m[48;2;79;70;77m[38;2;79;70;77m@[0m[48;2;148;135;146m[38;2;148;135;146m*[0m[48;2;114;99;110m[38;2;114;99;110m%[0m[48;2;79;66;76m[38;2;79;66;76m░[0m[48;2;84;69;80m[38;2;84;69;80m@[0m[48;2;146;128;139m[38;2;146;128;139m*[0m[48;2;160;141;153m[38;2;160;141;153m+[0m[48;2;160;141;155m[38;2;160;141;155m+[0m[48;2;139;121;134m[38;2;139;121;134m#[0m[48;2;92;77;90m[38;2;92;77;90m@[0m[48;2;44;35;47m[38;2;44;35;47m▒[0m[48;2;48;43;55m[38;2;48;43;55m▒[0m[48;2;49;48;62m[38;2;49;48;62m▒[0m[48;2;34;33;48m[38;2;34;33;48m▓[0m[48;2;29;26;38m[38;2;29;26;38m▓[0m[48;2;23;20;31m[38;2;23;20;31m▓[0m[48;2;23;20;27m[38;2;23;20;27m▓[0m[48;2;193;192;193m[38;2;193;192;193m-[0m                                       
                                     [48;2;196;196;196m[38;2;196;196;196m-[0m[48;2;60;56;60m[38;2;60;56;60m░[0m[48;2;124;113;121m[38;2;124;113;121m#[0m[48;2;159;141;154m[38;2;159;141;154m+[0m[48;2;129;111;124m[38;2;129;111;124m#[0m[48;2;153;134;148m[38;2;153;134;148m*[0m[48;2;158;138;153m[38;2;158;138;153m*[0m[48;2;161;140;155m[38;2;161;140;155m+[0m[48;2;161;140;155m[38;2;161;140;155m+[0m[48;2;161;140;155m[38;2;161;140;155m+[0m[48;2;119;102;115m[38;2;119;102;115m%[0m[48;2;88;73;85m[38;2;88;73;85m@[0m[48;2;157;137;151m[38;2;157;137;151m*[0m[48;2;161;140;155m[38;2;161;140;155m+[0m[48;2;161;140;155m[38;2;161;140;155m+[0m[48;2;161;140;155m[38;2;161;140;155m+[0m[48;2;159;139;154m[38;2;159;139;154m+[0m[48;2;101;87;99m[38;2;101;87;99m%[0m[48;2;25;17;30m[38;2;25;17;30m▓[0m[48;2;74;60;112m[38;2;74;60;112m░[0m[48;2;27;16;47m[38;2;27;16;47m▓[0m[48;2;80;62;124m[38;2;80;62;124m@[0m[48;2;9;3;11m[38;2;9;3;11m█[0m[48;2;21;18;22m[38;2;21;18;22m▓[0m[48;2;216;215;216m[38;2;216;215;216m:[0m                                      
                                    [48;2;193;192;193m[38;2;193;192;193m-[0m[48;2;57;51;57m[38;2;57;51;57m▒[0m[48;2;152;136;147m[38;2;152;136;147m*[0m[48;2;160;142;155m[38;2;160;142;155m+[0m[48;2;161;142;156m[38;2;161;142;156m+[0m[48;2;161;140;155m[38;2;161;140;155m+[0m[48;2;161;140;155m[38;2;161;140;155m+[0m[48;2;161;140;155m[38;2;161;140;155m+[0m[48;2;157;136;151m[38;2;157;136;151m*[0m[48;2;103;85;99m[38;2;103;85;99m%[0m[48;2;158;138;152m[38;2;158;138;152m*[0m[48;2;47;30;43m[38;2;47;30;43m▓[0m[48;2;119;103;116m[38;2;119;103;116m%[0m[48;2;66;51;63m[38;2;66;51;63m░[0m[48;2;157;138;152m[38;2;157;138;152m*[0m[48;2;160;141;155m[38;2;160;141;155m+[0m[48;2;161;140;155m[38;2;161;140;155m+[0m[48;2;161;140;155m[38;2;161;140;155m+[0m[48;2;160;141;155m[38;2;160;141;155m+[0m[48;2;133;117;130m[38;2;133;117;130m#[0m[48;2;44;30;53m[38;2;44;30;53m▒[0m[48;2;93;66;140m[38;2;93;66;140m@[0m[48;2;69;44;102m[38;2;69;44;102m░[0m[48;2;46;32;66m[38;2;46;32;66m▒[0m[48;2;13;10;16m[38;2;13;10;16m█[0m[48;2;66;64;68m[38;2;66;64;68m░[0m                                      
                                    [48;2;52;50;53m[38;2;52;50;53m▒[0m[48;2;108;96;105m[38;2;108;96;105m%[0m[48;2;92;76;87m[38;2;92;76;87m@[0m[48;2;82;66;77m[38;2;82;66;77m░[0m[48;2;161;142;156m[38;2;161;142;156m+[0m[48;2;162;141;156m[38;2;162;141;156m+[0m[48;2;161;140;155m[38;2;161;140;155m+[0m[48;2;161;140;155m[38;2;161;140;155m+[0m[48;2;151;131;145m[38;2;151;131;145m*[0m[48;2;38;24;36m[38;2;38;24;36m▓[0m[48;2;152;135;148m[38;2;152;135;148m*[0m[48;2;90;74;87m[38;2;90;74;87m@[0m[48;2;61;50;60m[38;2;61;50;60m▒[0m[48;2;84;71;83m[38;2;84;71;83m@[0m[48;2;72;58;69m[38;2;72;58;69m░[0m[48;2;153;136;149m[38;2;153;136;149m*[0m[48;2;160;141;155m[38;2;160;141;155m+[0m[48;2;161;140;155m[38;2;161;140;155m+[0m[48;2;161;140;155m[38;2;161;140;155m+[0m[48;2;160;141;155m[38;2;160;141;155m+[0m[48;2;136;120;132m[38;2;136;120;132m#[0m[48;2;47;34;55m[38;2;47;34;55m▒[0m[48;2;22;12;32m[38;2;22;12;32m█[0m[48;2;15;10;19m[38;2;15;10;19m█[0m[48;2;33;31;41m[38;2;33;31;41m▓[0m[48;2;21;19;27m[38;2;21;19;27m▓[0m[48;2;178;177;179m[38;2;178;177;179m=[0m                                     
                                   [48;2;165;165;165m[38;2;165;165;165m=[0m[48;2;80;73;78m[38;2;80;73;78m@[0m[48;2;45;35;43m[38;2;45;35;43m▒[0m[48;2;26;18;26m[38;2;26;18;26m▓[0m[48;2;96;85;94m[38;2;96;85;94m@[0m[48;2;89;74;86m[38;2;89;74;86m@[0m[48;2;132;113;127m[38;2;132;113;127m#[0m[48;2;147;128;141m[38;2;147;128;141m*[0m[48;2;160;141;155m[38;2;160;141;155m+[0m[48;2;159;141;155m[38;2;159;141;155m+[0m[48;2;38;28;38m[38;2;38;28;38m▓[0m[48;2;62;53;64m[38;2;62;53;64m░[0m[48;2;145;132;145m[38;2;145;132;145m*[0m[48;2;41;32;41m[38;2;41;32;41m▓[0m[48;2;48;39;47m[38;2;48;39;47m▒[0m[48;2;52;43;52m[38;2;52;43;52m▒[0m[48;2;33;23;31m[38;2;33;23;31m▓[0m[48;2;96;83;92m[38;2;96;83;92m@[0m[48;2;148;132;143m[38;2;148;132;143m*[0m[48;2;160;140;154m[38;2;160;140;154m+[0m[48;2;161;140;155m[38;2;161;140;155m+[0m[48;2;160;141;155m[38;2;160;141;155m+[0m[48;2;148;132;144m[38;2;148;132;144m*[0m[48;2;76;65;75m[38;2;76;65;75m░[0m[48;2;40;33;43m[38;2;40;33;43m▓[0m[48;2;38;36;46m[38;2;38;36;46m▒[0m[48;2;37;34;44m[38;2;37;34;44m▓[0m[48;2;92;90;93m[38;2;92;90;93m@[0m                                     
                                   [48;2;114;114;114m[38;2;114;114;114m#[0m[48;2;112;102;108m[38;2;112;102;108m%[0m[48;2;15;8;14m[38;2;15;8;14m█[0m[48;2;81;73;81m[38;2;81;73;81m@[0m[48;2;96;86;95m[38;2;96;86;95m@[0m[48;2;28;18;26m[38;2;28;18;26m▓[0m[48;2;30;21;29m[38;2;30;21;29m▓[0m[48;2;51;39;48m[38;2;51;39;48m▒[0m[48;2;117;103;112m[38;2;117;103;112m%[0m[48;2;113;98;109m[38;2;113;98;109m%[0m[48;2;65;53;62m[38;2;65;53;62m░[0m[48;2;24;16;24m[38;2;24;16;24m▓[0m[48;2;36;28;40m[38;2;36;28;40m▓[0m[48;2;60;48;75m[38;2;60;48;75m▒[0m[48;2;25;14;41m[38;2;25;14;41m▓[0m[48;2;79;72;79m[38;2;79;72;79m@[0m[48;2;33;27;32m[38;2;33;27;32m▓[0m[48;2;79;72;76m[38;2;79;72;76m@[0m[48;2;33;26;31m[38;2;33;26;31m▓[0m[48;2;20;12;18m[38;2;20;12;18m█[0m[48;2;34;25;31m[38;2;34;25;31m▓[0m[48;2;56;46;54m[38;2;56;46;54m▒[0m[48;2;53;42;50m[38;2;53;42;50m▒[0m[48;2;78;67;76m[38;2;78;67;76m░[0m[48;2;72;61;71m[38;2;72;61;71m░[0m[48;2;27;22;31m[38;2;27;22;31m▓[0m[48;2;26;22;31m[38;2;26;22;31m▓[0m[48;2;69;67;71m[38;2;69;67;71m░[0m                                     
                                   [48;2;116;116;116m[38;2;116;116;116m#[0m[48;2;101;91;98m[38;2;101;91;98m%[0m[48;2;10;3;9m[38;2;10;3;9m█[0m[48;2;101;94;100m[38;2;101;94;100m%[0m[48;2;40;32;39m[38;2;40;32;39m▓[0m[48;2;42;21;81m[38;2;42;21;81m▓[0m[48;2;49;22;100m[38;2;49;22;100m▒[0m[48;2;29;11;60m[38;2;29;11;60m▓[0m[48;2;133;123;127m[38;2;133;123;127m#[0m[48;2;194;182;181m[38;2;194;182;181m-[0m[48;2;213;201;200m[38;2;213;201;200m:[0m[48;2;133;123;123m[38;2;133;123;123m#[0m[48;2;50;30;81m[38;2;50;30;81m▒[0m[48;2;97;60;164m[38;2;97;60;164m@[0m[48;2;56;25;104m[38;2;56;25;104m▒[0m[48;2;146;135;139m[38;2;146;135;139m*[0m[48;2;172;160;161m[38;2;172;160;161m+[0m[48;2;247;234;231m[38;2;247;234;231m.[0m[48;2;179;167;166m[38;2;179;167;166m=[0m[48;2;64;54;61m[38;2;64;54;61m░[0m[48;2;149;137;147m[38;2;149;137;147m*[0m[48;2;153;140;151m[38;2;153;140;151m*[0m[48;2;86;74;83m[38;2;86;74;83m@[0m[48;2;74;62;71m[38;2;74;62;71m░[0m[48;2;144;129;140m[38;2;144;129;140m*[0m[48;2;151;138;148m[38;2;151;138;148m*[0m[48;2;122;109;119m[38;2;122;109;119m#[0m[48;2;85;72;81m[38;2;85;72;81m@[0m[48;2;76;68;74m[38;2;76;68;74m░[0m[48;2;108;102;107m[38;2;108;102;107m%[0m[48;2;157;154;157m[38;2;157;154;157m+[0m[48;2;234;233;233m[38;2;234;233;233m.[0m                                 
                                   [48;2;178;178;178m[38;2;178;178;178m=[0m[48;2;66;59;65m[38;2;66;59;65m░[0m[48;2;20;12;19m[38;2;20;12;19m█[0m[48;2;159;151;154m[38;2;159;151;154m+[0m[48;2;134;125;125m[38;2;134;125;125m#[0m[48;2;101;80;119m[38;2;101;80;119m@[0m[48;2;176;131;197m[38;2;176;131;197m+[0m[48;2;92;61;111m[38;2;92;61;111m@[0m[48;2;159;147;150m[38;2;159;147;150m+[0m[48;2;250;235;231m[38;2;250;235;231m [0m[48;2;250;234;229m[38;2;250;234;229m [0m[48;2;234;219;215m[38;2;234;219;215m.[0m[48;2;60;46;55m[38;2;60;46;55m▒[0m[48;2;190;152;195m[38;2;190;152;195m=[0m[48;2;94;64;100m[38;2;94;64;100m@[0m[48;2;185;174;172m[38;2;185;174;172m=[0m[48;2;246;227;219m[38;2;246;227;219m.[0m[48;2;246;218;211m[38;2;246;218;211m.[0m[48;2;249;233;228m[38;2;249;233;228m.[0m[48;2;158;147;147m[38;2;158;147;147m+[0m[48;2;71;60;67m[38;2;71;60;67m░[0m[48;2;147;134;145m[38;2;147;134;145m*[0m[48;2;144;129;140m[38;2;144;129;140m*[0m[48;2;136;121;132m[38;2;136;121;132m#[0m[48;2;79;66;76m[38;2;79;66;76m░[0m[48;2;71;60;69m[38;2;71;60;69m░[0m[48;2;95;84;93m[38;2;95;84;93m@[0m[48;2;128;113;122m[38;2;128;113;122m#[0m[48;2;149;133;144m[38;2;149;133;144m*[0m[48;2;158;140;153m[38;2;158;140;153m+[0m[48;2;128;113;125m[38;2;128;113;125m#[0m[48;2;74;67;74m[38;2;74;67;74m░[0m[48;2;115;114;116m[38;2;115;114;116m#[0m[48;2;235;234;235m[38;2;235;234;235m.[0m                               
                                    [48;2;69;65;68m[38;2;69;65;68m░[0m[48;2;42;35;40m[38;2;42;35;40m▒[0m[48;2;177;168;168m[38;2;177;168;168m=[0m[48;2;236;221;221m[38;2;236;221;221m.[0m[48;2;90;76;83m[38;2;90;76;83m@[0m[48;2;120;90;119m[38;2;120;90;119m%[0m[48;2;74;54;74m[38;2;74;54;74m░[0m[48;2;227;214;214m[38;2;227;214;214m:[0m[48;2;202;188;184m[38;2;202;188;184m-[0m[48;2;172;158;155m[38;2;172;158;155m+[0m[48;2;250;234;230m[38;2;250;234;230m [0m[48;2;222;208;205m[38;2;222;208;205m:[0m[48;2;134;121;121m[38;2;134;121;121m#[0m[48;2;164;151;152m[38;2;164;151;152m+[0m[48;2;250;234;228m[38;2;250;234;228m [0m[48;2;239;211;200m[38;2;239;211;200m:[0m[48;2;243;213;205m[38;2;243;213;205m.[0m[48;2;250;234;230m[38;2;250;234;230m [0m[48;2;248;234;230m[38;2;248;234;230m.[0m[48;2;85;75;78m[38;2;85;75;78m@[0m[48;2;56;47;54m[38;2;56;47;54m▒[0m[48;2;46;36;45m[38;2;46;36;45m▒[0m[48;2;58;49;57m[38;2;58;49;57m▒[0m[48;2;109;95;106m[38;2;109;95;106m%[0m[48;2;141;126;137m[38;2;141;126;137m*[0m[48;2;129;116;127m[38;2;129;116;127m#[0m[48;2;90;79;88m[38;2;90;79;88m@[0m[48;2;50;41;49m[38;2;50;41;49m▒[0m[48;2;23;14;21m[38;2;23;14;21m█[0m[48;2;47;37;45m[38;2;47;37;45m▒[0m[48;2;118;106;115m[38;2;118;106;115m#[0m[48;2;130;119;128m[38;2;130;119;128m#[0m[48;2;63;56;62m[38;2;63;56;62m░[0m[48;2;191;190;191m[38;2;191;190;191m-[0m                              
                                    [48;2;200;200;200m[38;2;200;200;200m-[0m[48;2;13;9;12m[38;2;13;9;12m█[0m[48;2;15;8;12m[38;2;15;8;12m█[0m[48;2;180;169;169m[38;2;180;169;169m=[0m[48;2;248;235;231m[38;2;248;235;231m [0m[48;2;226;213;209m[38;2;226;213;209m:[0m[48;2;244;229;225m[38;2;244;229;225m.[0m[48;2;250;235;227m[38;2;250;235;227m [0m[48;2;211;196;190m[38;2;211;196;190m-[0m[48;2;224;208;203m[38;2;224;208;203m:[0m[48;2;251;235;230m[38;2;251;235;230m [0m[48;2;250;234;229m[38;2;250;234;229m [0m[48;2;250;234;229m[38;2;250;234;229m [0m[48;2;250;234;228m[38;2;250;234;228m [0m[48;2;251;234;227m[38;2;251;234;227m [0m[48;2;251;235;226m[38;2;251;235;226m [0m[48;2;251;235;228m[38;2;251;235;228m [0m[48;2;241;227;222m[38;2;241;227;222m.[0m[48;2;115;104;103m[38;2;115;104;103m%[0m[48;2;34;26;29m[38;2;34;26;29m▓[0m[48;2;63;54;61m[38;2;63;54;61m░[0m[48;2;66;59;65m[38;2;66;59;65m░[0m[48;2;158;150;154m[38;2;158;150;154m+[0m[48;2;43;35;39m[38;2;43;35;39m▒[0m[48;2;67;57;65m[38;2;67;57;65m░[0m[48;2;84;73;82m[38;2;84;73;82m@[0m[48;2;93;79;90m[38;2;93;79;90m@[0m[48;2;111;97;108m[38;2;111;97;108m%[0m[48;2;137;123;134m[38;2;137;123;134m*[0m[48;2;159;141;153m[38;2;159;141;153m+[0m[48;2;160;141;154m[38;2;160;141;154m+[0m[48;2;160;141;154m[38;2;160;141;154m+[0m[48;2;153;137;149m[38;2;153;137;149m*[0m[48;2;63;55;61m[38;2;63;55;61m░[0m[48;2;182;180;182m[38;2;182;180;182m=[0m                             
                                    [48;2;225;225;225m[38;2;225;225;225m.[0m[48;2;102;101;102m[38;2;102;101;102m%[0m[48;2;104;100;102m[38;2;104;100;102m%[0m[48;2;228;218;217m[38;2;228;218;217m.[0m[48;2;247;235;230m[38;2;247;235;230m [0m[48;2;249;235;230m[38;2;249;235;230m [0m[48;2;250;234;230m[38;2;250;234;230m [0m[48;2;250;235;228m[38;2;250;235;228m [0m[48;2;250;234;228m[38;2;250;234;228m [0m[48;2;250;234;229m[38;2;250;234;229m [0m[48;2;248;232;227m[38;2;248;232;227m.[0m[48;2;238;223;217m[38;2;238;223;217m.[0m[48;2;218;204;200m[38;2;218;204;200m:[0m[48;2;187;174;171m[38;2;187;174;171m=[0m[48;2;156;145;143m[38;2;156;145;143m+[0m[48;2;119;110;109m[38;2;119;110;109m#[0m[48;2;81;72;72m[38;2;81;72;72m@[0m[48;2;32;25;27m[38;2;32;25;27m▓[0m[48;2;5;2;5m[38;2;5;2;5m█[0m[48;2;69;65;69m[38;2;69;65;69m░[0m[48;2;177;171;176m[38;2;177;171;176m=[0m[48;2;37;32;37m[38;2;37;32;37m▓[0m[48;2;76;72;77m[38;2;76;72;77m@[0m[48;2;94;88;93m[38;2;94;88;93m@[0m[48;2;83;74;82m[38;2;83;74;82m@[0m[48;2;159;141;155m[38;2;159;141;155m+[0m[48;2;161;140;155m[38;2;161;140;155m+[0m[48;2;161;140;155m[38;2;161;140;155m+[0m[48;2;161;140;155m[38;2;161;140;155m+[0m[48;2;161;140;155m[38;2;161;140;155m+[0m[48;2;161;140;155m[38;2;161;140;155m+[0m[48;2;161;140;155m[38;2;161;140;155m+[0m[48;2;161;140;155m[38;2;161;140;155m+[0m[48;2;153;135;148m[38;2;153;135;148m*[0m[48;2;51;44;50m[38;2;51;44;50m▒[0m[48;2;230;229;230m[38;2;230;229;230m.[0m                            
                                      [48;2;189;188;188m[38;2;189;188;188m-[0m[48;2;78;76;78m[38;2;78;76;78m@[0m[48;2;33;29;32m[38;2;33;29;32m▓[0m[48;2;42;37;40m[38;2;42;37;40m▒[0m[48;2;49;43;44m[38;2;49;43;44m▒[0m[48;2;66;59;61m[38;2;66;59;61m░[0m[48;2;52;46;48m[38;2;52;46;48m▒[0m[48;2;82;76;78m[38;2;82;76;78m@[0m[48;2;62;56;58m[38;2;62;56;58m░[0m[48;2;85;80;82m[38;2;85;80;82m@[0m[48;2;12;8;11m[38;2;12;8;11m█[0m[48;2;40;37;41m[38;2;40;37;41m▒[0m[48;2;24;21;25m[38;2;24;21;25m▓[0m[48;2;5;2;8m[38;2;5;2;8m█[0m[48;2;14;10;17m[38;2;14;10;17m█[0m[48;2;18;15;21m[38;2;18;15;21m█[0m[48;2;18;15;20m[38;2;18;15;20m█[0m[48;2;150;147;151m[38;2;150;147;151m+[0m[48;2;233;230;231m[38;2;233;230;231m.[0m[48;2;50;47;50m[38;2;50;47;50m▒[0m[48;2;193;190;194m[38;2;193;190;194m-[0m[48;2;189;183;188m[38;2;189;183;188m-[0m[48;2;41;34;42m[38;2;41;34;42m▒[0m[48;2;159;141;155m[38;2;159;141;155m+[0m[48;2;161;140;155m[38;2;161;140;155m+[0m[48;2;161;140;155m[38;2;161;140;155m+[0m[48;2;161;140;155m[38;2;161;140;155m+[0m[48;2;161;140;155m[38;2;161;140;155m+[0m[48;2;161;140;155m[38;2;161;140;155m+[0m[48;2;161;140;155m[38;2;161;140;155m+[0m[48;2;161;140;155m[38;2;161;140;155m+[0m[48;2;161;140;155m[38;2;161;140;155m+[0m[48;2;98;85;94m[38;2;98;85;94m@[0m[48;2;147;143;146m[38;2;147;143;146m*[0m                            
                                   [48;2;240;240;240m[38;2;240;240;240m [0m[48;2;79;79;79m[38;2;79;79;79m@[0m[48;2;28;27;29m[38;2;28;27;29m▓[0m[48;2;25;24;30m[38;2;25;24;30m▓[0m[48;2;26;24;35m[38;2;26;24;35m▓[0m[48;2;27;23;36m[38;2;27;23;36m▓[0m[48;2;7;4;13m[38;2;7;4;13m█[0m[48;2;28;24;29m[38;2;28;24;29m▓[0m[48;2;32;28;32m[38;2;32;28;32m▓[0m[48;2;50;47;51m[38;2;50;47;51m▒[0m[48;2;26;23;27m[38;2;26;23;27m▓[0m[48;2;155;152;156m[38;2;155;152;156m+[0m[48;2;22;19;24m[38;2;22;19;24m▓[0m[48;2;37;34;40m[38;2;37;34;40m▓[0m[48;2;15;12;17m[38;2;15;12;17m█[0m[48;2;31;28;33m[38;2;31;28;33m▓[0m[48;2;32;27;35m[38;2;32;27;35m▓[0m[48;2;26;22;34m[38;2;26;22;34m▓[0m[48;2;5;2;9m[38;2;5;2;9m█[0m[48;2;15;12;19m[38;2;15;12;19m█[0m[48;2;157;154;158m[38;2;157;154;158m+[0m[48;2;242;240;241m[38;2;242;240;241m [0m[48;2;139;136;138m[38;2;139;136;138m*[0m[48;2;111;108;112m[38;2;111;108;112m%[0m[48;2;200;197;200m[38;2;200;197;200m-[0m[48;2;39;32;39m[38;2;39;32;39m▓[0m[48;2;157;139;153m[38;2;157;139;153m*[0m[48;2;161;140;155m[38;2;161;140;155m+[0m[48;2;161;140;155m[38;2;161;140;155m+[0m[48;2;161;140;155m[38;2;161;140;155m+[0m[48;2;161;140;155m[38;2;161;140;155m+[0m[48;2;161;140;155m[38;2;161;140;155m+[0m[48;2;161;140;155m[38;2;161;140;155m+[0m[48;2;161;140;155m[38;2;161;140;155m+[0m[48;2;161;140;155m[38;2;161;140;155m+[0m[48;2;124;107;119m[38;2;124;107;119m#[0m[48;2;108;103;107m[38;2;108;103;107m%[0m                            
                                   [48;2;150;149;150m[38;2;150;149;150m+[0m[48;2;13;12;14m[38;2;13;12;14m█[0m[48;2;79;77;82m[38;2;79;77;82m@[0m[48;2;25;23;36m[38;2;25;23;36m▓[0m[48;2;36;32;51m[38;2;36;32;51m▓[0m[48;2;36;31;49m[38;2;36;31;49m▓[0m[48;2;10;6;20m[38;2;10;6;20m█[0m[48;2;29;25;39m[38;2;29;25;39m▓[0m[48;2;12;9;19m[38;2;12;9;19m█[0m[48;2;41;38;43m[38;2;41;38;43m▒[0m[48;2;10;7;12m[38;2;10;7;12m█[0m[48;2;65;62;68m[38;2;65;62;68m░[0m[48;2;12;9;15m[38;2;12;9;15m█[0m[48;2;19;14;20m[38;2;19;14;20m█[0m[48;2;13;11;15m[38;2;13;11;15m█[0m[48;2;82;77;75m[38;2;82;77;75m@[0m[48;2;132;126;114m[38;2;132;126;114m#[0m[48;2;42;36;49m[38;2;42;36;49m▒[0m[48;2;29;24;42m[38;2;29;24;42m▓[0m[48;2;14;10;22m[38;2;14;10;22m█[0m[48;2;49;46;53m[38;2;49;46;53m▒[0m[48;2;150;148;151m[38;2;150;148;151m+[0m[48;2;179;176;180m[38;2;179;176;180m=[0m[48;2;64;61;65m[38;2;64;61;65m░[0m[48;2;68;66;70m[38;2;68;66;70m░[0m[48;2;70;63;70m[38;2;70;63;70m░[0m[48;2;158;141;155m[38;2;158;141;155m+[0m[48;2;122;105;117m[38;2;122;105;117m#[0m[48;2;143;126;139m[38;2;143;126;139m*[0m[48;2;161;140;155m[38;2;161;140;155m+[0m[48;2;161;140;155m[38;2;161;140;155m+[0m[48;2;161;140;155m[38;2;161;140;155m+[0m[48;2;161;140;155m[38;2;161;140;155m+[0m[48;2;161;140;155m[38;2;161;140;155m+[0m[48;2;161;140;155m[38;2;161;140;155m+[0m[48;2;100;85;95m[38;2;100;85;95m@[0m[48;2;144;140;143m[38;2;144;140;143m*[0m                            
                                    [48;2;165;164;165m[38;2;165;164;165m+[0m[48;2;85;84;86m[38;2;85;84;86m@[0m[48;2;62;60;65m[38;2;62;60;65m░[0m[48;2;28;24;35m[38;2;28;24;35m▓[0m[48;2;30;25;40m[38;2;30;25;40m▓[0m[48;2;14;10;23m[38;2;14;10;23m█[0m[48;2;34;29;47m[38;2;34;29;47m▓[0m[48;2;18;14;27m[38;2;18;14;27m█[0m[48;2;31;29;32m[38;2;31;29;32m▓[0m[48;2;26;22;23m[38;2;26;22;23m▓[0m[48;2;5;1;5m[38;2;5;1;5m█[0m[48;2;22;18;22m[38;2;22;18;22m▓[0m[48;2;89;81;70m[38;2;89;81;70m@[0m[48;2;44;37;31m[38;2;44;37;31m▒[0m[48;2;84;79;79m[38;2;84;79;79m@[0m[48;2;103;97;95m[38;2;103;97;95m%[0m[48;2;42;34;51m[38;2;42;34;51m▒[0m[48;2;37;31;52m[38;2;37;31;52m▓[0m[48;2;37;31;51m[38;2;37;31;51m▓[0m[48;2;31;26;43m[38;2;31;26;43m▓[0m[48;2;14;10;22m[38;2;14;10;22m█[0m[48;2;59;55;63m[38;2;59;55;63m░[0m[48;2;112;106;113m[38;2;112;106;113m%[0m[48;2;129;124;131m[38;2;129;124;131m#[0m[48;2;99;91;99m[38;2;99;91;99m%[0m[48;2;46;36;45m[38;2;46;36;45m▒[0m[48;2;41;30;39m[38;2;41;30;39m▓[0m[48;2;144;129;139m[38;2;144;129;139m*[0m[48;2;161;140;155m[38;2;161;140;155m+[0m[48;2;161;140;155m[38;2;161;140;155m+[0m[48;2;161;140;155m[38;2;161;140;155m+[0m[48;2;161;140;155m[38;2;161;140;155m+[0m[48;2;160;140;155m[38;2;160;140;155m+[0m[48;2;138;121;134m[38;2;138;121;134m#[0m[48;2;63;54;62m[38;2;63;54;62m░[0m[48;2;238;236;238m[38;2;238;236;238m.[0m                            
                                     [48;2;140;139;140m[38;2;140;139;140m*[0m[48;2;108;107;108m[38;2;108;107;108m%[0m[48;2;74;72;76m[38;2;74;72;76m░[0m[48;2;10;6;13m[38;2;10;6;13m█[0m[48;2;25;20;34m[38;2;25;20;34m▓[0m[48;2;36;31;49m[38;2;36;31;49m▓[0m[48;2;35;30;46m[38;2;35;30;46m▓[0m[48;2;26;20;26m[38;2;26;20;26m▓[0m[48;2;125;116;101m[38;2;125;116;101m#[0m[48;2;134;122;100m[38;2;134;122;100m#[0m[48;2;160;143;116m[38;2;160;143;116m*[0m[48;2;148;134;108m[38;2;148;134;108m*[0m[48;2;31;24;21m[38;2;31;24;21m▓[0m[48;2;32;28;40m[38;2;32;28;40m▓[0m[48;2;35;30;49m[38;2;35;30;49m▓[0m[48;2;34;28;47m[38;2;34;28;47m▓[0m[48;2;32;26;44m[38;2;32;26;44m▓[0m[48;2;35;30;48m[38;2;35;30;48m▓[0m[48;2;36;31;49m[38;2;36;31;49m▓[0m[48;2;36;31;49m[38;2;36;31;49m▓[0m[48;2;28;23;37m[38;2;28;23;37m▓[0m[48;2;21;15;28m[38;2;21;15;28m█[0m[48;2;15;10;19m[38;2;15;10;19m█[0m[48;2;25;21;28m[38;2;25;21;28m▓[0m[48;2;79;71;80m[38;2;79;71;80m@[0m[48;2;153;139;151m[38;2;153;139;151m*[0m[48;2;159;142;155m[38;2;159;142;155m+[0m[48;2;160;141;155m[38;2;160;141;155m+[0m[48;2;161;140;155m[38;2;161;140;155m+[0m[48;2;161;140;155m[38;2;161;140;155m+[0m[48;2;134;117;130m[38;2;134;117;130m#[0m[48;2;83;71;82m[38;2;83;71;82m@[0m[48;2;103;94;103m[38;2;103;94;103m%[0m[48;2;227;223;227m[38;2;227;223;227m.[0m                             
                                      [48;2;180;179;181m[38;2;180;179;181m=[0m[48;2;158;156;159m[38;2;158;156;159m+[0m[48;2;44;41;46m[38;2;44;41;46m▒[0m[48;2;31;26;39m[38;2;31;26;39m▓[0m[48;2;20;16;29m[38;2;20;16;29m▓[0m[48;2;27;24;34m[38;2;27;24;34m▓[0m[48;2;4;2;8m[38;2;4;2;8m█[0m[48;2;11;7;19m[38;2;11;7;19m█[0m[48;2;23;17;43m[38;2;23;17;43m▓[0m[48;2;25;21;25m[38;2;25;21;25m▓[0m[48;2;9;5;10m[38;2;9;5;10m█[0m[48;2;14;10;15m[38;2;14;10;15m█[0m[48;2;22;20;28m[38;2;22;20;28m▓[0m[48;2;21;18;26m[38;2;21;18;26m▓[0m[48;2;6;3;10m[38;2;6;3;10m█[0m[48;2;9;6;13m[38;2;9;6;13m█[0m[48;2;6;3;11m[38;2;6;3;11m█[0m[48;2;7;4;12m[38;2;7;4;12m█[0m[48;2;14;11;18m[38;2;14;11;18m█[0m[48;2;11;8;15m[38;2;11;8;15m█[0m[48;2;13;10;16m[38;2;13;10;16m█[0m[48;2;10;6;16m[38;2;10;6;16m█[0m[48;2;21;17;31m[38;2;21;17;31m▓[0m[48;2;26;20;34m[38;2;26;20;34m▓[0m[48;2;60;51;63m[38;2;60;51;63m░[0m[48;2;114;100;113m[38;2;114;100;113m%[0m[48;2;116;102;115m[38;2;116;102;115m%[0m[48;2;75;64;75m[38;2;75;64;75m░[0m[48;2;94;86;95m[38;2;94;86;95m@[0m[48;2;146;141;147m[38;2;146;141;147m*[0m[48;2;229;226;230m[38;2;229;226;230m.[0m                               
                                        [48;2;17;15;19m[38;2;17;15;19m█[0m[48;2;19;15;22m[38;2;19;15;22m█[0m[48;2;41;39;45m[38;2;41;39;45m▒[0m[48;2;32;29;35m[38;2;32;29;35m▓[0m[48;2;16;13;19m[38;2;16;13;19m█[0m[48;2;52;48;54m[38;2;52;48;54m▒[0m[48;2;21;16;31m[38;2;21;16;31m▓[0m[48;2;16;12;25m[38;2;16;12;25m█[0m[48;2;13;7;29m[38;2;13;7;29m█[0m[48;2;65;49;123m[38;2;65;49;123m░[0m[48;2;36;27;59m[38;2;36;27;59m▓[0m[48;2;15;11;19m[38;2;15;11;19m█[0m[48;2;35;31;38m[38;2;35;31;38m▓[0m[48;2;45;42;50m[38;2;45;42;50m▒[0m[48;2;47;44;53m[38;2;47;44;53m▒[0m[48;2;50;47;55m[38;2;50;47;55m▒[0m[48;2;50;47;55m[38;2;50;47;55m▒[0m[48;2;27;23;32m[38;2;27;23;32m▓[0m[48;2;21;17;29m[38;2;21;17;29m▓[0m[48;2;32;26;43m[38;2;32;26;43m▓[0m[48;2;37;31;52m[38;2;37;31;52m▓[0m[48;2;37;31;52m[38;2;37;31;52m▓[0m[48;2;35;30;49m[38;2;35;30;49m▓[0m[48;2;25;20;37m[38;2;25;20;37m▓[0m[48;2;15;10;22m[38;2;15;10;22m█[0m[48;2;108;106;111m[38;2;108;106;111m%[0m[48;2;236;236;237m[38;2;236;236;237m.[0m                                 
                                       [48;2;181;180;182m[38;2;181;180;182m=[0m[48;2;15;13;18m[38;2;15;13;18m█[0m[48;2;31;28;34m[38;2;31;28;34m▓[0m[48;2;25;21;32m[38;2;25;21;32m▓[0m[48;2;30;25;42m[38;2;30;25;42m▓[0m[48;2;76;73;79m[38;2;76;73;79m@[0m[48;2;155;152;158m[38;2;155;152;158m+[0m[48;2;46;32;91m[38;2;46;32;91m▒[0m[48;2;63;48;112m[38;2;63;48;112m░[0m[48;2;17;9;49m[38;2;17;9;49m█[0m[48;2;44;34;79m[38;2;44;34;79m▒[0m[48;2;27;20;43m[38;2;27;20;43m▓[0m[48;2;82;79;84m[38;2;82;79;84m@[0m[48;2;99;96;102m[38;2;99;96;102m%[0m[48;2;27;23;34m[38;2;27;23;34m▓[0m[48;2;31;27;41m[38;2;31;27;41m▓[0m[48;2;37;32;49m[38;2;37;32;49m▓[0m[48;2;37;32;51m[38;2;37;32;51m▓[0m[48;2;37;31;52m[38;2;37;31;52m▓[0m[48;2;37;31;52m[38;2;37;31;52m▓[0m[48;2;37;31;52m[38;2;37;31;52m▓[0m[48;2;37;31;52m[38;2;37;31;52m▓[0m[48;2;37;31;52m[38;2;37;31;52m▓[0m[48;2;37;31;52m[38;2;37;31;52m▓[0m[48;2;37;31;52m[38;2;37;31;52m▓[0m[48;2;37;31;52m[38;2;37;31;52m▓[0m[48;2;31;26;43m[38;2;31;26;43m▓[0m[48;2;33;29;39m[38;2;33;29;39m▓[0m[48;2;140;139;142m[38;2;140;139;142m*[0m                                
                                       [48;2;76;75;76m[38;2;76;75;76m@[0m[48;2;9;7;12m[38;2;9;7;12m█[0m[48;2;32;27;42m[38;2;32;27;42m▓[0m[48;2;37;31;52m[38;2;37;31;52m▓[0m[48;2;27;22;41m[38;2;27;22;41m▓[0m[48;2;117;114;120m[38;2;117;114;120m#[0m[48;2;237;234;238m[38;2;237;234;238m.[0m[48;2;84;80;86m[38;2;84;80;86m@[0m[48;2;69;64;76m[38;2;69;64;76m░[0m[48;2;19;11;47m[38;2;19;11;47m█[0m[48;2;64;49;114m[38;2;64;49;114m░[0m[48;2;29;22;46m[38;2;29;22;46m▓[0m[48;2;162;159;164m[38;2;162;159;164m+[0m [48;2;227;225;229m[38;2;227;225;229m.[0m[48;2;135;133;138m[38;2;135;133;138m*[0m[48;2;50;47;54m[38;2;50;47;54m▒[0m[48;2;24;20;32m[38;2;24;20;32m▓[0m[48;2;34;29;46m[38;2;34;29;46m▓[0m[48;2;37;32;51m[38;2;37;32;51m▓[0m[48;2;37;31;52m[38;2;37;31;52m▓[0m[48;2;37;31;52m[38;2;37;31;52m▓[0m[48;2;37;31;52m[38;2;37;31;52m▓[0m[48;2;37;31;52m[38;2;37;31;52m▓[0m[48;2;37;31;52m[38;2;37;31;52m▓[0m[48;2;37;31;52m[38;2;37;31;52m▓[0m[48;2;37;31;52m[38;2;37;31;52m▓[0m[48;2;37;31;51m[38;2;37;31;51m▓[0m[48;2;28;23;41m[38;2;28;23;41m▓[0m[48;2;48;45;55m[38;2;48;45;55m▒[0m[48;2;199;198;201m[38;2;199;198;201m-[0m                              
                                       [48;2;137;136;138m[38;2;137;136;138m*[0m[48;2;23;19;29m[38;2;23;19;29m▓[0m[48;2;37;32;51m[38;2;37;32;51m▓[0m[48;2;37;31;53m[38;2;37;31;53m▓[0m[48;2;25;19;38m[38;2;25;19;38m▓[0m[48;2;134;131;138m[38;2;134;131;138m*[0m   [48;2;178;177;178m[38;2;178;177;178m=[0m[48;2;89;85;92m[38;2;89;85;92m@[0m[48;2;92;88;98m[38;2;92;88;98m@[0m[48;2;235;233;237m[38;2;235;233;237m.[0m    [48;2;160;159;161m[38;2;160;159;161m+[0m[48;2;33;30;34m[38;2;33;30;34m▓[0m[48;2;52;48;56m[38;2;52;48;56m▒[0m[48;2;22;17;31m[38;2;22;17;31m▓[0m[48;2;31;25;44m[38;2;31;25;44m▓[0m[48;2;37;31;52m[38;2;37;31;52m▓[0m[48;2;37;31;52m[38;2;37;31;52m▓[0m[48;2;37;31;52m[38;2;37;31;52m▓[0m[48;2;37;31;52m[38;2;37;31;52m▓[0m[48;2;37;31;52m[38;2;37;31;52m▓[0m[48;2;37;31;52m[38;2;37;31;52m▓[0m[48;2;37;31;52m[38;2;37;31;52m▓[0m[48;2;36;31;48m[38;2;36;31;48m▓[0m[48;2;22;20;29m[38;2;22;20;29m▓[0m[48;2;188;188;189m[38;2;188;188;189m-[0m                             