                                                                                                              
                                                                                                              
                                                                                                              
                                                                                                              
                                                                                                              
                                                                                                              
                                                                                                              
                                                                                                              
                                                                                                              
                                                                                                              
                                                                                                              
                                                                                                              
                                                                                                              
                                                 [48;2;221;221;222m[38;2;221;221;222m.[0m[48;2;158;157;159m[38;2;158;157;159m+[0m[48;2;110;110;112m[38;2;110;110;112m#[0m[48;2;79;78;82m[38;2;79;78;82m@[0m[48;2;59;58;63m[38;2;59;58;63m░[0m[48;2;46;44;50m[38;2;46;44;50m▒[0m[48;2;44;43;49m[38;2;44;43;49m▒[0m[48;2;36;34;41m[38;2;36;34;41m▓[0m[48;2;45;44;50m[38;2;45;44;50m▒[0m[48;2;55;54;60m[38;2;55;54;60m░[0m[48;2;89;88;94m[38;2;89;88;94m@[0m[48;2;125;124;129m[38;2;125;124;129m#[0m[48;2;171;170;174m[38;2;171;170;174m=[0m[48;2;223;222;224m[38;2;223;222;224m.[0m                                               
                                               [48;2;156;156;157m[38;2;156;156;157m+[0m[48;2;62;61;65m[38;2;62;61;65m░[0m[48;2;23;21;31m[38;2;23;21;31m▓[0m[48;2;32;30;43m[38;2;32;30;43m▓[0m[48;2;41;39;52m[38;2;41;39;52m▒[0m[48;2;58;56;69m[38;2;58;56;69m░[0m[48;2;48;45;60m[38;2;48;45;60m▒[0m[48;2;64;61;77m[38;2;64;61;77m░[0m[48;2;56;53;69m[38;2;56;53;69m░[0m[48;2;46;43;58m[38;2;46;43;58m▒[0m[48;2;44;42;58m[38;2;44;42;58m▒[0m[48;2;44;42;59m[38;2;44;42;59m▒[0m[48;2;43;41;58m[38;2;43;41;58m▒[0m[48;2;38;37;54m[38;2;38;37;54m▒[0m[48;2;32;30;46m[38;2;32;30;46m▓[0m[48;2;24;22;37m[38;2;24;22;37m▓[0m[48;2;50;48;58m[38;2;50;48;58m▒[0m[48;2;134;133;138m[38;2;134;133;138m*[0m[48;2;237;236;238m[38;2;237;236;238m.[0m                                            
                                             [48;2;162;161;163m[38;2;162;161;163m+[0m[48;2;40;38;45m[38;2;40;38;45m▒[0m[48;2;30;28;39m[38;2;30;28;39m▓[0m[48;2;45;43;56m[38;2;45;43;56m▒[0m[48;2;62;59;73m[38;2;62;59;73m░[0m[48;2;60;57;69m[38;2;60;57;69m░[0m[48;2;46;43;54m[38;2;46;43;54m▒[0m[48;2;47;42;53m[38;2;47;42;53m▒[0m[48;2;55;47;58m[38;2;55;47;58m▒[0m[48;2;65;56;67m[38;2;65;56;67m░[0m[48;2;67;60;68m[38;2;67;60;68m░[0m[48;2;60;52;61m[38;2;60;52;61m░[0m[48;2;50;42;54m[38;2;50;42;54m▒[0m[48;2;34;27;39m[38;2;34;27;39m▓[0m[48;2;24;19;31m[38;2;24;19;31m▓[0m[48;2;31;27;41m[38;2;31;27;41m▓[0m[48;2;42;39;54m[38;2;42;39;54m▒[0m[48;2;45;42;58m[38;2;45;42;58m▒[0m[48;2;45;42;57m[38;2;45;42;57m▒[0m[48;2;34;31;46m[38;2;34;31;46m▓[0m[48;2;31;29;39m[38;2;31;29;39m▓[0m[48;2;150;149;152m[38;2;150;149;152m+[0m                                           
                                           [48;2;220;220;221m[38;2;220;220;221m.[0m[48;2;69;68;72m[38;2;69;68;72m░[0m[48;2;9;7;14m[38;2;9;7;14m█[0m[48;2;24;21;31m[38;2;24;21;31m▓[0m[48;2;38;34;45m[38;2;38;34;45m▓[0m[48;2;56;48;57m[38;2;56;48;57m▒[0m[48;2;50;42;49m[38;2;50;42;49m▒[0m[48;2;76;67;76m[38;2;76;67;76m░[0m[48;2;87;75;85m[38;2;87;75;85m@[0m[48;2;71;58;68m[38;2;71;58;68m░[0m[48;2;72;59;70m[38;2;72;59;70m░[0m[48;2;73;57;70m[38;2;73;57;70m░[0m[48;2;100;86;96m[38;2;100;86;96m@[0m[48;2;161;143;154m[38;2;161;143;154m+[0m[48;2;159;141;152m[38;2;159;141;152m+[0m[48;2;159;140;152m[38;2;159;140;152m+[0m[48;2;152;134;147m[38;2;152;134;147m*[0m[48;2;116;100;112m[38;2;116;100;112m%[0m[48;2;63;50;62m[38;2;63;50;62m░[0m[48;2;41;30;43m[38;2;41;30;43m▓[0m[48;2;66;57;70m[38;2;66;57;70m░[0m[48;2;66;59;73m[38;2;66;59;73m░[0m[48;2;51;46;59m[38;2;51;46;59m▒[0m[48;2;26;24;32m[38;2;26;24;32m▓[0m[48;2;80;79;80m[38;2;80;79;80m@[0m[48;2;233;232;233m[38;2;233;232;233m.[0m                                         
                                          [48;2;228;228;228m[38;2;228;228;228m.[0m[48;2;31;29;32m[38;2;31;29;32m▓[0m[48;2;56;50;55m[38;2;56;50;55m▒[0m[48;2;91;82;90m[38;2;91;82;90m@[0m[48;2;77;66;75m[38;2;77;66;75m░[0m[48;2;73;61;70m[38;2;73;61;70m░[0m[48;2;151;133;145m[38;2;151;133;145m*[0m[48;2;158;138;150m[38;2;158;138;150m*[0m[48;2;160;140;154m[38;2;160;140;154m+[0m[48;2;160;139;154m[38;2;160;139;154m+[0m[48;2;160;140;155m[38;2;160;140;155m+[0m[48;2;160;141;155m[38;2;160;141;155m+[0m[48;2;160;141;155m[38;2;160;141;155m+[0m[48;2;157;137;151m[38;2;157;137;151m*[0m[48;2;161;141;155m[38;2;161;141;155m+[0m[48;2;159;138;153m[38;2;159;138;153m*[0m[48;2;160;139;154m[38;2;160;139;154m+[0m[48;2;160;140;154m[38;2;160;140;154m+[0m[48;2;137;116;131m[38;2;137;116;131m#[0m[48;2;160;140;153m[38;2;160;140;153m+[0m[48;2;138;119;133m[38;2;138;119;133m#[0m[48;2;56;42;55m[38;2;56;42;55m▒[0m[48;2;28;19;29m[38;2;28;19;29m▓[0m[48;2;37;29;42m[38;2;37;29;42m▓[0m[48;2;15;10;21m[38;2;15;10;21m█[0m[48;2;14;9;19m[38;2;14;9;19m█[0m[48;2;51;45;61m[38;2;51;45;61m▒[0m[48;2;198;197;198m[38;2;198;197;198m-[0m                                        
                                         [48;2;205;205;206m[38;2;205;205;206m:[0m[48;2;51;47;51m[38;2;51;47;51m▒[0m[48;2;119;109;117m[38;2;119;109;117m#[0m[48;2;66;54;63m[38;2;66;54;63m░[0m[48;2;76;65;74m[38;2;76;65;74m░[0m[48;2;139;122;134m[38;2;139;122;134m*[0m[48;2;158;139;150m[38;2;158;139;150m*[0m[48;2;160;140;153m[38;2;160;140;153m+[0m[48;2;161;140;155m[38;2;161;140;155m+[0m[48;2;161;140;155m[38;2;161;140;155m+[0m[48;2;161;140;155m[38;2;161;140;155m+[0m[48;2;159;138;153m[38;2;159;138;153m*[0m[48;2;137;118;131m[38;2;137;118;131m#[0m[48;2;146;126;141m[38;2;146;126;141m*[0m[48;2;161;140;155m[38;2;161;140;155m+[0m[48;2;161;140;155m[38;2;161;140;155m+[0m[48;2;161;140;155m[38;2;161;140;155m+[0m[48;2;161;140;155m[38;2;161;140;155m+[0m[48;2;160;139;154m[38;2;160;139;154m+[0m[48;2;71;54;67m[38;2;71;54;67m░[0m[48;2;104;86;99m[38;2;104;86;99m%[0m[48;2;160;141;155m[38;2;160;141;155m+[0m[48;2;157;140;153m[38;2;157;140;153m+[0m[48;2;86;73;81m[38;2;86;73;81m@[0m[48;2;49;35;66m[38;2;49;35;66m▒[0m[48;2;62;46;102m[38;2;62;46;102m░[0m[48;2;56;39;86m[38;2;56;39;86m▒[0m[48;2;51;34;82m[38;2;51;34;82m▒[0m[48;2;24;21;25m[38;2;24;21;25m▓[0m[48;2;210;209;210m[38;2;210;209;210m:[0m                                       
                                        [48;2;228;228;228m[38;2;228;228;228m.[0m[48;2;37;34;38m[38;2;37;34;38m▓[0m[48;2;139;126;137m[38;2;139;126;137m*[0m[48;2;158;141;153m[38;2;158;141;153m+[0m[48;2;137;119;131m[38;2;137;119;131m#[0m[48;2;160;142;154m[38;2;160;142;154m+[0m[48;2;161;141;154m[38;2;161;141;154m+[0m[48;2;161;140;154m[38;2;161;140;154m+[0m[48;2;161;140;155m[38;2;161;140;155m+[0m[48;2;161;140;155m[38;2;161;140;155m+[0m[48;2;161;140;155m[38;2;161;140;155m+[0m[48;2;160;140;154m[38;2;160;140;154m+[0m[48;2;154;134;149m[38;2;154;134;149m*[0m[48;2;115;99;110m[38;2;115;99;110m%[0m[48;2;58;43;55m[38;2;58;43;55m▒[0m[48;2;156;136;151m[38;2;156;136;151m*[0m[48;2;160;139;154m[38;2;160;139;154m+[0m[48;2;140;119;134m[38;2;140;119;134m#[0m[48;2;146;126;140m[38;2;146;126;140m*[0m[48;2;161;140;155m[38;2;161;140;155m+[0m[48;2;154;135;149m[38;2;154;135;149m*[0m[48;2;64;47;60m[38;2;64;47;60m▒[0m[48;2;98;82;94m[38;2;98;82;94m@[0m[48;2;156;140;153m[38;2;156;140;153m*[0m[48;2;159;142;153m[38;2;159;142;153m+[0m[48;2;76;63;72m[38;2;76;63;72m░[0m[48;2;65;47;96m[38;2;65;47;96m░[0m[48;2;111;82;172m[38;2;111;82;172m%[0m[48;2;61;45;93m[38;2;61;45;93m░[0m[48;2;25;18;43m[38;2;25;18;43m▓[0m[48;2;47;44;47m[38;2;47;44;47m▒[0m                                       
                                        [48;2;77;76;78m[38;2;77;76;78m@[0m[48;2;111;101;110m[38;2;111;101;110m%[0m[48;2;129;113;125m[38;2;129;113;125m#[0m[48;2;142;123;136m[38;2;142;123;136m*[0m[48;2;162;143;157m[38;2;162;143;157m+[0m[48;2;93;76;89m[38;2;93;76;89m@[0m[48;2;129;111;124m[38;2;129;111;124m#[0m[48;2;81;64;76m[38;2;81;64;76m░[0m[48;2;152;133;146m[38;2;152;133;146m*[0m[48;2;162;141;156m[38;2;162;141;156m+[0m[48;2;162;141;156m[38;2;162;141;156m+[0m[48;2;129;110;123m[38;2;129;110;123m#[0m[48;2;54;42;51m[38;2;54;42;51m▒[0m[48;2;152;138;148m[38;2;152;138;148m*[0m[48;2;68;53;63m[38;2;68;53;63m░[0m[48;2;41;30;39m[38;2;41;30;39m▓[0m[48;2;108;96;107m[38;2;108;96;107m%[0m[48;2;124;112;123m[38;2;124;112;123m#[0m[48;2;44;32;42m[38;2;44;32;42m▒[0m[48;2;123;107;119m[38;2;123;107;119m#[0m[48;2;160;140;155m[38;2;160;140;155m+[0m[48;2;158;137;152m[38;2;158;137;152m*[0m[48;2;85;69;79m[38;2;85;69;79m@[0m[48;2;73;59;68m[38;2;73;59;68m░[0m[48;2;149;133;144m[38;2;149;133;144m*[0m[48;2;155;140;153m[38;2;155;140;153m*[0m[48;2;72;61;70m[38;2;72;61;70m░[0m[48;2;38;25;50m[38;2;38;25;50m▓[0m[48;2;6;1;10m[38;2;6;1;10m█[0m[48;2;13;9;18m[38;2;13;9;18m█[0m[48;2;19;15;24m[38;2;19;15;24m█[0m[48;2;162;161;162m[38;2;162;161;162m+[0m                                      
                                       [48;2;203;203;203m[38;2;203;203;203m:[0m[48;2;45;40;44m[38;2;45;40;44m▒[0m[48;2;158;144;154m[38;2;158;144;154m+[0m[48;2;41;29;38m[38;2;41;29;38m▓[0m[48;2;139;125;135m[38;2;139;125;135m*[0m[48;2;126;111;122m[38;2;126;111;122m#[0m[48;2;30;17;28m[38;2;30;17;28m▓[0m[48;2;125;112;124m[38;2;125;112;124m#[0m[48;2;34;22;33m[38;2;34;22;33m▓[0m[48;2;156;141;154m[38;2;156;141;154m+[0m[48;2;160;141;155m[38;2;160;141;155m+[0m[48;2;160;141;155m[38;2;160;141;155m+[0m[48;2;151;133;145m[38;2;151;133;145m*[0m[48;2;16;8;14m[38;2;16;8;14m█[0m[48;2;82;71;80m[38;2;82;71;80m@[0m[48;2;146;132;142m[38;2;146;132;142m*[0m[48;2;43;33;41m[38;2;43;33;41m▒[0m[48;2;89;82;89m[38;2;89;82;89m@[0m[48;2;81;75;80m[38;2;81;75;80m@[0m[48;2;61;54;61m[38;2;61;54;61m░[0m[48;2;21;14;20m[38;2;21;14;20m█[0m[48;2;81;70;78m[38;2;81;70;78m@[0m[48;2;142;126;138m[38;2;142;126;138m*[0m[48;2;156;140;151m[38;2;156;140;151m*[0m[48;2;122;107;118m[38;2;122;107;118m#[0m[48;2;51;40;49m[38;2;51;40;49m▒[0m[48;2;106;93;104m[38;2;106;93;104m%[0m[48;2;156;140;152m[38;2;156;140;152m*[0m[48;2;102;89;99m[38;2;102;89;99m%[0m[48;2;30;20;31m[38;2;30;20;31m▓[0m[48;2;27;18;29m[38;2;27;18;29m▓[0m[48;2;15;8;17m[38;2;15;8;17m█[0m[48;2;121;117;122m[38;2;121;117;122m#[0m                                      
                                       [48;2;125;124;124m[38;2;125;124;124m#[0m[48;2;98;87;94m[38;2;98;87;94m@[0m[48;2;150;135;145m[38;2;150;135;145m*[0m[48;2;24;15;21m[38;2;24;15;21m▓[0m[48;2;64;55;62m[38;2;64;55;62m░[0m[48;2;76;69;74m[38;2;76;69;74m░[0m[48;2;34;27;34m[38;2;34;27;34m▓[0m[48;2;104;94;104m[38;2;104;94;104m%[0m[48;2;14;5;14m[38;2;14;5;14m█[0m[48;2;47;36;44m[38;2;47;36;44m▒[0m[48;2;96;82;92m[38;2;96;82;92m@[0m[48;2;160;142;154m[38;2;160;142;154m+[0m[48;2;160;142;154m[38;2;160;142;154m+[0m[48;2;83;72;80m[38;2;83;72;80m@[0m[48;2;18;10;16m[38;2;18;10;16m█[0m[48;2;52;44;52m[38;2;52;44;52m▒[0m[48;2;76;69;79m[38;2;76;69;79m░[0m[48;2;19;10;29m[38;2;19;10;29m█[0m[48;2;55;45;68m[38;2;55;45;68m▒[0m[48;2;72;65;71m[38;2;72;65;71m░[0m[48;2;28;22;26m[38;2;28;22;26m▓[0m[48;2;11;6;10m[38;2;11;6;10m█[0m[48;2;59;52;57m[38;2;59;52;57m▒[0m[48;2;62;53;60m[38;2;62;53;60m░[0m[48;2;80;69;78m[38;2;80;69;78m@[0m[48;2;103;92;102m[38;2;103;92;102m%[0m[48;2;67;57;64m[38;2;67;57;64m░[0m[48;2;39;30;38m[38;2;39;30;38m▓[0m[48;2;66;56;64m[38;2;66;56;64m░[0m[48;2;62;51;61m[38;2;62;51;61m░[0m[48;2;16;6;16m[38;2;16;6;16m█[0m[48;2;47;38;48m[38;2;47;38;48m▒[0m[48;2;70;65;71m[38;2;70;65;71m░[0m[48;2;84;81;85m[38;2;84;81;85m@[0m[48;2;179;178;180m[38;2;179;178;180m=[0m                                    
                                       [48;2;73;72;73m[38;2;73;72;73m░[0m[48;2;129;117;124m[38;2;129;117;124m#[0m[48;2;146;130;140m[38;2;146;130;140m*[0m[48;2;8;1;6m[38;2;8;1;6m█[0m[48;2;26;20;25m[38;2;26;20;25m▓[0m[48;2;157;151;156m[38;2;157;151;156m+[0m[48;2;32;26;31m[38;2;32;26;31m▓[0m[48;2;48;40;52m[38;2;48;40;52m▒[0m[48;2;42;31;48m[38;2;42;31;48m▓[0m[48;2;16;5;23m[38;2;16;5;23m█[0m[48;2;15;7;15m[38;2;15;7;15m█[0m[48;2;66;56;63m[38;2;66;56;63m░[0m[48;2;80;71;76m[38;2;80;71;76m@[0m[48;2;93;85;90m[38;2;93;85;90m@[0m[48;2;114;106;109m[38;2;114;106;109m%[0m[48;2;19;10;21m[38;2;19;10;21m█[0m[48;2;72;44;132m[38;2;72;44;132m░[0m[48;2;83;45;152m[38;2;83;45;152m░[0m[48;2;79;42;136m[38;2;79;42;136m░[0m[48;2;72;62;71m[38;2;72;62;71m░[0m[48;2;172;165;165m[38;2;172;165;165m=[0m[48;2;140;132;131m[38;2;140;132;131m*[0m[48;2;60;52;56m[38;2;60;52;56m▒[0m[48;2;148;138;146m[38;2;148;138;146m*[0m[48;2;141;129;139m[38;2;141;129;139m*[0m[48;2;114;102;112m[38;2;114;102;112m%[0m[48;2;28;17;26m[38;2;28;17;26m▓[0m[48;2;63;52;61m[38;2;63;52;61m░[0m[48;2;85;75;83m[38;2;85;75;83m@[0m[48;2;93;82;90m[38;2;93;82;90m@[0m[48;2;143;131;141m[38;2;143;131;141m*[0m[48;2;155;141;152m[38;2;155;141;152m+[0m[48;2;159;143;154m[38;2;159;143;154m+[0m[48;2;150;135;146m[38;2;150;135;146m*[0m[48;2;101;89;98m[38;2;101;89;98m%[0m[48;2;66;58;65m[38;2;66;58;65m░[0m[48;2;126;124;126m[38;2;126;124;126m#[0m[48;2;230;229;230m[38;2;230;229;230m.[0m                                 
                                       [48;2;73;72;72m[38;2;73;72;72m░[0m[48;2;128;118;125m[38;2;128;118;125m#[0m[48;2;155;138;149m[38;2;155;138;149m*[0m[48;2;16;9;15m[38;2;16;9;15m█[0m[48;2;95;90;93m[38;2;95;90;93m%[0m[48;2;177;168;172m[38;2;177;168;172m=[0m[48;2;39;31;36m[38;2;39;31;36m▓[0m[48;2;68;39;132m[38;2;68;39;132m░[0m[48;2;80;38;154m[38;2;80;38;154m░[0m[48;2;79;37;151m[38;2;79;37;151m░[0m[48;2;31;18;42m[38;2;31;18;42m▓[0m[48;2;237;225;227m[38;2;237;225;227m.[0m[48;2;246;234;232m[38;2;246;234;232m.[0m[48;2;246;234;229m[38;2;246;234;229m.[0m[48;2;246;233;228m[38;2;246;233;228m.[0m[48;2;111;99;100m[38;2;111;99;100m%[0m[48;2;126;105;125m[38;2;126;105;125m#[0m[48;2;215;163;215m[38;2;215;163;215m-[0m[48;2;202;150;206m[38;2;202;150;206m=[0m[48;2;44;31;44m[38;2;44;31;44m▓[0m[48;2;245;232;230m[38;2;245;232;230m.[0m[48;2;247;230;225m[38;2;247;230;225m.[0m[48;2;174;155;149m[38;2;174;155;149m+[0m[48;2;57;43;48m[38;2;57;43;48m▒[0m[48;2;140;124;136m[38;2;140;124;136m*[0m[48;2;159;144;155m[38;2;159;144;155m+[0m[48;2;143;128;138m[38;2;143;128;138m*[0m[48;2;59;48;56m[38;2;59;48;56m▒[0m[48;2;81;71;79m[38;2;81;71;79m@[0m[48;2;142;131;140m[38;2;142;131;140m*[0m[48;2;154;140;151m[38;2;154;140;151m*[0m[48;2;157;139;153m[38;2;157;139;153m*[0m[48;2;160;139;154m[38;2;160;139;154m+[0m[48;2;161;140;155m[38;2;161;140;155m+[0m[48;2;161;140;155m[38;2;161;140;155m+[0m[48;2;160;141;155m[38;2;160;141;155m+[0m[48;2;126;112;123m[38;2;126;112;123m#[0m[48;2;60;55;60m[38;2;60;55;60m░[0m[48;2;117;115;118m[38;2;117;115;118m#[0m                                
                                       [48;2;148;148;148m[38;2;148;148;148m+[0m[48;2;78;70;75m[38;2;78;70;75m░[0m[48;2;160;143;154m[38;2;160;143;154m+[0m[48;2;73;64;72m[38;2;73;64;72m░[0m[48;2;54;47;52m[38;2;54;47;52m▒[0m[48;2;246;236;237m[38;2;246;236;237m [0m[48;2;129;118;120m[38;2;129;118;120m#[0m[48;2;113;93;121m[38;2;113;93;121m%[0m[48;2;208;163;215m[38;2;208;163;215m=[0m[48;2;207;153;214m[38;2;207;153;214m=[0m[48;2;51;30;54m[38;2;51;30;54m▒[0m[48;2;224;212;213m[38;2;224;212;213m:[0m[48;2;250;236;231m[38;2;250;236;231m [0m[48;2;250;234;228m[38;2;250;234;228m [0m[48;2;251;235;229m[38;2;251;235;229m [0m[48;2;244;228;226m[38;2;244;228;226m.[0m[48;2;127;115;116m[38;2;127;115;116m#[0m[48;2;93;80;85m[38;2;93;80;85m@[0m[48;2;91;77;83m[38;2;91;77;83m@[0m[48;2;177;165;165m[38;2;177;165;165m=[0m[48;2;243;223;217m[38;2;243;223;217m.[0m[48;2;237;203;194m[38;2;237;203;194m:[0m[48;2;239;206;196m[38;2;239;206;196m:[0m[48;2;213;197;198m[38;2;213;197;198m:[0m[48;2;74;62;67m[38;2;74;62;67m░[0m[48;2;100;87;95m[38;2;100;87;95m%[0m[48;2;156;141;150m[38;2;156;141;150m+[0m[48;2;156;143;152m[38;2;156;143;152m+[0m[48;2;111;101;109m[38;2;111;101;109m%[0m[48;2;65;55;63m[38;2;65;55;63m░[0m[48;2;69;57;67m[38;2;69;57;67m░[0m[48;2;104;89;101m[38;2;104;89;101m%[0m[48;2;132;116;128m[38;2;132;116;128m#[0m[48;2;143;127;140m[38;2;143;127;140m*[0m[48;2;145;128;141m[38;2;145;128;141m*[0m[48;2;140;124;136m[38;2;140;124;136m*[0m[48;2;124;110;122m[38;2;124;110;122m#[0m[48;2;156;143;155m[38;2;156;143;155m+[0m[48;2;87;79;85m[38;2;87;79;85m@[0m[48;2;117;115;118m[38;2;117;115;118m#[0m                               
                                       [48;2;237;237;237m[38;2;237;237;237m.[0m[48;2;44;40;42m[38;2;44;40;42m▒[0m[48;2;136;123;133m[38;2;136;123;133m*[0m[48;2;149;136;146m[38;2;149;136;146m*[0m[48;2;54;44;51m[38;2;54;44;51m▒[0m[48;2;169;159;162m[38;2;169;159;162m+[0m[48;2;234;218;220m[38;2;234;218;220m.[0m[48;2;87;73;77m[38;2;87;73;77m@[0m[48;2;106;80;103m[38;2;106;80;103m@[0m[48;2;100;72;95m[38;2;100;72;95m@[0m[48;2;113;99;106m[38;2;113;99;106m%[0m[48;2;249;235;232m[38;2;249;235;232m [0m[48;2;251;235;230m[38;2;251;235;230m [0m[48;2;142;126;122m[38;2;142;126;122m*[0m[48;2;149;135;131m[38;2;149;135;131m*[0m[48;2;251;236;231m[38;2;251;236;231m [0m[48;2;250;237;232m[38;2;250;237;232m [0m[48;2;250;235;230m[38;2;250;235;230m [0m[48;2;251;235;229m[38;2;251;235;229m [0m[48;2;250;234;227m[38;2;250;234;227m [0m[48;2;249;233;225m[38;2;249;233;225m.[0m[48;2;250;234;227m[38;2;250;234;227m [0m[48;2;250;234;228m[38;2;250;234;228m [0m[48;2;250;234;231m[38;2;250;234;231m [0m[48;2;146;133;137m[38;2;146;133;137m*[0m[48;2;51;40;46m[38;2;51;40;46m▒[0m[48;2;59;47;54m[38;2;59;47;54m▒[0m[48;2;74;64;72m[38;2;74;64;72m░[0m[48;2;29;21;28m[38;2;29;21;28m▓[0m[48;2;84;74;83m[38;2;84;74;83m@[0m[48;2;103;94;102m[38;2;103;94;102m%[0m[48;2;81;71;79m[38;2;81;71;79m@[0m[48;2;49;39;47m[38;2;49;39;47m▒[0m[48;2;24;15;23m[38;2;24;15;23m▓[0m[48;2;10;4;10m[38;2;10;4;10m█[0m[48;2;44;35;43m[38;2;44;35;43m▒[0m[48;2;109;96;108m[38;2;109;96;108m%[0m[48;2;158;142;155m[38;2;158;142;155m+[0m[48;2;154;140;152m[38;2;154;140;152m*[0m[48;2;36;30;35m[38;2;36;30;35m▓[0m[48;2;225;224;225m[38;2;225;224;225m.[0m                              
                                        [48;2;69;68;68m[38;2;69;68;68m░[0m[48;2;26;21;25m[38;2;26;21;25m▓[0m[48;2;88;82;87m[38;2;88;82;87m@[0m[48;2;122;113;120m[38;2;122;113;120m#[0m[48;2;62;54;58m[38;2;62;54;58m░[0m[48;2;90;80;82m[38;2;90;80;82m@[0m[48;2;211;198;199m[38;2;211;198;199m:[0m[48;2;221;209;205m[38;2;221;209;205m:[0m[48;2;230;215;210m[38;2;230;215;210m:[0m[48;2;249;234;228m[38;2;249;234;228m [0m[48;2;250;235;227m[38;2;250;235;227m [0m[48;2;251;235;229m[38;2;251;235;229m [0m[48;2;250;234;228m[38;2;250;234;228m [0m[48;2;252;236;230m[38;2;252;236;230m [0m[48;2;252;236;230m[38;2;252;236;230m [0m[48;2;250;234;229m[38;2;250;234;229m [0m[48;2;250;234;228m[38;2;250;234;228m [0m[48;2;250;234;228m[38;2;250;234;228m [0m[48;2;250;235;227m[38;2;250;235;227m [0m[48;2;250;235;227m[38;2;250;235;227m [0m[48;2;250;235;228m[38;2;250;235;228m [0m[48;2;231;217;211m[38;2;231;217;211m.[0m[48;2;138;126;125m[38;2;138;126;125m*[0m[48;2;61;50;53m[38;2;61;50;53m▒[0m[48;2;140;129;136m[38;2;140;129;136m*[0m[48;2;127;116;123m[38;2;127;116;123m#[0m[48;2;85;75;83m[38;2;85;75;83m@[0m[48;2;27;21;27m[38;2;27;21;27m▓[0m[48;2;5;1;5m[38;2;5;1;5m█[0m[48;2;14;10;14m[38;2;14;10;14m█[0m[48;2;24;19;22m[38;2;24;19;22m▓[0m[48;2;9;3;7m[38;2;9;3;7m█[0m[48;2;48;42;47m[38;2;48;42;47m▒[0m[48;2;62;57;62m[38;2;62;57;62m░[0m[48;2;106;97;104m[38;2;106;97;104m%[0m[48;2;156;141;154m[38;2;156;141;154m+[0m[48;2;161;140;155m[38;2;161;140;155m+[0m[48;2;161;142;156m[38;2;161;142;156m+[0m[48;2;79;66;76m[38;2;79;66;76m░[0m[48;2;161;158;161m[38;2;161;158;161m+[0m                              
                                        [48;2;50;50;50m[38;2;50;50;50m▒[0m[48;2;48;46;47m[38;2;48;46;47m▒[0m[48;2;60;57;58m[38;2;60;57;58m░[0m[48;2;139;131;134m[38;2;139;131;134m*[0m[48;2;125;117;119m[38;2;125;117;119m#[0m[48;2;127;119;121m[38;2;127;119;121m#[0m[48;2;177;165;163m[38;2;177;165;163m=[0m[48;2;250;236;231m[38;2;250;236;231m [0m[48;2;250;234;228m[38;2;250;234;228m [0m[48;2;250;235;227m[38;2;250;235;227m [0m[48;2;249;235;227m[38;2;249;235;227m [0m[48;2;250;235;229m[38;2;250;235;229m [0m[48;2;252;237;231m[38;2;252;237;231m [0m[48;2;251;236;231m[38;2;251;236;231m [0m[48;2;244;230;225m[38;2;244;230;225m.[0m[48;2;221;208;203m[38;2;221;208;203m:[0m[48;2;188;176;171m[38;2;188;176;171m=[0m[48;2;154;143;141m[38;2;154;143;141m*[0m[48;2;124;115;113m[38;2;124;115;113m#[0m[48;2;81;73;72m[38;2;81;73;72m@[0m[48;2;41;35;36m[38;2;41;35;36m▒[0m[48;2;14;10;12m[38;2;14;10;12m█[0m[48;2;7;4;6m[38;2;7;4;6m█[0m[48;2;26;21;26m[38;2;26;21;26m▓[0m[48;2;98;93;98m[38;2;98;93;98m%[0m[48;2;30;24;29m[38;2;30;24;29m▓[0m[48;2;12;8;14m[38;2;12;8;14m█[0m[48;2;24;20;30m[38;2;24;20;30m▓[0m[48;2;36;32;40m[38;2;36;32;40m▓[0m[48;2;226;222;227m[38;2;226;222;227m.[0m[48;2;211;207;211m[38;2;211;207;211m:[0m[48;2;54;48;51m[38;2;54;48;51m▒[0m[48;2;186;181;185m[38;2;186;181;185m-[0m[48;2;95;91;95m[38;2;95;91;95m%[0m[48;2;76;67;75m[38;2;76;67;75m░[0m[48;2;157;142;154m[38;2;157;142;154m+[0m[48;2;161;140;155m[38;2;161;140;155m+[0m[48;2;161;141;156m[38;2;161;141;156m+[0m[48;2;80;67;78m[38;2;80;67;78m░[0m[48;2;158;153;158m[38;2;158;153;158m+[0m                              
                                        [48;2;239;239;239m[38;2;239;239;239m [0m[48;2;215;214;215m[38;2;215;214;215m:[0m[48;2;79;77;78m[38;2;79;77;78m@[0m[48;2;61;55;58m[38;2;61;55;58m░[0m[48;2;117;110;112m[38;2;117;110;112m#[0m[48;2;130;123;124m[38;2;130;123;124m#[0m[48;2;134;126;124m[38;2;134;126;124m*[0m[48;2;129;122;119m[38;2;129;122;119m#[0m[48;2;122;115;113m[38;2;122;115;113m#[0m[48;2;113;106;104m[38;2;113;106;104m%[0m[48;2;103;97;95m[38;2;103;97;95m%[0m[48;2;89;83;81m[38;2;89;83;81m@[0m[48;2;90;86;85m[38;2;90;86;85m@[0m[48;2;65;61;60m[38;2;65;61;60m░[0m[48;2;88;84;83m[38;2;88;84;83m@[0m[48;2;96;91;92m[38;2;96;91;92m%[0m[48;2;13;10;12m[38;2;13;10;12m█[0m[48;2;34;28;31m[38;2;34;28;31m▓[0m[48;2;39;34;37m[38;2;39;34;37m▓[0m[48;2;22;17;21m[38;2;22;17;21m▓[0m[48;2;37;32;38m[38;2;37;32;38m▓[0m[48;2;21;18;24m[38;2;21;18;24m▓[0m[48;2;12;10;16m[38;2;12;10;16m█[0m[48;2;14;12;16m[38;2;14;12;16m█[0m[48;2;18;15;19m[38;2;18;15;19m█[0m[48;2;27;23;34m[38;2;27;23;34m▓[0m[48;2;35;30;45m[38;2;35;30;45m▓[0m[48;2;21;16;32m[38;2;21;16;32m▓[0m[48;2;129;126;134m[38;2;129;126;134m#[0m [48;2;217;215;218m[38;2;217;215;218m:[0m[48;2;21;18;21m[38;2;21;18;21m▓[0m[48;2;127;122;126m[38;2;127;122;126m#[0m[48;2;48;45;49m[38;2;48;45;49m▒[0m[48;2;103;94;101m[38;2;103;94;101m%[0m[48;2;144;129;140m[38;2;144;129;140m*[0m[48;2;161;141;154m[38;2;161;141;154m+[0m[48;2;149;131;144m[38;2;149;131;144m*[0m[48;2;43;34;43m[38;2;43;34;43m▒[0m[48;2;230;228;230m[38;2;230;228;230m.[0m                              
                                    [48;2;228;227;228m[38;2;228;227;228m.[0m[48;2;80;77;80m[38;2;80;77;80m@[0m[48;2;71;69;71m[38;2;71;69;71m░[0m[48;2;36;35;37m[38;2;36;35;37m▓[0m[48;2;22;19;27m[38;2;22;19;27m▓[0m[48;2;22;18;28m[38;2;22;18;28m▓[0m[48;2;11;8;17m[38;2;11;8;17m█[0m[48;2;36;33;41m[38;2;36;33;41m▓[0m[48;2;26;23;30m[38;2;26;23;30m▓[0m[48;2;20;17;22m[38;2;20;17;22m▓[0m[48;2;56;52;56m[38;2;56;52;56m▒[0m[48;2;7;3;6m[38;2;7;3;6m█[0m[48;2;35;31;34m[38;2;35;31;34m▓[0m[48;2;31;27;29m[38;2;31;27;29m▓[0m[48;2;53;48;51m[38;2;53;48;51m▒[0m[48;2;22;18;23m[38;2;22;18;23m▓[0m[48;2;42;39;43m[38;2;42;39;43m▒[0m[48;2;134;131;135m[38;2;134;131;135m*[0m[48;2;62;59;62m[38;2;62;59;62m░[0m[48;2;9;7;10m[38;2;9;7;10m█[0m[48;2;34;31;35m[38;2;34;31;35m▓[0m[48;2;54;49;54m[38;2;54;49;54m▒[0m[48;2;16;12;17m[38;2;16;12;17m█[0m[48;2;34;27;30m[38;2;34;27;30m▓[0m[48;2;97;89;89m[38;2;97;89;89m@[0m[48;2;67;59;63m[38;2;67;59;63m░[0m[48;2;33;28;42m[38;2;33;28;42m▓[0m[48;2;9;6;16m[38;2;9;6;16m█[0m[48;2;4;1;9m[38;2;4;1;9m█[0m[48;2;24;20;33m[38;2;24;20;33m▓[0m[48;2;35;30;46m[38;2;35;30;46m▓[0m[48;2;14;10;24m[38;2;14;10;24m█[0m[48;2;185;182;189m[38;2;185;182;189m-[0m[48;2;243;240;244m[38;2;243;240;244m [0m[48;2;242;240;243m[38;2;242;240;243m [0m[48;2;57;56;57m[38;2;57;56;57m░[0m[48;2;167;164;168m[38;2;167;164;168m=[0m[48;2;72;68;72m[38;2;72;68;72m░[0m[48;2;57;49;55m[38;2;57;49;55m▒[0m[48;2;145;132;141m[38;2;145;132;141m*[0m[48;2;150;134;145m[38;2;150;134;145m*[0m[48;2;57;45;54m[38;2;57;45;54m▒[0m[48;2;178;173;178m[38;2;178;173;178m=[0m                               
                                   [48;2;105;104;105m[38;2;105;104;105m%[0m[48;2;75;73;75m[38;2;75;73;75m@[0m[48;2;82;79;82m[38;2;82;79;82m@[0m[48;2;217;215;217m[38;2;217;215;217m:[0m[48;2;18;17;19m[38;2;18;17;19m█[0m[48;2;36;32;47m[38;2;36;32;47m▓[0m[48;2;38;33;51m[38;2;38;33;51m▓[0m[48;2;38;32;52m[38;2;38;32;52m▓[0m[48;2;35;30;49m[38;2;35;30;49m▓[0m[48;2;28;23;37m[38;2;28;23;37m▓[0m[48;2;9;5;15m[38;2;9;5;15m█[0m[48;2;18;14;24m[38;2;18;14;24m█[0m[48;2;15;12;23m[38;2;15;12;23m█[0m[48;2;19;14;26m[38;2;19;14;26m█[0m[48;2;13;9;17m[38;2;13;9;17m█[0m[48;2;23;19;26m[38;2;23;19;26m▓[0m[48;2;36;33;39m[38;2;36;33;39m▓[0m[48;2;22;20;25m[38;2;22;20;25m▓[0m[48;2;134;131;137m[38;2;134;131;137m*[0m[48;2;14;12;15m[38;2;14;12;15m█[0m[48;2;42;40;43m[38;2;42;40;43m▒[0m[48;2;18;15;19m[38;2;18;15;19m█[0m[48;2;30;27;31m[38;2;30;27;31m▓[0m[48;2;82;77;76m[38;2;82;77;76m@[0m[48;2;104;95;97m[38;2;104;95;97m%[0m[48;2;60;48;50m[38;2;60;48;50m▒[0m[48;2;124;113;102m[38;2;124;113;102m#[0m[48;2;36;29;49m[38;2;36;29;49m▓[0m[48;2;34;29;46m[38;2;34;29;46m▓[0m[48;2;11;8;19m[38;2;11;8;19m█[0m[48;2;10;7;16m[38;2;10;7;16m█[0m[48;2;29;25;35m[38;2;29;25;35m▓[0m[48;2;8;5;12m[38;2;8;5;12m█[0m[48;2;109;106;109m[38;2;109;106;109m%[0m[48;2;165;162;165m[38;2;165;162;165m+[0m[48;2;181;179;181m[38;2;181;179;181m=[0m[48;2;134;132;133m[38;2;134;132;133m*[0m[48;2;52;50;52m[38;2;52;50;52m▒[0m[48;2;36;33;37m[38;2;36;33;37m▓[0m[48;2;145;138;144m[38;2;145;138;144m*[0m[48;2;134;123;132m[38;2;134;123;132m#[0m[48;2;50;42;50m[38;2;50;42;50m▒[0m[48;2;185;179;184m[38;2;185;179;184m=[0m                                
                                  [48;2;236;236;236m[38;2;236;236;236m.[0m[48;2;106;105;106m[38;2;106;105;106m%[0m[48;2;103;101;103m[38;2;103;101;103m%[0m[48;2;45;41;45m[38;2;45;41;45m▒[0m [48;2;115;113;116m[38;2;115;113;116m#[0m[48;2;22;18;32m[38;2;22;18;32m▓[0m[48;2;37;32;51m[38;2;37;32;51m▓[0m[48;2;37;32;51m[38;2;37;32;51m▓[0m[48;2;37;32;51m[38;2;37;32;51m▓[0m[48;2;22;18;34m[38;2;22;18;34m▓[0m[48;2;16;13;22m[38;2;16;13;22m█[0m[48;2;11;8;16m[38;2;11;8;16m█[0m[48;2;28;24;39m[38;2;28;24;39m▓[0m[48;2;35;30;48m[38;2;35;30;48m▓[0m[48;2;9;5;17m[38;2;9;5;17m█[0m[48;2;5;1;6m[38;2;5;1;6m█[0m[48;2;10;7;12m[38;2;10;7;12m█[0m[48;2;5;2;9m[38;2;5;2;9m█[0m[48;2;6;4;12m[38;2;6;4;12m█[0m[48;2;12;8;19m[38;2;12;8;19m█[0m[48;2;77;71;61m[38;2;77;71;61m░[0m[48;2;118;108;87m[38;2;118;108;87m%[0m[48;2;46;37;32m[38;2;46;37;32m▒[0m[48;2;88;81;78m[38;2;88;81;78m@[0m[48;2;92;83;84m[38;2;92;83;84m@[0m[48;2;102;91;91m[38;2;102;91;91m%[0m[48;2;65;54;58m[38;2;65;54;58m░[0m[48;2;36;29;50m[38;2;36;29;50m▓[0m[48;2;36;30;51m[38;2;36;30;51m▓[0m[48;2;36;30;50m[38;2;36;30;50m▓[0m[48;2;21;17;30m[38;2;21;17;30m▓[0m[48;2;45;41;51m[38;2;45;41;51m▒[0m[48;2;74;71;75m[38;2;74;71;75m░[0m[48;2;48;46;47m[38;2;48;46;47m▒[0m[48;2;21;19;20m[38;2;21;19;20m▓[0m[48;2;16;14;15m[38;2;16;14;15m█[0m[48;2;77;73;75m[38;2;77;73;75m@[0m[48;2;98;92;97m[38;2;98;92;97m%[0m[48;2;107;99;105m[38;2;107;99;105m%[0m[48;2;76;67;73m[38;2;76;67;73m░[0m[48;2;98;91;95m[38;2;98;91;95m%[0m[48;2;222;218;222m[38;2;222;218;222m.[0m                                 
                                     [48;2;112;110;112m[38;2;112;110;112m#[0m[48;2;150;146;151m[38;2;150;146;151m+[0m[48;2;243;240;244m[38;2;243;240;244m [0m[48;2;91;87;93m[38;2;91;87;93m@[0m[48;2;22;18;29m[38;2;22;18;29m▓[0m[48;2;35;31;46m[38;2;35;31;46m▓[0m[48;2;32;27;43m[38;2;32;27;43m▓[0m[48;2;14;10;21m[38;2;14;10;21m█[0m[48;2;32;29;35m[38;2;32;29;35m▓[0m[48;2;6;3;11m[38;2;6;3;11m█[0m[48;2;35;30;47m[38;2;35;30;47m▓[0m[48;2;36;30;51m[38;2;36;30;51m▓[0m[48;2;30;24;42m[38;2;30;24;42m▓[0m[48;2;47;39;42m[38;2;47;39;42m▒[0m[48;2;178;172;146m[38;2;178;172;146m=[0m[48;2;128;118;96m[38;2;128;118;96m#[0m[48;2;77;66;52m[38;2;77;66;52m░[0m[48;2;125;112;91m[38;2;125;112;91m#[0m[48;2;210;196;155m[38;2;210;196;155m-[0m[48;2;149;133;105m[38;2;149;133;105m*[0m[48;2;43;33;30m[38;2;43;33;30m▓[0m[48;2;14;10;15m[38;2;14;10;15m█[0m[48;2;40;34;44m[38;2;40;34;44m▒[0m[48;2;42;35;46m[38;2;42;35;46m▒[0m[48;2;27;20;31m[38;2;27;20;31m▓[0m[48;2;15;11;21m[38;2;15;11;21m█[0m[48;2;9;6;15m[38;2;9;6;15m█[0m[48;2;13;10;19m[38;2;13;10;19m█[0m[48;2;16;12;21m[38;2;16;12;21m█[0m[48;2;14;11;18m[38;2;14;11;18m█[0m[48;2;7;4;8m[38;2;7;4;8m█[0m[48;2;26;24;25m[38;2;26;24;25m▓[0m[48;2;25;23;24m[38;2;25;23;24m▓[0m[48;2;128;124;127m[38;2;128;124;127m#[0m[48;2;114;106;112m[38;2;114;106;112m%[0m[48;2;65;58;63m[38;2;65;58;63m░[0m[48;2;108;103;107m[38;2;108;103;107m%[0m[48;2;212;209;212m[38;2;212;209;212m:[0m                                   
                                      [48;2;83;80;82m[38;2;83;80;82m@[0m[48;2;152;148;153m[38;2;152;148;153m+[0m[48;2;241;238;243m[38;2;241;238;243m [0m[48;2;119;116;120m[38;2;119;116;120m#[0m[48;2;11;7;14m[38;2;11;7;14m█[0m[48;2;33;30;37m[38;2;33;30;37m▓[0m[48;2;54;51;57m[38;2;54;51;57m▒[0m[48;2;58;54;60m[38;2;58;54;60m░[0m[48;2;15;11;20m[38;2;15;11;20m█[0m[48;2;35;30;47m[38;2;35;30;47m▓[0m[48;2;28;23;41m[38;2;28;23;41m▓[0m[48;2;16;12;24m[38;2;16;12;24m█[0m[48;2;25;20;29m[38;2;25;20;29m▓[0m[48;2;21;15;18m[38;2;21;15;18m█[0m[48;2;69;59;57m[38;2;69;59;57m░[0m[48;2;109;99;87m[38;2;109;99;87m%[0m[48;2;106;94;82m[38;2;106;94;82m%[0m[48;2;26;18;19m[38;2;26;18;19m▓[0m[48;2;14;6;17m[38;2;14;6;17m█[0m[48;2;45;40;46m[38;2;45;40;46m▒[0m[48;2;3;1;7m[38;2;3;1;7m█[0m[48;2;6;2;11m[38;2;6;2;11m█[0m[48;2;19;16;25m[38;2;19;16;25m█[0m[48;2;45;42;49m[38;2;45;42;49m▒[0m[48;2;56;55;61m[38;2;56;55;61m░[0m[48;2;64;63;69m[38;2;64;63;69m░[0m[48;2;68;67;72m[38;2;68;67;72m░[0m[48;2;68;66;71m[38;2;68;66;71m░[0m[48;2;67;66;69m[38;2;67;66;69m░[0m[48;2;65;64;67m[38;2;65;64;67m░[0m[48;2;61;60;63m[38;2;61;60;63m░[0m[48;2;35;33;36m[38;2;35;33;36m▓[0m[48;2;53;50;55m[38;2;53;50;55m▒[0m[48;2;150;145;150m[38;2;150;145;150m+[0m[48;2;235;232;236m[38;2;235;232;236m.[0m                                     
                                       [48;2;150;149;150m[38;2;150;149;150m+[0m[48;2;99;96;99m[38;2;99;96;99m%[0m[48;2;136;132;137m[38;2;136;132;137m*[0m[48;2;193;190;195m[38;2;193;190;195m-[0m[48;2;187;182;188m[38;2;187;182;188m-[0m[48;2;113;110;115m[38;2;113;110;115m#[0m[48;2;27;25;28m[38;2;27;25;28m▓[0m[48;2;21;18;25m[38;2;21;18;25m▓[0m[48;2;21;17;28m[38;2;21;17;28m▓[0m[48;2;30;27;35m[38;2;30;27;35m▓[0m[48;2;68;66;70m[38;2;68;66;70m░[0m[48;2;6;5;7m[38;2;6;5;7m█[0m[48;2;120;117;122m[38;2;120;117;122m#[0m[48;2;80;76;81m[38;2;80;76;81m@[0m[48;2;21;18;23m[38;2;21;18;23m▓[0m[48;2;24;20;34m[38;2;24;20;34m▓[0m[48;2;28;25;36m[38;2;28;25;36m▓[0m[48;2;33;30;36m[38;2;33;30;36m▓[0m[48;2;15;9;39m[38;2;15;9;39m█[0m[48;2;26;16;65m[38;2;26;16;65m▓[0m[48;2;55;45;91m[38;2;55;45;91m▒[0m[48;2;5;2;12m[38;2;5;2;12m█[0m[48;2;27;23;35m[38;2;27;23;35m▓[0m[48;2;36;31;49m[38;2;36;31;49m▓[0m[48;2;34;30;46m[38;2;34;30;46m▓[0m[48;2;33;28;46m[38;2;33;28;46m▓[0m[48;2;31;26;43m[38;2;31;26;43m▓[0m[48;2;30;26;43m[38;2;30;26;43m▓[0m[48;2;31;26;43m[38;2;31;26;43m▓[0m[48;2;32;27;45m[38;2;32;27;45m▓[0m[48;2;30;25;43m[38;2;30;25;43m▓[0m[48;2;19;15;28m[38;2;19;15;28m█[0m[48;2;64;61;70m[38;2;64;61;70m░[0m[48;2;133;131;137m[38;2;133;131;137m*[0m[48;2;205;203;207m[38;2;205;203;207m:[0m                                    
                                       [48;2;126;126;126m[38;2;126;126;126m#[0m[48;2;61;59;62m[38;2;61;59;62m░[0m[48;2;53;49;54m[38;2;53;49;54m▒[0m[48;2;70;64;71m[38;2;70;64;71m░[0m[48;2;97;93;98m[38;2;97;93;98m%[0m[48;2;135;130;135m[38;2;135;130;135m*[0m[48;2;38;35;39m[38;2;38;35;39m▓[0m[48;2;14;11;15m[38;2;14;11;15m█[0m[48;2;62;59;64m[38;2;62;59;64m░[0m[48;2;55;53;57m[38;2;55;53;57m▒[0m[48;2;17;14;18m[38;2;17;14;18m█[0m[48;2;39;36;40m[38;2;39;36;40m▒[0m  [48;2;94;92;98m[38;2;94;92;98m%[0m[48;2;35;24;88m[38;2;35;24;88m▓[0m[48;2;74;51;165m[38;2;74;51;165m░[0m[48;2;46;34;76m[38;2;46;34;76m▒[0m[48;2;13;7;27m[38;2;13;7;27m█[0m[48;2;33;22;77m[38;2;33;22;77m▓[0m[48;2;80;66;122m[38;2;80;66;122m@[0m[48;2;30;23;46m[38;2;30;23;46m▓[0m[48;2;11;8;16m[38;2;11;8;16m█[0m[48;2;37;32;49m[38;2;37;32;49m▓[0m[48;2;37;32;50m[38;2;37;32;50m▓[0m[48;2;37;31;51m[38;2;37;31;51m▓[0m[48;2;37;31;52m[38;2;37;31;52m▓[0m[48;2;37;31;52m[38;2;37;31;52m▓[0m[48;2;37;31;52m[38;2;37;31;52m▓[0m[48;2;37;31;52m[38;2;37;31;52m▓[0m[48;2;37;31;52m[38;2;37;31;52m▓[0m[48;2;37;31;52m[38;2;37;31;52m▓[0m[48;2;37;31;52m[38;2;37;31;52m▓[0m[48;2;30;25;42m[38;2;30;25;42m▓[0m[48;2;21;17;31m[38;2;21;17;31m▓[0m[48;2;43;40;49m[38;2;43;40;49m▒[0m[48;2;117;115;120m[38;2;117;115;120m#[0m[48;2;207;206;208m[38;2;207;206;208m:[0m                                 
                                        [48;2;187;186;187m[38;2;187;186;187m-[0m[48;2;142;139;141m[38;2;142;139;141m*[0m[48;2;111;107;110m[38;2;111;107;110m%[0m[48;2;96;92;96m[38;2;96;92;96m%[0m[48;2;67;62;66m[38;2;67;62;66m░[0m[48;2;21;17;21m[38;2;21;17;21m▓[0m[48;2;71;68;72m[38;2;71;68;72m░[0m[48;2;30;25;32m[38;2;30;25;32m▓[0m[48;2;29;24;36m[38;2;29;24;36m▓[0m[48;2;26;22;34m[38;2;26;22;34m▓[0m[48;2;107;104;109m[38;2;107;104;109m%[0m  [48;2;238;237;240m[38;2;238;237;240m.[0m[48;2;83;81;87m[38;2;83;81;87m@[0m[48;2;69;57;91m[38;2;69;57;91m░[0m[48;2;56;44;73m[38;2;56;44;73m▒[0m[48;2;13;6;24m[38;2;13;6;24m█[0m[48;2;43;24;119m[38;2;43;24;119m▒[0m[48;2;56;42;94m[38;2;56;42;94m▒[0m[48;2;35;29;40m[38;2;35;29;40m▓[0m[48;2;140;137;142m[38;2;140;137;142m*[0m[48;2;66;62;70m[38;2;66;62;70m░[0m[48;2;21;17;28m[38;2;21;17;28m▓[0m[48;2;31;26;42m[38;2;31;26;42m▓[0m[48;2;37;31;50m[38;2;37;31;50m▓[0m[48;2;37;31;52m[38;2;37;31;52m▓[0m[48;2;37;31;52m[38;2;37;31;52m▓[0m[48;2;37;31;52m[38;2;37;31;52m▓[0m[48;2;37;31;52m[38;2;37;31;52m▓[0m[48;2;37;31;52m[38;2;37;31;52m▓[0m[48;2;37;31;52m[38;2;37;31;52m▓[0m[48;2;37;31;52m[38;2;37;31;52m▓[0m[48;2;37;31;52m[38;2;37;31;52m▓[0m[48;2;37;31;51m[38;2;37;31;51m▓[0m[48;2;32;27;45m[38;2;32;27;45m▓[0m[48;2;19;15;28m[38;2;19;15;28m█[0m[48;2;60;58;66m[38;2;60;58;66m░[0m[48;2;165;165;168m[38;2;165;165;168m=[0m                               
                                            [48;2;185;185;186m[38;2;185;185;186m-[0m[48;2;15;12;16m[38;2;15;12;16m█[0m[48;2;20;16;27m[38;2;20;16;27m▓[0m[48;2;35;30;46m[38;2;35;30;46m▓[0m[48;2;36;31;50m[38;2;36;31;50m▓[0m[48;2;18;14;29m[38;2;18;14;29m█[0m[48;2;153;151;154m[38;2;153;151;154m+[0m    [48;2;210;209;211m[38;2;210;209;211m:[0m[48;2;236;235;237m[38;2;236;235;237m.[0m[48;2;177;176;178m[38;2;177;176;178m=[0m[48;2;67;63;73m[38;2;67;63;73m░[0m[48;2;61;52;77m[38;2;61;52;77m░[0m[48;2;76;72;81m[38;2;76;72;81m@[0m[48;2;233;232;234m[38;2;233;232;234m.[0m [48;2;207;207;208m[38;2;207;207;208m:[0m[48;2;126;125;130m[38;2;126;125;130m#[0m[48;2;46;42;55m[38;2;46;42;55m▒[0m[48;2;20;16;29m[38;2;20;16;29m▓[0m[48;2;28;24;37m[38;2;28;24;37m▓[0m[48;2;36;31;47m[38;2;36;31;47m▓[0m[48;2;37;32;50m[38;2;37;32;50m▓[0m[48;2;37;32;50m[38;2;37;32;50m▓[0m[48;2;37;31;51m[38;2;37;31;51m▓[0m[48;2;37;31;52m[38;2;37;31;52m▓[0m[48;2;37;31;52m[38;2;37;31;52m▓[0m[48;2;37;31;52m[38;2;37;31;52m▓[0m[48;2;37;31;52m[38;2;37;31;52m▓[0m[48;2;37;31;52m[38;2;37;31;52m▓[0m[48;2;36;31;51m[38;2;36;31;51m▓[0m[48;2;25;21;36m[38;2;25;21;36m▓[0m[48;2;42;38;48m[38;2;42;38;48m▒[0m[48;2;163;162;165m[38;2;163;162;165m+[0m                             
                                            [48;2;184;184;184m[38;2;184;184;184m-[0m[48;2;13;12;15m[38;2;13;12;15m█[0m[48;2;38;33;49m[38;2;38;33;49m▓[0m[48;2;37;31;52m[38;2;37;31;52m▓[0m[48;2;37;31;52m[38;2;37;31;52m▓[0m[48;2;14;11;25m[38;2;14;11;25m█[0m[48;2;190;188;191m[38;2;190;188;191m-[0m        [48;2;204;203;204m[38;2;204;203;204m:[0m[48;2;236;235;238m[38;2;236;235;238m.[0m   [48;2;150;149;151m[38;2;150;149;151m+[0m[48;2;75;73;78m[38;2;75;73;78m@[0m[48;2;119;116;122m[38;2;119;116;122m#[0m[48;2;19;16;22m[38;2;19;16;22m█[0m[48;2;13;7;33m[38;2;13;7;33m█[0m[48;2;16;9;46m[38;2;16;9;46m█[0m[48;2;21;17;32m[38;2;21;17;32m▓[0m[48;2;31;26;44m[38;2;31;26;44m▓[0m[48;2;37;31;51m[38;2;37;31;51m▓[0m[48;2;37;31;52m[38;2;37;31;52m▓[0m[48;2;37;31;52m[38;2;37;31;52m▓[0m[48;2;37;31;52m[38;2;37;31;52m▓[0m[48;2;37;31;52m[38;2;37;31;52m▓[0m[48;2;37;31;52m[38;2;37;31;52m▓[0m[48;2;37;31;52m[38;2;37;31;52m▓[0m[48;2;36;30;49m[38;2;36;30;49m▓[0m[48;2;19;15;27m[38;2;19;15;27m█[0m[48;2;104;103;105m[38;2;104;103;105m%[0m                            