                                                                                                    
                                                                                                    
                                                                                                    
                                                                                                    
                                                                                                    
                                                                                                    
                                                                                                    
                                                                                                    
                                                                                                    
                                                                                                    
                                                                                                    
                                                 [48;2;229;229;229m[38;2;229;229;229m.[0m[48;2;218;218;218m[38;2;218;218;218m:[0m[48;2;213;213;213m[38;2;213;213;213m:[0m[48;2;221;221;222m[38;2;221;221;222m.[0m                                               
                                             [48;2;192;192;192m[38;2;192;192;192m-[0m[48;2;116;115;118m[38;2;116;115;118m#[0m[48;2;63;62;67m[38;2;63;62;67m░[0m[48;2;32;30;38m[38;2;32;30;38m▓[0m[48;2;26;24;33m[38;2;26;24;33m▓[0m[48;2;29;27;37m[38;2;29;27;37m▓[0m[48;2;30;28;38m[38;2;30;28;38m▓[0m[48;2;28;26;36m[38;2;28;26;36m▓[0m[48;2;24;22;32m[38;2;24;22;32m▓[0m[48;2;44;43;53m[38;2;44;43;53m▒[0m[48;2;86;85;93m[38;2;86;85;93m@[0m[48;2;142;141;145m[38;2;142;141;145m*[0m[48;2;219;219;220m[38;2;219;219;220m:[0m                                          
                                           [48;2;190;190;190m[38;2;190;190;190m-[0m[48;2;52;51;55m[38;2;52;51;55m▒[0m[48;2;29;27;38m[38;2;29;27;38m▓[0m[48;2;42;39;54m[38;2;42;39;54m▒[0m[48;2;45;42;58m[38;2;45;42;58m▒[0m[48;2;45;42;57m[38;2;45;42;57m▒[0m[48;2;45;42;57m[38;2;45;42;57m▒[0m[48;2;57;54;67m[38;2;57;54;67m░[0m[48;2;59;56;69m[38;2;59;56;69m░[0m[48;2;44;41;56m[38;2;44;41;56m▒[0m[48;2;63;61;75m[38;2;63;61;75m░[0m[48;2;49;46;61m[38;2;49;46;61m▒[0m[48;2;44;42;59m[38;2;44;42;59m▒[0m[48;2;39;37;52m[38;2;39;37;52m▒[0m[48;2;27;24;37m[38;2;27;24;37m▓[0m[48;2;72;70;79m[38;2;72;70;79m░[0m[48;2;179;178;182m[38;2;179;178;182m=[0m                                        
                                         [48;2;225;225;225m[38;2;225;225;225m.[0m[48;2;81;80;85m[38;2;81;80;85m@[0m[48;2;28;26;37m[38;2;28;26;37m▓[0m[48;2;43;41;55m[38;2;43;41;55m▒[0m[48;2;36;33;48m[38;2;36;33;48m▓[0m[48;2;28;24;38m[38;2;28;24;38m▓[0m[48;2;51;45;55m[38;2;51;45;55m▒[0m[48;2;75;66;75m[38;2;75;66;75m░[0m[48;2;89;79;88m[38;2;89;79;88m@[0m[48;2;96;85;93m[38;2;96;85;93m@[0m[48;2;96;83;92m[38;2;96;83;92m@[0m[48;2;81;68;77m[38;2;81;68;77m░[0m[48;2;61;50;59m[38;2;61;50;59m▒[0m[48;2;52;45;53m[38;2;52;45;53m▒[0m[48;2;48;42;49m[38;2;48;42;49m▒[0m[48;2;30;25;34m[38;2;30;25;34m▓[0m[48;2;33;28;39m[38;2;33;28;39m▓[0m[48;2;27;22;32m[38;2;27;22;32m▓[0m[48;2;14;11;16m[38;2;14;11;16m█[0m[48;2;74;73;74m[38;2;74;73;74m@[0m[48;2;228;228;228m[38;2;228;228;228m.[0m                                      
                                        [48;2;206;205;206m[38;2;206;205;206m:[0m[48;2;35;34;38m[38;2;35;34;38m▓[0m[48;2;41;39;51m[38;2;41;39;51m▒[0m[48;2;43;40;56m[38;2;43;40;56m▒[0m[48;2;21;18;30m[38;2;21;18;30m▓[0m[48;2;70;62;73m[38;2;70;62;73m░[0m[48;2;148;133;146m[38;2;148;133;146m*[0m[48;2;159;140;154m[38;2;159;140;154m+[0m[48;2;161;141;154m[38;2;161;141;154m+[0m[48;2;128;108;121m[38;2;128;108;121m#[0m[48;2;81;66;76m[38;2;81;66;76m░[0m[48;2;80;65;75m[38;2;80;65;75m░[0m[48;2;81;66;76m[38;2;81;66;76m░[0m[48;2;109;93;104m[38;2;109;93;104m%[0m[48;2;146;129;141m[38;2;146;129;141m*[0m[48;2;128;113;123m[38;2;128;113;123m#[0m[48;2;157;141;151m[38;2;157;141;151m+[0m[48;2;158;142;152m[38;2;158;142;152m+[0m[48;2;96;83;92m[38;2;96;83;92m@[0m[48;2;83;74;81m[38;2;83;74;81m@[0m[48;2;62;59;62m[38;2;62;59;62m░[0m[48;2;41;40;42m[38;2;41;40;42m▒[0m[48;2;223;222;223m[38;2;223;222;223m.[0m                                     
                                       [48;2;223;223;223m[38;2;223;223;223m.[0m[48;2;32;31;34m[38;2;32;31;34m▓[0m[48;2;41;39;49m[38;2;41;39;49m▒[0m[48;2;26;23;34m[38;2;26;23;34m▓[0m[48;2;37;30;41m[38;2;37;30;41m▓[0m[48;2;127;113;125m[38;2;127;113;125m#[0m[48;2;160;141;155m[38;2;160;141;155m+[0m[48;2;161;140;155m[38;2;161;140;155m+[0m[48;2;161;140;155m[38;2;161;140;155m+[0m[48;2;161;140;155m[38;2;161;140;155m+[0m[48;2;158;137;152m[38;2;158;137;152m*[0m[48;2;160;139;154m[38;2;160;139;154m+[0m[48;2;160;140;155m[38;2;160;140;155m+[0m[48;2;160;140;154m[38;2;160;140;154m+[0m[48;2;160;140;154m[38;2;160;140;154m+[0m[48;2;160;139;154m[38;2;160;139;154m+[0m[48;2;160;139;154m[38;2;160;139;154m+[0m[48;2;161;140;155m[38;2;161;140;155m+[0m[48;2;161;140;155m[38;2;161;140;155m+[0m[48;2;147;127;141m[38;2;147;127;141m*[0m[48;2;115;98;111m[38;2;115;98;111m%[0m[48;2;100;86;98m[38;2;100;86;98m%[0m[48;2;87;77;86m[38;2;87;77;86m@[0m[48;2;27;24;28m[38;2;27;24;28m▓[0m[48;2;113;113;115m[38;2;113;113;115m#[0m[48;2;169;169;171m[38;2;169;169;171m=[0m                                   
                                       [48;2;75;75;77m[38;2;75;75;77m@[0m[48;2;31;29;36m[38;2;31;29;36m▓[0m[48;2;11;9;17m[38;2;11;9;17m█[0m[48;2;43;37;44m[38;2;43;37;44m▒[0m[48;2;150;134;147m[38;2;150;134;147m*[0m[48;2;161;140;155m[38;2;161;140;155m+[0m[48;2;161;140;155m[38;2;161;140;155m+[0m[48;2;161;140;155m[38;2;161;140;155m+[0m[48;2;160;140;154m[38;2;160;140;154m+[0m[48;2;159;138;153m[38;2;159;138;153m*[0m[48;2;159;138;153m[38;2;159;138;153m*[0m[48;2;160;139;154m[38;2;160;139;154m+[0m[48;2;161;140;155m[38;2;161;140;155m+[0m[48;2;161;140;155m[38;2;161;140;155m+[0m[48;2;161;140;155m[38;2;161;140;155m+[0m[48;2;161;140;155m[38;2;161;140;155m+[0m[48;2;161;140;155m[38;2;161;140;155m+[0m[48;2;161;140;155m[38;2;161;140;155m+[0m[48;2;161;140;155m[38;2;161;140;155m+[0m[48;2;154;134;149m[38;2;154;134;149m*[0m[48;2;138;119;133m[38;2;138;119;133m#[0m[48;2;160;141;155m[38;2;160;141;155m+[0m[48;2;159;141;155m[38;2;159;141;155m+[0m[48;2;87;75;85m[38;2;87;75;85m@[0m[48;2;22;16;28m[38;2;22;16;28m▓[0m[48;2;31;24;47m[38;2;31;24;47m▓[0m[48;2;216;215;216m[38;2;216;215;216m:[0m                                  
                                      [48;2;200;200;200m[38;2;200;200;200m-[0m[48;2;11;9;11m[38;2;11;9;11m█[0m[48;2;29;25;32m[38;2;29;25;32m▓[0m[48;2;26;20;28m[38;2;26;20;28m▓[0m[48;2;149;133;144m[38;2;149;133;144m*[0m[48;2;161;141;156m[38;2;161;141;156m+[0m[48;2;161;140;155m[38;2;161;140;155m+[0m[48;2;161;140;155m[38;2;161;140;155m+[0m[48;2;149;130;144m[38;2;149;130;144m*[0m[48;2;57;42;54m[38;2;57;42;54m▒[0m[48;2;108;92;105m[38;2;108;92;105m%[0m[48;2;55;40;52m[38;2;55;40;52m▒[0m[48;2;156;138;152m[38;2;156;138;152m*[0m[48;2;87;70;83m[38;2;87;70;83m@[0m[48;2;154;135;149m[38;2;154;135;149m*[0m[48;2;161;140;155m[38;2;161;140;155m+[0m[48;2;161;140;155m[38;2;161;140;155m+[0m[48;2;161;140;155m[38;2;161;140;155m+[0m[48;2;159;138;153m[38;2;159;138;153m*[0m[48;2;117;100;114m[38;2;117;100;114m%[0m[48;2;144;127;141m[38;2;144;127;141m*[0m[48;2;50;35;47m[38;2;50;35;47m▒[0m[48;2;157;139;153m[38;2;157;139;153m*[0m[48;2;160;140;155m[38;2;160;140;155m+[0m[48;2;159;140;154m[38;2;159;140;154m+[0m[48;2;52;41;48m[38;2;52;41;48m▒[0m[48;2;37;27;51m[38;2;37;27;51m▓[0m[48;2;91;87;94m[38;2;91;87;94m@[0m                                  
                                      [48;2;123;123;123m[38;2;123;123;123m#[0m[48;2;21;16;20m[38;2;21;16;20m█[0m[48;2;83;75;83m[38;2;83;75;83m@[0m[48;2;87;76;85m[38;2;87;76;85m@[0m[48;2;161;142;155m[38;2;161;142;155m+[0m[48;2;161;140;155m[38;2;161;140;155m+[0m[48;2;161;140;155m[38;2;161;140;155m+[0m[48;2;159;140;154m[38;2;159;140;154m+[0m[48;2;57;44;55m[38;2;57;44;55m▒[0m[48;2;44;38;44m[38;2;44;38;44m▒[0m[48;2;24;19;24m[38;2;24;19;24m▓[0m[48;2;104;94;103m[38;2;104;94;103m%[0m[48;2;86;72;82m[38;2;86;72;82m@[0m[48;2;53;42;51m[38;2;53;42;51m▒[0m[48;2;114;100;112m[38;2;114;100;112m%[0m[48;2;159;140;154m[38;2;159;140;154m+[0m[48;2;161;140;155m[38;2;161;140;155m+[0m[48;2;161;140;155m[38;2;161;140;155m+[0m[48;2;154;135;149m[38;2;154;135;149m*[0m[48;2;33;21;32m[38;2;33;21;32m▓[0m[48;2;151;136;148m[38;2;151;136;148m*[0m[48;2;77;63;74m[38;2;77;63;74m░[0m[48;2;106;92;104m[38;2;106;92;104m%[0m[48;2;160;141;155m[38;2;160;141;155m+[0m[48;2;160;141;155m[38;2;160;141;155m+[0m[48;2;134;118;129m[38;2;134;118;129m#[0m[48;2;23;13;26m[38;2;23;13;26m█[0m[48;2;94;89;95m[38;2;94;89;95m@[0m                                  
                                      [48;2;80;79;80m[38;2;80;79;80m@[0m[48;2;105;97;103m[38;2;105;97;103m%[0m[48;2;67;57;65m[38;2;67;57;65m░[0m[48;2;123;111;120m[38;2;123;111;120m#[0m[48;2;160;141;154m[38;2;160;141;154m+[0m[48;2;161;140;155m[38;2;161;140;155m+[0m[48;2;161;140;155m[38;2;161;140;155m+[0m[48;2;124;109;121m[38;2;124;109;121m#[0m[48;2;9;1;7m[38;2;9;1;7m█[0m[48;2;70;64;68m[38;2;70;64;68m░[0m[48;2;47;42;45m[38;2;47;42;45m▒[0m[48;2;55;47;64m[38;2;55;47;64m▒[0m[48;2;23;14;37m[38;2;23;14;37m▓[0m[48;2;15;8;22m[38;2;15;8;22m█[0m[48;2;13;6;13m[38;2;13;6;13m█[0m[48;2;69;57;66m[38;2;69;57;66m░[0m[48;2;121;105;116m[38;2;121;105;116m#[0m[48;2;124;108;119m[38;2;124;108;119m#[0m[48;2;123;108;118m[38;2;123;108;118m#[0m[48;2;25;17;23m[38;2;25;17;23m▓[0m[48;2;39;31;36m[38;2;39;31;36m▓[0m[48;2;115;103;111m[38;2;115;103;111m%[0m[48;2;26;16;23m[38;2;26;16;23m▓[0m[48;2;70;59;68m[38;2;70;59;68m░[0m[48;2;122;110;120m[38;2;122;110;120m#[0m[48;2;91;79;88m[38;2;91;79;88m@[0m[48;2;102;91;99m[38;2;102;91;99m%[0m[48;2;72;65;71m[38;2;72;65;71m░[0m[48;2;124;119;124m[38;2;124;119;124m#[0m[48;2;202;201;202m[38;2;202;201;202m:[0m                                
                                      [48;2;43;40;42m[38;2;43;40;42m▒[0m[48;2;153;140;150m[38;2;153;140;150m*[0m[48;2;66;55;63m[38;2;66;55;63m░[0m[48;2;126;114;123m[38;2;126;114;123m#[0m[48;2;160;141;154m[38;2;160;141;154m+[0m[48;2;161;140;155m[38;2;161;140;155m+[0m[48;2;161;140;155m[38;2;161;140;155m+[0m[48;2;90;76;86m[38;2;90;76;86m@[0m[48;2;115;105;110m[38;2;115;105;110m%[0m[48;2;223;211;211m[38;2;223;211;211m:[0m[48;2;104;93;96m[38;2;104;93;96m%[0m[48;2;89;63;133m[38;2;89;63;133m@[0m[48;2;82;42;156m[38;2;82;42;156m░[0m[48;2;38;14;70m[38;2;38;14;70m▓[0m[48;2;196;184;184m[38;2;196;184;184m-[0m[48;2;214;203;199m[38;2;214;203;199m:[0m[48;2;186;174;171m[38;2;186;174;171m=[0m[48;2;179;167;165m[38;2;179;167;165m=[0m[48;2;177;166;165m[38;2;177;166;165m=[0m[48;2;28;20;26m[38;2;28;20;26m▓[0m[48;2;58;28;118m[38;2;58;28;118m▒[0m[48;2;56;24;115m[38;2;56;24;115m▒[0m[48;2;25;14;34m[38;2;25;14;34m▓[0m[48;2;108;100;103m[38;2;108;100;103m%[0m[48;2;27;21;23m[38;2;27;21;23m▓[0m[48;2;39;34;36m[38;2;39;34;36m▓[0m[48;2;36;31;33m[38;2;36;31;33m▓[0m[48;2;34;29;32m[38;2;34;29;32m▓[0m[48;2;100;96;99m[38;2;100;96;99m%[0m[48;2;142;141;143m[38;2;142;141;143m*[0m                                
                                     [48;2;224;224;224m[38;2;224;224;224m.[0m[48;2;48;43;45m[38;2;48;43;45m▒[0m[48;2;157;141;151m[38;2;157;141;151m+[0m[48;2;111;98;108m[38;2;111;98;108m%[0m[48;2;73;63;71m[38;2;73;63;71m░[0m[48;2;160;141;154m[38;2;160;141;154m+[0m[48;2;161;140;155m[38;2;161;140;155m+[0m[48;2;161;140;155m[38;2;161;140;155m+[0m[48;2;88;74;84m[38;2;88;74;84m@[0m[48;2;161;151;154m[38;2;161;151;154m+[0m[48;2;252;238;235m[38;2;252;238;235m [0m[48;2;95;84;87m[38;2;95;84;87m@[0m[48;2;181;148;185m[38;2;181;148;185m+[0m[48;2;205;146;208m[38;2;205;146;208m=[0m[48;2;56;37;57m[38;2;56;37;57m▒[0m[48;2;236;224;220m[38;2;236;224;220m.[0m[48;2;250;236;227m[38;2;250;236;227m [0m[48;2;250;235;226m[38;2;250;235;226m [0m[48;2;250;235;227m[38;2;250;235;227m [0m[48;2;246;232;227m[38;2;246;232;227m.[0m[48;2;40;28;36m[38;2;40;28;36m▓[0m[48;2;174;139;199m[38;2;174;139;199m+[0m[48;2;105;64;147m[38;2;105;64;147m@[0m[48;2;87;74;84m[38;2;87;74;84m@[0m[48;2;213;200;200m[38;2;213;200;200m:[0m[48;2;182;170;170m[38;2;182;170;170m=[0m[48;2;91;83;83m[38;2;91;83;83m@[0m[48;2;47;39;43m[38;2;47;39;43m▒[0m[48;2;26;20;25m[38;2;26;20;25m▓[0m                                  
                                      [48;2;43;39;41m[38;2;43;39;41m▒[0m[48;2;150;136;145m[38;2;150;136;145m*[0m[48;2;125;112;121m[38;2;125;112;121m#[0m[48;2;9;2;9m[38;2;9;2;9m█[0m[48;2;72;61;70m[38;2;72;61;70m░[0m[48;2;148;130;143m[38;2;148;130;143m*[0m[48;2;160;141;154m[38;2;160;141;154m+[0m[48;2;130;116;126m[38;2;130;116;126m#[0m[48;2;74;63;67m[38;2;74;63;67m░[0m[48;2;238;214;214m[38;2;238;214;214m.[0m[48;2;205;192;190m[38;2;205;192;190m-[0m[48;2;96;83;89m[38;2;96;83;89m@[0m[48;2;100;85;93m[38;2;100;85;93m@[0m[48;2;187;175;175m[38;2;187;175;175m=[0m[48;2;251;237;229m[38;2;251;237;229m [0m[48;2;248;233;224m[38;2;248;233;224m.[0m[48;2;247;232;223m[38;2;247;232;223m.[0m[48;2;250;235;226m[38;2;250;235;226m [0m[48;2;250;235;229m[38;2;250;235;229m [0m[48;2;116;103;103m[38;2;116;103;103m%[0m[48;2;117;88;113m[38;2;117;88;113m%[0m[48;2;80;55;74m[38;2;80;55;74m░[0m[48;2;208;193;189m[38;2;208;193;189m-[0m[48;2;246;228;221m[38;2;246;228;221m.[0m[48;2;249;231;226m[38;2;249;231;226m.[0m[48;2;98;88;88m[38;2;98;88;88m@[0m[48;2;125;112;119m[38;2;125;112;119m#[0m[48;2;61;51;57m[38;2;61;51;57m▒[0m[48;2;181;180;183m[38;2;181;180;183m=[0m                                 
                                      [48;2;115;113;113m[38;2;115;113;113m#[0m[48;2;17;14;15m[38;2;17;14;15m█[0m[48;2;100;93;96m[38;2;100;93;96m%[0m[48;2;156;146;149m[38;2;156;146;149m+[0m[48;2;76;68;70m[38;2;76;68;70m░[0m[48;2;10;4;7m[38;2;10;4;7m█[0m[48;2;36;32;35m[38;2;36;32;35m▓[0m[48;2;74;68;72m[38;2;74;68;72m░[0m[48;2;39;34;36m[38;2;39;34;36m▓[0m[48;2;68;61;63m[38;2;68;61;63m░[0m[48;2;174;162;161m[38;2;174;162;161m=[0m[48;2;250;237;232m[38;2;250;237;232m [0m[48;2;250;235;229m[38;2;250;235;229m [0m[48;2;250;235;227m[38;2;250;235;227m [0m[48;2;250;235;226m[38;2;250;235;226m [0m[48;2;212;197;189m[38;2;212;197;189m-[0m[48;2;147;131;125m[38;2;147;131;125m*[0m[48;2;249;234;225m[38;2;249;234;225m.[0m[48;2;250;235;226m[38;2;250;235;226m [0m[48;2;249;233;225m[38;2;249;233;225m.[0m[48;2;216;201;193m[38;2;216;201;193m:[0m[48;2;239;223;216m[38;2;239;223;216m.[0m[48;2;244;222;211m[38;2;244;222;211m.[0m[48;2;238;202;189m[38;2;238;202;189m:[0m[48;2;248;224;216m[38;2;248;224;216m.[0m[48;2;76;66;66m[38;2;76;66;66m░[0m[48;2;83;74;79m[38;2;83;74;79m@[0m[48;2;69;62;67m[38;2;69;62;67m░[0m[48;2;229;228;231m[38;2;229;228;231m.[0m                                 
                                     [48;2;225;225;225m[38;2;225;225;225m.[0m[48;2;56;54;55m[38;2;56;54;55m▒[0m[48;2;178;176;177m[38;2;178;176;177m=[0m[48;2;71;68;69m[38;2;71;68;69m░[0m[48;2;171;162;164m[38;2;171;162;164m=[0m[48;2;235;225;226m[38;2;235;225;226m.[0m[48;2;42;35;37m[38;2;42;35;37m▒[0m[48;2;48;46;47m[38;2;48;46;47m▒[0m[48;2;48;46;47m[38;2;48;46;47m▒[0m[48;2;197;192;193m[38;2;197;192;193m-[0m[48;2;243;232;231m[38;2;243;232;231m.[0m[48;2;246;231;228m[38;2;246;231;228m.[0m[48;2;252;236;231m[38;2;252;236;231m [0m[48;2;250;235;229m[38;2;250;235;229m [0m[48;2;250;236;228m[38;2;250;236;228m [0m[48;2;250;235;227m[38;2;250;235;227m [0m[48;2;250;235;226m[38;2;250;235;226m [0m[48;2;250;235;226m[38;2;250;235;226m [0m[48;2;250;235;226m[38;2;250;235;226m [0m[48;2;250;235;226m[38;2;250;235;226m [0m[48;2;250;235;226m[38;2;250;235;226m [0m[48;2;250;235;226m[38;2;250;235;226m [0m[48;2;250;235;226m[38;2;250;235;226m [0m[48;2;252;236;230m[38;2;252;236;230m [0m[48;2;250;235;231m[38;2;250;235;231m [0m[48;2;174;161;159m[38;2;174;161;159m=[0m[48;2;53;45;48m[38;2;53;45;48m▒[0m[48;2;47;41;45m[38;2;47;41;45m▒[0m[48;2;168;164;168m[38;2;168;164;168m=[0m                                  
                                     [48;2;176;176;176m[38;2;176;176;176m=[0m[48;2;87;86;87m[38;2;87;86;87m@[0m[48;2;203;202;204m[38;2;203;202;204m:[0m[48;2;134;133;135m[38;2;134;133;135m*[0m[48;2;3;1;4m[38;2;3;1;4m█[0m[48;2;38;34;38m[38;2;38;34;38m▓[0m[48;2;25;21;24m[38;2;25;21;24m▓[0m[48;2;189;187;188m[38;2;189;187;188m-[0m[48;2;39;37;38m[38;2;39;37;38m▒[0m[48;2;60;56;57m[38;2;60;56;57m░[0m[48;2;49;43;45m[38;2;49;43;45m▒[0m[48;2;66;60;62m[38;2;66;60;62m░[0m[48;2;91;85;87m[38;2;91;85;87m@[0m[48;2;114;107;109m[38;2;114;107;109m%[0m[48;2;132;125;126m[38;2;132;125;126m#[0m[48;2;150;142;141m[38;2;150;142;141m*[0m[48;2;166;157;155m[38;2;166;157;155m+[0m[48;2;180;168;164m[38;2;180;168;164m=[0m[48;2;188;176;172m[38;2;188;176;172m=[0m[48;2;191;179;175m[38;2;191;179;175m=[0m[48;2;190;178;175m[38;2;190;178;175m=[0m[48;2;179;167;165m[38;2;179;167;165m=[0m[48;2;159;149;146m[38;2;159;149;146m+[0m[48;2;126;116;116m[38;2;126;116;116m#[0m[48;2;68;60;64m[38;2;68;60;64m░[0m[48;2;18;12;18m[38;2;18;12;18m█[0m[48;2;32;27;34m[38;2;32;27;34m▓[0m[48;2;89;84;90m[38;2;89;84;90m@[0m                                   
                                   [48;2;200;199;200m[38;2;200;199;200m-[0m[48;2;93;89;91m[38;2;93;89;91m@[0m[48;2;67;62;66m[38;2;67;62;66m░[0m[48;2;73;71;75m[38;2;73;71;75m░[0m[48;2;203;202;205m[38;2;203;202;205m:[0m[48;2;127;126;129m[38;2;127;126;129m#[0m[48;2;3;3;5m[38;2;3;3;5m█[0m[48;2;10;9;12m[38;2;10;9;12m█[0m[48;2;6;5;8m[38;2;6;5;8m█[0m[48;2;221;220;221m[38;2;221;220;221m.[0m[48;2;150;149;149m[38;2;150;149;149m+[0m[48;2;4;3;4m[38;2;4;3;4m█[0m[48;2;17;16;18m[38;2;17;16;18m█[0m[48;2;4;3;7m[38;2;4;3;7m█[0m[48;2;7;6;11m[38;2;7;6;11m█[0m[48;2;19;18;25m[38;2;19;18;25m▓[0m[48;2;30;28;37m[38;2;30;28;37m▓[0m[48;2;22;20;28m[38;2;22;20;28m▓[0m[48;2;49;45;52m[38;2;49;45;52m▒[0m[48;2;97;90;94m[38;2;97;90;94m%[0m[48;2;46;40;43m[38;2;46;40;43m▒[0m[48;2;46;40;43m[38;2;46;40;43m▒[0m[48;2;78;73;76m[38;2;78;73;76m@[0m[48;2;14;9;13m[38;2;14;9;13m█[0m[48;2;8;5;9m[38;2;8;5;9m█[0m[48;2;7;5;9m[38;2;7;5;9m█[0m[48;2;34;29;43m[38;2;34;29;43m▓[0m[48;2;20;16;30m[38;2;20;16;30m▓[0m[48;2;11;9;16m[38;2;11;9;16m█[0m[48;2;165;163;169m[38;2;165;163;169m+[0m                                   
                                  [48;2;127;123;126m[38;2;127;123;126m#[0m[48;2;77;69;75m[38;2;77;69;75m░[0m[48;2;149;134;146m[38;2;149;134;146m*[0m[48;2;152;137;148m[38;2;152;137;148m*[0m[48;2;50;43;49m[38;2;50;43;49m▒[0m[48;2;173;170;174m[38;2;173;170;174m=[0m[48;2;188;186;190m[38;2;188;186;190m-[0m[48;2;24;22;26m[38;2;24;22;26m▓[0m[48;2;7;5;9m[38;2;7;5;9m█[0m[48;2;87;85;90m[38;2;87;85;90m@[0m[48;2;242;240;245m[38;2;242;240;245m [0m[48;2;87;86;91m[38;2;87;86;91m@[0m[48;2;17;16;22m[38;2;17;16;22m█[0m[48;2;14;12;19m[38;2;14;12;19m█[0m[48;2;32;28;43m[38;2;32;28;43m▓[0m[48;2;27;23;35m[38;2;27;23;35m▓[0m[48;2;24;21;30m[38;2;24;21;30m▓[0m[48;2;14;11;19m[38;2;14;11;19m█[0m[48;2;36;33;40m[38;2;36;33;40m▓[0m[48;2;10;7;13m[38;2;10;7;13m█[0m[48;2;8;6;9m[38;2;8;6;9m█[0m[48;2;105;102;106m[38;2;105;102;106m%[0m[48;2;116;113;116m[38;2;116;113;116m#[0m[48;2;50;48;51m[38;2;50;48;51m▒[0m[48;2;18;14;17m[38;2;18;14;17m█[0m[48;2;93;88;82m[38;2;93;88;82m@[0m[48;2;11;6;11m[38;2;11;6;11m█[0m[48;2;27;23;36m[38;2;27;23;36m▓[0m[48;2;76;73;82m[38;2;76;73;82m@[0m[48;2;225;223;227m[38;2;225;223;227m.[0m                                    
                                 [48;2;135;135;135m[38;2;135;135;135m*[0m[48;2;88;80;86m[38;2;88;80;86m@[0m[48;2;158;141;152m[38;2;158;141;152m+[0m[48;2;157;139;151m[38;2;157;139;151m*[0m[48;2;127;112;122m[38;2;127;112;122m#[0m[48;2;69;61;67m[38;2;69;61;67m░[0m[48;2;69;67;70m[38;2;69;67;70m░[0m[48;2;108;105;109m[38;2;108;105;109m%[0m[48;2;63;60;64m[38;2;63;60;64m░[0m[48;2;32;29;33m[38;2;32;29;33m▓[0m[48;2;123;120;126m[38;2;123;120;126m#[0m[48;2;51;48;54m[38;2;51;48;54m▒[0m[48;2;19;16;25m[38;2;19;16;25m█[0m[48;2;18;16;27m[38;2;18;16;27m█[0m[48;2;15;13;23m[38;2;15;13;23m█[0m[48;2;37;32;51m[38;2;37;32;51m▓[0m[48;2;37;31;51m[38;2;37;31;51m▓[0m[48;2;37;31;51m[38;2;37;31;51m▓[0m[48;2;29;24;42m[38;2;29;24;42m▓[0m[48;2;11;7;18m[38;2;11;7;18m█[0m[48;2;127;120;101m[38;2;127;120;101m#[0m[48;2;91;82;67m[38;2;91;82;67m@[0m[48;2;16;8;8m[38;2;16;8;8m█[0m[48;2;15;7;8m[38;2;15;7;8m█[0m[48;2;104;94;81m[38;2;104;94;81m%[0m[48;2;47;39;33m[38;2;47;39;33m▒[0m[48;2;116;110;100m[38;2;116;110;100m#[0m[48;2;8;4;10m[38;2;8;4;10m█[0m[48;2;75;71;80m[38;2;75;71;80m@[0m[48;2;238;236;242m[38;2;238;236;242m.[0m                                     
                                 [48;2;51;48;49m[38;2;51;48;49m▒[0m[48;2;148;136;143m[38;2;148;136;143m*[0m[48;2;160;141;154m[38;2;160;141;154m+[0m[48;2;113;97;107m[38;2;113;97;107m%[0m[48;2;97;89;96m[38;2;97;89;96m%[0m[48;2;185;181;185m[38;2;185;181;185m=[0m[48;2;87;83;88m[38;2;87;83;88m@[0m[48;2;76;67;73m[38;2;76;67;73m░[0m[48;2;115;105;112m[38;2;115;105;112m%[0m[48;2;94;86;92m[38;2;94;86;92m@[0m[48;2;71;65;72m[38;2;71;65;72m░[0m[48;2;10;7;14m[38;2;10;7;14m█[0m[48;2;26;22;37m[38;2;26;22;37m▓[0m[48;2;31;26;45m[38;2;31;26;45m▓[0m[48;2;37;31;51m[38;2;37;31;51m▓[0m[48;2;37;31;52m[38;2;37;31;52m▓[0m[48;2;37;31;52m[38;2;37;31;52m▓[0m[48;2;37;31;52m[38;2;37;31;52m▓[0m[48;2;36;30;51m[38;2;36;30;51m▓[0m[48;2;17;12;26m[38;2;17;12;26m█[0m[48;2;106;97;84m[38;2;106;97;84m%[0m[48;2;219;203;162m[38;2;219;203;162m:[0m[48;2;217;199;149m[38;2;217;199;149m-[0m[48;2;209;189;144m[38;2;209;189;144m-[0m[48;2;214;196;153m[38;2;214;196;153m-[0m[48;2;70;60;50m[38;2;70;60;50m░[0m[48;2;13;8;14m[38;2;13;8;14m█[0m[48;2;21;18;26m[38;2;21;18;26m▓[0m[48;2;99;96;103m[38;2;99;96;103m%[0m                                      
                                 [48;2;103;100;101m[38;2;103;100;101m%[0m[48;2;112;101;108m[38;2;112;101;108m%[0m[48;2;160;142;154m[38;2;160;142;154m+[0m[48;2;70;57;66m[38;2;70;57;66m░[0m[48;2;68;61;67m[38;2;68;61;67m░[0m[48;2;39;33;38m[38;2;39;33;38m▓[0m[48;2;132;124;130m[38;2;132;124;130m#[0m[48;2;156;141;151m[38;2;156;141;151m+[0m[48;2;155;138;148m[38;2;155;138;148m*[0m[48;2;126;111;121m[38;2;126;111;121m#[0m[48;2;73;63;72m[38;2;73;63;72m░[0m[48;2;18;14;23m[38;2;18;14;23m█[0m[48;2;37;31;51m[38;2;37;31;51m▓[0m[48;2;37;31;52m[38;2;37;31;52m▓[0m[48;2;37;31;52m[38;2;37;31;52m▓[0m[48;2;37;31;52m[38;2;37;31;52m▓[0m[48;2;31;25;45m[38;2;31;25;45m▓[0m[48;2;24;19;34m[38;2;24;19;34m▓[0m[48;2;10;8;16m[38;2;10;8;16m█[0m[48;2;18;16;23m[38;2;18;16;23m█[0m[48;2;52;48;52m[38;2;52;48;52m▒[0m[48;2;51;45;47m[38;2;51;45;47m▒[0m[48;2;79;70;62m[38;2;79;70;62m░[0m[48;2;104;95;82m[38;2;104;95;82m%[0m[48;2;26;17;21m[38;2;26;17;21m▓[0m[48;2;11;6;12m[38;2;11;6;12m█[0m[48;2;4;1;7m[38;2;4;1;7m█[0m[48;2;39;37;43m[38;2;39;37;43m▒[0m[48;2;40;39;43m[38;2;40;39;43m▒[0m[48;2;66;65;68m[38;2;66;65;68m░[0m[48;2;79;78;80m[38;2;79;78;80m@[0m[48;2;191;191;192m[38;2;191;191;192m-[0m                                   
                                  [48;2;118;116;118m[38;2;118;116;118m#[0m[48;2;73;65;71m[38;2;73;65;71m░[0m[48;2;116;106;115m[38;2;116;106;115m#[0m[48;2;100;90;98m[38;2;100;90;98m%[0m[48;2;85;76;82m[38;2;85;76;82m@[0m[48;2;74;66;73m[38;2;74;66;73m░[0m[48;2;83;74;81m[38;2;83;74;81m@[0m[48;2;35;28;34m[38;2;35;28;34m▓[0m[48;2;21;15;21m[38;2;21;15;21m█[0m[48;2;66;62;68m[38;2;66;62;68m░[0m[48;2;8;6;13m[38;2;8;6;13m█[0m[48;2;30;25;41m[38;2;30;25;41m▓[0m[48;2;36;31;50m[38;2;36;31;50m▓[0m[48;2;35;29;50m[38;2;35;29;50m▓[0m[48;2;23;18;35m[38;2;23;18;35m▓[0m[48;2;5;2;9m[38;2;5;2;9m█[0m[48;2;31;28;31m[38;2;31;28;31m▓[0m[48;2;65;63;64m[38;2;65;63;64m░[0m[48;2;20;18;20m[38;2;20;18;20m▓[0m[48;2;20;18;22m[38;2;20;18;22m▓[0m[48;2;82;79;85m[38;2;82;79;85m@[0m[48;2;58;55;59m[38;2;58;55;59m░[0m[48;2;70;69;70m[38;2;70;69;70m░[0m[48;2;73;73;74m[38;2;73;73;74m░[0m[48;2;54;54;55m[38;2;54;54;55m▒[0m[48;2;11;8;25m[38;2;11;8;25m█[0m[48;2;4;2;8m[38;2;4;2;8m█[0m[48;2;21;17;27m[38;2;21;17;27m▓[0m[48;2;21;18;30m[38;2;21;18;30m▓[0m[48;2;18;15;27m[38;2;18;15;27m█[0m[48;2;54;53;59m[38;2;54;53;59m▒[0m[48;2;205;204;207m[38;2;205;204;207m:[0m                                  
                                   [48;2;136;134;136m[38;2;136;134;136m*[0m[48;2;42;35;41m[38;2;42;35;41m▒[0m[48;2;82;72;81m[38;2;82;72;81m@[0m[48;2;79;68;76m[38;2;79;68;76m░[0m[48;2;81;69;78m[38;2;81;69;78m@[0m[48;2;82;69;78m[38;2;82;69;78m@[0m[48;2;86;74;83m[38;2;86;74;83m@[0m[48;2;82;71;80m[38;2;82;71;80m@[0m[48;2;75;65;73m[38;2;75;65;73m░[0m[48;2;69;60;68m[38;2;69;60;68m░[0m[48;2;67;58;66m[38;2;67;58;66m░[0m[48;2;67;57;66m[38;2;67;57;66m░[0m[48;2;66;58;67m[38;2;66;58;67m░[0m[48;2;63;56;63m[38;2;63;56;63m░[0m[48;2;56;52;56m[38;2;56;52;56m▒[0m[48;2;27;23;26m[38;2;27;23;26m▓[0m[48;2;6;3;8m[38;2;6;3;8m█[0m[48;2;25;22;32m[38;2;25;22;32m▓[0m[48;2;20;16;28m[38;2;20;16;28m▓[0m[48;2;146;143;151m[38;2;146;143;151m*[0m[48;2;223;220;225m[38;2;223;220;225m.[0m[48;2;150;147;152m[38;2;150;147;152m+[0m[48;2;23;19;33m[38;2;23;19;33m▓[0m[48;2;38;29;71m[38;2;38;29;71m▓[0m[48;2;24;19;41m[38;2;24;19;41m▓[0m[48;2;11;7;19m[38;2;11;7;19m█[0m[48;2;16;13;22m[38;2;16;13;22m█[0m[48;2;37;31;50m[38;2;37;31;50m▓[0m[48;2;37;31;52m[38;2;37;31;52m▓[0m[48;2;34;29;48m[38;2;34;29;48m▓[0m[48;2;22;18;32m[38;2;22;18;32m▓[0m[48;2;81;78;84m[38;2;81;78;84m@[0m[48;2;206;205;207m[38;2;206;205;207m:[0m                                
                                    [48;2;176;175;176m[38;2;176;175;176m=[0m[48;2;107;104;107m[38;2;107;104;107m%[0m[48;2;91;83;89m[38;2;91;83;89m@[0m[48;2;85;76;83m[38;2;85;76;83m@[0m[48;2;91;82;89m[38;2;91;82;89m@[0m[48;2;91;81;88m[38;2;91;81;88m@[0m[48;2;94;85;92m[38;2;94;85;92m@[0m[48;2;97;88;95m[38;2;97;88;95m%[0m[48;2;96;86;93m[38;2;96;86;93m@[0m[48;2;90;81;89m[38;2;90;81;89m@[0m[48;2;79;71;79m[38;2;79;71;79m@[0m[48;2;58;51;60m[38;2;58;51;60m▒[0m[48;2;43;37;48m[38;2;43;37;48m▒[0m[48;2;23;17;30m[38;2;23;17;30m▓[0m[48;2;27;22;37m[38;2;27;22;37m▓[0m[48;2;36;30;49m[38;2;36;30;49m▓[0m[48;2;37;31;51m[38;2;37;31;51m▓[0m[48;2;36;30;50m[38;2;36;30;50m▓[0m[48;2;21;16;30m[38;2;21;16;30m▓[0m[48;2;179;176;182m[38;2;179;176;182m=[0m [48;2;223;222;223m[38;2;223;222;223m.[0m[48;2;143;143;143m[38;2;143;143;143m*[0m[48;2;40;38;48m[38;2;40;38;48m▒[0m[48;2;45;40;56m[38;2;45;40;56m▒[0m[48;2;7;6;11m[38;2;7;6;11m█[0m[48;2;18;15;28m[38;2;18;15;28m█[0m[48;2;36;31;51m[38;2;36;31;51m▓[0m[48;2;37;31;52m[38;2;37;31;52m▓[0m[48;2;37;31;52m[38;2;37;31;52m▓[0m[48;2;35;30;47m[38;2;35;30;47m▓[0m[48;2;23;19;30m[38;2;23;19;30m▓[0m[48;2;108;106;112m[38;2;108;106;112m%[0m[48;2;239;239;240m[38;2;239;239;240m [0m                              
                                         [48;2;231;230;231m[38;2;231;230;231m.[0m[48;2;219;218;219m[38;2;219;218;219m:[0m[48;2;217;216;217m[38;2;217;216;217m:[0m[48;2;27;25;28m[38;2;27;25;28m▓[0m[48;2;34;29;43m[38;2;34;29;43m▓[0m[48;2;36;31;49m[38;2;36;31;49m▓[0m[48;2;36;30;50m[38;2;36;30;50m▓[0m[48;2;37;31;52m[38;2;37;31;52m▓[0m[48;2;36;30;52m[38;2;36;30;52m▓[0m[48;2;36;30;52m[38;2;36;30;52m▓[0m[48;2;37;31;52m[38;2;37;31;52m▓[0m[48;2;37;31;52m[38;2;37;31;52m▓[0m[48;2;37;31;52m[38;2;37;31;52m▓[0m[48;2;35;29;48m[38;2;35;29;48m▓[0m[48;2;24;20;32m[38;2;24;20;32m▓[0m[48;2;183;181;184m[38;2;183;181;184m=[0m  [48;2;228;228;228m[38;2;228;228;228m.[0m[48;2;228;227;228m[38;2;228;227;228m.[0m[48;2;81;80;84m[38;2;81;80;84m@[0m[48;2;24;14;76m[38;2;24;14;76m▓[0m[48;2;16;13;33m[38;2;16;13;33m█[0m[48;2;36;30;50m[38;2;36;30;50m▓[0m[48;2;37;31;52m[38;2;37;31;52m▓[0m[48;2;37;31;52m[38;2;37;31;52m▓[0m[48;2;37;31;51m[38;2;37;31;51m▓[0m[48;2;30;26;41m[38;2;30;26;41m▓[0m[48;2;50;47;55m[38;2;50;47;55m▒[0m[48;2;223;223;224m[38;2;223;223;224m.[0m                             