                                                                                                              
                                                                                                              
                                                                                                              
                                                                                                              
                                                                                                              
                                                                                                              
                                                                                                              
                                                                                                              
                                                                                                              
                                                                                                              
                                                                                                              
                                                                                                              
                                                                                                              
                                                 [48;2;185;185;186m[38;2;185;185;186m-[0m[48;2;133;133;134m[38;2;133;133;134m*[0m[48;2;98;97;99m[38;2;98;97;99m%[0m[48;2;70;69;73m[38;2;70;69;73m░[0m[48;2;53;52;57m[38;2;53;52;57m▒[0m[48;2;43;42;47m[38;2;43;42;47m▒[0m[48;2;41;39;45m[38;2;41;39;45m▒[0m[48;2;44;43;49m[38;2;44;43;49m▒[0m[48;2;59;58;64m[38;2;59;58;64m░[0m[48;2;83;82;87m[38;2;83;82;87m@[0m[48;2;129;128;132m[38;2;129;128;132m*[0m[48;2;195;194;197m[38;2;195;194;197m-[0m                                                 
                                              [48;2;161;161;162m[38;2;161;161;162m+[0m[48;2;74;73;78m[38;2;74;73;78m@[0m[48;2;26;25;32m[38;2;26;25;32m▓[0m[48;2;29;27;38m[38;2;29;27;38m▓[0m[48;2;38;36;50m[38;2;38;36;50m▒[0m[48;2;43;41;57m[38;2;43;41;57m▒[0m[48;2;45;42;59m[38;2;45;42;59m▒[0m[48;2;44;42;59m[38;2;44;42;59m▒[0m[48;2;44;43;59m[38;2;44;43;59m▒[0m[48;2;42;43;59m[38;2;42;43;59m▒[0m[48;2;41;43;59m[38;2;41;43;59m▒[0m[48;2;42;43;58m[38;2;42;43;58m▒[0m[48;2;42;41;58m[38;2;42;41;58m▒[0m[48;2;38;36;53m[38;2;38;36;53m▒[0m[48;2;25;24;39m[38;2;25;24;39m▓[0m[48;2;42;41;51m[38;2;42;41;51m▒[0m[48;2;140;139;144m[38;2;140;139;144m*[0m                                               
                                            [48;2;150;150;151m[38;2;150;150;151m+[0m[48;2;35;33;39m[38;2;35;33;39m▓[0m[48;2;32;30;42m[38;2;32;30;42m▓[0m[48;2;45;43;57m[38;2;45;43;57m▒[0m[48;2;61;59;72m[38;2;61;59;72m░[0m[48;2;56;53;66m[38;2;56;53;66m░[0m[48;2;32;29;42m[38;2;32;29;42m▓[0m[48;2;28;26;39m[38;2;28;26;39m▓[0m[48;2;47;44;58m[38;2;47;44;58m▒[0m[48;2;34;32;45m[38;2;34;32;45m▓[0m[48;2;32;32;46m[38;2;32;32;46m▓[0m[48;2;36;37;52m[38;2;36;37;52m▒[0m[48;2;41;43;59m[38;2;41;43;59m▒[0m[48;2;41;43;59m[38;2;41;43;59m▒[0m[48;2;41;43;59m[38;2;41;43;59m▒[0m[48;2;41;43;59m[38;2;41;43;59m▒[0m[48;2;42;43;59m[38;2;42;43;59m▒[0m[48;2;42;42;58m[38;2;42;42;58m▒[0m[48;2;29;27;40m[38;2;29;27;40m▓[0m[48;2;52;50;57m[38;2;52;50;57m▒[0m[48;2;206;205;208m[38;2;206;205;208m:[0m                                             
                                           [48;2;80;79;82m[38;2;80;79;82m@[0m[48;2;19;18;24m[38;2;19;18;24m▓[0m[48;2;25;22;32m[38;2;25;22;32m▓[0m[48;2;33;28;37m[38;2;33;28;37m▓[0m[48;2;55;48;58m[38;2;55;48;58m▒[0m[48;2;67;59;67m[38;2;67;59;67m░[0m[48;2;84;74;83m[38;2;84;74;83m@[0m[48;2;98;87;96m[38;2;98;87;96m@[0m[48;2;120;108;118m[38;2;120;108;118m#[0m[48;2;133;120;129m[38;2;133;120;129m#[0m[48;2;126;111;121m[38;2;126;111;121m#[0m[48;2;107;92;102m[38;2;107;92;102m%[0m[48;2;79;67;77m[38;2;79;67;77m░[0m[48;2;47;38;48m[38;2;47;38;48m▒[0m[48;2;26;21;33m[38;2;26;21;33m▓[0m[48;2;36;33;47m[38;2;36;33;47m▓[0m[48;2;43;43;59m[38;2;43;43;59m▒[0m[48;2;41;43;59m[38;2;41;43;59m▒[0m[48;2;41;43;59m[38;2;41;43;59m▒[0m[48;2;43;43;58m[38;2;43;43;58m▒[0m[48;2;40;39;51m[38;2;40;39;51m▒[0m[48;2;25;22;31m[38;2;25;22;31m▓[0m[48;2;154;152;155m[38;2;154;152;155m+[0m                                            
                                          [48;2;123;123;124m[38;2;123;123;124m#[0m[48;2;17;13;18m[38;2;17;13;18m█[0m[48;2;77;70;77m[38;2;77;70;77m░[0m[48;2;79;69;78m[38;2;79;69;78m░[0m[48;2;62;52;60m[38;2;62;52;60m░[0m[48;2;73;63;71m[38;2;73;63;71m░[0m[48;2;119;104;116m[38;2;119;104;116m#[0m[48;2;150;134;147m[38;2;150;134;147m*[0m[48;2;98;81;94m[38;2;98;81;94m@[0m[48;2;80;65;76m[38;2;80;65;76m░[0m[48;2;62;48;58m[38;2;62;48;58m▒[0m[48;2;139;122;134m[38;2;139;122;134m*[0m[48;2;160;141;153m[38;2;160;141;153m+[0m[48;2;161;141;154m[38;2;161;141;154m+[0m[48;2;160;140;153m[38;2;160;140;153m+[0m[48;2;145;127;141m[38;2;145;127;141m*[0m[48;2;91;78;90m[38;2;91;78;90m@[0m[48;2;40;31;44m[38;2;40;31;44m▓[0m[48;2;51;46;59m[38;2;51;46;59m▒[0m[48;2;31;27;42m[38;2;31;27;42m▓[0m[48;2;24;21;35m[38;2;24;21;35m▓[0m[48;2;19;15;28m[38;2;19;15;28m█[0m[48;2;28;22;43m[38;2;28;22;43m▓[0m[48;2;9;6;13m[38;2;9;6;13m█[0m[48;2;136;134;137m[38;2;136;134;137m*[0m                                           
                                         [48;2;122;121;123m[38;2;122;121;123m#[0m[48;2;64;57;65m[38;2;64;57;65m░[0m[48;2;150;134;146m[38;2;150;134;146m*[0m[48;2;160;142;154m[38;2;160;142;154m+[0m[48;2;154;135;147m[38;2;154;135;147m*[0m[48;2;159;140;153m[38;2;159;140;153m+[0m[48;2;159;140;152m[38;2;159;140;152m+[0m[48;2;161;140;155m[38;2;161;140;155m+[0m[48;2;161;140;155m[38;2;161;140;155m+[0m[48;2;161;140;155m[38;2;161;140;155m+[0m[48;2;157;137;151m[38;2;157;137;151m*[0m[48;2;101;85;97m[38;2;101;85;97m@[0m[48;2;100;85;97m[38;2;100;85;97m@[0m[48;2;154;135;149m[38;2;154;135;149m*[0m[48;2;160;141;155m[38;2;160;141;155m+[0m[48;2;160;141;155m[38;2;160;141;155m+[0m[48;2;161;140;155m[38;2;161;140;155m+[0m[48;2;161;140;155m[38;2;161;140;155m+[0m[48;2;153;133;148m[38;2;153;133;148m*[0m[48;2;73;60;71m[38;2;73;60;71m░[0m[48;2;44;34;57m[38;2;44;34;57m▒[0m[48;2;88;70;136m[38;2;88;70;136m@[0m[48;2;46;31;75m[38;2;46;31;75m▒[0m[48;2;72;53;109m[38;2;72;53;109m░[0m[48;2;8;3;9m[38;2;8;3;9m█[0m[48;2;7;3;8m[38;2;7;3;8m█[0m[48;2;171;169;171m[38;2;171;169;171m=[0m                                          
                                        [48;2;112;111;113m[38;2;112;111;113m#[0m[48;2;82;74;82m[38;2;82;74;82m@[0m[48;2;157;141;153m[38;2;157;141;153m+[0m[48;2;160;141;155m[38;2;160;141;155m+[0m[48;2;161;140;155m[38;2;161;140;155m+[0m[48;2;161;140;155m[38;2;161;140;155m+[0m[48;2;161;140;155m[38;2;161;140;155m+[0m[48;2;161;140;155m[38;2;161;140;155m+[0m[48;2;161;140;155m[38;2;161;140;155m+[0m[48;2;113;94;108m[38;2;113;94;108m%[0m[48;2;132;113;127m[38;2;132;113;127m#[0m[48;2;145;126;140m[38;2;145;126;140m*[0m[48;2;41;26;38m[38;2;41;26;38m▓[0m[48;2;111;93;106m[38;2;111;93;106m%[0m[48;2;64;50;61m[38;2;64;50;61m░[0m[48;2;157;139;153m[38;2;157;139;153m*[0m[48;2;161;140;155m[38;2;161;140;155m+[0m[48;2;161;140;155m[38;2;161;140;155m+[0m[48;2;161;140;155m[38;2;161;140;155m+[0m[48;2;161;140;155m[38;2;161;140;155m+[0m[48;2;160;140;155m[38;2;160;140;155m+[0m[48;2;96;82;93m[38;2;96;82;93m@[0m[48;2;36;22;46m[38;2;36;22;46m▓[0m[48;2;109;83;157m[38;2;109;83;157m%[0m[48;2;56;36;90m[38;2;56;36;90m▒[0m[48;2;52;37;76m[38;2;52;37;76m▒[0m[48;2;15;8;18m[38;2;15;8;18m█[0m[48;2;32;28;34m[38;2;32;28;34m▓[0m[48;2;234;234;234m[38;2;234;234;234m.[0m                                         
                                       [48;2;185;185;186m[38;2;185;185;186m-[0m[48;2;52;47;52m[38;2;52;47;52m▒[0m[48;2;102;88;100m[38;2;102;88;100m%[0m[48;2;95;78;91m[38;2;95;78;91m@[0m[48;2;86;69;81m[38;2;86;69;81m@[0m[48;2;161;140;155m[38;2;161;140;155m+[0m[48;2;161;140;155m[38;2;161;140;155m+[0m[48;2;161;140;155m[38;2;161;140;155m+[0m[48;2;161;140;155m[38;2;161;140;155m+[0m[48;2;161;140;155m[38;2;161;140;155m+[0m[48;2;76;60;72m[38;2;76;60;72m░[0m[48;2;96;83;94m[38;2;96;83;94m@[0m[48;2;155;140;153m[38;2;155;140;153m*[0m[48;2;50;37;48m[38;2;50;37;48m▒[0m[48;2;84;69;82m[38;2;84;69;82m@[0m[48;2;80;65;77m[38;2;80;65;77m░[0m[48;2;72;58;69m[38;2;72;58;69m░[0m[48;2;153;136;149m[38;2;153;136;149m*[0m[48;2;160;141;155m[38;2;160;141;155m+[0m[48;2;161;140;155m[38;2;161;140;155m+[0m[48;2;161;140;155m[38;2;161;140;155m+[0m[48;2;161;140;155m[38;2;161;140;155m+[0m[48;2;159;141;154m[38;2;159;141;154m+[0m[48;2;101;86;98m[38;2;101;86;98m%[0m[48;2;46;31;55m[38;2;46;31;55m▒[0m[48;2;13;4;18m[38;2;13;4;18m█[0m[48;2;12;6;14m[38;2;12;6;14m█[0m[48;2;31;27;38m[38;2;31;27;38m▓[0m[48;2;26;21;32m[38;2;26;21;32m▓[0m[48;2;128;126;130m[38;2;128;126;130m#[0m                                         
                                       [48;2;72;69;72m[38;2;72;69;72m░[0m[48;2;118;106;116m[38;2;118;106;116m#[0m[48;2;22;12;20m[38;2;22;12;20m█[0m[48;2;34;24;32m[38;2;34;24;32m▓[0m[48;2;102;89;100m[38;2;102;89;100m%[0m[48;2;112;96;108m[38;2;112;96;108m%[0m[48;2;152;133;147m[38;2;152;133;147m*[0m[48;2;152;133;147m[38;2;152;133;147m*[0m[48;2;161;142;156m[38;2;161;142;156m+[0m[48;2;161;142;156m[38;2;161;142;156m+[0m[48;2;109;93;105m[38;2;109;93;105m%[0m[48;2;18;9;17m[38;2;18;9;17m█[0m[48;2;126;114;124m[38;2;126;114;124m#[0m[48;2;131;116;128m[38;2;131;116;128m#[0m[48;2;18;7;17m[38;2;18;7;17m█[0m[48;2;49;39;48m[38;2;49;39;48m▒[0m[48;2;56;47;54m[38;2;56;47;54m▒[0m[48;2;42;32;39m[38;2;42;32;39m▓[0m[48;2;104;92;101m[38;2;104;92;101m%[0m[48;2;155;138;150m[38;2;155;138;150m*[0m[48;2;160;141;155m[38;2;160;141;155m+[0m[48;2;160;141;155m[38;2;160;141;155m+[0m[48;2;160;141;155m[38;2;160;141;155m+[0m[48;2;159;141;155m[38;2;159;141;155m+[0m[48;2;124;107;121m[38;2;124;107;121m#[0m[48;2;47;34;46m[38;2;47;34;46m▒[0m[48;2;42;34;44m[38;2;42;34;44m▒[0m[48;2;43;37;51m[38;2;43;37;51m▒[0m[48;2;42;39;53m[38;2;42;39;53m▒[0m[48;2;38;36;41m[38;2;38;36;41m▒[0m                                         
                                       [48;2;33;28;31m[38;2;33;28;31m▓[0m[48;2;118;105;115m[38;2;118;105;115m#[0m[48;2;10;3;10m[38;2;10;3;10m█[0m[48;2;47;40;48m[38;2;47;40;48m▒[0m[48;2;110;100;109m[38;2;110;100;109m%[0m[48;2;19;11;17m[38;2;19;11;17m█[0m[48;2;28;19;28m[38;2;28;19;28m▓[0m[48;2;43;32;43m[38;2;43;32;43m▓[0m[48;2;152;136;148m[38;2;152;136;148m*[0m[48;2;156;139;152m[38;2;156;139;152m*[0m[48;2;145;129;142m[38;2;145;129;142m*[0m[48;2;24;16;24m[38;2;24;16;24m▓[0m[48;2;34;25;33m[38;2;34;25;33m▓[0m[48;2;86;75;84m[38;2;86;75;84m@[0m[48;2;62;51;63m[38;2;62;51;63m░[0m[48;2;40;31;42m[38;2;40;31;42m▓[0m[48;2;41;34;40m[38;2;41;34;40m▒[0m[48;2;17;12;16m[38;2;17;12;16m█[0m[48;2;19;14;17m[38;2;19;14;17m█[0m[48;2;19;13;17m[38;2;19;13;17m█[0m[48;2;51;43;49m[38;2;51;43;49m▒[0m[48;2;52;44;52m[38;2;52;44;52m▒[0m[48;2;75;66;73m[38;2;75;66;73m░[0m[48;2;79;69;77m[38;2;79;69;77m░[0m[48;2;79;68;77m[38;2;79;68;77m░[0m[48;2;71;59;69m[38;2;71;59;69m░[0m[48;2;34;25;35m[38;2;34;25;35m▓[0m[48;2;17;11;21m[38;2;17;11;21m█[0m[48;2;41;36;46m[38;2;41;36;46m▒[0m[48;2;15;13;19m[38;2;15;13;19m█[0m                                         
                                      [48;2;238;238;238m[38;2;238;238;238m [0m[48;2;31;27;30m[38;2;31;27;30m▓[0m[48;2;100;87;96m[38;2;100;87;96m%[0m[48;2;29;22;28m[38;2;29;22;28m▓[0m[48;2;62;55;61m[38;2;62;55;61m░[0m[48;2;41;33;41m[38;2;41;33;41m▓[0m[48;2;30;18;45m[38;2;30;18;45m▓[0m[48;2;40;25;62m[38;2;40;25;62m▓[0m[48;2;18;6;38m[38;2;18;6;38m█[0m[48;2;51;40;49m[38;2;51;40;49m▒[0m[48;2;111;99;104m[38;2;111;99;104m%[0m[48;2;121;111;113m[38;2;121;111;113m#[0m[48;2;137;128;129m[38;2;137;128;129m*[0m[48;2;31;23;27m[38;2;31;23;27m▓[0m[48;2;50;29;95m[38;2;50;29;95m▒[0m[48;2;64;35;133m[38;2;64;35;133m▒[0m[48;2;42;19;91m[38;2;42;19;91m▓[0m[48;2;143;134;138m[38;2;143;134;138m*[0m[48;2;117;106;108m[38;2;117;106;108m%[0m[48;2;206;195;196m[38;2;206;195;196m-[0m[48;2;201;190;191m[38;2;201;190;191m-[0m[48;2;26;18;22m[38;2;26;18;22m▓[0m[48;2;101;92;98m[38;2;101;92;98m%[0m[48;2;103;93;100m[38;2;103;93;100m%[0m[48;2;106;96;103m[38;2;106;96;103m%[0m[48;2;41;32;38m[38;2;41;32;38m▓[0m[48;2;131;120;129m[38;2;131;120;129m#[0m[48;2;156;143;151m[38;2;156;143;151m+[0m[48;2;121;108;116m[38;2;121;108;116m#[0m[48;2;76;64;72m[38;2;76;64;72m░[0m[48;2;42;33;39m[38;2;42;33;39m▓[0m[48;2;89;85;88m[38;2;89;85;88m@[0m[48;2;157;155;156m[38;2;157;155;156m+[0m[48;2;216;216;216m[38;2;216;216;216m:[0m                                      
                                       [48;2;41;38;41m[38;2;41;38;41m▒[0m[48;2;89;77;85m[38;2;89;77;85m@[0m[48;2;13;7;12m[38;2;13;7;12m█[0m[48;2;198;190;194m[38;2;198;190;194m-[0m[48;2;77;70;73m[38;2;77;70;73m░[0m[48;2;77;53;123m[38;2;77;53;123m░[0m[48;2;111;70;169m[38;2;111;70;169m%[0m[48;2;80;43;133m[38;2;80;43;133m░[0m[48;2;81;70;78m[38;2;81;70;78m@[0m[48;2;248;236;233m[38;2;248;236;233m [0m[48;2;250;236;230m[38;2;250;236;230m [0m[48;2;251;237;231m[38;2;251;237;231m [0m[48;2;121;110;108m[38;2;121;110;108m#[0m[48;2;89;70;101m[38;2;89;70;101m@[0m[48;2;172;128;197m[38;2;172;128;197m+[0m[48;2;84;54;106m[38;2;84;54;106m░[0m[48;2;144;133;134m[38;2;144;133;134m*[0m[48;2;250;235;231m[38;2;250;235;231m [0m[48;2;249;232;228m[38;2;249;232;228m.[0m[48;2;248;233;230m[38;2;248;233;230m.[0m[48;2;146;134;134m[38;2;146;134;134m*[0m[48;2;65;54;61m[38;2;65;54;61m░[0m[48;2;150;137;147m[38;2;150;137;147m*[0m[48;2;155;141;151m[38;2;155;141;151m+[0m[48;2;139;125;135m[38;2;139;125;135m*[0m[48;2;67;55;64m[38;2;67;55;64m░[0m[48;2;72;59;69m[38;2;72;59;69m░[0m[48;2;125;110;120m[38;2;125;110;120m#[0m[48;2;156;140;150m[38;2;156;140;150m*[0m[48;2;158;143;152m[38;2;158;143;152m+[0m[48;2;146;133;141m[38;2;146;133;141m*[0m[48;2;124;111;119m[38;2;124;111;119m#[0m[48;2;87;74;83m[38;2;87;74;83m@[0m[48;2;73;64;70m[38;2;73;64;70m░[0m[48;2;144;141;143m[38;2;144;141;143m*[0m[48;2;241;240;241m[38;2;241;240;241m [0m                                   
                                       [48;2;124;123;124m[38;2;124;123;124m#[0m[48;2;64;54;61m[38;2;64;54;61m░[0m[48;2;46;38;44m[38;2;46;38;44m▒[0m[48;2;218;206;209m[38;2;218;206;209m:[0m[48;2;188;177;176m[38;2;188;177;176m=[0m[48;2;67;53;66m[38;2;67;53;66m░[0m[48;2;214;170;217m[38;2;214;170;217m-[0m[48;2;151;111;157m[38;2;151;111;157m*[0m[48;2;103;91;99m[38;2;103;91;99m%[0m[48;2;249;235;233m[38;2;249;235;233m [0m[48;2;250;234;230m[38;2;250;234;230m [0m[48;2;250;234;230m[38;2;250;234;230m [0m[48;2;237;222;219m[38;2;237;222;219m.[0m[48;2;79;67;72m[38;2;79;67;72m░[0m[48;2;110;84;110m[38;2;110;84;110m%[0m[48;2;65;47;63m[38;2;65;47;63m▒[0m[48;2;227;213;212m[38;2;227;213;212m:[0m[48;2;243;216;209m[38;2;243;216;209m.[0m[48;2;238;193;181m[38;2;238;193;181m:[0m[48;2;248;225;217m[38;2;248;225;217m.[0m[48;2;247;234;230m[38;2;247;234;230m.[0m[48;2;172;160;160m[38;2;172;160;160m+[0m[48;2;51;40;47m[38;2;51;40;47m▒[0m[48;2;131;118;127m[38;2;131;118;127m#[0m[48;2;85;72;82m[38;2;85;72;82m@[0m[48;2;144;130;140m[38;2;144;130;140m*[0m[48;2;140;126;138m[38;2;140;126;138m*[0m[48;2;92;80;91m[38;2;92;80;91m@[0m[48;2;67;55;65m[38;2;67;55;65m░[0m[48;2;68;56;65m[38;2;68;56;65m░[0m[48;2;78;65;74m[38;2;78;65;74m░[0m[48;2;95;82;91m[38;2;95;82;91m@[0m[48;2;109;95;105m[38;2;109;95;105m%[0m[48;2;124;110;120m[38;2;124;110;120m#[0m[48;2;109;97;106m[38;2;109;97;106m%[0m[48;2;59;51;56m[38;2;59;51;56m▒[0m[48;2;175;173;174m[38;2;175;173;174m=[0m                                  
                                       [48;2;237;237;237m[38;2;237;237;237m.[0m[48;2;54;50;54m[38;2;54;50;54m▒[0m[48;2;33;25;31m[38;2;33;25;31m▓[0m[48;2;134;122;126m[38;2;134;122;126m#[0m[48;2;237;220;219m[38;2;237;220;219m.[0m[48;2;169;155;154m[38;2;169;155;154m+[0m[48;2;94;81;86m[38;2;94;81;86m@[0m[48;2;100;87;93m[38;2;100;87;93m%[0m[48;2;225;212;211m[38;2;225;212;211m:[0m[48;2;213;197;194m[38;2;213;197;194m:[0m[48;2;111;97;95m[38;2;111;97;95m%[0m[48;2;189;175;172m[38;2;189;175;172m=[0m[48;2;250;234;230m[38;2;250;234;230m [0m[48;2;249;234;229m[38;2;249;234;229m [0m[48;2;218;204;200m[38;2;218;204;200m:[0m[48;2;239;225;220m[38;2;239;225;220m.[0m[48;2;250;234;228m[38;2;250;234;228m [0m[48;2;244;225;217m[38;2;244;225;217m.[0m[48;2;246;226;218m[38;2;246;226;218m.[0m[48;2;250;234;229m[38;2;250;234;229m [0m[48;2;249;235;230m[38;2;249;235;230m [0m[48;2;141;130;130m[38;2;141;130;130m*[0m[48;2;66;57;63m[38;2;66;57;63m░[0m[48;2;60;51;58m[38;2;60;51;58m▒[0m[48;2;21;13;20m[38;2;21;13;20m█[0m[48;2;38;28;35m[38;2;38;28;35m▓[0m[48;2;59;48;55m[38;2;59;48;55m▒[0m[48;2;87;77;86m[38;2;87;77;86m@[0m[48;2;97;88;95m[38;2;97;88;95m%[0m[48;2;91;81;89m[38;2;91;81;89m@[0m[48;2;68;58;66m[38;2;68;58;66m░[0m[48;2;43;34;42m[38;2;43;34;42m▒[0m[48;2;51;43;50m[38;2;51;43;50m▒[0m[48;2;90;78;86m[38;2;90;78;86m@[0m[48;2;150;134;144m[38;2;150;134;144m*[0m[48;2;153;136;146m[38;2;153;136;146m*[0m[48;2;71;61;68m[38;2;71;61;68m░[0m[48;2;122;120;122m[38;2;122;120;122m#[0m                                 
                                        [48;2;126;125;126m[38;2;126;125;126m#[0m[48;2;7;4;6m[38;2;7;4;6m█[0m[48;2;44;36;40m[38;2;44;36;40m▒[0m[48;2;191;179;179m[38;2;191;179;179m=[0m[48;2;249;234;231m[38;2;249;234;231m [0m[48;2;251;236;231m[38;2;251;236;231m [0m[48;2;250;234;228m[38;2;250;234;228m [0m[48;2;250;234;228m[38;2;250;234;228m [0m[48;2;251;235;230m[38;2;251;235;230m [0m[48;2;249;235;230m[38;2;249;235;230m [0m[48;2;250;234;229m[38;2;250;234;229m [0m[48;2;250;234;229m[38;2;250;234;229m [0m[48;2;250;234;228m[38;2;250;234;228m [0m[48;2;250;234;228m[38;2;250;234;228m [0m[48;2;250;234;227m[38;2;250;234;227m [0m[48;2;250;234;228m[38;2;250;234;228m [0m[48;2;250;234;228m[38;2;250;234;228m [0m[48;2;250;234;229m[38;2;250;234;229m [0m[48;2;234;220;216m[38;2;234;220;216m.[0m[48;2;123;111;110m[38;2;123;111;110m#[0m[48;2;15;6;8m[38;2;15;6;8m█[0m[48;2;48;40;46m[38;2;48;40;46m▒[0m[48;2;36;29;35m[38;2;36;29;35m▓[0m[48;2;139;132;139m[38;2;139;132;139m*[0m[48;2;166;157;162m[38;2;166;157;162m+[0m[48;2;34;27;31m[38;2;34;27;31m▓[0m[48;2;90;81;88m[38;2;90;81;88m@[0m[48;2;124;111;120m[38;2;124;111;120m#[0m[48;2;131;115;126m[38;2;131;115;126m#[0m[48;2;146;129;141m[38;2;146;129;141m*[0m[48;2;158;140;153m[38;2;158;140;153m+[0m[48;2;159;140;154m[38;2;159;140;154m+[0m[48;2;161;141;155m[38;2;161;141;155m+[0m[48;2;161;140;154m[38;2;161;140;154m+[0m[48;2;161;140;154m[38;2;161;140;154m+[0m[48;2;159;141;154m[38;2;159;141;154m+[0m[48;2;81;70;80m[38;2;81;70;80m@[0m[48;2;125;123;127m[38;2;125;123;127m#[0m                                
                                        [48;2;214;214;214m[38;2;214;214;214m:[0m[48;2;109;107;109m[38;2;109;107;109m%[0m[48;2;111;105;109m[38;2;111;105;109m%[0m[48;2;207;198;198m[38;2;207;198;198m-[0m[48;2;239;227;224m[38;2;239;227;224m.[0m[48;2;248;233;230m[38;2;248;233;230m.[0m[48;2;249;235;230m[38;2;249;235;230m [0m[48;2;249;235;230m[38;2;249;235;230m [0m[48;2;249;235;230m[38;2;249;235;230m [0m[48;2;248;233;228m[38;2;248;233;228m.[0m[48;2;243;228;224m[38;2;243;228;224m.[0m[48;2;226;212;208m[38;2;226;212;208m:[0m[48;2;206;193;189m[38;2;206;193;189m-[0m[48;2;181;169;165m[38;2;181;169;165m=[0m[48;2;151;140;137m[38;2;151;140;137m*[0m[48;2;121;111;110m[38;2;121;111;110m#[0m[48;2;84;76;76m[38;2;84;76;76m@[0m[48;2;46;39;42m[38;2;46;39;42m▒[0m[48;2;26;20;24m[38;2;26;20;24m▓[0m[48;2;7;2;7m[38;2;7;2;7m█[0m[48;2;6;1;7m[38;2;6;1;7m█[0m[48;2;194;188;193m[38;2;194;188;193m-[0m[48;2;113;108;113m[38;2;113;108;113m#[0m[48;2;37;31;36m[38;2;37;31;36m▓[0m[48;2;108;102;107m[38;2;108;102;107m%[0m[48;2;122;115;121m[38;2;122;115;121m#[0m[48;2;67;58;64m[38;2;67;58;64m░[0m[48;2;159;142;153m[38;2;159;142;153m+[0m[48;2;161;140;155m[38;2;161;140;155m+[0m[48;2;161;140;155m[38;2;161;140;155m+[0m[48;2;161;140;155m[38;2;161;140;155m+[0m[48;2;161;140;155m[38;2;161;140;155m+[0m[48;2;161;140;155m[38;2;161;140;155m+[0m[48;2;161;140;155m[38;2;161;140;155m+[0m[48;2;161;140;155m[38;2;161;140;155m+[0m[48;2;161;140;155m[38;2;161;140;155m+[0m[48;2;157;138;152m[38;2;157;138;152m*[0m[48;2;46;39;46m[38;2;46;39;46m▒[0m[48;2;197;196;197m[38;2;197;196;197m-[0m                               
                                          [48;2;188;187;188m[38;2;188;187;188m-[0m[48;2;80;76;78m[38;2;80;76;78m@[0m[48;2;17;13;15m[38;2;17;13;15m█[0m[48;2;18;15;17m[38;2;18;15;17m█[0m[48;2;23;21;22m[38;2;23;21;22m▓[0m[48;2;32;28;30m[38;2;32;28;30m▓[0m[48;2;44;40;41m[38;2;44;40;41m▒[0m[48;2;35;31;31m[38;2;35;31;31m▓[0m[48;2;69;64;65m[38;2;69;64;65m░[0m[48;2;71;68;69m[38;2;71;68;69m░[0m[48;2;71;68;69m[38;2;71;68;69m░[0m[48;2;15;11;13m[38;2;15;11;13m█[0m[48;2;47;43;47m[38;2;47;43;47m▒[0m[48;2;30;25;30m[38;2;30;25;30m▓[0m[48;2;4;1;7m[38;2;4;1;7m█[0m[48;2;15;10;19m[38;2;15;10;19m█[0m[48;2;12;7;15m[38;2;12;7;15m█[0m[48;2;23;19;28m[38;2;23;19;28m▓[0m[48;2;26;23;30m[38;2;26;23;30m▓[0m[48;2;242;239;244m[38;2;242;239;244m [0m[48;2;185;182;184m[38;2;185;182;184m-[0m[48;2;68;63;67m[38;2;68;63;67m░[0m[48;2;201;196;201m[38;2;201;196;201m-[0m[48;2;192;186;191m[38;2;192;186;191m-[0m[48;2;31;23;28m[38;2;31;23;28m▓[0m[48;2;156;140;151m[38;2;156;140;151m*[0m[48;2;161;140;155m[38;2;161;140;155m+[0m[48;2;161;140;155m[38;2;161;140;155m+[0m[48;2;161;140;155m[38;2;161;140;155m+[0m[48;2;161;140;155m[38;2;161;140;155m+[0m[48;2;161;140;155m[38;2;161;140;155m+[0m[48;2;161;140;155m[38;2;161;140;155m+[0m[48;2;161;140;155m[38;2;161;140;155m+[0m[48;2;161;140;155m[38;2;161;140;155m+[0m[48;2;161;140;155m[38;2;161;140;155m+[0m[48;2;109;96;105m[38;2;109;96;105m%[0m[48;2;109;106;108m[38;2;109;106;108m%[0m                               
                                       [48;2;182;181;182m[38;2;182;181;182m=[0m[48;2;67;66;68m[38;2;67;66;68m░[0m[48;2;19;18;22m[38;2;19;18;22m▓[0m[48;2;22;20;27m[38;2;22;20;27m▓[0m[48;2;26;23;34m[38;2;26;23;34m▓[0m[48;2;27;24;36m[38;2;27;24;36m▓[0m[48;2;8;6;15m[38;2;8;6;15m█[0m[48;2;5;4;9m[38;2;5;4;9m█[0m[48;2;48;47;51m[38;2;48;47;51m▒[0m[48;2;46;45;48m[38;2;46;45;48m▒[0m[48;2;23;22;24m[38;2;23;22;24m▓[0m[48;2;82;80;83m[38;2;82;80;83m@[0m[48;2;124;122;125m[38;2;124;122;125m#[0m[48;2;10;10;10m[38;2;10;10;10m█[0m[48;2;40;40;41m[38;2;40;40;41m▒[0m[48;2;12;10;13m[38;2;12;10;13m█[0m[48;2;33;30;35m[38;2;33;30;35m▓[0m[48;2;22;18;27m[38;2;22;18;27m▓[0m[48;2;32;27;40m[38;2;32;27;40m▓[0m[48;2;6;2;13m[38;2;6;2;13m█[0m[48;2;16;12;21m[38;2;16;12;21m█[0m[48;2;33;30;36m[38;2;33;30;36m▓[0m [48;2;244;240;244m[38;2;244;240;244m [0m[48;2;76;72;76m[38;2;76;72;76m@[0m[48;2;150;146;150m[38;2;150;146;150m+[0m[48;2;203;197;202m[38;2;203;197;202m-[0m[48;2;34;27;32m[38;2;34;27;32m▓[0m[48;2;149;134;144m[38;2;149;134;144m*[0m[48;2;161;140;155m[38;2;161;140;155m+[0m[48;2;161;140;155m[38;2;161;140;155m+[0m[48;2;161;140;155m[38;2;161;140;155m+[0m[48;2;161;140;155m[38;2;161;140;155m+[0m[48;2;161;140;155m[38;2;161;140;155m+[0m[48;2;161;140;155m[38;2;161;140;155m+[0m[48;2;161;140;155m[38;2;161;140;155m+[0m[48;2;161;140;155m[38;2;161;140;155m+[0m[48;2;161;140;155m[38;2;161;140;155m+[0m[48;2;136;119;131m[38;2;136;119;131m#[0m[48;2;68;62;67m[38;2;68;62;67m░[0m                               
                                       [48;2;40;40;41m[38;2;40;40;41m▒[0m[48;2;68;67;70m[38;2;68;67;70m░[0m[48;2;29;27;32m[38;2;29;27;32m▓[0m[48;2;34;30;42m[38;2;34;30;42m▓[0m[48;2;37;32;50m[38;2;37;32;50m▓[0m[48;2;37;32;51m[38;2;37;32;51m▓[0m[48;2;10;7;19m[38;2;10;7;19m█[0m[48;2;23;21;32m[38;2;23;21;32m▓[0m[48;2;12;10;21m[38;2;12;10;21m█[0m[48;2;49;48;53m[38;2;49;48;53m▒[0m[48;2;18;17;20m[38;2;18;17;20m█[0m[48;2;29;27;30m[38;2;29;27;30m▓[0m[48;2;79;78;81m[38;2;79;78;81m@[0m[48;2;13;11;13m[38;2;13;11;13m█[0m[48;2;6;6;6m[38;2;6;6;6m█[0m[48;2;11;10;10m[38;2;11;10;10m█[0m[48;2;86;79;78m[38;2;86;79;78m@[0m[48;2;135;127;119m[38;2;135;127;119m*[0m[48;2;58;50;57m[38;2;58;50;57m▒[0m[48;2;33;27;43m[38;2;33;27;43m▓[0m[48;2;14;10;23m[38;2;14;10;23m█[0m[48;2;6;3;11m[38;2;6;3;11m█[0m[48;2;141;138;143m[38;2;141;138;143m*[0m[48;2;211;208;211m[38;2;211;208;211m:[0m[48;2;209;206;209m[38;2;209;206;209m:[0m[48;2;57;53;58m[38;2;57;53;58m▒[0m[48;2;98;92;97m[38;2;98;92;97m%[0m[48;2;44;38;43m[38;2;44;38;43m▒[0m[48;2;156;141;152m[38;2;156;141;152m+[0m[48;2;152;133;147m[38;2;152;133;147m*[0m[48;2;140;120;135m[38;2;140;120;135m#[0m[48;2;161;140;155m[38;2;161;140;155m+[0m[48;2;161;140;155m[38;2;161;140;155m+[0m[48;2;161;140;155m[38;2;161;140;155m+[0m[48;2;161;140;155m[38;2;161;140;155m+[0m[48;2;161;140;155m[38;2;161;140;155m+[0m[48;2;161;140;155m[38;2;161;140;155m+[0m[48;2;161;140;155m[38;2;161;140;155m+[0m[48;2;119;104;115m[38;2;119;104;115m#[0m[48;2;95;89;93m[38;2;95;89;93m@[0m                               
                                       [48;2;196;196;196m[38;2;196;196;196m-[0m[48;2;59;57;60m[38;2;59;57;60m░[0m[48;2;124;122;125m[38;2;124;122;125m#[0m[48;2;19;15;23m[38;2;19;15;23m█[0m[48;2;35;30;45m[38;2;35;30;45m▓[0m[48;2;34;30;46m[38;2;34;30;46m▓[0m[48;2;7;5;15m[38;2;7;5;15m█[0m[48;2;34;30;47m[38;2;34;30;47m▓[0m[48;2;27;23;39m[38;2;27;23;39m▓[0m[48;2;18;16;23m[38;2;18;16;23m█[0m[48;2;11;8;13m[38;2;11;8;13m█[0m[48;2;6;5;8m[38;2;6;5;8m█[0m[48;2;2;1;4m[38;2;2;1;4m█[0m[48;2;48;48;48m[38;2;48;48;48m▒[0m[48;2;42;41;39m[38;2;42;41;39m▒[0m[48;2;20;18;17m[38;2;20;18;17m▓[0m[48;2;91;85;86m[38;2;91;85;86m@[0m[48;2;110;101;100m[38;2;110;101;100m%[0m[48;2;69;60;68m[38;2;69;60;68m░[0m[48;2;40;32;52m[38;2;40;32;52m▒[0m[48;2;39;31;51m[38;2;39;31;51m▓[0m[48;2;35;28;46m[38;2;35;28;46m▓[0m[48;2;15;10;21m[38;2;15;10;21m█[0m[48;2;20;15;24m[38;2;20;15;24m█[0m[48;2;71;66;72m[38;2;71;66;72m░[0m[48;2;85;80;85m[38;2;85;80;85m@[0m[48;2;113;105;111m[38;2;113;105;111m%[0m[48;2;135;126;134m[38;2;135;126;134m*[0m[48;2;93;81;90m[38;2;93;81;90m@[0m[48;2;30;19;27m[38;2;30;19;27m▓[0m[48;2;95;80;92m[38;2;95;80;92m@[0m[48;2;160;141;155m[38;2;160;141;155m+[0m[48;2;161;140;155m[38;2;161;140;155m+[0m[48;2;161;140;155m[38;2;161;140;155m+[0m[48;2;161;140;155m[38;2;161;140;155m+[0m[48;2;161;140;155m[38;2;161;140;155m+[0m[48;2;161;140;155m[38;2;161;140;155m+[0m[48;2;155;137;150m[38;2;155;137;150m*[0m[48;2;49;38;46m[38;2;49;38;46m▒[0m[48;2;200;195;200m[38;2;200;195;200m-[0m                               
                                        [48;2;216;215;216m[38;2;216;215;216m:[0m[48;2;59;57;60m[38;2;59;57;60m░[0m[48;2;150;148;150m[38;2;150;148;150m+[0m[48;2;35;32;37m[38;2;35;32;37m▓[0m[48;2;19;15;23m[38;2;19;15;23m█[0m[48;2;15;12;22m[38;2;15;12;22m█[0m[48;2;37;32;49m[38;2;37;32;49m▓[0m[48;2;36;31;49m[38;2;36;31;49m▓[0m[48;2;14;11;21m[38;2;14;11;21m█[0m[48;2;113;110;100m[38;2;113;110;100m#[0m[48;2;99;94;77m[38;2;99;94;77m%[0m[48;2;49;40;32m[38;2;49;40;32m▒[0m[48;2;112;102;82m[38;2;112;102;82m%[0m[48;2;195;185;156m[38;2;195;185;156m-[0m[48;2;42;35;30m[38;2;42;35;30m▓[0m[48;2;35;28;37m[38;2;35;28;37m▓[0m[48;2;44;36;53m[38;2;44;36;53m▒[0m[48;2;38;30;51m[38;2;38;30;51m▓[0m[48;2;37;31;52m[38;2;37;31;52m▓[0m[48;2;38;31;52m[38;2;38;31;52m▓[0m[48;2;36;30;51m[38;2;36;30;51m▓[0m[48;2;35;30;48m[38;2;35;30;48m▓[0m[48;2;26;20;37m[38;2;26;20;37m▓[0m[48;2;26;20;32m[38;2;26;20;32m▓[0m[48;2;57;50;61m[38;2;57;50;61m▒[0m[48;2;48;41;49m[38;2;48;41;49m▒[0m[48;2;35;28;35m[38;2;35;28;35m▓[0m[48;2;25;18;26m[38;2;25;18;26m▓[0m[48;2;109;98;107m[38;2;109;98;107m%[0m[48;2;159;142;154m[38;2;159;142;154m+[0m[48;2;160;141;155m[38;2;160;141;155m+[0m[48;2;161;140;155m[38;2;161;140;155m+[0m[48;2;161;140;155m[38;2;161;140;155m+[0m[48;2;161;140;155m[38;2;161;140;155m+[0m[48;2;160;141;154m[38;2;160;141;154m+[0m[48;2;125;111;122m[38;2;125;111;122m#[0m[48;2;56;47;54m[38;2;56;47;54m▒[0m[48;2;166;161;165m[38;2;166;161;165m+[0m                                
                                         [48;2;210;209;209m[38;2;210;209;209m:[0m[48;2;68;65;68m[38;2;68;65;68m░[0m[48;2;85;82;85m[38;2;85;82;85m@[0m[48;2;29;26;31m[38;2;29;26;31m▓[0m[48;2;24;21;30m[38;2;24;21;30m▓[0m[48;2;35;30;46m[38;2;35;30;46m▓[0m[48;2;27;22;37m[38;2;27;22;37m▓[0m[48;2;13;9;20m[38;2;13;9;20m█[0m[48;2;6;2;8m[38;2;6;2;8m█[0m[48;2;62;53;62m[38;2;62;53;62m░[0m[48;2;124;113;103m[38;2;124;113;103m#[0m[48;2;104;93;81m[38;2;104;93;81m%[0m[48;2;20;14;12m[38;2;20;14;12m█[0m[48;2;15;10;11m[38;2;15;10;11m█[0m[48;2;17;14;20m[38;2;17;14;20m█[0m[48;2;18;14;24m[38;2;18;14;24m█[0m[48;2;15;11;21m[38;2;15;11;21m█[0m[48;2;15;12;21m[38;2;15;12;21m█[0m[48;2;18;14;24m[38;2;18;14;24m█[0m[48;2;20;16;27m[38;2;20;16;27m▓[0m[48;2;22;18;30m[38;2;22;18;30m▓[0m[48;2;23;19;31m[38;2;23;19;31m▓[0m[48;2;24;20;31m[38;2;24;20;31m▓[0m[48;2;20;16;25m[38;2;20;16;25m█[0m[48;2;9;5;14m[38;2;9;5;14m█[0m[48;2;6;2;10m[38;2;6;2;10m█[0m[48;2;57;52;61m[38;2;57;52;61m▒[0m[48;2;117;107;117m[38;2;117;107;117m#[0m[48;2;155;140;153m[38;2;155;140;153m*[0m[48;2;161;141;156m[38;2;161;141;156m+[0m[48;2;158;138;152m[38;2;158;138;152m*[0m[48;2;132;115;127m[38;2;132;115;127m#[0m[48;2;90;77;88m[38;2;90;77;88m@[0m[48;2;74;65;74m[38;2;74;65;74m░[0m[48;2;140;135;140m[38;2;140;135;140m*[0m[48;2;232;229;232m[38;2;232;229;232m.[0m                                 
                                            [48;2;37;34;38m[38;2;37;34;38m▓[0m[48;2;26;24;32m[38;2;26;24;32m▓[0m[48;2;11;8;18m[38;2;11;8;18m█[0m[48;2;45;42;49m[38;2;45;42;49m▒[0m[48;2;20;18;24m[38;2;20;18;24m▓[0m[48;2;12;8;16m[38;2;12;8;16m█[0m[48;2;27;22;36m[38;2;27;22;36m▓[0m[48;2;22;16;35m[38;2;22;16;35m▓[0m[48;2;15;11;21m[38;2;15;11;21m█[0m[48;2;13;8;19m[38;2;13;8;19m█[0m[48;2;18;11;40m[38;2;18;11;40m█[0m[48;2;25;21;30m[38;2;25;21;30m▓[0m[48;2;34;29;34m[38;2;34;29;34m▓[0m[48;2;36;33;38m[38;2;36;33;38m▓[0m[48;2;42;39;43m[38;2;42;39;43m▒[0m[48;2;47;45;48m[38;2;47;45;48m▒[0m[48;2;47;44;48m[38;2;47;44;48m▒[0m[48;2;52;49;53m[38;2;52;49;53m▒[0m[48;2;52;50;55m[38;2;52;50;55m▒[0m[48;2;10;6;12m[38;2;10;6;12m█[0m[48;2;10;7;14m[38;2;10;7;14m█[0m[48;2;18;14;25m[38;2;18;14;25m█[0m[48;2;35;30;48m[38;2;35;30;48m▓[0m[48;2;34;28;47m[38;2;34;28;47m▓[0m[48;2;22;16;32m[38;2;22;16;32m▓[0m[48;2;31;24;37m[38;2;31;24;37m▓[0m[48;2;56;47;58m[38;2;56;47;58m▒[0m[48;2;50;42;50m[38;2;50;42;50m▒[0m[48;2;125;120;125m[38;2;125;120;125m#[0m[48;2;208;205;209m[38;2;208;205;209m:[0m                                    
                                           [48;2;233;233;234m[38;2;233;233;234m.[0m[48;2;9;7;11m[38;2;9;7;11m█[0m[48;2;23;22;27m[38;2;23;22;27m▓[0m[48;2;40;39;44m[38;2;40;39;44m▒[0m[48;2;20;18;25m[38;2;20;18;25m▓[0m[48;2;11;9;14m[38;2;11;9;14m█[0m[48;2;112;111;115m[38;2;112;111;115m#[0m[48;2;16;14;23m[38;2;16;14;23m█[0m[48;2;21;11;67m[38;2;21;11;67m▓[0m[48;2;8;3;24m[38;2;8;3;24m█[0m[48;2;17;9;47m[38;2;17;9;47m█[0m[48;2;66;53;118m[38;2;66;53;118m░[0m[48;2;45;36;68m[38;2;45;36;68m▒[0m[48;2;11;7;13m[38;2;11;7;13m█[0m[48;2;8;4;10m[38;2;8;4;10m█[0m[48;2;18;15;22m[38;2;18;15;22m█[0m[48;2;20;17;26m[38;2;20;17;26m▓[0m[48;2;20;17;26m[38;2;20;17;26m▓[0m[48;2;20;16;26m[38;2;20;16;26m▓[0m[48;2;20;16;27m[38;2;20;16;27m▓[0m[48;2;26;21;36m[38;2;26;21;36m▓[0m[48;2;34;28;46m[38;2;34;28;46m▓[0m[48;2;36;30;49m[38;2;36;30;49m▓[0m[48;2;37;31;52m[38;2;37;31;52m▓[0m[48;2;37;31;52m[38;2;37;31;52m▓[0m[48;2;37;31;52m[38;2;37;31;52m▓[0m[48;2;37;31;51m[38;2;37;31;51m▓[0m[48;2;30;24;43m[38;2;30;24;43m▓[0m[48;2;22;17;30m[38;2;22;17;30m▓[0m[48;2;94;91;98m[38;2;94;91;98m%[0m[48;2;212;210;214m[38;2;212;210;214m:[0m                                    
                                           [48;2;126;126;127m[38;2;126;126;127m#[0m[48;2;14;13;17m[38;2;14;13;17m█[0m[48;2;22;20;27m[38;2;22;20;27m▓[0m[48;2;27;23;36m[38;2;27;23;36m▓[0m[48;2;37;32;49m[38;2;37;32;49m▓[0m[48;2;11;10;15m[38;2;11;10;15m█[0m[48;2;214;213;217m[38;2;214;213;217m:[0m[48;2;73;70;78m[38;2;73;70;78m░[0m[48;2;84;67;136m[38;2;84;67;136m@[0m[48;2;59;47;94m[38;2;59;47;94m░[0m[48;2;15;8;44m[38;2;15;8;44m█[0m[48;2;46;36;84m[38;2;46;36;84m▒[0m[48;2;29;23;46m[38;2;29;23;46m▓[0m[48;2;99;95;103m[38;2;99;95;103m%[0m[48;2;187;184;190m[38;2;187;184;190m-[0m[48;2;87;84;90m[38;2;87;84;90m@[0m[48;2;23;18;28m[38;2;23;18;28m▓[0m[48;2;32;26;40m[38;2;32;26;40m▓[0m[48;2;38;32;49m[38;2;38;32;49m▓[0m[48;2;37;31;50m[38;2;37;31;50m▓[0m[48;2;36;31;51m[38;2;36;31;51m▓[0m[48;2;37;31;52m[38;2;37;31;52m▓[0m[48;2;37;31;52m[38;2;37;31;52m▓[0m[48;2;37;31;52m[38;2;37;31;52m▓[0m[48;2;37;31;52m[38;2;37;31;52m▓[0m[48;2;37;31;52m[38;2;37;31;52m▓[0m[48;2;37;31;52m[38;2;37;31;52m▓[0m[48;2;37;31;52m[38;2;37;31;52m▓[0m[48;2;37;31;52m[38;2;37;31;52m▓[0m[48;2;32;27;46m[38;2;32;27;46m▓[0m[48;2;21;16;30m[38;2;21;16;30m▓[0m[48;2;106;104;110m[38;2;106;104;110m%[0m[48;2;232;231;233m[38;2;232;231;233m.[0m                                  
                                           [48;2;74;74;74m[38;2;74;74;74m@[0m[48;2;10;8;13m[38;2;10;8;13m█[0m[48;2;34;29;45m[38;2;34;29;45m▓[0m[48;2;37;31;51m[38;2;37;31;51m▓[0m[48;2;36;30;50m[38;2;36;30;50m▓[0m[48;2;20;18;26m[38;2;20;18;26m▓[0m[48;2;240;239;243m[38;2;240;239;243m [0m[48;2;207;206;209m[38;2;207;206;209m:[0m[48;2;84;81;87m[38;2;84;81;87m@[0m[48;2;73;70;77m[38;2;73;70;77m░[0m[48;2;25;15;65m[38;2;25;15;65m▓[0m[48;2;80;65;135m[38;2;80;65;135m@[0m[48;2;35;27;58m[38;2;35;27;58m▓[0m[48;2;122;119;126m[38;2;122;119;126m#[0m  [48;2;216;213;218m[38;2;216;213;218m:[0m[48;2;124;121;127m[38;2;124;121;127m#[0m[48;2;41;38;48m[38;2;41;38;48m▒[0m[48;2;22;18;31m[38;2;22;18;31m▓[0m[48;2;32;27;43m[38;2;32;27;43m▓[0m[48;2;37;31;51m[38;2;37;31;51m▓[0m[48;2;37;31;52m[38;2;37;31;52m▓[0m[48;2;37;31;52m[38;2;37;31;52m▓[0m[48;2;37;31;52m[38;2;37;31;52m▓[0m[48;2;37;31;52m[38;2;37;31;52m▓[0m[48;2;37;31;52m[38;2;37;31;52m▓[0m[48;2;37;31;52m[38;2;37;31;52m▓[0m[48;2;37;31;52m[38;2;37;31;52m▓[0m[48;2;37;31;52m[38;2;37;31;52m▓[0m[48;2;37;31;52m[38;2;37;31;52m▓[0m[48;2;29;24;42m[38;2;29;24;42m▓[0m[48;2;33;29;40m[38;2;33;29;40m▓[0m[48;2;180;179;182m[38;2;180;179;182m=[0m                                 
                                           [48;2;124;124;124m[38;2;124;124;124m#[0m[48;2;20;18;24m[38;2;20;18;24m▓[0m[48;2;37;31;51m[38;2;37;31;51m▓[0m[48;2;37;31;52m[38;2;37;31;52m▓[0m[48;2;35;30;50m[38;2;35;30;50m▓[0m[48;2;30;29;36m[38;2;30;29;36m▓[0m    [48;2;177;176;181m[38;2;177;176;181m=[0m[48;2;85;82;89m[38;2;85;82;89m@[0m[48;2;89;86;94m[38;2;89;86;94m@[0m[48;2;234;232;236m[38;2;234;232;236m.[0m    [48;2;242;240;244m[38;2;242;240;244m [0m[48;2;106;104;110m[38;2;106;104;110m%[0m[48;2;47;43;53m[38;2;47;43;53m▒[0m[48;2;44;40;50m[38;2;44;40;50m▒[0m[48;2;20;16;30m[38;2;20;16;30m▓[0m[48;2;29;24;42m[38;2;29;24;42m▓[0m[48;2;37;31;52m[38;2;37;31;52m▓[0m[48;2;37;31;52m[38;2;37;31;52m▓[0m[48;2;37;31;52m[38;2;37;31;52m▓[0m[48;2;37;31;52m[38;2;37;31;52m▓[0m[48;2;37;31;52m[38;2;37;31;52m▓[0m[48;2;37;31;52m[38;2;37;31;52m▓[0m[48;2;37;31;52m[38;2;37;31;52m▓[0m[48;2;37;31;52m[38;2;37;31;52m▓[0m[48;2;35;30;48m[38;2;35;30;48m▓[0m[48;2;18;15;24m[38;2;18;15;24m█[0m[48;2;173;172;174m[38;2;173;172;174m=[0m                                