                                                                                                    
                                                                                                    
                                                                                                    
                                                                                                    
                                                                                                    
                                                                                                    
                                                                                                    
                                                                                                    
                                                                                                    
                                                                                                    
                                                                                                    
                                               [48;2;234;234;234m[38;2;234;234;234m.[0m[48;2;212;212;212m[38;2;212;212;212m:[0m[48;2;199;199;199m[38;2;199;199;199m-[0m[48;2;195;194;195m[38;2;195;194;195m-[0m[48;2;202;202;202m[38;2;202;202;202m:[0m[48;2;212;211;212m[38;2;212;211;212m:[0m[48;2;236;236;237m[38;2;236;236;237m.[0m                                              
                                           [48;2;226;226;226m[38;2;226;226;226m.[0m[48;2;133;133;135m[38;2;133;133;135m*[0m[48;2;78;77;81m[38;2;78;77;81m@[0m[48;2;38;36;44m[38;2;38;36;44m▒[0m[48;2;26;24;34m[38;2;26;24;34m▓[0m[48;2;29;28;39m[38;2;29;28;39m▓[0m[48;2;31;30;41m[38;2;31;30;41m▓[0m[48;2;32;30;43m[38;2;32;30;43m▓[0m[48;2;30;29;41m[38;2;30;29;41m▓[0m[48;2;28;27;39m[38;2;28;27;39m▓[0m[48;2;25;23;35m[38;2;25;23;35m▓[0m[48;2;37;36;46m[38;2;37;36;46m▒[0m[48;2;74;72;81m[38;2;74;72;81m@[0m[48;2;123;122;129m[38;2;123;122;129m#[0m[48;2;206;205;208m[38;2;206;205;208m:[0m                                          
                                          [48;2;160;160;161m[38;2;160;160;161m+[0m[48;2;26;25;32m[38;2;26;25;32m▓[0m[48;2;37;36;50m[38;2;37;36;50m▒[0m[48;2;43;42;59m[38;2;43;42;59m▒[0m[48;2;42;43;59m[38;2;42;43;59m▒[0m[48;2;41;43;59m[38;2;41;43;59m▒[0m[48;2;41;43;59m[38;2;41;43;59m▒[0m[48;2;41;43;59m[38;2;41;43;59m▒[0m[48;2;41;43;59m[38;2;41;43;59m▒[0m[48;2;41;43;59m[38;2;41;43;59m▒[0m[48;2;41;43;59m[38;2;41;43;59m▒[0m[48;2;41;43;59m[38;2;41;43;59m▒[0m[48;2;41;43;59m[38;2;41;43;59m▒[0m[48;2;41;43;59m[38;2;41;43;59m▒[0m[48;2;45;45;60m[38;2;45;45;60m▒[0m[48;2;42;40;50m[38;2;42;40;50m▒[0m[48;2;77;74;82m[38;2;77;74;82m@[0m[48;2;137;136;141m[38;2;137;136;141m*[0m[48;2;212;211;213m[38;2;212;211;213m:[0m                                       
                                         [48;2;129;129;131m[38;2;129;129;131m*[0m[48;2;25;23;33m[38;2;25;23;33m▓[0m[48;2;42;42;57m[38;2;42;42;57m▒[0m[48;2;40;44;59m[38;2;40;44;59m▒[0m[48;2;40;44;59m[38;2;40;44;59m▒[0m[48;2;40;44;59m[38;2;40;44;59m▒[0m[48;2;40;44;59m[38;2;40;44;59m▒[0m[48;2;40;44;59m[38;2;40;44;59m▒[0m[48;2;40;44;59m[38;2;40;44;59m▒[0m[48;2;40;44;59m[38;2;40;44;59m▒[0m[48;2;40;44;59m[38;2;40;44;59m▒[0m[48;2;40;44;59m[38;2;40;44;59m▒[0m[48;2;40;44;59m[38;2;40;44;59m▒[0m[48;2;40;44;59m[38;2;40;44;59m▒[0m[48;2;44;46;62m[38;2;44;46;62m▒[0m[48;2;73;75;88m[38;2;73;75;88m@[0m[48;2;45;43;58m[38;2;45;43;58m▒[0m[48;2;22;14;27m[38;2;22;14;27m█[0m[48;2;133;120;134m[38;2;133;120;134m#[0m[48;2;78;69;79m[38;2;78;69;79m░[0m[48;2;94;91;95m[38;2;94;91;95m%[0m[48;2;240;239;240m[38;2;240;239;240m [0m                                     
                                        [48;2;152;151;153m[38;2;152;151;153m+[0m[48;2;24;22;31m[38;2;24;22;31m▓[0m[48;2;45;43;57m[38;2;45;43;57m▒[0m[48;2;42;44;60m[38;2;42;44;60m▒[0m[48;2;40;44;59m[38;2;40;44;59m▒[0m[48;2;40;44;59m[38;2;40;44;59m▒[0m[48;2;40;44;59m[38;2;40;44;59m▒[0m[48;2;40;44;59m[38;2;40;44;59m▒[0m[48;2;40;44;59m[38;2;40;44;59m▒[0m[48;2;40;44;59m[38;2;40;44;59m▒[0m[48;2;40;44;59m[38;2;40;44;59m▒[0m[48;2;40;44;59m[38;2;40;44;59m▒[0m[48;2;40;44;59m[38;2;40;44;59m▒[0m[48;2;40;44;59m[38;2;40;44;59m▒[0m[48;2;44;46;62m[38;2;44;46;62m▒[0m[48;2;52;55;71m[38;2;52;55;71m░[0m[48;2;43;44;58m[38;2;43;44;58m▒[0m[48;2;22;19;32m[38;2;22;19;32m▓[0m[48;2;96;83;97m[38;2;96;83;97m@[0m[48;2;158;140;153m[38;2;158;140;153m+[0m[48;2;159;140;154m[38;2;159;140;154m+[0m[48;2;126;112;123m[38;2;126;112;123m#[0m[48;2;70;63;70m[38;2;70;63;70m░[0m[48;2;231;230;231m[38;2;231;230;231m.[0m                                    
                                       [48;2;215;215;216m[38;2;215;215;216m:[0m[48;2;24;23;29m[38;2;24;23;29m▓[0m[48;2;44;42;55m[38;2;44;42;55m▒[0m[48;2;42;43;58m[38;2;42;43;58m▒[0m[48;2;41;43;59m[38;2;41;43;59m▒[0m[48;2;40;44;59m[38;2;40;44;59m▒[0m[48;2;40;44;59m[38;2;40;44;59m▒[0m[48;2;40;44;59m[38;2;40;44;59m▒[0m[48;2;40;44;59m[38;2;40;44;59m▒[0m[48;2;40;44;59m[38;2;40;44;59m▒[0m[48;2;40;44;59m[38;2;40;44;59m▒[0m[48;2;40;44;59m[38;2;40;44;59m▒[0m[48;2;40;44;59m[38;2;40;44;59m▒[0m[48;2;40;44;59m[38;2;40;44;59m▒[0m[48;2;50;52;66m[38;2;50;52;66m▒[0m[48;2;71;73;85m[38;2;71;73;85m@[0m[48;2;42;42;56m[38;2;42;42;56m▒[0m[48;2;26;22;34m[38;2;26;22;34m▓[0m[48;2;103;92;104m[38;2;103;92;104m%[0m[48;2;157;138;152m[38;2;157;138;152m*[0m[48;2;161;140;155m[38;2;161;140;155m+[0m[48;2;161;140;155m[38;2;161;140;155m+[0m[48;2;158;138;153m[38;2;158;138;153m*[0m[48;2;115;100;112m[38;2;115;100;112m%[0m[48;2;73;67;72m[38;2;73;67;72m░[0m                                    
                                      [48;2;202;201;203m[38;2;202;201;203m:[0m[48;2;26;23;29m[38;2;26;23;29m▓[0m[48;2;29;26;36m[38;2;29;26;36m▓[0m[48;2;43;42;59m[38;2;43;42;59m▒[0m[48;2;41;43;59m[38;2;41;43;59m▒[0m[48;2;40;44;59m[38;2;40;44;59m▒[0m[48;2;40;44;59m[38;2;40;44;59m▒[0m[48;2;40;44;59m[38;2;40;44;59m▒[0m[48;2;40;44;59m[38;2;40;44;59m▒[0m[48;2;40;44;59m[38;2;40;44;59m▒[0m[48;2;40;44;59m[38;2;40;44;59m▒[0m[48;2;40;44;59m[38;2;40;44;59m▒[0m[48;2;41;43;59m[38;2;41;43;59m▒[0m[48;2;42;44;59m[38;2;42;44;59m▒[0m[48;2;66;66;80m[38;2;66;66;80m░[0m[48;2;65;63;76m[38;2;65;63;76m░[0m[48;2;31;27;38m[38;2;31;27;38m▓[0m[48;2;47;41;51m[38;2;47;41;51m▒[0m[48;2;135;122;134m[38;2;135;122;134m#[0m[48;2;157;139;153m[38;2;157;139;153m*[0m[48;2;161;140;155m[38;2;161;140;155m+[0m[48;2;161;140;155m[38;2;161;140;155m+[0m[48;2;161;140;155m[38;2;161;140;155m+[0m[48;2;142;125;138m[38;2;142;125;138m*[0m[48;2;54;40;52m[38;2;54;40;52m▒[0m[48;2;80;71;78m[38;2;80;71;78m@[0m[48;2;160;157;159m[38;2;160;157;159m+[0m                                   
                                     [48;2;213;212;213m[38;2;213;212;213m:[0m[48;2;55;49;55m[38;2;55;49;55m▒[0m[48;2;51;44;54m[38;2;51;44;54m▒[0m[48;2;36;32;44m[38;2;36;32;44m▓[0m[48;2;41;43;59m[38;2;41;43;59m▒[0m[48;2;40;44;59m[38;2;40;44;59m▒[0m[48;2;40;44;59m[38;2;40;44;59m▒[0m[48;2;40;44;59m[38;2;40;44;59m▒[0m[48;2;40;44;59m[38;2;40;44;59m▒[0m[48;2;40;44;59m[38;2;40;44;59m▒[0m[48;2;40;44;59m[38;2;40;44;59m▒[0m[48;2;41;43;59m[38;2;41;43;59m▒[0m[48;2;53;52;69m[38;2;53;52;69m▒[0m[48;2;68;65;81m[38;2;68;65;81m░[0m[48;2;70;68;80m[38;2;70;68;80m░[0m[48;2;38;35;46m[38;2;38;35;46m▒[0m[48;2;36;28;40m[38;2;36;28;40m▓[0m[48;2;105;92;104m[38;2;105;92;104m%[0m[48;2;157;140;153m[38;2;157;140;153m+[0m[48;2;160;141;155m[38;2;160;141;155m+[0m[48;2;161;140;155m[38;2;161;140;155m+[0m[48;2;161;140;155m[38;2;161;140;155m+[0m[48;2;161;140;155m[38;2;161;140;155m+[0m[48;2;161;140;155m[38;2;161;140;155m+[0m[48;2;130;111;125m[38;2;130;111;125m#[0m[48;2;17;7;15m[38;2;17;7;15m█[0m[48;2;91;84;90m[38;2;91;84;90m@[0m[48;2;104;102;104m[38;2;104;102;104m%[0m                                   
                                     [48;2;61;57;59m[38;2;61;57;59m░[0m[48;2;82;72;79m[38;2;82;72;79m@[0m[48;2;52;43;53m[38;2;52;43;53m▒[0m[48;2;34;30;43m[38;2;34;30;43m▓[0m[48;2;41;43;59m[38;2;41;43;59m▒[0m[48;2;41;43;59m[38;2;41;43;59m▒[0m[48;2;40;44;59m[38;2;40;44;59m▒[0m[48;2;40;44;59m[38;2;40;44;59m▒[0m[48;2;40;44;59m[38;2;40;44;59m▒[0m[48;2;41;43;59m[38;2;41;43;59m▒[0m[48;2;49;50;64m[38;2;49;50;64m▒[0m[48;2;72;70;84m[38;2;72;70;84m░[0m[48;2;47;44;59m[38;2;47;44;59m▒[0m[48;2;32;28;42m[38;2;32;28;42m▓[0m[48;2;37;29;42m[38;2;37;29;42m▓[0m[48;2;101;89;101m[38;2;101;89;101m%[0m[48;2;157;138;152m[38;2;157;138;152m*[0m[48;2;161;140;155m[38;2;161;140;155m+[0m[48;2;161;140;155m[38;2;161;140;155m+[0m[48;2;161;140;155m[38;2;161;140;155m+[0m[48;2;161;140;155m[38;2;161;140;155m+[0m[48;2;161;140;155m[38;2;161;140;155m+[0m[48;2;161;140;155m[38;2;161;140;155m+[0m[48;2;161;140;155m[38;2;161;140;155m+[0m[48;2;87;72;83m[38;2;87;72;83m@[0m[48;2;11;8;13m[38;2;11;8;13m█[0m[48;2;18;16;18m[38;2;18;16;18m█[0m[48;2;150;148;149m[38;2;150;148;149m+[0m                                   
                                    [48;2;161;160;160m[38;2;161;160;160m+[0m[48;2;84;75;80m[38;2;84;75;80m@[0m[48;2;76;65;73m[38;2;76;65;73m░[0m[48;2;92;83;92m[38;2;92;83;92m@[0m[48;2;28;22;32m[38;2;28;22;32m▓[0m[48;2;57;54;68m[38;2;57;54;68m░[0m[48;2;45;45;59m[38;2;45;45;59m▒[0m[48;2;47;47;62m[38;2;47;47;62m▒[0m[48;2;58;58;73m[38;2;58;58;73m░[0m[48;2;65;65;78m[38;2;65;65;78m░[0m[48;2;64;64;76m[38;2;64;64;76m░[0m[48;2;52;49;59m[38;2;52;49;59m▒[0m[48;2;28;22;32m[38;2;28;22;32m▓[0m[48;2;57;49;59m[38;2;57;49;59m▒[0m[48;2;113;100;111m[38;2;113;100;111m%[0m[48;2;158;140;153m[38;2;158;140;153m+[0m[48;2;160;141;155m[38;2;160;141;155m+[0m[48;2;161;140;155m[38;2;161;140;155m+[0m[48;2;161;140;155m[38;2;161;140;155m+[0m[48;2;161;140;155m[38;2;161;140;155m+[0m[48;2;161;140;155m[38;2;161;140;155m+[0m[48;2;161;140;155m[38;2;161;140;155m+[0m[48;2;161;140;155m[38;2;161;140;155m+[0m[48;2;161;140;155m[38;2;161;140;155m+[0m[48;2;154;134;148m[38;2;154;134;148m*[0m[48;2;34;25;32m[38;2;34;25;32m▓[0m[48;2;157;153;156m[38;2;157;153;156m+[0m[48;2;91;89;90m[38;2;91;89;90m@[0m[48;2;203;201;202m[38;2;203;201;202m:[0m                                   
                                    [48;2;80;78;80m[38;2;80;78;80m@[0m[48;2;135;123;131m[38;2;135;123;131m#[0m[48;2;126;112;122m[38;2;126;112;122m#[0m[48;2;58;48;57m[38;2;58;48;57m▒[0m[48;2;134;120;133m[38;2;134;120;133m#[0m[48;2;73;60;72m[38;2;73;60;72m░[0m[48;2;43;33;45m[38;2;43;33;45m▒[0m[48;2;37;29;41m[38;2;37;29;41m▓[0m[48;2;40;34;45m[38;2;40;34;45m▒[0m[48;2;48;40;51m[38;2;48;40;51m▒[0m[48;2;68;59;70m[38;2;68;59;70m░[0m[48;2;106;93;105m[38;2;106;93;105m%[0m[48;2;148;132;145m[38;2;148;132;145m*[0m[48;2;160;142;155m[38;2;160;142;155m+[0m[48;2;160;141;154m[38;2;160;141;154m+[0m[48;2;157;137;151m[38;2;157;137;151m*[0m[48;2;118;99;113m[38;2;118;99;113m%[0m[48;2;79;62;75m[38;2;79;62;75m░[0m[48;2;155;137;151m[38;2;155;137;151m*[0m[48;2;161;140;155m[38;2;161;140;155m+[0m[48;2;161;140;155m[38;2;161;140;155m+[0m[48;2;161;140;155m[38;2;161;140;155m+[0m[48;2;161;140;155m[38;2;161;140;155m+[0m[48;2;159;141;155m[38;2;159;141;155m+[0m[48;2;74;60;70m[38;2;74;60;70m░[0m[48;2;137;127;133m[38;2;137;127;133m*[0m[48;2;133;127;130m[38;2;133;127;130m*[0m[48;2;41;34;38m[38;2;41;34;38m▓[0m[48;2;93;89;91m[38;2;93;89;91m@[0m[48;2;112;110;111m[38;2;112;110;111m#[0m[48;2;192;192;192m[38;2;192;192;192m-[0m                                 
                                    [48;2;52;49;52m[38;2;52;49;52m▒[0m[48;2;155;140;151m[38;2;155;140;151m*[0m[48;2;160;141;154m[38;2;160;141;154m+[0m[48;2;32;24;31m[38;2;32;24;31m▓[0m[48;2;53;45;53m[38;2;53;45;53m▒[0m[48;2;127;114;125m[38;2;127;114;125m#[0m[48;2;156;141;154m[38;2;156;141;154m+[0m[48;2;155;139;152m[38;2;155;139;152m*[0m[48;2;157;140;153m[38;2;157;140;153m+[0m[48;2;156;141;153m[38;2;156;141;153m+[0m[48;2;151;135;148m[38;2;151;135;148m*[0m[48;2;136;119;132m[38;2;136;119;132m#[0m[48;2;112;97;109m[38;2;112;97;109m%[0m[48;2;87;72;83m[38;2;87;72;83m@[0m[48;2;77;63;74m[38;2;77;63;74m░[0m[48;2;77;62;74m[38;2;77;62;74m░[0m[48;2;112;97;108m[38;2;112;97;108m%[0m[48;2;155;138;151m[38;2;155;138;151m*[0m[48;2;160;141;155m[38;2;160;141;155m+[0m[48;2;161;140;155m[38;2;161;140;155m+[0m[48;2;161;140;155m[38;2;161;140;155m+[0m[48;2;161;140;155m[38;2;161;140;155m+[0m[48;2;154;133;148m[38;2;154;133;148m*[0m[48;2;65;54;65m[38;2;65;54;65m░[0m[48;2;17;11;19m[38;2;17;11;19m█[0m[48;2;107;101;106m[38;2;107;101;106m%[0m[48;2;125;120;122m[38;2;125;120;122m#[0m[48;2;132;127;129m[38;2;132;127;129m*[0m[48;2;180;175;177m[38;2;180;175;177m=[0m[48;2;58;54;56m[38;2;58;54;56m░[0m[48;2;164;163;163m[38;2;164;163;163m+[0m                                 
                                    [48;2;58;55;57m[38;2;58;55;57m░[0m[48;2;150;136;147m[38;2;150;136;147m*[0m[48;2;159;140;154m[38;2;159;140;154m+[0m[48;2;21;14;21m[38;2;21;14;21m█[0m[48;2;8;7;12m[38;2;8;7;12m█[0m[48;2;25;22;29m[38;2;25;22;29m▓[0m[48;2;14;10;17m[38;2;14;10;17m█[0m[48;2;22;18;25m[38;2;22;18;25m▓[0m[48;2;69;61;68m[38;2;69;61;68m░[0m[48;2;77;67;75m[38;2;77;67;75m░[0m[48;2;85;74;83m[38;2;85;74;83m@[0m[48;2;100;87;96m[38;2;100;87;96m%[0m[48;2;123;108;118m[38;2;123;108;118m#[0m[48;2;149;131;145m[38;2;149;131;145m*[0m[48;2;160;140;155m[38;2;160;140;155m+[0m[48;2;161;140;155m[38;2;161;140;155m+[0m[48;2;161;140;155m[38;2;161;140;155m+[0m[48;2;161;140;155m[38;2;161;140;155m+[0m[48;2;161;140;155m[38;2;161;140;155m+[0m[48;2;161;140;155m[38;2;161;140;155m+[0m[48;2;161;140;155m[38;2;161;140;155m+[0m[48;2;145;127;141m[38;2;145;127;141m*[0m[48;2;39;28;38m[38;2;39;28;38m▓[0m[48;2;17;12;20m[38;2;17;12;20m█[0m[48;2;48;45;52m[38;2;48;45;52m▒[0m [48;2;130;126;127m[38;2;130;126;127m#[0m[48;2;59;54;56m[38;2;59;54;56m░[0m[48;2;135;130;132m[38;2;135;130;132m*[0m[48;2;154;150;152m[38;2;154;150;152m+[0m[48;2;96;95;95m[38;2;96;95;95m%[0m                                 
                                    [48;2;87;84;86m[38;2;87;84;86m@[0m[48;2;114;100;110m[38;2;114;100;110m%[0m[48;2;160;141;155m[38;2;160;141;155m+[0m[48;2;31;24;31m[38;2;31;24;31m▓[0m[48;2;25;23;30m[38;2;25;23;30m▓[0m[48;2;20;19;25m[38;2;20;19;25m▓[0m[48;2;30;29;34m[38;2;30;29;34m▓[0m[48;2;20;16;22m[38;2;20;16;22m█[0m[48;2;131;119;129m[38;2;131;119;129m#[0m[48;2;159;141;153m[38;2;159;141;153m+[0m[48;2;161;140;155m[38;2;161;140;155m+[0m[48;2;161;140;155m[38;2;161;140;155m+[0m[48;2;161;140;155m[38;2;161;140;155m+[0m[48;2;161;140;155m[38;2;161;140;155m+[0m[48;2;161;140;155m[38;2;161;140;155m+[0m[48;2;161;140;155m[38;2;161;140;155m+[0m[48;2;161;140;155m[38;2;161;140;155m+[0m[48;2;161;140;155m[38;2;161;140;155m+[0m[48;2;161;140;155m[38;2;161;140;155m+[0m[48;2;161;140;155m[38;2;161;140;155m+[0m[48;2;160;139;154m[38;2;160;139;154m+[0m[48;2;51;38;49m[38;2;51;38;49m▒[0m[48;2;31;24;38m[38;2;31;24;38m▓[0m[48;2;26;22;34m[38;2;26;22;34m▓[0m[48;2;124;122;129m[38;2;124;122;129m#[0m [48;2;150;147;150m[38;2;150;147;150m+[0m[48;2;113;110;113m[38;2;113;110;113m#[0m[48;2;202;199;201m[38;2;202;199;201m-[0m[48;2;198;194;197m[38;2;198;194;197m-[0m[48;2;52;45;49m[38;2;52;45;49m▒[0m                                 
                                    [48;2;157;156;157m[38;2;157;156;157m+[0m[48;2;43;36;41m[38;2;43;36;41m▒[0m[48;2;159;144;154m[38;2;159;144;154m+[0m[48;2;112;98;107m[38;2;112;98;107m%[0m[48;2;39;31;39m[38;2;39;31;39m▓[0m[48;2;8;5;11m[38;2;8;5;11m█[0m[48;2;18;15;21m[38;2;18;15;21m█[0m[48;2;24;21;27m[38;2;24;21;27m▓[0m[48;2;33;26;33m[38;2;33;26;33m▓[0m[48;2;143;127;139m[38;2;143;127;139m*[0m[48;2;161;140;155m[38;2;161;140;155m+[0m[48;2;161;140;155m[38;2;161;140;155m+[0m[48;2;161;140;155m[38;2;161;140;155m+[0m[48;2;161;140;155m[38;2;161;140;155m+[0m[48;2;161;140;155m[38;2;161;140;155m+[0m[48;2;161;140;155m[38;2;161;140;155m+[0m[48;2;120;100;115m[38;2;120;100;115m%[0m[48;2;130;112;126m[38;2;130;112;126m#[0m[48;2;158;140;154m[38;2;158;140;154m+[0m[48;2;161;140;155m[38;2;161;140;155m+[0m[48;2;143;126;138m[38;2;143;126;138m*[0m[48;2;15;9;16m[38;2;15;9;16m█[0m[48;2;38;33;48m[38;2;38;33;48m▓[0m[48;2;21;18;29m[38;2;21;18;29m▓[0m[48;2;158;157;163m[38;2;158;157;163m+[0m [48;2;223;220;224m[38;2;223;220;224m.[0m[48;2;56;53;57m[38;2;56;53;57m▒[0m[48;2;195;192;196m[38;2;195;192;196m-[0m[48;2;200;194;199m[38;2;200;194;199m-[0m[48;2;50;42;48m[38;2;50;42;48m▒[0m                                 
                                     [48;2;89;87;88m[38;2;89;87;88m@[0m[48;2;114;105;112m[38;2;114;105;112m%[0m[48;2;160;141;154m[38;2;160;141;154m+[0m[48;2;148;131;143m[38;2;148;131;143m*[0m[48;2;62;50;60m[38;2;62;50;60m▒[0m[48;2;32;24;32m[38;2;32;24;32m▓[0m[48;2;51;44;52m[38;2;51;44;52m▒[0m[48;2;58;50;59m[38;2;58;50;59m▒[0m[48;2;114;101;112m[38;2;114;101;112m%[0m[48;2;156;138;152m[38;2;156;138;152m*[0m[48;2;161;140;155m[38;2;161;140;155m+[0m[48;2;161;140;155m[38;2;161;140;155m+[0m[48;2;161;140;155m[38;2;161;140;155m+[0m[48;2;161;140;155m[38;2;161;140;155m+[0m[48;2;161;140;155m[38;2;161;140;155m+[0m[48;2;150;129;144m[38;2;150;129;144m*[0m[48;2;104;86;100m[38;2;104;86;100m%[0m[48;2;79;63;75m[38;2;79;63;75m░[0m[48;2;82;64;78m[38;2;82;64;78m░[0m[48;2;72;57;69m[38;2;72;57;69m░[0m[48;2;12;7;14m[38;2;12;7;14m█[0m[48;2;27;22;35m[38;2;27;22;35m▓[0m[48;2;17;13;23m[38;2;17;13;23m█[0m[48;2;109;106;114m[38;2;109;106;114m%[0m[48;2;181;178;182m[38;2;181;178;182m=[0m[48;2;188;185;187m[38;2;188;185;187m-[0m[48;2;133;130;134m[38;2;133;130;134m*[0m[48;2;49;45;50m[38;2;49;45;50m▒[0m[48;2;67;63;67m[38;2;67;63;67m░[0m[48;2;58;52;57m[38;2;58;52;57m▒[0m[48;2;111;110;112m[38;2;111;110;112m#[0m[48;2;71;71;71m[38;2;71;71;71m░[0m[48;2;57;57;57m[38;2;57;57;57m░[0m[48;2;138;138;138m[38;2;138;138;138m*[0m                             
                                      [48;2;85;83;84m[38;2;85;83;84m@[0m[48;2;108;97;106m[38;2;108;97;106m%[0m[48;2;159;141;154m[38;2;159;141;154m+[0m[48;2;161;140;155m[38;2;161;140;155m+[0m[48;2;146;127;141m[38;2;146;127;141m*[0m[48;2;63;49;60m[38;2;63;49;60m▒[0m[48;2;91;80;91m[38;2;91;80;91m@[0m[48;2;30;21;29m[38;2;30;21;29m▓[0m[48;2;20;11;17m[38;2;20;11;17m█[0m[48;2;74;61;70m[38;2;74;61;70m░[0m[48;2;160;140;155m[38;2;160;140;155m+[0m[48;2;161;140;155m[38;2;161;140;155m+[0m[48;2;161;140;155m[38;2;161;140;155m+[0m[48;2;161;140;155m[38;2;161;140;155m+[0m[48;2;161;140;155m[38;2;161;140;155m+[0m[48;2;161;140;155m[38;2;161;140;155m+[0m[48;2;160;140;155m[38;2;160;140;155m+[0m[48;2;161;140;155m[38;2;161;140;155m+[0m[48;2;158;139;153m[38;2;158;139;153m*[0m[48;2;144;127;140m[38;2;144;127;140m*[0m[48;2;135;119;132m[38;2;135;119;132m#[0m[48;2;126;111;123m[38;2;126;111;123m#[0m[48;2;123;108;120m[38;2;123;108;120m#[0m[48;2;114;102;110m[38;2;114;102;110m%[0m[48;2;103;93;99m[38;2;103;93;99m%[0m[48;2;83;74;80m[38;2;83;74;80m@[0m[48;2;62;54;60m[38;2;62;54;60m░[0m[48;2;43;37;42m[38;2;43;37;42m▒[0m[48;2;28;23;27m[38;2;28;23;27m▓[0m[48;2;11;8;12m[38;2;11;8;12m█[0m[48;2;44;43;44m[38;2;44;43;44m▒[0m[48;2;99;98;99m[38;2;99;98;99m%[0m[48;2;110;109;110m[38;2;110;109;110m%[0m[48;2;177;177;177m[38;2;177;177;177m=[0m                            
                                       [48;2;125;122;124m[38;2;125;122;124m#[0m[48;2;77;68;75m[38;2;77;68;75m░[0m[48;2;154;137;150m[38;2;154;137;150m*[0m[48;2;161;140;155m[38;2;161;140;155m+[0m[48;2;160;140;154m[38;2;160;140;154m+[0m[48;2;128;110;123m[38;2;128;110;123m#[0m[48;2;94;81;91m[38;2;94;81;91m@[0m[48;2;116;104;113m[38;2;116;104;113m%[0m[48;2;81;69;78m[38;2;81;69;78m@[0m[48;2;156;138;151m[38;2;156;138;151m*[0m[48;2;161;140;155m[38;2;161;140;155m+[0m[48;2;161;140;155m[38;2;161;140;155m+[0m[48;2;161;140;155m[38;2;161;140;155m+[0m[48;2;161;140;155m[38;2;161;140;155m+[0m[48;2;161;140;155m[38;2;161;140;155m+[0m[48;2;160;140;155m[38;2;160;140;155m+[0m[48;2;91;75;87m[38;2;91;75;87m@[0m[48;2;78;65;76m[38;2;78;65;76m░[0m[48;2;78;66;77m[38;2;78;66;77m░[0m[48;2;78;66;76m[38;2;78;66;76m░[0m[48;2;78;66;75m[38;2;78;66;75m░[0m[48;2;79;68;76m[38;2;79;68;76m░[0m[48;2;74;64;71m[38;2;74;64;71m░[0m[48;2;82;71;79m[38;2;82;71;79m@[0m[48;2;100;89;97m[38;2;100;89;97m%[0m[48;2;118;107;115m[38;2;118;107;115m#[0m[48;2;109;99;107m[38;2;109;99;107m%[0m[48;2;90;83;89m[38;2;90;83;89m@[0m[48;2;64;58;63m[38;2;64;58;63m░[0m[48;2;73;69;73m[38;2;73;69;73m░[0m[48;2;132;129;133m[38;2;132;129;133m*[0m[48;2;222;221;222m[38;2;222;221;222m.[0m                             
                                        [48;2;192;189;191m[38;2;192;189;191m-[0m[48;2;71;63;70m[38;2;71;63;70m░[0m[48;2;113;98;109m[38;2;113;98;109m%[0m[48;2;159;140;154m[38;2;159;140;154m+[0m[48;2;161;140;155m[38;2;161;140;155m+[0m[48;2;161;140;155m[38;2;161;140;155m+[0m[48;2;160;140;155m[38;2;160;140;155m+[0m[48;2;121;103;117m[38;2;121;103;117m#[0m[48;2;69;54;66m[38;2;69;54;66m░[0m[48;2;84;69;81m[38;2;84;69;81m@[0m[48;2;95;83;92m[38;2;95;83;92m@[0m[48;2;100;89;98m[38;2;100;89;98m%[0m[48;2;108;95;105m[38;2;108;95;105m%[0m[48;2;113;100;111m[38;2;113;100;111m%[0m[48;2;119;104;116m[38;2;119;104;116m#[0m[48;2;118;104;116m[38;2;118;104;116m%[0m[48;2;117;104;116m[38;2;117;104;116m%[0m[48;2;112;100;112m[38;2;112;100;112m%[0m[48;2;102;91;101m[38;2;102;91;101m%[0m[48;2;93;82;91m[38;2;93;82;91m@[0m[48;2;82;71;80m[38;2;82;71;80m@[0m[48;2;76;66;75m[38;2;76;66;75m░[0m[48;2;91;83;91m[38;2;91;83;91m@[0m[48;2;98;93;99m[38;2;98;93;99m%[0m[48;2;91;86;93m[38;2;91;86;93m@[0m[48;2;83;80;86m[38;2;83;80;86m@[0m[48;2;78;76;81m[38;2;78;76;81m@[0m[48;2;148;145;149m[38;2;148;145;149m+[0m                                
                                        [48;2;234;234;234m[38;2;234;234;234m.[0m[48;2;37;34;38m[38;2;37;34;38m▓[0m[48;2;27;22;32m[38;2;27;22;32m▓[0m[48;2;46;38;51m[38;2;46;38;51m▒[0m[48;2;105;91;103m[38;2;105;91;103m%[0m[48;2;151;133;147m[38;2;151;133;147m*[0m[48;2;161;140;155m[38;2;161;140;155m+[0m[48;2;160;141;155m[38;2;160;141;155m+[0m[48;2;160;141;155m[38;2;160;141;155m+[0m[48;2;144;127;141m[38;2;144;127;141m*[0m[48;2;103;91;101m[38;2;103;91;101m%[0m[48;2;74;65;72m[38;2;74;65;72m░[0m[48;2;58;50;57m[38;2;58;50;57m▒[0m[48;2;41;34;41m[38;2;41;34;41m▒[0m[48;2;40;31;39m[38;2;40;31;39m▓[0m[48;2;31;24;31m[38;2;31;24;31m▓[0m[48;2;17;12;18m[38;2;17;12;18m█[0m[48;2;22;17;23m[38;2;22;17;23m▓[0m[48;2;25;20;26m[38;2;25;20;26m▓[0m[48;2;31;23;31m[38;2;31;23;31m▓[0m[48;2;37;29;37m[38;2;37;29;37m▓[0m[48;2;45;37;45m[38;2;45;37;45m▒[0m[48;2;43;38;45m[38;2;43;38;45m▒[0m[48;2;20;17;23m[38;2;20;17;23m▓[0m[48;2;59;56;62m[38;2;59;56;62m░[0m[48;2;128;126;130m[38;2;128;126;130m#[0m[48;2;214;213;216m[38;2;214;213;216m:[0m                                 
                                        [48;2;93;92;94m[38;2;93;92;94m%[0m[48;2;7;5;12m[38;2;7;5;12m█[0m[48;2;69;62;101m[38;2;69;62;101m░[0m[48;2;16;8;49m[38;2;16;8;49m█[0m[48;2;64;52;103m[38;2;64;52;103m░[0m[48;2;50;40;78m[38;2;50;40;78m▒[0m[48;2;54;46;59m[38;2;54;46;59m▒[0m[48;2;75;66;76m[38;2;75;66;76m░[0m[48;2;93;82;94m[38;2;93;82;94m@[0m[48;2;103;91;103m[38;2;103;91;103m%[0m[48;2;112;99;111m[38;2;112;99;111m%[0m[48;2;117;104;116m[38;2;117;104;116m%[0m[48;2;118;106;117m[38;2;118;106;117m#[0m[48;2;117;106;117m[38;2;117;106;117m#[0m[48;2;116;105;117m[38;2;116;105;117m%[0m[48;2;106;95;107m[38;2;106;95;107m%[0m[48;2;93;82;93m[38;2;93;82;93m@[0m[48;2;78;69;79m[38;2;78;69;79m░[0m[48;2;62;54;64m[38;2;62;54;64m░[0m[48;2;47;39;51m[38;2;47;39;51m▒[0m[48;2;28;21;32m[38;2;28;21;32m▓[0m[48;2;17;11;21m[38;2;17;11;21m█[0m[48;2;95;90;97m[38;2;95;90;97m%[0m[48;2;241;237;242m[38;2;241;237;242m [0m                                    
                                       [48;2;194;194;194m[38;2;194;194;194m-[0m[48;2;14;13;16m[38;2;14;13;16m█[0m[48;2;13;9;24m[38;2;13;9;24m█[0m[48;2;86;73;144m[38;2;86;73;144m@[0m[48;2;27;19;59m[38;2;27;19;59m▓[0m[48;2;79;67;128m[38;2;79;67;128m@[0m[48;2;90;74;157m[38;2;90;74;157m@[0m[48;2;73;62;116m[38;2;73;62;116m░[0m[48;2;13;9;26m[38;2;13;9;26m█[0m[48;2;32;28;43m[38;2;32;28;43m▓[0m[48;2;31;26;44m[38;2;31;26;44m▓[0m[48;2;30;24;43m[38;2;30;24;43m▓[0m[48;2;29;23;41m[38;2;29;23;41m▓[0m[48;2;28;23;40m[38;2;28;23;40m▓[0m[48;2;28;23;39m[38;2;28;23;39m▓[0m[48;2;28;23;40m[38;2;28;23;40m▓[0m[48;2;30;25;41m[38;2;30;25;41m▓[0m[48;2;33;28;43m[38;2;33;28;43m▓[0m[48;2;36;30;48m[38;2;36;30;48m▓[0m[48;2;37;31;51m[38;2;37;31;51m▓[0m[48;2;37;31;51m[38;2;37;31;51m▓[0m[48;2;32;27;46m[38;2;32;27;46m▓[0m[48;2;16;11;27m[38;2;16;11;27m█[0m[48;2;9;6;15m[38;2;9;6;15m█[0m[48;2;135;133;136m[38;2;135;133;136m*[0m[48;2;237;237;237m[38;2;237;237;237m.[0m                                   
                                       [48;2;67;67;68m[38;2;67;67;68m░[0m[48;2;23;22;27m[38;2;23;22;27m▓[0m[48;2;22;16;47m[38;2;22;16;47m▓[0m[48;2;85;72;142m[38;2;85;72;142m@[0m[48;2;52;44;78m[38;2;52;44;78m▒[0m[48;2;57;45;105m[38;2;57;45;105m░[0m[48;2;81;64;161m[38;2;81;64;161m@[0m[48;2;89;76;149m[38;2;89;76;149m@[0m[48;2;50;40;105m[38;2;50;40;105m▒[0m[48;2;18;13;35m[38;2;18;13;35m█[0m[48;2;35;30;49m[38;2;35;30;49m▓[0m[48;2;37;31;52m[38;2;37;31;52m▓[0m[48;2;37;31;52m[38;2;37;31;52m▓[0m[48;2;37;31;52m[38;2;37;31;52m▓[0m[48;2;37;31;52m[38;2;37;31;52m▓[0m[48;2;37;31;52m[38;2;37;31;52m▓[0m[48;2;37;31;52m[38;2;37;31;52m▓[0m[48;2;37;31;52m[38;2;37;31;52m▓[0m[48;2;37;31;52m[38;2;37;31;52m▓[0m[48;2;37;31;52m[38;2;37;31;52m▓[0m[48;2;37;31;52m[38;2;37;31;52m▓[0m[48;2;37;31;52m[38;2;37;31;52m▓[0m[48;2;37;31;52m[38;2;37;31;52m▓[0m[48;2;33;28;45m[38;2;33;28;45m▓[0m[48;2;26;21;37m[38;2;26;21;37m▓[0m[48;2;24;20;34m[38;2;24;20;34m▓[0m[48;2;40;36;49m[38;2;40;36;49m▒[0m[48;2;63;59;71m[38;2;63;59;71m░[0m[48;2;82;78;88m[38;2;82;78;88m@[0m[48;2;100;97;104m[38;2;100;97;104m%[0m[48;2;111;109;115m[38;2;111;109;115m#[0m[48;2;124;122;126m[38;2;124;122;126m#[0m[48;2;133;132;134m[38;2;133;132;134m*[0m[48;2;143;142;145m[38;2;143;142;145m*[0m[48;2;150;149;151m[38;2;150;149;151m+[0m[48;2;153;153;154m[38;2;153;153;154m+[0m[48;2;158;158;158m[38;2;158;158;158m+[0m[48;2;207;207;207m[38;2;207;207;207m:[0m                       
                                      [48;2;204;204;204m[38;2;204;204;204m:[0m[48;2;15;13;19m[38;2;15;13;19m█[0m[48;2;39;34;51m[38;2;39;34;51m▒[0m[48;2;41;37;49m[38;2;41;37;49m▒[0m[48;2;42;38;48m[38;2;42;38;48m▒[0m[48;2;29;24;40m[38;2;29;24;40m▓[0m[48;2;26;18;57m[38;2;26;18;57m▓[0m[48;2;85;68;160m[38;2;85;68;160m@[0m[48;2;86;72;157m[38;2;86;72;157m@[0m[48;2;64;52;125m[38;2;64;52;125m░[0m[48;2;14;7;38m[38;2;14;7;38m█[0m[48;2;38;34;44m[38;2;38;34;44m▓[0m[48;2;39;34;50m[38;2;39;34;50m▒[0m[48;2;36;31;50m[38;2;36;31;50m▓[0m[48;2;37;31;52m[38;2;37;31;52m▓[0m[48;2;37;31;52m[38;2;37;31;52m▓[0m[48;2;37;31;52m[38;2;37;31;52m▓[0m[48;2;37;31;52m[38;2;37;31;52m▓[0m[48;2;37;31;52m[38;2;37;31;52m▓[0m[48;2;37;31;52m[38;2;37;31;52m▓[0m[48;2;37;31;52m[38;2;37;31;52m▓[0m[48;2;37;31;52m[38;2;37;31;52m▓[0m[48;2;37;31;52m[38;2;37;31;52m▓[0m[48;2;37;31;52m[38;2;37;31;52m▓[0m[48;2;37;31;52m[38;2;37;31;52m▓[0m[48;2;37;31;52m[38;2;37;31;52m▓[0m[48;2;37;31;52m[38;2;37;31;52m▓[0m[48;2;37;31;52m[38;2;37;31;52m▓[0m[48;2;37;31;52m[38;2;37;31;52m▓[0m[48;2;37;31;52m[38;2;37;31;52m▓[0m[48;2;37;31;51m[38;2;37;31;51m▓[0m[48;2;37;31;51m[38;2;37;31;51m▓[0m[48;2;36;30;50m[38;2;36;30;50m▓[0m[48;2;34;28;48m[38;2;34;28;48m▓[0m[48;2;33;28;47m[38;2;33;28;47m▓[0m[48;2;32;27;45m[38;2;32;27;45m▓[0m[48;2;32;27;44m[38;2;32;27;44m▓[0m[48;2;22;21;25m[38;2;22;21;25m▓[0m[48;2;136;136;136m[38;2;136;136;136m*[0m                       
                                      [48;2;112;112;113m[38;2;112;112;113m#[0m[48;2;27;23;32m[38;2;27;23;32m▓[0m[48;2;57;52;69m[38;2;57;52;69m░[0m[48;2;38;35;45m[38;2;38;35;45m▒[0m[48;2;145;142;148m[38;2;145;142;148m*[0m[48;2;76;73;79m[38;2;76;73;79m@[0m[48;2;49;45;54m[38;2;49;45;54m▒[0m[48;2;51;41;86m[38;2;51;41;86m▒[0m[48;2;52;46;71m[38;2;52;46;71m▒[0m[48;2;148;145;152m[38;2;148;145;152m+[0m[48;2;133;130;135m[38;2;133;130;135m*[0m[48;2;37;34;38m[38;2;37;34;38m▓[0m[48;2;56;52;60m[38;2;56;52;60m▒[0m[48;2;63;58;73m[38;2;63;58;73m░[0m[48;2;39;34;52m[38;2;39;34;52m▒[0m[48;2;37;31;52m[38;2;37;31;52m▓[0m[48;2;37;31;52m[38;2;37;31;52m▓[0m[48;2;37;31;52m[38;2;37;31;52m▓[0m[48;2;37;31;52m[38;2;37;31;52m▓[0m[48;2;37;31;52m[38;2;37;31;52m▓[0m[48;2;37;31;52m[38;2;37;31;52m▓[0m[48;2;37;31;52m[38;2;37;31;52m▓[0m[48;2;37;31;52m[38;2;37;31;52m▓[0m[48;2;37;31;52m[38;2;37;31;52m▓[0m[48;2;37;31;52m[38;2;37;31;52m▓[0m[48;2;37;31;52m[38;2;37;31;52m▓[0m[48;2;37;31;52m[38;2;37;31;52m▓[0m[48;2;37;31;52m[38;2;37;31;52m▓[0m[48;2;37;31;52m[38;2;37;31;52m▓[0m[48;2;37;31;52m[38;2;37;31;52m▓[0m[48;2;37;31;52m[38;2;37;31;52m▓[0m[48;2;37;31;52m[38;2;37;31;52m▓[0m[48;2;37;31;52m[38;2;37;31;52m▓[0m[48;2;37;31;52m[38;2;37;31;52m▓[0m[48;2;37;31;52m[38;2;37;31;52m▓[0m[48;2;37;31;52m[38;2;37;31;52m▓[0m[48;2;36;30;51m[38;2;36;30;51m▓[0m[48;2;21;17;29m[38;2;21;17;29m▓[0m[48;2;208;206;209m[38;2;208;206;209m:[0m                       