                                                                                                              
                                                                                                              
                                                                                                              
                                                                                                              
                                                                                                              
                                                                                                              
                                                                                                              
                                                                                                              
                                                                                                              
                                                                                                              
                                                                                                              
                                                                                                              
                                                                                                              
                                                   [48;2;180;180;181m[38;2;180;180;181m=[0m[48;2;127;127;128m[38;2;127;127;128m#[0m[48;2;95;94;96m[38;2;95;94;96m%[0m[48;2;68;68;71m[38;2;68;68;71m░[0m[48;2;55;54;58m[38;2;55;54;58m▒[0m[48;2;44;42;48m[38;2;44;42;48m▒[0m[48;2;44;43;49m[38;2;44;43;49m▒[0m[48;2;53;52;57m[38;2;53;52;57m▒[0m[48;2;67;66;71m[38;2;67;66;71m░[0m[48;2;97;96;101m[38;2;97;96;101m%[0m[48;2;144;143;147m[38;2;144;143;147m*[0m[48;2;201;200;203m[38;2;201;200;203m-[0m                                               
                                                 [48;2;160;159;161m[38;2;160;159;161m+[0m[48;2;33;31;38m[38;2;33;31;38m▓[0m[48;2;28;26;38m[38;2;28;26;38m▓[0m[48;2;39;37;52m[38;2;39;37;52m▒[0m[48;2;42;42;57m[38;2;42;42;57m▒[0m[48;2;43;43;59m[38;2;43;43;59m▒[0m[48;2;43;43;59m[38;2;43;43;59m▒[0m[48;2;43;43;59m[38;2;43;43;59m▒[0m[48;2;42;42;59m[38;2;42;42;59m▒[0m[48;2;42;42;59m[38;2;42;42;59m▒[0m[48;2;42;42;59m[38;2;42;42;59m▒[0m[48;2;41;41;58m[38;2;41;41;58m▒[0m[48;2;36;34;53m[38;2;36;34;53m▒[0m[48;2;25;23;37m[38;2;25;23;37m▓[0m[48;2;46;44;53m[38;2;46;44;53m▒[0m[48;2;132;131;136m[38;2;132;131;136m*[0m[48;2;237;237;238m[38;2;237;237;238m.[0m                                            
                                                [48;2;96;95;99m[38;2;96;95;99m%[0m[48;2;23;22;31m[38;2;23;22;31m▓[0m[48;2;42;41;56m[38;2;42;41;56m▒[0m[48;2;42;43;59m[38;2;42;43;59m▒[0m[48;2;41;43;59m[38;2;41;43;59m▒[0m[48;2;40;44;59m[38;2;40;44;59m▒[0m[48;2;40;44;59m[38;2;40;44;59m▒[0m[48;2;40;44;59m[38;2;40;44;59m▒[0m[48;2;40;44;59m[38;2;40;44;59m▒[0m[48;2;40;44;59m[38;2;40;44;59m▒[0m[48;2;40;44;59m[38;2;40;44;59m▒[0m[48;2;40;44;59m[38;2;40;44;59m▒[0m[48;2;40;44;59m[38;2;40;44;59m▒[0m[48;2;41;43;59m[38;2;41;43;59m▒[0m[48;2;42;43;59m[38;2;42;43;59m▒[0m[48;2;42;42;58m[38;2;42;42;58m▒[0m[48;2;33;32;46m[38;2;33;32;46m▓[0m[48;2;26;24;32m[38;2;26;24;32m▓[0m[48;2;88;88;90m[38;2;88;88;90m@[0m[48;2;187;186;188m[38;2;187;186;188m-[0m                                          
                                              [48;2;189;189;190m[38;2;189;189;190m-[0m[48;2;84;83;87m[38;2;84;83;87m@[0m[48;2;28;26;36m[38;2;28;26;36m▓[0m[48;2;43;43;59m[38;2;43;43;59m▒[0m[48;2;40;44;59m[38;2;40;44;59m▒[0m[48;2;40;44;59m[38;2;40;44;59m▒[0m[48;2;40;44;59m[38;2;40;44;59m▒[0m[48;2;40;44;59m[38;2;40;44;59m▒[0m[48;2;40;44;59m[38;2;40;44;59m▒[0m[48;2;40;44;59m[38;2;40;44;59m▒[0m[48;2;40;44;59m[38;2;40;44;59m▒[0m[48;2;40;44;59m[38;2;40;44;59m▒[0m[48;2;40;44;59m[38;2;40;44;59m▒[0m[48;2;40;44;59m[38;2;40;44;59m▒[0m[48;2;40;44;59m[38;2;40;44;59m▒[0m[48;2;40;44;59m[38;2;40;44;59m▒[0m[48;2;40;44;59m[38;2;40;44;59m▒[0m[48;2;41;43;59m[38;2;41;43;59m▒[0m[48;2;43;43;59m[38;2;43;43;59m▒[0m[48;2;77;76;85m[38;2;77;76;85m@[0m[48;2;10;8;13m[38;2;10;8;13m█[0m[48;2;54;49;55m[38;2;54;49;55m▒[0m[48;2;103;100;104m[38;2;103;100;104m%[0m                                         
                                             [48;2;144;144;145m[38;2;144;144;145m*[0m[48;2;5;3;7m[38;2;5;3;7m█[0m[48;2;22;21;28m[38;2;22;21;28m▓[0m[48;2;44;43;58m[38;2;44;43;58m▒[0m[48;2;41;44;60m[38;2;41;44;60m▒[0m[48;2;40;44;59m[38;2;40;44;59m▒[0m[48;2;40;44;59m[38;2;40;44;59m▒[0m[48;2;40;44;59m[38;2;40;44;59m▒[0m[48;2;40;44;59m[38;2;40;44;59m▒[0m[48;2;40;44;59m[38;2;40;44;59m▒[0m[48;2;40;44;59m[38;2;40;44;59m▒[0m[48;2;40;44;59m[38;2;40;44;59m▒[0m[48;2;40;44;59m[38;2;40;44;59m▒[0m[48;2;40;44;59m[38;2;40;44;59m▒[0m[48;2;40;44;59m[38;2;40;44;59m▒[0m[48;2;40;44;59m[38;2;40;44;59m▒[0m[48;2;40;44;59m[38;2;40;44;59m▒[0m[48;2;40;44;59m[38;2;40;44;59m▒[0m[48;2;40;44;59m[38;2;40;44;59m▒[0m[48;2;56;57;73m[38;2;56;57;73m░[0m[48;2;68;67;78m[38;2;68;67;78m░[0m[48;2;17;14;23m[38;2;17;14;23m█[0m[48;2;107;97;108m[38;2;107;97;108m%[0m[48;2;95;83;93m[38;2;95;83;93m@[0m[48;2;94;89;94m[38;2;94;89;94m@[0m                                        
                                             [48;2;40;40;40m[38;2;40;40;40m▒[0m[48;2;7;6;11m[38;2;7;6;11m█[0m[48;2;43;42;55m[38;2;43;42;55m▒[0m[48;2;41;43;58m[38;2;41;43;58m▒[0m[48;2;40;44;59m[38;2;40;44;59m▒[0m[48;2;40;44;59m[38;2;40;44;59m▒[0m[48;2;40;44;59m[38;2;40;44;59m▒[0m[48;2;40;44;59m[38;2;40;44;59m▒[0m[48;2;40;44;59m[38;2;40;44;59m▒[0m[48;2;40;44;59m[38;2;40;44;59m▒[0m[48;2;40;44;59m[38;2;40;44;59m▒[0m[48;2;40;44;59m[38;2;40;44;59m▒[0m[48;2;40;44;59m[38;2;40;44;59m▒[0m[48;2;40;44;59m[38;2;40;44;59m▒[0m[48;2;40;44;59m[38;2;40;44;59m▒[0m[48;2;40;44;59m[38;2;40;44;59m▒[0m[48;2;40;44;59m[38;2;40;44;59m▒[0m[48;2;40;44;59m[38;2;40;44;59m▒[0m[48;2;43;46;61m[38;2;43;46;61m▒[0m[48;2;58;59;75m[38;2;58;59;75m░[0m[48;2;40;40;51m[38;2;40;40;51m▒[0m[48;2;19;14;25m[38;2;19;14;25m█[0m[48;2;108;96;108m[38;2;108;96;108m%[0m[48;2;100;87;98m[38;2;100;87;98m%[0m[48;2;63;53;61m[38;2;63;53;61m░[0m[48;2;171;168;171m[38;2;171;168;171m=[0m                                       
                                           [48;2;229;229;229m[38;2;229;229;229m.[0m[48;2;57;54;57m[38;2;57;54;57m░[0m[48;2;36;34;37m[38;2;36;34;37m▓[0m[48;2;21;20;27m[38;2;21;20;27m▓[0m[48;2;43;43;57m[38;2;43;43;57m▒[0m[48;2;40;44;59m[38;2;40;44;59m▒[0m[48;2;40;44;59m[38;2;40;44;59m▒[0m[48;2;40;44;59m[38;2;40;44;59m▒[0m[48;2;40;44;59m[38;2;40;44;59m▒[0m[48;2;40;44;59m[38;2;40;44;59m▒[0m[48;2;40;44;59m[38;2;40;44;59m▒[0m[48;2;40;44;59m[38;2;40;44;59m▒[0m[48;2;40;44;59m[38;2;40;44;59m▒[0m[48;2;40;44;59m[38;2;40;44;59m▒[0m[48;2;40;44;59m[38;2;40;44;59m▒[0m[48;2;40;44;59m[38;2;40;44;59m▒[0m[48;2;40;44;59m[38;2;40;44;59m▒[0m[48;2;40;44;59m[38;2;40;44;59m▒[0m[48;2;41;43;59m[38;2;41;43;59m▒[0m[48;2;42;43;59m[38;2;42;43;59m▒[0m[48;2;74;74;90m[38;2;74;74;90m@[0m[48;2;50;49;63m[38;2;50;49;63m▒[0m[48;2;20;19;30m[38;2;20;19;30m▓[0m[48;2;98;91;103m[38;2;98;91;103m%[0m[48;2;122;112;123m[38;2;122;112;123m#[0m[48;2;15;7;13m[38;2;15;7;13m█[0m[48;2;109;99;104m[38;2;109;99;104m%[0m[48;2;69;66;68m[38;2;69;66;68m░[0m                                       
                                          [48;2;237;237;237m[38;2;237;237;237m.[0m[48;2;48;45;47m[38;2;48;45;47m▒[0m[48;2;95;86;94m[38;2;95;86;94m@[0m[48;2;87;79;87m[38;2;87;79;87m@[0m[48;2;26;24;33m[38;2;26;24;33m▓[0m[48;2;41;43;58m[38;2;41;43;58m▒[0m[48;2;40;44;59m[38;2;40;44;59m▒[0m[48;2;40;44;59m[38;2;40;44;59m▒[0m[48;2;40;44;59m[38;2;40;44;59m▒[0m[48;2;40;44;59m[38;2;40;44;59m▒[0m[48;2;40;44;59m[38;2;40;44;59m▒[0m[48;2;40;44;59m[38;2;40;44;59m▒[0m[48;2;40;44;59m[38;2;40;44;59m▒[0m[48;2;40;44;59m[38;2;40;44;59m▒[0m[48;2;40;44;59m[38;2;40;44;59m▒[0m[48;2;40;44;59m[38;2;40;44;59m▒[0m[48;2;40;44;59m[38;2;40;44;59m▒[0m[48;2;40;44;59m[38;2;40;44;59m▒[0m[48;2;42;43;58m[38;2;42;43;58m▒[0m[48;2;52;51;65m[38;2;52;51;65m▒[0m[48;2;76;73;86m[38;2;76;73;86m@[0m[48;2;43;39;51m[38;2;43;39;51m▒[0m[48;2;29;24;35m[38;2;29;24;35m▓[0m[48;2;112;101;113m[38;2;112;101;113m%[0m[48;2;158;141;154m[38;2;158;141;154m+[0m[48;2;159;141;155m[38;2;159;141;155m+[0m[48;2;80;67;76m[38;2;80;67;76m░[0m[48;2;85;79;82m[38;2;85;79;82m@[0m[48;2;30;27;28m[38;2;30;27;28m▓[0m                                       
                                          [48;2;95;95;95m[38;2;95;95;95m%[0m[48;2;78;72;77m[38;2;78;72;77m@[0m[48;2;157;142;153m[38;2;157;142;153m+[0m[48;2;111;98;108m[38;2;111;98;108m%[0m[48;2;19;16;25m[38;2;19;16;25m█[0m[48;2;41;43;58m[38;2;41;43;58m▒[0m[48;2;40;44;59m[38;2;40;44;59m▒[0m[48;2;40;44;59m[38;2;40;44;59m▒[0m[48;2;40;44;59m[38;2;40;44;59m▒[0m[48;2;40;44;59m[38;2;40;44;59m▒[0m[48;2;40;44;59m[38;2;40;44;59m▒[0m[48;2;40;44;59m[38;2;40;44;59m▒[0m[48;2;40;44;59m[38;2;40;44;59m▒[0m[48;2;40;44;59m[38;2;40;44;59m▒[0m[48;2;40;44;59m[38;2;40;44;59m▒[0m[48;2;40;44;59m[38;2;40;44;59m▒[0m[48;2;42;43;58m[38;2;42;43;58m▒[0m[48;2;53;52;66m[38;2;53;52;66m▒[0m[48;2;72;70;82m[38;2;72;70;82m░[0m[48;2;57;53;64m[38;2;57;53;64m░[0m[48;2;25;19;29m[38;2;25;19;29m▓[0m[48;2;79;69;80m[38;2;79;69;80m@[0m[48;2;149;133;146m[38;2;149;133;146m*[0m[48;2;160;141;155m[38;2;160;141;155m+[0m[48;2;161;140;155m[38;2;161;140;155m+[0m[48;2;161;140;155m[38;2;161;140;155m+[0m[48;2;120;105;116m[38;2;120;105;116m#[0m[48;2;38;31;36m[38;2;38;31;36m▓[0m[48;2;33;29;31m[38;2;33;29;31m▓[0m                                       
                                         [48;2;202;202;202m[38;2;202;202;202m:[0m[48;2;37;33;36m[38;2;37;33;36m▓[0m[48;2;153;140;149m[38;2;153;140;149m*[0m[48;2;160;141;155m[38;2;160;141;155m+[0m[48;2;116;101;112m[38;2;116;101;112m%[0m[48;2;13;7;15m[38;2;13;7;15m█[0m[48;2;31;29;40m[38;2;31;29;40m▓[0m[48;2;42;43;58m[38;2;42;43;58m▒[0m[48;2;41;43;59m[38;2;41;43;59m▒[0m[48;2;40;44;59m[38;2;40;44;59m▒[0m[48;2;40;44;59m[38;2;40;44;59m▒[0m[48;2;40;44;59m[38;2;40;44;59m▒[0m[48;2;41;44;59m[38;2;41;44;59m▒[0m[48;2;41;43;59m[38;2;41;43;59m▒[0m[48;2;48;51;66m[38;2;48;51;66m▒[0m[48;2;45;47;62m[38;2;45;47;62m▒[0m[48;2;67;66;82m[38;2;67;66;82m░[0m[48;2;66;64;76m[38;2;66;64;76m░[0m[48;2;47;44;54m[38;2;47;44;54m▒[0m[48;2;33;27;37m[38;2;33;27;37m▓[0m[48;2;83;73;84m[38;2;83;73;84m@[0m[48;2;144;129;142m[38;2;144;129;142m*[0m[48;2;160;141;155m[38;2;160;141;155m+[0m[48;2;161;140;155m[38;2;161;140;155m+[0m[48;2;161;140;155m[38;2;161;140;155m+[0m[48;2;161;140;155m[38;2;161;140;155m+[0m[48;2;160;141;155m[38;2;160;141;155m+[0m[48;2;127;112;124m[38;2;127;112;124m#[0m[48;2;10;4;10m[38;2;10;4;10m█[0m[48;2;59;56;58m[38;2;59;56;58m░[0m                                       
                                         [48;2;76;75;75m[38;2;76;75;75m@[0m[48;2;119;110;116m[38;2;119;110;116m#[0m[48;2;160;141;154m[38;2;160;141;154m+[0m[48;2;161;140;155m[38;2;161;140;155m+[0m[48;2;103;88;99m[38;2;103;88;99m%[0m[48;2;66;57;65m[38;2;66;57;65m░[0m[48;2;44;35;45m[38;2;44;35;45m▒[0m[48;2;32;26;39m[38;2;32;26;39m▓[0m[48;2;44;41;58m[38;2;44;41;58m▒[0m[48;2;42;43;58m[38;2;42;43;58m▒[0m[48;2;41;43;59m[38;2;41;43;59m▒[0m[48;2;41;44;59m[38;2;41;44;59m▒[0m[48;2;56;56;71m[38;2;56;56;71m░[0m[48;2;72;70;81m[38;2;72;70;81m░[0m[48;2;55;54;64m[38;2;55;54;64m░[0m[48;2;28;25;36m[38;2;28;25;36m▓[0m[48;2;30;24;36m[38;2;30;24;36m▓[0m[48;2;67;57;68m[38;2;67;57;68m░[0m[48;2;118;105;115m[38;2;118;105;115m#[0m[48;2;156;139;151m[38;2;156;139;151m*[0m[48;2;161;141;154m[38;2;161;141;154m+[0m[48;2;161;140;155m[38;2;161;140;155m+[0m[48;2;161;140;155m[38;2;161;140;155m+[0m[48;2;161;140;155m[38;2;161;140;155m+[0m[48;2;161;140;155m[38;2;161;140;155m+[0m[48;2;161;140;155m[38;2;161;140;155m+[0m[48;2;160;141;155m[38;2;160;141;155m+[0m[48;2;118;103;115m[38;2;118;103;115m%[0m[48;2;73;68;73m[38;2;73;68;73m░[0m[48;2;224;220;223m[38;2;224;220;223m.[0m                                       
                                        [48;2;220;220;220m[38;2;220;220;220m.[0m[48;2;38;33;35m[38;2;38;33;35m▓[0m[48;2;157;143;153m[38;2;157;143;153m+[0m[48;2;161;141;154m[38;2;161;141;154m+[0m[48;2;161;141;155m[38;2;161;141;155m+[0m[48;2;153;135;148m[38;2;153;135;148m*[0m[48;2;36;27;35m[38;2;36;27;35m▓[0m[48;2;133;119;131m[38;2;133;119;131m#[0m[48;2;85;72;84m[38;2;85;72;84m@[0m[48;2;39;27;40m[38;2;39;27;40m▓[0m[48;2;27;20;32m[38;2;27;20;32m▓[0m[48;2;34;28;39m[38;2;34;28;39m▓[0m[48;2;49;44;53m[38;2;49;44;53m▒[0m[48;2;41;35;46m[38;2;41;35;46m▒[0m[48;2;48;40;51m[38;2;48;40;51m▒[0m[48;2;77;66;78m[38;2;77;66;78m░[0m[48;2;121;107;119m[38;2;121;107;119m#[0m[48;2;156;139;152m[38;2;156;139;152m*[0m[48;2;160;142;155m[38;2;160;142;155m+[0m[48;2;156;137;151m[38;2;156;137;151m*[0m[48;2;123;106;119m[38;2;123;106;119m#[0m[48;2;85;69;82m[38;2;85;69;82m@[0m[48;2;136;117;131m[38;2;136;117;131m#[0m[48;2;161;140;155m[38;2;161;140;155m+[0m[48;2;161;140;155m[38;2;161;140;155m+[0m[48;2;161;140;155m[38;2;161;140;155m+[0m[48;2;161;140;155m[38;2;161;140;155m+[0m[48;2;160;141;155m[38;2;160;141;155m+[0m[48;2;62;49;60m[38;2;62;49;60m▒[0m[48;2;38;34;39m[38;2;38;34;39m▓[0m[48;2;91;87;92m[38;2;91;87;92m@[0m[48;2;65;62;65m[38;2;65;62;65m░[0m[48;2;65;63;66m[38;2;65;63;66m░[0m[48;2;91;90;91m[38;2;91;90;91m@[0m[48;2;238;238;238m[38;2;238;238;238m [0m                                   
                                        [48;2;164;164;164m[38;2;164;164;164m+[0m[48;2;70;63;68m[38;2;70;63;68m░[0m[48;2;159;142;154m[38;2;159;142;154m+[0m[48;2;160;141;155m[38;2;160;141;155m+[0m[48;2;161;140;155m[38;2;161;140;155m+[0m[48;2;161;140;155m[38;2;161;140;155m+[0m[48;2;123;108;120m[38;2;123;108;120m#[0m[48;2;41;29;39m[38;2;41;29;39m▓[0m[48;2;33;22;32m[38;2;33;22;32m▓[0m[48;2;133;121;131m[38;2;133;121;131m#[0m[48;2;141;126;136m[38;2;141;126;136m*[0m[48;2;75;63;72m[38;2;75;63;72m░[0m[48;2;62;51;59m[38;2;62;51;59m░[0m[48;2;155;138;154m[38;2;155;138;154m*[0m[48;2;155;139;153m[38;2;155;139;153m*[0m[48;2;138;121;135m[38;2;138;121;135m#[0m[48;2;110;94;106m[38;2;110;94;106m%[0m[48;2;83;68;79m[38;2;83;68;79m@[0m[48;2;67;54;64m[38;2;67;54;64m░[0m[48;2;72;59;71m[38;2;72;59;71m░[0m[48;2;101;86;99m[38;2;101;86;99m%[0m[48;2;140;123;136m[38;2;140;123;136m*[0m[48;2;160;141;155m[38;2;160;141;155m+[0m[48;2;161;140;155m[38;2;161;140;155m+[0m[48;2;161;140;155m[38;2;161;140;155m+[0m[48;2;161;140;155m[38;2;161;140;155m+[0m[48;2;161;140;155m[38;2;161;140;155m+[0m[48;2;129;112;126m[38;2;129;112;126m#[0m[48;2;16;8;18m[38;2;16;8;18m█[0m[48;2;15;13;21m[38;2;15;13;21m█[0m[48;2;125;123;129m[38;2;125;123;129m#[0m[48;2;235;234;237m[38;2;235;234;237m.[0m[48;2;59;58;61m[38;2;59;58;61m░[0m[48;2;61;61;61m[38;2;61;61;61m░[0m                                    
                                        [48;2;147;147;147m[38;2;147;147;147m+[0m[48;2;82;74;80m[38;2;82;74;80m@[0m[48;2;159;142;154m[38;2;159;142;154m+[0m[48;2;161;140;155m[38;2;161;140;155m+[0m[48;2;161;140;155m[38;2;161;140;155m+[0m[48;2;161;140;155m[38;2;161;140;155m+[0m[48;2;161;140;155m[38;2;161;140;155m+[0m[48;2;125;109;122m[38;2;125;109;122m#[0m[48;2;37;26;36m[38;2;37;26;36m▓[0m[48;2;40;33;41m[38;2;40;33;41m▓[0m[48;2;28;21;28m[38;2;28;21;28m▓[0m[48;2;9;4;10m[38;2;9;4;10m█[0m[48;2;49;43;50m[38;2;49;43;50m▒[0m[48;2;67;57;68m[38;2;67;57;68m░[0m[48;2;73;61;72m[38;2;73;61;72m░[0m[48;2;89;75;86m[38;2;89;75;86m@[0m[48;2;118;101;114m[38;2;118;101;114m%[0m[48;2;145;127;141m[38;2;145;127;141m*[0m[48;2;159;141;155m[38;2;159;141;155m+[0m[48;2;160;141;155m[38;2;160;141;155m+[0m[48;2;161;140;155m[38;2;161;140;155m+[0m[48;2;161;140;155m[38;2;161;140;155m+[0m[48;2;161;140;155m[38;2;161;140;155m+[0m[48;2;161;140;155m[38;2;161;140;155m+[0m[48;2;161;140;155m[38;2;161;140;155m+[0m[48;2;161;140;155m[38;2;161;140;155m+[0m[48;2;159;138;153m[38;2;159;138;153m*[0m[48;2;46;33;44m[38;2;46;33;44m▒[0m[48;2;21;13;24m[38;2;21;13;24m█[0m[48;2;33;30;43m[38;2;33;30;43m▓[0m[48;2;41;39;46m[38;2;41;39;46m▒[0m [48;2;187;185;186m[38;2;187;185;186m-[0m[48;2;79;78;79m[38;2;79;78;79m@[0m                                    
                                        [48;2;162;161;162m[38;2;162;161;162m+[0m[48;2;70;62;68m[38;2;70;62;68m░[0m[48;2;160;142;154m[38;2;160;142;154m+[0m[48;2;161;140;155m[38;2;161;140;155m+[0m[48;2;161;140;155m[38;2;161;140;155m+[0m[48;2;161;140;155m[38;2;161;140;155m+[0m[48;2;161;140;155m[38;2;161;140;155m+[0m[48;2;161;140;155m[38;2;161;140;155m+[0m[48;2;136;116;130m[38;2;136;116;130m#[0m[48;2;10;6;11m[38;2;10;6;11m█[0m[48;2;5;2;8m[38;2;5;2;8m█[0m[48;2;15;13;18m[38;2;15;13;18m█[0m[48;2;25;21;28m[38;2;25;21;28m▓[0m[48;2;54;47;56m[38;2;54;47;56m▒[0m[48;2;96;83;95m[38;2;96;83;95m@[0m[48;2;159;139;154m[38;2;159;139;154m+[0m[48;2;161;140;155m[38;2;161;140;155m+[0m[48;2;161;140;155m[38;2;161;140;155m+[0m[48;2;161;140;155m[38;2;161;140;155m+[0m[48;2;161;140;155m[38;2;161;140;155m+[0m[48;2;161;140;155m[38;2;161;140;155m+[0m[48;2;161;140;155m[38;2;161;140;155m+[0m[48;2;161;140;155m[38;2;161;140;155m+[0m[48;2;161;140;155m[38;2;161;140;155m+[0m[48;2;161;140;155m[38;2;161;140;155m+[0m[48;2;161;140;155m[38;2;161;140;155m+[0m[48;2;158;137;152m[38;2;158;137;152m*[0m[48;2;94;80;92m[38;2;94;80;92m@[0m[48;2;16;10;19m[38;2;16;10;19m█[0m[48;2;35;32;45m[38;2;35;32;45m▓[0m[48;2;13;12;17m[38;2;13;12;17m█[0m[48;2;195;194;197m[38;2;195;194;197m-[0m[48;2;106;104;106m[38;2;106;104;106m%[0m[48;2;15;12;15m[38;2;15;12;15m█[0m[48;2;77;75;78m[38;2;77;75;78m@[0m[48;2;84;82;84m[38;2;84;82;84m@[0m[48;2;105;104;106m[38;2;105;104;106m%[0m[48;2;133;132;133m[38;2;133;132;133m*[0m[48;2;180;180;180m[38;2;180;180;180m=[0m[48;2;233;233;233m[38;2;233;233;233m.[0m                              
                                        [48;2;113;113;113m[38;2;113;113;113m#[0m[48;2;27;21;26m[38;2;27;21;26m▓[0m[48;2;150;134;145m[38;2;150;134;145m*[0m[48;2;161;140;155m[38;2;161;140;155m+[0m[48;2;161;140;155m[38;2;161;140;155m+[0m[48;2;161;140;155m[38;2;161;140;155m+[0m[48;2;161;140;155m[38;2;161;140;155m+[0m[48;2;161;140;155m[38;2;161;140;155m+[0m[48;2;120;101;114m[38;2;120;101;114m%[0m[48;2;19;15;21m[38;2;19;15;21m█[0m[48;2;26;22;32m[38;2;26;22;32m▓[0m[48;2;2;0;5m[38;2;2;0;5m█[0m[48;2;13;11;17m[38;2;13;11;17m█[0m[48;2;13;10;18m[38;2;13;10;18m█[0m[48;2;53;44;55m[38;2;53;44;55m▒[0m[48;2;147;130;143m[38;2;147;130;143m*[0m[48;2;161;140;155m[38;2;161;140;155m+[0m[48;2;161;140;155m[38;2;161;140;155m+[0m[48;2;161;140;155m[38;2;161;140;155m+[0m[48;2;161;140;155m[38;2;161;140;155m+[0m[48;2;161;140;155m[38;2;161;140;155m+[0m[48;2;161;140;155m[38;2;161;140;155m+[0m[48;2;161;140;155m[38;2;161;140;155m+[0m[48;2;161;140;155m[38;2;161;140;155m+[0m[48;2;161;140;155m[38;2;161;140;155m+[0m[48;2;161;140;155m[38;2;161;140;155m+[0m[48;2;161;140;155m[38;2;161;140;155m+[0m[48;2;159;140;154m[38;2;159;140;154m+[0m[48;2;75;63;75m[38;2;75;63;75m░[0m[48;2;21;16;26m[38;2;21;16;26m▓[0m[48;2;11;10;15m[38;2;11;10;15m█[0m[48;2;209;208;209m[38;2;209;208;209m:[0m[48;2;132;130;131m[38;2;132;130;131m*[0m[48;2;30;28;31m[38;2;30;28;31m▓[0m[48;2;154;151;155m[38;2;154;151;155m+[0m[48;2;130;127;131m[38;2;130;127;131m*[0m[48;2;83;80;84m[38;2;83;80;84m@[0m[48;2;51;48;52m[38;2;51;48;52m▒[0m[48;2;65;63;66m[38;2;65;63;66m░[0m[48;2;68;65;68m[38;2;68;65;68m░[0m[48;2;82;79;82m[38;2;82;79;82m@[0m[48;2;197;196;197m[38;2;197;196;197m-[0m                            
                                         [48;2;170;169;169m[38;2;170;169;169m=[0m[48;2;55;47;53m[38;2;55;47;53m▒[0m[48;2;153;136;148m[38;2;153;136;148m*[0m[48;2;161;140;155m[38;2;161;140;155m+[0m[48;2;161;140;155m[38;2;161;140;155m+[0m[48;2;161;140;155m[38;2;161;140;155m+[0m[48;2;161;140;155m[38;2;161;140;155m+[0m[48;2;150;130;144m[38;2;150;130;144m*[0m[48;2;45;34;44m[38;2;45;34;44m▒[0m[48;2;22;16;25m[38;2;22;16;25m▓[0m[48;2;15;11;17m[38;2;15;11;17m█[0m[48;2;8;6;11m[38;2;8;6;11m█[0m[48;2;24;20;29m[38;2;24;20;29m▓[0m[48;2;12;6;16m[38;2;12;6;16m█[0m[48;2;60;50;61m[38;2;60;50;61m▒[0m[48;2;158;141;154m[38;2;158;141;154m+[0m[48;2;161;140;155m[38;2;161;140;155m+[0m[48;2;161;140;155m[38;2;161;140;155m+[0m[48;2;161;140;155m[38;2;161;140;155m+[0m[48;2;161;140;155m[38;2;161;140;155m+[0m[48;2;161;140;155m[38;2;161;140;155m+[0m[48;2;161;140;155m[38;2;161;140;155m+[0m[48;2;161;140;155m[38;2;161;140;155m+[0m[48;2;161;140;155m[38;2;161;140;155m+[0m[48;2;161;140;155m[38;2;161;140;155m+[0m[48;2;161;140;155m[38;2;161;140;155m+[0m[48;2;160;140;155m[38;2;160;140;155m+[0m[48;2;158;138;153m[38;2;158;138;153m*[0m[48;2;96;82;94m[38;2;96;82;94m@[0m[48;2;31;24;33m[38;2;31;24;33m▓[0m[48;2;50;47;50m[38;2;50;47;50m▒[0m[48;2;49;46;49m[38;2;49;46;49m▒[0m[48;2;173;169;173m[38;2;173;169;173m=[0m[48;2;195;192;196m[38;2;195;192;196m-[0m[48;2;177;174;178m[38;2;177;174;178m=[0m[48;2;171;168;172m[38;2;171;168;172m=[0m[48;2;93;90;94m[38;2;93;90;94m@[0m[48;2;69;65;70m[38;2;69;65;70m░[0m[48;2;156;141;152m[38;2;156;141;152m+[0m[48;2;143;128;138m[38;2;143;128;138m*[0m[48;2;39;30;36m[38;2;39;30;36m▓[0m[48;2;227;226;228m[38;2;227;226;228m.[0m                           
                                          [48;2;111;109;111m[38;2;111;109;111m#[0m[48;2;31;24;30m[38;2;31;24;30m▓[0m[48;2;114;101;110m[38;2;114;101;110m%[0m[48;2;158;140;153m[38;2;158;140;153m+[0m[48;2;161;140;155m[38;2;161;140;155m+[0m[48;2;161;140;155m[38;2;161;140;155m+[0m[48;2;161;140;155m[38;2;161;140;155m+[0m[48;2;161;140;155m[38;2;161;140;155m+[0m[48;2;124;108;121m[38;2;124;108;121m#[0m[48;2;30;20;29m[38;2;30;20;29m▓[0m[48;2;28;21;29m[38;2;28;21;29m▓[0m[48;2;15;9;17m[38;2;15;9;17m█[0m[48;2;83;75;86m[38;2;83;75;86m@[0m[48;2;63;54;65m[38;2;63;54;65m░[0m[48;2;74;62;74m[38;2;74;62;74m░[0m[48;2;113;97;110m[38;2;113;97;110m%[0m[48;2;148;129;143m[38;2;148;129;143m*[0m[48;2;160;140;154m[38;2;160;140;154m+[0m[48;2;161;140;155m[38;2;161;140;155m+[0m[48;2;161;140;155m[38;2;161;140;155m+[0m[48;2;161;140;155m[38;2;161;140;155m+[0m[48;2;161;140;155m[38;2;161;140;155m+[0m[48;2;161;140;155m[38;2;161;140;155m+[0m[48;2;161;140;155m[38;2;161;140;155m+[0m[48;2;161;140;155m[38;2;161;140;155m+[0m[48;2;161;140;155m[38;2;161;140;155m+[0m[48;2;161;140;155m[38;2;161;140;155m+[0m[48;2;161;140;155m[38;2;161;140;155m+[0m[48;2;159;139;153m[38;2;159;139;153m+[0m[48;2;138;119;133m[38;2;138;119;133m#[0m[48;2;122;107;119m[38;2;122;107;119m#[0m[48;2;110;96;107m[38;2;110;96;107m%[0m[48;2;105;94;103m[38;2;105;94;103m%[0m[48;2;108;98;106m[38;2;108;98;106m%[0m[48;2;109;98;106m[38;2;109;98;106m%[0m[48;2;131;119;128m[38;2;131;119;128m#[0m[48;2;158;143;153m[38;2;158;143;153m+[0m[48;2;153;135;147m[38;2;153;135;147m*[0m[48;2;123;106;119m[38;2;123;106;119m#[0m[48;2;22;14;21m[38;2;22;14;21m█[0m[48;2;112;111;114m[38;2;112;111;114m#[0m                           
                                          [48;2;228;228;228m[38;2;228;228;228m.[0m[48;2;45;41;45m[38;2;45;41;45m▒[0m[48;2;82;76;81m[38;2;82;76;81m@[0m[48;2;56;47;55m[38;2;56;47;55m▒[0m[48;2;150;134;147m[38;2;150;134;147m*[0m[48;2;161;140;155m[38;2;161;140;155m+[0m[48;2;161;140;155m[38;2;161;140;155m+[0m[48;2;161;140;155m[38;2;161;140;155m+[0m[48;2;161;140;155m[38;2;161;140;155m+[0m[48;2;158;138;153m[38;2;158;138;153m*[0m[48;2;158;138;153m[38;2;158;138;153m*[0m[48;2;128;111;124m[38;2;128;111;124m#[0m[48;2;57;43;54m[38;2;57;43;54m▒[0m[48;2;89;77;89m[38;2;89;77;89m@[0m[48;2;87;76;87m[38;2;87;76;87m@[0m[48;2;18;11;20m[38;2;18;11;20m█[0m[48;2;9;2;10m[38;2;9;2;10m█[0m[48;2;49;38;48m[38;2;49;38;48m▒[0m[48;2;159;140;154m[38;2;159;140;154m+[0m[48;2;157;137;152m[38;2;157;137;152m*[0m[48;2;146;125;140m[38;2;146;125;140m*[0m[48;2;161;140;155m[38;2;161;140;155m+[0m[48;2;161;140;155m[38;2;161;140;155m+[0m[48;2;161;140;155m[38;2;161;140;155m+[0m[48;2;161;140;155m[38;2;161;140;155m+[0m[48;2;161;140;155m[38;2;161;140;155m+[0m[48;2;161;140;155m[38;2;161;140;155m+[0m[48;2;161;140;155m[38;2;161;140;155m+[0m[48;2;161;140;155m[38;2;161;140;155m+[0m[48;2;161;140;155m[38;2;161;140;155m+[0m[48;2;159;141;155m[38;2;159;141;155m+[0m[48;2;103;87;100m[38;2;103;87;100m%[0m[48;2;71;58;68m[38;2;71;58;68m░[0m[48;2;72;58;69m[38;2;72;58;69m░[0m[48;2;72;58;69m[38;2;72;58;69m░[0m[48;2;72;58;69m[38;2;72;58;69m░[0m[48;2;71;58;69m[38;2;71;58;69m░[0m[48;2;76;64;75m[38;2;76;64;75m░[0m[48;2;98;85;96m[38;2;98;85;96m@[0m[48;2;131;119;131m[38;2;131;119;131m#[0m[48;2;42;34;43m[38;2;42;34;43m▒[0m[48;2;197;196;198m[38;2;197;196;198m-[0m                          
                                           [48;2;214;214;214m[38;2;214;214;214m:[0m[48;2;93;91;93m[38;2;93;91;93m%[0m[48;2;60;57;60m[38;2;60;57;60m░[0m[48;2;62;56;63m[38;2;62;56;63m░[0m[48;2;107;95;106m[38;2;107;95;106m%[0m[48;2;158;140;154m[38;2;158;140;154m+[0m[48;2;161;140;155m[38;2;161;140;155m+[0m[48;2;161;140;155m[38;2;161;140;155m+[0m[48;2;161;140;155m[38;2;161;140;155m+[0m[48;2;161;140;155m[38;2;161;140;155m+[0m[48;2;161;140;155m[38;2;161;140;155m+[0m[48;2;160;140;155m[38;2;160;140;155m+[0m[48;2;128;111;125m[38;2;128;111;125m#[0m[48;2;93;78;90m[38;2;93;78;90m@[0m[48;2;80;67;78m[38;2;80;67;78m░[0m[48;2;119;105;116m[38;2;119;105;116m#[0m[48;2;151;134;146m[38;2;151;134;146m*[0m[48;2;161;140;155m[38;2;161;140;155m+[0m[48;2;151;131;146m[38;2;151;131;146m*[0m[48;2;70;55;67m[38;2;70;55;67m░[0m[48;2;68;53;65m[38;2;68;53;65m░[0m[48;2;100;84;96m[38;2;100;84;96m@[0m[48;2;113;100;112m[38;2;113;100;112m%[0m[48;2;79;67;78m[38;2;79;67;78m░[0m[48;2;44;34;43m[38;2;44;34;43m▒[0m[48;2;66;56;65m[38;2;66;56;65m░[0m[48;2;80;70;79m[38;2;80;70;79m@[0m[48;2;88;78;87m[38;2;88;78;87m@[0m[48;2;96;83;94m[38;2;96;83;94m@[0m[48;2;102;89;100m[38;2;102;89;100m%[0m[48;2;103;89;100m[38;2;103;89;100m%[0m[48;2;107;92;104m[38;2;107;92;104m%[0m[48;2;110;95;107m[38;2;110;95;107m%[0m[48;2;110;95;107m[38;2;110;95;107m%[0m[48;2;105;90;102m[38;2;105;90;102m%[0m[48;2;99;86;97m[38;2;99;86;97m@[0m[48;2;91;80;89m[38;2;91;80;89m@[0m[48;2;80;71;79m[38;2;80;71;79m@[0m[48;2;48;42;49m[38;2;48;42;49m▒[0m[48;2;107;102;109m[38;2;107;102;109m%[0m                           
                                              [48;2;83;80;84m[38;2;83;80;84m@[0m[48;2;9;4;11m[38;2;9;4;11m█[0m[48;2;35;27;36m[38;2;35;27;36m▓[0m[48;2;96;83;94m[38;2;96;83;94m@[0m[48;2;152;134;147m[38;2;152;134;147m*[0m[48;2;160;141;154m[38;2;160;141;154m+[0m[48;2;161;140;155m[38;2;161;140;155m+[0m[48;2;161;140;155m[38;2;161;140;155m+[0m[48;2;161;140;155m[38;2;161;140;155m+[0m[48;2;161;140;155m[38;2;161;140;155m+[0m[48;2;160;140;155m[38;2;160;140;155m+[0m[48;2;119;101;114m[38;2;119;101;114m%[0m[48;2;98;81;94m[38;2;98;81;94m@[0m[48;2;151;133;147m[38;2;151;133;147m*[0m[48;2;160;140;154m[38;2;160;140;154m+[0m[48;2;160;140;155m[38;2;160;140;155m+[0m[48;2;161;141;155m[38;2;161;141;155m+[0m[48;2;155;136;150m[38;2;155;136;150m*[0m[48;2;132;114;128m[38;2;132;114;128m#[0m[48;2;113;98;111m[38;2;113;98;111m%[0m[48;2;101;88;99m[38;2;101;88;99m%[0m[48;2;98;86;95m[38;2;98;86;95m@[0m[48;2;98;85;95m[38;2;98;85;95m@[0m[48;2;99;86;96m[38;2;99;86;96m@[0m[48;2;102;89;99m[38;2;102;89;99m%[0m[48;2;110;97;107m[38;2;110;97;107m%[0m[48;2;117;104;113m[38;2;117;104;113m%[0m[48;2;119;105;115m[38;2;119;105;115m#[0m[48;2;117;104;115m[38;2;117;104;115m%[0m[48;2;115;102;113m[38;2;115;102;113m%[0m[48;2;102;90;101m[38;2;102;90;101m%[0m[48;2;49;39;49m[38;2;49;39;49m▒[0m[48;2;61;55;64m[38;2;61;55;64m░[0m[48;2;199;195;200m[38;2;199;195;200m-[0m[48;2;231;229;232m[38;2;231;229;232m.[0m                             
                                             [48;2;117;116;119m[38;2;117;116;119m#[0m[48;2;17;14;23m[38;2;17;14;23m█[0m[48;2;15;10;22m[38;2;15;10;22m█[0m[48;2;12;6;17m[38;2;12;6;17m█[0m[48;2;34;22;63m[38;2;34;22;63m▓[0m[48;2;52;40;77m[38;2;52;40;77m▒[0m[48;2;62;52;67m[38;2;62;52;67m░[0m[48;2;88;76;88m[38;2;88;76;88m@[0m[48;2;121;106;117m[38;2;121;106;117m#[0m[48;2;148;131;144m[38;2;148;131;144m*[0m[48;2;159;141;155m[38;2;159;141;155m+[0m[48;2;159;141;155m[38;2;159;141;155m+[0m[48;2;159;140;154m[38;2;159;140;154m+[0m[48;2;117;100;113m[38;2;117;100;113m%[0m[48;2;66;53;65m[38;2;66;53;65m░[0m[48;2;51;39;48m[38;2;51;39;48m▒[0m[48;2;63;52;60m[38;2;63;52;60m░[0m[48;2;86;73;83m[38;2;86;73;83m@[0m[48;2;104;91;102m[38;2;104;91;102m%[0m[48;2;123;108;120m[38;2;123;108;120m#[0m[48;2;137;122;134m[38;2;137;122;134m#[0m[48;2;144;131;143m[38;2;144;131;143m*[0m[48;2;149;136;147m[38;2;149;136;147m*[0m[48;2;151;137;149m[38;2;151;137;149m*[0m[48;2;150;136;147m[38;2;150;136;147m*[0m[48;2;149;135;145m[38;2;149;135;145m*[0m[48;2;136;121;132m[38;2;136;121;132m#[0m[48;2;123;109;119m[38;2;123;109;119m#[0m[48;2;101;87;97m[38;2;101;87;97m%[0m[48;2;77;65;74m[38;2;77;65;74m░[0m[48;2;73;64;71m[38;2;73;64;71m░[0m[48;2;113;107;112m[38;2;113;107;112m%[0m[48;2;189;184;189m[38;2;189;184;189m-[0m                                
                                            [48;2;176;176;177m[38;2;176;176;177m=[0m[48;2;13;11;17m[38;2;13;11;17m█[0m[48;2;37;32;48m[38;2;37;32;48m▓[0m[48;2;36;31;50m[38;2;36;31;50m▓[0m[48;2;17;14;24m[38;2;17;14;24m█[0m[48;2;43;32;90m[38;2;43;32;90m▒[0m[48;2;94;81;148m[38;2;94;81;148m%[0m[48;2;101;92;134m[38;2;101;92;134m%[0m[48;2;39;22;115m[38;2;39;22;115m▒[0m[48;2;9;4;18m[38;2;9;4;18m█[0m[48;2;40;29;84m[38;2;40;29;84m▒[0m[48;2;41;31;71m[38;2;41;31;71m▒[0m[48;2;55;45;81m[38;2;55;45;81m▒[0m[48;2;64;55;73m[38;2;64;55;73m░[0m[48;2;81;71;89m[38;2;81;71;89m@[0m[48;2;95;85;97m[38;2;95;85;97m@[0m[48;2;100;89;101m[38;2;100;89;101m%[0m[48;2;75;66;74m[38;2;75;66;74m░[0m[48;2;49;42;49m[38;2;49;42;49m▒[0m[48;2;27;22;27m[38;2;27;22;27m▓[0m[48;2;7;2;7m[38;2;7;2;7m█[0m[48;2;5;0;5m[38;2;5;0;5m█[0m[48;2;4;0;4m[38;2;4;0;4m█[0m[48;2;5;1;6m[38;2;5;1;6m█[0m[48;2;6;2;6m[38;2;6;2;6m█[0m[48;2;6;2;7m[38;2;6;2;7m█[0m[48;2;8;3;10m[38;2;8;3;10m█[0m[48;2;8;2;10m[38;2;8;2;10m█[0m[48;2;8;3;11m[38;2;8;3;11m█[0m[48;2;23;17;26m[38;2;23;17;26m▓[0m[48;2;105;100;107m[38;2;105;100;107m%[0m[48;2;180;176;181m[38;2;180;176;181m=[0m[48;2;240;237;241m[38;2;240;237;241m [0m                                 
                                           [48;2;238;238;239m[38;2;238;238;239m [0m[48;2;33;32;36m[38;2;33;32;36m▓[0m[48;2;32;30;41m[38;2;32;30;41m▓[0m[48;2;38;32;51m[38;2;38;32;51m▓[0m[48;2;37;31;51m[38;2;37;31;51m▓[0m[48;2;21;17;29m[38;2;21;17;29m▓[0m[48;2;38;28;84m[38;2;38;28;84m▒[0m[48;2;91;79;147m[38;2;91;79;147m@[0m[48;2;103;95;141m[38;2;103;95;141m%[0m[48;2;59;41;148m[38;2;59;41;148m░[0m[48;2;5;2;19m[38;2;5;2;19m█[0m[48;2;30;21;67m[38;2;30;21;67m▓[0m[48;2;79;65;152m[38;2;79;65;152m@[0m[48;2;71;55;159m[38;2;71;55;159m░[0m[48;2;82;69;156m[38;2;82;69;156m@[0m[48;2;57;40;157m[38;2;57;40;157m░[0m[48;2;67;53;141m[38;2;67;53;141m░[0m[48;2;49;38;103m[38;2;49;38;103m▒[0m[48;2;12;5;41m[38;2;12;5;41m█[0m[48;2;8;4;10m[38;2;8;4;10m█[0m[48;2;21;18;27m[38;2;21;18;27m▓[0m[48;2;24;20;33m[38;2;24;20;33m▓[0m[48;2;24;19;33m[38;2;24;19;33m▓[0m[48;2;23;19;34m[38;2;23;19;34m▓[0m[48;2;24;19;34m[38;2;24;19;34m▓[0m[48;2;25;21;35m[38;2;25;21;35m▓[0m[48;2;25;21;35m[38;2;25;21;35m▓[0m[48;2;28;23;39m[38;2;28;23;39m▓[0m[48;2;33;28;46m[38;2;33;28;46m▓[0m[48;2;36;30;50m[38;2;36;30;50m▓[0m[48;2;37;31;51m[38;2;37;31;51m▓[0m[48;2;34;29;47m[38;2;34;29;47m▓[0m[48;2;24;19;35m[38;2;24;19;35m▓[0m[48;2;26;21;34m[38;2;26;21;34m▓[0m[48;2;87;84;91m[38;2;87;84;91m@[0m[48;2;176;175;177m[38;2;176;175;177m=[0m                               
                                           [48;2;142;142;143m[38;2;142;142;143m*[0m[48;2;18;17;23m[38;2;18;17;23m█[0m[48;2;37;32;49m[38;2;37;32;49m▓[0m[48;2;37;31;52m[38;2;37;31;52m▓[0m[48;2;37;31;51m[38;2;37;31;51m▓[0m[48;2;29;24;41m[38;2;29;24;41m▓[0m[48;2;18;12;43m[38;2;18;12;43m█[0m[48;2;85;73;142m[38;2;85;73;142m@[0m[48;2;94;81;155m[38;2;94;81;155m%[0m[48;2;82;68;154m[38;2;82;68;154m@[0m[48;2;18;10;62m[38;2;18;10;62m▓[0m[48;2;124;122;127m[38;2;124;122;127m#[0m[48;2;29;23;55m[38;2;29;23;55m▓[0m[48;2;67;53;141m[38;2;67;53;141m░[0m[48;2;80;66;158m[38;2;80;66;158m@[0m[48;2;81;66;167m[38;2;81;66;167m@[0m[48;2;75;60;154m[38;2;75;60;154m@[0m[48;2;46;35;100m[38;2;46;35;100m▒[0m[48;2;16;13;24m[38;2;16;13;24m█[0m[48;2;50;47;54m[38;2;50;47;54m▒[0m[48;2;48;43;56m[38;2;48;43;56m▒[0m[48;2;38;33;51m[38;2;38;33;51m▓[0m[48;2;37;31;51m[38;2;37;31;51m▓[0m[48;2;37;31;52m[38;2;37;31;52m▓[0m[48;2;37;31;52m[38;2;37;31;52m▓[0m[48;2;37;31;52m[38;2;37;31;52m▓[0m[48;2;37;31;52m[38;2;37;31;52m▓[0m[48;2;37;31;52m[38;2;37;31;52m▓[0m[48;2;37;31;52m[38;2;37;31;52m▓[0m[48;2;37;31;52m[38;2;37;31;52m▓[0m[48;2;37;31;52m[38;2;37;31;52m▓[0m[48;2;37;31;52m[38;2;37;31;52m▓[0m[48;2;37;31;52m[38;2;37;31;52m▓[0m[48;2;37;31;52m[38;2;37;31;52m▓[0m[48;2;35;30;47m[38;2;35;30;47m▓[0m[48;2;24;20;34m[38;2;24;20;34m▓[0m[48;2;47;44;52m[38;2;47;44;52m▒[0m[48;2;152;151;155m[38;2;152;151;155m+[0m                             
                                           [48;2;42;41;43m[38;2;42;41;43m▒[0m[48;2;31;28;39m[38;2;31;28;39m▓[0m[48;2;37;32;50m[38;2;37;32;50m▓[0m[48;2;37;31;52m[38;2;37;31;52m▓[0m[48;2;37;31;52m[38;2;37;31;52m▓[0m[48;2;36;30;51m[38;2;36;30;51m▓[0m[48;2;23;19;35m[38;2;23;19;35m▓[0m[48;2;20;16;31m[38;2;20;16;31m▓[0m[48;2;24;20;36m[38;2;24;20;36m▓[0m[48;2;38;33;52m[38;2;38;33;52m▒[0m[48;2;14;8;34m[38;2;14;8;34m█[0m[48;2;92;89;95m[38;2;92;89;95m@[0m[48;2;202;199;205m[38;2;202;199;205m-[0m[48;2;70;67;77m[38;2;70;67;77m░[0m[48;2;38;28;83m[38;2;38;28;83m▒[0m[48;2;62;51;108m[38;2;62;51;108m░[0m[48;2;48;43;62m[38;2;48;43;62m▒[0m[48;2;165;162;169m[38;2;165;162;169m+[0m[48;2;135;132;138m[38;2;135;132;138m*[0m[48;2;39;35;43m[38;2;39;35;43m▒[0m[48;2;44;39;52m[38;2;44;39;52m▒[0m[48;2;63;58;72m[38;2;63;58;72m░[0m[48;2;60;55;70m[38;2;60;55;70m░[0m[48;2;39;33;52m[38;2;39;33;52m▒[0m[48;2;37;31;52m[38;2;37;31;52m▓[0m[48;2;37;31;52m[38;2;37;31;52m▓[0m[48;2;37;31;52m[38;2;37;31;52m▓[0m[48;2;37;31;52m[38;2;37;31;52m▓[0m[48;2;37;31;52m[38;2;37;31;52m▓[0m[48;2;37;31;52m[38;2;37;31;52m▓[0m[48;2;37;31;52m[38;2;37;31;52m▓[0m[48;2;37;31;52m[38;2;37;31;52m▓[0m[48;2;37;31;52m[38;2;37;31;52m▓[0m[48;2;37;31;52m[38;2;37;31;52m▓[0m[48;2;37;31;52m[38;2;37;31;52m▓[0m[48;2;37;31;52m[38;2;37;31;52m▓[0m[48;2;37;31;51m[38;2;37;31;51m▓[0m[48;2;26;21;39m[38;2;26;21;39m▓[0m[48;2;50;47;57m[38;2;50;47;57m▒[0m[48;2;200;199;202m[38;2;200;199;202m-[0m                           
                                          [48;2;224;224;224m[38;2;224;224;224m.[0m[48;2;10;10;11m[38;2;10;10;11m█[0m[48;2;36;33;46m[38;2;36;33;46m▓[0m[48;2;37;31;52m[38;2;37;31;52m▓[0m[48;2;37;31;52m[38;2;37;31;52m▓[0m[48;2;37;31;52m[38;2;37;31;52m▓[0m[48;2;37;31;52m[38;2;37;31;52m▓[0m[48;2;37;31;52m[38;2;37;31;52m▓[0m[48;2;37;31;51m[38;2;37;31;51m▓[0m[48;2;37;32;50m[38;2;37;32;50m▓[0m[48;2;77;73;84m[38;2;77;73;84m@[0m[48;2;16;12;20m[38;2;16;12;20m█[0m[48;2;5;2;9m[38;2;5;2;9m█[0m[48;2;94;91;97m[38;2;94;91;97m%[0m[48;2;214;211;215m[38;2;214;211;215m:[0m[48;2;191;188;192m[38;2;191;188;192m-[0m[48;2;63;60;66m[38;2;63;60;66m░[0m[48;2;51;48;54m[38;2;51;48;54m▒[0m[48;2;164;161;167m[38;2;164;161;167m+[0m[48;2;239;236;242m[38;2;239;236;242m.[0m[48;2;240;237;243m[38;2;240;237;243m [0m[48;2;79;76;82m[38;2;79;76;82m@[0m[48;2;42;38;45m[38;2;42;38;45m▒[0m[48;2;27;23;31m[38;2;27;23;31m▓[0m[48;2;56;51;64m[38;2;56;51;64m▒[0m[48;2;65;61;75m[38;2;65;61;75m░[0m[48;2;54;49;64m[38;2;54;49;64m▒[0m[48;2;38;33;51m[38;2;38;33;51m▓[0m[48;2;37;31;52m[38;2;37;31;52m▓[0m[48;2;37;31;52m[38;2;37;31;52m▓[0m[48;2;37;31;52m[38;2;37;31;52m▓[0m[48;2;37;31;52m[38;2;37;31;52m▓[0m[48;2;37;31;52m[38;2;37;31;52m▓[0m[48;2;37;31;52m[38;2;37;31;52m▓[0m[48;2;37;31;52m[38;2;37;31;52m▓[0m[48;2;37;31;52m[38;2;37;31;52m▓[0m[48;2;37;31;52m[38;2;37;31;52m▓[0m[48;2;37;31;52m[38;2;37;31;52m▓[0m[48;2;37;31;51m[38;2;37;31;51m▓[0m[48;2;34;30;47m[38;2;34;30;47m▓[0m[48;2;19;16;24m[38;2;19;16;24m█[0m[48;2;167;166;167m[38;2;167;166;167m=[0m                          