                                                                                                    
                                                                                                    
                                                                                                    
                                                                                                    
                                                                                                    
                                                                                                    
                                                                                                    
                                                                                                    
                                                                                                    
                                                                                                    
                                                                                                    
                                             [48;2;231;231;232m[38;2;231;231;232m.[0m[48;2;217;217;218m[38;2;217;217;218m:[0m[48;2;214;214;214m[38;2;214;214;214m:[0m[48;2;221;221;222m[38;2;221;221;222m.[0m[48;2;237;237;237m[38;2;237;237;237m.[0m                                                  
                                          [48;2;162;162;163m[38;2;162;162;163m+[0m[48;2;82;81;84m[38;2;82;81;84m@[0m[48;2;31;30;37m[38;2;31;30;37m▓[0m[48;2;25;23;34m[38;2;25;23;34m▓[0m[48;2;29;27;38m[38;2;29;27;38m▓[0m[48;2;30;28;39m[38;2;30;28;39m▓[0m[48;2;29;28;39m[38;2;29;28;39m▓[0m[48;2;24;22;34m[38;2;24;22;34m▓[0m[48;2;29;28;39m[38;2;29;28;39m▓[0m[48;2;53;52;60m[38;2;53;52;60m▒[0m[48;2;80;79;85m[38;2;80;79;85m@[0m[48;2;121;120;124m[38;2;121;120;124m#[0m[48;2;174;174;176m[38;2;174;174;176m=[0m[48;2;237;236;237m[38;2;237;236;237m.[0m                                            
                                         [48;2;125;124;127m[38;2;125;124;127m#[0m[48;2;16;14;23m[38;2;16;14;23m█[0m[48;2;38;37;50m[38;2;38;37;50m▒[0m[48;2;43;42;59m[38;2;43;42;59m▒[0m[48;2;42;43;59m[38;2;42;43;59m▒[0m[48;2;42;43;59m[38;2;42;43;59m▒[0m[48;2;42;43;59m[38;2;42;43;59m▒[0m[48;2;42;43;59m[38;2;42;43;59m▒[0m[48;2;42;43;59m[38;2;42;43;59m▒[0m[48;2;41;43;59m[38;2;41;43;59m▒[0m[48;2;41;43;59m[38;2;41;43;59m▒[0m[48;2;42;43;59m[38;2;42;43;59m▒[0m[48;2;40;40;56m[38;2;40;40;56m▒[0m[48;2;31;31;47m[38;2;31;31;47m▓[0m[48;2;26;25;37m[38;2;26;25;37m▓[0m[48;2;85;83;90m[38;2;85;83;90m@[0m[48;2;194;193;196m[38;2;194;193;196m-[0m                                          
                                        [48;2;172;172;173m[38;2;172;172;173m=[0m[48;2;28;26;34m[38;2;28;26;34m▓[0m[48;2;44;43;58m[38;2;44;43;58m▒[0m[48;2;41;43;59m[38;2;41;43;59m▒[0m[48;2;41;43;59m[38;2;41;43;59m▒[0m[48;2;40;44;59m[38;2;40;44;59m▒[0m[48;2;40;44;59m[38;2;40;44;59m▒[0m[48;2;41;43;59m[38;2;41;43;59m▒[0m[48;2;40;44;59m[38;2;40;44;59m▒[0m[48;2;40;44;59m[38;2;40;44;59m▒[0m[48;2;40;44;59m[38;2;40;44;59m▒[0m[48;2;40;44;59m[38;2;40;44;59m▒[0m[48;2;40;44;59m[38;2;40;44;59m▒[0m[48;2;40;44;59m[38;2;40;44;59m▒[0m[48;2;40;44;59m[38;2;40;44;59m▒[0m[48;2;41;43;59m[38;2;41;43;59m▒[0m[48;2;40;40;55m[38;2;40;40;55m▒[0m[48;2;24;23;35m[38;2;24;23;35m▓[0m[48;2;98;96;102m[38;2;98;96;102m%[0m[48;2;239;239;240m[38;2;239;239;240m [0m                                        
                                       [48;2;116;115;118m[38;2;116;115;118m#[0m[48;2;14;12;17m[38;2;14;12;17m█[0m[48;2;66;64;74m[38;2;66;64;74m░[0m[48;2;43;43;59m[38;2;43;43;59m▒[0m[48;2;41;43;59m[38;2;41;43;59m▒[0m[48;2;41;43;59m[38;2;41;43;59m▒[0m[48;2;41;43;59m[38;2;41;43;59m▒[0m[48;2;40;44;59m[38;2;40;44;59m▒[0m[48;2;40;44;59m[38;2;40;44;59m▒[0m[48;2;40;44;59m[38;2;40;44;59m▒[0m[48;2;40;44;59m[38;2;40;44;59m▒[0m[48;2;40;44;59m[38;2;40;44;59m▒[0m[48;2;40;44;59m[38;2;40;44;59m▒[0m[48;2;40;44;59m[38;2;40;44;59m▒[0m[48;2;40;44;59m[38;2;40;44;59m▒[0m[48;2;40;44;59m[38;2;40;44;59m▒[0m[48;2;40;44;59m[38;2;40;44;59m▒[0m[48;2;40;44;59m[38;2;40;44;59m▒[0m[48;2;41;43;59m[38;2;41;43;59m▒[0m[48;2;35;33;47m[38;2;35;33;47m▓[0m[48;2;59;57;63m[38;2;59;57;63m░[0m[48;2;229;228;229m[38;2;229;228;229m.[0m                                       
                                     [48;2;230;230;230m[38;2;230;230;230m.[0m[48;2;74;71;74m[38;2;74;71;74m░[0m[48;2;106;96;105m[38;2;106;96;105m%[0m[48;2;23;15;22m[38;2;23;15;22m█[0m[48;2;73;71;82m[38;2;73;71;82m░[0m[48;2;42;43;59m[38;2;42;43;59m▒[0m[48;2;40;44;59m[38;2;40;44;59m▒[0m[48;2;41;43;59m[38;2;41;43;59m▒[0m[48;2;41;43;59m[38;2;41;43;59m▒[0m[48;2;40;44;59m[38;2;40;44;59m▒[0m[48;2;40;44;59m[38;2;40;44;59m▒[0m[48;2;40;44;59m[38;2;40;44;59m▒[0m[48;2;40;44;59m[38;2;40;44;59m▒[0m[48;2;40;44;59m[38;2;40;44;59m▒[0m[48;2;40;44;59m[38;2;40;44;59m▒[0m[48;2;40;44;59m[38;2;40;44;59m▒[0m[48;2;40;44;59m[38;2;40;44;59m▒[0m[48;2;40;44;59m[38;2;40;44;59m▒[0m[48;2;40;44;59m[38;2;40;44;59m▒[0m[48;2;40;44;59m[38;2;40;44;59m▒[0m[48;2;40;44;59m[38;2;40;44;59m▒[0m[48;2;41;43;58m[38;2;41;43;58m▒[0m[48;2;35;34;47m[38;2;35;34;47m▓[0m[48;2;53;51;57m[38;2;53;51;57m▒[0m[48;2;237;236;238m[38;2;237;236;238m.[0m                                      
                                    [48;2;239;239;239m[38;2;239;239;239m [0m[48;2;59;56;59m[38;2;59;56;59m░[0m[48;2;67;59;66m[38;2;67;59;66m░[0m[48;2;101;89;99m[38;2;101;89;99m%[0m[48;2;18;10;18m[38;2;18;10;18m█[0m[48;2;77;73;84m[38;2;77;73;84m@[0m[48;2;42;44;59m[38;2;42;44;59m▒[0m[48;2;40;44;59m[38;2;40;44;59m▒[0m[48;2;40;44;59m[38;2;40;44;59m▒[0m[48;2;40;44;59m[38;2;40;44;59m▒[0m[48;2;40;44;59m[38;2;40;44;59m▒[0m[48;2;40;44;59m[38;2;40;44;59m▒[0m[48;2;40;44;59m[38;2;40;44;59m▒[0m[48;2;40;44;59m[38;2;40;44;59m▒[0m[48;2;40;44;59m[38;2;40;44;59m▒[0m[48;2;40;44;59m[38;2;40;44;59m▒[0m[48;2;40;44;59m[38;2;40;44;59m▒[0m[48;2;40;44;59m[38;2;40;44;59m▒[0m[48;2;40;44;59m[38;2;40;44;59m▒[0m[48;2;40;44;59m[38;2;40;44;59m▒[0m[48;2;40;44;59m[38;2;40;44;59m▒[0m[48;2;40;44;59m[38;2;40;44;59m▒[0m[48;2;40;44;59m[38;2;40;44;59m▒[0m[48;2;41;43;59m[38;2;41;43;59m▒[0m[48;2;33;31;43m[38;2;33;31;43m▓[0m[48;2;104;103;105m[38;2;104;103;105m%[0m                                      
                                    [48;2;129;128;129m[38;2;129;128;129m*[0m[48;2;53;45;51m[38;2;53;45;51m▒[0m[48;2;18;9;19m[38;2;18;9;19m█[0m[48;2;60;43;91m[38;2;60;43;91m▒[0m[48;2;55;37;83m[38;2;55;37;83m▒[0m[48;2;38;26;52m[38;2;38;26;52m▓[0m[48;2;45;43;59m[38;2;45;43;59m▒[0m[48;2;42;43;59m[38;2;42;43;59m▒[0m[48;2;41;43;59m[38;2;41;43;59m▒[0m[48;2;40;44;59m[38;2;40;44;59m▒[0m[48;2;40;44;59m[38;2;40;44;59m▒[0m[48;2;40;44;59m[38;2;40;44;59m▒[0m[48;2;40;44;59m[38;2;40;44;59m▒[0m[48;2;40;44;59m[38;2;40;44;59m▒[0m[48;2;40;44;59m[38;2;40;44;59m▒[0m[48;2;40;44;59m[38;2;40;44;59m▒[0m[48;2;40;44;59m[38;2;40;44;59m▒[0m[48;2;40;44;59m[38;2;40;44;59m▒[0m[48;2;40;44;59m[38;2;40;44;59m▒[0m[48;2;40;44;59m[38;2;40;44;59m▒[0m[48;2;40;44;59m[38;2;40;44;59m▒[0m[48;2;40;44;59m[38;2;40;44;59m▒[0m[48;2;40;44;59m[38;2;40;44;59m▒[0m[48;2;41;43;59m[38;2;41;43;59m▒[0m[48;2;42;42;57m[38;2;42;42;57m▒[0m[48;2;27;26;31m[38;2;27;26;31m▓[0m                                      
                                    [48;2;50;46;49m[38;2;50;46;49m▒[0m[48;2;41;32;39m[38;2;41;32;39m▓[0m[48;2;40;30;51m[38;2;40;30;51m▓[0m[48;2;75;57;112m[38;2;75;57;112m░[0m[48;2;58;39;85m[38;2;58;39;85m▒[0m[48;2;20;11;26m[38;2;20;11;26m█[0m[48;2;64;60;74m[38;2;64;60;74m░[0m[48;2;47;46;62m[38;2;47;46;62m▒[0m[48;2;41;43;59m[38;2;41;43;59m▒[0m[48;2;40;44;59m[38;2;40;44;59m▒[0m[48;2;40;44;59m[38;2;40;44;59m▒[0m[48;2;40;44;59m[38;2;40;44;59m▒[0m[48;2;40;44;59m[38;2;40;44;59m▒[0m[48;2;40;44;59m[38;2;40;44;59m▒[0m[48;2;40;44;59m[38;2;40;44;59m▒[0m[48;2;40;44;59m[38;2;40;44;59m▒[0m[48;2;40;44;59m[38;2;40;44;59m▒[0m[48;2;40;44;59m[38;2;40;44;59m▒[0m[48;2;40;44;59m[38;2;40;44;59m▒[0m[48;2;40;44;59m[38;2;40;44;59m▒[0m[48;2;40;44;59m[38;2;40;44;59m▒[0m[48;2;40;44;59m[38;2;40;44;59m▒[0m[48;2;40;43;60m[38;2;40;43;60m▒[0m[48;2;41;43;59m[38;2;41;43;59m▒[0m[48;2;35;35;49m[38;2;35;35;49m▒[0m[48;2;73;71;77m[38;2;73;71;77m░[0m                                      
                                    [48;2;40;38;39m[38;2;40;38;39m▒[0m[48;2;27;20;25m[38;2;27;20;25m▓[0m[48;2;23;13;25m[38;2;23;13;25m█[0m[48;2;68;57;71m[38;2;68;57;71m░[0m[48;2;72;61;72m[38;2;72;61;72m░[0m[48;2;80;70;81m[38;2;80;70;81m@[0m[48;2;32;24;35m[38;2;32;24;35m▓[0m[48;2;73;66;80m[38;2;73;66;80m░[0m[48;2;52;49;64m[38;2;52;49;64m▒[0m[48;2;43;42;59m[38;2;43;42;59m▒[0m[48;2;41;43;59m[38;2;41;43;59m▒[0m[48;2;40;44;59m[38;2;40;44;59m▒[0m[48;2;40;44;59m[38;2;40;44;59m▒[0m[48;2;40;44;59m[38;2;40;44;59m▒[0m[48;2;40;44;59m[38;2;40;44;59m▒[0m[48;2;40;44;59m[38;2;40;44;59m▒[0m[48;2;40;44;59m[38;2;40;44;59m▒[0m[48;2;40;44;59m[38;2;40;44;59m▒[0m[48;2;40;44;59m[38;2;40;44;59m▒[0m[48;2;40;44;59m[38;2;40;44;59m▒[0m[48;2;40;44;59m[38;2;40;44;59m▒[0m[48;2;40;44;59m[38;2;40;44;59m▒[0m[48;2;41;43;59m[38;2;41;43;59m▒[0m[48;2;32;31;45m[38;2;32;31;45m▓[0m[48;2;16;14;25m[38;2;16;14;25m█[0m[48;2;118;117;120m[38;2;118;117;120m#[0m                                      
                                    [48;2;153;152;152m[38;2;153;152;152m+[0m[48;2;96;90;95m[38;2;96;90;95m%[0m[48;2;52;43;51m[38;2;52;43;51m▒[0m[48;2;150;136;146m[38;2;150;136;146m*[0m[48;2;95;82;92m[38;2;95;82;92m@[0m[48;2;65;54;64m[38;2;65;54;64m░[0m[48;2;129;116;127m[38;2;129;116;127m#[0m[48;2;53;42;53m[38;2;53;42;53m▒[0m[48;2;51;43;56m[38;2;51;43;56m▒[0m[48;2;68;62;78m[38;2;68;62;78m░[0m[48;2;48;46;61m[38;2;48;46;61m▒[0m[48;2;42;43;58m[38;2;42;43;58m▒[0m[48;2;40;44;59m[38;2;40;44;59m▒[0m[48;2;40;44;59m[38;2;40;44;59m▒[0m[48;2;40;44;59m[38;2;40;44;59m▒[0m[48;2;40;44;59m[38;2;40;44;59m▒[0m[48;2;40;44;59m[38;2;40;44;59m▒[0m[48;2;40;44;59m[38;2;40;44;59m▒[0m[48;2;40;44;59m[38;2;40;44;59m▒[0m[48;2;41;43;59m[38;2;41;43;59m▒[0m[48;2;41;42;58m[38;2;41;42;58m▒[0m[48;2;32;31;47m[38;2;32;31;47m▓[0m[48;2;27;24;37m[38;2;27;24;37m▓[0m[48;2;11;8;16m[38;2;11;8;16m█[0m[48;2;93;89;98m[38;2;93;89;98m@[0m[48;2;71;68;72m[38;2;71;68;72m░[0m                                      
                                    [48;2;191;191;191m[38;2;191;191;191m-[0m[48;2;104;99;102m[38;2;104;99;102m%[0m[48;2;169;161;166m[38;2;169;161;166m+[0m[48;2;71;59;68m[38;2;71;59;68m░[0m[48;2;154;137;150m[38;2;154;137;150m*[0m[48;2;57;45;56m[38;2;57;45;56m▒[0m[48;2;120;105;118m[38;2;120;105;118m#[0m[48;2;157;141;154m[38;2;157;141;154m+[0m[48;2;126;112;125m[38;2;126;112;125m#[0m[48;2;79;67;78m[38;2;79;67;78m░[0m[48;2;56;47;58m[38;2;56;47;58m▒[0m[48;2;37;31;42m[38;2;37;31;42m▓[0m[48;2;34;29;41m[38;2;34;29;41m▓[0m[48;2;36;34;47m[38;2;36;34;47m▓[0m[48;2;36;36;51m[38;2;36;36;51m▒[0m[48;2;36;37;51m[38;2;36;37;51m▒[0m[48;2;35;36;50m[38;2;35;36;50m▒[0m[48;2;33;32;46m[38;2;33;32;46m▓[0m[48;2;26;25;38m[38;2;26;25;38m▓[0m[48;2;29;25;37m[38;2;29;25;37m▓[0m[48;2;57;52;64m[38;2;57;52;64m░[0m[48;2;86;79;91m[38;2;86;79;91m@[0m[48;2;53;46;55m[38;2;53;46;55m▒[0m[48;2;104;96;102m[38;2;104;96;102m%[0m[48;2;157;143;152m[38;2;157;143;152m+[0m[48;2;78;66;73m[38;2;78;66;73m░[0m[48;2;161;158;160m[38;2;161;158;160m+[0m                                     
                                    [48;2;211;211;211m[38;2;211;211;211m:[0m[48;2;46;42;44m[38;2;46;42;44m▒[0m[48;2;140;133;136m[38;2;140;133;136m*[0m[48;2;118;110;116m[38;2;118;110;116m#[0m[48;2;76;63;73m[38;2;76;63;73m░[0m[48;2;149;134;147m[38;2;149;134;147m*[0m[48;2;62;48;60m[38;2;62;48;60m▒[0m[48;2;110;94;107m[38;2;110;94;107m%[0m[48;2;160;140;155m[38;2;160;140;155m+[0m[48;2;161;141;155m[38;2;161;141;155m+[0m[48;2;159;141;155m[38;2;159;141;155m+[0m[48;2;146;130;143m[38;2;146;130;143m*[0m[48;2;120;106;117m[38;2;120;106;117m#[0m[48;2;58;48;60m[38;2;58;48;60m▒[0m[48;2;21;16;25m[38;2;21;16;25m▓[0m[48;2;24;19;27m[38;2;24;19;27m▓[0m[48;2;36;32;40m[38;2;36;32;40m▓[0m[48;2;52;47;54m[38;2;52;47;54m▒[0m[48;2;72;67;72m[38;2;72;67;72m░[0m[48;2;90;84;89m[38;2;90;84;89m@[0m[48;2;57;50;56m[38;2;57;50;56m▒[0m[48;2;29;22;29m[38;2;29;22;29m▓[0m[48;2;43;35;45m[38;2;43;35;45m▒[0m[48;2;75;65;74m[38;2;75;65;74m░[0m[48;2;145;131;141m[38;2;145;131;141m*[0m[48;2;156;140;150m[38;2;156;140;150m*[0m[48;2;65;53;60m[38;2;65;53;60m░[0m[48;2;78;76;77m[38;2;78;76;77m@[0m[48;2;138;136;138m[38;2;138;136;138m*[0m[48;2;210;209;209m[38;2;210;209;209m:[0m                                  
                                    [48;2;120;118;120m[38;2;120;118;120m#[0m[48;2;113;108;110m[38;2;113;108;110m%[0m[48;2;96;92;96m[38;2;96;92;96m%[0m[48;2;18;13;17m[38;2;18;13;17m█[0m[48;2;26;20;25m[38;2;26;20;25m▓[0m[48;2;44;36;43m[38;2;44;36;43m▒[0m[48;2;79;69;78m[38;2;79;69;78m░[0m[48;2;68;59;68m[38;2;68;59;68m░[0m[48;2;68;59;67m[38;2;68;59;67m░[0m[48;2;145;129;141m[38;2;145;129;141m*[0m[48;2;162;141;156m[38;2;162;141;156m+[0m[48;2;161;140;155m[38;2;161;140;155m+[0m[48;2;160;140;155m[38;2;160;140;155m+[0m[48;2;160;141;155m[38;2;160;141;155m+[0m[48;2;160;140;155m[38;2;160;140;155m+[0m[48;2;154;134;149m[38;2;154;134;149m*[0m[48;2;146;126;140m[38;2;146;126;140m*[0m[48;2;143;124;138m[38;2;143;124;138m*[0m[48;2;121;106;118m[38;2;121;106;118m#[0m[48;2;13;6;12m[38;2;13;6;12m█[0m[48;2;6;2;6m[38;2;6;2;6m█[0m[48;2;17;15;20m[38;2;17;15;20m█[0m[48;2;34;30;41m[38;2;34;30;41m▓[0m[48;2;21;15;27m[38;2;21;15;27m█[0m[48;2;122;111;123m[38;2;122;111;123m#[0m[48;2;160;141;154m[38;2;160;141;154m+[0m[48;2;157;138;150m[38;2;157;138;150m*[0m[48;2;90;75;85m[38;2;90;75;85m@[0m[48;2;53;43;51m[38;2;53;43;51m▒[0m[48;2;83;74;82m[38;2;83;74;82m@[0m[48;2;77;71;76m[38;2;77;71;76m@[0m[48;2;146;144;146m[38;2;146;144;146m*[0m                                
                                    [48;2;172;172;172m[38;2;172;172;172m=[0m[48;2;45;42;43m[38;2;45;42;43m▒[0m[48;2;99;96;98m[38;2;99;96;98m%[0m[48;2;92;89;91m[38;2;92;89;91m@[0m[48;2;80;78;81m[38;2;80;78;81m@[0m[48;2;200;195;199m[38;2;200;195;199m-[0m[48;2;12;9;13m[38;2;12;9;13m█[0m[48;2;70;65;70m[38;2;70;65;70m░[0m[48;2;62;53;61m[38;2;62;53;61m░[0m[48;2;42;31;40m[38;2;42;31;40m▓[0m[48;2;77;63;73m[38;2;77;63;73m░[0m[48;2;160;139;154m[38;2;160;139;154m+[0m[48;2;162;141;156m[38;2;162;141;156m+[0m[48;2;161;140;155m[38;2;161;140;155m+[0m[48;2;161;140;155m[38;2;161;140;155m+[0m[48;2;161;140;155m[38;2;161;140;155m+[0m[48;2;161;140;155m[38;2;161;140;155m+[0m[48;2;161;140;155m[38;2;161;140;155m+[0m[48;2;89;72;85m[38;2;89;72;85m@[0m[48;2;21;14;24m[38;2;21;14;24m█[0m[48;2;14;10;17m[38;2;14;10;17m█[0m[48;2;3;1;6m[38;2;3;1;6m█[0m[48;2;4;2;8m[38;2;4;2;8m█[0m[48;2;15;11;20m[38;2;15;11;20m█[0m[48;2;37;31;40m[38;2;37;31;40m▓[0m[48;2;155;140;151m[38;2;155;140;151m*[0m[48;2;160;141;155m[38;2;160;141;155m+[0m[48;2;161;140;155m[38;2;161;140;155m+[0m[48;2;138;119;132m[38;2;138;119;132m#[0m[48;2;124;109;120m[38;2;124;109;120m#[0m[48;2;157;143;154m[38;2;157;143;154m+[0m[48;2;118;107;117m[38;2;118;107;117m#[0m[48;2;68;62;67m[38;2;68;62;67m░[0m[48;2;217;216;217m[38;2;217;216;217m:[0m                              
                                    [48;2;166;166;167m[38;2;166;166;167m=[0m[48;2;104;103;105m[38;2;104;103;105m%[0m[48;2;202;200;204m[38;2;202;200;204m-[0m[48;2;186;183;187m[38;2;186;183;187m-[0m[48;2;48;45;49m[38;2;48;45;49m▒[0m [48;2;55;51;55m[38;2;55;51;55m▒[0m[48;2;131;120;127m[38;2;131;120;127m#[0m[48;2;157;137;149m[38;2;157;137;149m*[0m[48;2;158;138;151m[38;2;158;138;151m*[0m[48;2;159;139;152m[38;2;159;139;152m+[0m[48;2;161;140;155m[38;2;161;140;155m+[0m[48;2;161;140;155m[38;2;161;140;155m+[0m[48;2;161;140;155m[38;2;161;140;155m+[0m[48;2;161;140;155m[38;2;161;140;155m+[0m[48;2;161;140;155m[38;2;161;140;155m+[0m[48;2;161;140;155m[38;2;161;140;155m+[0m[48;2;161;140;155m[38;2;161;140;155m+[0m[48;2;154;134;148m[38;2;154;134;148m*[0m[48;2;131;114;128m[38;2;131;114;128m#[0m[48;2;124;109;122m[38;2;124;109;122m#[0m[48;2;26;17;26m[38;2;26;17;26m▓[0m[48;2;19;12;20m[38;2;19;12;20m█[0m[48;2;40;34;40m[38;2;40;34;40m▓[0m[48;2;53;46;55m[38;2;53;46;55m▒[0m[48;2;108;95;106m[38;2;108;95;106m%[0m[48;2;156;137;151m[38;2;156;137;151m*[0m[48;2;161;140;155m[38;2;161;140;155m+[0m[48;2;161;140;155m[38;2;161;140;155m+[0m[48;2;161;140;155m[38;2;161;140;155m+[0m[48;2;161;140;155m[38;2;161;140;155m+[0m[48;2;160;140;154m[38;2;160;140;154m+[0m[48;2;140;123;135m[38;2;140;123;135m*[0m[48;2;60;53;59m[38;2;60;53;59m░[0m                              
                                    [48;2;217;217;218m[38;2;217;217;218m:[0m[48;2;64;63;66m[38;2;64;63;66m░[0m[48;2;200;199;202m[38;2;200;199;202m-[0m[48;2;178;175;179m[38;2;178;175;179m=[0m[48;2;70;67;71m[38;2;70;67;71m░[0m [48;2;98;95;99m[38;2;98;95;99m%[0m[48;2;34;27;33m[38;2;34;27;33m▓[0m[48;2;145;127;138m[38;2;145;127;138m*[0m[48;2;159;138;153m[38;2;159;138;153m*[0m[48;2;161;140;155m[38;2;161;140;155m+[0m[48;2;161;140;155m[38;2;161;140;155m+[0m[48;2;161;140;155m[38;2;161;140;155m+[0m[48;2;161;140;155m[38;2;161;140;155m+[0m[48;2;161;140;155m[38;2;161;140;155m+[0m[48;2;161;140;155m[38;2;161;140;155m+[0m[48;2;161;140;155m[38;2;161;140;155m+[0m[48;2;161;140;155m[38;2;161;140;155m+[0m[48;2;161;140;155m[38;2;161;140;155m+[0m[48;2;161;140;155m[38;2;161;140;155m+[0m[48;2;161;140;155m[38;2;161;140;155m+[0m[48;2;156;136;150m[38;2;156;136;150m*[0m[48;2;154;136;150m[38;2;154;136;150m*[0m[48;2;99;85;95m[38;2;99;85;95m@[0m[48;2;64;52;62m[38;2;64;52;62m░[0m[48;2;13;2;12m[38;2;13;2;12m█[0m[48;2;23;11;22m[38;2;23;11;22m█[0m[48;2;73;56;69m[38;2;73;56;69m░[0m[48;2;156;136;150m[38;2;156;136;150m*[0m[48;2;161;140;155m[38;2;161;140;155m+[0m[48;2;161;140;155m[38;2;161;140;155m+[0m[48;2;161;140;155m[38;2;161;140;155m+[0m[48;2;161;140;155m[38;2;161;140;155m+[0m[48;2;74;63;72m[38;2;74;63;72m░[0m[48;2;182;179;182m[38;2;182;179;182m=[0m                             
                                     [48;2;63;61;65m[38;2;63;61;65m░[0m[48;2;177;175;180m[38;2;177;175;180m=[0m[48;2;79;76;80m[38;2;79;76;80m@[0m[48;2;180;178;182m[38;2;180;178;182m=[0m [48;2;110;107;111m[38;2;110;107;111m%[0m[48;2;10;6;10m[38;2;10;6;10m█[0m[48;2;31;23;30m[38;2;31;23;30m▓[0m[48;2;133;117;130m[38;2;133;117;130m#[0m[48;2;160;140;155m[38;2;160;140;155m+[0m[48;2;161;140;155m[38;2;161;140;155m+[0m[48;2;161;140;155m[38;2;161;140;155m+[0m[48;2;161;140;155m[38;2;161;140;155m+[0m[48;2;161;140;155m[38;2;161;140;155m+[0m[48;2;161;140;155m[38;2;161;140;155m+[0m[48;2;161;140;155m[38;2;161;140;155m+[0m[48;2;161;140;155m[38;2;161;140;155m+[0m[48;2;161;140;155m[38;2;161;140;155m+[0m[48;2;161;140;155m[38;2;161;140;155m+[0m[48;2;161;140;155m[38;2;161;140;155m+[0m[48;2;161;140;155m[38;2;161;140;155m+[0m[48;2;161;140;155m[38;2;161;140;155m+[0m[48;2;161;140;155m[38;2;161;140;155m+[0m[48;2;159;138;153m[38;2;159;138;153m*[0m[48;2;138;118;132m[38;2;138;118;132m#[0m[48;2;100;83;96m[38;2;100;83;96m@[0m[48;2;70;55;67m[38;2;70;55;67m░[0m[48;2;89;71;84m[38;2;89;71;84m@[0m[48;2;139;119;134m[38;2;139;119;134m#[0m[48;2;160;139;154m[38;2;160;139;154m+[0m[48;2;160;140;155m[38;2;160;140;155m+[0m[48;2;161;140;155m[38;2;161;140;155m+[0m[48;2;78;66;77m[38;2;78;66;77m░[0m[48;2;164;159;163m[38;2;164;159;163m+[0m                             
                                     [48;2;214;213;214m[38;2;214;213;214m:[0m[48;2;77;74;77m[38;2;77;74;77m@[0m[48;2;62;60;65m[38;2;62;60;65m░[0m[48;2;121;119;124m[38;2;121;119;124m#[0m[48;2;100;97;101m[38;2;100;97;101m%[0m[48;2;22;19;24m[38;2;22;19;24m▓[0m[48;2;25;21;30m[38;2;25;21;30m▓[0m[48;2;32;28;44m[38;2;32;28;44m▓[0m[48;2;22;15;28m[38;2;22;15;28m▓[0m[48;2;81;68;79m[38;2;81;68;79m░[0m[48;2;150;133;146m[38;2;150;133;146m*[0m[48;2;160;140;155m[38;2;160;140;155m+[0m[48;2;161;140;155m[38;2;161;140;155m+[0m[48;2;161;140;155m[38;2;161;140;155m+[0m[48;2;161;140;155m[38;2;161;140;155m+[0m[48;2;161;140;155m[38;2;161;140;155m+[0m[48;2;161;140;155m[38;2;161;140;155m+[0m[48;2;161;140;155m[38;2;161;140;155m+[0m[48;2;161;140;155m[38;2;161;140;155m+[0m[48;2;161;140;155m[38;2;161;140;155m+[0m[48;2;161;140;155m[38;2;161;140;155m+[0m[48;2;161;140;155m[38;2;161;140;155m+[0m[48;2;161;140;155m[38;2;161;140;155m+[0m[48;2;161;140;155m[38;2;161;140;155m+[0m[48;2;161;140;155m[38;2;161;140;155m+[0m[48;2;161;140;155m[38;2;161;140;155m+[0m[48;2;161;140;155m[38;2;161;140;155m+[0m[48;2;138;118;133m[38;2;138;118;133m#[0m[48;2;99;79;93m[38;2;99;79;93m@[0m[48;2;82;66;78m[38;2;82;66;78m░[0m[48;2;79;65;77m[38;2;79;65;77m░[0m[48;2;78;65;77m[38;2;78;65;77m░[0m[48;2;58;47;56m[38;2;58;47;56m▒[0m[48;2;75;69;74m[38;2;75;69;74m░[0m                             
                                         [48;2;182;180;182m[38;2;182;180;182m=[0m[48;2;16;12;20m[38;2;16;12;20m█[0m[48;2;36;31;46m[38;2;36;31;46m▓[0m[48;2;37;32;51m[38;2;37;32;51m▓[0m[48;2;37;32;50m[38;2;37;32;50m▓[0m[48;2;30;25;42m[38;2;30;25;42m▓[0m[48;2;25;19;34m[38;2;25;19;34m▓[0m[48;2;76;65;79m[38;2;76;65;79m░[0m[48;2;133;117;131m[38;2;133;117;131m#[0m[48;2;159;141;155m[38;2;159;141;155m+[0m[48;2;160;141;155m[38;2;160;141;155m+[0m[48;2;161;140;155m[38;2;161;140;155m+[0m[48;2;161;140;155m[38;2;161;140;155m+[0m[48;2;161;140;155m[38;2;161;140;155m+[0m[48;2;161;140;155m[38;2;161;140;155m+[0m[48;2;161;140;155m[38;2;161;140;155m+[0m[48;2;161;140;155m[38;2;161;140;155m+[0m[48;2;161;140;155m[38;2;161;140;155m+[0m[48;2;161;140;155m[38;2;161;140;155m+[0m[48;2;161;140;155m[38;2;161;140;155m+[0m[48;2;161;140;155m[38;2;161;140;155m+[0m[48;2;161;140;155m[38;2;161;140;155m+[0m[48;2;161;140;155m[38;2;161;140;155m+[0m[48;2;161;140;155m[38;2;161;140;155m+[0m[48;2;161;140;155m[38;2;161;140;155m+[0m[48;2;161;140;155m[38;2;161;140;155m+[0m[48;2;161;140;155m[38;2;161;140;155m+[0m[48;2;161;140;155m[38;2;161;140;155m+[0m[48;2;115;99;112m[38;2;115;99;112m%[0m[48;2;113;104;110m[38;2;113;104;110m%[0m                             
                                         [48;2;194;194;195m[38;2;194;194;195m-[0m[48;2;7;5;11m[38;2;7;5;11m█[0m[48;2;15;11;22m[38;2;15;11;22m█[0m[48;2;22;18;32m[38;2;22;18;32m▓[0m[48;2;30;25;43m[38;2;30;25;43m▓[0m[48;2;33;28;46m[38;2;33;28;46m▓[0m[48;2;32;27;44m[38;2;32;27;44m▓[0m[48;2;13;7;32m[38;2;13;7;32m█[0m[48;2;49;35;103m[38;2;49;35;103m▒[0m[48;2;48;37;80m[38;2;48;37;80m▒[0m[48;2;74;66;81m[38;2;74;66;81m░[0m[48;2;113;98;111m[38;2;113;98;111m%[0m[48;2;146;128;142m[38;2;146;128;142m*[0m[48;2;160;141;155m[38;2;160;141;155m+[0m[48;2;161;140;155m[38;2;161;140;155m+[0m[48;2;161;140;155m[38;2;161;140;155m+[0m[48;2;161;140;155m[38;2;161;140;155m+[0m[48;2;161;140;155m[38;2;161;140;155m+[0m[48;2;161;140;155m[38;2;161;140;155m+[0m[48;2;161;140;155m[38;2;161;140;155m+[0m[48;2;161;140;155m[38;2;161;140;155m+[0m[48;2;161;140;155m[38;2;161;140;155m+[0m[48;2;161;140;155m[38;2;161;140;155m+[0m[48;2;161;140;155m[38;2;161;140;155m+[0m[48;2;161;140;155m[38;2;161;140;155m+[0m[48;2;160;140;154m[38;2;160;140;154m+[0m[48;2;135;117;130m[38;2;135;117;130m#[0m[48;2;87;72;83m[38;2;87;72;83m@[0m[48;2;102;94;100m[38;2;102;94;100m%[0m[48;2;242;238;242m[38;2;242;238;242m [0m                             
                                         [48;2;231;230;231m[38;2;231;230;231m.[0m[48;2;13;11;20m[38;2;13;11;20m█[0m[48;2;36;31;46m[38;2;36;31;46m▓[0m[48;2;32;27;43m[38;2;32;27;43m▓[0m[48;2;25;20;36m[38;2;25;20;36m▓[0m[48;2;22;17;32m[38;2;22;17;32m▓[0m[48;2;20;16;30m[38;2;20;16;30m▓[0m[48;2;10;6;20m[38;2;10;6;20m█[0m[48;2;60;43;136m[38;2;60;43;136m░[0m[48;2;78;62;157m[38;2;78;62;157m@[0m[48;2;77;63;148m[38;2;77;63;148m@[0m[48;2;64;52;119m[38;2;64;52;119m░[0m[48;2;15;5;44m[38;2;15;5;44m█[0m[48;2;27;20;29m[38;2;27;20;29m▓[0m[48;2;58;47;81m[38;2;58;47;81m▒[0m[48;2;75;62;80m[38;2;75;62;80m░[0m[48;2;87;75;93m[38;2;87;75;93m@[0m[48;2;106;91;104m[38;2;106;91;104m%[0m[48;2;114;98;111m[38;2;114;98;111m%[0m[48;2;119;104;116m[38;2;119;104;116m#[0m[48;2;119;104;116m[38;2;119;104;116m#[0m[48;2;117;103;115m[38;2;117;103;115m%[0m[48;2;105;91;102m[38;2;105;91;102m%[0m[48;2;86;74;85m[38;2;86;74;85m@[0m[48;2;59;49;59m[38;2;59;49;59m▒[0m[48;2;89;83;90m[38;2;89;83;90m@[0m[48;2;127;121;127m[38;2;127;121;127m#[0m[48;2;205;202;205m[38;2;205;202;205m:[0m                               
                                          [48;2;59;57;61m[38;2;59;57;61m░[0m[48;2;33;28;41m[38;2;33;28;41m▓[0m[48;2;37;31;51m[38;2;37;31;51m▓[0m[48;2;37;31;52m[38;2;37;31;52m▓[0m[48;2;37;31;52m[38;2;37;31;52m▓[0m[48;2;37;31;51m[38;2;37;31;51m▓[0m[48;2;27;23;40m[38;2;27;23;40m▓[0m[48;2;25;16;61m[38;2;25;16;61m▓[0m[48;2;85;72;145m[38;2;85;72;145m@[0m[48;2;85;71;153m[38;2;85;71;153m@[0m[48;2;83;67;163m[38;2;83;67;163m@[0m[48;2;37;22;113m[38;2;37;22;113m▒[0m[48;2;35;31;42m[38;2;35;31;42m▓[0m[48;2;32;21;70m[38;2;32;21;70m▓[0m[48;2;80;63;155m[38;2;80;63;155m@[0m[48;2;61;42;157m[38;2;61;42;157m░[0m[48;2;69;55;138m[38;2;69;55;138m░[0m[48;2;58;46;112m[38;2;58;46;112m░[0m[48;2;22;15;42m[38;2;22;15;42m▓[0m[48;2;14;10;17m[38;2;14;10;17m█[0m[48;2;42;38;48m[38;2;42;38;48m▒[0m[48;2;30;26;39m[38;2;30;26;39m▓[0m[48;2;34;29;46m[38;2;34;29;46m▓[0m[48;2;29;24;41m[38;2;29;24;41m▓[0m[48;2;31;27;39m[38;2;31;27;39m▓[0m[48;2;99;97;104m[38;2;99;97;104m%[0m[48;2;196;195;197m[38;2;196;195;197m-[0m                               
                                          [48;2;154;153;156m[38;2;154;153;156m+[0m[48;2;21;17;28m[38;2;21;17;28m▓[0m[48;2;37;31;51m[38;2;37;31;51m▓[0m[48;2;37;31;52m[38;2;37;31;52m▓[0m[48;2;37;31;52m[38;2;37;31;52m▓[0m[48;2;37;31;52m[38;2;37;31;52m▓[0m[48;2;37;31;52m[38;2;37;31;52m▓[0m[48;2;26;21;39m[38;2;26;21;39m▓[0m[48;2;24;19;36m[38;2;24;19;36m▓[0m[48;2;39;33;61m[38;2;39;33;61m▒[0m[48;2;42;32;85m[38;2;42;32;85m▒[0m[48;2;54;45;101m[38;2;54;45;101m▒[0m[48;2;20;15;42m[38;2;20;15;42m▓[0m[48;2;142;139;144m[38;2;142;139;144m*[0m[48;2;26;21;43m[38;2;26;21;43m▓[0m[48;2;51;46;74m[38;2;51;46;74m▒[0m[48;2;74;69;94m[38;2;74;69;94m@[0m[48;2;125;124;131m[38;2;125;124;131m#[0m[48;2;194;192;198m[38;2;194;192;198m-[0m[48;2;102;99;106m[38;2;102;99;106m%[0m[48;2;35;32;42m[38;2;35;32;42m▓[0m[48;2;67;63;74m[38;2;67;63;74m░[0m[48;2;45;41;54m[38;2;45;41;54m▒[0m[48;2;37;32;50m[38;2;37;32;50m▓[0m[48;2;37;31;52m[38;2;37;31;52m▓[0m[48;2;35;29;49m[38;2;35;29;49m▓[0m[48;2;24;19;35m[38;2;24;19;35m▓[0m[48;2;62;60;68m[38;2;62;60;68m░[0m[48;2;192;191;193m[38;2;192;191;193m-[0m                             
                                           [48;2;49;45;54m[38;2;49;45;54m▒[0m[48;2;33;27;46m[38;2;33;27;46m▓[0m[48;2;37;31;52m[38;2;37;31;52m▓[0m[48;2;37;31;52m[38;2;37;31;52m▓[0m[48;2;37;31;52m[38;2;37;31;52m▓[0m[48;2;37;31;52m[38;2;37;31;52m▓[0m[48;2;37;31;52m[38;2;37;31;52m▓[0m[48;2;37;31;51m[38;2;37;31;51m▓[0m[48;2;74;69;85m[38;2;74;69;85m░[0m[48;2;13;11;16m[38;2;13;11;16m█[0m[48;2;76;74;80m[38;2;76;74;80m@[0m[48;2;164;162;170m[38;2;164;162;170m+[0m[48;2;222;220;226m[38;2;222;220;226m.[0m[48;2;47;45;48m[38;2;47;45;48m▒[0m[48;2;97;95;99m[38;2;97;95;99m%[0m[48;2;120;119;123m[38;2;120;119;123m#[0m[48;2;210;208;212m[38;2;210;208;212m:[0m [48;2;198;197;201m[38;2;198;197;201m-[0m[48;2;67;65;70m[38;2;67;65;70m░[0m[48;2;81;78;82m[38;2;81;78;82m@[0m[48;2;41;37;45m[38;2;41;37;45m▒[0m[48;2;64;60;72m[38;2;64;60;72m░[0m[48;2;47;42;59m[38;2;47;42;59m▒[0m[48;2;37;32;52m[38;2;37;32;52m▓[0m[48;2;37;31;52m[38;2;37;31;52m▓[0m[48;2;35;30;50m[38;2;35;30;50m▓[0m[48;2;21;17;31m[38;2;21;17;31m▓[0m[48;2;125;123;127m[38;2;125;123;127m#[0m                            