                                                                                                              
                                                                                                              
                                                                                                              
                                                                                                              
                                                                                                              
                                                                                                              
                                                                                                              
                                                                                                              
                                                                                                              
                                                                                                              
                                                                                                              
                                                                                                              
                                                                                                              
                                                [48;2;240;240;240m[38;2;240;240;240m [0m[48;2;186;185;186m[38;2;186;185;186m-[0m[48;2;134;133;135m[38;2;134;133;135m*[0m[48;2;98;98;100m[38;2;98;98;100m%[0m[48;2;69;69;72m[38;2;69;69;72m░[0m[48;2;53;52;57m[38;2;53;52;57m▒[0m[48;2;44;42;48m[38;2;44;42;48m▒[0m[48;2;41;40;46m[38;2;41;40;46m▒[0m[48;2;45;43;50m[38;2;45;43;50m▒[0m[48;2;59;58;64m[38;2;59;58;64m░[0m[48;2;83;82;87m[38;2;83;82;87m@[0m[48;2;129;128;132m[38;2;129;128;132m*[0m[48;2;194;194;196m[38;2;194;194;196m-[0m                                                 
                                              [48;2;161;161;163m[38;2;161;161;163m+[0m[48;2;74;72;77m[38;2;74;72;77m@[0m[48;2;27;25;33m[38;2;27;25;33m▓[0m[48;2;30;28;39m[38;2;30;28;39m▓[0m[48;2;38;35;49m[38;2;38;35;49m▒[0m[48;2;43;42;57m[38;2;43;42;57m▒[0m[48;2;44;43;59m[38;2;44;43;59m▒[0m[48;2;43;43;59m[38;2;43;43;59m▒[0m[48;2;43;43;59m[38;2;43;43;59m▒[0m[48;2;42;43;59m[38;2;42;43;59m▒[0m[48;2;42;43;59m[38;2;42;43;59m▒[0m[48;2;42;43;59m[38;2;42;43;59m▒[0m[48;2;42;42;58m[38;2;42;42;58m▒[0m[48;2;37;36;52m[38;2;37;36;52m▒[0m[48;2;26;24;38m[38;2;26;24;38m▓[0m[48;2;41;40;49m[38;2;41;40;49m▒[0m[48;2;141;140;145m[38;2;141;140;145m*[0m                                               
                                            [48;2;149;149;151m[38;2;149;149;151m+[0m[48;2;34;33;39m[38;2;34;33;39m▓[0m[48;2;30;28;40m[38;2;30;28;40m▓[0m[48;2;44;42;57m[38;2;44;42;57m▒[0m[48;2;62;59;74m[38;2;62;59;74m░[0m[48;2;56;53;67m[38;2;56;53;67m░[0m[48;2;31;27;41m[38;2;31;27;41m▓[0m[48;2;29;26;41m[38;2;29;26;41m▓[0m[48;2;46;44;57m[38;2;46;44;57m▒[0m[48;2;34;33;45m[38;2;34;33;45m▓[0m[48;2;32;32;44m[38;2;32;32;44m▓[0m[48;2;37;37;50m[38;2;37;37;50m▒[0m[48;2;41;43;59m[38;2;41;43;59m▒[0m[48;2;40;44;59m[38;2;40;44;59m▒[0m[48;2;41;43;59m[38;2;41;43;59m▒[0m[48;2;41;43;59m[38;2;41;43;59m▒[0m[48;2;42;43;59m[38;2;42;43;59m▒[0m[48;2;42;42;59m[38;2;42;42;59m▒[0m[48;2;28;26;42m[38;2;28;26;42m▓[0m[48;2;51;49;58m[38;2;51;49;58m▒[0m[48;2;205;205;207m[38;2;205;205;207m:[0m                                             
                                           [48;2;80;79;83m[38;2;80;79;83m@[0m[48;2;19;17;26m[38;2;19;17;26m▓[0m[48;2;24;21;33m[38;2;24;21;33m▓[0m[48;2;33;29;40m[38;2;33;29;40m▓[0m[48;2;52;46;58m[38;2;52;46;58m▒[0m[48;2;67;60;70m[38;2;67;60;70m░[0m[48;2;85;75;85m[38;2;85;75;85m@[0m[48;2;100;86;96m[38;2;100;86;96m@[0m[48;2;123;109;119m[38;2;123;109;119m#[0m[48;2;133;120;130m[38;2;133;120;130m#[0m[48;2;124;110;120m[38;2;124;110;120m#[0m[48;2;107;93;103m[38;2;107;93;103m%[0m[48;2;82;68;80m[38;2;82;68;80m@[0m[48;2;49;39;50m[38;2;49;39;50m▒[0m[48;2;28;21;33m[38;2;28;21;33m▓[0m[48;2;35;34;47m[38;2;35;34;47m▓[0m[48;2;42;43;58m[38;2;42;43;58m▒[0m[48;2;42;43;58m[38;2;42;43;58m▒[0m[48;2;43;43;59m[38;2;43;43;59m▒[0m[48;2;43;43;59m[38;2;43;43;59m▒[0m[48;2;39;37;53m[38;2;39;37;53m▒[0m[48;2;23;21;29m[38;2;23;21;29m▓[0m[48;2;154;152;155m[38;2;154;152;155m+[0m                                            
                                          [48;2;125;124;126m[38;2;125;124;126m#[0m[48;2;16;13;19m[38;2;16;13;19m█[0m[48;2;78;69;80m[38;2;78;69;80m░[0m[48;2;81;70;81m[38;2;81;70;81m@[0m[48;2;60;50;61m[38;2;60;50;61m▒[0m[48;2;73;61;72m[38;2;73;61;72m░[0m[48;2;121;105;118m[38;2;121;105;118m#[0m[48;2;153;134;148m[38;2;153;134;148m*[0m[48;2;99;83;95m[38;2;99;83;95m@[0m[48;2;80;65;77m[38;2;80;65;77m░[0m[48;2;62;47;58m[38;2;62;47;58m▒[0m[48;2;139;122;134m[38;2;139;122;134m*[0m[48;2;161;141;155m[38;2;161;141;155m+[0m[48;2;161;140;155m[38;2;161;140;155m+[0m[48;2;161;141;155m[38;2;161;141;155m+[0m[48;2;144;126;140m[38;2;144;126;140m*[0m[48;2;93;78;90m[38;2;93;78;90m@[0m[48;2;47;33;46m[38;2;47;33;46m▒[0m[48;2;57;47;59m[38;2;57;47;59m▒[0m[48;2;35;27;41m[38;2;35;27;41m▓[0m[48;2;27;21;36m[38;2;27;21;36m▓[0m[48;2;19;15;27m[38;2;19;15;27m█[0m[48;2;28;21;43m[38;2;28;21;43m▓[0m[48;2;10;6;15m[38;2;10;6;15m█[0m[48;2;135;133;137m[38;2;135;133;137m*[0m                                           
                                         [48;2;121;120;122m[38;2;121;120;122m#[0m[48;2;65;58;65m[38;2;65;58;65m░[0m[48;2;151;135;146m[38;2;151;135;146m*[0m[48;2;160;141;155m[38;2;160;141;155m+[0m[48;2;153;134;148m[38;2;153;134;148m*[0m[48;2;157;139;152m[38;2;157;139;152m*[0m[48;2;159;138;153m[38;2;159;138;153m*[0m[48;2;160;140;154m[38;2;160;140;154m+[0m[48;2;161;140;155m[38;2;161;140;155m+[0m[48;2;161;140;155m[38;2;161;140;155m+[0m[48;2;157;137;151m[38;2;157;137;151m*[0m[48;2;100;83;96m[38;2;100;83;96m@[0m[48;2;100;84;96m[38;2;100;84;96m@[0m[48;2;153;134;148m[38;2;153;134;148m*[0m[48;2;159;138;153m[38;2;159;138;153m*[0m[48;2;161;140;155m[38;2;161;140;155m+[0m[48;2;161;140;155m[38;2;161;140;155m+[0m[48;2;161;140;155m[38;2;161;140;155m+[0m[48;2;154;134;149m[38;2;154;134;149m*[0m[48;2;73;60;71m[38;2;73;60;71m░[0m[48;2;46;33;56m[38;2;46;33;56m▒[0m[48;2;91;69;136m[38;2;91;69;136m@[0m[48;2;47;31;74m[38;2;47;31;74m▒[0m[48;2;71;55;110m[38;2;71;55;110m░[0m[48;2;6;1;9m[38;2;6;1;9m█[0m[48;2;7;3;8m[38;2;7;3;8m█[0m[48;2;172;170;172m[38;2;172;170;172m=[0m                                          
                                        [48;2;112;111;113m[38;2;112;111;113m#[0m[48;2;82;74;81m[38;2;82;74;81m@[0m[48;2;158;141;152m[38;2;158;141;152m+[0m[48;2;162;141;155m[38;2;162;141;155m+[0m[48;2;162;141;156m[38;2;162;141;156m+[0m[48;2;161;140;155m[38;2;161;140;155m+[0m[48;2;161;140;155m[38;2;161;140;155m+[0m[48;2;161;140;155m[38;2;161;140;155m+[0m[48;2;161;140;155m[38;2;161;140;155m+[0m[48;2;112;92;107m[38;2;112;92;107m%[0m[48;2;131;112;126m[38;2;131;112;126m#[0m[48;2;144;126;140m[38;2;144;126;140m*[0m[48;2;40;27;38m[38;2;40;27;38m▓[0m[48;2;109;94;107m[38;2;109;94;107m%[0m[48;2;64;50;62m[38;2;64;50;62m░[0m[48;2;157;139;153m[38;2;157;139;153m*[0m[48;2;161;140;155m[38;2;161;140;155m+[0m[48;2;161;140;155m[38;2;161;140;155m+[0m[48;2;161;140;155m[38;2;161;140;155m+[0m[48;2;161;140;155m[38;2;161;140;155m+[0m[48;2;157;139;153m[38;2;157;139;153m*[0m[48;2;96;82;94m[38;2;96;82;94m@[0m[48;2;38;22;48m[38;2;38;22;48m▓[0m[48;2;107;81;161m[38;2;107;81;161m%[0m[48;2;56;36;88m[38;2;56;36;88m▒[0m[48;2;52;38;76m[38;2;52;38;76m▒[0m[48;2;14;8;16m[38;2;14;8;16m█[0m[48;2;31;27;33m[38;2;31;27;33m▓[0m[48;2;233;233;234m[38;2;233;233;234m.[0m                                         
                                       [48;2;185;185;185m[38;2;185;185;185m-[0m[48;2;52;47;52m[38;2;52;47;52m▒[0m[48;2;100;88;98m[38;2;100;88;98m%[0m[48;2;93;78;89m[38;2;93;78;89m@[0m[48;2;86;70;82m[38;2;86;70;82m@[0m[48;2;162;141;156m[38;2;162;141;156m+[0m[48;2;162;141;156m[38;2;162;141;156m+[0m[48;2;161;140;155m[38;2;161;140;155m+[0m[48;2;161;140;155m[38;2;161;140;155m+[0m[48;2;161;140;155m[38;2;161;140;155m+[0m[48;2;76;60;72m[38;2;76;60;72m░[0m[48;2;97;82;94m[38;2;97;82;94m@[0m[48;2;159;140;153m[38;2;159;140;153m+[0m[48;2;49;38;47m[38;2;49;38;47m▒[0m[48;2;84;71;81m[38;2;84;71;81m@[0m[48;2;79;67;77m[38;2;79;67;77m░[0m[48;2;71;57;67m[38;2;71;57;67m░[0m[48;2;155;135;149m[38;2;155;135;149m*[0m[48;2;161;140;155m[38;2;161;140;155m+[0m[48;2;161;140;155m[38;2;161;140;155m+[0m[48;2;161;140;155m[38;2;161;140;155m+[0m[48;2;161;140;155m[38;2;161;140;155m+[0m[48;2;160;141;155m[38;2;160;141;155m+[0m[48;2;99;84;96m[38;2;99;84;96m@[0m[48;2;47;31;56m[38;2;47;31;56m▒[0m[48;2;14;4;18m[38;2;14;4;18m█[0m[48;2;10;5;13m[38;2;10;5;13m█[0m[48;2;30;27;37m[38;2;30;27;37m▓[0m[48;2;26;24;33m[38;2;26;24;33m▓[0m[48;2;127;126;128m[38;2;127;126;128m#[0m                                         
                                       [48;2;70;69;70m[38;2;70;69;70m░[0m[48;2;117;106;114m[38;2;117;106;114m#[0m[48;2;23;13;20m[38;2;23;13;20m█[0m[48;2;35;24;33m[38;2;35;24;33m▓[0m[48;2;101;90;99m[38;2;101;90;99m%[0m[48;2;112;96;108m[38;2;112;96;108m%[0m[48;2;153;134;148m[38;2;153;134;148m*[0m[48;2;152;133;147m[38;2;152;133;147m*[0m[48;2;162;141;156m[38;2;162;141;156m+[0m[48;2;162;142;157m[38;2;162;142;157m+[0m[48;2;108;93;105m[38;2;108;93;105m%[0m[48;2;18;10;18m[38;2;18;10;18m█[0m[48;2;126;111;124m[38;2;126;111;124m#[0m[48;2;131;117;128m[38;2;131;117;128m#[0m[48;2;14;7;12m[38;2;14;7;12m█[0m[48;2;47;37;45m[38;2;47;37;45m▒[0m[48;2;56;47;54m[38;2;56;47;54m▒[0m[48;2;42;32;39m[38;2;42;32;39m▓[0m[48;2;108;92;103m[38;2;108;92;103m%[0m[48;2;157;138;151m[38;2;157;138;151m*[0m[48;2;161;141;156m[38;2;161;141;156m+[0m[48;2;161;140;155m[38;2;161;140;155m+[0m[48;2;161;140;155m[38;2;161;140;155m+[0m[48;2;160;140;154m[38;2;160;140;154m+[0m[48;2;125;108;122m[38;2;125;108;122m#[0m[48;2;45;35;45m[38;2;45;35;45m▒[0m[48;2;40;34;43m[38;2;40;34;43m▒[0m[48;2;41;37;49m[38;2;41;37;49m▒[0m[48;2;41;39;50m[38;2;41;39;50m▒[0m[48;2;38;36;41m[38;2;38;36;41m▒[0m                                         
                                       [48;2;31;27;31m[38;2;31;27;31m▓[0m[48;2;117;106;115m[38;2;117;106;115m#[0m[48;2;12;3;10m[38;2;12;3;10m█[0m[48;2;48;41;48m[38;2;48;41;48m▒[0m[48;2;108;99;107m[38;2;108;99;107m%[0m[48;2;20;11;19m[38;2;20;11;19m█[0m[48;2;27;18;26m[38;2;27;18;26m▓[0m[48;2;43;32;41m[38;2;43;32;41m▓[0m[48;2;153;135;148m[38;2;153;135;148m*[0m[48;2;158;140;153m[38;2;158;140;153m+[0m[48;2;145;130;141m[38;2;145;130;141m*[0m[48;2;24;16;23m[38;2;24;16;23m▓[0m[48;2;34;26;34m[38;2;34;26;34m▓[0m[48;2;86;75;85m[38;2;86;75;85m@[0m[48;2;61;52;61m[38;2;61;52;61m░[0m[48;2;39;32;40m[38;2;39;32;40m▓[0m[48;2;40;33;39m[38;2;40;33;39m▓[0m[48;2;17;11;16m[38;2;17;11;16m█[0m[48;2;20;15;19m[38;2;20;15;19m█[0m[48;2;20;12;18m[38;2;20;12;18m█[0m[48;2;52;43;50m[38;2;52;43;50m▒[0m[48;2;54;44;52m[38;2;54;44;52m▒[0m[48;2;76;66;75m[38;2;76;66;75m░[0m[48;2;81;71;81m[38;2;81;71;81m@[0m[48;2;81;70;79m[38;2;81;70;79m@[0m[48;2;68;59;68m[38;2;68;59;68m░[0m[48;2;33;25;35m[38;2;33;25;35m▓[0m[48;2;17;12;22m[38;2;17;12;22m█[0m[48;2;41;35;46m[38;2;41;35;46m▒[0m[48;2;13;10;15m[38;2;13;10;15m█[0m                                         
                                      [48;2;238;238;238m[38;2;238;238;238m [0m[48;2;31;26;30m[38;2;31;26;30m▓[0m[48;2;100;88;98m[38;2;100;88;98m%[0m[48;2;29;21;27m[38;2;29;21;27m▓[0m[48;2;62;55;60m[38;2;62;55;60m░[0m[48;2;40;32;39m[38;2;40;32;39m▓[0m[48;2;29;18;42m[38;2;29;18;42m▓[0m[48;2;38;26;59m[38;2;38;26;59m▓[0m[48;2;17;6;38m[38;2;17;6;38m█[0m[48;2;50;40;47m[38;2;50;40;47m▒[0m[48;2;110;99;102m[38;2;110;99;102m%[0m[48;2;121;110;113m[38;2;121;110;113m#[0m[48;2;136;127;130m[38;2;136;127;130m*[0m[48;2;30;23;29m[38;2;30;23;29m▓[0m[48;2;50;29;99m[38;2;50;29;99m▒[0m[48;2;66;34;136m[38;2;66;34;136m░[0m[48;2;43;19;90m[38;2;43;19;90m▓[0m[48;2;141;133;139m[38;2;141;133;139m*[0m[48;2;116;107;112m[38;2;116;107;112m#[0m[48;2;206;195;196m[38;2;206;195;196m-[0m[48;2;203;192;192m[38;2;203;192;192m-[0m[48;2;26;18;20m[38;2;26;18;20m▓[0m[48;2;101;93;99m[38;2;101;93;99m%[0m[48;2;103;93;101m[38;2;103;93;101m%[0m[48;2;108;96;105m[38;2;108;96;105m%[0m[48;2;44;32;42m[38;2;44;32;42m▒[0m[48;2;131;118;130m[38;2;131;118;130m#[0m[48;2;157;143;154m[38;2;157;143;154m+[0m[48;2;121;107;119m[38;2;121;107;119m#[0m[48;2;76;63;72m[38;2;76;63;72m░[0m[48;2;45;34;42m[38;2;45;34;42m▒[0m[48;2;91;84;90m[38;2;91;84;90m@[0m[48;2;158;155;158m[38;2;158;155;158m+[0m[48;2;216;216;216m[38;2;216;216;216m:[0m                                      
                                       [48;2;42;38;41m[38;2;42;38;41m▒[0m[48;2;88;77;85m[38;2;88;77;85m@[0m[48;2;14;6;12m[38;2;14;6;12m█[0m[48;2;199;191;194m[38;2;199;191;194m-[0m[48;2;78;70;75m[38;2;78;70;75m░[0m[48;2;78;53;122m[38;2;78;53;122m░[0m[48;2;110;72;166m[38;2;110;72;166m%[0m[48;2;81;45;134m[38;2;81;45;134m░[0m[48;2;80;70;77m[38;2;80;70;77m@[0m[48;2;250;237;232m[38;2;250;237;232m [0m[48;2;250;234;228m[38;2;250;234;228m [0m[48;2;249;234;229m[38;2;249;234;229m [0m[48;2;120;109;111m[38;2;120;109;111m#[0m[48;2;86;69;98m[38;2;86;69;98m@[0m[48;2;169;126;195m[38;2;169;126;195m+[0m[48;2;82;55;104m[38;2;82;55;104m░[0m[48;2;141;132;135m[38;2;141;132;135m*[0m[48;2;249;236;232m[38;2;249;236;232m [0m[48;2;250;232;227m[38;2;250;232;227m.[0m[48;2;249;234;229m[38;2;249;234;229m [0m[48;2;146;135;134m[38;2;146;135;134m*[0m[48;2;63;53;59m[38;2;63;53;59m░[0m[48;2;153;138;148m[38;2;153;138;148m*[0m[48;2;159;141;154m[38;2;159;141;154m+[0m[48;2;142;124;136m[38;2;142;124;136m*[0m[48;2;67;54;64m[38;2;67;54;64m░[0m[48;2;72;59;69m[38;2;72;59;69m░[0m[48;2;123;110;121m[38;2;123;110;121m#[0m[48;2;155;139;151m[38;2;155;139;151m*[0m[48;2;156;141;151m[38;2;156;141;151m+[0m[48;2;145;131;141m[38;2;145;131;141m*[0m[48;2;122;109;119m[38;2;122;109;119m#[0m[48;2;85;74;83m[38;2;85;74;83m@[0m[48;2;71;65;70m[38;2;71;65;70m░[0m[48;2;142;141;143m[38;2;142;141;143m*[0m                                    
                                       [48;2;127;125;126m[38;2;127;125;126m#[0m[48;2;61;54;59m[38;2;61;54;59m░[0m[48;2;43;36;42m[38;2;43;36;42m▒[0m[48;2;216;206;209m[38;2;216;206;209m:[0m[48;2;185;175;178m[38;2;185;175;178m=[0m[48;2;69;53;68m[38;2;69;53;68m░[0m[48;2;214;171;215m[38;2;214;171;215m-[0m[48;2;151;113;155m[38;2;151;113;155m*[0m[48;2;102;91;97m[38;2;102;91;97m%[0m[48;2;250;236;230m[38;2;250;236;230m [0m[48;2;250;234;228m[38;2;250;234;228m [0m[48;2;250;234;229m[38;2;250;234;229m [0m[48;2;235;222;219m[38;2;235;222;219m.[0m[48;2;79;68;70m[38;2;79;68;70m░[0m[48;2;113;84;108m[38;2;113;84;108m%[0m[48;2;64;46;62m[38;2;64;46;62m▒[0m[48;2;225;212;210m[38;2;225;212;210m:[0m[48;2;243;216;208m[38;2;243;216;208m.[0m[48;2;236;193;182m[38;2;236;193;182m:[0m[48;2;248;224;216m[38;2;248;224;216m.[0m[48;2;247;234;229m[38;2;247;234;229m.[0m[48;2;170;159;159m[38;2;170;159;159m+[0m[48;2;50;39;45m[38;2;50;39;45m▒[0m[48;2;131;116;126m[38;2;131;116;126m#[0m[48;2;85;71;81m[38;2;85;71;81m@[0m[48;2;146;131;143m[38;2;146;131;143m*[0m[48;2;141;128;139m[38;2;141;128;139m*[0m[48;2;93;82;91m[38;2;93;82;91m@[0m[48;2;68;56;66m[38;2;68;56;66m░[0m[48;2;68;56;66m[38;2;68;56;66m░[0m[48;2;76;64;75m[38;2;76;64;75m░[0m[48;2;94;82;93m[38;2;94;82;93m@[0m[48;2;108;95;106m[38;2;108;95;106m%[0m[48;2;123;110;120m[38;2;123;110;120m#[0m[48;2;106;96;105m[38;2;106;96;105m%[0m[48;2;57;52;57m[38;2;57;52;57m▒[0m[48;2;174;172;174m[38;2;174;172;174m=[0m                                  
                                       [48;2;238;238;238m[38;2;238;238;238m [0m[48;2;54;51;53m[38;2;54;51;53m▒[0m[48;2;34;27;32m[38;2;34;27;32m▓[0m[48;2;132;122;124m[38;2;132;122;124m#[0m[48;2;238;219;218m[38;2;238;219;218m.[0m[48;2;168;156;154m[38;2;168;156;154m+[0m[48;2;94;80;85m[38;2;94;80;85m@[0m[48;2;101;87;91m[38;2;101;87;91m%[0m[48;2;225;211;209m[38;2;225;211;209m:[0m[48;2;212;197;191m[38;2;212;197;191m-[0m[48;2;112;97;93m[38;2;112;97;93m%[0m[48;2;187;173;169m[38;2;187;173;169m=[0m[48;2;251;235;231m[38;2;251;235;231m [0m[48;2;249;234;230m[38;2;249;234;230m [0m[48;2;217;202;197m[38;2;217;202;197m:[0m[48;2;239;224;219m[38;2;239;224;219m.[0m[48;2;250;235;227m[38;2;250;235;227m [0m[48;2;245;224;216m[38;2;245;224;216m.[0m[48;2;245;226;219m[38;2;245;226;219m.[0m[48;2;250;234;228m[38;2;250;234;228m [0m[48;2;249;235;230m[38;2;249;235;230m [0m[48;2;141;129;130m[38;2;141;129;130m*[0m[48;2;66;55;61m[38;2;66;55;61m░[0m[48;2;62;52;59m[38;2;62;52;59m░[0m[48;2;22;14;21m[38;2;22;14;21m█[0m[48;2;37;29;37m[38;2;37;29;37m▓[0m[48;2;58;48;55m[38;2;58;48;55m▒[0m[48;2;87;77;85m[38;2;87;77;85m@[0m[48;2;100;89;98m[38;2;100;89;98m%[0m[48;2;94;81;93m[38;2;94;81;93m@[0m[48;2;69;57;67m[38;2;69;57;67m░[0m[48;2;45;34;43m[38;2;45;34;43m▒[0m[48;2;52;43;52m[38;2;52;43;52m▒[0m[48;2;91;78;88m[38;2;91;78;88m@[0m[48;2;150;135;145m[38;2;150;135;145m*[0m[48;2;152;138;148m[38;2;152;138;148m*[0m[48;2;70;61;68m[38;2;70;61;68m░[0m[48;2;122;118;122m[38;2;122;118;122m#[0m                                 
                                        [48;2;124;124;124m[38;2;124;124;124m#[0m[48;2;5;3;5m[38;2;5;3;5m█[0m[48;2;41;35;40m[38;2;41;35;40m▒[0m[48;2;193;181;181m[38;2;193;181;181m-[0m[48;2;249;234;231m[38;2;249;234;231m [0m[48;2;250;235;229m[38;2;250;235;229m [0m[48;2;250;235;227m[38;2;250;235;227m [0m[48;2;250;235;226m[38;2;250;235;226m [0m[48;2;250;235;226m[38;2;250;235;226m [0m[48;2;250;235;227m[38;2;250;235;227m [0m[48;2;250;234;228m[38;2;250;234;228m [0m[48;2;250;234;228m[38;2;250;234;228m [0m[48;2;250;234;228m[38;2;250;234;228m [0m[48;2;250;235;227m[38;2;250;235;227m [0m[48;2;250;235;226m[38;2;250;235;226m [0m[48;2;250;235;226m[38;2;250;235;226m [0m[48;2;250;235;226m[38;2;250;235;226m [0m[48;2;250;235;228m[38;2;250;235;228m [0m[48;2;234;220;216m[38;2;234;220;216m.[0m[48;2;124;112;111m[38;2;124;112;111m#[0m[48;2;15;6;9m[38;2;15;6;9m█[0m[48;2;49;41;47m[38;2;49;41;47m▒[0m[48;2;37;30;37m[38;2;37;30;37m▓[0m[48;2;139;134;141m[38;2;139;134;141m*[0m[48;2;165;159;163m[38;2;165;159;163m+[0m[48;2;33;27;30m[38;2;33;27;30m▓[0m[48;2;92;82;87m[38;2;92;82;87m@[0m[48;2;126;113;121m[38;2;126;113;121m#[0m[48;2;133;119;129m[38;2;133;119;129m#[0m[48;2;148;132;143m[38;2;148;132;143m*[0m[48;2;158;142;153m[38;2;158;142;153m+[0m[48;2;159;142;154m[38;2;159;142;154m+[0m[48;2;161;141;155m[38;2;161;141;155m+[0m[48;2;161;141;154m[38;2;161;141;154m+[0m[48;2;161;141;154m[38;2;161;141;154m+[0m[48;2;159;141;154m[38;2;159;141;154m+[0m[48;2;80;71;79m[38;2;80;71;79m@[0m[48;2;125;123;126m[38;2;125;123;126m#[0m                                
                                        [48;2;213;213;213m[38;2;213;213;213m:[0m[48;2;108;107;108m[38;2;108;107;108m%[0m[48;2;108;103;107m[38;2;108;103;107m%[0m[48;2;208;199;200m[38;2;208;199;200m:[0m[48;2;241;228;225m[38;2;241;228;225m.[0m[48;2;248;234;228m[38;2;248;234;228m.[0m[48;2;250;236;230m[38;2;250;236;230m [0m[48;2;250;235;229m[38;2;250;235;229m [0m[48;2;250;235;227m[38;2;250;235;227m [0m[48;2;248;233;227m[38;2;248;233;227m.[0m[48;2;242;228;223m[38;2;242;228;223m.[0m[48;2;226;212;207m[38;2;226;212;207m:[0m[48;2;207;194;189m[38;2;207;194;189m-[0m[48;2;182;169;164m[38;2;182;169;164m=[0m[48;2;152;140;137m[38;2;152;140;137m*[0m[48;2;121;112;109m[38;2;121;112;109m#[0m[48;2;83;76;75m[38;2;83;76;75m@[0m[48;2;47;39;41m[38;2;47;39;41m▒[0m[48;2;27;20;23m[38;2;27;20;23m▓[0m[48;2;8;2;7m[38;2;8;2;7m█[0m[48;2;6;2;7m[38;2;6;2;7m█[0m[48;2;191;188;192m[38;2;191;188;192m-[0m[48;2;111;108;113m[38;2;111;108;113m%[0m[48;2;36;32;37m[38;2;36;32;37m▓[0m[48;2;106;101;105m[38;2;106;101;105m%[0m[48;2;119;115;118m[38;2;119;115;118m#[0m[48;2;66;58;63m[38;2;66;58;63m░[0m[48;2;159;142;154m[38;2;159;142;154m+[0m[48;2;161;140;155m[38;2;161;140;155m+[0m[48;2;161;140;155m[38;2;161;140;155m+[0m[48;2;161;140;155m[38;2;161;140;155m+[0m[48;2;161;140;155m[38;2;161;140;155m+[0m[48;2;161;140;155m[38;2;161;140;155m+[0m[48;2;161;140;155m[38;2;161;140;155m+[0m[48;2;161;140;155m[38;2;161;140;155m+[0m[48;2;161;140;155m[38;2;161;140;155m+[0m[48;2;156;140;152m[38;2;156;140;152m*[0m[48;2;45;39;45m[38;2;45;39;45m▒[0m[48;2;196;196;197m[38;2;196;196;197m-[0m                               
                                          [48;2;188;187;188m[38;2;188;187;188m-[0m[48;2;79;76;78m[38;2;79;76;78m@[0m[48;2;17;13;14m[38;2;17;13;14m█[0m[48;2;21;16;16m[38;2;21;16;16m█[0m[48;2;27;21;22m[38;2;27;21;22m▓[0m[48;2;34;29;29m[38;2;34;29;29m▓[0m[48;2;44;39;39m[38;2;44;39;39m▒[0m[48;2;36;32;31m[38;2;36;32;31m▓[0m[48;2;68;64;64m[38;2;68;64;64m░[0m[48;2;71;67;68m[38;2;71;67;68m░[0m[48;2;71;68;67m[38;2;71;68;67m░[0m[48;2;14;12;12m[38;2;14;12;12m█[0m[48;2;45;43;44m[38;2;45;43;44m▒[0m[48;2;28;26;29m[38;2;28;26;29m▓[0m[48;2;4;1;5m[38;2;4;1;5m█[0m[48;2;14;10;18m[38;2;14;10;18m█[0m[48;2;12;7;15m[38;2;12;7;15m█[0m[48;2;22;19;27m[38;2;22;19;27m▓[0m[48;2;26;23;30m[38;2;26;23;30m▓[0m[48;2;241;238;243m[38;2;241;238;243m [0m[48;2;184;182;186m[38;2;184;182;186m-[0m[48;2;65;63;68m[38;2;65;63;68m░[0m[48;2;196;195;198m[38;2;196;195;198m-[0m[48;2;188;185;188m[38;2;188;185;188m-[0m[48;2;30;24;28m[38;2;30;24;28m▓[0m[48;2;156;140;151m[38;2;156;140;151m*[0m[48;2;161;140;155m[38;2;161;140;155m+[0m[48;2;161;140;155m[38;2;161;140;155m+[0m[48;2;161;140;155m[38;2;161;140;155m+[0m[48;2;161;140;155m[38;2;161;140;155m+[0m[48;2;161;140;155m[38;2;161;140;155m+[0m[48;2;161;140;155m[38;2;161;140;155m+[0m[48;2;161;140;155m[38;2;161;140;155m+[0m[48;2;161;140;155m[38;2;161;140;155m+[0m[48;2;161;140;155m[38;2;161;140;155m+[0m[48;2;109;96;106m[38;2;109;96;106m%[0m[48;2;109;106;110m[38;2;109;106;110m%[0m                               
                                       [48;2;180;180;180m[38;2;180;180;180m=[0m[48;2;66;64;66m[38;2;66;64;66m░[0m[48;2;21;19;22m[38;2;21;19;22m▓[0m[48;2;23;20;28m[38;2;23;20;28m▓[0m[48;2;26;23;33m[38;2;26;23;33m▓[0m[48;2;28;24;36m[38;2;28;24;36m▓[0m[48;2;10;6;15m[38;2;10;6;15m█[0m[48;2;8;5;10m[38;2;8;5;10m█[0m[48;2;50;47;51m[38;2;50;47;51m▒[0m[48;2;49;45;48m[38;2;49;45;48m▒[0m[48;2;25;22;25m[38;2;25;22;25m▓[0m[48;2;84;81;85m[38;2;84;81;85m@[0m[48;2;125;123;125m[38;2;125;123;125m#[0m[48;2;10;8;9m[38;2;10;8;9m█[0m[48;2;42;41;42m[38;2;42;41;42m▒[0m[48;2;14;11;14m[38;2;14;11;14m█[0m[48;2;34;31;36m[38;2;34;31;36m▓[0m[48;2;22;18;28m[38;2;22;18;28m▓[0m[48;2;31;25;38m[38;2;31;25;38m▓[0m[48;2;6;2;13m[38;2;6;2;13m█[0m[48;2;15;13;21m[38;2;15;13;21m█[0m[48;2;32;31;37m[38;2;32;31;37m▓[0m[48;2;241;239;243m[38;2;241;239;243m [0m[48;2;240;236;240m[38;2;240;236;240m.[0m[48;2;76;73;77m[38;2;76;73;77m@[0m[48;2;145;145;146m[38;2;145;145;146m*[0m[48;2;199;198;199m[38;2;199;198;199m-[0m[48;2;33;28;31m[38;2;33;28;31m▓[0m[48;2;149;134;144m[38;2;149;134;144m*[0m[48;2;161;140;155m[38;2;161;140;155m+[0m[48;2;161;140;155m[38;2;161;140;155m+[0m[48;2;161;140;155m[38;2;161;140;155m+[0m[48;2;161;140;155m[38;2;161;140;155m+[0m[48;2;161;140;155m[38;2;161;140;155m+[0m[48;2;161;140;155m[38;2;161;140;155m+[0m[48;2;161;140;155m[38;2;161;140;155m+[0m[48;2;161;140;155m[38;2;161;140;155m+[0m[48;2;161;140;155m[38;2;161;140;155m+[0m[48;2;137;120;133m[38;2;137;120;133m#[0m[48;2;68;63;68m[38;2;68;63;68m░[0m                               
                                       [48;2;43;42;43m[38;2;43;42;43m▒[0m[48;2;70;68;70m[38;2;70;68;70m░[0m[48;2;31;28;32m[38;2;31;28;32m▓[0m[48;2;33;28;42m[38;2;33;28;42m▓[0m[48;2;37;32;50m[38;2;37;32;50m▓[0m[48;2;37;32;49m[38;2;37;32;49m▓[0m[48;2;11;8;18m[38;2;11;8;18m█[0m[48;2;23;19;31m[38;2;23;19;31m▓[0m[48;2;14;10;22m[38;2;14;10;22m█[0m[48;2;50;46;52m[38;2;50;46;52m▒[0m[48;2;20;16;21m[38;2;20;16;21m█[0m[48;2;29;26;30m[38;2;29;26;30m▓[0m[48;2;81;79;82m[38;2;81;79;82m@[0m[48;2;13;11;16m[38;2;13;11;16m█[0m[48;2;8;4;9m[38;2;8;4;9m█[0m[48;2;12;8;12m[38;2;12;8;12m█[0m[48;2;85;80;77m[38;2;85;80;77m@[0m[48;2;135;128;119m[38;2;135;128;119m*[0m[48;2;56;48;55m[38;2;56;48;55m▒[0m[48;2;31;24;41m[38;2;31;24;41m▓[0m[48;2;15;10;22m[38;2;15;10;22m█[0m[48;2;5;2;11m[38;2;5;2;11m█[0m[48;2;140;138;143m[38;2;140;138;143m*[0m[48;2;208;203;209m[38;2;208;203;209m:[0m[48;2;206;202;206m[38;2;206;202;206m:[0m[48;2;55;53;55m[38;2;55;53;55m▒[0m[48;2;96;93;96m[38;2;96;93;96m%[0m[48;2;44;36;42m[38;2;44;36;42m▒[0m[48;2;157;143;152m[38;2;157;143;152m+[0m[48;2;152;135;146m[38;2;152;135;146m*[0m[48;2;141;121;135m[38;2;141;121;135m*[0m[48;2;161;140;155m[38;2;161;140;155m+[0m[48;2;161;140;155m[38;2;161;140;155m+[0m[48;2;161;140;155m[38;2;161;140;155m+[0m[48;2;161;140;155m[38;2;161;140;155m+[0m[48;2;161;140;155m[38;2;161;140;155m+[0m[48;2;161;140;155m[38;2;161;140;155m+[0m[48;2;161;140;155m[38;2;161;140;155m+[0m[48;2;121;104;116m[38;2;121;104;116m#[0m[48;2;94;89;95m[38;2;94;89;95m@[0m                               
                                       [48;2;196;195;196m[38;2;196;195;196m-[0m[48;2;61;59;60m[38;2;61;59;60m░[0m[48;2;126;123;125m[38;2;126;123;125m#[0m[48;2;19;15;25m[38;2;19;15;25m█[0m[48;2;34;30;46m[38;2;34;30;46m▓[0m[48;2;34;30;44m[38;2;34;30;44m▓[0m[48;2;8;5;18m[38;2;8;5;18m█[0m[48;2;34;29;45m[38;2;34;29;45m▓[0m[48;2;26;21;38m[38;2;26;21;38m▓[0m[48;2;21;16;25m[38;2;21;16;25m▓[0m[48;2;12;8;13m[38;2;12;8;13m█[0m[48;2;8;5;9m[38;2;8;5;9m█[0m[48;2;4;1;3m[38;2;4;1;3m█[0m[48;2;50;47;49m[38;2;50;47;49m▒[0m[48;2;46;40;40m[38;2;46;40;40m▒[0m[48;2;24;17;17m[38;2;24;17;17m▓[0m[48;2;92;84;87m[38;2;92;84;87m@[0m[48;2;111;100;101m[38;2;111;100;101m%[0m[48;2;68;59;64m[38;2;68;59;64m░[0m[48;2;37;29;48m[38;2;37;29;48m▓[0m[48;2;38;31;50m[38;2;38;31;50m▓[0m[48;2;33;28;44m[38;2;33;28;44m▓[0m[48;2;14;10;22m[38;2;14;10;22m█[0m[48;2;19;15;24m[38;2;19;15;24m█[0m[48;2;70;66;74m[38;2;70;66;74m░[0m[48;2;85;78;86m[38;2;85;78;86m@[0m[48;2;113;106;113m[38;2;113;106;113m%[0m[48;2;138;128;137m[38;2;138;128;137m*[0m[48;2;91;80;89m[38;2;91;80;89m@[0m[48;2;30;19;28m[38;2;30;19;28m▓[0m[48;2;95;80;93m[38;2;95;80;93m@[0m[48;2;160;141;155m[38;2;160;141;155m+[0m[48;2;161;140;155m[38;2;161;140;155m+[0m[48;2;161;140;155m[38;2;161;140;155m+[0m[48;2;161;140;155m[38;2;161;140;155m+[0m[48;2;161;140;155m[38;2;161;140;155m+[0m[48;2;161;140;155m[38;2;161;140;155m+[0m[48;2;155;137;150m[38;2;155;137;150m*[0m[48;2;49;38;47m[38;2;49;38;47m▒[0m[48;2;201;199;201m[38;2;201;199;201m-[0m                               
                                        [48;2;216;215;216m[38;2;216;215;216m:[0m[48;2;60;58;60m[38;2;60;58;60m░[0m[48;2;152;149;152m[38;2;152;149;152m+[0m[48;2;35;32;38m[38;2;35;32;38m▓[0m[48;2;20;16;25m[38;2;20;16;25m█[0m[48;2;16;12;24m[38;2;16;12;24m█[0m[48;2;35;30;47m[38;2;35;30;47m▓[0m[48;2;35;30;48m[38;2;35;30;48m▓[0m[48;2;15;11;21m[38;2;15;11;21m█[0m[48;2;112;109;98m[38;2;112;109;98m%[0m[48;2;102;94;78m[38;2;102;94;78m%[0m[48;2;51;40;31m[38;2;51;40;31m▒[0m[48;2;114;101;86m[38;2;114;101;86m%[0m[48;2;196;184;157m[38;2;196;184;157m-[0m[48;2;43;34;32m[38;2;43;34;32m▓[0m[48;2;36;28;36m[38;2;36;28;36m▓[0m[48;2;47;38;54m[38;2;47;38;54m▒[0m[48;2;39;30;48m[38;2;39;30;48m▓[0m[48;2;39;31;50m[38;2;39;31;50m▓[0m[48;2;39;31;50m[38;2;39;31;50m▓[0m[48;2;37;31;49m[38;2;37;31;49m▓[0m[48;2;35;30;48m[38;2;35;30;48m▓[0m[48;2;24;20;34m[38;2;24;20;34m▓[0m[48;2;24;20;30m[38;2;24;20;30m▓[0m[48;2;56;50;59m[38;2;56;50;59m▒[0m[48;2;47;40;49m[38;2;47;40;49m▒[0m[48;2;34;28;35m[38;2;34;28;35m▓[0m[48;2;24;18;24m[38;2;24;18;24m▓[0m[48;2;109;97;107m[38;2;109;97;107m%[0m[48;2;159;141;155m[38;2;159;141;155m+[0m[48;2;161;140;155m[38;2;161;140;155m+[0m[48;2;161;140;155m[38;2;161;140;155m+[0m[48;2;161;140;155m[38;2;161;140;155m+[0m[48;2;161;140;155m[38;2;161;140;155m+[0m[48;2;159;140;154m[38;2;159;140;154m+[0m[48;2;127;110;123m[38;2;127;110;123m#[0m[48;2;57;46;55m[38;2;57;46;55m▒[0m[48;2;166;161;166m[38;2;166;161;166m+[0m                                
                                         [48;2;210;209;210m[38;2;210;209;210m:[0m[48;2;69;67;69m[38;2;69;67;69m░[0m[48;2;84;82;85m[38;2;84;82;85m@[0m[48;2;29;27;31m[38;2;29;27;31m▓[0m[48;2;26;22;33m[38;2;26;22;33m▓[0m[48;2;35;31;45m[38;2;35;31;45m▓[0m[48;2;28;23;38m[38;2;28;23;38m▓[0m[48;2;13;9;19m[38;2;13;9;19m█[0m[48;2;7;2;8m[38;2;7;2;8m█[0m[48;2;63;52;65m[38;2;63;52;65m░[0m[48;2;125;114;105m[38;2;125;114;105m#[0m[48;2;105;94;82m[38;2;105;94;82m%[0m[48;2;22;13;14m[38;2;22;13;14m█[0m[48;2;17;10;16m[38;2;17;10;16m█[0m[48;2;17;14;21m[38;2;17;14;21m█[0m[48;2;17;13;24m[38;2;17;13;24m█[0m[48;2;15;11;22m[38;2;15;11;22m█[0m[48;2;16;11;24m[38;2;16;11;24m█[0m[48;2;18;13;26m[38;2;18;13;26m█[0m[48;2;20;16;29m[38;2;20;16;29m▓[0m[48;2;22;18;31m[38;2;22;18;31m▓[0m[48;2;23;19;30m[38;2;23;19;30m▓[0m[48;2;23;19;29m[38;2;23;19;29m▓[0m[48;2;20;16;26m[38;2;20;16;26m▓[0m[48;2;9;5;14m[38;2;9;5;14m█[0m[48;2;6;2;9m[38;2;6;2;9m█[0m[48;2;57;53;59m[38;2;57;53;59m░[0m[48;2;118;106;117m[38;2;118;106;117m#[0m[48;2;157;139;153m[38;2;157;139;153m*[0m[48;2;161;141;155m[38;2;161;141;155m+[0m[48;2;158;138;152m[38;2;158;138;152m*[0m[48;2;132;115;128m[38;2;132;115;128m#[0m[48;2;89;75;85m[38;2;89;75;85m@[0m[48;2;74;64;72m[38;2;74;64;72m░[0m[48;2;139;133;139m[38;2;139;133;139m*[0m[48;2;231;229;232m[38;2;231;229;232m.[0m                                 
                                            [48;2;34;33;35m[38;2;34;33;35m▓[0m[48;2;27;24;32m[38;2;27;24;32m▓[0m[48;2;10;7;15m[38;2;10;7;15m█[0m[48;2;46;43;49m[38;2;46;43;49m▒[0m[48;2;21;18;23m[38;2;21;18;23m▓[0m[48;2;12;8;13m[38;2;12;8;13m█[0m[48;2;28;23;36m[38;2;28;23;36m▓[0m[48;2;22;17;34m[38;2;22;17;34m▓[0m[48;2;15;11;20m[38;2;15;11;20m█[0m[48;2;15;9;20m[38;2;15;9;20m█[0m[48;2;19;10;40m[38;2;19;10;40m█[0m[48;2;24;21;30m[38;2;24;21;30m▓[0m[48;2;32;30;33m[38;2;32;30;33m▓[0m[48;2;36;33;38m[38;2;36;33;38m▓[0m[48;2;43;40;46m[38;2;43;40;46m▒[0m[48;2;48;45;51m[38;2;48;45;51m▒[0m[48;2;46;44;49m[38;2;46;44;49m▒[0m[48;2;52;50;54m[38;2;52;50;54m▒[0m[48;2;54;51;56m[38;2;54;51;56m▒[0m[48;2;10;7;11m[38;2;10;7;11m█[0m[48;2;10;8;14m[38;2;10;8;14m█[0m[48;2;19;15;27m[38;2;19;15;27m█[0m[48;2;35;30;49m[38;2;35;30;49m▓[0m[48;2;33;28;48m[38;2;33;28;48m▓[0m[48;2;23;17;35m[38;2;23;17;35m▓[0m[48;2;32;24;39m[38;2;32;24;39m▓[0m[48;2;56;47;57m[38;2;56;47;57m▒[0m[48;2;51;43;51m[38;2;51;43;51m▒[0m[48;2;124;119;124m[38;2;124;119;124m#[0m[48;2;208;204;208m[38;2;208;204;208m:[0m                                    
                                           [48;2;233;233;233m[38;2;233;233;233m.[0m[48;2;8;6;9m[38;2;8;6;9m█[0m[48;2;24;21;25m[38;2;24;21;25m▓[0m[48;2;41;38;44m[38;2;41;38;44m▒[0m[48;2;19;16;24m[38;2;19;16;24m█[0m[48;2;12;9;15m[38;2;12;9;15m█[0m[48;2;112;109;114m[38;2;112;109;114m#[0m[48;2;18;14;27m[38;2;18;14;27m█[0m[48;2;23;11;71m[38;2;23;11;71m▓[0m[48;2;9;3;22m[38;2;9;3;22m█[0m[48;2;15;7;44m[38;2;15;7;44m█[0m[48;2;69;53;117m[38;2;69;53;117m░[0m[48;2;44;34;66m[38;2;44;34;66m▒[0m[48;2;13;8;12m[38;2;13;8;12m█[0m[48;2;9;6;11m[38;2;9;6;11m█[0m[48;2;18;15;22m[38;2;18;15;22m█[0m[48;2;20;17;27m[38;2;20;17;27m▓[0m[48;2;21;18;28m[38;2;21;18;28m▓[0m[48;2;20;16;28m[38;2;20;16;28m▓[0m[48;2;21;16;30m[38;2;21;16;30m▓[0m[48;2;26;21;36m[38;2;26;21;36m▓[0m[48;2;33;28;46m[38;2;33;28;46m▓[0m[48;2;35;30;50m[38;2;35;30;50m▓[0m[48;2;37;31;52m[38;2;37;31;52m▓[0m[48;2;37;31;52m[38;2;37;31;52m▓[0m[48;2;37;31;52m[38;2;37;31;52m▓[0m[48;2;37;31;51m[38;2;37;31;51m▓[0m[48;2;30;25;42m[38;2;30;25;42m▓[0m[48;2;22;17;30m[38;2;22;17;30m▓[0m[48;2;94;91;98m[38;2;94;91;98m%[0m[48;2;213;212;214m[38;2;213;212;214m:[0m                                    
                                           [48;2;126;126;127m[38;2;126;126;127m#[0m[48;2;13;11;15m[38;2;13;11;15m█[0m[48;2;23;20;26m[38;2;23;20;26m▓[0m[48;2;26;22;35m[38;2;26;22;35m▓[0m[48;2;37;31;50m[38;2;37;31;50m▓[0m[48;2;12;8;17m[38;2;12;8;17m█[0m[48;2;216;213;217m[38;2;216;213;217m:[0m[48;2;75;71;82m[38;2;75;71;82m@[0m[48;2;85;66;140m[38;2;85;66;140m@[0m[48;2;60;45;95m[38;2;60;45;95m░[0m[48;2;17;8;45m[38;2;17;8;45m█[0m[48;2;47;36;80m[38;2;47;36;80m▒[0m[48;2;31;22;47m[38;2;31;22;47m▓[0m[48;2;99;95;100m[38;2;99;95;100m%[0m[48;2;187;184;189m[38;2;187;184;189m-[0m[48;2;87;84;90m[38;2;87;84;90m@[0m[48;2;22;18;29m[38;2;22;18;29m▓[0m[48;2;30;26;41m[38;2;30;26;41m▓[0m[48;2;36;31;50m[38;2;36;31;50m▓[0m[48;2;37;31;51m[38;2;37;31;51m▓[0m[48;2;37;31;52m[38;2;37;31;52m▓[0m[48;2;36;30;51m[38;2;36;30;51m▓[0m[48;2;37;31;52m[38;2;37;31;52m▓[0m[48;2;37;31;52m[38;2;37;31;52m▓[0m[48;2;37;31;52m[38;2;37;31;52m▓[0m[48;2;37;31;52m[38;2;37;31;52m▓[0m[48;2;37;31;52m[38;2;37;31;52m▓[0m[48;2;37;31;52m[38;2;37;31;52m▓[0m[48;2;37;31;52m[38;2;37;31;52m▓[0m[48;2;32;27;44m[38;2;32;27;44m▓[0m[48;2;20;16;28m[38;2;20;16;28m▓[0m[48;2;108;105;111m[38;2;108;105;111m%[0m[48;2;233;232;234m[38;2;233;232;234m.[0m                                  
                                           [48;2;74;74;76m[38;2;74;74;76m@[0m[48;2;9;8;12m[38;2;9;8;12m█[0m[48;2;34;29;44m[38;2;34;29;44m▓[0m[48;2;37;32;50m[38;2;37;32;50m▓[0m[48;2;36;30;51m[38;2;36;30;51m▓[0m[48;2;21;18;25m[38;2;21;18;25m▓[0m[48;2;241;238;242m[38;2;241;238;242m [0m[48;2;208;205;209m[38;2;208;205;209m:[0m[48;2;83;80;87m[38;2;83;80;87m@[0m[48;2;74;71;77m[38;2;74;71;77m░[0m[48;2;26;15;64m[38;2;26;15;64m▓[0m[48;2;81;64;135m[38;2;81;64;135m@[0m[48;2;36;26;54m[38;2;36;26;54m▓[0m[48;2;123;120;122m[38;2;123;120;122m#[0m  [48;2;217;215;219m[38;2;217;215;219m:[0m[48;2;124;122;129m[38;2;124;122;129m#[0m[48;2;41;38;48m[38;2;41;38;48m▒[0m[48;2;23;18;32m[38;2;23;18;32m▓[0m[48;2;33;29;45m[38;2;33;29;45m▓[0m[48;2;37;31;51m[38;2;37;31;51m▓[0m[48;2;37;31;52m[38;2;37;31;52m▓[0m[48;2;37;31;52m[38;2;37;31;52m▓[0m[48;2;37;31;52m[38;2;37;31;52m▓[0m[48;2;37;31;52m[38;2;37;31;52m▓[0m[48;2;37;31;52m[38;2;37;31;52m▓[0m[48;2;37;31;52m[38;2;37;31;52m▓[0m[48;2;37;31;52m[38;2;37;31;52m▓[0m[48;2;37;31;52m[38;2;37;31;52m▓[0m[48;2;37;31;51m[38;2;37;31;51m▓[0m[48;2;30;25;42m[38;2;30;25;42m▓[0m[48;2;33;30;41m[38;2;33;30;41m▓[0m[48;2;180;180;183m[38;2;180;180;183m=[0m                                 
                                           [48;2;124;124;124m[38;2;124;124;124m#[0m[48;2;21;19;27m[38;2;21;19;27m▓[0m[48;2;37;32;50m[38;2;37;32;50m▓[0m[48;2;37;32;50m[38;2;37;32;50m▓[0m[48;2;36;30;51m[38;2;36;30;51m▓[0m[48;2;31;28;34m[38;2;31;28;34m▓[0m    [48;2;177;176;180m[38;2;177;176;180m=[0m[48;2;83;81;87m[38;2;83;81;87m@[0m[48;2;89;87;90m[38;2;89;87;90m@[0m[48;2;234;233;234m[38;2;234;233;234m.[0m     [48;2;105;103;106m[38;2;105;103;106m%[0m[48;2;46;43;49m[38;2;46;43;49m▒[0m[48;2;47;43;53m[38;2;47;43;53m▒[0m[48;2;21;16;30m[38;2;21;16;30m▓[0m[48;2;29;24;40m[38;2;29;24;40m▓[0m[48;2;36;31;51m[38;2;36;31;51m▓[0m[48;2;37;31;52m[38;2;37;31;52m▓[0m[48;2;37;31;52m[38;2;37;31;52m▓[0m[48;2;37;31;52m[38;2;37;31;52m▓[0m[48;2;37;31;52m[38;2;37;31;52m▓[0m[48;2;37;31;52m[38;2;37;31;52m▓[0m[48;2;37;31;52m[38;2;37;31;52m▓[0m[48;2;37;31;52m[38;2;37;31;52m▓[0m[48;2;36;31;47m[38;2;36;31;47m▓[0m[48;2;16;14;22m[38;2;16;14;22m█[0m[48;2;172;172;173m[38;2;172;172;173m=[0m                                