                                                                                                              
                                                                                                              
                                                                                                              
                                                                                                              
                                                                                                              
                                                                                                              
                                                                                                              
                                                                                                              
                                                                                                              
                                                                                                              
                                                                                                              
                                                                                                              
                                                                                                              
                                                   [48;2;186;186;187m[38;2;186;186;187m-[0m[48;2;130;130;132m[38;2;130;130;132m*[0m[48;2;93;92;95m[38;2;93;92;95m%[0m[48;2;67;66;70m[38;2;67;66;70m░[0m[48;2;57;56;61m[38;2;57;56;61m░[0m[48;2;53;52;56m[38;2;53;52;56m▒[0m[48;2;57;56;61m[38;2;57;56;61m░[0m[48;2;71;70;76m[38;2;71;70;76m░[0m[48;2;99;98;103m[38;2;99;98;103m%[0m[48;2;143;142;147m[38;2;143;142;147m*[0m[48;2;198;198;201m[38;2;198;198;201m-[0m                                                
                                                [48;2;215;215;215m[38;2;215;215;215m:[0m[48;2;100;99;101m[38;2;100;99;101m%[0m[48;2;29;27;35m[38;2;29;27;35m▓[0m[48;2;28;26;38m[38;2;28;26;38m▓[0m[48;2;39;36;51m[38;2;39;36;51m▒[0m[48;2;44;42;58m[38;2;44;42;58m▒[0m[48;2;44;43;59m[38;2;44;43;59m▒[0m[48;2;45;43;60m[38;2;45;43;60m▒[0m[48;2;47;45;61m[38;2;47;45;61m▒[0m[48;2;46;42;59m[38;2;46;42;59m▒[0m[48;2;45;42;58m[38;2;45;42;58m▒[0m[48;2;43;40;57m[38;2;43;40;57m▒[0m[48;2;37;35;51m[38;2;37;35;51m▒[0m[48;2;27;25;41m[38;2;27;25;41m▓[0m[48;2;35;34;44m[38;2;35;34;44m▓[0m[48;2;101;99;105m[38;2;101;99;105m%[0m[48;2;198;197;199m[38;2;198;197;199m-[0m                                             
                                              [48;2;235;235;236m[38;2;235;235;236m.[0m[48;2;119;119;120m[38;2;119;119;120m#[0m[48;2;25;24;30m[38;2;25;24;30m▓[0m[48;2;37;35;46m[38;2;37;35;46m▒[0m[48;2;45;42;58m[38;2;45;42;58m▒[0m[48;2;42;39;54m[38;2;42;39;54m▒[0m[48;2;35;32;45m[38;2;35;32;45m▓[0m[48;2;28;25;37m[38;2;28;25;37m▓[0m[48;2;28;25;35m[38;2;28;25;35m▓[0m[48;2;42;38;48m[38;2;42;38;48m▒[0m[48;2;46;42;52m[38;2;46;42;52m▒[0m[48;2;26;22;30m[38;2;26;22;30m▓[0m[48;2;46;42;53m[38;2;46;42;53m▒[0m[48;2;67;63;76m[38;2;67;63;76m░[0m[48;2;64;61;74m[38;2;64;61;74m░[0m[48;2;48;46;60m[38;2;48;46;60m▒[0m[48;2;45;43;57m[38;2;45;43;57m▒[0m[48;2;40;38;51m[38;2;40;38;51m▒[0m[48;2;25;23;32m[38;2;25;23;32m▓[0m[48;2;71;69;75m[38;2;71;69;75m░[0m[48;2;204;204;206m[38;2;204;204;206m:[0m                                           
                                             [48;2;191;190;191m[38;2;191;190;191m-[0m[48;2;37;35;41m[38;2;37;35;41m▓[0m[48;2;37;34;45m[38;2;37;34;45m▓[0m[48;2;45;42;57m[38;2;45;42;57m▒[0m[48;2;34;31;46m[38;2;34;31;46m▓[0m[48;2;25;21;32m[38;2;25;21;32m▓[0m[48;2;71;62;72m[38;2;71;62;72m░[0m[48;2;107;96;105m[38;2;107;96;105m%[0m[48;2;135;121;131m[38;2;135;121;131m#[0m[48;2;151;135;146m[38;2;151;135;146m*[0m[48;2;155;138;149m[38;2;155;138;149m*[0m[48;2;148;131;142m[38;2;148;131;142m*[0m[48;2;131;114;125m[38;2;131;114;125m#[0m[48;2;105;91;101m[38;2;105;91;101m%[0m[48;2;79;67;76m[38;2;79;67;76m░[0m[48;2;38;29;36m[38;2;38;29;36m▓[0m[48;2;55;48;55m[38;2;55;48;55m▒[0m[48;2;65;57;66m[38;2;65;57;66m░[0m[48;2;66;59;67m[38;2;66;59;67m░[0m[48;2;53;46;53m[38;2;53;46;53m▒[0m[48;2;26;20;26m[38;2;26;20;26m▓[0m[48;2;11;7;12m[38;2;11;7;12m█[0m[48;2;144;142;146m[38;2;144;142;146m*[0m                                          
                                            [48;2;172;172;173m[38;2;172;172;173m=[0m[48;2;20;19;25m[38;2;20;19;25m▓[0m[48;2;43;41;53m[38;2;43;41;53m▒[0m[48;2;40;38;52m[38;2;40;38;52m▒[0m[48;2;22;19;31m[38;2;22;19;31m▓[0m[48;2;52;46;55m[38;2;52;46;55m▒[0m[48;2;143;129;140m[38;2;143;129;140m*[0m[48;2;159;141;154m[38;2;159;141;154m+[0m[48;2;161;141;155m[38;2;161;141;155m+[0m[48;2;161;140;155m[38;2;161;140;155m+[0m[48;2;117;99;112m[38;2;117;99;112m%[0m[48;2;70;56;66m[38;2;70;56;66m░[0m[48;2;78;64;74m[38;2;78;64;74m░[0m[48;2;87;71;81m[38;2;87;71;81m@[0m[48;2;91;75;85m[38;2;91;75;85m@[0m[48;2;154;137;148m[38;2;154;137;148m*[0m[48;2;156;138;149m[38;2;156;138;149m*[0m[48;2;159;140;152m[38;2;159;140;152m+[0m[48;2;161;142;154m[38;2;161;142;154m+[0m[48;2;151;134;144m[38;2;151;134;144m*[0m[48;2;72;59;68m[38;2;72;59;68m░[0m[48;2;82;71;78m[38;2;82;71;78m@[0m[48;2;87;77;83m[38;2;87;77;83m@[0m[48;2;36;31;35m[38;2;36;31;35m▓[0m[48;2;134;133;135m[38;2;134;133;135m*[0m                                         
                                           [48;2;203;203;204m[38;2;203;203;204m:[0m[48;2;20;18;24m[38;2;20;18;24m▓[0m[48;2;43;40;52m[38;2;43;40;52m▒[0m[48;2;25;22;34m[38;2;25;22;34m▓[0m[48;2;23;18;26m[38;2;23;18;26m▓[0m[48;2;118;106;118m[38;2;118;106;118m#[0m[48;2;160;141;155m[38;2;160;141;155m+[0m[48;2;161;140;155m[38;2;161;140;155m+[0m[48;2;161;140;155m[38;2;161;140;155m+[0m[48;2;161;140;155m[38;2;161;140;155m+[0m[48;2;161;140;155m[38;2;161;140;155m+[0m[48;2;161;140;155m[38;2;161;140;155m+[0m[48;2;160;140;155m[38;2;160;140;155m+[0m[48;2;161;140;155m[38;2;161;140;155m+[0m[48;2;161;140;155m[38;2;161;140;155m+[0m[48;2;161;140;155m[38;2;161;140;155m+[0m[48;2;161;140;155m[38;2;161;140;155m+[0m[48;2;161;140;155m[38;2;161;140;155m+[0m[48;2;161;140;155m[38;2;161;140;155m+[0m[48;2;161;140;155m[38;2;161;140;155m+[0m[48;2;161;140;155m[38;2;161;140;155m+[0m[48;2;160;140;154m[38;2;160;140;154m+[0m[48;2;141;122;135m[38;2;141;122;135m*[0m[48;2;111;95;107m[38;2;111;95;107m%[0m[48;2;115;104;113m[38;2;115;104;113m%[0m[48;2;15;11;15m[38;2;15;11;15m█[0m[48;2;56;54;57m[38;2;56;54;57m░[0m[48;2;95;94;99m[38;2;95;94;99m%[0m[48;2;208;208;208m[38;2;208;208;208m:[0m                                      
                                           [48;2;54;52;55m[38;2;54;52;55m▒[0m[48;2;32;29;39m[38;2;32;29;39m▓[0m[48;2;13;10;20m[38;2;13;10;20m█[0m[48;2;23;18;25m[38;2;23;18;25m▓[0m[48;2;135;123;133m[38;2;135;123;133m#[0m[48;2;160;140;155m[38;2;160;140;155m+[0m[48;2;161;140;155m[38;2;161;140;155m+[0m[48;2;161;140;155m[38;2;161;140;155m+[0m[48;2;161;140;155m[38;2;161;140;155m+[0m[48;2;160;139;154m[38;2;160;139;154m+[0m[48;2;159;138;153m[38;2;159;138;153m*[0m[48;2;159;138;153m[38;2;159;138;153m*[0m[48;2;159;138;153m[38;2;159;138;153m*[0m[48;2;161;140;155m[38;2;161;140;155m+[0m[48;2;161;140;155m[38;2;161;140;155m+[0m[48;2;161;140;155m[38;2;161;140;155m+[0m[48;2;161;140;155m[38;2;161;140;155m+[0m[48;2;161;140;155m[38;2;161;140;155m+[0m[48;2;161;140;155m[38;2;161;140;155m+[0m[48;2;161;140;155m[38;2;161;140;155m+[0m[48;2;161;140;155m[38;2;161;140;155m+[0m[48;2;149;129;143m[38;2;149;129;143m*[0m[48;2;137;117;131m[38;2;137;117;131m#[0m[48;2;160;141;155m[38;2;160;141;155m+[0m[48;2;159;142;155m[38;2;159;142;155m+[0m[48;2;126;112;123m[38;2;126;112;123m#[0m[48;2;13;7;14m[38;2;13;7;14m█[0m[48;2;53;44;77m[38;2;53;44;77m▒[0m[48;2;84;83;86m[38;2;84;83;86m@[0m                                      
                                          [48;2;176;176;176m[38;2;176;176;176m=[0m[48;2;13;10;14m[38;2;13;10;14m█[0m[48;2;24;20;29m[38;2;24;20;29m▓[0m[48;2;17;12;20m[38;2;17;12;20m█[0m[48;2;126;112;122m[38;2;126;112;122m#[0m[48;2;162;143;157m[38;2;162;143;157m+[0m[48;2;161;140;155m[38;2;161;140;155m+[0m[48;2;161;140;155m[38;2;161;140;155m+[0m[48;2;160;140;155m[38;2;160;140;155m+[0m[48;2;129;113;126m[38;2;129;113;126m#[0m[48;2;55;41;52m[38;2;55;41;52m▒[0m[48;2;111;98;109m[38;2;111;98;109m%[0m[48;2;52;39;50m[38;2;52;39;50m▒[0m[48;2;158;139;153m[38;2;158;139;153m*[0m[48;2;100;82;95m[38;2;100;82;95m@[0m[48;2;138;119;133m[38;2;138;119;133m#[0m[48;2;161;140;155m[38;2;161;140;155m+[0m[48;2;161;140;155m[38;2;161;140;155m+[0m[48;2;161;140;155m[38;2;161;140;155m+[0m[48;2;161;140;155m[38;2;161;140;155m+[0m[48;2;148;128;142m[38;2;148;128;142m*[0m[48;2;132;115;128m[38;2;132;115;128m#[0m[48;2;129;113;125m[38;2;129;113;125m#[0m[48;2;49;38;47m[38;2;49;38;47m▒[0m[48;2;159;141;155m[38;2;159;141;155m+[0m[48;2;161;140;155m[38;2;161;140;155m+[0m[48;2;159;141;155m[38;2;159;141;155m+[0m[48;2;94;83;92m[38;2;94;83;92m@[0m[48;2;14;6;15m[38;2;14;6;15m█[0m[48;2;37;30;51m[38;2;37;30;51m▓[0m[48;2;195;194;194m[38;2;195;194;194m-[0m                                     
                                          [48;2;96;94;95m[38;2;96;94;95m%[0m[48;2;13;9;12m[38;2;13;9;12m█[0m[48;2;89;84;90m[38;2;89;84;90m@[0m[48;2;56;48;56m[38;2;56;48;56m▒[0m[48;2;161;143;156m[38;2;161;143;156m+[0m[48;2;162;141;156m[38;2;162;141;156m+[0m[48;2;161;140;155m[38;2;161;140;155m+[0m[48;2;161;140;155m[38;2;161;140;155m+[0m[48;2;149;131;145m[38;2;149;131;145m*[0m[48;2;34;24;34m[38;2;34;24;34m▓[0m[48;2;54;49;55m[38;2;54;49;55m▒[0m[48;2;9;7;11m[38;2;9;7;11m█[0m[48;2;101;94;100m[38;2;101;94;100m%[0m[48;2;107;94;103m[38;2;107;94;103m%[0m[48;2;41;31;38m[38;2;41;31;38m▓[0m[48;2;132;116;128m[38;2;132;116;128m#[0m[48;2;159;140;153m[38;2;159;140;153m+[0m[48;2;161;140;155m[38;2;161;140;155m+[0m[48;2;161;140;155m[38;2;161;140;155m+[0m[48;2;161;140;155m[38;2;161;140;155m+[0m[48;2;113;94;108m[38;2;113;94;108m%[0m[48;2;66;51;63m[38;2;66;51;63m░[0m[48;2;155;140;152m[38;2;155;140;152m*[0m[48;2;53;43;51m[38;2;53;43;51m▒[0m[48;2;119;103;116m[38;2;119;103;116m%[0m[48;2;160;141;155m[38;2;160;141;155m+[0m[48;2;160;141;155m[38;2;160;141;155m+[0m[48;2;155;139;151m[38;2;155;139;151m*[0m[48;2;36;27;36m[38;2;36;27;36m▓[0m[48;2;25;18;35m[38;2;25;18;35m▓[0m[48;2;189;187;189m[38;2;189;187;189m-[0m                                     
                                          [48;2;52;49;50m[38;2;52;49;50m▒[0m[48;2;92;84;90m[38;2;92;84;90m@[0m[48;2;76;68;75m[38;2;76;68;75m░[0m[48;2;100;90;98m[38;2;100;90;98m%[0m[48;2;160;141;155m[38;2;160;141;155m+[0m[48;2;161;140;155m[38;2;161;140;155m+[0m[48;2;161;140;155m[38;2;161;140;155m+[0m[48;2;161;140;155m[38;2;161;140;155m+[0m[48;2;78;65;75m[38;2;78;65;75m░[0m[48;2;9;0;7m[38;2;9;0;7m█[0m[48;2;60;56;59m[38;2;60;56;59m░[0m[48;2;20;18;20m[38;2;20;18;20m▓[0m[48;2;87;83;88m[38;2;87;83;88m@[0m[48;2;27;20;25m[38;2;27;20;25m▓[0m[48;2;19;14;18m[38;2;19;14;18m█[0m[48;2;7;1;6m[38;2;7;1;6m█[0m[48;2;63;53;60m[38;2;63;53;60m░[0m[48;2;153;136;149m[38;2;153;136;149m*[0m[48;2;159;141;154m[38;2;159;141;154m+[0m[48;2;159;141;154m[38;2;159;141;154m+[0m[48;2;136;121;134m[38;2;136;121;134m#[0m[48;2;10;3;9m[38;2;10;3;9m█[0m[48;2;86;78;85m[38;2;86;78;85m@[0m[48;2;131;121;128m[38;2;131;121;128m#[0m[48;2;25;15;20m[38;2;25;15;20m▓[0m[48;2;98;86;94m[38;2;98;86;94m@[0m[48;2;151;138;146m[38;2;151;138;146m*[0m[48;2;132;119;127m[38;2;132;119;127m#[0m[48;2;122;112;118m[38;2;122;112;118m#[0m[48;2;42;36;41m[38;2;42;36;41m▒[0m[48;2;120;117;120m[38;2;120;117;120m#[0m[48;2;216;215;216m[38;2;216;215;216m:[0m                                    
                                         [48;2;235;235;235m[38;2;235;235;235m.[0m[48;2;31;27;30m[38;2;31;27;30m▓[0m[48;2;153;139;148m[38;2;153;139;148m*[0m[48;2;69;57;66m[38;2;69;57;66m░[0m[48;2;112;100;110m[38;2;112;100;110m%[0m[48;2;160;141;155m[38;2;160;141;155m+[0m[48;2;161;140;155m[38;2;161;140;155m+[0m[48;2;161;140;155m[38;2;161;140;155m+[0m[48;2;160;139;154m[38;2;160;139;154m+[0m[48;2;38;26;34m[38;2;38;26;34m▓[0m[48;2;83;74;79m[38;2;83;74;79m@[0m[48;2;214;205;207m[38;2;214;205;207m:[0m[48;2;70;62;67m[38;2;70;62;67m░[0m[48;2;50;28;104m[38;2;50;28;104m▒[0m[48;2;61;31;129m[38;2;61;31;129m▒[0m[48;2;34;15;75m[38;2;34;15;75m▓[0m[48;2;95;88;90m[38;2;95;88;90m@[0m[48;2;152;143;144m[38;2;152;143;144m*[0m[48;2;110;99;101m[38;2;110;99;101m%[0m[48;2;104;92;95m[38;2;104;92;95m%[0m[48;2;103;92;94m[38;2;103;92;94m%[0m[48;2;85;76;80m[38;2;85;76;80m@[0m[48;2;10;4;16m[38;2;10;4;16m█[0m[48;2;31;13;65m[38;2;31;13;65m▓[0m[48;2;47;29;77m[38;2;47;29;77m▒[0m[48;2;20;12;25m[38;2;20;12;25m█[0m[48;2;24;16;20m[38;2;24;16;20m▓[0m[48;2;20;13;16m[38;2;20;13;16m█[0m[48;2;22;16;19m[38;2;22;16;19m█[0m[48;2;29;23;27m[38;2;29;23;27m▓[0m[48;2;51;46;50m[38;2;51;46;50m▒[0m[48;2;46;42;46m[38;2;46;42;46m▒[0m[48;2;12;10;13m[38;2;12;10;13m█[0m[48;2;138;137;137m[38;2;138;137;137m*[0m                                   
                                         [48;2;183;183;183m[38;2;183;183;183m-[0m[48;2;61;54;59m[38;2;61;54;59m░[0m[48;2;159;142;153m[38;2;159;142;153m+[0m[48;2;90;77;87m[38;2;90;77;87m@[0m[48;2;87;77;86m[38;2;87;77;86m@[0m[48;2;160;141;155m[38;2;160;141;155m+[0m[48;2;161;140;155m[38;2;161;140;155m+[0m[48;2;161;140;155m[38;2;161;140;155m+[0m[48;2;159;139;153m[38;2;159;139;153m+[0m[48;2;35;24;30m[38;2;35;24;30m▓[0m[48;2;243;232;233m[38;2;243;232;233m.[0m[48;2;249;237;237m[38;2;249;237;237m [0m[48;2;52;40;43m[38;2;52;40;43m▒[0m[48;2;179;149;196m[38;2;179;149;196m+[0m[48;2;152;103;186m[38;2;152;103;186m#[0m[48;2;63;36;84m[38;2;63;36;84m▒[0m[48;2;161;150;152m[38;2;161;150;152m+[0m[48;2;249;236;231m[38;2;249;236;231m [0m[48;2;251;236;231m[38;2;251;236;231m [0m[48;2;250;236;231m[38;2;250;236;231m [0m[48;2;250;236;232m[38;2;250;236;232m [0m[48;2;189;178;177m[38;2;189;178;177m=[0m[48;2;31;16;43m[38;2;31;16;43m▓[0m[48;2;113;73;173m[38;2;113;73;173m%[0m[48;2;78;38;149m[38;2;78;38;149m░[0m[48;2;39;25;47m[38;2;39;25;47m▓[0m[48;2;221;211;214m[38;2;221;211;214m:[0m[48;2;60;52;54m[38;2;60;52;54m▒[0m[48;2;142;137;139m[38;2;142;137;139m*[0m[48;2;10;7;9m[38;2;10;7;9m█[0m[48;2;30;26;30m[38;2;30;26;30m▓[0m[48;2;126;123;126m[38;2;126;123;126m#[0m[48;2;234;232;234m[38;2;234;232;234m.[0m                                    
                                         [48;2;178;178;178m[38;2;178;178;178m=[0m[48;2;63;58;62m[38;2;63;58;62m░[0m[48;2;159;143;155m[38;2;159;143;155m+[0m[48;2;148;132;145m[38;2;148;132;145m*[0m[48;2;23;16;22m[38;2;23;16;22m▓[0m[48;2;130;115;126m[38;2;130;115;126m#[0m[48;2;161;141;155m[38;2;161;141;155m+[0m[48;2;161;140;155m[38;2;161;140;155m+[0m[48;2;160;140;154m[38;2;160;140;154m+[0m[48;2;38;27;33m[38;2;38;27;33m▓[0m[48;2;213;196;196m[38;2;213;196;196m-[0m[48;2;248;228;226m[38;2;248;228;226m.[0m[48;2;94;81;81m[38;2;94;81;81m@[0m[48;2;143;113;146m[38;2;143;113;146m#[0m[48;2;168;122;169m[38;2;168;122;169m*[0m[48;2;63;48;62m[38;2;63;48;62m▒[0m[48;2;237;226;223m[38;2;237;226;223m.[0m[48;2;250;236;228m[38;2;250;236;228m [0m[48;2;251;236;227m[38;2;251;236;227m [0m[48;2;250;235;226m[38;2;250;235;226m [0m[48;2;250;234;227m[38;2;250;234;227m [0m[48;2;218;205;202m[38;2;218;205;202m:[0m[48;2;49;35;43m[38;2;49;35;43m▒[0m[48;2;211;171;218m[38;2;211;171;218m-[0m[48;2;111;81;119m[38;2;111;81;119m%[0m[48;2;125;111;114m[38;2;125;111;114m#[0m[48;2;245;233;230m[38;2;245;233;230m.[0m[48;2;243;230;228m[38;2;243;230;228m.[0m[48;2;177;166;164m[38;2;177;166;164m=[0m[48;2;58;50;54m[38;2;58;50;54m▒[0m[48;2;68;58;64m[38;2;68;58;64m░[0m[48;2;78;71;76m[38;2;78;71;76m@[0m                                     
                                         [48;2;233;233;233m[38;2;233;233;233m.[0m[48;2;39;36;38m[38;2;39;36;38m▒[0m[48;2;112;100;108m[38;2;112;100;108m%[0m[48;2;81;69;77m[38;2;81;69;77m@[0m[48;2;12;4;9m[38;2;12;4;9m█[0m[48;2;13;5;11m[38;2;13;5;11m█[0m[48;2;78;67;75m[38;2;78;67;75m░[0m[48;2;131;114;126m[38;2;131;114;126m#[0m[48;2;155;138;151m[38;2;155;138;151m*[0m[48;2;107;94;104m[38;2;107;94;104m%[0m[48;2;80;68;70m[38;2;80;68;70m░[0m[48;2;239;224;222m[38;2;239;224;222m.[0m[48;2;235;221;218m[38;2;235;221;218m.[0m[48;2;148;136;133m[38;2;148;136;133m*[0m[48;2;148;135;133m[38;2;148;135;133m*[0m[48;2;230;217;213m[38;2;230;217;213m.[0m[48;2;251;236;229m[38;2;251;236;229m [0m[48;2;248;233;224m[38;2;248;233;224m.[0m[48;2;175;160;152m[38;2;175;160;152m+[0m[48;2;224;209;200m[38;2;224;209;200m:[0m[48;2;250;235;227m[38;2;250;235;227m [0m[48;2;250;235;229m[38;2;250;235;229m [0m[48;2;138;124;121m[38;2;138;124;121m#[0m[48;2;93;73;80m[38;2;93;73;80m@[0m[48;2;111;93;96m[38;2;111;93;96m%[0m[48;2;238;221;216m[38;2;238;221;216m.[0m[48;2;242;211;201m[38;2;242;211;201m:[0m[48;2;244;217;207m[38;2;244;217;207m.[0m[48;2;178;166;164m[38;2;178;166;164m=[0m[48;2;66;56;60m[38;2;66;56;60m░[0m[48;2;146;133;141m[38;2;146;133;141m*[0m[48;2;37;30;35m[38;2;37;30;35m▓[0m                                     
                                          [48;2;72;71;71m[38;2;72;71;71m░[0m[48;2;35;33;34m[38;2;35;33;34m▓[0m[48;2;121;114;116m[38;2;121;114;116m#[0m[48;2;230;219;217m[38;2;230;219;217m.[0m[48;2;176;165;166m[38;2;176;165;166m=[0m[48;2;15;10;12m[38;2;15;10;12m█[0m[48;2;4;1;4m[38;2;4;1;4m█[0m[48;2;17;14;17m[38;2;17;14;17m█[0m[48;2;92;86;91m[38;2;92;86;91m@[0m[48;2;73;64;68m[38;2;73;64;68m░[0m[48;2;80;70;71m[38;2;80;70;71m░[0m[48;2;180;168;165m[38;2;180;168;165m=[0m[48;2;248;235;228m[38;2;248;235;228m [0m[48;2;250;234;228m[38;2;250;234;228m [0m[48;2;250;235;226m[38;2;250;235;226m [0m[48;2;250;235;226m[38;2;250;235;226m [0m[48;2;249;234;225m[38;2;249;234;225m.[0m[48;2;200;185;177m[38;2;200;185;177m-[0m[48;2;228;213;204m[38;2;228;213;204m:[0m[48;2;250;235;226m[38;2;250;235;226m [0m[48;2;250;235;226m[38;2;250;235;226m [0m[48;2;250;235;226m[38;2;250;235;226m [0m[48;2;251;236;227m[38;2;251;236;227m [0m[48;2;252;236;229m[38;2;252;236;229m [0m[48;2;245;226;218m[38;2;245;226;218m.[0m[48;2;241;214;206m[38;2;241;214;206m.[0m[48;2;249;226;223m[38;2;249;226;223m.[0m[48;2;134;122;121m[38;2;134;122;121m#[0m[48;2;39;31;33m[38;2;39;31;33m▓[0m[48;2;34;25;29m[38;2;34;25;29m▓[0m[48;2;185;180;184m[38;2;185;180;184m=[0m                                     
                                         [48;2;165;165;165m[38;2;165;165;165m=[0m[48;2;86;85;86m[38;2;86;85;86m@[0m[48;2;193;192;193m[38;2;193;192;193m-[0m[48;2;79;76;77m[38;2;79;76;77m@[0m[48;2;116;109;109m[38;2;116;109;109m#[0m[48;2;226;217;216m[38;2;226;217;216m.[0m[48;2;112;105;106m[38;2;112;105;106m%[0m[48;2;82;78;80m[38;2;82;78;80m@[0m[48;2;8;6;7m[38;2;8;6;7m█[0m[48;2;75;70;72m[38;2;75;70;72m░[0m[48;2;211;203;204m[38;2;211;203;204m:[0m[48;2;247;236;234m[38;2;247;236;234m [0m[48;2;249;237;233m[38;2;249;237;233m [0m[48;2;249;236;231m[38;2;249;236;231m [0m[48;2;251;236;231m[38;2;251;236;231m [0m[48;2;251;236;229m[38;2;251;236;229m [0m[48;2;251;235;228m[38;2;251;235;228m [0m[48;2;250;234;227m[38;2;250;234;227m [0m[48;2;250;235;227m[38;2;250;235;227m [0m[48;2;250;235;227m[38;2;250;235;227m [0m[48;2;250;235;227m[38;2;250;235;227m [0m[48;2;250;235;227m[38;2;250;235;227m [0m[48;2;250;235;227m[38;2;250;235;227m [0m[48;2;250;235;227m[38;2;250;235;227m [0m[48;2;250;234;228m[38;2;250;234;228m [0m[48;2;251;235;230m[38;2;251;235;230m [0m[48;2;251;234;235m[38;2;251;234;235m [0m[48;2;185;170;171m[38;2;185;170;171m=[0m[48;2;46;38;40m[38;2;46;38;40m▒[0m[48;2;96;90;95m[38;2;96;90;95m%[0m[48;2;56;52;56m[38;2;56;52;56m▒[0m                                      
                                         [48;2;116;116;117m[38;2;116;116;117m#[0m[48;2;115;114;115m[38;2;115;114;115m#[0m[48;2;202;201;204m[38;2;202;201;204m:[0m[48;2;145;143;146m[38;2;145;143;146m*[0m[48;2;2;0;2m[38;2;2;0;2m█[0m[48;2;12;9;12m[38;2;12;9;12m█[0m[48;2;35;30;34m[38;2;35;30;34m▓[0m[48;2;114;111;114m[38;2;114;111;114m#[0m[48;2;136;133;136m[38;2;136;133;136m*[0m[48;2;41;36;39m[38;2;41;36;39m▒[0m[48;2;54;50;52m[38;2;54;50;52m▒[0m[48;2;27;22;23m[38;2;27;22;23m▓[0m[48;2;50;45;46m[38;2;50;45;46m▒[0m[48;2;74;69;70m[38;2;74;69;70m░[0m[48;2;98;92;94m[38;2;98;92;94m%[0m[48;2;118;109;111m[38;2;118;109;111m#[0m[48;2;137;127;128m[38;2;137;127;128m*[0m[48;2;154;143;143m[38;2;154;143;143m*[0m[48;2;167;157;156m[38;2;167;157;156m+[0m[48;2;175;167;164m[38;2;175;167;164m=[0m[48;2;182;173;170m[38;2;182;173;170m=[0m[48;2;184;176;172m[38;2;184;176;172m=[0m[48;2;180;171;168m[38;2;180;171;168m=[0m[48;2;167;158;155m[38;2;167;158;155m+[0m[48;2;148;139;137m[38;2;148;139;137m*[0m[48;2;115;105;106m[38;2;115;105;106m%[0m[48;2;59;51;57m[38;2;59;51;57m▒[0m[48;2;20;14;22m[38;2;20;14;22m█[0m[48;2;14;11;17m[38;2;14;11;17m█[0m[48;2;29;26;30m[38;2;29;26;30m▓[0m[48;2;215;212;216m[38;2;215;212;216m:[0m                                      
                                       [48;2;164;162;164m[38;2;164;162;164m+[0m[48;2;69;66;70m[38;2;69;66;70m░[0m[48;2;48;44;50m[38;2;48;44;50m▒[0m[48;2;103;99;105m[38;2;103;99;105m%[0m[48;2;202;201;204m[38;2;202;201;204m:[0m[48;2;137;136;139m[38;2;137;136;139m*[0m[48;2;3;2;4m[38;2;3;2;4m█[0m[48;2;11;9;13m[38;2;11;9;13m█[0m[48;2;7;4;8m[38;2;7;4;8m█[0m[48;2;120;118;122m[38;2;120;118;122m#[0m [48;2;43;40;44m[38;2;43;40;44m▒[0m[48;2;9;7;10m[38;2;9;7;10m█[0m[48;2;14;13;16m[38;2;14;13;16m█[0m[48;2;3;1;4m[38;2;3;1;4m█[0m[48;2;4;2;6m[38;2;4;2;6m█[0m[48;2;19;17;23m[38;2;19;17;23m█[0m[48;2;32;27;37m[38;2;32;27;37m▓[0m[48;2;27;23;33m[38;2;27;23;33m▓[0m[48;2;23;19;27m[38;2;23;19;27m▓[0m[48;2;112;108;113m[38;2;112;108;113m#[0m[48;2;60;57;59m[38;2;60;57;59m░[0m[48;2;19;17;17m[38;2;19;17;17m█[0m[48;2;62;59;60m[38;2;62;59;60m░[0m[48;2;71;68;71m[38;2;71;68;71m░[0m[48;2;11;8;12m[38;2;11;8;12m█[0m[48;2;7;5;8m[38;2;7;5;8m█[0m[48;2;6;3;7m[38;2;6;3;7m█[0m[48;2;34;30;41m[38;2;34;30;41m▓[0m[48;2;30;25;39m[38;2;30;25;39m▓[0m[48;2;8;4;13m[38;2;8;4;13m█[0m[48;2;54;51;56m[38;2;54;51;56m▒[0m                                       
                                     [48;2;226;225;227m[38;2;226;225;227m.[0m[48;2;75;71;77m[38;2;75;71;77m░[0m[48;2;91;84;91m[38;2;91;84;91m@[0m[48;2;151;136;147m[38;2;151;136;147m*[0m[48;2;143;125;138m[38;2;143;125;138m*[0m[48;2;45;37;45m[38;2;45;37;45m▒[0m[48;2;194;191;197m[38;2;194;191;197m-[0m[48;2;189;188;192m[38;2;189;188;192m-[0m[48;2;24;23;27m[38;2;24;23;27m▓[0m[48;2;9;8;12m[38;2;9;8;12m█[0m[48;2;14;12;16m[38;2;14;12;16m█[0m[48;2;206;204;208m[38;2;206;204;208m:[0m[48;2;225;223;227m[38;2;225;223;227m.[0m[48;2;25;23;27m[38;2;25;23;27m▓[0m[48;2;12;10;15m[38;2;12;10;15m█[0m[48;2;24;21;31m[38;2;24;21;31m▓[0m[48;2;26;23;36m[38;2;26;23;36m▓[0m[48;2;27;24;34m[38;2;27;24;34m▓[0m[48;2;21;20;27m[38;2;21;20;27m▓[0m[48;2;6;5;13m[38;2;6;5;13m█[0m[48;2;44;42;50m[38;2;44;42;50m▒[0m[48;2;14;13;20m[38;2;14;13;20m█[0m[48;2;5;3;8m[38;2;5;3;8m█[0m[48;2;55;53;56m[38;2;55;53;56m▒[0m[48;2;178;176;177m[38;2;178;176;177m=[0m[48;2;78;76;77m[38;2;78;76;77m@[0m[48;2;45;43;45m[38;2;45;43;45m▒[0m[48;2;18;16;19m[38;2;18;16;19m█[0m[48;2;77;72;69m[38;2;77;72;69m@[0m[48;2;8;4;10m[38;2;8;4;10m█[0m[48;2;33;29;40m[38;2;33;29;40m▓[0m[48;2;23;19;30m[38;2;23;19;30m▓[0m[48;2;164;162;167m[38;2;164;162;167m+[0m                                        
                                    [48;2;236;236;236m[38;2;236;236;236m.[0m[48;2;49;46;49m[38;2;49;46;49m▒[0m[48;2;131;116;126m[38;2;131;116;126m#[0m[48;2;158;140;151m[38;2;158;140;151m+[0m[48;2;157;139;150m[38;2;157;139;150m*[0m[48;2;146;129;140m[38;2;146;129;140m*[0m[48;2;58;47;56m[38;2;58;47;56m▒[0m[48;2;55;50;56m[38;2;55;50;56m▒[0m[48;2;158;155;161m[38;2;158;155;161m+[0m[48;2;109;107;112m[38;2;109;107;112m%[0m[48;2;15;12;18m[38;2;15;12;18m█[0m[48;2;142;139;145m[38;2;142;139;145m*[0m[48;2;156;154;159m[38;2;156;154;159m+[0m[48;2;42;39;46m[38;2;42;39;46m▒[0m[48;2;25;21;32m[38;2;25;21;32m▓[0m[48;2;18;14;24m[38;2;18;14;24m█[0m[48;2;19;15;28m[38;2;19;15;28m█[0m[48;2;37;31;51m[38;2;37;31;51m▓[0m[48;2;37;31;50m[38;2;37;31;50m▓[0m[48;2;37;31;50m[38;2;37;31;50m▓[0m[48;2;26;21;37m[38;2;26;21;37m▓[0m[48;2;15;12;21m[38;2;15;12;21m█[0m[48;2;69;66;61m[38;2;69;66;61m░[0m[48;2;42;38;30m[38;2;42;38;30m▒[0m[48;2;14;10;11m[38;2;14;10;11m█[0m[48;2;3;0;2m[38;2;3;0;2m█[0m[48;2;7;3;4m[38;2;7;3;4m█[0m[48;2;76;71;68m[38;2;76;71;68m░[0m[48;2;36;30;29m[38;2;36;30;29m▓[0m[48;2;130;125;111m[38;2;130;125;111m#[0m[48;2;7;3;6m[38;2;7;3;6m█[0m[48;2;21;18;24m[38;2;21;18;24m▓[0m[48;2;180;178;182m[38;2;180;178;182m=[0m                                         
                                    [48;2;140;138;139m[38;2;140;138;139m*[0m[48;2;82;75;82m[38;2;82;75;82m@[0m[48;2;159;140;152m[38;2;159;140;152m+[0m[48;2;160;141;152m[38;2;160;141;152m+[0m[48;2;113;98;108m[38;2;113;98;108m%[0m[48;2;72;62;70m[38;2;72;62;70m░[0m[48;2;189;181;189m[38;2;189;181;189m-[0m[48;2;136;131;138m[38;2;136;131;138m*[0m[48;2;20;17;23m[38;2;20;17;23m▓[0m[48;2;60;54;61m[38;2;60;54;61m░[0m[48;2;43;36;43m[38;2;43;36;43m▒[0m[48;2;31;26;33m[38;2;31;26;33m▓[0m[48;2;8;5;11m[38;2;8;5;11m█[0m[48;2;14;11;21m[38;2;14;11;21m█[0m[48;2;16;12;26m[38;2;16;12;26m█[0m[48;2;24;20;34m[38;2;24;20;34m▓[0m[48;2;35;30;48m[38;2;35;30;48m▓[0m[48;2;37;31;52m[38;2;37;31;52m▓[0m[48;2;37;31;52m[38;2;37;31;52m▓[0m[48;2;37;31;52m[38;2;37;31;52m▓[0m[48;2;36;30;51m[38;2;36;30;51m▓[0m[48;2;26;21;38m[38;2;26;21;38m▓[0m[48;2;90;84;76m[38;2;90;84;76m@[0m[48;2;220;209;160m[38;2;220;209;160m:[0m[48;2;193;178;136m[38;2;193;178;136m=[0m[48;2;131;116;85m[38;2;131;116;85m#[0m[48;2;171;156;123m[38;2;171;156;123m+[0m[48;2;220;206;164m[38;2;220;206;164m:[0m[48;2;55;47;38m[38;2;55;47;38m▒[0m[48;2;48;41;43m[38;2;48;41;43m▒[0m[48;2;19;15;23m[38;2;19;15;23m█[0m[48;2;117;115;121m[38;2;117;115;121m#[0m                                          
                                    [48;2;135;132;134m[38;2;135;132;134m*[0m[48;2;90;80;88m[38;2;90;80;88m@[0m[48;2;159;140;152m[38;2;159;140;152m+[0m[48;2;156;137;149m[38;2;156;137;149m*[0m[48;2;39;28;36m[38;2;39;28;36m▓[0m[48;2;160;153;160m[38;2;160;153;160m+[0m[48;2;46;40;47m[38;2;46;40;47m▒[0m[48;2;77;70;77m[38;2;77;70;77m░[0m[48;2;147;136;145m[38;2;147;136;145m*[0m[48;2;160;143;154m[38;2;160;143;154m+[0m[48;2;160;142;154m[38;2;160;142;154m+[0m[48;2;156;142;154m[38;2;156;142;154m+[0m[48;2;27;22;29m[38;2;27;22;29m▓[0m[48;2;35;30;44m[38;2;35;30;44m▓[0m[48;2;36;30;51m[38;2;36;30;51m▓[0m[48;2;37;31;52m[38;2;37;31;52m▓[0m[48;2;37;31;52m[38;2;37;31;52m▓[0m[48;2;37;31;52m[38;2;37;31;52m▓[0m[48;2;37;31;52m[38;2;37;31;52m▓[0m[48;2;37;31;51m[38;2;37;31;51m▓[0m[48;2;29;23;41m[38;2;29;23;41m▓[0m[48;2;12;8;21m[38;2;12;8;21m█[0m[48;2;25;21;25m[38;2;25;21;25m▓[0m[48;2;85;79;68m[38;2;85;79;68m@[0m[48;2;153;141;117m[38;2;153;141;117m*[0m[48;2;206;191;156m[38;2;206;191;156m-[0m[48;2;190;173;145m[38;2;190;173;145m=[0m[48;2;86;72;61m[38;2;86;72;61m@[0m[48;2;19;10;13m[38;2;19;10;13m█[0m[48;2;4;1;5m[38;2;4;1;5m█[0m[48;2;20;19;23m[38;2;20;19;23m▓[0m[48;2;7;6;11m[38;2;7;6;11m█[0m[48;2;112;111;115m[38;2;112;111;115m#[0m[48;2;177;177;178m[38;2;177;177;178m=[0m[48;2;212;212;212m[38;2;212;212;212m:[0m                                       
                                    [48;2;232;232;232m[38;2;232;232;232m.[0m[48;2;62;57;61m[38;2;62;57;61m░[0m[48;2;113;99;107m[38;2;113;99;107m%[0m[48;2;155;140;151m[38;2;155;140;151m*[0m[48;2;72;58;69m[38;2;72;58;69m░[0m[48;2;19;9;18m[38;2;19;9;18m█[0m[48;2;53;45;53m[38;2;53;45;53m▒[0m[48;2;102;91;100m[38;2;102;91;100m%[0m[48;2;132;119;129m[38;2;132;119;129m#[0m[48;2;116;103;113m[38;2;116;103;113m%[0m[48;2;70;59;68m[38;2;70;59;68m░[0m[48;2;85;75;85m[38;2;85;75;85m@[0m[48;2;12;8;15m[38;2;12;8;15m█[0m[48;2;34;29;43m[38;2;34;29;43m▓[0m[48;2;37;31;51m[38;2;37;31;51m▓[0m[48;2;37;31;52m[38;2;37;31;52m▓[0m[48;2;36;30;52m[38;2;36;30;52m▓[0m[48;2;34;29;47m[38;2;34;29;47m▓[0m[48;2;15;11;24m[38;2;15;11;24m█[0m[48;2;9;5;15m[38;2;9;5;15m█[0m[48;2;17;14;19m[38;2;17;14;19m█[0m[48;2;51;48;52m[38;2;51;48;52m▒[0m[48;2;10;7;10m[38;2;10;7;10m█[0m[48;2;73;70;72m[38;2;73;70;72m░[0m[48;2;46;45;46m[38;2;46;45;46m▒[0m[48;2;23;22;22m[38;2;23;22;22m▓[0m[48;2;13;12;13m[38;2;13;12;13m█[0m[48;2;15;13;19m[38;2;15;13;19m█[0m[48;2;38;37;41m[38;2;38;37;41m▒[0m[48;2;5;4;7m[38;2;5;4;7m█[0m[48;2;32;31;34m[38;2;32;31;34m▓[0m[48;2;46;45;49m[38;2;46;45;49m▒[0m[48;2;35;34;38m[38;2;35;34;38m▓[0m[48;2;33;32;36m[38;2;33;32;36m▓[0m[48;2;26;25;28m[38;2;26;25;28m▓[0m[48;2;241;240;243m[38;2;241;240;243m [0m                                      
                                      [48;2;130;126;128m[38;2;130;126;128m#[0m[48;2;35;29;34m[38;2;35;29;34m▓[0m[48;2;81;69;81m[38;2;81;69;81m@[0m[48;2;103;90;102m[38;2;103;90;102m%[0m[48;2;96;84;95m[38;2;96;84;95m@[0m[48;2;77;66;77m[38;2;77;66;77m░[0m[48;2;56;45;56m[38;2;56;45;56m▒[0m[48;2;24;17;25m[38;2;24;17;25m▓[0m[48;2;8;1;9m[38;2;8;1;9m█[0m[48;2;23;19;25m[38;2;23;19;25m▓[0m[48;2;12;9;15m[38;2;12;9;15m█[0m[48;2;10;7;16m[38;2;10;7;16m█[0m[48;2;24;20;32m[38;2;24;20;32m▓[0m[48;2;27;23;37m[38;2;27;23;37m▓[0m[48;2;25;21;36m[38;2;25;21;36m▓[0m[48;2;9;5;16m[38;2;9;5;16m█[0m[48;2;5;1;6m[38;2;5;1;6m█[0m[48;2;36;33;37m[38;2;36;33;37m▓[0m[48;2;59;56;60m[38;2;59;56;60m░[0m[48;2;9;6;11m[38;2;9;6;11m█[0m[48;2;15;11;18m[38;2;15;11;18m█[0m[48;2;104;101;107m[38;2;104;101;107m%[0m[48;2;103;100;104m[38;2;103;100;104m%[0m[48;2;85;85;85m[38;2;85;85;85m@[0m[48;2;75;75;75m[38;2;75;75;75m@[0m[48;2;70;68;78m[38;2;70;68;78m░[0m[48;2;20;16;34m[38;2;20;16;34m▓[0m[48;2;25;18;57m[38;2;25;18;57m▓[0m[48;2;9;7;19m[38;2;9;7;19m█[0m[48;2;24;22;32m[38;2;24;22;32m▓[0m[48;2;33;30;46m[38;2;33;30;46m▓[0m[48;2;34;29;46m[38;2;34;29;46m▓[0m[48;2;22;17;33m[38;2;22;17;33m▓[0m[48;2;57;54;64m[38;2;57;54;64m░[0m[48;2;173;171;175m[38;2;173;171;175m=[0m                                     
                                       [48;2;82;80;82m[38;2;82;80;82m@[0m[48;2;72;65;71m[38;2;72;65;71m░[0m[48;2;108;97;107m[38;2;108;97;107m%[0m[48;2;116;101;114m[38;2;116;101;114m%[0m[48;2;115;102;114m[38;2;115;102;114m%[0m[48;2;118;105;118m[38;2;118;105;118m#[0m[48;2;127;114;126m[38;2;127;114;126m#[0m[48;2;125;112;124m[38;2;125;112;124m#[0m[48;2;118;105;115m[38;2;118;105;115m#[0m[48;2;113;100;109m[38;2;113;100;109m%[0m[48;2;108;96;105m[38;2;108;96;105m%[0m[48;2;107;95;104m[38;2;107;95;104m%[0m[48;2;105;93;102m[38;2;105;93;102m%[0m[48;2;104;92;101m[38;2;104;92;101m%[0m[48;2;97;89;97m[38;2;97;89;97m%[0m[48;2;67;61;67m[38;2;67;61;67m░[0m[48;2;25;21;25m[38;2;25;21;25m▓[0m[48;2;12;9;15m[38;2;12;9;15m█[0m[48;2;27;23;35m[38;2;27;23;35m▓[0m[48;2;35;30;45m[38;2;35;30;45m▓[0m[48;2;28;24;36m[38;2;28;24;36m▓[0m[48;2;210;206;213m[38;2;210;206;213m:[0m [48;2;163;162;166m[38;2;163;162;166m+[0m[48;2;38;34;49m[38;2;38;34;49m▒[0m[48;2;36;29;61m[38;2;36;29;61m▓[0m[48;2;16;12;26m[38;2;16;12;26m█[0m[48;2;13;9;22m[38;2;13;9;22m█[0m[48;2;5;4;9m[38;2;5;4;9m█[0m[48;2;31;27;43m[38;2;31;27;43m▓[0m[48;2;37;31;52m[38;2;37;31;52m▓[0m[48;2;37;31;52m[38;2;37;31;52m▓[0m[48;2;36;30;50m[38;2;36;30;50m▓[0m[48;2;23;19;33m[38;2;23;19;33m▓[0m[48;2;55;52;58m[38;2;55;52;58m▒[0m[48;2;185;184;186m[38;2;185;184;186m-[0m                                   
                                        [48;2;184;183;185m[38;2;184;183;185m-[0m[48;2;119;117;119m[38;2;119;117;119m#[0m[48;2;89;84;90m[38;2;89;84;90m@[0m[48;2;85;80;86m[38;2;85;80;86m@[0m[48;2;91;87;93m[38;2;91;87;93m@[0m[48;2;77;72;78m[38;2;77;72;78m@[0m[48;2;73;67;74m[38;2;73;67;74m░[0m[48;2;74;68;75m[38;2;74;68;75m░[0m[48;2;74;68;74m[38;2;74;68;74m░[0m[48;2;69;63;70m[38;2;69;63;70m░[0m[48;2;63;56;64m[38;2;63;56;64m░[0m[48;2;52;45;54m[38;2;52;45;54m▒[0m[48;2;31;24;34m[38;2;31;24;34m▓[0m[48;2;22;15;28m[38;2;22;15;28m▓[0m[48;2;24;18;33m[38;2;24;18;33m▓[0m[48;2;33;28;44m[38;2;33;28;44m▓[0m[48;2;37;31;50m[38;2;37;31;50m▓[0m[48;2;37;31;51m[38;2;37;31;51m▓[0m[48;2;37;32;51m[38;2;37;32;51m▓[0m[48;2;30;25;41m[38;2;30;25;41m▓[0m[48;2;45;41;54m[38;2;45;41;54m▒[0m[48;2;224;222;229m[38;2;224;222;229m.[0m [48;2;236;236;236m[38;2;236;236;236m.[0m[48;2;170;170;171m[38;2;170;170;171m=[0m[48;2;50;47;59m[38;2;50;47;59m▒[0m[48;2;58;54;67m[38;2;58;54;67m░[0m[48;2;22;21;25m[38;2;22;21;25m▓[0m[48;2;8;6;20m[38;2;8;6;20m█[0m[48;2;32;27;46m[38;2;32;27;46m▓[0m[48;2;37;31;52m[38;2;37;31;52m▓[0m[48;2;37;31;52m[38;2;37;31;52m▓[0m[48;2;37;31;52m[38;2;37;31;52m▓[0m[48;2;34;29;48m[38;2;34;29;48m▓[0m[48;2;22;17;30m[38;2;22;17;30m▓[0m[48;2;88;85;92m[38;2;88;85;92m@[0m[48;2;233;232;235m[38;2;233;232;235m.[0m                                 
                                                [48;2;120;120;120m[38;2;120;120;120m#[0m[48;2;20;17;24m[38;2;20;17;24m▓[0m[48;2;36;31;48m[38;2;36;31;48m▓[0m[48;2;36;31;49m[38;2;36;31;49m▓[0m[48;2;36;30;51m[38;2;36;30;51m▓[0m[48;2;37;31;52m[38;2;37;31;52m▓[0m[48;2;37;31;52m[38;2;37;31;52m▓[0m[48;2;37;31;52m[38;2;37;31;52m▓[0m[48;2;37;31;52m[38;2;37;31;52m▓[0m[48;2;37;31;52m[38;2;37;31;52m▓[0m[48;2;37;31;52m[38;2;37;31;52m▓[0m[48;2;37;31;52m[38;2;37;31;52m▓[0m[48;2;28;23;42m[38;2;28;23;42m▓[0m[48;2;53;49;60m[38;2;53;49;60m▒[0m[48;2;225;225;226m[38;2;225;225;226m.[0m  [48;2;237;237;237m[38;2;237;237;237m.[0m[48;2;235;235;236m[38;2;235;235;236m.[0m[48;2;118;117;119m[38;2;118;117;119m#[0m[48;2;24;15;67m[38;2;24;15;67m▓[0m[48;2;14;8;46m[38;2;14;8;46m█[0m[48;2;30;25;44m[38;2;30;25;44m▓[0m[48;2;37;31;52m[38;2;37;31;52m▓[0m[48;2;37;31;52m[38;2;37;31;52m▓[0m[48;2;37;31;52m[38;2;37;31;52m▓[0m[48;2;37;31;52m[38;2;37;31;52m▓[0m[48;2;30;25;43m[38;2;30;25;43m▓[0m[48;2;43;39;48m[38;2;43;39;48m▒[0m[48;2;218;217;218m[38;2;218;217;218m:[0m                                