                                                                                                              
                                                                                                              
                                                                                                              
                                                                                                              
                                                                                                              
                                                                                                              
                                                                                                              
                                                                                                              
                                                                                                              
                                                                                                              
                                                                                                              
                                                                                                              
                                                                                                              
                                                   [48;2;180;179;180m[38;2;180;179;180m=[0m[48;2;128;128;129m[38;2;128;128;129m*[0m[48;2;94;93;95m[38;2;94;93;95m%[0m[48;2;68;68;71m[38;2;68;68;71m░[0m[48;2;54;54;58m[38;2;54;54;58m▒[0m[48;2;45;44;49m[38;2;45;44;49m▒[0m[48;2;45;44;49m[38;2;45;44;49m▒[0m[48;2;53;52;58m[38;2;53;52;58m▒[0m[48;2;67;66;71m[38;2;67;66;71m░[0m[48;2;96;95;100m[38;2;96;95;100m%[0m[48;2;144;144;147m[38;2;144;144;147m*[0m[48;2;205;204;206m[38;2;205;204;206m:[0m                                               
                                                 [48;2;161;161;162m[38;2;161;161;162m+[0m[48;2;33;32;38m[38;2;33;32;38m▓[0m[48;2;29;27;38m[38;2;29;27;38m▓[0m[48;2;38;36;51m[38;2;38;36;51m▒[0m[48;2;43;42;57m[38;2;43;42;57m▒[0m[48;2;43;43;59m[38;2;43;43;59m▒[0m[48;2;43;43;59m[38;2;43;43;59m▒[0m[48;2;43;43;59m[38;2;43;43;59m▒[0m[48;2;43;42;59m[38;2;43;42;59m▒[0m[48;2;43;42;59m[38;2;43;42;59m▒[0m[48;2;42;42;58m[38;2;42;42;58m▒[0m[48;2;41;40;57m[38;2;41;40;57m▒[0m[48;2;36;35;52m[38;2;36;35;52m▒[0m[48;2;25;23;38m[38;2;25;23;38m▓[0m[48;2;45;43;53m[38;2;45;43;53m▒[0m[48;2;132;131;136m[38;2;132;131;136m*[0m[48;2;237;236;238m[38;2;237;236;238m.[0m                                            
                                                [48;2;95;95;97m[38;2;95;95;97m%[0m[48;2;24;22;32m[38;2;24;22;32m▓[0m[48;2;43;41;57m[38;2;43;41;57m▒[0m[48;2;42;43;59m[38;2;42;43;59m▒[0m[48;2;41;43;59m[38;2;41;43;59m▒[0m[48;2;40;44;59m[38;2;40;44;59m▒[0m[48;2;40;44;59m[38;2;40;44;59m▒[0m[48;2;40;44;59m[38;2;40;44;59m▒[0m[48;2;40;44;59m[38;2;40;44;59m▒[0m[48;2;40;44;59m[38;2;40;44;59m▒[0m[48;2;40;44;59m[38;2;40;44;59m▒[0m[48;2;40;44;59m[38;2;40;44;59m▒[0m[48;2;40;44;59m[38;2;40;44;59m▒[0m[48;2;41;43;59m[38;2;41;43;59m▒[0m[48;2;41;43;60m[38;2;41;43;60m▒[0m[48;2;42;42;59m[38;2;42;42;59m▒[0m[48;2;33;31;45m[38;2;33;31;45m▓[0m[48;2;26;24;31m[38;2;26;24;31m▓[0m[48;2;89;88;91m[38;2;89;88;91m@[0m[48;2;187;186;188m[38;2;187;186;188m-[0m                                          
                                              [48;2;189;189;189m[38;2;189;189;189m-[0m[48;2;83;82;84m[38;2;83;82;84m@[0m[48;2;27;26;35m[38;2;27;26;35m▓[0m[48;2;43;43;58m[38;2;43;43;58m▒[0m[48;2;41;43;59m[38;2;41;43;59m▒[0m[48;2;40;44;59m[38;2;40;44;59m▒[0m[48;2;40;44;59m[38;2;40;44;59m▒[0m[48;2;40;44;59m[38;2;40;44;59m▒[0m[48;2;40;44;59m[38;2;40;44;59m▒[0m[48;2;40;44;59m[38;2;40;44;59m▒[0m[48;2;40;44;59m[38;2;40;44;59m▒[0m[48;2;40;44;59m[38;2;40;44;59m▒[0m[48;2;40;44;59m[38;2;40;44;59m▒[0m[48;2;40;44;59m[38;2;40;44;59m▒[0m[48;2;40;44;59m[38;2;40;44;59m▒[0m[48;2;40;44;59m[38;2;40;44;59m▒[0m[48;2;40;44;59m[38;2;40;44;59m▒[0m[48;2;41;43;59m[38;2;41;43;59m▒[0m[48;2;43;42;58m[38;2;43;42;58m▒[0m[48;2;78;77;83m[38;2;78;77;83m@[0m[48;2;11;9;14m[38;2;11;9;14m█[0m[48;2;58;52;59m[38;2;58;52;59m▒[0m[48;2;105;100;105m[38;2;105;100;105m%[0m                                         
                                             [48;2;143;143;143m[38;2;143;143;143m*[0m[48;2;4;3;6m[38;2;4;3;6m█[0m[48;2;21;19;27m[38;2;21;19;27m▓[0m[48;2;44;43;58m[38;2;44;43;58m▒[0m[48;2;42;43;60m[38;2;42;43;60m▒[0m[48;2;41;43;59m[38;2;41;43;59m▒[0m[48;2;40;44;59m[38;2;40;44;59m▒[0m[48;2;40;44;59m[38;2;40;44;59m▒[0m[48;2;40;44;59m[38;2;40;44;59m▒[0m[48;2;40;44;59m[38;2;40;44;59m▒[0m[48;2;40;44;59m[38;2;40;44;59m▒[0m[48;2;40;44;59m[38;2;40;44;59m▒[0m[48;2;40;44;59m[38;2;40;44;59m▒[0m[48;2;40;44;59m[38;2;40;44;59m▒[0m[48;2;40;44;59m[38;2;40;44;59m▒[0m[48;2;40;44;59m[38;2;40;44;59m▒[0m[48;2;40;44;59m[38;2;40;44;59m▒[0m[48;2;40;44;59m[38;2;40;44;59m▒[0m[48;2;41;43;59m[38;2;41;43;59m▒[0m[48;2;57;56;72m[38;2;57;56;72m░[0m[48;2;69;67;77m[38;2;69;67;77m░[0m[48;2;18;14;24m[38;2;18;14;24m█[0m[48;2;109;100;109m[38;2;109;100;109m%[0m[48;2;94;83;92m[38;2;94;83;92m@[0m[48;2;93;90;94m[38;2;93;90;94m@[0m                                        
                                             [48;2;39;39;40m[38;2;39;39;40m▒[0m[48;2;7;5;11m[38;2;7;5;11m█[0m[48;2;43;42;54m[38;2;43;42;54m▒[0m[48;2;41;43;59m[38;2;41;43;59m▒[0m[48;2;40;44;59m[38;2;40;44;59m▒[0m[48;2;40;44;59m[38;2;40;44;59m▒[0m[48;2;40;44;59m[38;2;40;44;59m▒[0m[48;2;40;44;59m[38;2;40;44;59m▒[0m[48;2;40;44;59m[38;2;40;44;59m▒[0m[48;2;40;44;59m[38;2;40;44;59m▒[0m[48;2;40;44;59m[38;2;40;44;59m▒[0m[48;2;40;44;59m[38;2;40;44;59m▒[0m[48;2;40;44;59m[38;2;40;44;59m▒[0m[48;2;40;44;59m[38;2;40;44;59m▒[0m[48;2;40;44;59m[38;2;40;44;59m▒[0m[48;2;40;44;59m[38;2;40;44;59m▒[0m[48;2;40;44;59m[38;2;40;44;59m▒[0m[48;2;40;44;59m[38;2;40;44;59m▒[0m[48;2;42;46;61m[38;2;42;46;61m▒[0m[48;2;58;59;75m[38;2;58;59;75m░[0m[48;2;42;39;54m[38;2;42;39;54m▒[0m[48;2;19;12;24m[38;2;19;12;24m█[0m[48;2;108;96;108m[38;2;108;96;108m%[0m[48;2;99;86;96m[38;2;99;86;96m@[0m[48;2;63;53;61m[38;2;63;53;61m░[0m[48;2;171;168;171m[38;2;171;168;171m=[0m                                       
                                           [48;2;229;229;229m[38;2;229;229;229m.[0m[48;2;55;52;56m[38;2;55;52;56m▒[0m[48;2;36;32;38m[38;2;36;32;38m▓[0m[48;2;22;19;27m[38;2;22;19;27m▓[0m[48;2;43;43;57m[38;2;43;43;57m▒[0m[48;2;40;44;59m[38;2;40;44;59m▒[0m[48;2;40;44;59m[38;2;40;44;59m▒[0m[48;2;40;44;59m[38;2;40;44;59m▒[0m[48;2;40;44;59m[38;2;40;44;59m▒[0m[48;2;40;44;59m[38;2;40;44;59m▒[0m[48;2;40;44;59m[38;2;40;44;59m▒[0m[48;2;40;44;59m[38;2;40;44;59m▒[0m[48;2;40;44;59m[38;2;40;44;59m▒[0m[48;2;40;44;59m[38;2;40;44;59m▒[0m[48;2;40;44;59m[38;2;40;44;59m▒[0m[48;2;40;44;59m[38;2;40;44;59m▒[0m[48;2;40;44;59m[38;2;40;44;59m▒[0m[48;2;40;44;59m[38;2;40;44;59m▒[0m[48;2;40;44;59m[38;2;40;44;59m▒[0m[48;2;42;43;59m[38;2;42;43;59m▒[0m[48;2;73;74;89m[38;2;73;74;89m@[0m[48;2;49;49;64m[38;2;49;49;64m▒[0m[48;2;20;16;29m[38;2;20;16;29m▓[0m[48;2;99;88;100m[38;2;99;88;100m%[0m[48;2;125;111;124m[38;2;125;111;124m#[0m[48;2;17;6;14m[38;2;17;6;14m█[0m[48;2;110;99;106m[38;2;110;99;106m%[0m[48;2;69;64;69m[38;2;69;64;69m░[0m                                       
                                          [48;2;238;238;238m[38;2;238;238;238m [0m[48;2;48;47;49m[38;2;48;47;49m▒[0m[48;2;95;86;95m[38;2;95;86;95m@[0m[48;2;89;78;89m[38;2;89;78;89m@[0m[48;2;29;24;35m[38;2;29;24;35m▓[0m[48;2;42;44;59m[38;2;42;44;59m▒[0m[48;2;40;44;59m[38;2;40;44;59m▒[0m[48;2;40;44;59m[38;2;40;44;59m▒[0m[48;2;40;44;59m[38;2;40;44;59m▒[0m[48;2;40;44;59m[38;2;40;44;59m▒[0m[48;2;40;44;59m[38;2;40;44;59m▒[0m[48;2;40;44;59m[38;2;40;44;59m▒[0m[48;2;40;44;59m[38;2;40;44;59m▒[0m[48;2;40;44;59m[38;2;40;44;59m▒[0m[48;2;40;44;59m[38;2;40;44;59m▒[0m[48;2;40;44;59m[38;2;40;44;59m▒[0m[48;2;40;44;59m[38;2;40;44;59m▒[0m[48;2;40;44;59m[38;2;40;44;59m▒[0m[48;2;41;43;58m[38;2;41;43;58m▒[0m[48;2;50;51;65m[38;2;50;51;65m▒[0m[48;2;74;73;86m[38;2;74;73;86m@[0m[48;2;43;40;51m[38;2;43;40;51m▒[0m[48;2;29;25;36m[38;2;29;25;36m▓[0m[48;2;111;101;114m[38;2;111;101;114m%[0m[48;2;159;141;155m[38;2;159;141;155m+[0m[48;2;160;140;155m[38;2;160;140;155m+[0m[48;2;79;66;76m[38;2;79;66;76m░[0m[48;2;87;77;84m[38;2;87;77;84m@[0m[48;2;29;24;28m[38;2;29;24;28m▓[0m                                       
                                          [48;2;94;93;95m[38;2;94;93;95m%[0m[48;2;79;71;79m[38;2;79;71;79m@[0m[48;2;158;142;155m[38;2;158;142;155m+[0m[48;2;112;97;110m[38;2;112;97;110m%[0m[48;2;21;16;26m[38;2;21;16;26m▓[0m[48;2;42;43;58m[38;2;42;43;58m▒[0m[48;2;40;44;59m[38;2;40;44;59m▒[0m[48;2;40;44;59m[38;2;40;44;59m▒[0m[48;2;40;44;59m[38;2;40;44;59m▒[0m[48;2;40;44;59m[38;2;40;44;59m▒[0m[48;2;40;44;59m[38;2;40;44;59m▒[0m[48;2;40;44;59m[38;2;40;44;59m▒[0m[48;2;40;44;59m[38;2;40;44;59m▒[0m[48;2;40;44;59m[38;2;40;44;59m▒[0m[48;2;40;44;59m[38;2;40;44;59m▒[0m[48;2;40;44;59m[38;2;40;44;59m▒[0m[48;2;41;43;59m[38;2;41;43;59m▒[0m[48;2;53;52;67m[38;2;53;52;67m▒[0m[48;2;71;69;81m[38;2;71;69;81m░[0m[48;2;58;53;63m[38;2;58;53;63m░[0m[48;2;28;21;30m[38;2;28;21;30m▓[0m[48;2;77;68;77m[38;2;77;68;77m░[0m[48;2;147;133;146m[38;2;147;133;146m*[0m[48;2;160;141;155m[38;2;160;141;155m+[0m[48;2;161;140;155m[38;2;161;140;155m+[0m[48;2;161;140;155m[38;2;161;140;155m+[0m[48;2;121;104;117m[38;2;121;104;117m#[0m[48;2;37;30;35m[38;2;37;30;35m▓[0m[48;2;31;28;32m[38;2;31;28;32m▓[0m                                       
                                         [48;2;202;202;203m[38;2;202;202;203m:[0m[48;2;39;33;38m[38;2;39;33;38m▓[0m[48;2;155;139;149m[38;2;155;139;149m*[0m[48;2;160;142;154m[38;2;160;142;154m+[0m[48;2;116;101;112m[38;2;116;101;112m%[0m[48;2;13;7;16m[38;2;13;7;16m█[0m[48;2;31;29;43m[38;2;31;29;43m▓[0m[48;2;41;43;59m[38;2;41;43;59m▒[0m[48;2;41;43;59m[38;2;41;43;59m▒[0m[48;2;40;44;59m[38;2;40;44;59m▒[0m[48;2;40;44;59m[38;2;40;44;59m▒[0m[48;2;40;44;59m[38;2;40;44;59m▒[0m[48;2;40;44;59m[38;2;40;44;59m▒[0m[48;2;41;43;59m[38;2;41;43;59m▒[0m[48;2;48;51;66m[38;2;48;51;66m▒[0m[48;2;44;46;62m[38;2;44;46;62m▒[0m[48;2;65;66;79m[38;2;65;66;79m░[0m[48;2;66;64;75m[38;2;66;64;75m░[0m[48;2;46;43;52m[38;2;46;43;52m▒[0m[48;2;32;27;35m[38;2;32;27;35m▓[0m[48;2;83;73;83m[38;2;83;73;83m@[0m[48;2;145;129;142m[38;2;145;129;142m*[0m[48;2;161;141;156m[38;2;161;141;156m+[0m[48;2;161;140;155m[38;2;161;140;155m+[0m[48;2;161;140;155m[38;2;161;140;155m+[0m[48;2;161;140;155m[38;2;161;140;155m+[0m[48;2;161;140;155m[38;2;161;140;155m+[0m[48;2;128;112;124m[38;2;128;112;124m#[0m[48;2;8;3;9m[38;2;8;3;9m█[0m[48;2;60;57;61m[38;2;60;57;61m░[0m                                       
                                         [48;2;75;74;76m[38;2;75;74;76m@[0m[48;2;120;110;118m[38;2;120;110;118m#[0m[48;2;161;143;154m[38;2;161;143;154m+[0m[48;2;161;142;154m[38;2;161;142;154m+[0m[48;2;106;92;101m[38;2;106;92;101m%[0m[48;2;66;58;66m[38;2;66;58;66m░[0m[48;2;45;38;48m[38;2;45;38;48m▒[0m[48;2;31;27;39m[38;2;31;27;39m▓[0m[48;2;42;41;57m[38;2;42;41;57m▒[0m[48;2;42;43;59m[38;2;42;43;59m▒[0m[48;2;41;44;59m[38;2;41;44;59m▒[0m[48;2;41;44;59m[38;2;41;44;59m▒[0m[48;2;57;57;72m[38;2;57;57;72m░[0m[48;2;72;71;83m[38;2;72;71;83m░[0m[48;2;57;55;66m[38;2;57;55;66m░[0m[48;2;28;25;38m[38;2;28;25;38m▓[0m[48;2;30;25;36m[38;2;30;25;36m▓[0m[48;2;65;56;67m[38;2;65;56;67m░[0m[48;2;117;103;115m[38;2;117;103;115m%[0m[48;2;157;140;151m[38;2;157;140;151m+[0m[48;2;160;141;154m[38;2;160;141;154m+[0m[48;2;160;141;155m[38;2;160;141;155m+[0m[48;2;161;140;155m[38;2;161;140;155m+[0m[48;2;161;140;155m[38;2;161;140;155m+[0m[48;2;161;140;155m[38;2;161;140;155m+[0m[48;2;161;140;155m[38;2;161;140;155m+[0m[48;2;161;140;155m[38;2;161;140;155m+[0m[48;2;118;102;115m[38;2;118;102;115m%[0m[48;2;74;69;75m[38;2;74;69;75m░[0m[48;2;223;220;224m[38;2;223;220;224m.[0m                                       
                                        [48;2;219;219;219m[38;2;219;219;219m:[0m[48;2;36;33;35m[38;2;36;33;35m▓[0m[48;2;157;143;153m[38;2;157;143;153m+[0m[48;2;161;141;155m[38;2;161;141;155m+[0m[48;2;161;142;155m[38;2;161;142;155m+[0m[48;2;154;137;149m[38;2;154;137;149m*[0m[48;2;38;28;37m[38;2;38;28;37m▓[0m[48;2;135;122;132m[38;2;135;122;132m#[0m[48;2;86;73;85m[38;2;86;73;85m@[0m[48;2;38;28;40m[38;2;38;28;40m▓[0m[48;2;26;20;33m[38;2;26;20;33m▓[0m[48;2;32;28;39m[38;2;32;28;39m▓[0m[48;2;49;45;55m[38;2;49;45;55m▒[0m[48;2;41;36;46m[38;2;41;36;46m▒[0m[48;2;47;39;50m[38;2;47;39;50m▒[0m[48;2;75;65;77m[38;2;75;65;77m░[0m[48;2;121;107;119m[38;2;121;107;119m#[0m[48;2;154;138;151m[38;2;154;138;151m*[0m[48;2;158;141;155m[38;2;158;141;155m+[0m[48;2;153;135;149m[38;2;153;135;149m*[0m[48;2;122;105;118m[38;2;122;105;118m#[0m[48;2;86;70;82m[38;2;86;70;82m@[0m[48;2;135;117;131m[38;2;135;117;131m#[0m[48;2;161;140;155m[38;2;161;140;155m+[0m[48;2;161;140;155m[38;2;161;140;155m+[0m[48;2;161;140;155m[38;2;161;140;155m+[0m[48;2;161;140;155m[38;2;161;140;155m+[0m[48;2;160;141;155m[38;2;160;141;155m+[0m[48;2;62;50;60m[38;2;62;50;60m▒[0m[48;2;40;35;40m[38;2;40;35;40m▒[0m[48;2;90;87;91m[38;2;90;87;91m@[0m[48;2;64;61;65m[38;2;64;61;65m░[0m[48;2;65;63;66m[38;2;65;63;66m░[0m[48;2;90;89;91m[38;2;90;89;91m@[0m[48;2;238;237;238m[38;2;238;237;238m.[0m                                   
                                        [48;2;161;161;161m[38;2;161;161;161m+[0m[48;2;71;65;70m[38;2;71;65;70m░[0m[48;2;160;142;154m[38;2;160;142;154m+[0m[48;2;161;140;155m[38;2;161;140;155m+[0m[48;2;161;140;155m[38;2;161;140;155m+[0m[48;2;161;140;155m[38;2;161;140;155m+[0m[48;2;124;107;120m[38;2;124;107;120m#[0m[48;2;40;29;38m[38;2;40;29;38m▓[0m[48;2;34;24;32m[38;2;34;24;32m▓[0m[48;2;134;121;131m[38;2;134;121;131m#[0m[48;2;140;127;138m[38;2;140;127;138m*[0m[48;2;76;66;75m[38;2;76;66;75m░[0m[48;2;59;51;58m[38;2;59;51;58m▒[0m[48;2;153;140;152m[38;2;153;140;152m*[0m[48;2;155;138;151m[38;2;155;138;151m*[0m[48;2;137;121;134m[38;2;137;121;134m#[0m[48;2;109;94;106m[38;2;109;94;106m%[0m[48;2;81;68;79m[38;2;81;68;79m░[0m[48;2;67;55;66m[38;2;67;55;66m░[0m[48;2;69;57;68m[38;2;69;57;68m░[0m[48;2;100;86;98m[38;2;100;86;98m%[0m[48;2;140;123;137m[38;2;140;123;137m*[0m[48;2;161;141;155m[38;2;161;141;155m+[0m[48;2;161;140;155m[38;2;161;140;155m+[0m[48;2;161;140;155m[38;2;161;140;155m+[0m[48;2;161;140;155m[38;2;161;140;155m+[0m[48;2;161;140;155m[38;2;161;140;155m+[0m[48;2;130;114;126m[38;2;130;114;126m#[0m[48;2;16;8;15m[38;2;16;8;15m█[0m[48;2;16;11;18m[38;2;16;11;18m█[0m[48;2;126;124;129m[38;2;126;124;129m#[0m[48;2;238;236;240m[38;2;238;236;240m.[0m[48;2;59;58;61m[38;2;59;58;61m░[0m[48;2;61;60;63m[38;2;61;60;63m░[0m                                    
                                        [48;2;148;147;149m[38;2;148;147;149m+[0m[48;2;82;75;81m[38;2;82;75;81m@[0m[48;2;160;140;154m[38;2;160;140;154m+[0m[48;2;161;140;155m[38;2;161;140;155m+[0m[48;2;161;140;155m[38;2;161;140;155m+[0m[48;2;161;140;155m[38;2;161;140;155m+[0m[48;2;161;140;155m[38;2;161;140;155m+[0m[48;2;126;109;122m[38;2;126;109;122m#[0m[48;2;37;26;35m[38;2;37;26;35m▓[0m[48;2;41;32;39m[38;2;41;32;39m▓[0m[48;2;30;21;28m[38;2;30;21;28m▓[0m[48;2;13;4;12m[38;2;13;4;12m█[0m[48;2;49;42;49m[38;2;49;42;49m▒[0m[48;2;67;58;67m[38;2;67;58;67m░[0m[48;2;72;60;71m[38;2;72;60;71m░[0m[48;2;88;75;87m[38;2;88;75;87m@[0m[48;2;116;101;113m[38;2;116;101;113m%[0m[48;2;145;128;142m[38;2;145;128;142m*[0m[48;2;159;141;154m[38;2;159;141;154m+[0m[48;2;160;141;155m[38;2;160;141;155m+[0m[48;2;161;140;155m[38;2;161;140;155m+[0m[48;2;161;140;155m[38;2;161;140;155m+[0m[48;2;161;140;155m[38;2;161;140;155m+[0m[48;2;161;140;155m[38;2;161;140;155m+[0m[48;2;161;140;155m[38;2;161;140;155m+[0m[48;2;161;140;155m[38;2;161;140;155m+[0m[48;2;159;139;153m[38;2;159;139;153m+[0m[48;2;45;33;42m[38;2;45;33;42m▒[0m[48;2;24;16;25m[38;2;24;16;25m▓[0m[48;2;36;30;42m[38;2;36;30;42m▓[0m[48;2;43;39;46m[38;2;43;39;46m▒[0m [48;2;190;187;191m[38;2;190;187;191m-[0m[48;2;78;75;79m[38;2;78;75;79m@[0m                                    
                                        [48;2;162;161;162m[38;2;162;161;162m+[0m[48;2;69;61;68m[38;2;69;61;68m░[0m[48;2;160;141;155m[38;2;160;141;155m+[0m[48;2;161;140;155m[38;2;161;140;155m+[0m[48;2;161;140;155m[38;2;161;140;155m+[0m[48;2;161;140;155m[38;2;161;140;155m+[0m[48;2;161;140;155m[38;2;161;140;155m+[0m[48;2;161;140;155m[38;2;161;140;155m+[0m[48;2;134;116;129m[38;2;134;116;129m#[0m[48;2;15;5;13m[38;2;15;5;13m█[0m[48;2;7;2;8m[38;2;7;2;8m█[0m[48;2;16;12;18m[38;2;16;12;18m█[0m[48;2;25;22;28m[38;2;25;22;28m▓[0m[48;2;53;48;55m[38;2;53;48;55m▒[0m[48;2;96;84;94m[38;2;96;84;94m@[0m[48;2;160;140;155m[38;2;160;140;155m+[0m[48;2;161;140;155m[38;2;161;140;155m+[0m[48;2;161;140;155m[38;2;161;140;155m+[0m[48;2;161;140;155m[38;2;161;140;155m+[0m[48;2;161;140;155m[38;2;161;140;155m+[0m[48;2;161;140;155m[38;2;161;140;155m+[0m[48;2;161;140;155m[38;2;161;140;155m+[0m[48;2;161;140;155m[38;2;161;140;155m+[0m[48;2;161;140;155m[38;2;161;140;155m+[0m[48;2;161;140;155m[38;2;161;140;155m+[0m[48;2;161;140;155m[38;2;161;140;155m+[0m[48;2;159;138;153m[38;2;159;138;153m*[0m[48;2;96;83;93m[38;2;96;83;93m@[0m[48;2;16;9;18m[38;2;16;9;18m█[0m[48;2;37;31;44m[38;2;37;31;44m▓[0m[48;2;14;10;17m[38;2;14;10;17m█[0m[48;2;197;194;198m[38;2;197;194;198m-[0m[48;2;107;104;108m[38;2;107;104;108m%[0m[48;2;13;10;14m[38;2;13;10;14m█[0m[48;2;76;75;76m[38;2;76;75;76m@[0m[48;2;83;83;83m[38;2;83;83;83m@[0m[48;2;104;104;104m[38;2;104;104;104m%[0m[48;2;135;135;135m[38;2;135;135;135m*[0m[48;2;181;181;182m[38;2;181;181;182m=[0m[48;2;234;234;234m[38;2;234;234;234m.[0m                              
                                        [48;2;114;113;114m[38;2;114;113;114m#[0m[48;2;26;21;25m[38;2;26;21;25m▓[0m[48;2;151;134;147m[38;2;151;134;147m*[0m[48;2;161;140;155m[38;2;161;140;155m+[0m[48;2;161;140;155m[38;2;161;140;155m+[0m[48;2;161;140;155m[38;2;161;140;155m+[0m[48;2;161;140;155m[38;2;161;140;155m+[0m[48;2;161;140;155m[38;2;161;140;155m+[0m[48;2;121;103;116m[38;2;121;103;116m#[0m[48;2;20;14;21m[38;2;20;14;21m█[0m[48;2;25;22;28m[38;2;25;22;28m▓[0m[48;2;2;1;6m[38;2;2;1;6m█[0m[48;2;14;13;18m[38;2;14;13;18m█[0m[48;2;12;10;16m[38;2;12;10;16m█[0m[48;2;52;45;53m[38;2;52;45;53m▒[0m[48;2;147;129;143m[38;2;147;129;143m*[0m[48;2;161;140;155m[38;2;161;140;155m+[0m[48;2;161;140;155m[38;2;161;140;155m+[0m[48;2;161;140;155m[38;2;161;140;155m+[0m[48;2;161;140;155m[38;2;161;140;155m+[0m[48;2;161;140;155m[38;2;161;140;155m+[0m[48;2;161;140;155m[38;2;161;140;155m+[0m[48;2;161;140;155m[38;2;161;140;155m+[0m[48;2;161;140;155m[38;2;161;140;155m+[0m[48;2;161;140;155m[38;2;161;140;155m+[0m[48;2;161;140;155m[38;2;161;140;155m+[0m[48;2;161;140;155m[38;2;161;140;155m+[0m[48;2;159;141;154m[38;2;159;141;154m+[0m[48;2;75;64;74m[38;2;75;64;74m░[0m[48;2;19;15;24m[38;2;19;15;24m█[0m[48;2;14;11;17m[38;2;14;11;17m█[0m[48;2;210;208;210m[38;2;210;208;210m:[0m[48;2;133;130;132m[38;2;133;130;132m*[0m[48;2;30;27;30m[38;2;30;27;30m▓[0m[48;2;152;151;153m[38;2;152;151;153m+[0m[48;2;126;126;126m[38;2;126;126;126m#[0m[48;2;82;82;82m[38;2;82;82;82m@[0m[48;2;51;51;51m[38;2;51;51;51m▒[0m[48;2;66;66;66m[38;2;66;66;66m░[0m[48;2;67;66;67m[38;2;67;66;67m░[0m[48;2;82;81;81m[38;2;82;81;81m@[0m[48;2;196;195;195m[38;2;196;195;195m-[0m                            
                                         [48;2;168;167;168m[38;2;168;167;168m=[0m[48;2;55;47;54m[38;2;55;47;54m▒[0m[48;2;153;136;149m[38;2;153;136;149m*[0m[48;2;161;140;155m[38;2;161;140;155m+[0m[48;2;161;140;155m[38;2;161;140;155m+[0m[48;2;161;140;155m[38;2;161;140;155m+[0m[48;2;161;140;155m[38;2;161;140;155m+[0m[48;2;150;130;145m[38;2;150;130;145m*[0m[48;2;47;34;44m[38;2;47;34;44m▒[0m[48;2;23;17;24m[38;2;23;17;24m▓[0m[48;2;15;13;18m[38;2;15;13;18m█[0m[48;2;8;7;12m[38;2;8;7;12m█[0m[48;2;24;23;28m[38;2;24;23;28m▓[0m[48;2;10;7;13m[38;2;10;7;13m█[0m[48;2;60;51;62m[38;2;60;51;62m░[0m[48;2;159;140;155m[38;2;159;140;155m+[0m[48;2;161;140;155m[38;2;161;140;155m+[0m[48;2;161;140;155m[38;2;161;140;155m+[0m[48;2;161;140;155m[38;2;161;140;155m+[0m[48;2;161;140;155m[38;2;161;140;155m+[0m[48;2;161;140;155m[38;2;161;140;155m+[0m[48;2;161;140;155m[38;2;161;140;155m+[0m[48;2;161;140;155m[38;2;161;140;155m+[0m[48;2;161;140;155m[38;2;161;140;155m+[0m[48;2;161;140;155m[38;2;161;140;155m+[0m[48;2;161;140;155m[38;2;161;140;155m+[0m[48;2;160;140;154m[38;2;160;140;154m+[0m[48;2;158;137;152m[38;2;158;137;152m*[0m[48;2;98;83;95m[38;2;98;83;95m@[0m[48;2;31;24;31m[38;2;31;24;31m▓[0m[48;2;52;47;52m[38;2;52;47;52m▒[0m[48;2;51;47;51m[38;2;51;47;51m▒[0m[48;2;173;169;173m[38;2;173;169;173m=[0m[48;2;193;190;193m[38;2;193;190;193m-[0m[48;2;175;173;176m[38;2;175;173;176m=[0m[48;2;171;170;172m[38;2;171;170;172m=[0m[48;2;94;90;93m[38;2;94;90;93m%[0m[48;2;71;64;69m[38;2;71;64;69m░[0m[48;2;153;142;150m[38;2;153;142;150m*[0m[48;2;142;129;138m[38;2;142;129;138m*[0m[48;2;40;33;38m[38;2;40;33;38m▓[0m[48;2;228;226;227m[38;2;228;226;227m.[0m                           
                                          [48;2;113;111;112m[38;2;113;111;112m#[0m[48;2;34;25;33m[38;2;34;25;33m▓[0m[48;2;115;101;112m[38;2;115;101;112m%[0m[48;2;158;141;154m[38;2;158;141;154m+[0m[48;2;160;141;155m[38;2;160;141;155m+[0m[48;2;161;140;155m[38;2;161;140;155m+[0m[48;2;161;140;155m[38;2;161;140;155m+[0m[48;2;161;141;155m[38;2;161;141;155m+[0m[48;2;124;108;120m[38;2;124;108;120m#[0m[48;2;28;20;28m[38;2;28;20;28m▓[0m[48;2;27;21;28m[38;2;27;21;28m▓[0m[48;2;14;9;16m[38;2;14;9;16m█[0m[48;2;83;77;86m[38;2;83;77;86m@[0m[48;2;61;53;63m[38;2;61;53;63m░[0m[48;2;72;60;72m[38;2;72;60;72m░[0m[48;2;113;99;111m[38;2;113;99;111m%[0m[48;2;147;129;142m[38;2;147;129;142m*[0m[48;2;161;140;155m[38;2;161;140;155m+[0m[48;2;161;140;155m[38;2;161;140;155m+[0m[48;2;161;140;155m[38;2;161;140;155m+[0m[48;2;161;140;155m[38;2;161;140;155m+[0m[48;2;161;140;155m[38;2;161;140;155m+[0m[48;2;161;140;155m[38;2;161;140;155m+[0m[48;2;161;140;155m[38;2;161;140;155m+[0m[48;2;161;140;155m[38;2;161;140;155m+[0m[48;2;161;140;155m[38;2;161;140;155m+[0m[48;2;161;140;155m[38;2;161;140;155m+[0m[48;2;161;140;155m[38;2;161;140;155m+[0m[48;2;157;139;152m[38;2;157;139;152m*[0m[48;2;138;120;133m[38;2;138;120;133m#[0m[48;2;124;109;121m[38;2;124;109;121m#[0m[48;2;109;96;106m[38;2;109;96;106m%[0m[48;2;104;94;102m[38;2;104;94;102m%[0m[48;2;108;98;106m[38;2;108;98;106m%[0m[48;2;106;96;105m[38;2;106;96;105m%[0m[48;2;129;119;128m[38;2;129;119;128m#[0m[48;2;155;141;153m[38;2;155;141;153m+[0m[48;2;152;135;148m[38;2;152;135;148m*[0m[48;2;123;107;119m[38;2;123;107;119m#[0m[48;2;24;15;21m[38;2;24;15;21m▓[0m[48;2;113;109;113m[38;2;113;109;113m#[0m                           
                                          [48;2;228;227;228m[38;2;228;227;228m.[0m[48;2;44;41;45m[38;2;44;41;45m▒[0m[48;2;80;76;82m[38;2;80;76;82m@[0m[48;2;55;47;56m[38;2;55;47;56m▒[0m[48;2;150;134;146m[38;2;150;134;146m*[0m[48;2;161;140;155m[38;2;161;140;155m+[0m[48;2;161;140;155m[38;2;161;140;155m+[0m[48;2;161;140;155m[38;2;161;140;155m+[0m[48;2;161;140;155m[38;2;161;140;155m+[0m[48;2;158;138;153m[38;2;158;138;153m*[0m[48;2;158;138;153m[38;2;158;138;153m*[0m[48;2;128;111;124m[38;2;128;111;124m#[0m[48;2;55;44;55m[38;2;55;44;55m▒[0m[48;2;88;78;88m[38;2;88;78;88m@[0m[48;2;88;81;89m[38;2;88;81;89m@[0m[48;2;17;12;18m[38;2;17;12;18m█[0m[48;2;7;2;9m[38;2;7;2;9m█[0m[48;2;49;39;49m[38;2;49;39;49m▒[0m[48;2;158;139;153m[38;2;158;139;153m*[0m[48;2;158;137;152m[38;2;158;137;152m*[0m[48;2;146;125;140m[38;2;146;125;140m*[0m[48;2;161;140;155m[38;2;161;140;155m+[0m[48;2;161;140;155m[38;2;161;140;155m+[0m[48;2;161;140;155m[38;2;161;140;155m+[0m[48;2;161;140;155m[38;2;161;140;155m+[0m[48;2;161;140;155m[38;2;161;140;155m+[0m[48;2;161;140;155m[38;2;161;140;155m+[0m[48;2;161;140;155m[38;2;161;140;155m+[0m[48;2;161;140;155m[38;2;161;140;155m+[0m[48;2;161;140;155m[38;2;161;140;155m+[0m[48;2;160;140;155m[38;2;160;140;155m+[0m[48;2;103;87;100m[38;2;103;87;100m%[0m[48;2;72;58;69m[38;2;72;58;69m░[0m[48;2;70;58;67m[38;2;70;58;67m░[0m[48;2;70;58;67m[38;2;70;58;67m░[0m[48;2;70;58;67m[38;2;70;58;67m░[0m[48;2;70;58;68m[38;2;70;58;68m░[0m[48;2;76;63;75m[38;2;76;63;75m░[0m[48;2;96;84;95m[38;2;96;84;95m@[0m[48;2;132;119;130m[38;2;132;119;130m#[0m[48;2;43;36;42m[38;2;43;36;42m▒[0m[48;2;196;195;197m[38;2;196;195;197m-[0m                          
                                           [48;2;215;215;215m[38;2;215;215;215m:[0m[48;2;95;95;96m[38;2;95;95;96m%[0m[48;2;61;59;62m[38;2;61;59;62m░[0m[48;2;62;56;62m[38;2;62;56;62m░[0m[48;2;108;94;106m[38;2;108;94;106m%[0m[48;2;156;139;152m[38;2;156;139;152m*[0m[48;2;160;141;155m[38;2;160;141;155m+[0m[48;2;161;140;155m[38;2;161;140;155m+[0m[48;2;161;140;155m[38;2;161;140;155m+[0m[48;2;161;140;155m[38;2;161;140;155m+[0m[48;2;161;140;155m[38;2;161;140;155m+[0m[48;2;159;140;154m[38;2;159;140;154m+[0m[48;2;128;112;124m[38;2;128;112;124m#[0m[48;2;94;79;90m[38;2;94;79;90m@[0m[48;2;80;68;78m[38;2;80;68;78m░[0m[48;2;119;106;116m[38;2;119;106;116m#[0m[48;2;151;134;146m[38;2;151;134;146m*[0m[48;2;160;141;155m[38;2;160;141;155m+[0m[48;2;151;131;145m[38;2;151;131;145m*[0m[48;2;70;54;66m[38;2;70;54;66m░[0m[48;2;69;53;66m[38;2;69;53;66m░[0m[48;2;98;82;95m[38;2;98;82;95m@[0m[48;2;115;101;113m[38;2;115;101;113m%[0m[48;2;79;67;79m[38;2;79;67;79m░[0m[48;2;46;35;45m[38;2;46;35;45m▒[0m[48;2;67;56;66m[38;2;67;56;66m░[0m[48;2;80;70;79m[38;2;80;70;79m@[0m[48;2;88;77;86m[38;2;88;77;86m@[0m[48;2;97;83;94m[38;2;97;83;94m@[0m[48;2;103;89;99m[38;2;103;89;99m%[0m[48;2;104;89;100m[38;2;104;89;100m%[0m[48;2;108;93;104m[38;2;108;93;104m%[0m[48;2;109;96;108m[38;2;109;96;108m%[0m[48;2;109;96;108m[38;2;109;96;108m%[0m[48;2;103;90;102m[38;2;103;90;102m%[0m[48;2;98;86;97m[38;2;98;86;97m@[0m[48;2;92;81;92m[38;2;92;81;92m@[0m[48;2;79;68;79m[38;2;79;68;79m░[0m[48;2;47;40;48m[38;2;47;40;48m▒[0m[48;2;108;102;108m[38;2;108;102;108m%[0m                           
                                              [48;2;83;81;84m[38;2;83;81;84m@[0m[48;2;7;3;10m[38;2;7;3;10m█[0m[48;2;35;27;37m[38;2;35;27;37m▓[0m[48;2;97;85;96m[38;2;97;85;96m@[0m[48;2;152;134;147m[38;2;152;134;147m*[0m[48;2;161;140;155m[38;2;161;140;155m+[0m[48;2;161;140;155m[38;2;161;140;155m+[0m[48;2;161;140;155m[38;2;161;140;155m+[0m[48;2;161;140;155m[38;2;161;140;155m+[0m[48;2;161;140;155m[38;2;161;140;155m+[0m[48;2;161;140;155m[38;2;161;140;155m+[0m[48;2;120;103;116m[38;2;120;103;116m%[0m[48;2;98;82;95m[38;2;98;82;95m@[0m[48;2;152;133;147m[38;2;152;133;147m*[0m[48;2;160;141;155m[38;2;160;141;155m+[0m[48;2;160;140;155m[38;2;160;140;155m+[0m[48;2;160;141;155m[38;2;160;141;155m+[0m[48;2;154;136;150m[38;2;154;136;150m*[0m[48;2;131;114;127m[38;2;131;114;127m#[0m[48;2;112;97;109m[38;2;112;97;109m%[0m[48;2;102;89;100m[38;2;102;89;100m%[0m[48;2;100;85;97m[38;2;100;85;97m@[0m[48;2;99;85;96m[38;2;99;85;96m@[0m[48;2;100;85;97m[38;2;100;85;97m@[0m[48;2;104;89;101m[38;2;104;89;101m%[0m[48;2;111;96;107m[38;2;111;96;107m%[0m[48;2;120;104;116m[38;2;120;104;116m#[0m[48;2;122;106;118m[38;2;122;106;118m#[0m[48;2;120;104;115m[38;2;120;104;115m#[0m[48;2;115;101;113m[38;2;115;101;113m%[0m[48;2;100;88;99m[38;2;100;88;99m%[0m[48;2;48;40;48m[38;2;48;40;48m▒[0m[48;2;61;54;61m[38;2;61;54;61m░[0m[48;2;200;195;200m[38;2;200;195;200m-[0m[48;2;232;229;232m[38;2;232;229;232m.[0m                             
                                             [48;2;117;116;118m[38;2;117;116;118m#[0m[48;2;16;14;20m[38;2;16;14;20m█[0m[48;2;15;11;21m[38;2;15;11;21m█[0m[48;2;11;7;18m[38;2;11;7;18m█[0m[48;2;30;20;61m[38;2;30;20;61m▓[0m[48;2;52;41;79m[38;2;52;41;79m▒[0m[48;2;64;52;71m[38;2;64;52;71m░[0m[48;2;88;74;88m[38;2;88;74;88m@[0m[48;2;120;105;118m[38;2;120;105;118m#[0m[48;2;149;131;144m[38;2;149;131;144m*[0m[48;2;160;141;155m[38;2;160;141;155m+[0m[48;2;160;141;155m[38;2;160;141;155m+[0m[48;2;159;140;154m[38;2;159;140;154m+[0m[48;2;119;103;117m[38;2;119;103;117m%[0m[48;2;66;54;65m[38;2;66;54;65m░[0m[48;2;50;39;48m[38;2;50;39;48m▒[0m[48;2;65;53;62m[38;2;65;53;62m░[0m[48;2;86;74;83m[38;2;86;74;83m@[0m[48;2;104;91;101m[38;2;104;91;101m%[0m[48;2;123;108;121m[38;2;123;108;121m#[0m[48;2;137;122;134m[38;2;137;122;134m#[0m[48;2;147;131;144m[38;2;147;131;144m*[0m[48;2;153;136;149m[38;2;153;136;149m*[0m[48;2;153;138;149m[38;2;153;138;149m*[0m[48;2;152;137;148m[38;2;152;137;148m*[0m[48;2;148;133;143m[38;2;148;133;143m*[0m[48;2;137;123;133m[38;2;137;123;133m*[0m[48;2;122;107;118m[38;2;122;107;118m#[0m[48;2;100;86;97m[38;2;100;86;97m%[0m[48;2;76;65;75m[38;2;76;65;75m░[0m[48;2;74;64;74m[38;2;74;64;74m░[0m[48;2;114;107;114m[38;2;114;107;114m#[0m[48;2;190;185;190m[38;2;190;185;190m-[0m                                
                                            [48;2;178;178;179m[38;2;178;178;179m=[0m[48;2;13;12;19m[38;2;13;12;19m█[0m[48;2;35;30;47m[38;2;35;30;47m▓[0m[48;2;37;31;50m[38;2;37;31;50m▓[0m[48;2;16;12;26m[38;2;16;12;26m█[0m[48;2;44;32;93m[38;2;44;32;93m▒[0m[48;2;94;81;148m[38;2;94;81;148m%[0m[48;2;104;94;136m[38;2;104;94;136m%[0m[48;2;38;21;118m[38;2;38;21;118m▒[0m[48;2;9;3;21m[38;2;9;3;21m█[0m[48;2;40;27;83m[38;2;40;27;83m▒[0m[48;2;42;32;72m[38;2;42;32;72m▒[0m[48;2;53;43;77m[38;2;53;43;77m▒[0m[48;2;67;56;75m[38;2;67;56;75m░[0m[48;2;83;70;88m[38;2;83;70;88m@[0m[48;2;98;86;97m[38;2;98;86;97m@[0m[48;2;100;90;99m[38;2;100;90;99m%[0m[48;2;76;66;76m[38;2;76;66;76m░[0m[48;2;50;43;51m[38;2;50;43;51m▒[0m[48;2;27;21;27m[38;2;27;21;27m▓[0m[48;2;6;2;9m[38;2;6;2;9m█[0m[48;2;4;0;7m[38;2;4;0;7m█[0m[48;2;4;0;6m[38;2;4;0;6m█[0m[48;2;5;2;9m[38;2;5;2;9m█[0m[48;2;6;2;8m[38;2;6;2;8m█[0m[48;2;7;2;8m[38;2;7;2;8m█[0m[48;2;8;3;10m[38;2;8;3;10m█[0m[48;2;9;3;11m[38;2;9;3;11m█[0m[48;2;8;3;12m[38;2;8;3;12m█[0m[48;2;22;18;28m[38;2;22;18;28m▓[0m[48;2;103;99;107m[38;2;103;99;107m%[0m[48;2;180;176;182m[38;2;180;176;182m=[0m[48;2;241;238;242m[38;2;241;238;242m [0m                                 
                                           [48;2;239;239;240m[38;2;239;239;240m [0m[48;2;34;32;39m[38;2;34;32;39m▓[0m[48;2;32;28;42m[38;2;32;28;42m▓[0m[48;2;37;31;52m[38;2;37;31;52m▓[0m[48;2;37;31;52m[38;2;37;31;52m▓[0m[48;2;21;16;32m[38;2;21;16;32m▓[0m[48;2;41;29;88m[38;2;41;29;88m▒[0m[48;2;91;78;149m[38;2;91;78;149m@[0m[48;2;104;95;142m[38;2;104;95;142m%[0m[48;2;59;41;149m[38;2;59;41;149m░[0m[48;2;5;2;16m[38;2;5;2;16m█[0m[48;2;28;19;62m[38;2;28;19;62m▓[0m[48;2;80;66;156m[38;2;80;66;156m@[0m[48;2;71;57;158m[38;2;71;57;158m░[0m[48;2;80;67;154m[38;2;80;67;154m@[0m[48;2;58;39;160m[38;2;58;39;160m░[0m[48;2;68;54;143m[38;2;68;54;143m░[0m[48;2;50;39;103m[38;2;50;39;103m▒[0m[48;2;10;5;37m[38;2;10;5;37m█[0m[48;2;6;3;8m[38;2;6;3;8m█[0m[48;2;22;18;27m[38;2;22;18;27m▓[0m[48;2;24;20;34m[38;2;24;20;34m▓[0m[48;2;24;19;35m[38;2;24;19;35m▓[0m[48;2;24;19;34m[38;2;24;19;34m▓[0m[48;2;24;19;34m[38;2;24;19;34m▓[0m[48;2;25;20;35m[38;2;25;20;35m▓[0m[48;2;26;21;36m[38;2;26;21;36m▓[0m[48;2;28;24;39m[38;2;28;24;39m▓[0m[48;2;33;28;46m[38;2;33;28;46m▓[0m[48;2;36;31;49m[38;2;36;31;49m▓[0m[48;2;36;31;50m[38;2;36;31;50m▓[0m[48;2;34;29;47m[38;2;34;29;47m▓[0m[48;2;25;20;35m[38;2;25;20;35m▓[0m[48;2;25;21;33m[38;2;25;21;33m▓[0m[48;2;86;84;91m[38;2;86;84;91m@[0m[48;2;175;174;176m[38;2;175;174;176m=[0m                               
                                           [48;2;142;142;142m[38;2;142;142;142m*[0m[48;2;19;17;26m[38;2;19;17;26m▓[0m[48;2;37;32;50m[38;2;37;32;50m▓[0m[48;2;37;31;52m[38;2;37;31;52m▓[0m[48;2;37;31;52m[38;2;37;31;52m▓[0m[48;2;29;24;41m[38;2;29;24;41m▓[0m[48;2;19;12;44m[38;2;19;12;44m█[0m[48;2;87;73;144m[38;2;87;73;144m@[0m[48;2;94;80;154m[38;2;94;80;154m%[0m[48;2;82;67;152m[38;2;82;67;152m@[0m[48;2;19;9;62m[38;2;19;9;62m█[0m[48;2;125;122;127m[38;2;125;122;127m#[0m[48;2;30;23;54m[38;2;30;23;54m▓[0m[48;2;66;52;138m[38;2;66;52;138m░[0m[48;2;82;67;161m[38;2;82;67;161m@[0m[48;2;80;66;164m[38;2;80;66;164m@[0m[48;2;72;60;151m[38;2;72;60;151m@[0m[48;2;45;35;102m[38;2;45;35;102m▒[0m[48;2;14;11;24m[38;2;14;11;24m█[0m[48;2;51;48;56m[38;2;51;48;56m▒[0m[48;2;48;43;56m[38;2;48;43;56m▒[0m[48;2;38;33;51m[38;2;38;33;51m▓[0m[48;2;37;32;52m[38;2;37;32;52m▓[0m[48;2;37;31;52m[38;2;37;31;52m▓[0m[48;2;37;31;52m[38;2;37;31;52m▓[0m[48;2;37;31;52m[38;2;37;31;52m▓[0m[48;2;37;31;52m[38;2;37;31;52m▓[0m[48;2;37;31;52m[38;2;37;31;52m▓[0m[48;2;37;31;52m[38;2;37;31;52m▓[0m[48;2;37;31;52m[38;2;37;31;52m▓[0m[48;2;37;31;52m[38;2;37;31;52m▓[0m[48;2;37;31;52m[38;2;37;31;52m▓[0m[48;2;37;31;52m[38;2;37;31;52m▓[0m[48;2;37;31;52m[38;2;37;31;52m▓[0m[48;2;35;30;49m[38;2;35;30;49m▓[0m[48;2;24;19;35m[38;2;24;19;35m▓[0m[48;2;46;42;52m[38;2;46;42;52m▒[0m[48;2;153;151;155m[38;2;153;151;155m+[0m                             
                                           [48;2;43;42;43m[38;2;43;42;43m▒[0m[48;2;31;27;41m[38;2;31;27;41m▓[0m[48;2;37;31;52m[38;2;37;31;52m▓[0m[48;2;37;31;52m[38;2;37;31;52m▓[0m[48;2;37;31;52m[38;2;37;31;52m▓[0m[48;2;36;30;51m[38;2;36;30;51m▓[0m[48;2;23;18;36m[38;2;23;18;36m▓[0m[48;2;19;14;32m[38;2;19;14;32m█[0m[48;2;25;21;37m[38;2;25;21;37m▓[0m[48;2;37;32;51m[38;2;37;32;51m▓[0m[48;2;14;7;40m[38;2;14;7;40m█[0m[48;2;94;90;99m[38;2;94;90;99m%[0m[48;2;201;198;204m[38;2;201;198;204m-[0m[48;2;71;68;77m[38;2;71;68;77m░[0m[48;2;39;28;84m[38;2;39;28;84m▒[0m[48;2;60;51;106m[38;2;60;51;106m░[0m[48;2;47;44;63m[38;2;47;44;63m▒[0m[48;2;164;162;168m[38;2;164;162;168m+[0m[48;2;134;131;136m[38;2;134;131;136m*[0m[48;2;39;36;43m[38;2;39;36;43m▒[0m[48;2;44;40;49m[38;2;44;40;49m▒[0m[48;2;62;58;70m[38;2;62;58;70m░[0m[48;2;60;55;70m[38;2;60;55;70m░[0m[48;2;39;34;52m[38;2;39;34;52m▒[0m[48;2;37;31;51m[38;2;37;31;51m▓[0m[48;2;37;31;52m[38;2;37;31;52m▓[0m[48;2;37;31;52m[38;2;37;31;52m▓[0m[48;2;37;31;52m[38;2;37;31;52m▓[0m[48;2;37;31;52m[38;2;37;31;52m▓[0m[48;2;37;31;52m[38;2;37;31;52m▓[0m[48;2;37;31;52m[38;2;37;31;52m▓[0m[48;2;37;31;52m[38;2;37;31;52m▓[0m[48;2;37;31;52m[38;2;37;31;52m▓[0m[48;2;37;31;52m[38;2;37;31;52m▓[0m[48;2;37;31;52m[38;2;37;31;52m▓[0m[48;2;37;31;52m[38;2;37;31;52m▓[0m[48;2;37;31;51m[38;2;37;31;51m▓[0m[48;2;26;21;37m[38;2;26;21;37m▓[0m[48;2;50;47;56m[38;2;50;47;56m▒[0m[48;2;199;198;202m[38;2;199;198;202m-[0m                           
                                          [48;2;224;224;224m[38;2;224;224;224m.[0m[48;2;10;10;11m[38;2;10;10;11m█[0m[48;2;36;31;48m[38;2;36;31;48m▓[0m[48;2;37;31;52m[38;2;37;31;52m▓[0m[48;2;37;31;52m[38;2;37;31;52m▓[0m[48;2;37;31;52m[38;2;37;31;52m▓[0m[48;2;37;31;52m[38;2;37;31;52m▓[0m[48;2;37;31;52m[38;2;37;31;52m▓[0m[48;2;37;31;52m[38;2;37;31;52m▓[0m[48;2;37;31;51m[38;2;37;31;51m▓[0m[48;2;76;72;86m[38;2;76;72;86m@[0m[48;2;17;13;24m[38;2;17;13;24m█[0m[48;2;6;2;10m[38;2;6;2;10m█[0m[48;2;96;93;99m[38;2;96;93;99m%[0m[48;2;212;209;213m[38;2;212;209;213m:[0m[48;2;188;185;190m[38;2;188;185;190m-[0m[48;2;63;60;65m[38;2;63;60;65m░[0m[48;2;51;49;53m[38;2;51;49;53m▒[0m[48;2;165;164;165m[38;2;165;164;165m+[0m[48;2;241;239;240m[38;2;241;239;240m [0m[48;2;238;235;238m[38;2;238;235;238m.[0m[48;2;77;75;80m[38;2;77;75;80m@[0m[48;2;42;39;45m[38;2;42;39;45m▒[0m[48;2;28;24;33m[38;2;28;24;33m▓[0m[48;2;57;53;64m[38;2;57;53;64m░[0m[48;2;65;61;75m[38;2;65;61;75m░[0m[48;2;54;49;67m[38;2;54;49;67m▒[0m[48;2;36;31;50m[38;2;36;31;50m▓[0m[48;2;37;31;52m[38;2;37;31;52m▓[0m[48;2;37;31;52m[38;2;37;31;52m▓[0m[48;2;37;31;52m[38;2;37;31;52m▓[0m[48;2;37;31;52m[38;2;37;31;52m▓[0m[48;2;37;31;52m[38;2;37;31;52m▓[0m[48;2;37;31;52m[38;2;37;31;52m▓[0m[48;2;37;31;52m[38;2;37;31;52m▓[0m[48;2;37;31;52m[38;2;37;31;52m▓[0m[48;2;37;31;52m[38;2;37;31;52m▓[0m[48;2;37;31;52m[38;2;37;31;52m▓[0m[48;2;37;31;52m[38;2;37;31;52m▓[0m[48;2;34;29;47m[38;2;34;29;47m▓[0m[48;2;17;14;25m[38;2;17;14;25m█[0m[48;2;168;167;168m[38;2;168;167;168m=[0m                          