                                                                                                              
                                                                                                              
                                                                                                              
                                                                                                              
                                                                                                              
                                                                                                              
                                                                                                              
                                                                                                              
                                                                                                              
                                                                                                              
                                                                                                              
                                                                                                              
                                                                                                              
                                                   [48;2;180;180;180m[38;2;180;180;180m=[0m[48;2;128;128;129m[38;2;128;128;129m*[0m[48;2;95;94;97m[38;2;95;94;97m%[0m[48;2;69;68;72m[38;2;69;68;72m░[0m[48;2;55;54;58m[38;2;55;54;58m▒[0m[48;2;45;44;48m[38;2;45;44;48m▒[0m[48;2;44;43;49m[38;2;44;43;49m▒[0m[48;2;54;52;58m[38;2;54;52;58m▒[0m[48;2;68;67;73m[38;2;68;67;73m░[0m[48;2;96;95;101m[38;2;96;95;101m%[0m[48;2;145;145;148m[38;2;145;145;148m*[0m[48;2;204;203;205m[38;2;204;203;205m:[0m                                               
                                                 [48;2;161;160;162m[38;2;161;160;162m+[0m[48;2;33;32;37m[38;2;33;32;37m▓[0m[48;2;28;26;37m[38;2;28;26;37m▓[0m[48;2;38;37;50m[38;2;38;37;50m▒[0m[48;2;42;42;57m[38;2;42;42;57m▒[0m[48;2;42;43;59m[38;2;42;43;59m▒[0m[48;2;42;43;59m[38;2;42;43;59m▒[0m[48;2;42;43;59m[38;2;42;43;59m▒[0m[48;2;42;43;59m[38;2;42;43;59m▒[0m[48;2;42;43;59m[38;2;42;43;59m▒[0m[48;2;42;43;59m[38;2;42;43;59m▒[0m[48;2;41;41;57m[38;2;41;41;57m▒[0m[48;2;36;34;51m[38;2;36;34;51m▓[0m[48;2;26;24;39m[38;2;26;24;39m▓[0m[48;2;46;44;55m[38;2;46;44;55m▒[0m[48;2;132;131;136m[38;2;132;131;136m*[0m[48;2;238;237;239m[38;2;238;237;239m.[0m                                            
                                                [48;2;96;95;98m[38;2;96;95;98m%[0m[48;2;24;22;32m[38;2;24;22;32m▓[0m[48;2;42;42;57m[38;2;42;42;57m▒[0m[48;2;42;43;59m[38;2;42;43;59m▒[0m[48;2;41;43;59m[38;2;41;43;59m▒[0m[48;2;40;44;59m[38;2;40;44;59m▒[0m[48;2;40;44;59m[38;2;40;44;59m▒[0m[48;2;40;44;59m[38;2;40;44;59m▒[0m[48;2;40;44;59m[38;2;40;44;59m▒[0m[48;2;40;44;59m[38;2;40;44;59m▒[0m[48;2;40;44;59m[38;2;40;44;59m▒[0m[48;2;40;44;59m[38;2;40;44;59m▒[0m[48;2;40;44;59m[38;2;40;44;59m▒[0m[48;2;40;43;59m[38;2;40;43;59m▒[0m[48;2;41;43;60m[38;2;41;43;60m▒[0m[48;2;42;42;59m[38;2;42;42;59m▒[0m[48;2;30;30;44m[38;2;30;30;44m▓[0m[48;2;26;24;31m[38;2;26;24;31m▓[0m[48;2;88;87;91m[38;2;88;87;91m@[0m[48;2;189;188;189m[38;2;189;188;189m-[0m                                          
                                              [48;2;189;189;189m[38;2;189;189;189m-[0m[48;2;83;82;85m[38;2;83;82;85m@[0m[48;2;27;26;33m[38;2;27;26;33m▓[0m[48;2;43;43;58m[38;2;43;43;58m▒[0m[48;2;40;44;59m[38;2;40;44;59m▒[0m[48;2;40;44;59m[38;2;40;44;59m▒[0m[48;2;40;44;59m[38;2;40;44;59m▒[0m[48;2;40;44;59m[38;2;40;44;59m▒[0m[48;2;40;44;59m[38;2;40;44;59m▒[0m[48;2;40;44;59m[38;2;40;44;59m▒[0m[48;2;40;44;59m[38;2;40;44;59m▒[0m[48;2;40;44;59m[38;2;40;44;59m▒[0m[48;2;40;44;59m[38;2;40;44;59m▒[0m[48;2;40;44;59m[38;2;40;44;59m▒[0m[48;2;40;44;59m[38;2;40;44;59m▒[0m[48;2;40;44;59m[38;2;40;44;59m▒[0m[48;2;40;44;59m[38;2;40;44;59m▒[0m[48;2;41;43;59m[38;2;41;43;59m▒[0m[48;2;43;44;59m[38;2;43;44;59m▒[0m[48;2;76;75;83m[38;2;76;75;83m@[0m[48;2;8;7;12m[38;2;8;7;12m█[0m[48;2;54;51;56m[38;2;54;51;56m▒[0m[48;2;103;101;103m[38;2;103;101;103m%[0m                                         
                                             [48;2;143;143;144m[38;2;143;143;144m*[0m[48;2;3;2;5m[38;2;3;2;5m█[0m[48;2;21;21;28m[38;2;21;21;28m▓[0m[48;2;44;44;56m[38;2;44;44;56m▒[0m[48;2;42;43;58m[38;2;42;43;58m▒[0m[48;2;40;44;59m[38;2;40;44;59m▒[0m[48;2;40;44;59m[38;2;40;44;59m▒[0m[48;2;40;44;59m[38;2;40;44;59m▒[0m[48;2;40;44;59m[38;2;40;44;59m▒[0m[48;2;40;44;59m[38;2;40;44;59m▒[0m[48;2;40;44;59m[38;2;40;44;59m▒[0m[48;2;40;44;59m[38;2;40;44;59m▒[0m[48;2;40;44;59m[38;2;40;44;59m▒[0m[48;2;40;44;59m[38;2;40;44;59m▒[0m[48;2;40;44;59m[38;2;40;44;59m▒[0m[48;2;40;44;59m[38;2;40;44;59m▒[0m[48;2;40;44;59m[38;2;40;44;59m▒[0m[48;2;40;44;59m[38;2;40;44;59m▒[0m[48;2;40;44;59m[38;2;40;44;59m▒[0m[48;2;56;57;72m[38;2;56;57;72m░[0m[48;2;68;68;77m[38;2;68;68;77m░[0m[48;2;18;15;24m[38;2;18;15;24m█[0m[48;2;107;98;106m[38;2;107;98;106m%[0m[48;2;95;85;92m[38;2;95;85;92m@[0m[48;2;94;90;93m[38;2;94;90;93m%[0m                                        
                                             [48;2;41;40;43m[38;2;41;40;43m▒[0m[48;2;7;6;12m[38;2;7;6;12m█[0m[48;2;42;42;55m[38;2;42;42;55m▒[0m[48;2;41;43;58m[38;2;41;43;58m▒[0m[48;2;40;44;59m[38;2;40;44;59m▒[0m[48;2;40;44;59m[38;2;40;44;59m▒[0m[48;2;40;44;59m[38;2;40;44;59m▒[0m[48;2;40;44;59m[38;2;40;44;59m▒[0m[48;2;40;44;59m[38;2;40;44;59m▒[0m[48;2;40;44;59m[38;2;40;44;59m▒[0m[48;2;40;44;59m[38;2;40;44;59m▒[0m[48;2;40;44;59m[38;2;40;44;59m▒[0m[48;2;40;44;59m[38;2;40;44;59m▒[0m[48;2;40;44;59m[38;2;40;44;59m▒[0m[48;2;40;44;59m[38;2;40;44;59m▒[0m[48;2;40;44;59m[38;2;40;44;59m▒[0m[48;2;40;44;59m[38;2;40;44;59m▒[0m[48;2;40;44;59m[38;2;40;44;59m▒[0m[48;2;43;46;61m[38;2;43;46;61m▒[0m[48;2;58;58;74m[38;2;58;58;74m░[0m[48;2;42;40;54m[38;2;42;40;54m▒[0m[48;2;17;12;23m[38;2;17;12;23m█[0m[48;2;108;99;107m[38;2;108;99;107m%[0m[48;2;100;89;95m[38;2;100;89;95m%[0m[48;2;63;53;58m[38;2;63;53;58m░[0m[48;2;169;167;168m[38;2;169;167;168m=[0m                                       
                                           [48;2;229;229;229m[38;2;229;229;229m.[0m[48;2;54;52;55m[38;2;54;52;55m▒[0m[48;2;37;32;39m[38;2;37;32;39m▓[0m[48;2;20;18;28m[38;2;20;18;28m▓[0m[48;2;41;43;58m[38;2;41;43;58m▒[0m[48;2;40;44;59m[38;2;40;44;59m▒[0m[48;2;40;44;59m[38;2;40;44;59m▒[0m[48;2;40;44;59m[38;2;40;44;59m▒[0m[48;2;40;44;59m[38;2;40;44;59m▒[0m[48;2;40;44;59m[38;2;40;44;59m▒[0m[48;2;40;44;59m[38;2;40;44;59m▒[0m[48;2;40;44;59m[38;2;40;44;59m▒[0m[48;2;40;44;59m[38;2;40;44;59m▒[0m[48;2;40;44;59m[38;2;40;44;59m▒[0m[48;2;40;44;59m[38;2;40;44;59m▒[0m[48;2;40;44;59m[38;2;40;44;59m▒[0m[48;2;40;44;59m[38;2;40;44;59m▒[0m[48;2;40;44;59m[38;2;40;44;59m▒[0m[48;2;42;43;59m[38;2;42;43;59m▒[0m[48;2;44;42;59m[38;2;44;42;59m▒[0m[48;2;76;74;89m[38;2;76;74;89m@[0m[48;2;51;48;62m[38;2;51;48;62m▒[0m[48;2;20;16;28m[38;2;20;16;28m▓[0m[48;2;99;89;99m[38;2;99;89;99m%[0m[48;2;124;113;121m[38;2;124;113;121m#[0m[48;2;15;7;11m[38;2;15;7;11m█[0m[48;2;111;100;107m[38;2;111;100;107m%[0m[48;2;69;65;67m[38;2;69;65;67m░[0m                                       
                                          [48;2;238;238;238m[38;2;238;238;238m [0m[48;2;48;45;49m[38;2;48;45;49m▒[0m[48;2;94;84;92m[38;2;94;84;92m@[0m[48;2;88;78;88m[38;2;88;78;88m@[0m[48;2;26;22;33m[38;2;26;22;33m▓[0m[48;2;41;43;58m[38;2;41;43;58m▒[0m[48;2;40;44;59m[38;2;40;44;59m▒[0m[48;2;40;44;59m[38;2;40;44;59m▒[0m[48;2;40;44;59m[38;2;40;44;59m▒[0m[48;2;40;44;59m[38;2;40;44;59m▒[0m[48;2;40;44;59m[38;2;40;44;59m▒[0m[48;2;40;44;59m[38;2;40;44;59m▒[0m[48;2;40;44;59m[38;2;40;44;59m▒[0m[48;2;40;44;59m[38;2;40;44;59m▒[0m[48;2;40;44;59m[38;2;40;44;59m▒[0m[48;2;40;44;59m[38;2;40;44;59m▒[0m[48;2;40;44;59m[38;2;40;44;59m▒[0m[48;2;41;43;59m[38;2;41;43;59m▒[0m[48;2;42;43;59m[38;2;42;43;59m▒[0m[48;2;53;52;68m[38;2;53;52;68m▒[0m[48;2;77;75;87m[38;2;77;75;87m@[0m[48;2;42;37;49m[38;2;42;37;49m▒[0m[48;2;30;23;34m[38;2;30;23;34m▓[0m[48;2;112;101;113m[38;2;112;101;113m%[0m[48;2;155;139;152m[38;2;155;139;152m*[0m[48;2;157;142;153m[38;2;157;142;153m+[0m[48;2;77;67;75m[38;2;77;67;75m░[0m[48;2;84;78;83m[38;2;84;78;83m@[0m[48;2;28;26;29m[38;2;28;26;29m▓[0m                                       
                                          [48;2;94;93;95m[38;2;94;93;95m%[0m[48;2;79;71;78m[38;2;79;71;78m@[0m[48;2;156;142;152m[38;2;156;142;152m+[0m[48;2;112;98;109m[38;2;112;98;109m%[0m[48;2;20;16;26m[38;2;20;16;26m▓[0m[48;2;43;42;58m[38;2;43;42;58m▒[0m[48;2;41;43;59m[38;2;41;43;59m▒[0m[48;2;40;44;59m[38;2;40;44;59m▒[0m[48;2;40;44;59m[38;2;40;44;59m▒[0m[48;2;40;44;59m[38;2;40;44;59m▒[0m[48;2;40;44;59m[38;2;40;44;59m▒[0m[48;2;40;44;59m[38;2;40;44;59m▒[0m[48;2;40;44;59m[38;2;40;44;59m▒[0m[48;2;40;44;59m[38;2;40;44;59m▒[0m[48;2;40;44;59m[38;2;40;44;59m▒[0m[48;2;41;43;59m[38;2;41;43;59m▒[0m[48;2;42;43;59m[38;2;42;43;59m▒[0m[48;2;53;51;66m[38;2;53;51;66m▒[0m[48;2;72;69;83m[38;2;72;69;83m░[0m[48;2;56;53;66m[38;2;56;53;66m░[0m[48;2;25;21;30m[38;2;25;21;30m▓[0m[48;2;78;68;78m[38;2;78;68;78m░[0m[48;2;150;134;147m[38;2;150;134;147m*[0m[48;2;160;141;155m[38;2;160;141;155m+[0m[48;2;160;141;155m[38;2;160;141;155m+[0m[48;2;160;141;155m[38;2;160;141;155m+[0m[48;2;119;105;115m[38;2;119;105;115m#[0m[48;2;34;30;34m[38;2;34;30;34m▓[0m[48;2;31;28;32m[38;2;31;28;32m▓[0m                                       
                                         [48;2;202;202;202m[38;2;202;202;202m:[0m[48;2;38;34;39m[38;2;38;34;39m▓[0m[48;2;153;140;149m[38;2;153;140;149m*[0m[48;2;160;143;154m[38;2;160;143;154m+[0m[48;2;117;101;114m[38;2;117;101;114m%[0m[48;2;15;6;16m[38;2;15;6;16m█[0m[48;2;33;28;41m[38;2;33;28;41m▓[0m[48;2;43;42;58m[38;2;43;42;58m▒[0m[48;2;41;43;59m[38;2;41;43;59m▒[0m[48;2;40;44;59m[38;2;40;44;59m▒[0m[48;2;40;44;59m[38;2;40;44;59m▒[0m[48;2;40;44;59m[38;2;40;44;59m▒[0m[48;2;40;44;59m[38;2;40;44;59m▒[0m[48;2;40;44;59m[38;2;40;44;59m▒[0m[48;2;48;50;65m[38;2;48;50;65m▒[0m[48;2;46;46;62m[38;2;46;46;62m▒[0m[48;2;68;65;81m[38;2;68;65;81m░[0m[48;2;67;63;74m[38;2;67;63;74m░[0m[48;2;49;43;51m[38;2;49;43;51m▒[0m[48;2;35;27;35m[38;2;35;27;35m▓[0m[48;2;83;73;82m[38;2;83;73;82m@[0m[48;2;145;130;141m[38;2;145;130;141m*[0m[48;2;160;140;154m[38;2;160;140;154m+[0m[48;2;161;140;155m[38;2;161;140;155m+[0m[48;2;161;140;155m[38;2;161;140;155m+[0m[48;2;161;140;155m[38;2;161;140;155m+[0m[48;2;161;140;155m[38;2;161;140;155m+[0m[48;2;126;112;123m[38;2;126;112;123m#[0m[48;2;8;4;8m[38;2;8;4;8m█[0m[48;2;59;57;61m[38;2;59;57;61m░[0m                                       
                                         [48;2;76;74;75m[38;2;76;74;75m@[0m[48;2;122;111;119m[38;2;122;111;119m#[0m[48;2;160;143;154m[38;2;160;143;154m+[0m[48;2;161;142;154m[38;2;161;142;154m+[0m[48;2;105;90;101m[38;2;105;90;101m%[0m[48;2;69;58;67m[38;2;69;58;67m░[0m[48;2;46;36;47m[38;2;46;36;47m▒[0m[48;2;32;27;41m[38;2;32;27;41m▓[0m[48;2;43;42;58m[38;2;43;42;58m▒[0m[48;2;41;43;58m[38;2;41;43;58m▒[0m[48;2;40;44;58m[38;2;40;44;58m▒[0m[48;2;41;44;58m[38;2;41;44;58m▒[0m[48;2;56;56;70m[38;2;56;56;70m░[0m[48;2;73;71;83m[38;2;73;71;83m░[0m[48;2;56;54;65m[38;2;56;54;65m░[0m[48;2;29;25;37m[38;2;29;25;37m▓[0m[48;2;30;24;35m[38;2;30;24;35m▓[0m[48;2;66;57;67m[38;2;66;57;67m░[0m[48;2;116;104;114m[38;2;116;104;114m%[0m[48;2;156;140;152m[38;2;156;140;152m*[0m[48;2;160;142;153m[38;2;160;142;153m+[0m[48;2;160;140;154m[38;2;160;140;154m+[0m[48;2;161;140;155m[38;2;161;140;155m+[0m[48;2;161;140;155m[38;2;161;140;155m+[0m[48;2;161;140;155m[38;2;161;140;155m+[0m[48;2;161;140;155m[38;2;161;140;155m+[0m[48;2;161;140;155m[38;2;161;140;155m+[0m[48;2;117;102;113m[38;2;117;102;113m%[0m[48;2;72;68;72m[38;2;72;68;72m░[0m[48;2;224;221;225m[38;2;224;221;225m.[0m                                       
                                        [48;2;219;219;219m[38;2;219;219;219m:[0m[48;2;38;32;37m[38;2;38;32;37m▓[0m[48;2;159;141;153m[38;2;159;141;153m+[0m[48;2;161;141;155m[38;2;161;141;155m+[0m[48;2;161;141;155m[38;2;161;141;155m+[0m[48;2;154;134;149m[38;2;154;134;149m*[0m[48;2;38;28;36m[38;2;38;28;36m▓[0m[48;2;134;120;132m[38;2;134;120;132m#[0m[48;2;85;72;85m[38;2;85;72;85m@[0m[48;2;36;28;39m[38;2;36;28;39m▓[0m[48;2;25;20;31m[38;2;25;20;31m▓[0m[48;2;34;29;39m[38;2;34;29;39m▓[0m[48;2;49;44;53m[38;2;49;44;53m▒[0m[48;2;41;35;43m[38;2;41;35;43m▒[0m[48;2;46;38;47m[38;2;46;38;47m▒[0m[48;2;76;66;77m[38;2;76;66;77m░[0m[48;2;120;106;119m[38;2;120;106;119m#[0m[48;2;155;138;152m[38;2;155;138;152m*[0m[48;2;159;142;155m[38;2;159;142;155m+[0m[48;2;153;137;150m[38;2;153;137;150m*[0m[48;2;121;105;118m[38;2;121;105;118m#[0m[48;2;84;69;82m[38;2;84;69;82m@[0m[48;2;134;117;130m[38;2;134;117;130m#[0m[48;2;161;140;155m[38;2;161;140;155m+[0m[48;2;161;140;155m[38;2;161;140;155m+[0m[48;2;161;140;155m[38;2;161;140;155m+[0m[48;2;161;140;155m[38;2;161;140;155m+[0m[48;2;161;140;155m[38;2;161;140;155m+[0m[48;2;64;50;60m[38;2;64;50;60m░[0m[48;2;40;35;39m[38;2;40;35;39m▒[0m[48;2;89;86;90m[38;2;89;86;90m@[0m[48;2;64;61;65m[38;2;64;61;65m░[0m[48;2;66;63;67m[38;2;66;63;67m░[0m[48;2;90;88;90m[38;2;90;88;90m@[0m[48;2;237;237;237m[38;2;237;237;237m.[0m                                   
                                        [48;2;163;162;163m[38;2;163;162;163m+[0m[48;2;71;64;70m[38;2;71;64;70m░[0m[48;2;160;141;154m[38;2;160;141;154m+[0m[48;2;161;140;155m[38;2;161;140;155m+[0m[48;2;161;140;155m[38;2;161;140;155m+[0m[48;2;161;140;155m[38;2;161;140;155m+[0m[48;2;122;107;119m[38;2;122;107;119m#[0m[48;2;41;29;40m[38;2;41;29;40m▓[0m[48;2;34;23;33m[38;2;34;23;33m▓[0m[48;2;134;121;131m[38;2;134;121;131m#[0m[48;2;138;126;135m[38;2;138;126;135m*[0m[48;2;75;65;72m[38;2;75;65;72m░[0m[48;2;62;52;58m[38;2;62;52;58m░[0m[48;2;153;142;150m[38;2;153;142;150m*[0m[48;2;155;141;153m[38;2;155;141;153m+[0m[48;2;136;120;133m[38;2;136;120;133m#[0m[48;2;108;93;105m[38;2;108;93;105m%[0m[48;2;80;68;77m[38;2;80;68;77m░[0m[48;2;67;55;64m[38;2;67;55;64m░[0m[48;2;71;58;67m[38;2;71;58;67m░[0m[48;2;100;87;97m[38;2;100;87;97m%[0m[48;2;140;123;136m[38;2;140;123;136m*[0m[48;2;159;141;155m[38;2;159;141;155m+[0m[48;2;161;140;155m[38;2;161;140;155m+[0m[48;2;161;140;155m[38;2;161;140;155m+[0m[48;2;161;140;155m[38;2;161;140;155m+[0m[48;2;161;140;155m[38;2;161;140;155m+[0m[48;2;130;112;126m[38;2;130;112;126m#[0m[48;2;19;7;18m[38;2;19;7;18m█[0m[48;2;18;12;20m[38;2;18;12;20m█[0m[48;2;125;122;127m[38;2;125;122;127m#[0m[48;2;233;230;234m[38;2;233;230;234m.[0m[48;2;59;57;60m[38;2;59;57;60m░[0m[48;2;61;59;61m[38;2;61;59;61m░[0m                                    
                                        [48;2;148;148;148m[38;2;148;148;148m+[0m[48;2;81;73;78m[38;2;81;73;78m@[0m[48;2;160;141;154m[38;2;160;141;154m+[0m[48;2;161;140;155m[38;2;161;140;155m+[0m[48;2;161;140;155m[38;2;161;140;155m+[0m[48;2;161;140;155m[38;2;161;140;155m+[0m[48;2;160;141;155m[38;2;160;141;155m+[0m[48;2;126;109;123m[38;2;126;109;123m#[0m[48;2;37;26;35m[38;2;37;26;35m▓[0m[48;2;42;33;41m[38;2;42;33;41m▒[0m[48;2;28;22;27m[38;2;28;22;27m▓[0m[48;2;9;4;8m[38;2;9;4;8m█[0m[48;2;50;44;49m[38;2;50;44;49m▒[0m[48;2;65;58;65m[38;2;65;58;65m░[0m[48;2;70;60;70m[38;2;70;60;70m░[0m[48;2;87;76;86m[38;2;87;76;86m@[0m[48;2;116;101;112m[38;2;116;101;112m%[0m[48;2;145;128;141m[38;2;145;128;141m*[0m[48;2;159;140;154m[38;2;159;140;154m+[0m[48;2;161;141;155m[38;2;161;141;155m+[0m[48;2;161;140;155m[38;2;161;140;155m+[0m[48;2;161;140;155m[38;2;161;140;155m+[0m[48;2;161;140;155m[38;2;161;140;155m+[0m[48;2;161;140;155m[38;2;161;140;155m+[0m[48;2;161;140;155m[38;2;161;140;155m+[0m[48;2;161;140;155m[38;2;161;140;155m+[0m[48;2;159;138;153m[38;2;159;138;153m*[0m[48;2;46;33;44m[38;2;46;33;44m▒[0m[48;2;24;15;26m[38;2;24;15;26m▓[0m[48;2;34;29;42m[38;2;34;29;42m▓[0m[48;2;43;39;46m[38;2;43;39;46m▒[0m [48;2;187;184;188m[38;2;187;184;188m-[0m[48;2;78;75;79m[38;2;78;75;79m@[0m                                    
                                        [48;2;163;163;163m[38;2;163;163;163m+[0m[48;2;68;60;65m[38;2;68;60;65m░[0m[48;2;160;143;154m[38;2;160;143;154m+[0m[48;2;161;140;155m[38;2;161;140;155m+[0m[48;2;161;140;155m[38;2;161;140;155m+[0m[48;2;161;140;155m[38;2;161;140;155m+[0m[48;2;161;140;155m[38;2;161;140;155m+[0m[48;2;161;140;155m[38;2;161;140;155m+[0m[48;2;135;119;131m[38;2;135;119;131m#[0m[48;2;14;6;13m[38;2;14;6;13m█[0m[48;2;5;2;8m[38;2;5;2;8m█[0m[48;2;15;12;19m[38;2;15;12;19m█[0m[48;2;26;22;30m[38;2;26;22;30m▓[0m[48;2;53;46;56m[38;2;53;46;56m▒[0m[48;2;96;83;95m[38;2;96;83;95m@[0m[48;2;159;140;154m[38;2;159;140;154m+[0m[48;2;161;140;155m[38;2;161;140;155m+[0m[48;2;161;140;155m[38;2;161;140;155m+[0m[48;2;161;140;155m[38;2;161;140;155m+[0m[48;2;161;140;155m[38;2;161;140;155m+[0m[48;2;161;140;155m[38;2;161;140;155m+[0m[48;2;161;140;155m[38;2;161;140;155m+[0m[48;2;161;140;155m[38;2;161;140;155m+[0m[48;2;161;140;155m[38;2;161;140;155m+[0m[48;2;161;140;155m[38;2;161;140;155m+[0m[48;2;161;140;155m[38;2;161;140;155m+[0m[48;2;158;138;152m[38;2;158;138;152m*[0m[48;2;96;82;93m[38;2;96;82;93m@[0m[48;2;18;9;19m[38;2;18;9;19m█[0m[48;2;36;31;43m[38;2;36;31;43m▓[0m[48;2;12;9;16m[38;2;12;9;16m█[0m[48;2;197;194;198m[38;2;197;194;198m-[0m[48;2;106;103;107m[38;2;106;103;107m%[0m[48;2;14;11;15m[38;2;14;11;15m█[0m[48;2;76;75;77m[38;2;76;75;77m@[0m[48;2;83;82;83m[38;2;83;82;83m@[0m[48;2;103;103;103m[38;2;103;103;103m%[0m[48;2;134;134;134m[38;2;134;134;134m*[0m[48;2;179;179;179m[38;2;179;179;179m=[0m[48;2;233;233;233m[38;2;233;233;233m.[0m                              
                                        [48;2;113;112;112m[38;2;113;112;112m#[0m[48;2;26;22;25m[38;2;26;22;25m▓[0m[48;2;149;136;145m[38;2;149;136;145m*[0m[48;2;161;141;155m[38;2;161;141;155m+[0m[48;2;161;140;155m[38;2;161;140;155m+[0m[48;2;161;140;155m[38;2;161;140;155m+[0m[48;2;161;140;155m[38;2;161;140;155m+[0m[48;2;161;140;155m[38;2;161;140;155m+[0m[48;2;120;102;115m[38;2;120;102;115m%[0m[48;2;20;12;22m[38;2;20;12;22m█[0m[48;2;26;22;32m[38;2;26;22;32m▓[0m[48;2;2;0;6m[38;2;2;0;6m█[0m[48;2;14;12;17m[38;2;14;12;17m█[0m[48;2;13;8;16m[38;2;13;8;16m█[0m[48;2;54;44;55m[38;2;54;44;55m▒[0m[48;2;149;131;145m[38;2;149;131;145m*[0m[48;2;161;140;155m[38;2;161;140;155m+[0m[48;2;161;140;155m[38;2;161;140;155m+[0m[48;2;161;140;155m[38;2;161;140;155m+[0m[48;2;161;140;155m[38;2;161;140;155m+[0m[48;2;161;140;155m[38;2;161;140;155m+[0m[48;2;161;140;155m[38;2;161;140;155m+[0m[48;2;161;140;155m[38;2;161;140;155m+[0m[48;2;161;140;155m[38;2;161;140;155m+[0m[48;2;161;140;155m[38;2;161;140;155m+[0m[48;2;161;140;155m[38;2;161;140;155m+[0m[48;2;161;140;155m[38;2;161;140;155m+[0m[48;2;159;139;153m[38;2;159;139;153m+[0m[48;2;75;62;73m[38;2;75;62;73m░[0m[48;2;22;15;25m[38;2;22;15;25m█[0m[48;2;10;7;14m[38;2;10;7;14m█[0m[48;2;209;206;211m[38;2;209;206;211m:[0m[48;2;132;129;133m[38;2;132;129;133m*[0m[48;2;29;26;30m[38;2;29;26;30m▓[0m[48;2;152;151;154m[38;2;152;151;154m+[0m[48;2;128;127;130m[38;2;128;127;130m#[0m[48;2;82;81;83m[38;2;82;81;83m@[0m[48;2;49;48;51m[38;2;49;48;51m▒[0m[48;2;66;65;67m[38;2;66;65;67m░[0m[48;2;69;64;67m[38;2;69;64;67m░[0m[48;2;85;79;83m[38;2;85;79;83m@[0m[48;2;197;194;197m[38;2;197;194;197m-[0m                            
                                         [48;2;168;167;168m[38;2;168;167;168m=[0m[48;2;56;48;54m[38;2;56;48;54m▒[0m[48;2;154;136;149m[38;2;154;136;149m*[0m[48;2;161;140;155m[38;2;161;140;155m+[0m[48;2;161;140;155m[38;2;161;140;155m+[0m[48;2;161;140;155m[38;2;161;140;155m+[0m[48;2;161;140;155m[38;2;161;140;155m+[0m[48;2;151;130;145m[38;2;151;130;145m*[0m[48;2;47;34;45m[38;2;47;34;45m▒[0m[48;2;25;16;27m[38;2;25;16;27m▓[0m[48;2;16;12;19m[38;2;16;12;19m█[0m[48;2;8;7;12m[38;2;8;7;12m█[0m[48;2;23;22;27m[38;2;23;22;27m▓[0m[48;2;10;7;12m[38;2;10;7;12m█[0m[48;2;60;51;60m[38;2;60;51;60m▒[0m[48;2;156;139;152m[38;2;156;139;152m*[0m[48;2;161;140;155m[38;2;161;140;155m+[0m[48;2;161;140;155m[38;2;161;140;155m+[0m[48;2;161;140;155m[38;2;161;140;155m+[0m[48;2;161;140;155m[38;2;161;140;155m+[0m[48;2;161;140;155m[38;2;161;140;155m+[0m[48;2;161;140;155m[38;2;161;140;155m+[0m[48;2;161;140;155m[38;2;161;140;155m+[0m[48;2;161;140;155m[38;2;161;140;155m+[0m[48;2;161;140;155m[38;2;161;140;155m+[0m[48;2;161;140;155m[38;2;161;140;155m+[0m[48;2;160;139;154m[38;2;160;139;154m+[0m[48;2;158;138;153m[38;2;158;138;153m*[0m[48;2;99;83;96m[38;2;99;83;96m@[0m[48;2;32;24;33m[38;2;32;24;33m▓[0m[48;2;49;46;50m[38;2;49;46;50m▒[0m[48;2;49;46;49m[38;2;49;46;49m▒[0m[48;2;171;168;172m[38;2;171;168;172m=[0m[48;2;191;189;193m[38;2;191;189;193m-[0m[48;2;173;171;175m[38;2;173;171;175m=[0m[48;2;170;168;171m[38;2;170;168;171m=[0m[48;2;94;90;94m[38;2;94;90;94m%[0m[48;2;69;62;68m[38;2;69;62;68m░[0m[48;2;154;141;149m[38;2;154;141;149m*[0m[48;2;142;129;136m[38;2;142;129;136m*[0m[48;2;37;30;35m[38;2;37;30;35m▓[0m[48;2;228;226;228m[38;2;228;226;228m.[0m                           
                                          [48;2;112;109;111m[38;2;112;109;111m#[0m[48;2;33;25;31m[38;2;33;25;31m▓[0m[48;2;114;100;111m[38;2;114;100;111m%[0m[48;2;158;141;154m[38;2;158;141;154m+[0m[48;2;161;140;155m[38;2;161;140;155m+[0m[48;2;161;140;155m[38;2;161;140;155m+[0m[48;2;161;140;155m[38;2;161;140;155m+[0m[48;2;160;140;155m[38;2;160;140;155m+[0m[48;2;124;108;121m[38;2;124;108;121m#[0m[48;2;29;18;29m[38;2;29;18;29m▓[0m[48;2;28;21;29m[38;2;28;21;29m▓[0m[48;2;14;8;15m[38;2;14;8;15m█[0m[48;2;84;78;85m[38;2;84;78;85m@[0m[48;2;61;55;61m[38;2;61;55;61m░[0m[48;2;72;60;70m[38;2;72;60;70m░[0m[48;2;114;98;109m[38;2;114;98;109m%[0m[48;2;148;129;143m[38;2;148;129;143m*[0m[48;2;160;140;155m[38;2;160;140;155m+[0m[48;2;161;140;155m[38;2;161;140;155m+[0m[48;2;161;140;155m[38;2;161;140;155m+[0m[48;2;161;140;155m[38;2;161;140;155m+[0m[48;2;161;140;155m[38;2;161;140;155m+[0m[48;2;161;140;155m[38;2;161;140;155m+[0m[48;2;161;140;155m[38;2;161;140;155m+[0m[48;2;161;140;155m[38;2;161;140;155m+[0m[48;2;161;140;155m[38;2;161;140;155m+[0m[48;2;161;140;155m[38;2;161;140;155m+[0m[48;2;161;140;155m[38;2;161;140;155m+[0m[48;2;158;139;153m[38;2;158;139;153m*[0m[48;2;137;121;133m[38;2;137;121;133m#[0m[48;2;124;110;121m[38;2;124;110;121m#[0m[48;2;110;97;107m[38;2;110;97;107m%[0m[48;2;105;94;103m[38;2;105;94;103m%[0m[48;2;109;98;107m[38;2;109;98;107m%[0m[48;2;108;97;106m[38;2;108;97;106m%[0m[48;2;129;118;127m[38;2;129;118;127m#[0m[48;2;157;143;153m[38;2;157;143;153m+[0m[48;2;150;134;145m[38;2;150;134;145m*[0m[48;2;122;107;117m[38;2;122;107;117m#[0m[48;2;24;15;21m[38;2;24;15;21m▓[0m[48;2;114;110;114m[38;2;114;110;114m#[0m                           
                                          [48;2;229;228;229m[38;2;229;228;229m.[0m[48;2;44;42;44m[38;2;44;42;44m▒[0m[48;2;81;77;80m[38;2;81;77;80m@[0m[48;2;55;47;54m[38;2;55;47;54m▒[0m[48;2;151;134;147m[38;2;151;134;147m*[0m[48;2;160;141;155m[38;2;160;141;155m+[0m[48;2;161;140;155m[38;2;161;140;155m+[0m[48;2;161;140;155m[38;2;161;140;155m+[0m[48;2;161;141;155m[38;2;161;141;155m+[0m[48;2;159;138;153m[38;2;159;138;153m*[0m[48;2;158;139;153m[38;2;158;139;153m*[0m[48;2;127;109;123m[38;2;127;109;123m#[0m[48;2;56;43;54m[38;2;56;43;54m▒[0m[48;2;88;78;88m[38;2;88;78;88m@[0m[48;2;88;78;88m[38;2;88;78;88m@[0m[48;2;17;12;18m[38;2;17;12;18m█[0m[48;2;10;3;11m[38;2;10;3;11m█[0m[48;2;50;39;50m[38;2;50;39;50m▒[0m[48;2;158;139;153m[38;2;158;139;153m*[0m[48;2;158;137;152m[38;2;158;137;152m*[0m[48;2;146;125;140m[38;2;146;125;140m*[0m[48;2;161;140;155m[38;2;161;140;155m+[0m[48;2;161;140;155m[38;2;161;140;155m+[0m[48;2;161;140;155m[38;2;161;140;155m+[0m[48;2;161;140;155m[38;2;161;140;155m+[0m[48;2;161;140;155m[38;2;161;140;155m+[0m[48;2;161;140;155m[38;2;161;140;155m+[0m[48;2;161;140;155m[38;2;161;140;155m+[0m[48;2;161;140;155m[38;2;161;140;155m+[0m[48;2;161;140;155m[38;2;161;140;155m+[0m[48;2;161;140;155m[38;2;161;140;155m+[0m[48;2;104;86;100m[38;2;104;86;100m%[0m[48;2;73;59;71m[38;2;73;59;71m░[0m[48;2;72;59;70m[38;2;72;59;70m░[0m[48;2;71;59;68m[38;2;71;59;68m░[0m[48;2;70;58;66m[38;2;70;58;66m░[0m[48;2;70;58;66m[38;2;70;58;66m░[0m[48;2;77;65;74m[38;2;77;65;74m░[0m[48;2;96;84;92m[38;2;96;84;92m@[0m[48;2;131;118;127m[38;2;131;118;127m#[0m[48;2;44;35;43m[38;2;44;35;43m▒[0m[48;2;197;195;197m[38;2;197;195;197m-[0m                          
                                           [48;2;215;215;215m[38;2;215;215;215m:[0m[48;2;93;93;93m[38;2;93;93;93m%[0m[48;2;61;60;61m[38;2;61;60;61m░[0m[48;2;60;55;59m[38;2;60;55;59m░[0m[48;2;106;95;104m[38;2;106;95;104m%[0m[48;2;157;139;152m[38;2;157;139;152m*[0m[48;2;161;140;155m[38;2;161;140;155m+[0m[48;2;161;140;155m[38;2;161;140;155m+[0m[48;2;161;140;155m[38;2;161;140;155m+[0m[48;2;161;140;155m[38;2;161;140;155m+[0m[48;2;161;140;155m[38;2;161;140;155m+[0m[48;2;159;139;154m[38;2;159;139;154m+[0m[48;2;128;112;125m[38;2;128;112;125m#[0m[48;2;93;79;91m[38;2;93;79;91m@[0m[48;2;79;68;78m[38;2;79;68;78m░[0m[48;2;118;104;117m[38;2;118;104;117m%[0m[48;2;149;132;145m[38;2;149;132;145m*[0m[48;2;160;141;155m[38;2;160;141;155m+[0m[48;2;152;132;146m[38;2;152;132;146m*[0m[48;2;71;53;66m[38;2;71;53;66m░[0m[48;2;69;52;65m[38;2;69;52;65m░[0m[48;2;98;82;95m[38;2;98;82;95m@[0m[48;2;117;101;114m[38;2;117;101;114m%[0m[48;2;81;67;79m[38;2;81;67;79m░[0m[48;2;46;34;45m[38;2;46;34;45m▒[0m[48;2;67;56;66m[38;2;67;56;66m░[0m[48;2;79;68;78m[38;2;79;68;78m░[0m[48;2;88;76;86m[38;2;88;76;86m@[0m[48;2;99;84;96m[38;2;99;84;96m@[0m[48;2;103;89;101m[38;2;103;89;101m%[0m[48;2;104;89;102m[38;2;104;89;102m%[0m[48;2;108;94;105m[38;2;108;94;105m%[0m[48;2;111;97;109m[38;2;111;97;109m%[0m[48;2;111;97;108m[38;2;111;97;108m%[0m[48;2;104;91;101m[38;2;104;91;101m%[0m[48;2;100;88;97m[38;2;100;88;97m%[0m[48;2;91;80;89m[38;2;91;80;89m@[0m[48;2;80;70;77m[38;2;80;70;77m@[0m[48;2;49;41;47m[38;2;49;41;47m▒[0m[48;2;108;103;108m[38;2;108;103;108m%[0m                           
                                              [48;2;81;80;83m[38;2;81;80;83m@[0m[48;2;6;4;9m[38;2;6;4;9m█[0m[48;2;34;28;35m[38;2;34;28;35m▓[0m[48;2;95;84;93m[38;2;95;84;93m@[0m[48;2;151;133;147m[38;2;151;133;147m*[0m[48;2;160;140;155m[38;2;160;140;155m+[0m[48;2;161;140;155m[38;2;161;140;155m+[0m[48;2;161;140;155m[38;2;161;140;155m+[0m[48;2;161;140;155m[38;2;161;140;155m+[0m[48;2;160;141;155m[38;2;160;141;155m+[0m[48;2;160;141;155m[38;2;160;141;155m+[0m[48;2;120;102;115m[38;2;120;102;115m%[0m[48;2;98;81;93m[38;2;98;81;93m@[0m[48;2;150;133;146m[38;2;150;133;146m*[0m[48;2;159;141;155m[38;2;159;141;155m+[0m[48;2;160;141;155m[38;2;160;141;155m+[0m[48;2;160;141;155m[38;2;160;141;155m+[0m[48;2;155;136;150m[38;2;155;136;150m*[0m[48;2;132;114;128m[38;2;132;114;128m#[0m[48;2;114;98;110m[38;2;114;98;110m%[0m[48;2;104;88;100m[38;2;104;88;100m%[0m[48;2;100;85;97m[38;2;100;85;97m@[0m[48;2;99;84;96m[38;2;99;84;96m@[0m[48;2;101;86;98m[38;2;101;86;98m%[0m[48;2;105;90;102m[38;2;105;90;102m%[0m[48;2;112;97;109m[38;2;112;97;109m%[0m[48;2;119;104;117m[38;2;119;104;117m#[0m[48;2;122;105;118m[38;2;122;105;118m#[0m[48;2;119;103;115m[38;2;119;103;115m%[0m[48;2;117;101;114m[38;2;117;101;114m%[0m[48;2;103;89;102m[38;2;103;89;102m%[0m[48;2;52;41;51m[38;2;52;41;51m▒[0m[48;2;62;54;62m[38;2;62;54;62m░[0m[48;2;200;195;200m[38;2;200;195;200m-[0m[48;2;232;230;232m[38;2;232;230;232m.[0m                             
                                             [48;2;118;117;120m[38;2;118;117;120m#[0m[48;2;17;16;24m[38;2;17;16;24m█[0m[48;2;15;11;23m[38;2;15;11;23m█[0m[48;2;10;7;15m[38;2;10;7;15m█[0m[48;2;30;21;62m[38;2;30;21;62m▓[0m[48;2;52;40;77m[38;2;52;40;77m▒[0m[48;2;63;51;68m[38;2;63;51;68m░[0m[48;2;88;74;89m[38;2;88;74;89m@[0m[48;2;120;105;117m[38;2;120;105;117m#[0m[48;2;148;131;144m[38;2;148;131;144m*[0m[48;2;160;140;155m[38;2;160;140;155m+[0m[48;2;160;141;155m[38;2;160;141;155m+[0m[48;2;159;140;154m[38;2;159;140;154m+[0m[48;2;120;102;115m[38;2;120;102;115m%[0m[48;2;67;52;64m[38;2;67;52;64m░[0m[48;2;52;39;50m[38;2;52;39;50m▒[0m[48;2;64;52;61m[38;2;64;52;61m░[0m[48;2;85;73;82m[38;2;85;73;82m@[0m[48;2;104;91;101m[38;2;104;91;101m%[0m[48;2;122;109;118m[38;2;122;109;118m#[0m[48;2;137;123;134m[38;2;137;123;134m*[0m[48;2;145;131;142m[38;2;145;131;142m*[0m[48;2;150;136;148m[38;2;150;136;148m*[0m[48;2;153;138;149m[38;2;153;138;149m*[0m[48;2;152;137;148m[38;2;152;137;148m*[0m[48;2;147;133;144m[38;2;147;133;144m*[0m[48;2;135;122;133m[38;2;135;122;133m#[0m[48;2;122;109;119m[38;2;122;109;119m#[0m[48;2;101;88;98m[38;2;101;88;98m%[0m[48;2;75;64;74m[38;2;75;64;74m░[0m[48;2;73;64;73m[38;2;73;64;73m░[0m[48;2;113;106;112m[38;2;113;106;112m%[0m[48;2;190;185;189m[38;2;190;185;189m-[0m                                
                                            [48;2;177;177;178m[38;2;177;177;178m=[0m[48;2;12;11;18m[38;2;12;11;18m█[0m[48;2;36;33;50m[38;2;36;33;50m▓[0m[48;2;37;32;51m[38;2;37;32;51m▓[0m[48;2;17;13;24m[38;2;17;13;24m█[0m[48;2;44;33;92m[38;2;44;33;92m▒[0m[48;2;93;80;151m[38;2;93;80;151m%[0m[48;2;101;93;132m[38;2;101;93;132m%[0m[48;2;35;19;115m[38;2;35;19;115m▓[0m[48;2;7;4;17m[38;2;7;4;17m█[0m[48;2;38;28;86m[38;2;38;28;86m▒[0m[48;2;40;31;74m[38;2;40;31;74m▒[0m[48;2;53;44;81m[38;2;53;44;81m▒[0m[48;2;66;56;75m[38;2;66;56;75m░[0m[48;2;82;71;89m[38;2;82;71;89m@[0m[48;2;97;86;97m[38;2;97;86;97m@[0m[48;2;99;90;99m[38;2;99;90;99m%[0m[48;2;75;67;73m[38;2;75;67;73m░[0m[48;2;50;42;47m[38;2;50;42;47m▒[0m[48;2;28;21;26m[38;2;28;21;26m▓[0m[48;2;8;2;6m[38;2;8;2;6m█[0m[48;2;5;0;4m[38;2;5;0;4m█[0m[48;2;5;0;4m[38;2;5;0;4m█[0m[48;2;6;1;5m[38;2;6;1;5m█[0m[48;2;6;2;5m[38;2;6;2;5m█[0m[48;2;7;2;6m[38;2;7;2;6m█[0m[48;2;8;3;8m[38;2;8;3;8m█[0m[48;2;6;2;8m[38;2;6;2;8m█[0m[48;2;6;2;10m[38;2;6;2;10m█[0m[48;2;22;18;27m[38;2;22;18;27m▓[0m[48;2;102;99;107m[38;2;102;99;107m%[0m[48;2;179;177;182m[38;2;179;177;182m=[0m[48;2;240;238;241m[38;2;240;238;241m [0m                                 
                                           [48;2;239;239;239m[38;2;239;239;239m [0m[48;2;33;32;35m[38;2;33;32;35m▓[0m[48;2;32;29;41m[38;2;32;29;41m▓[0m[48;2;37;32;51m[38;2;37;32;51m▓[0m[48;2;37;31;52m[38;2;37;31;52m▓[0m[48;2;21;17;31m[38;2;21;17;31m▓[0m[48;2;38;29;87m[38;2;38;29;87m▒[0m[48;2;89;76;150m[38;2;89;76;150m@[0m[48;2;104;96;141m[38;2;104;96;141m%[0m[48;2;58;41;148m[38;2;58;41;148m░[0m[48;2;4;2;19m[38;2;4;2;19m█[0m[48;2;28;21;66m[38;2;28;21;66m▓[0m[48;2;81;66;158m[38;2;81;66;158m@[0m[48;2;71;56;161m[38;2;71;56;161m░[0m[48;2;80;67;158m[38;2;80;67;158m@[0m[48;2;58;40;157m[38;2;58;40;157m░[0m[48;2;66;54;141m[38;2;66;54;141m░[0m[48;2;50;40;105m[38;2;50;40;105m▒[0m[48;2;12;4;41m[38;2;12;4;41m█[0m[48;2;7;4;9m[38;2;7;4;9m█[0m[48;2;22;18;27m[38;2;22;18;27m▓[0m[48;2;23;19;32m[38;2;23;19;32m▓[0m[48;2;23;19;32m[38;2;23;19;32m▓[0m[48;2;23;19;34m[38;2;23;19;34m▓[0m[48;2;24;20;35m[38;2;24;20;35m▓[0m[48;2;25;20;36m[38;2;25;20;36m▓[0m[48;2;26;21;36m[38;2;26;21;36m▓[0m[48;2;27;22;38m[38;2;27;22;38m▓[0m[48;2;32;27;44m[38;2;32;27;44m▓[0m[48;2;35;29;49m[38;2;35;29;49m▓[0m[48;2;37;31;52m[38;2;37;31;52m▓[0m[48;2;33;28;47m[38;2;33;28;47m▓[0m[48;2;25;20;36m[38;2;25;20;36m▓[0m[48;2;25;21;34m[38;2;25;21;34m▓[0m[48;2;85;82;90m[38;2;85;82;90m@[0m[48;2;176;175;178m[38;2;176;175;178m=[0m                               
                                           [48;2;142;141;142m[38;2;142;141;142m*[0m[48;2;19;18;26m[38;2;19;18;26m▓[0m[48;2;37;32;50m[38;2;37;32;50m▓[0m[48;2;37;31;52m[38;2;37;31;52m▓[0m[48;2;37;31;52m[38;2;37;31;52m▓[0m[48;2;29;24;42m[38;2;29;24;42m▓[0m[48;2;19;13;46m[38;2;19;13;46m▓[0m[48;2;87;75;144m[38;2;87;75;144m@[0m[48;2;94;83;152m[38;2;94;83;152m%[0m[48;2;82;69;152m[38;2;82;69;152m@[0m[48;2;18;10;63m[38;2;18;10;63m▓[0m[48;2;123;122;125m[38;2;123;122;125m#[0m[48;2;28;22;52m[38;2;28;22;52m▓[0m[48;2;67;53;139m[38;2;67;53;139m░[0m[48;2;79;65;158m[38;2;79;65;158m@[0m[48;2;80;65;162m[38;2;80;65;162m@[0m[48;2;73;60;156m[38;2;73;60;156m@[0m[48;2;43;33;101m[38;2;43;33;101m▒[0m[48;2;15;11;25m[38;2;15;11;25m█[0m[48;2;49;45;54m[38;2;49;45;54m▒[0m[48;2;48;44;55m[38;2;48;44;55m▒[0m[48;2;38;33;50m[38;2;38;33;50m▓[0m[48;2;37;32;51m[38;2;37;32;51m▓[0m[48;2;37;31;52m[38;2;37;31;52m▓[0m[48;2;37;31;52m[38;2;37;31;52m▓[0m[48;2;37;31;52m[38;2;37;31;52m▓[0m[48;2;37;31;52m[38;2;37;31;52m▓[0m[48;2;37;31;52m[38;2;37;31;52m▓[0m[48;2;37;31;52m[38;2;37;31;52m▓[0m[48;2;37;31;52m[38;2;37;31;52m▓[0m[48;2;37;31;52m[38;2;37;31;52m▓[0m[48;2;37;31;52m[38;2;37;31;52m▓[0m[48;2;37;31;52m[38;2;37;31;52m▓[0m[48;2;37;31;52m[38;2;37;31;52m▓[0m[48;2;35;29;48m[38;2;35;29;48m▓[0m[48;2;23;19;32m[38;2;23;19;32m▓[0m[48;2;45;42;50m[38;2;45;42;50m▒[0m[48;2;154;152;157m[38;2;154;152;157m+[0m                             
                                           [48;2;44;43;46m[38;2;44;43;46m▒[0m[48;2;32;29;43m[38;2;32;29;43m▓[0m[48;2;37;31;52m[38;2;37;31;52m▓[0m[48;2;37;31;52m[38;2;37;31;52m▓[0m[48;2;37;31;52m[38;2;37;31;52m▓[0m[48;2;37;31;51m[38;2;37;31;51m▓[0m[48;2;23;18;36m[38;2;23;18;36m▓[0m[48;2;20;16;32m[38;2;20;16;32m▓[0m[48;2;24;21;37m[38;2;24;21;37m▓[0m[48;2;36;32;50m[38;2;36;32;50m▓[0m[48;2;12;7;35m[38;2;12;7;35m█[0m[48;2;92;89;94m[38;2;92;89;94m@[0m[48;2;203;200;203m[38;2;203;200;203m:[0m[48;2;72;68;78m[38;2;72;68;78m░[0m[48;2;39;29;84m[38;2;39;29;84m▒[0m[48;2;61;52;107m[38;2;61;52;107m░[0m[48;2;47;43;63m[38;2;47;43;63m▒[0m[48;2;165;164;169m[38;2;165;164;169m=[0m[48;2;134;132;137m[38;2;134;132;137m*[0m[48;2;39;36;42m[38;2;39;36;42m▒[0m[48;2;45;41;50m[38;2;45;41;50m▒[0m[48;2;64;60;72m[38;2;64;60;72m░[0m[48;2;60;55;70m[38;2;60;55;70m░[0m[48;2;39;34;51m[38;2;39;34;51m▒[0m[48;2;37;31;52m[38;2;37;31;52m▓[0m[48;2;37;31;52m[38;2;37;31;52m▓[0m[48;2;37;31;52m[38;2;37;31;52m▓[0m[48;2;37;31;52m[38;2;37;31;52m▓[0m[48;2;37;31;52m[38;2;37;31;52m▓[0m[48;2;37;31;52m[38;2;37;31;52m▓[0m[48;2;37;31;52m[38;2;37;31;52m▓[0m[48;2;37;31;52m[38;2;37;31;52m▓[0m[48;2;37;31;52m[38;2;37;31;52m▓[0m[48;2;37;31;52m[38;2;37;31;52m▓[0m[48;2;37;31;52m[38;2;37;31;52m▓[0m[48;2;37;31;52m[38;2;37;31;52m▓[0m[48;2;37;31;51m[38;2;37;31;51m▓[0m[48;2;26;21;38m[38;2;26;21;38m▓[0m[48;2;51;48;57m[38;2;51;48;57m▒[0m[48;2;200;199;202m[38;2;200;199;202m-[0m                           
                                          [48;2;225;224;225m[38;2;225;224;225m.[0m[48;2;10;8;14m[38;2;10;8;14m█[0m[48;2;37;32;49m[38;2;37;32;49m▓[0m[48;2;37;31;52m[38;2;37;31;52m▓[0m[48;2;37;31;52m[38;2;37;31;52m▓[0m[48;2;37;31;52m[38;2;37;31;52m▓[0m[48;2;37;31;52m[38;2;37;31;52m▓[0m[48;2;37;31;52m[38;2;37;31;52m▓[0m[48;2;37;31;52m[38;2;37;31;52m▓[0m[48;2;37;31;52m[38;2;37;31;52m▓[0m[48;2;76;71;87m[38;2;76;71;87m@[0m[48;2;16;12;21m[38;2;16;12;21m█[0m[48;2;5;2;10m[38;2;5;2;10m█[0m[48;2;94;91;95m[38;2;94;91;95m%[0m[48;2;213;210;214m[38;2;213;210;214m:[0m[48;2;188;187;192m[38;2;188;187;192m-[0m[48;2;61;60;65m[38;2;61;60;65m░[0m[48;2;50;49;52m[38;2;50;49;52m▒[0m[48;2;164;164;165m[38;2;164;164;165m+[0m[48;2;240;239;240m[38;2;240;239;240m [0m[48;2;238;237;238m[38;2;238;237;238m.[0m[48;2;78;76;78m[38;2;78;76;78m@[0m[48;2;41;38;43m[38;2;41;38;43m▒[0m[48;2;28;25;32m[38;2;28;25;32m▓[0m[48;2;56;52;63m[38;2;56;52;63m▒[0m[48;2;65;60;75m[38;2;65;60;75m░[0m[48;2;54;49;65m[38;2;54;49;65m▒[0m[48;2;38;32;52m[38;2;38;32;52m▓[0m[48;2;37;31;52m[38;2;37;31;52m▓[0m[48;2;37;31;52m[38;2;37;31;52m▓[0m[48;2;37;31;52m[38;2;37;31;52m▓[0m[48;2;37;31;52m[38;2;37;31;52m▓[0m[48;2;37;31;52m[38;2;37;31;52m▓[0m[48;2;37;31;52m[38;2;37;31;52m▓[0m[48;2;37;31;52m[38;2;37;31;52m▓[0m[48;2;37;31;52m[38;2;37;31;52m▓[0m[48;2;37;31;52m[38;2;37;31;52m▓[0m[48;2;37;31;52m[38;2;37;31;52m▓[0m[48;2;37;31;52m[38;2;37;31;52m▓[0m[48;2;34;29;48m[38;2;34;29;48m▓[0m[48;2;19;16;26m[38;2;19;16;26m█[0m[48;2;168;167;170m[38;2;168;167;170m=[0m                          