                                                                                                    
                                                                                                    
                                                                                                    
                                                                                                    
                                                                                                    
                                                                                                    
                                                                                                    
                                                                                                    
                                                                                                    
                                                                                                    
                                                                                                    
                                                 [48;2;232;232;232m[38;2;232;232;232m.[0m[48;2;214;214;214m[38;2;214;214;214m:[0m[48;2;204;204;204m[38;2;204;204;204m:[0m[48;2;206;206;206m[38;2;206;206;206m:[0m[48;2;217;217;217m[38;2;217;217;217m:[0m[48;2;241;240;241m[38;2;241;240;241m [0m                                             
                                             [48;2;211;211;212m[38;2;211;211;212m:[0m[48;2;112;111;114m[38;2;112;111;114m#[0m[48;2;60;59;65m[38;2;60;59;65m░[0m[48;2;33;31;39m[38;2;33;31;39m▓[0m[48;2;26;24;33m[38;2;26;24;33m▓[0m[48;2;28;27;37m[38;2;28;27;37m▓[0m[48;2;29;28;39m[38;2;29;28;39m▓[0m[48;2;29;27;39m[38;2;29;27;39m▓[0m[48;2;27;25;37m[38;2;27;25;37m▓[0m[48;2;24;22;33m[38;2;24;22;33m▓[0m[48;2;47;45;57m[38;2;47;45;57m▒[0m[48;2;92;90;98m[38;2;92;90;98m%[0m[48;2;161;160;164m[38;2;161;160;164m+[0m[48;2;240;240;241m[38;2;240;240;241m [0m                                         
                                            [48;2;129;129;132m[38;2;129;129;132m*[0m[48;2;25;24;33m[38;2;25;24;33m▓[0m[48;2;40;38;53m[38;2;40;38;53m▒[0m[48;2;42;42;59m[38;2;42;42;59m▒[0m[48;2;41;43;59m[38;2;41;43;59m▒[0m[48;2;41;43;59m[38;2;41;43;59m▒[0m[48;2;40;44;59m[38;2;40;44;59m▒[0m[48;2;40;44;59m[38;2;40;44;59m▒[0m[48;2;40;44;59m[38;2;40;44;59m▒[0m[48;2;40;44;59m[38;2;40;44;59m▒[0m[48;2;40;44;59m[38;2;40;44;59m▒[0m[48;2;41;42;60m[38;2;41;42;60m▒[0m[48;2;42;41;60m[38;2;42;41;60m▒[0m[48;2;33;32;46m[38;2;33;32;46m▓[0m[48;2;32;30;41m[38;2;32;30;41m▓[0m[48;2;121;120;124m[38;2;121;120;124m#[0m[48;2;208;207;208m[38;2;208;207;208m:[0m                                       
                                           [48;2;100;99;103m[38;2;100;99;103m%[0m[48;2;30;28;38m[38;2;30;28;38m▓[0m[48;2;42;43;59m[38;2;42;43;59m▒[0m[48;2;40;44;59m[38;2;40;44;59m▒[0m[48;2;40;44;59m[38;2;40;44;59m▒[0m[48;2;40;44;59m[38;2;40;44;59m▒[0m[48;2;40;44;59m[38;2;40;44;59m▒[0m[48;2;40;44;59m[38;2;40;44;59m▒[0m[48;2;40;44;59m[38;2;40;44;59m▒[0m[48;2;40;44;59m[38;2;40;44;59m▒[0m[48;2;40;44;59m[38;2;40;44;59m▒[0m[48;2;40;44;59m[38;2;40;44;59m▒[0m[48;2;40;44;59m[38;2;40;44;59m▒[0m[48;2;40;44;59m[38;2;40;44;59m▒[0m[48;2;41;43;59m[38;2;41;43;59m▒[0m[48;2;42;42;59m[38;2;42;42;59m▒[0m[48;2;54;53;63m[38;2;54;53;63m▒[0m[48;2;8;7;11m[38;2;8;7;11m█[0m[48;2;77;75;79m[38;2;77;75;79m@[0m[48;2;215;215;216m[38;2;215;215;216m:[0m                                     
                                         [48;2;162;162;163m[38;2;162;162;163m+[0m[48;2;12;11;14m[38;2;12;11;14m█[0m[48;2;27;26;34m[38;2;27;26;34m▓[0m[48;2;43;44;58m[38;2;43;44;58m▒[0m[48;2;41;44;59m[38;2;41;44;59m▒[0m[48;2;40;44;59m[38;2;40;44;59m▒[0m[48;2;40;44;59m[38;2;40;44;59m▒[0m[48;2;40;44;59m[38;2;40;44;59m▒[0m[48;2;40;44;59m[38;2;40;44;59m▒[0m[48;2;40;44;59m[38;2;40;44;59m▒[0m[48;2;40;44;59m[38;2;40;44;59m▒[0m[48;2;40;44;59m[38;2;40;44;59m▒[0m[48;2;40;44;59m[38;2;40;44;59m▒[0m[48;2;40;44;59m[38;2;40;44;59m▒[0m[48;2;40;44;59m[38;2;40;44;59m▒[0m[48;2;40;44;59m[38;2;40;44;59m▒[0m[48;2;40;44;59m[38;2;40;44;59m▒[0m[48;2;45;46;62m[38;2;45;46;62m▒[0m[48;2;76;75;85m[38;2;76;75;85m@[0m[48;2;15;13;20m[38;2;15;13;20m█[0m[48;2;114;104;115m[38;2;114;104;115m%[0m[48;2;58;49;57m[38;2;58;49;57m▒[0m[48;2;207;206;208m[38;2;207;206;208m:[0m                                    
                                         [48;2;27;27;27m[38;2;27;27;27m▓[0m[48;2;15;13;20m[38;2;15;13;20m█[0m[48;2;43;43;56m[38;2;43;43;56m▒[0m[48;2;41;43;59m[38;2;41;43;59m▒[0m[48;2;40;44;59m[38;2;40;44;59m▒[0m[48;2;40;44;59m[38;2;40;44;59m▒[0m[48;2;40;44;59m[38;2;40;44;59m▒[0m[48;2;40;44;59m[38;2;40;44;59m▒[0m[48;2;40;44;59m[38;2;40;44;59m▒[0m[48;2;40;44;59m[38;2;40;44;59m▒[0m[48;2;40;44;59m[38;2;40;44;59m▒[0m[48;2;40;44;59m[38;2;40;44;59m▒[0m[48;2;40;44;59m[38;2;40;44;59m▒[0m[48;2;40;44;59m[38;2;40;44;59m▒[0m[48;2;40;44;59m[38;2;40;44;59m▒[0m[48;2;40;44;59m[38;2;40;44;59m▒[0m[48;2;40;44;59m[38;2;40;44;59m▒[0m[48;2;58;59;75m[38;2;58;59;75m░[0m[48;2;45;44;56m[38;2;45;44;56m▒[0m[48;2;20;15;26m[38;2;20;15;26m█[0m[48;2;109;97;109m[38;2;109;97;109m%[0m[48;2;119;105;116m[38;2;119;105;116m#[0m[48;2;61;54;60m[38;2;61;54;60m░[0m                                    
                                       [48;2;233;233;233m[38;2;233;233;233m.[0m[48;2;68;65;68m[38;2;68;65;68m░[0m[48;2;28;26;29m[38;2;28;26;29m▓[0m[48;2;30;29;38m[38;2;30;29;38m▓[0m[48;2;42;43;58m[38;2;42;43;58m▒[0m[48;2;40;44;59m[38;2;40;44;59m▒[0m[48;2;40;44;59m[38;2;40;44;59m▒[0m[48;2;40;44;59m[38;2;40;44;59m▒[0m[48;2;40;44;59m[38;2;40;44;59m▒[0m[48;2;40;44;59m[38;2;40;44;59m▒[0m[48;2;40;44;59m[38;2;40;44;59m▒[0m[48;2;40;44;59m[38;2;40;44;59m▒[0m[48;2;40;44;59m[38;2;40;44;59m▒[0m[48;2;40;44;59m[38;2;40;44;59m▒[0m[48;2;40;44;59m[38;2;40;44;59m▒[0m[48;2;40;44;59m[38;2;40;44;59m▒[0m[48;2;40;44;59m[38;2;40;44;59m▒[0m[48;2;41;43;59m[38;2;41;43;59m▒[0m[48;2;60;61;77m[38;2;60;61;77m░[0m[48;2;60;59;74m[38;2;60;59;74m░[0m[48;2;23;22;33m[38;2;23;22;33m▓[0m[48;2;97;89;101m[38;2;97;89;101m%[0m[48;2;101;91;102m[38;2;101;91;102m%[0m[48;2;37;28;35m[38;2;37;28;35m▓[0m[48;2;74;66;70m[38;2;74;66;70m░[0m[48;2;178;177;178m[38;2;178;177;178m=[0m                                   
                                       [48;2;56;53;55m[38;2;56;53;55m▒[0m[48;2;106;96;104m[38;2;106;96;104m%[0m[48;2;66;59;66m[38;2;66;59;66m░[0m[48;2;34;33;44m[38;2;34;33;44m▓[0m[48;2;41;43;59m[38;2;41;43;59m▒[0m[48;2;40;44;59m[38;2;40;44;59m▒[0m[48;2;40;44;59m[38;2;40;44;59m▒[0m[48;2;40;44;59m[38;2;40;44;59m▒[0m[48;2;40;44;59m[38;2;40;44;59m▒[0m[48;2;40;44;59m[38;2;40;44;59m▒[0m[48;2;40;44;59m[38;2;40;44;59m▒[0m[48;2;40;44;59m[38;2;40;44;59m▒[0m[48;2;40;44;59m[38;2;40;44;59m▒[0m[48;2;40;44;59m[38;2;40;44;59m▒[0m[48;2;40;44;59m[38;2;40;44;59m▒[0m[48;2;41;43;59m[38;2;41;43;59m▒[0m[48;2;47;46;60m[38;2;47;46;60m▒[0m[48;2;71;68;81m[38;2;71;68;81m░[0m[48;2;52;48;60m[38;2;52;48;60m▒[0m[48;2;32;27;38m[38;2;32;27;38m▓[0m[48;2;112;101;113m[38;2;112;101;113m%[0m[48;2;158;141;154m[38;2;158;141;154m+[0m[48;2;158;141;154m[38;2;158;141;154m+[0m[48;2;52;41;49m[38;2;52;41;49m▒[0m[48;2;81;76;78m[38;2;81;76;78m@[0m[48;2;129;127;128m[38;2;129;127;128m#[0m                                   
                                      [48;2;109;109;109m[38;2;109;109;109m%[0m[48;2;89;82;88m[38;2;89;82;88m@[0m[48;2;158;142;154m[38;2;158;142;154m+[0m[48;2;96;85;94m[38;2;96;85;94m@[0m[48;2;25;23;34m[38;2;25;23;34m▓[0m[48;2;41;43;59m[38;2;41;43;59m▒[0m[48;2;40;44;59m[38;2;40;44;59m▒[0m[48;2;40;44;59m[38;2;40;44;59m▒[0m[48;2;40;44;59m[38;2;40;44;59m▒[0m[48;2;40;44;59m[38;2;40;44;59m▒[0m[48;2;40;44;59m[38;2;40;44;59m▒[0m[48;2;40;44;59m[38;2;40;44;59m▒[0m[48;2;40;44;59m[38;2;40;44;59m▒[0m[48;2;40;44;59m[38;2;40;44;59m▒[0m[48;2;40;44;59m[38;2;40;44;59m▒[0m[48;2;50;49;64m[38;2;50;49;64m▒[0m[48;2;69;67;80m[38;2;69;67;80m░[0m[48;2;59;55;67m[38;2;59;55;67m░[0m[48;2;30;24;34m[38;2;30;24;34m▓[0m[48;2;84;74;85m[38;2;84;74;85m@[0m[48;2;150;134;147m[38;2;150;134;147m*[0m[48;2;161;140;155m[38;2;161;140;155m+[0m[48;2;161;140;155m[38;2;161;140;155m+[0m[48;2;161;140;155m[38;2;161;140;155m+[0m[48;2;81;69;78m[38;2;81;69;78m@[0m[48;2;37;31;34m[38;2;37;31;34m▓[0m[48;2;131;130;130m[38;2;131;130;130m*[0m                                   
                                     [48;2;214;214;214m[38;2;214;214;214m:[0m[48;2;46;42;44m[38;2;46;42;44m▒[0m[48;2;156;141;151m[38;2;156;141;151m+[0m[48;2;160;140;155m[38;2;160;140;155m+[0m[48;2;81;68;78m[38;2;81;68;78m░[0m[48;2;28;22;30m[38;2;28;22;30m▓[0m[48;2;33;30;42m[38;2;33;30;42m▓[0m[48;2;43;42;59m[38;2;43;42;59m▒[0m[48;2;41;43;59m[38;2;41;43;59m▒[0m[48;2;40;44;59m[38;2;40;44;59m▒[0m[48;2;40;44;59m[38;2;40;44;59m▒[0m[48;2;41;43;59m[38;2;41;43;59m▒[0m[48;2;45;45;60m[38;2;45;45;60m▒[0m[48;2;59;60;74m[38;2;59;60;74m░[0m[48;2;49;50;65m[38;2;49;50;65m▒[0m[48;2;61;58;73m[38;2;61;58;73m░[0m[48;2;44;40;51m[38;2;44;40;51m▒[0m[48;2;46;39;49m[38;2;46;39;49m▒[0m[48;2;96;84;96m[38;2;96;84;96m@[0m[48;2;149;132;146m[38;2;149;132;146m*[0m[48;2;160;141;155m[38;2;160;141;155m+[0m[48;2;161;140;155m[38;2;161;140;155m+[0m[48;2;161;140;155m[38;2;161;140;155m+[0m[48;2;161;140;155m[38;2;161;140;155m+[0m[48;2;160;141;155m[38;2;160;141;155m+[0m[48;2;91;79;89m[38;2;91;79;89m@[0m[48;2;16;12;16m[38;2;16;12;16m█[0m[48;2;196;195;196m[38;2;196;195;196m-[0m                                   
                                     [48;2;99;98;98m[38;2;99;98;98m%[0m[48;2;121;111;118m[38;2;121;111;118m#[0m[48;2;160;142;154m[38;2;160;142;154m+[0m[48;2;161;141;155m[38;2;161;141;155m+[0m[48;2;100;86;96m[38;2;100;86;96m@[0m[48;2;81;71;80m[38;2;81;71;80m@[0m[48;2;58;47;58m[38;2;58;47;58m▒[0m[48;2;29;22;35m[38;2;29;22;35m▓[0m[48;2;42;38;54m[38;2;42;38;54m▒[0m[48;2;44;43;58m[38;2;44;43;58m▒[0m[48;2;56;56;70m[38;2;56;56;70m░[0m[48;2;64;62;76m[38;2;64;62;76m░[0m[48;2;59;56;67m[38;2;59;56;67m░[0m[48;2;29;25;35m[38;2;29;25;35m▓[0m[48;2;45;38;48m[38;2;45;38;48m▒[0m[48;2;87;76;88m[38;2;87;76;88m@[0m[48;2;136;121;133m[38;2;136;121;133m#[0m[48;2;159;142;153m[38;2;159;142;153m+[0m[48;2;160;141;154m[38;2;160;141;154m+[0m[48;2;157;136;151m[38;2;157;136;151m*[0m[48;2;161;140;155m[38;2;161;140;155m+[0m[48;2;161;140;155m[38;2;161;140;155m+[0m[48;2;161;140;155m[38;2;161;140;155m+[0m[48;2;161;140;155m[38;2;161;140;155m+[0m[48;2;160;141;155m[38;2;160;141;155m+[0m[48;2;63;52;61m[38;2;63;52;61m░[0m[48;2;151;145;150m[38;2;151;145;150m+[0m[48;2;155;151;154m[38;2;155;151;154m+[0m[48;2;177;176;177m[38;2;177;176;177m=[0m[48;2;205;204;205m[38;2;205;204;205m:[0m                                 
                                     [48;2;39;36;38m[38;2;39;36;38m▒[0m[48;2;157;142;152m[38;2;157;142;152m+[0m[48;2;160;141;155m[38;2;160;141;155m+[0m[48;2;161;140;155m[38;2;161;140;155m+[0m[48;2;156;138;151m[38;2;156;138;151m*[0m[48;2;48;37;47m[38;2;48;37;47m▒[0m[48;2;102;88;100m[38;2;102;88;100m%[0m[48;2;100;86;98m[38;2;100;86;98m%[0m[48;2;87;74;85m[38;2;87;74;85m@[0m[48;2;72;61;71m[38;2;72;61;71m░[0m[48;2;33;24;31m[38;2;33;24;31m▓[0m[48;2;79;68;81m[38;2;79;68;81m░[0m[48;2;111;97;110m[38;2;111;97;110m%[0m[48;2;146;129;142m[38;2;146;129;142m*[0m[48;2;159;141;154m[38;2;159;141;154m+[0m[48;2;142;124;137m[38;2;142;124;137m*[0m[48;2;110;94;106m[38;2;110;94;106m%[0m[48;2;81;66;78m[38;2;81;66;78m░[0m[48;2;72;60;71m[38;2;72;60;71m░[0m[48;2;113;97;110m[38;2;113;97;110m%[0m[48;2;161;141;156m[38;2;161;141;156m+[0m[48;2;161;140;155m[38;2;161;140;155m+[0m[48;2;161;140;155m[38;2;161;140;155m+[0m[48;2;161;140;155m[38;2;161;140;155m+[0m[48;2;141;123;137m[38;2;141;123;137m*[0m[48;2;15;8;16m[38;2;15;8;16m█[0m[48;2;19;18;24m[38;2;19;18;24m▓[0m[48;2;199;198;201m[38;2;199;198;201m-[0m[48;2;65;63;66m[38;2;65;63;66m░[0m[48;2;39;38;39m[38;2;39;38;39m▒[0m[48;2;171;171;171m[38;2;171;171;171m=[0m                                
                                    [48;2;226;226;226m[38;2;226;226;226m.[0m[48;2;45;40;44m[38;2;45;40;44m▒[0m[48;2;159;142;154m[38;2;159;142;154m+[0m[48;2;160;140;155m[38;2;160;140;155m+[0m[48;2;161;140;155m[38;2;161;140;155m+[0m[48;2;161;140;155m[38;2;161;140;155m+[0m[48;2;146;128;142m[38;2;146;128;142m*[0m[48;2;44;32;42m[38;2;44;32;42m▒[0m[48;2;25;17;25m[38;2;25;17;25m▓[0m[48;2;104;93;102m[38;2;104;93;102m%[0m[48;2;31;23;30m[38;2;31;23;30m▓[0m[48;2;41;33;41m[38;2;41;33;41m▓[0m[48;2;88;76;87m[38;2;88;76;87m@[0m[48;2;81;68;80m[38;2;81;68;80m@[0m[48;2;77;63;75m[38;2;77;63;75m░[0m[48;2;78;63;75m[38;2;78;63;75m░[0m[48;2;95;80;92m[38;2;95;80;92m@[0m[48;2;126;110;123m[38;2;126;110;123m#[0m[48;2;156;138;151m[38;2;156;138;151m*[0m[48;2;161;140;155m[38;2;161;140;155m+[0m[48;2;161;140;155m[38;2;161;140;155m+[0m[48;2;161;140;155m[38;2;161;140;155m+[0m[48;2;161;140;155m[38;2;161;140;155m+[0m[48;2;161;140;155m[38;2;161;140;155m+[0m[48;2;160;140;155m[38;2;160;140;155m+[0m[48;2;58;45;56m[38;2;58;45;56m▒[0m[48;2;26;19;31m[38;2;26;19;31m▓[0m[48;2;17;15;25m[38;2;17;15;25m█[0m[48;2;171;170;174m[38;2;171;170;174m=[0m[48;2;222;220;222m[38;2;222;220;222m.[0m[48;2;41;40;41m[38;2;41;40;41m▒[0m                                 
                                    [48;2;232;232;232m[38;2;232;232;232m.[0m[48;2;45;40;44m[38;2;45;40;44m▒[0m[48;2;159;142;154m[38;2;159;142;154m+[0m[48;2;161;140;155m[38;2;161;140;155m+[0m[48;2;161;140;155m[38;2;161;140;155m+[0m[48;2;161;140;155m[38;2;161;140;155m+[0m[48;2;161;140;155m[38;2;161;140;155m+[0m[48;2;157;137;152m[38;2;157;137;152m*[0m[48;2;59;47;57m[38;2;59;47;57m▒[0m[48;2;6;3;9m[38;2;6;3;9m█[0m[48;2;9;6;12m[38;2;9;6;12m█[0m[48;2;27;24;30m[38;2;27;24;30m▓[0m[48;2;73;65;75m[38;2;73;65;75m░[0m[48;2;124;110;123m[38;2;124;110;123m#[0m[48;2;160;140;154m[38;2;160;140;154m+[0m[48;2;161;140;155m[38;2;161;140;155m+[0m[48;2;161;140;155m[38;2;161;140;155m+[0m[48;2;161;140;155m[38;2;161;140;155m+[0m[48;2;161;140;155m[38;2;161;140;155m+[0m[48;2;161;140;155m[38;2;161;140;155m+[0m[48;2;161;140;155m[38;2;161;140;155m+[0m[48;2;161;140;155m[38;2;161;140;155m+[0m[48;2;161;140;155m[38;2;161;140;155m+[0m[48;2;161;140;155m[38;2;161;140;155m+[0m[48;2;152;131;146m[38;2;152;131;146m*[0m[48;2;48;36;47m[38;2;48;36;47m▒[0m[48;2;25;19;31m[38;2;25;19;31m▓[0m[48;2;26;23;34m[38;2;26;23;34m▓[0m[48;2;114;113;117m[38;2;114;113;117m#[0m[48;2;200;198;199m[38;2;200;198;199m-[0m[48;2;54;52;54m[38;2;54;52;54m▒[0m[48;2;123;121;123m[38;2;123;121;123m#[0m[48;2;148;146;148m[38;2;148;146;148m+[0m[48;2;164;163;164m[38;2;164;163;164m+[0m[48;2;196;196;196m[38;2;196;196;196m-[0m[48;2;239;239;239m[38;2;239;239;239m [0m                            
                                    [48;2;186;186;186m[38;2;186;186;186m-[0m[48;2;16;12;15m[38;2;16;12;15m█[0m[48;2;143;127;138m[38;2;143;127;138m*[0m[48;2;161;140;155m[38;2;161;140;155m+[0m[48;2;161;140;155m[38;2;161;140;155m+[0m[48;2;161;140;155m[38;2;161;140;155m+[0m[48;2;161;140;155m[38;2;161;140;155m+[0m[48;2;161;140;155m[38;2;161;140;155m+[0m[48;2;53;41;51m[38;2;53;41;51m▒[0m[48;2;32;28;37m[38;2;32;28;37m▓[0m[48;2;4;2;8m[38;2;4;2;8m█[0m[48;2;16;13;19m[38;2;16;13;19m█[0m[48;2;18;15;23m[38;2;18;15;23m█[0m[48;2;50;41;51m[38;2;50;41;51m▒[0m[48;2;156;137;151m[38;2;156;137;151m*[0m[48;2;161;140;155m[38;2;161;140;155m+[0m[48;2;161;140;155m[38;2;161;140;155m+[0m[48;2;161;140;155m[38;2;161;140;155m+[0m[48;2;161;140;155m[38;2;161;140;155m+[0m[48;2;161;140;155m[38;2;161;140;155m+[0m[48;2;161;140;155m[38;2;161;140;155m+[0m[48;2;161;140;155m[38;2;161;140;155m+[0m[48;2;161;140;155m[38;2;161;140;155m+[0m[48;2;161;140;155m[38;2;161;140;155m+[0m[48;2;161;140;155m[38;2;161;140;155m+[0m[48;2;149;132;146m[38;2;149;132;146m*[0m[48;2;35;26;37m[38;2;35;26;37m▓[0m[48;2;22;19;28m[38;2;22;19;28m▓[0m[48;2;101;100;103m[38;2;101;100;103m%[0m[48;2;150;149;149m[38;2;150;149;149m+[0m[48;2;43;40;43m[38;2;43;40;43m▒[0m[48;2;87;85;88m[38;2;87;85;88m@[0m[48;2;100;97;101m[38;2;100;97;101m%[0m[48;2;57;54;58m[38;2;57;54;58m░[0m[48;2;43;40;44m[38;2;43;40;44m▒[0m[48;2;62;60;63m[38;2;62;60;63m░[0m[48;2;84;82;84m[38;2;84;82;84m@[0m[48;2;147;146;148m[38;2;147;146;148m+[0m                          
                                     [48;2;201;200;201m[38;2;201;200;201m-[0m[48;2;55;48;54m[38;2;55;48;54m▒[0m[48;2;151;134;146m[38;2;151;134;146m*[0m[48;2;161;140;155m[38;2;161;140;155m+[0m[48;2;161;140;155m[38;2;161;140;155m+[0m[48;2;161;140;155m[38;2;161;140;155m+[0m[48;2;161;140;155m[38;2;161;140;155m+[0m[48;2;96;81;93m[38;2;96;81;93m@[0m[48;2;35;28;38m[38;2;35;28;38m▓[0m[48;2;10;6;13m[38;2;10;6;13m█[0m[48;2;11;8;14m[38;2;11;8;14m█[0m[48;2;20;16;24m[38;2;20;16;24m█[0m[48;2;13;6;16m[38;2;13;6;16m█[0m[48;2;71;60;71m[38;2;71;60;71m░[0m[48;2;160;141;155m[38;2;160;141;155m+[0m[48;2;161;140;155m[38;2;161;140;155m+[0m[48;2;161;140;155m[38;2;161;140;155m+[0m[48;2;161;140;155m[38;2;161;140;155m+[0m[48;2;161;140;155m[38;2;161;140;155m+[0m[48;2;161;140;155m[38;2;161;140;155m+[0m[48;2;161;140;155m[38;2;161;140;155m+[0m[48;2;161;140;155m[38;2;161;140;155m+[0m[48;2;161;140;155m[38;2;161;140;155m+[0m[48;2;161;140;155m[38;2;161;140;155m+[0m[48;2;160;140;154m[38;2;160;140;154m+[0m[48;2;146;127;141m[38;2;146;127;141m*[0m[48;2;59;49;60m[38;2;59;49;60m▒[0m[48;2;56;51;58m[38;2;56;51;58m▒[0m[48;2;32;30;31m[38;2;32;30;31m▓[0m[48;2;128;125;127m[38;2;128;125;127m#[0m[48;2;200;196;201m[38;2;200;196;201m-[0m[48;2;189;186;190m[38;2;189;186;190m-[0m[48;2;179;176;180m[38;2;179;176;180m=[0m[48;2;82;79;83m[38;2;82;79;83m@[0m[48;2;86;80;86m[38;2;86;80;86m@[0m[48;2;155;140;151m[38;2;155;140;151m*[0m[48;2;101;88;97m[38;2;101;88;97m%[0m[48;2;115;110;114m[38;2;115;110;114m#[0m                         
                                      [48;2;152;151;152m[38;2;152;151;152m+[0m[48;2;27;21;27m[38;2;27;21;27m▓[0m[48;2;107;94;103m[38;2;107;94;103m%[0m[48;2;157;139;152m[38;2;157;139;152m*[0m[48;2;161;140;155m[38;2;161;140;155m+[0m[48;2;161;140;155m[38;2;161;140;155m+[0m[48;2;161;140;155m[38;2;161;140;155m+[0m[48;2;156;137;152m[38;2;156;137;152m*[0m[48;2;60;48;58m[38;2;60;48;58m▒[0m[48;2;37;29;37m[38;2;37;29;37m▓[0m[48;2;23;16;24m[38;2;23;16;24m▓[0m[48;2;78;69;80m[38;2;78;69;80m░[0m[48;2;72;63;73m[38;2;72;63;73m░[0m[48;2;78;66;78m[38;2;78;66;78m░[0m[48;2;111;95;108m[38;2;111;95;108m%[0m[48;2;147;127;142m[38;2;147;127;142m*[0m[48;2;161;140;155m[38;2;161;140;155m+[0m[48;2;161;140;155m[38;2;161;140;155m+[0m[48;2;161;140;155m[38;2;161;140;155m+[0m[48;2;161;140;155m[38;2;161;140;155m+[0m[48;2;161;140;155m[38;2;161;140;155m+[0m[48;2;161;140;155m[38;2;161;140;155m+[0m[48;2;161;140;155m[38;2;161;140;155m+[0m[48;2;161;140;155m[38;2;161;140;155m+[0m[48;2;161;140;155m[38;2;161;140;155m+[0m[48;2;161;140;155m[38;2;161;140;155m+[0m[48;2;152;132;147m[38;2;152;132;147m*[0m[48;2;131;114;127m[38;2;131;114;127m#[0m[48;2;116;102;113m[38;2;116;102;113m%[0m[48;2;106;94;104m[38;2;106;94;104m%[0m[48;2;111;100;109m[38;2;111;100;109m%[0m[48;2;113;102;110m[38;2;113;102;110m%[0m[48;2;135;122;131m[38;2;135;122;131m#[0m[48;2;152;137;147m[38;2;152;137;147m*[0m[48;2;135;118;130m[38;2;135;118;130m#[0m[48;2;82;68;79m[38;2;82;68;79m@[0m[48;2;34;29;36m[38;2;34;29;36m▓[0m[48;2;196;195;197m[38;2;196;195;197m-[0m                        
                                       [48;2;75;73;75m[38;2;75;73;75m@[0m[48;2;84;78;83m[38;2;84;78;83m@[0m[48;2;61;52;60m[38;2;61;52;60m░[0m[48;2;147;131;144m[38;2;147;131;144m*[0m[48;2;161;140;155m[38;2;161;140;155m+[0m[48;2;161;140;155m[38;2;161;140;155m+[0m[48;2;161;140;155m[38;2;161;140;155m+[0m[48;2;161;140;155m[38;2;161;140;155m+[0m[48;2;161;140;155m[38;2;161;140;155m+[0m[48;2;148;129;143m[38;2;148;129;143m*[0m[48;2;78;62;75m[38;2;78;62;75m░[0m[48;2;76;63;75m[38;2;76;63;75m░[0m[48;2;61;51;62m[38;2;61;51;62m░[0m[48;2;13;7;15m[38;2;13;7;15m█[0m[48;2;23;16;24m[38;2;23;16;24m▓[0m[48;2;110;96;108m[38;2;110;96;108m%[0m[48;2;161;140;155m[38;2;161;140;155m+[0m[48;2;123;104;118m[38;2;123;104;118m#[0m[48;2;154;135;149m[38;2;154;135;149m*[0m[48;2;161;140;155m[38;2;161;140;155m+[0m[48;2;161;140;155m[38;2;161;140;155m+[0m[48;2;155;134;149m[38;2;155;134;149m*[0m[48;2;158;138;152m[38;2;158;138;152m*[0m[48;2;161;140;155m[38;2;161;140;155m+[0m[48;2;160;140;155m[38;2;160;140;155m+[0m[48;2;161;140;155m[38;2;161;140;155m+[0m[48;2;160;141;155m[38;2;160;141;155m+[0m[48;2;135;118;131m[38;2;135;118;131m#[0m[48;2;87;72;84m[38;2;87;72;84m@[0m[48;2;82;68;79m[38;2;82;68;79m@[0m[48;2;81;66;78m[38;2;81;66;78m░[0m[48;2;82;67;79m[38;2;82;67;79m░[0m[48;2;86;72;83m[38;2;86;72;83m@[0m[48;2;101;88;99m[38;2;101;88;99m%[0m[48;2;127;114;126m[38;2;127;114;126m#[0m[48;2;103;92;103m[38;2;103;92;103m%[0m[48;2;103;100;104m[38;2;103;100;104m%[0m                        
                                        [48;2;143;142;143m[38;2;143;142;143m*[0m[48;2;121;119;121m[38;2;121;119;121m#[0m[48;2;65;59;65m[38;2;65;59;65m░[0m[48;2;91;80;91m[38;2;91;80;91m@[0m[48;2;152;135;148m[38;2;152;135;148m*[0m[48;2;161;140;155m[38;2;161;140;155m+[0m[48;2;161;140;155m[38;2;161;140;155m+[0m[48;2;161;140;155m[38;2;161;140;155m+[0m[48;2;161;140;155m[38;2;161;140;155m+[0m[48;2;161;141;155m[38;2;161;141;155m+[0m[48;2;153;134;148m[38;2;153;134;148m*[0m[48;2;127;109;123m[38;2;127;109;123m#[0m[48;2;118;102;114m[38;2;118;102;114m%[0m[48;2;155;138;150m[38;2;155;138;150m*[0m[48;2;160;141;154m[38;2;160;141;154m+[0m[48;2;161;140;155m[38;2;161;140;155m+[0m[48;2;128;110;123m[38;2;128;110;123m#[0m[48;2;77;61;74m[38;2;77;61;74m░[0m[48;2;80;65;77m[38;2;80;65;77m░[0m[48;2;78;66;77m[38;2;78;66;77m░[0m[48;2;44;36;45m[38;2;44;36;45m▒[0m[48;2;15;9;16m[38;2;15;9;16m█[0m[48;2;33;27;34m[38;2;33;27;34m▓[0m[48;2;46;38;45m[38;2;46;38;45m▒[0m[48;2;55;46;54m[38;2;55;46;54m▒[0m[48;2;67;57;66m[38;2;67;57;66m░[0m[48;2;73;61;71m[38;2;73;61;71m░[0m[48;2;76;63;73m[38;2;76;63;73m░[0m[48;2;78;65;76m[38;2;78;65;76m░[0m[48;2;78;65;76m[38;2;78;65;76m░[0m[48;2;72;60;71m[38;2;72;60;71m░[0m[48;2;59;50;60m[38;2;59;50;60m▒[0m[48;2;89;81;89m[38;2;89;81;89m@[0m[48;2;96;91;97m[38;2;96;91;97m%[0m[48;2;107;104;110m[38;2;107;104;110m%[0m[48;2;233;231;235m[38;2;233;231;235m.[0m                        
                                         [48;2;191;190;192m[38;2;191;190;192m-[0m[48;2;12;10;15m[38;2;12;10;15m█[0m[48;2;15;9;17m[38;2;15;9;17m█[0m[48;2;19;11;21m[38;2;19;11;21m█[0m[48;2;79;66;82m[38;2;79;66;82m░[0m[48;2;127;111;123m[38;2;127;111;123m#[0m[48;2;155;138;150m[38;2;155;138;150m*[0m[48;2;161;140;154m[38;2;161;140;154m+[0m[48;2;161;140;155m[38;2;161;140;155m+[0m[48;2;161;140;155m[38;2;161;140;155m+[0m[48;2;161;140;155m[38;2;161;140;155m+[0m[48;2;101;83;96m[38;2;101;83;96m@[0m[48;2;75;59;72m[38;2;75;59;72m░[0m[48;2;117;101;114m[38;2;117;101;114m%[0m[48;2;140;121;134m[38;2;140;121;134m*[0m[48;2;157;138;152m[38;2;157;138;152m*[0m[48;2;160;141;155m[38;2;160;141;155m+[0m[48;2;160;141;155m[38;2;160;141;155m+[0m[48;2;157;140;154m[38;2;157;140;154m+[0m[48;2;151;135;148m[38;2;151;135;148m*[0m[48;2;149;133;145m[38;2;149;133;145m*[0m[48;2;149;133;145m[38;2;149;133;145m*[0m[48;2;151;134;147m[38;2;151;134;147m*[0m[48;2;154;137;149m[38;2;154;137;149m*[0m[48;2;158;141;153m[38;2;158;141;153m+[0m[48;2;159;142;153m[38;2;159;142;153m+[0m[48;2;154;139;150m[38;2;154;139;150m*[0m[48;2;129;115;126m[38;2;129;115;126m#[0m[48;2;89;77;87m[38;2;89;77;87m@[0m[48;2;81;71;80m[38;2;81;71;80m@[0m[48;2;172;168;174m[38;2;172;168;174m=[0m                            
                                        [48;2;222;222;223m[38;2;222;222;223m.[0m[48;2;30;28;34m[38;2;30;28;34m▓[0m[48;2;33;29;43m[38;2;33;29;43m▓[0m[48;2;22;18;33m[38;2;22;18;33m▓[0m[48;2;10;4;19m[38;2;10;4;19m█[0m[48;2;83;67;138m[38;2;83;67;138m@[0m[48;2;69;58;107m[38;2;69;58;107m░[0m[48;2;39;28;74m[38;2;39;28;74m▓[0m[48;2;43;35;46m[38;2;43;35;46m▒[0m[48;2;74;63;83m[38;2;74;63;83m░[0m[48;2;97;86;98m[38;2;97;86;98m@[0m[48;2;119;106;118m[38;2;119;106;118m#[0m[48;2;138;122;135m[38;2;138;122;135m*[0m[48;2;144;129;142m[38;2;144;129;142m*[0m[48;2;105;92;104m[38;2;105;92;104m%[0m[48;2;61;50;59m[38;2;61;50;59m▒[0m[48;2;31;23;30m[38;2;31;23;30m▓[0m[48;2;30;23;30m[38;2;30;23;30m▓[0m[48;2;47;39;47m[38;2;47;39;47m▒[0m[48;2;62;53;61m[38;2;62;53;61m░[0m[48;2;70;62;70m[38;2;70;62;70m░[0m[48;2;75;67;75m[38;2;75;67;75m░[0m[48;2;77;69;76m[38;2;77;69;76m░[0m[48;2;76;68;76m[38;2;76;68;76m░[0m[48;2;71;62;70m[38;2;71;62;70m░[0m[48;2;55;46;54m[38;2;55;46;54m▒[0m[48;2;40;31;39m[38;2;40;31;39m▓[0m[48;2;84;76;82m[38;2;84;76;82m@[0m[48;2;153;148;152m[38;2;153;148;152m+[0m[48;2;218;215;219m[38;2;218;215;219m:[0m                              
                                        [48;2;73;72;75m[38;2;73;72;75m░[0m[48;2;29;26;36m[38;2;29;26;36m▓[0m[48;2;38;32;51m[38;2;38;32;51m▓[0m[48;2;38;33;50m[38;2;38;33;50m▓[0m[48;2;9;6;19m[38;2;9;6;19m█[0m[48;2;85;73;141m[38;2;85;73;141m@[0m[48;2;95;83;148m[38;2;95;83;148m%[0m[48;2;74;57;150m[38;2;74;57;150m░[0m[48;2;8;3;30m[38;2;8;3;30m█[0m[48;2;49;36;107m[38;2;49;36;107m▒[0m[48;2;68;56;134m[38;2;68;56;134m░[0m[48;2;54;39;132m[38;2;54;39;132m▒[0m[48;2;47;36;100m[38;2;47;36;100m▒[0m[48;2;38;24;103m[38;2;38;24;103m▒[0m[48;2;47;39;75m[38;2;47;39;75m▒[0m[48;2;30;22;50m[38;2;30;22;50m▓[0m[48;2;34;28;35m[38;2;34;28;35m▓[0m[48;2;34;31;37m[38;2;34;31;37m▓[0m[48;2;15;12;19m[38;2;15;12;19m█[0m[48;2;12;8;16m[38;2;12;8;16m█[0m[48;2;11;8;16m[38;2;11;8;16m█[0m[48;2;11;8;17m[38;2;11;8;17m█[0m[48;2;12;9;17m[38;2;12;9;17m█[0m[48;2;13;10;19m[38;2;13;10;19m█[0m[48;2;18;15;26m[38;2;18;15;26m█[0m[48;2;23;18;33m[38;2;23;18;33m▓[0m[48;2;28;23;39m[38;2;28;23;39m▓[0m[48;2;24;20;34m[38;2;24;20;34m▓[0m[48;2;41;37;47m[38;2;41;37;47m▒[0m[48;2;100;96;105m[38;2;100;96;105m%[0m[48;2;180;179;182m[38;2;180;179;182m=[0m                             
                                       [48;2;181;181;182m[38;2;181;181;182m=[0m[48;2;16;15;21m[38;2;16;15;21m█[0m[48;2;37;32;49m[38;2;37;32;49m▓[0m[48;2;37;31;52m[38;2;37;31;52m▓[0m[48;2;37;32;51m[38;2;37;32;51m▓[0m[48;2;13;8;24m[38;2;13;8;24m█[0m[48;2;76;66;122m[38;2;76;66;122m@[0m[48;2;87;73;155m[38;2;87;73;155m@[0m[48;2;86;71;155m[38;2;86;71;155m@[0m[48;2;19;9;70m[38;2;19;9;70m▓[0m[48;2;75;73;80m[38;2;75;73;80m@[0m[48;2;40;30;90m[38;2;40;30;90m▒[0m[48;2;80;66;156m[38;2;80;66;156m@[0m[48;2;77;62;161m[38;2;77;62;161m@[0m[48;2;80;65;165m[38;2;80;65;165m@[0m[48;2;71;52;164m[38;2;71;52;164m░[0m[48;2;42;34;80m[38;2;42;34;80m▒[0m[48;2;26;22;33m[38;2;26;22;33m▓[0m[48;2;36;32;43m[38;2;36;32;43m▓[0m[48;2;38;33;51m[38;2;38;33;51m▓[0m[48;2;37;32;51m[38;2;37;32;51m▓[0m[48;2;37;31;52m[38;2;37;31;52m▓[0m[48;2;37;31;52m[38;2;37;31;52m▓[0m[48;2;37;31;52m[38;2;37;31;52m▓[0m[48;2;37;31;52m[38;2;37;31;52m▓[0m[48;2;37;31;52m[38;2;37;31;52m▓[0m[48;2;37;31;52m[38;2;37;31;52m▓[0m[48;2;37;31;52m[38;2;37;31;52m▓[0m[48;2;37;31;52m[38;2;37;31;52m▓[0m[48;2;37;31;52m[38;2;37;31;52m▓[0m[48;2;36;30;50m[38;2;36;30;50m▓[0m[48;2;26;21;36m[38;2;26;21;36m▓[0m[48;2;39;36;45m[38;2;39;36;45m▒[0m[48;2;133;132;136m[38;2;133;132;136m*[0m[48;2;234;234;235m[38;2;234;234;235m.[0m                          
                                       [48;2;73;72;73m[38;2;73;72;73m░[0m[48;2;29;27;38m[38;2;29;27;38m▓[0m[48;2;37;32;51m[38;2;37;32;51m▓[0m[48;2;37;31;52m[38;2;37;31;52m▓[0m[48;2;37;31;52m[38;2;37;31;52m▓[0m[48;2;28;23;41m[38;2;28;23;41m▓[0m[48;2;25;20;37m[38;2;25;20;37m▓[0m[48;2;34;29;52m[38;2;34;29;52m▓[0m[48;2;44;38;66m[38;2;44;38;66m▒[0m[48;2;20;12;56m[38;2;20;12;56m▓[0m[48;2;109;106;112m[38;2;109;106;112m%[0m[48;2;164;161;166m[38;2;164;161;166m+[0m[48;2;42;35;64m[38;2;42;35;64m▒[0m[48;2;63;50;123m[38;2;63;50;123m░[0m[48;2;54;44;103m[38;2;54;44;103m▒[0m[48;2;73;70;84m[38;2;73;70;84m░[0m[48;2;132;130;136m[38;2;132;130;136m*[0m[48;2;46;43;49m[38;2;46;43;49m▒[0m[48;2;49;45;57m[38;2;49;45;57m▒[0m[48;2;61;57;72m[38;2;61;57;72m░[0m[48;2;53;48;64m[38;2;53;48;64m▒[0m[48;2;37;31;51m[38;2;37;31;51m▓[0m[48;2;37;31;52m[38;2;37;31;52m▓[0m[48;2;37;31;52m[38;2;37;31;52m▓[0m[48;2;37;31;52m[38;2;37;31;52m▓[0m[48;2;37;31;52m[38;2;37;31;52m▓[0m[48;2;37;31;52m[38;2;37;31;52m▓[0m[48;2;37;31;52m[38;2;37;31;52m▓[0m[48;2;37;31;52m[38;2;37;31;52m▓[0m[48;2;37;31;52m[38;2;37;31;52m▓[0m[48;2;37;31;52m[38;2;37;31;52m▓[0m[48;2;37;31;52m[38;2;37;31;52m▓[0m[48;2;37;31;52m[38;2;37;31;52m▓[0m[48;2;32;27;45m[38;2;32;27;45m▓[0m[48;2;33;29;42m[38;2;33;29;42m▓[0m[48;2;150;149;153m[38;2;150;149;153m+[0m                         
                                       [48;2;18;17;19m[38;2;18;17;19m█[0m[48;2;36;33;46m[38;2;36;33;46m▓[0m[48;2;37;31;52m[38;2;37;31;52m▓[0m[48;2;37;31;52m[38;2;37;31;52m▓[0m[48;2;37;31;52m[38;2;37;31;52m▓[0m[48;2;37;31;52m[38;2;37;31;52m▓[0m[48;2;37;31;52m[38;2;37;31;52m▓[0m[48;2;37;31;51m[38;2;37;31;51m▓[0m[48;2;67;63;76m[38;2;67;63;76m░[0m[48;2;25;21;28m[38;2;25;21;28m▓[0m[48;2;5;2;9m[38;2;5;2;9m█[0m[48;2;112;110;115m[38;2;112;110;115m#[0m[48;2;216;213;217m[38;2;216;213;217m:[0m[48;2;150;147;151m[38;2;150;147;151m+[0m[48;2;26;23;30m[38;2;26;23;30m▓[0m[48;2;117;114;120m[38;2;117;114;120m#[0m[48;2;218;215;221m[38;2;218;215;221m:[0m[48;2;242;239;245m[38;2;242;239;245m [0m[48;2;121;118;124m[38;2;121;118;124m#[0m[48;2;34;31;37m[38;2;34;31;37m▓[0m[48;2;34;30;38m[38;2;34;30;38m▓[0m[48;2;56;52;65m[38;2;56;52;65m▒[0m[48;2;62;57;73m[38;2;62;57;73m░[0m[48;2;47;42;58m[38;2;47;42;58m▒[0m[48;2;37;32;52m[38;2;37;32;52m▓[0m[48;2;37;31;52m[38;2;37;31;52m▓[0m[48;2;37;31;52m[38;2;37;31;52m▓[0m[48;2;37;31;52m[38;2;37;31;52m▓[0m[48;2;37;31;52m[38;2;37;31;52m▓[0m[48;2;37;31;52m[38;2;37;31;52m▓[0m[48;2;37;31;52m[38;2;37;31;52m▓[0m[48;2;37;31;52m[38;2;37;31;52m▓[0m[48;2;37;31;52m[38;2;37;31;52m▓[0m[48;2;37;31;52m[38;2;37;31;52m▓[0m[48;2;37;31;51m[38;2;37;31;51m▓[0m[48;2;25;20;35m[38;2;25;20;35m▓[0m[48;2;88;86;89m[38;2;88;86;89m@[0m                        