                                                                                                              
                                                                                                              
                                                                                                              
                                                                                                              
                                                                                                              
                                                                                                              
                                                                                                              
                                                                                                              
                                                                                                              
                                                                                                              
                                                                                                              
                                                                                                              
                                                                                                              
                                               [48;2;199;199;200m[38;2;199;199;200m-[0m[48;2;127;126;129m[38;2;127;126;129m#[0m[48;2;83;83;87m[38;2;83;83;87m@[0m[48;2;64;63;67m[38;2;64;63;67m░[0m[48;2;55;54;60m[38;2;55;54;60m░[0m[48;2;57;55;62m[38;2;57;55;62m░[0m[48;2;63;62;67m[38;2;63;62;67m░[0m[48;2;77;76;80m[38;2;77;76;80m@[0m[48;2;96;95;99m[38;2;96;95;99m%[0m[48;2;123;123;126m[38;2;123;123;126m#[0m[48;2;155;155;158m[38;2;155;155;158m+[0m[48;2;199;199;201m[38;2;199;199;201m-[0m                                                   
                                             [48;2;217;217;217m[38;2;217;217;217m:[0m[48;2;42;41;44m[38;2;42;41;44m▒[0m[48;2;15;13;20m[38;2;15;13;20m█[0m[48;2;33;30;44m[38;2;33;30;44m▓[0m[48;2;43;41;57m[38;2;43;41;57m▒[0m[48;2;43;43;59m[38;2;43;43;59m▒[0m[48;2;43;43;60m[38;2;43;43;60m▒[0m[48;2;43;43;59m[38;2;43;43;59m▒[0m[48;2;41;43;59m[38;2;41;43;59m▒[0m[48;2;42;43;59m[38;2;42;43;59m▒[0m[48;2;41;42;58m[38;2;41;42;58m▒[0m[48;2;38;38;54m[38;2;38;38;54m▒[0m[48;2;34;33;49m[38;2;34;33;49m▓[0m[48;2;28;26;41m[38;2;28;26;41m▓[0m[48;2;26;24;36m[38;2;26;24;36m▓[0m[48;2;69;68;76m[38;2;69;68;76m░[0m[48;2;139;138;144m[38;2;139;138;144m*[0m[48;2;229;228;230m[38;2;229;228;230m.[0m                                               
                                             [48;2;82;81;84m[38;2;82;81;84m@[0m[48;2;27;25;35m[38;2;27;25;35m▓[0m[48;2;43;42;59m[38;2;43;42;59m▒[0m[48;2;42;42;60m[38;2;42;42;60m▒[0m[48;2;41;43;59m[38;2;41;43;59m▒[0m[48;2;40;44;59m[38;2;40;44;59m▒[0m[48;2;40;44;59m[38;2;40;44;59m▒[0m[48;2;40;44;59m[38;2;40;44;59m▒[0m[48;2;40;44;59m[38;2;40;44;59m▒[0m[48;2;40;44;59m[38;2;40;44;59m▒[0m[48;2;40;44;59m[38;2;40;44;59m▒[0m[48;2;40;44;59m[38;2;40;44;59m▒[0m[48;2;40;44;59m[38;2;40;44;59m▒[0m[48;2;40;44;59m[38;2;40;44;59m▒[0m[48;2;41;43;59m[38;2;41;43;59m▒[0m[48;2;41;42;58m[38;2;41;42;58m▒[0m[48;2;33;33;47m[38;2;33;33;47m▓[0m[48;2;24;22;34m[38;2;24;22;34m▓[0m[48;2;112;111;116m[38;2;112;111;116m#[0m[48;2;238;238;239m[38;2;238;238;239m [0m                                             
                                            [48;2;109;109;110m[38;2;109;109;110m%[0m[48;2;39;38;45m[38;2;39;38;45m▒[0m[48;2;44;43;60m[38;2;44;43;60m▒[0m[48;2;41;43;59m[38;2;41;43;59m▒[0m[48;2;40;44;59m[38;2;40;44;59m▒[0m[48;2;40;44;59m[38;2;40;44;59m▒[0m[48;2;40;44;59m[38;2;40;44;59m▒[0m[48;2;40;44;59m[38;2;40;44;59m▒[0m[48;2;40;44;59m[38;2;40;44;59m▒[0m[48;2;40;44;59m[38;2;40;44;59m▒[0m[48;2;40;44;59m[38;2;40;44;59m▒[0m[48;2;40;44;59m[38;2;40;44;59m▒[0m[48;2;40;44;59m[38;2;40;44;59m▒[0m[48;2;40;44;59m[38;2;40;44;59m▒[0m[48;2;40;44;59m[38;2;40;44;59m▒[0m[48;2;40;44;59m[38;2;40;44;59m▒[0m[48;2;40;44;59m[38;2;40;44;59m▒[0m[48;2;40;44;59m[38;2;40;44;59m▒[0m[48;2;42;43;59m[38;2;42;43;59m▒[0m[48;2;33;31;46m[38;2;33;31;46m▓[0m[48;2;40;39;46m[38;2;40;39;46m▒[0m[48;2;206;205;205m[38;2;206;205;205m:[0m                                            
                                          [48;2;207;207;207m[38;2;207;207;207m:[0m[48;2;56;54;57m[38;2;56;54;57m░[0m[48;2;9;7;12m[38;2;9;7;12m█[0m[48;2;74;73;80m[38;2;74;73;80m@[0m[48;2;43;43;59m[38;2;43;43;59m▒[0m[48;2;41;43;59m[38;2;41;43;59m▒[0m[48;2;40;44;59m[38;2;40;44;59m▒[0m[48;2;40;44;59m[38;2;40;44;59m▒[0m[48;2;40;44;59m[38;2;40;44;59m▒[0m[48;2;40;44;59m[38;2;40;44;59m▒[0m[48;2;40;44;59m[38;2;40;44;59m▒[0m[48;2;40;44;59m[38;2;40;44;59m▒[0m[48;2;40;44;59m[38;2;40;44;59m▒[0m[48;2;40;44;59m[38;2;40;44;59m▒[0m[48;2;40;44;59m[38;2;40;44;59m▒[0m[48;2;40;44;59m[38;2;40;44;59m▒[0m[48;2;40;44;59m[38;2;40;44;59m▒[0m[48;2;40;44;59m[38;2;40;44;59m▒[0m[48;2;40;44;59m[38;2;40;44;59m▒[0m[48;2;40;44;59m[38;2;40;44;59m▒[0m[48;2;41;43;59m[38;2;41;43;59m▒[0m[48;2;42;43;59m[38;2;42;43;59m▒[0m[48;2;39;37;52m[38;2;39;37;52m▒[0m[48;2;27;25;32m[38;2;27;25;32m▓[0m[48;2;192;191;192m[38;2;192;191;192m-[0m                                           
                                         [48;2;178;177;178m[38;2;178;177;178m=[0m[48;2;50;47;51m[38;2;50;47;51m▒[0m[48;2;124;116;124m[38;2;124;116;124m#[0m[48;2;15;10;16m[38;2;15;10;16m█[0m[48;2;81;77;84m[38;2;81;77;84m@[0m[48;2;44;43;58m[38;2;44;43;58m▒[0m[48;2;41;43;59m[38;2;41;43;59m▒[0m[48;2;40;44;59m[38;2;40;44;59m▒[0m[48;2;40;44;59m[38;2;40;44;59m▒[0m[48;2;40;44;59m[38;2;40;44;59m▒[0m[48;2;40;44;59m[38;2;40;44;59m▒[0m[48;2;40;44;59m[38;2;40;44;59m▒[0m[48;2;40;44;59m[38;2;40;44;59m▒[0m[48;2;40;44;59m[38;2;40;44;59m▒[0m[48;2;40;44;59m[38;2;40;44;59m▒[0m[48;2;40;44;59m[38;2;40;44;59m▒[0m[48;2;40;44;59m[38;2;40;44;59m▒[0m[48;2;40;44;59m[38;2;40;44;59m▒[0m[48;2;40;44;59m[38;2;40;44;59m▒[0m[48;2;40;44;59m[38;2;40;44;59m▒[0m[48;2;40;44;59m[38;2;40;44;59m▒[0m[48;2;40;44;59m[38;2;40;44;59m▒[0m[48;2;40;44;59m[38;2;40;44;59m▒[0m[48;2;40;44;59m[38;2;40;44;59m▒[0m[48;2;38;40;54m[38;2;38;40;54m▒[0m[48;2;26;25;33m[38;2;26;25;33m▓[0m[48;2;211;210;211m[38;2;211;210;211m:[0m                                          
                                        [48;2;193;193;194m[38;2;193;193;194m-[0m[48;2;28;25;29m[38;2;28;25;29m▓[0m[48;2;75;68;76m[38;2;75;68;76m░[0m[48;2;91;84;91m[38;2;91;84;91m@[0m[48;2;15;8;17m[38;2;15;8;17m█[0m[48;2;79;73;82m[38;2;79;73;82m@[0m[48;2;49;48;62m[38;2;49;48;62m▒[0m[48;2;41;43;59m[38;2;41;43;59m▒[0m[48;2;40;44;59m[38;2;40;44;59m▒[0m[48;2;40;44;59m[38;2;40;44;59m▒[0m[48;2;40;44;59m[38;2;40;44;59m▒[0m[48;2;40;44;59m[38;2;40;44;59m▒[0m[48;2;40;44;59m[38;2;40;44;59m▒[0m[48;2;40;44;59m[38;2;40;44;59m▒[0m[48;2;40;44;59m[38;2;40;44;59m▒[0m[48;2;40;44;59m[38;2;40;44;59m▒[0m[48;2;40;44;59m[38;2;40;44;59m▒[0m[48;2;40;44;59m[38;2;40;44;59m▒[0m[48;2;40;44;59m[38;2;40;44;59m▒[0m[48;2;40;44;59m[38;2;40;44;59m▒[0m[48;2;40;44;59m[38;2;40;44;59m▒[0m[48;2;40;44;59m[38;2;40;44;59m▒[0m[48;2;40;44;59m[38;2;40;44;59m▒[0m[48;2;40;44;59m[38;2;40;44;59m▒[0m[48;2;40;44;59m[38;2;40;44;59m▒[0m[48;2;40;44;59m[38;2;40;44;59m▒[0m[48;2;34;35;47m[38;2;34;35;47m▓[0m[48;2;60;58;64m[38;2;60;58;64m░[0m                                          
                                        [48;2;57;55;57m[38;2;57;55;57m░[0m[48;2;52;45;52m[38;2;52;45;52m▒[0m[48;2;25;15;36m[38;2;25;15;36m▓[0m[48;2;51;34;81m[38;2;51;34;81m▒[0m[48;2;50;33;72m[38;2;50;33;72m▒[0m[48;2;35;23;51m[38;2;35;23;51m▓[0m[48;2;50;45;61m[38;2;50;45;61m▒[0m[48;2;44;43;60m[38;2;44;43;60m▒[0m[48;2;41;44;59m[38;2;41;44;59m▒[0m[48;2;40;44;59m[38;2;40;44;59m▒[0m[48;2;40;44;59m[38;2;40;44;59m▒[0m[48;2;40;44;59m[38;2;40;44;59m▒[0m[48;2;40;44;59m[38;2;40;44;59m▒[0m[48;2;40;44;59m[38;2;40;44;59m▒[0m[48;2;40;44;59m[38;2;40;44;59m▒[0m[48;2;40;44;59m[38;2;40;44;59m▒[0m[48;2;40;44;59m[38;2;40;44;59m▒[0m[48;2;40;44;59m[38;2;40;44;59m▒[0m[48;2;40;44;59m[38;2;40;44;59m▒[0m[48;2;40;44;59m[38;2;40;44;59m▒[0m[48;2;40;44;59m[38;2;40;44;59m▒[0m[48;2;40;44;59m[38;2;40;44;59m▒[0m[48;2;40;44;59m[38;2;40;44;59m▒[0m[48;2;40;44;59m[38;2;40;44;59m▒[0m[48;2;40;44;59m[38;2;40;44;59m▒[0m[48;2;40;44;59m[38;2;40;44;59m▒[0m[48;2;43;43;60m[38;2;43;43;60m▒[0m[48;2;12;9;18m[38;2;12;9;18m█[0m[48;2;225;223;226m[38;2;225;223;226m.[0m                                         
                                       [48;2;200;200;200m[38;2;200;200;200m-[0m[48;2;43;38;42m[38;2;43;38;42m▒[0m[48;2;21;11;19m[38;2;21;11;19m█[0m[48;2;48;36;63m[38;2;48;36;63m▒[0m[48;2;86;64;133m[38;2;86;64;133m@[0m[48;2;65;47;94m[38;2;65;47;94m░[0m[48;2;26;15;35m[38;2;26;15;35m▓[0m[48;2;53;46;60m[38;2;53;46;60m▒[0m[48;2;55;51;66m[38;2;55;51;66m▒[0m[48;2;42;43;59m[38;2;42;43;59m▒[0m[48;2;40;44;59m[38;2;40;44;59m▒[0m[48;2;40;44;59m[38;2;40;44;59m▒[0m[48;2;40;44;59m[38;2;40;44;59m▒[0m[48;2;40;44;59m[38;2;40;44;59m▒[0m[48;2;40;44;59m[38;2;40;44;59m▒[0m[48;2;40;44;59m[38;2;40;44;59m▒[0m[48;2;40;44;59m[38;2;40;44;59m▒[0m[48;2;40;44;59m[38;2;40;44;59m▒[0m[48;2;40;44;59m[38;2;40;44;59m▒[0m[48;2;40;44;59m[38;2;40;44;59m▒[0m[48;2;40;44;59m[38;2;40;44;59m▒[0m[48;2;40;44;59m[38;2;40;44;59m▒[0m[48;2;40;44;59m[38;2;40;44;59m▒[0m[48;2;40;44;59m[38;2;40;44;59m▒[0m[48;2;40;44;59m[38;2;40;44;59m▒[0m[48;2;40;44;59m[38;2;40;44;59m▒[0m[48;2;41;43;59m[38;2;41;43;59m▒[0m[48;2;41;40;56m[38;2;41;40;56m▒[0m[48;2;27;24;32m[38;2;27;24;32m▓[0m[48;2;241;240;241m[38;2;241;240;241m [0m                                         
                                       [48;2;169;169;169m[38;2;169;169;169m=[0m[48;2;41;34;38m[38;2;41;34;38m▓[0m[48;2;9;1;8m[38;2;9;1;8m█[0m[48;2;27;18;31m[38;2;27;18;31m▓[0m[48;2;31;20;34m[38;2;31;20;34m▓[0m[48;2;51;39;54m[38;2;51;39;54m▒[0m[48;2;52;42;51m[38;2;52;42;51m▒[0m[48;2;27;19;29m[38;2;27;19;29m▓[0m[48;2;80;76;86m[38;2;80;76;86m@[0m[48;2;50;48;63m[38;2;50;48;63m▒[0m[48;2;41;43;59m[38;2;41;43;59m▒[0m[48;2;40;44;59m[38;2;40;44;59m▒[0m[48;2;40;44;59m[38;2;40;44;59m▒[0m[48;2;40;44;59m[38;2;40;44;59m▒[0m[48;2;40;44;59m[38;2;40;44;59m▒[0m[48;2;40;44;59m[38;2;40;44;59m▒[0m[48;2;40;44;59m[38;2;40;44;59m▒[0m[48;2;40;44;59m[38;2;40;44;59m▒[0m[48;2;40;44;59m[38;2;40;44;59m▒[0m[48;2;40;44;59m[38;2;40;44;59m▒[0m[48;2;40;44;59m[38;2;40;44;59m▒[0m[48;2;40;44;59m[38;2;40;44;59m▒[0m[48;2;40;44;59m[38;2;40;44;59m▒[0m[48;2;40;44;59m[38;2;40;44;59m▒[0m[48;2;41;43;59m[38;2;41;43;59m▒[0m[48;2;42;43;59m[38;2;42;43;59m▒[0m[48;2;39;38;55m[38;2;39;38;55m▒[0m[48;2;15;13;28m[38;2;15;13;28m█[0m[48;2;78;75;82m[38;2;78;75;82m@[0m                                          
                                       [48;2;231;231;231m[38;2;231;231;231m.[0m[48;2;39;35;38m[38;2;39;35;38m▓[0m[48;2;94;87;93m[38;2;94;87;93m@[0m[48;2;45;37;45m[38;2;45;37;45m▒[0m[48;2;154;141;151m[38;2;154;141;151m*[0m[48;2;103;90;100m[38;2;103;90;100m%[0m[48;2;79;69;78m[38;2;79;69;78m░[0m[48;2;107;97;108m[38;2;107;97;108m%[0m[48;2;31;23;35m[38;2;31;23;35m▓[0m[48;2;61;55;67m[38;2;61;55;67m░[0m[48;2;65;62;75m[38;2;65;62;75m░[0m[48;2;44;43;58m[38;2;44;43;58m▒[0m[48;2;41;43;59m[38;2;41;43;59m▒[0m[48;2;40;44;59m[38;2;40;44;59m▒[0m[48;2;40;44;59m[38;2;40;44;59m▒[0m[48;2;40;44;59m[38;2;40;44;59m▒[0m[48;2;40;44;59m[38;2;40;44;59m▒[0m[48;2;40;44;59m[38;2;40;44;59m▒[0m[48;2;40;44;59m[38;2;40;44;59m▒[0m[48;2;40;44;59m[38;2;40;44;59m▒[0m[48;2;40;44;59m[38;2;40;44;59m▒[0m[48;2;40;44;59m[38;2;40;44;59m▒[0m[48;2;40;44;59m[38;2;40;44;59m▒[0m[48;2;41;43;58m[38;2;41;43;58m▒[0m[48;2;41;41;56m[38;2;41;41;56m▒[0m[48;2;29;26;40m[38;2;29;26;40m▓[0m[48;2;8;5;18m[38;2;8;5;18m█[0m[48;2;59;55;67m[38;2;59;55;67m░[0m[48;2;59;55;61m[38;2;59;55;61m░[0m                                          
                                        [48;2;107;105;106m[38;2;107;105;106m%[0m[48;2;171;164;169m[38;2;171;164;169m=[0m[48;2;67;58;64m[38;2;67;58;64m░[0m[48;2;123;110;120m[38;2;123;110;120m#[0m[48;2;141;126;138m[38;2;141;126;138m*[0m[48;2;28;18;27m[38;2;28;18;27m▓[0m[48;2;137;123;136m[38;2;137;123;136m*[0m[48;2;148;132;146m[38;2;148;132;146m*[0m[48;2;86;73;86m[38;2;86;73;86m@[0m[48;2;46;36;49m[38;2;46;36;49m▒[0m[48;2;57;50;63m[38;2;57;50;63m▒[0m[48;2;54;51;64m[38;2;54;51;64m▒[0m[48;2;46;46;61m[38;2;46;46;61m▒[0m[48;2;42;43;58m[38;2;42;43;58m▒[0m[48;2;42;43;58m[38;2;42;43;58m▒[0m[48;2;40;44;59m[38;2;40;44;59m▒[0m[48;2;40;44;59m[38;2;40;44;59m▒[0m[48;2;40;44;59m[38;2;40;44;59m▒[0m[48;2;41;43;59m[38;2;41;43;59m▒[0m[48;2;42;43;59m[38;2;42;43;59m▒[0m[48;2;40;40;55m[38;2;40;40;55m▒[0m[48;2;34;31;46m[38;2;34;31;46m▓[0m[48;2;25;21;35m[38;2;25;21;35m▓[0m[48;2;46;41;53m[38;2;46;41;53m▒[0m[48;2;54;48;58m[38;2;54;48;58m▒[0m[48;2;47;40;50m[38;2;47;40;50m▒[0m[48;2;144;134;145m[38;2;144;134;145m*[0m[48;2;50;42;51m[38;2;50;42;51m▒[0m[48;2;188;186;190m[38;2;188;186;190m-[0m                                         
                                        [48;2;144;143;143m[38;2;144;143;143m*[0m[48;2;116;110;112m[38;2;116;110;112m#[0m[48;2;214;204;204m[38;2;214;204;204m:[0m[48;2;51;41;47m[38;2;51;41;47m▒[0m[48;2;136;121;132m[38;2;136;121;132m#[0m[48;2;129;114;126m[38;2;129;114;126m#[0m[48;2;47;35;45m[38;2;47;35;45m▒[0m[48;2;144;126;140m[38;2;144;126;140m*[0m[48;2;160;141;155m[38;2;160;141;155m+[0m[48;2;158;140;154m[38;2;158;140;154m+[0m[48;2;127;112;125m[38;2;127;112;125m#[0m[48;2;88;74;86m[38;2;88;74;86m@[0m[48;2;63;52;64m[38;2;63;52;64m░[0m[48;2;39;30;41m[38;2;39;30;41m▓[0m[48;2;19;14;26m[38;2;19;14;26m█[0m[48;2;19;17;28m[38;2;19;17;28m▓[0m[48;2;24;22;32m[38;2;24;22;32m▓[0m[48;2;26;24;34m[38;2;26;24;34m▓[0m[48;2;31;28;38m[38;2;31;28;38m▓[0m[48;2;44;40;49m[38;2;44;40;49m▒[0m[48;2;63;57;66m[38;2;63;57;66m░[0m[48;2;95;86;95m[38;2;95;86;95m@[0m[48;2;126;114;125m[38;2;126;114;125m#[0m[48;2;66;55;64m[38;2;66;55;64m░[0m[48;2;65;57;64m[38;2;65;57;64m░[0m[48;2;148;135;146m[38;2;148;135;146m*[0m[48;2;159;141;153m[38;2;159;141;153m+[0m[48;2;142;124;136m[38;2;142;124;136m*[0m[48;2;47;41;45m[38;2;47;41;45m▒[0m[48;2;196;194;196m[38;2;196;194;196m-[0m                                        
                                        [48;2;107;106;106m[38;2;107;106;106m%[0m[48;2;22;20;21m[38;2;22;20;21m▓[0m[48;2;63;59;62m[38;2;63;59;62m░[0m[48;2;98;92;95m[38;2;98;92;95m%[0m[48;2;29;22;28m[38;2;29;22;28m▓[0m[48;2;124;112;122m[38;2;124;112;122m#[0m[48;2;129;116;127m[38;2;129;116;127m#[0m[48;2;47;36;44m[38;2;47;36;44m▒[0m[48;2;121;107;117m[38;2;121;107;117m#[0m[48;2;161;143;156m[38;2;161;143;156m+[0m[48;2;161;142;156m[38;2;161;142;156m+[0m[48;2;161;141;155m[38;2;161;141;155m+[0m[48;2;161;140;155m[38;2;161;140;155m+[0m[48;2;158;139;153m[38;2;158;139;153m*[0m[48;2;112;97;111m[38;2;112;97;111m%[0m[48;2;75;63;75m[38;2;75;63;75m░[0m[48;2;67;57;66m[38;2;67;57;66m░[0m[48;2;67;57;64m[38;2;67;57;64m░[0m[48;2;69;60;67m[38;2;69;60;67m░[0m[48;2;69;60;67m[38;2;69;60;67m░[0m[48;2;55;48;55m[38;2;55;48;55m▒[0m[48;2;35;27;33m[38;2;35;27;33m▓[0m[48;2;12;5;12m[38;2;12;5;12m█[0m[48;2;28;22;29m[38;2;28;22;29m▓[0m[48;2;29;23;31m[38;2;29;23;31m▓[0m[48;2;28;19;29m[38;2;28;19;29m▓[0m[48;2;119;104;115m[38;2;119;104;115m#[0m[48;2;158;140;152m[38;2;158;140;152m+[0m[48;2;133;117;128m[38;2;133;117;128m#[0m[48;2;29;21;28m[38;2;29;21;28m▓[0m[48;2;33;29;34m[38;2;33;29;34m▓[0m[48;2;94;90;94m[38;2;94;90;94m%[0m[48;2;157;155;158m[38;2;157;155;158m+[0m[48;2;233;232;233m[38;2;233;232;233m.[0m                                    
                                        [48;2;66;64;65m[38;2;66;64;65m░[0m[48;2;161;156;158m[38;2;161;156;158m+[0m[48;2;144;139;143m[38;2;144;139;143m*[0m[48;2;48;43;46m[38;2;48;43;46m▒[0m[48;2;44;41;45m[38;2;44;41;45m▒[0m[48;2;53;48;53m[38;2;53;48;53m▒[0m[48;2;35;29;35m[38;2;35;29;35m▓[0m[48;2;64;56;62m[38;2;64;56;62m░[0m[48;2;45;38;44m[38;2;45;38;44m▒[0m[48;2;71;61;70m[38;2;71;61;70m░[0m[48;2;145;129;141m[38;2;145;129;141m*[0m[48;2;161;141;155m[38;2;161;141;155m+[0m[48;2;161;140;155m[38;2;161;140;155m+[0m[48;2;161;140;155m[38;2;161;140;155m+[0m[48;2;161;140;155m[38;2;161;140;155m+[0m[48;2;161;140;155m[38;2;161;140;155m+[0m[48;2;161;140;155m[38;2;161;140;155m+[0m[48;2;162;140;155m[38;2;162;140;155m+[0m[48;2;162;140;155m[38;2;162;140;155m+[0m[48;2;160;140;154m[38;2;160;140;154m+[0m[48;2;48;36;45m[38;2;48;36;45m▒[0m[48;2;18;11;18m[38;2;18;11;18m█[0m[48;2;3;0;5m[38;2;3;0;5m█[0m[48;2;9;7;12m[38;2;9;7;12m█[0m[48;2;24;21;29m[38;2;24;21;29m▓[0m[48;2;13;9;18m[38;2;13;9;18m█[0m[48;2;118;107;118m[38;2;118;107;118m#[0m[48;2;159;140;154m[38;2;159;140;154m+[0m[48;2;160;140;155m[38;2;160;140;155m+[0m[48;2;147;130;142m[38;2;147;130;142m*[0m[48;2;67;56;64m[38;2;67;56;64m░[0m[48;2;75;64;73m[38;2;75;64;73m░[0m[48;2;111;99;109m[38;2;111;99;109m%[0m[48;2;64;57;64m[38;2;64;57;64m░[0m[48;2;111;108;111m[38;2;111;108;111m%[0m[48;2;232;231;232m[38;2;232;231;232m.[0m                                  
                                        [48;2;81;81;81m[38;2;81;81;81m@[0m[48;2;79;76;79m[38;2;79;76;79m@[0m[48;2;83;80;83m[38;2;83;80;83m@[0m[48;2;77;74;77m[38;2;77;74;77m@[0m[48;2;54;49;54m[38;2;54;49;54m▒[0m[48;2;239;233;238m[38;2;239;233;238m.[0m[48;2;35;30;33m[38;2;35;30;33m▓[0m[48;2;72;66;71m[38;2;72;66;71m░[0m[48;2;86;78;84m[38;2;86;78;84m@[0m[48;2;63;53;61m[38;2;63;53;61m░[0m[48;2;50;41;49m[38;2;50;41;49m▒[0m[48;2;99;84;96m[38;2;99;84;96m@[0m[48;2;161;140;155m[38;2;161;140;155m+[0m[48;2;161;140;155m[38;2;161;140;155m+[0m[48;2;161;140;155m[38;2;161;140;155m+[0m[48;2;161;140;155m[38;2;161;140;155m+[0m[48;2;161;140;155m[38;2;161;140;155m+[0m[48;2;161;140;155m[38;2;161;140;155m+[0m[48;2;161;140;155m[38;2;161;140;155m+[0m[48;2;149;129;144m[38;2;149;129;144m*[0m[48;2;18;7;16m[38;2;18;7;16m█[0m[48;2;26;18;26m[38;2;26;18;26m▓[0m[48;2;6;2;7m[38;2;6;2;7m█[0m[48;2;7;6;10m[38;2;7;6;10m█[0m[48;2;5;3;9m[38;2;5;3;9m█[0m[48;2;16;13;20m[38;2;16;13;20m█[0m[48;2;25;19;26m[38;2;25;19;26m▓[0m[48;2;147;130;143m[38;2;147;130;143m*[0m[48;2;159;138;153m[38;2;159;138;153m*[0m[48;2;161;140;155m[38;2;161;140;155m+[0m[48;2;161;140;155m[38;2;161;140;155m+[0m[48;2;134;115;128m[38;2;134;115;128m#[0m[48;2;155;136;149m[38;2;155;136;149m*[0m[48;2;159;140;153m[38;2;159;140;153m+[0m[48;2;127;115;124m[38;2;127;115;124m#[0m[48;2;51;46;50m[38;2;51;46;50m▒[0m[48;2;208;208;209m[38;2;208;208;209m:[0m                                 
                                        [48;2;88;87;88m[38;2;88;87;88m@[0m[48;2;155;153;155m[38;2;155;153;155m+[0m[48;2;201;198;202m[38;2;201;198;202m-[0m[48;2;193;190;194m[38;2;193;190;194m-[0m[48;2;37;33;37m[38;2;37;33;37m▓[0m[48;2;244;239;244m[38;2;244;239;244m [0m[48;2;107;103;107m[38;2;107;103;107m%[0m[48;2;84;78;83m[38;2;84;78;83m@[0m[48;2;154;138;148m[38;2;154;138;148m*[0m[48;2;157;138;150m[38;2;157;138;150m*[0m[48;2;158;139;151m[38;2;158;139;151m*[0m[48;2;159;139;153m[38;2;159;139;153m+[0m[48;2;161;140;155m[38;2;161;140;155m+[0m[48;2;161;140;155m[38;2;161;140;155m+[0m[48;2;161;140;155m[38;2;161;140;155m+[0m[48;2;161;140;155m[38;2;161;140;155m+[0m[48;2;161;140;155m[38;2;161;140;155m+[0m[48;2;161;140;155m[38;2;161;140;155m+[0m[48;2;161;140;155m[38;2;161;140;155m+[0m[48;2;161;140;155m[38;2;161;140;155m+[0m[48;2;151;132;146m[38;2;151;132;146m*[0m[48;2;145;129;142m[38;2;145;129;142m*[0m[48;2;97;87;97m[38;2;97;87;97m@[0m[48;2;17;12;19m[38;2;17;12;19m█[0m[48;2;17;11;20m[38;2;17;11;20m█[0m[48;2;47;41;50m[38;2;47;41;50m▒[0m[48;2;50;43;51m[38;2;50;43;51m▒[0m[48;2;89;77;88m[38;2;89;77;88m@[0m[48;2;146;127;141m[38;2;146;127;141m*[0m[48;2;160;140;155m[38;2;160;140;155m+[0m[48;2;161;140;155m[38;2;161;140;155m+[0m[48;2;161;140;155m[38;2;161;140;155m+[0m[48;2;161;140;155m[38;2;161;140;155m+[0m[48;2;161;140;155m[38;2;161;140;155m+[0m[48;2;160;141;155m[38;2;160;141;155m+[0m[48;2;131;119;128m[38;2;131;119;128m#[0m[48;2;52;47;52m[38;2;52;47;52m▒[0m                                 
                                        [48;2;136;136;136m[38;2;136;136;136m*[0m[48;2;112;111;114m[38;2;112;111;114m#[0m[48;2;201;200;203m[38;2;201;200;203m-[0m[48;2;182;179;183m[38;2;182;179;183m=[0m[48;2;50;47;51m[38;2;50;47;51m▒[0m [48;2;153;149;153m[38;2;153;149;153m+[0m[48;2;8;5;9m[38;2;8;5;9m█[0m[48;2;117;103;113m[38;2;117;103;113m%[0m[48;2;157;138;151m[38;2;157;138;151m*[0m[48;2;160;139;154m[38;2;160;139;154m+[0m[48;2;161;140;155m[38;2;161;140;155m+[0m[48;2;161;140;155m[38;2;161;140;155m+[0m[48;2;161;140;155m[38;2;161;140;155m+[0m[48;2;161;140;155m[38;2;161;140;155m+[0m[48;2;161;140;155m[38;2;161;140;155m+[0m[48;2;161;140;155m[38;2;161;140;155m+[0m[48;2;161;140;155m[38;2;161;140;155m+[0m[48;2;161;140;155m[38;2;161;140;155m+[0m[48;2;161;140;155m[38;2;161;140;155m+[0m[48;2;161;140;155m[38;2;161;140;155m+[0m[48;2;161;140;155m[38;2;161;140;155m+[0m[48;2;160;140;154m[38;2;160;140;154m+[0m[48;2;151;132;146m[38;2;151;132;146m*[0m[48;2;152;134;147m[38;2;152;134;147m*[0m[48;2;87;71;82m[38;2;87;71;82m@[0m[48;2;61;49;59m[38;2;61;49;59m▒[0m[48;2;15;5;14m[38;2;15;5;14m█[0m[48;2;16;5;15m[38;2;16;5;15m█[0m[48;2;54;39;51m[38;2;54;39;51m▒[0m[48;2;124;106;120m[38;2;124;106;120m#[0m[48;2;160;140;154m[38;2;160;140;154m+[0m[48;2;161;140;155m[38;2;161;140;155m+[0m[48;2;161;140;155m[38;2;161;140;155m+[0m[48;2;161;140;155m[38;2;161;140;155m+[0m[48;2;161;140;155m[38;2;161;140;155m+[0m[48;2;64;54;61m[38;2;64;54;61m░[0m[48;2;176;174;176m[38;2;176;174;176m=[0m                                
                                        [48;2;208;208;208m[38;2;208;208;208m:[0m[48;2;50;47;51m[38;2;50;47;51m▒[0m[48;2;199;198;201m[38;2;199;198;201m-[0m[48;2;89;86;90m[38;2;89;86;90m@[0m[48;2;151;148;153m[38;2;151;148;153m+[0m [48;2;170;167;171m[38;2;170;167;171m=[0m[48;2;6;3;7m[38;2;6;3;7m█[0m[48;2;14;7;12m[38;2;14;7;12m█[0m[48;2;108;94;105m[38;2;108;94;105m%[0m[48;2;159;140;154m[38;2;159;140;154m+[0m[48;2;161;140;155m[38;2;161;140;155m+[0m[48;2;161;140;155m[38;2;161;140;155m+[0m[48;2;161;140;155m[38;2;161;140;155m+[0m[48;2;161;140;155m[38;2;161;140;155m+[0m[48;2;161;140;155m[38;2;161;140;155m+[0m[48;2;161;140;155m[38;2;161;140;155m+[0m[48;2;161;140;155m[38;2;161;140;155m+[0m[48;2;161;140;155m[38;2;161;140;155m+[0m[48;2;161;140;155m[38;2;161;140;155m+[0m[48;2;161;140;155m[38;2;161;140;155m+[0m[48;2;161;140;155m[38;2;161;140;155m+[0m[48;2;161;140;155m[38;2;161;140;155m+[0m[48;2;161;140;155m[38;2;161;140;155m+[0m[48;2;161;140;155m[38;2;161;140;155m+[0m[48;2;161;140;155m[38;2;161;140;155m+[0m[48;2;155;135;150m[38;2;155;135;150m*[0m[48;2;123;105;119m[38;2;123;105;119m#[0m[48;2;88;75;85m[38;2;88;75;85m@[0m[48;2;53;41;51m[38;2;53;41;51m▒[0m[48;2;85;72;82m[38;2;85;72;82m@[0m[48;2;135;118;131m[38;2;135;118;131m#[0m[48;2;160;141;155m[38;2;160;141;155m+[0m[48;2;161;140;155m[38;2;161;140;155m+[0m[48;2;161;140;155m[38;2;161;140;155m+[0m[48;2;161;140;155m[38;2;161;140;155m+[0m[48;2;78;65;75m[38;2;78;65;75m░[0m[48;2;163;159;163m[38;2;163;159;163m+[0m                                
                                         [48;2;128;127;128m[38;2;128;127;128m#[0m[48;2;42;40;43m[38;2;42;40;43m▒[0m[48;2;42;40;43m[38;2;42;40;43m▒[0m[48;2;156;153;157m[38;2;156;153;157m+[0m[48;2;138;136;139m[38;2;138;136;139m*[0m[48;2;72;69;73m[38;2;72;69;73m░[0m[48;2;14;11;19m[38;2;14;11;19m█[0m[48;2;27;22;35m[38;2;27;22;35m▓[0m[48;2;21;15;28m[38;2;21;15;28m█[0m[48;2;62;53;63m[38;2;62;53;63m░[0m[48;2;144;128;141m[38;2;144;128;141m*[0m[48;2;160;141;155m[38;2;160;141;155m+[0m[48;2;161;140;155m[38;2;161;140;155m+[0m[48;2;161;140;155m[38;2;161;140;155m+[0m[48;2;161;140;155m[38;2;161;140;155m+[0m[48;2;161;140;155m[38;2;161;140;155m+[0m[48;2;161;140;155m[38;2;161;140;155m+[0m[48;2;161;140;155m[38;2;161;140;155m+[0m[48;2;161;140;155m[38;2;161;140;155m+[0m[48;2;161;140;155m[38;2;161;140;155m+[0m[48;2;161;140;155m[38;2;161;140;155m+[0m[48;2;161;140;155m[38;2;161;140;155m+[0m[48;2;161;140;155m[38;2;161;140;155m+[0m[48;2;161;140;155m[38;2;161;140;155m+[0m[48;2;161;140;155m[38;2;161;140;155m+[0m[48;2;161;140;155m[38;2;161;140;155m+[0m[48;2;161;140;155m[38;2;161;140;155m+[0m[48;2;161;141;155m[38;2;161;141;155m+[0m[48;2;160;141;155m[38;2;160;141;155m+[0m[48;2;125;109;120m[38;2;125;109;120m#[0m[48;2;77;62;72m[38;2;77;62;72m░[0m[48;2;69;55;64m[38;2;69;55;64m░[0m[48;2;69;56;65m[38;2;69;56;65m░[0m[48;2;75;62;73m[38;2;75;62;73m░[0m[48;2;76;63;75m[38;2;76;63;75m░[0m[48;2;26;16;25m[38;2;26;16;25m▓[0m[48;2;74;70;74m[38;2;74;70;74m░[0m                                
                                          [48;2;227;226;228m[38;2;227;226;228m.[0m[48;2;202;201;203m[38;2;202;201;203m:[0m[48;2;202;200;203m[38;2;202;200;203m-[0m[48;2;187;185;188m[38;2;187;185;188m-[0m[48;2;10;7;12m[38;2;10;7;12m█[0m[48;2;34;30;45m[38;2;34;30;45m▓[0m[48;2;36;31;51m[38;2;36;31;51m▓[0m[48;2;37;31;52m[38;2;37;31;52m▓[0m[48;2;31;24;43m[38;2;31;24;43m▓[0m[48;2;23;16;31m[38;2;23;16;31m▓[0m[48;2;77;67;78m[38;2;77;67;78m░[0m[48;2;139;123;136m[38;2;139;123;136m*[0m[48;2;160;141;155m[38;2;160;141;155m+[0m[48;2;160;141;155m[38;2;160;141;155m+[0m[48;2;160;141;155m[38;2;160;141;155m+[0m[48;2;161;140;155m[38;2;161;140;155m+[0m[48;2;161;140;155m[38;2;161;140;155m+[0m[48;2;161;140;155m[38;2;161;140;155m+[0m[48;2;161;140;155m[38;2;161;140;155m+[0m[48;2;161;140;155m[38;2;161;140;155m+[0m[48;2;161;140;155m[38;2;161;140;155m+[0m[48;2;161;140;155m[38;2;161;140;155m+[0m[48;2;161;140;155m[38;2;161;140;155m+[0m[48;2;161;140;155m[38;2;161;140;155m+[0m[48;2;161;140;155m[38;2;161;140;155m+[0m[48;2;161;140;155m[38;2;161;140;155m+[0m[48;2;161;140;155m[38;2;161;140;155m+[0m[48;2;161;140;155m[38;2;161;140;155m+[0m[48;2;161;140;155m[38;2;161;140;155m+[0m[48;2;161;141;155m[38;2;161;141;155m+[0m[48;2;161;141;155m[38;2;161;141;155m+[0m[48;2;159;140;154m[38;2;159;140;154m+[0m[48;2;155;135;149m[38;2;155;135;149m*[0m[48;2;153;134;148m[38;2;153;134;148m*[0m[48;2;136;120;132m[38;2;136;120;132m#[0m[48;2;62;57;62m[38;2;62;57;62m░[0m                                
                                             [48;2;227;226;227m[38;2;227;226;227m.[0m[48;2;8;5;11m[38;2;8;5;11m█[0m[48;2;20;17;29m[38;2;20;17;29m▓[0m[48;2;33;29;46m[38;2;33;29;46m▓[0m[48;2;37;32;51m[38;2;37;32;51m▓[0m[48;2;37;31;52m[38;2;37;31;52m▓[0m[48;2;36;30;49m[38;2;36;30;49m▓[0m[48;2;22;17;29m[38;2;22;17;29m▓[0m[48;2;14;7;29m[38;2;14;7;29m█[0m[48;2;53;42;72m[38;2;53;42;72m▒[0m[48;2;98;86;98m[38;2;98;86;98m@[0m[48;2;141;125;138m[38;2;141;125;138m*[0m[48;2;159;141;155m[38;2;159;141;155m+[0m[48;2;160;140;155m[38;2;160;140;155m+[0m[48;2;161;140;155m[38;2;161;140;155m+[0m[48;2;161;140;155m[38;2;161;140;155m+[0m[48;2;161;140;155m[38;2;161;140;155m+[0m[48;2;161;140;155m[38;2;161;140;155m+[0m[48;2;161;140;155m[38;2;161;140;155m+[0m[48;2;161;140;155m[38;2;161;140;155m+[0m[48;2;161;140;155m[38;2;161;140;155m+[0m[48;2;161;140;155m[38;2;161;140;155m+[0m[48;2;161;140;155m[38;2;161;140;155m+[0m[48;2;161;140;155m[38;2;161;140;155m+[0m[48;2;161;140;155m[38;2;161;140;155m+[0m[48;2;161;140;155m[38;2;161;140;155m+[0m[48;2;161;140;155m[38;2;161;140;155m+[0m[48;2;161;140;155m[38;2;161;140;155m+[0m[48;2;161;140;155m[38;2;161;140;155m+[0m[48;2;160;141;155m[38;2;160;141;155m+[0m[48;2;141;124;136m[38;2;141;124;136m*[0m[48;2;56;44;52m[38;2;56;44;52m▒[0m[48;2;187;183;188m[38;2;187;183;188m-[0m                                
                                              [48;2;17;15;21m[38;2;17;15;21m█[0m[48;2;24;21;31m[38;2;24;21;31m▓[0m[48;2;16;13;27m[38;2;16;13;27m█[0m[48;2;15;11;27m[38;2;15;11;27m█[0m[48;2;16;12;27m[38;2;16;12;27m█[0m[48;2;19;15;29m[38;2;19;15;29m█[0m[48;2;17;13;24m[38;2;17;13;24m█[0m[48;2;13;8;29m[38;2;13;8;29m█[0m[48;2;79;61;153m[38;2;79;61;153m@[0m[48;2;59;44;132m[38;2;59;44;132m░[0m[48;2;45;36;77m[38;2;45;36;77m▒[0m[48;2;50;39;72m[38;2;50;39;72m▒[0m[48;2;68;55;80m[38;2;68;55;80m░[0m[48;2;101;87;100m[38;2;101;87;100m%[0m[48;2;127;112;125m[38;2;127;112;125m#[0m[48;2;151;131;146m[38;2;151;131;146m*[0m[48;2;159;139;154m[38;2;159;139;154m+[0m[48;2;159;141;155m[38;2;159;141;155m+[0m[48;2;159;141;155m[38;2;159;141;155m+[0m[48;2;160;141;155m[38;2;160;141;155m+[0m[48;2;160;141;155m[38;2;160;141;155m+[0m[48;2;160;141;155m[38;2;160;141;155m+[0m[48;2;160;141;155m[38;2;160;141;155m+[0m[48;2;160;141;155m[38;2;160;141;155m+[0m[48;2;160;141;154m[38;2;160;141;154m+[0m[48;2;158;139;153m[38;2;158;139;153m*[0m[48;2;137;120;132m[38;2;137;120;132m#[0m[48;2;98;85;94m[38;2;98;85;94m@[0m[48;2;56;46;53m[38;2;56;46;53m▒[0m[48;2;85;79;84m[38;2;85;79;84m@[0m[48;2;209;205;208m[38;2;209;205;208m:[0m                                 
                                              [48;2;55;52;59m[38;2;55;52;59m▒[0m[48;2;31;27;39m[38;2;31;27;39m▓[0m[48;2;35;30;46m[38;2;35;30;46m▓[0m[48;2;36;31;50m[38;2;36;31;50m▓[0m[48;2;35;29;49m[38;2;35;29;49m▓[0m[48;2;33;28;47m[38;2;33;28;47m▓[0m[48;2;33;28;47m[38;2;33;28;47m▓[0m[48;2;14;9;24m[38;2;14;9;24m█[0m[48;2;52;35;124m[38;2;52;35;124m▒[0m[48;2;82;67;154m[38;2;82;67;154m@[0m[48;2;87;72;157m[38;2;87;72;157m@[0m[48;2;85;69;161m[38;2;85;69;161m@[0m[48;2;39;23;111m[38;2;39;23;111m▒[0m[48;2;4;0;7m[38;2;4;0;7m█[0m[48;2;18;7;43m[38;2;18;7;43m█[0m[48;2;41;23;97m[38;2;41;23;97m▒[0m[48;2;40;28;67m[38;2;40;28;67m▓[0m[48;2;46;34;82m[38;2;46;34;82m▒[0m[48;2;57;48;70m[38;2;57;48;70m▒[0m[48;2;65;54;75m[38;2;65;54;75m░[0m[48;2;65;53;74m[38;2;65;53;74m░[0m[48;2;64;54;64m[38;2;64;54;64m░[0m[48;2;63;53;64m[38;2;63;53;64m░[0m[48;2;57;47;59m[38;2;57;47;59m▒[0m[48;2;43;34;46m[38;2;43;34;46m▒[0m[48;2;22;16;28m[38;2;22;16;28m▓[0m[48;2;17;14;21m[38;2;17;14;21m█[0m[48;2;139;136;141m[38;2;139;136;141m*[0m[48;2;230;228;232m[38;2;230;228;232m.[0m                                   
                                              [48;2;137;135;138m[38;2;137;135;138m*[0m[48;2;20;17;24m[38;2;20;17;24m▓[0m[48;2;37;31;50m[38;2;37;31;50m▓[0m[48;2;37;31;52m[38;2;37;31;52m▓[0m[48;2;37;31;52m[38;2;37;31;52m▓[0m[48;2;37;31;52m[38;2;37;31;52m▓[0m[48;2;37;31;52m[38;2;37;31;52m▓[0m[48;2;30;25;41m[38;2;30;25;41m▓[0m[48;2;18;11;41m[38;2;18;11;41m█[0m[48;2;76;65;123m[38;2;76;65;123m@[0m[48;2;84;70;157m[38;2;84;70;157m@[0m[48;2;76;57;167m[38;2;76;57;167m@[0m[48;2;77;61;152m[38;2;77;61;152m@[0m[48;2;18;10;58m[38;2;18;10;58m█[0m[48;2;66;62;73m[38;2;66;62;73m░[0m[48;2;35;22;82m[38;2;35;22;82m▓[0m[48;2;85;67;153m[38;2;85;67;153m@[0m[48;2;63;44;155m[38;2;63;44;155m░[0m[48;2;79;65;149m[38;2;79;65;149m@[0m[48;2;57;46;111m[38;2;57;46;111m░[0m[48;2;33;27;55m[38;2;33;27;55m▓[0m[48;2;10;5;13m[38;2;10;5;13m█[0m[48;2;67;60;70m[38;2;67;60;70m░[0m[48;2;48;41;55m[38;2;48;41;55m▒[0m[48;2;39;31;50m[38;2;39;31;50m▓[0m[48;2;37;31;52m[38;2;37;31;52m▓[0m[48;2;33;27;47m[38;2;33;27;47m▓[0m[48;2;21;17;31m[38;2;21;17;31m▓[0m[48;2;55;53;60m[38;2;55;53;60m▒[0m[48;2;150;149;152m[38;2;150;149;152m+[0m                                  
                                              [48;2;227;227;228m[38;2;227;227;228m.[0m[48;2;19;18;22m[38;2;19;18;22m▓[0m[48;2;35;30;48m[38;2;35;30;48m▓[0m[48;2;37;31;52m[38;2;37;31;52m▓[0m[48;2;37;31;52m[38;2;37;31;52m▓[0m[48;2;37;31;52m[38;2;37;31;52m▓[0m[48;2;37;31;52m[38;2;37;31;52m▓[0m[48;2;37;31;52m[38;2;37;31;52m▓[0m[48;2;31;25;44m[38;2;31;25;44m▓[0m[48;2;22;17;31m[38;2;22;17;31m▓[0m[48;2;27;22;39m[38;2;27;22;39m▓[0m[48;2;34;28;53m[38;2;34;28;53m▓[0m[48;2;51;45;74m[38;2;51;45;74m▒[0m[48;2;24;14;65m[38;2;24;14;65m▓[0m[48;2;68;65;72m[38;2;68;65;72m░[0m[48;2;120;117;125m[38;2;120;117;125m#[0m[48;2;19;14;35m[38;2;19;14;35m█[0m[48;2;59;56;68m[38;2;59;56;68m░[0m[48;2;102;101;107m[38;2;102;101;107m%[0m[48;2;165;165;168m[38;2;165;165;168m=[0m[48;2;233;232;235m[38;2;233;232;235m.[0m[48;2;163;162;164m[38;2;163;162;164m+[0m[48;2;24;22;27m[38;2;24;22;27m▓[0m[48;2;56;51;61m[38;2;56;51;61m▒[0m[48;2;67;60;76m[38;2;67;60;76m░[0m[48;2;40;33;52m[38;2;40;33;52m▒[0m[48;2;37;31;52m[38;2;37;31;52m▓[0m[48;2;37;31;52m[38;2;37;31;52m▓[0m[48;2;36;31;51m[38;2;36;31;51m▓[0m[48;2;27;22;39m[38;2;27;22;39m▓[0m[48;2;32;29;38m[38;2;32;29;38m▓[0m[48;2;150;149;153m[38;2;150;149;153m+[0m                                
                                               [48;2;121;120;124m[38;2;121;120;124m#[0m[48;2;21;17;33m[38;2;21;17;33m▓[0m[48;2;37;31;52m[38;2;37;31;52m▓[0m[48;2;37;31;52m[38;2;37;31;52m▓[0m[48;2;37;31;52m[38;2;37;31;52m▓[0m[48;2;37;31;52m[38;2;37;31;52m▓[0m[48;2;37;31;52m[38;2;37;31;52m▓[0m[48;2;37;31;52m[38;2;37;31;52m▓[0m[48;2;37;31;51m[38;2;37;31;51m▓[0m[48;2;77;72;87m[38;2;77;72;87m@[0m[48;2;17;14;20m[38;2;17;14;20m█[0m[48;2;52;49;53m[38;2;52;49;53m▒[0m[48;2;156;153;157m[38;2;156;153;157m+[0m[48;2;204;201;205m[38;2;204;201;205m:[0m[48;2;192;191;194m[38;2;192;191;194m-[0m[48;2;44;43;48m[38;2;44;43;48m▒[0m[48;2;86;85;88m[38;2;86;85;88m@[0m[48;2;115;115;117m[38;2;115;115;117m#[0m[48;2;212;211;213m[38;2;212;211;213m:[0m [48;2;229;229;229m[38;2;229;229;229m.[0m[48;2;43;40;43m[38;2;43;40;43m▒[0m[48;2;124;121;126m[38;2;124;121;126m#[0m[48;2;35;31;38m[38;2;35;31;38m▓[0m[48;2;58;52;64m[38;2;58;52;64m░[0m[48;2;68;61;78m[38;2;68;61;78m░[0m[48;2;41;36;55m[38;2;41;36;55m▒[0m[48;2;37;31;52m[38;2;37;31;52m▓[0m[48;2;37;31;52m[38;2;37;31;52m▓[0m[48;2;36;31;49m[38;2;36;31;49m▓[0m[48;2;24;19;33m[38;2;24;19;33m▓[0m[48;2;77;76;80m[38;2;77;76;80m@[0m                               