                                                                                                              
                                                                                                              
                                                                                                              
                                                                                                              
                                                                                                              
                                                                                                              
                                                                                                              
                                                                                                              
                                                                                                              
                                                                                                              
                                                                                                              
                                                                                                              
                                                                                                              
                                                 [48;2;222;222;223m[38;2;222;222;223m.[0m[48;2;157;157;158m[38;2;157;157;158m+[0m[48;2;111;111;113m[38;2;111;111;113m#[0m[48;2;80;79;83m[38;2;80;79;83m@[0m[48;2;58;57;62m[38;2;58;57;62m░[0m[48;2;45;43;49m[38;2;45;43;49m▒[0m[48;2;44;43;49m[38;2;44;43;49m▒[0m[48;2;37;35;42m[38;2;37;35;42m▓[0m[48;2;44;43;50m[38;2;44;43;50m▒[0m[48;2;56;54;61m[38;2;56;54;61m░[0m[48;2;89;88;94m[38;2;89;88;94m@[0m[48;2;125;124;129m[38;2;125;124;129m#[0m[48;2;171;170;174m[38;2;171;170;174m=[0m[48;2;224;223;225m[38;2;224;223;225m.[0m                                               
                                               [48;2;156;155;157m[38;2;156;155;157m+[0m[48;2;63;62;67m[38;2;63;62;67m░[0m[48;2;23;21;30m[38;2;23;21;30m▓[0m[48;2;34;32;44m[38;2;34;32;44m▓[0m[48;2;43;40;55m[38;2;43;40;55m▒[0m[48;2;59;56;71m[38;2;59;56;71m░[0m[48;2;47;44;61m[38;2;47;44;61m▒[0m[48;2;63;61;77m[38;2;63;61;77m░[0m[48;2;56;53;69m[38;2;56;53;69m░[0m[48;2;46;43;59m[38;2;46;43;59m▒[0m[48;2;45;42;58m[38;2;45;42;58m▒[0m[48;2;45;42;59m[38;2;45;42;59m▒[0m[48;2;43;41;58m[38;2;43;41;58m▒[0m[48;2;39;37;53m[38;2;39;37;53m▒[0m[48;2;31;30;45m[38;2;31;30;45m▓[0m[48;2;24;21;35m[38;2;24;21;35m▓[0m[48;2;49;47;57m[38;2;49;47;57m▒[0m[48;2;134;133;138m[38;2;134;133;138m*[0m[48;2;237;237;238m[38;2;237;237;238m.[0m                                            
                                             [48;2;161;161;162m[38;2;161;161;162m+[0m[48;2;40;39;44m[38;2;40;39;44m▒[0m[48;2;31;29;40m[38;2;31;29;40m▓[0m[48;2;45;43;57m[38;2;45;43;57m▒[0m[48;2;61;58;73m[38;2;61;58;73m░[0m[48;2;58;56;69m[38;2;58;56;69m░[0m[48;2;46;43;54m[38;2;46;43;54m▒[0m[48;2;47;42;51m[38;2;47;42;51m▒[0m[48;2;54;47;57m[38;2;54;47;57m▒[0m[48;2;63;56;65m[38;2;63;56;65m░[0m[48;2;66;59;67m[38;2;66;59;67m░[0m[48;2;60;53;61m[38;2;60;53;61m░[0m[48;2;50;42;52m[38;2;50;42;52m▒[0m[48;2;34;27;36m[38;2;34;27;36m▓[0m[48;2;24;18;28m[38;2;24;18;28m▓[0m[48;2;31;27;40m[38;2;31;27;40m▓[0m[48;2;42;39;54m[38;2;42;39;54m▒[0m[48;2;46;43;60m[38;2;46;43;60m▒[0m[48;2;44;43;60m[38;2;44;43;60m▒[0m[48;2;35;33;48m[38;2;35;33;48m▓[0m[48;2;31;30;39m[38;2;31;30;39m▓[0m[48;2;151;150;153m[38;2;151;150;153m+[0m                                           
                                           [48;2;220;220;220m[38;2;220;220;220m.[0m[48;2;69;68;70m[38;2;69;68;70m░[0m[48;2;9;7;12m[38;2;9;7;12m█[0m[48;2;26;22;29m[38;2;26;22;29m▓[0m[48;2;38;34;43m[38;2;38;34;43m▓[0m[48;2;55;50;59m[38;2;55;50;59m▒[0m[48;2;49;42;51m[38;2;49;42;51m▒[0m[48;2;76;66;79m[38;2;76;66;79m░[0m[48;2;90;78;90m[38;2;90;78;90m@[0m[48;2;69;57;68m[38;2;69;57;68m░[0m[48;2;72;59;69m[38;2;72;59;69m░[0m[48;2;69;57;67m[38;2;69;57;67m░[0m[48;2;101;84;95m[38;2;101;84;95m@[0m[48;2;160;142;154m[38;2;160;142;154m+[0m[48;2;160;142;154m[38;2;160;142;154m+[0m[48;2;160;142;154m[38;2;160;142;154m+[0m[48;2;153;135;147m[38;2;153;135;147m*[0m[48;2;116;100;112m[38;2;116;100;112m%[0m[48;2;61;49;61m[38;2;61;49;61m▒[0m[48;2;38;31;42m[38;2;38;31;42m▓[0m[48;2;64;59;69m[38;2;64;59;69m░[0m[48;2;65;61;74m[38;2;65;61;74m░[0m[48;2;50;47;60m[38;2;50;47;60m▒[0m[48;2;26;23;34m[38;2;26;23;34m▓[0m[48;2;80;79;81m[38;2;80;79;81m@[0m[48;2;232;232;232m[38;2;232;232;232m.[0m                                         
                                          [48;2;229;228;229m[38;2;229;228;229m.[0m[48;2;31;29;31m[38;2;31;29;31m▓[0m[48;2;54;51;55m[38;2;54;51;55m▒[0m[48;2;90;84;89m[38;2;90;84;89m@[0m[48;2;75;67;73m[38;2;75;67;73m░[0m[48;2;71;62;69m[38;2;71;62;69m░[0m[48;2;149;137;146m[38;2;149;137;146m*[0m[48;2;157;140;152m[38;2;157;140;152m+[0m[48;2;159;140;154m[38;2;159;140;154m+[0m[48;2;159;140;154m[38;2;159;140;154m+[0m[48;2;158;139;153m[38;2;158;139;153m*[0m[48;2;158;139;153m[38;2;158;139;153m*[0m[48;2;157;138;152m[38;2;157;138;152m*[0m[48;2;156;136;150m[38;2;156;136;150m*[0m[48;2;161;140;155m[38;2;161;140;155m+[0m[48;2;159;138;153m[38;2;159;138;153m*[0m[48;2;161;140;155m[38;2;161;140;155m+[0m[48;2;161;140;155m[38;2;161;140;155m+[0m[48;2;137;117;131m[38;2;137;117;131m#[0m[48;2;160;140;154m[38;2;160;140;154m+[0m[48;2;135;118;131m[38;2;135;118;131m#[0m[48;2;54;43;52m[38;2;54;43;52m▒[0m[48;2;24;19;27m[38;2;24;19;27m▓[0m[48;2;34;30;44m[38;2;34;30;44m▓[0m[48;2;14;11;22m[38;2;14;11;22m█[0m[48;2;13;8;19m[38;2;13;8;19m█[0m[48;2;51;48;61m[38;2;51;48;61m▒[0m[48;2;199;199;200m[38;2;199;199;200m-[0m                                        
                                         [48;2;205;205;205m[38;2;205;205;205m:[0m[48;2;51;47;52m[38;2;51;47;52m▒[0m[48;2;117;108;116m[38;2;117;108;116m#[0m[48;2;65;56;62m[38;2;65;56;62m░[0m[48;2;72;61;68m[38;2;72;61;68m░[0m[48;2;136;122;132m[38;2;136;122;132m#[0m[48;2;158;141;153m[38;2;158;141;153m+[0m[48;2;160;141;155m[38;2;160;141;155m+[0m[48;2;161;140;155m[38;2;161;140;155m+[0m[48;2;161;140;155m[38;2;161;140;155m+[0m[48;2;161;140;155m[38;2;161;140;155m+[0m[48;2;161;140;155m[38;2;161;140;155m+[0m[48;2;138;119;133m[38;2;138;119;133m#[0m[48;2;146;127;141m[38;2;146;127;141m*[0m[48;2;160;139;154m[38;2;160;139;154m+[0m[48;2;161;140;155m[38;2;161;140;155m+[0m[48;2;161;140;155m[38;2;161;140;155m+[0m[48;2;161;140;155m[38;2;161;140;155m+[0m[48;2;160;140;154m[38;2;160;140;154m+[0m[48;2;72;54;67m[38;2;72;54;67m░[0m[48;2;101;84;97m[38;2;101;84;97m@[0m[48;2;160;140;155m[38;2;160;140;155m+[0m[48;2;159;139;154m[38;2;159;139;154m+[0m[48;2;84;73;83m[38;2;84;73;83m@[0m[48;2;46;36;64m[38;2;46;36;64m▒[0m[48;2;58;44;96m[38;2;58;44;96m▒[0m[48;2;55;38;87m[38;2;55;38;87m▒[0m[48;2;50;34;78m[38;2;50;34;78m▒[0m[48;2;24;21;25m[38;2;24;21;25m▓[0m[48;2;209;208;209m[38;2;209;208;209m:[0m                                       
                                        [48;2;228;228;229m[38;2;228;228;229m.[0m[48;2;38;34;38m[38;2;38;34;38m▓[0m[48;2;139;126;135m[38;2;139;126;135m*[0m[48;2;157;139;153m[38;2;157;139;153m*[0m[48;2;137;119;132m[38;2;137;119;132m#[0m[48;2;159;141;155m[38;2;159;141;155m+[0m[48;2;160;140;154m[38;2;160;140;154m+[0m[48;2;161;140;155m[38;2;161;140;155m+[0m[48;2;161;140;155m[38;2;161;140;155m+[0m[48;2;161;140;155m[38;2;161;140;155m+[0m[48;2;161;140;155m[38;2;161;140;155m+[0m[48;2;160;139;154m[38;2;160;139;154m+[0m[48;2;154;134;149m[38;2;154;134;149m*[0m[48;2;116;98;112m[38;2;116;98;112m%[0m[48;2;59;44;56m[38;2;59;44;56m▒[0m[48;2;155;135;149m[38;2;155;135;149m*[0m[48;2;159;138;153m[38;2;159;138;153m*[0m[48;2;139;119;134m[38;2;139;119;134m#[0m[48;2;146;126;140m[38;2;146;126;140m*[0m[48;2;160;141;155m[38;2;160;141;155m+[0m[48;2;153;134;148m[38;2;153;134;148m*[0m[48;2;62;46;58m[38;2;62;46;58m▒[0m[48;2;98;82;95m[38;2;98;82;95m@[0m[48;2;159;140;154m[38;2;159;140;154m+[0m[48;2;159;141;155m[38;2;159;141;155m+[0m[48;2;76;62;74m[38;2;76;62;74m░[0m[48;2;66;47;96m[38;2;66;47;96m░[0m[48;2;111;76;169m[38;2;111;76;169m%[0m[48;2;67;46;93m[38;2;67;46;93m░[0m[48;2;26;18;40m[38;2;26;18;40m▓[0m[48;2;48;46;49m[38;2;48;46;49m▒[0m                                       
                                        [48;2;77;76;78m[38;2;77;76;78m@[0m[48;2;111;102;109m[38;2;111;102;109m%[0m[48;2;128;112;123m[38;2;128;112;123m#[0m[48;2;143;124;137m[38;2;143;124;137m*[0m[48;2;161;142;156m[38;2;161;142;156m+[0m[48;2;91;75;87m[38;2;91;75;87m@[0m[48;2;126;111;123m[38;2;126;111;123m#[0m[48;2;78;63;75m[38;2;78;63;75m░[0m[48;2;151;133;146m[38;2;151;133;146m*[0m[48;2;161;141;155m[38;2;161;141;155m+[0m[48;2;162;141;156m[38;2;162;141;156m+[0m[48;2;129;110;124m[38;2;129;110;124m#[0m[48;2;57;42;55m[38;2;57;42;55m▒[0m[48;2;152;136;149m[38;2;152;136;149m*[0m[48;2;66;52;64m[38;2;66;52;64m░[0m[48;2;40;29;38m[38;2;40;29;38m▓[0m[48;2;111;96;107m[38;2;111;96;107m%[0m[48;2;129;112;125m[38;2;129;112;125m#[0m[48;2;49;32;45m[38;2;49;32;45m▒[0m[48;2;124;109;121m[38;2;124;109;121m#[0m[48;2;161;141;155m[38;2;161;141;155m+[0m[48;2;156;138;152m[38;2;156;138;152m*[0m[48;2;80;67;77m[38;2;80;67;77m░[0m[48;2;69;56;67m[38;2;69;56;67m░[0m[48;2;152;135;148m[38;2;152;135;148m*[0m[48;2;157;139;153m[38;2;157;139;153m*[0m[48;2;72;61;71m[38;2;72;61;71m░[0m[48;2;39;26;53m[38;2;39;26;53m▓[0m[48;2;7;1;11m[38;2;7;1;11m█[0m[48;2;14;10;19m[38;2;14;10;19m█[0m[48;2;18;15;20m[38;2;18;15;20m█[0m[48;2;164;163;164m[38;2;164;163;164m+[0m                                      
                                       [48;2;202;202;202m[38;2;202;202;202m:[0m[48;2;44;39;43m[38;2;44;39;43m▒[0m[48;2;154;142;152m[38;2;154;142;152m+[0m[48;2;40;29;38m[38;2;40;29;38m▓[0m[48;2;138;126;134m[38;2;138;126;134m*[0m[48;2;127;111;123m[38;2;127;111;123m#[0m[48;2;27;16;24m[38;2;27;16;24m▓[0m[48;2;124;111;121m[38;2;124;111;121m#[0m[48;2;33;22;31m[38;2;33;22;31m▓[0m[48;2;157;140;153m[38;2;157;140;153m+[0m[48;2;160;141;155m[38;2;160;141;155m+[0m[48;2;160;141;155m[38;2;160;141;155m+[0m[48;2;149;132;145m[38;2;149;132;145m*[0m[48;2;20;8;19m[38;2;20;8;19m█[0m[48;2;82;72;83m[38;2;82;72;83m@[0m[48;2;143;132;144m[38;2;143;132;144m*[0m[48;2;42;35;43m[38;2;42;35;43m▒[0m[48;2;89;81;89m[38;2;89;81;89m@[0m[48;2;83;75;83m[38;2;83;75;83m@[0m[48;2;61;53;60m[38;2;61;53;60m░[0m[48;2;22;14;21m[38;2;22;14;21m█[0m[48;2;82;70;79m[38;2;82;70;79m@[0m[48;2;142;128;137m[38;2;142;128;137m*[0m[48;2;158;144;154m[38;2;158;144;154m+[0m[48;2;121;108;117m[38;2;121;108;117m#[0m[48;2;51;39;49m[38;2;51;39;49m▒[0m[48;2;108;94;105m[38;2;108;94;105m%[0m[48;2;155;140;152m[38;2;155;140;152m*[0m[48;2;101;89;100m[38;2;101;89;100m%[0m[48;2;30;21;30m[38;2;30;21;30m▓[0m[48;2;27;20;27m[38;2;27;20;27m▓[0m[48;2;16;10;17m[38;2;16;10;17m█[0m[48;2;121;118;123m[38;2;121;118;123m#[0m                                      
                                       [48;2;124;124;124m[38;2;124;124;124m#[0m[48;2;96;87;93m[38;2;96;87;93m@[0m[48;2;147;134;144m[38;2;147;134;144m*[0m[48;2;26;16;24m[38;2;26;16;24m▓[0m[48;2;65;54;63m[38;2;65;54;63m░[0m[48;2;78;68;77m[38;2;78;68;77m░[0m[48;2;35;25;33m[38;2;35;25;33m▓[0m[48;2;105;94;103m[38;2;105;94;103m%[0m[48;2;14;4;12m[38;2;14;4;12m█[0m[48;2;48;36;46m[38;2;48;36;46m▒[0m[48;2;97;82;94m[38;2;97;82;94m@[0m[48;2;158;142;154m[38;2;158;142;154m+[0m[48;2;158;142;154m[38;2;158;142;154m+[0m[48;2;85;72;83m[38;2;85;72;83m@[0m[48;2;17;9;17m[38;2;17;9;17m█[0m[48;2;51;44;53m[38;2;51;44;53m▒[0m[48;2;77;69;80m[38;2;77;69;80m░[0m[48;2;19;9;28m[38;2;19;9;28m█[0m[48;2;54;43;67m[38;2;54;43;67m▒[0m[48;2;72;66;72m[38;2;72;66;72m░[0m[48;2;28;22;28m[38;2;28;22;28m▓[0m[48;2;11;6;11m[38;2;11;6;11m█[0m[48;2;58;52;57m[38;2;58;52;57m▒[0m[48;2;63;54;61m[38;2;63;54;61m░[0m[48;2;82;70;79m[38;2;82;70;79m@[0m[48;2;104;92;102m[38;2;104;92;102m%[0m[48;2;65;55;63m[38;2;65;55;63m░[0m[48;2;42;31;40m[38;2;42;31;40m▓[0m[48;2;67;57;65m[38;2;67;57;65m░[0m[48;2;62;52;60m[38;2;62;52;60m░[0m[48;2;18;8;15m[38;2;18;8;15m█[0m[48;2;48;39;47m[38;2;48;39;47m▒[0m[48;2;71;64;71m[38;2;71;64;71m░[0m[48;2;85;81;85m[38;2;85;81;85m@[0m[48;2;177;176;178m[38;2;177;176;178m=[0m                                    
                                       [48;2;72;71;71m[38;2;72;71;71m░[0m[48;2;128;117;123m[38;2;128;117;123m#[0m[48;2;144;129;139m[38;2;144;129;139m*[0m[48;2;10;1;8m[38;2;10;1;8m█[0m[48;2;27;19;27m[38;2;27;19;27m▓[0m[48;2;161;154;161m[38;2;161;154;161m+[0m[48;2;32;24;32m[38;2;32;24;32m▓[0m[48;2;51;41;54m[38;2;51;41;54m▒[0m[48;2;42;31;46m[38;2;42;31;46m▓[0m[48;2;15;5;24m[38;2;15;5;24m█[0m[48;2;15;7;17m[38;2;15;7;17m█[0m[48;2;65;54;60m[38;2;65;54;60m░[0m[48;2;83;71;76m[38;2;83;71;76m@[0m[48;2;97;86;90m[38;2;97;86;90m@[0m[48;2;115;105;110m[38;2;115;105;110m%[0m[48;2;21;12;21m[38;2;21;12;21m█[0m[48;2;74;45;132m[38;2;74;45;132m░[0m[48;2;84;45;152m[38;2;84;45;152m░[0m[48;2;78;42;137m[38;2;78;42;137m░[0m[48;2;71;61;71m[38;2;71;61;71m░[0m[48;2;173;164;165m[38;2;173;164;165m=[0m[48;2;142;134;134m[38;2;142;134;134m*[0m[48;2;62;52;56m[38;2;62;52;56m░[0m[48;2;149;136;146m[38;2;149;136;146m*[0m[48;2;142;128;139m[38;2;142;128;139m*[0m[48;2;115;102;113m[38;2;115;102;113m%[0m[48;2;27;17;25m[38;2;27;17;25m▓[0m[48;2;63;53;62m[38;2;63;53;62m░[0m[48;2;88;77;86m[38;2;88;77;86m@[0m[48;2;95;84;93m[38;2;95;84;93m@[0m[48;2;146;133;143m[38;2;146;133;143m*[0m[48;2;156;141;151m[38;2;156;141;151m+[0m[48;2;158;143;153m[38;2;158;143;153m+[0m[48;2;150;134;145m[38;2;150;134;145m*[0m[48;2;103;89;99m[38;2;103;89;99m%[0m[48;2;65;57;63m[38;2;65;57;63m░[0m[48;2;127;125;127m[38;2;127;125;127m#[0m[48;2;230;230;230m[38;2;230;230;230m.[0m                                 
                                       [48;2;72;71;72m[38;2;72;71;72m░[0m[48;2;127;117;124m[38;2;127;117;124m#[0m[48;2;154;139;149m[38;2;154;139;149m*[0m[48;2;17;10;15m[38;2;17;10;15m█[0m[48;2;96;89;94m[38;2;96;89;94m%[0m[48;2;175;168;172m[38;2;175;168;172m=[0m[48;2;39;31;37m[38;2;39;31;37m▓[0m[48;2;68;40;131m[38;2;68;40;131m░[0m[48;2;79;39;155m[38;2;79;39;155m░[0m[48;2;79;38;152m[38;2;79;38;152m░[0m[48;2;31;18;43m[38;2;31;18;43m▓[0m[48;2;235;224;226m[38;2;235;224;226m.[0m[48;2;245;233;231m[38;2;245;233;231m.[0m[48;2;245;233;229m[38;2;245;233;229m.[0m[48;2;246;233;230m[38;2;246;233;230m.[0m[48;2;112;99;100m[38;2;112;99;100m%[0m[48;2;128;104;131m[38;2;128;104;131m#[0m[48;2;211;162;219m[38;2;211;162;219m-[0m[48;2;201;149;209m[38;2;201;149;209m=[0m[48;2;48;32;47m[38;2;48;32;47m▒[0m[48;2;247;234;231m[38;2;247;234;231m.[0m[48;2;249;234;227m[38;2;249;234;227m.[0m[48;2;173;157;152m[38;2;173;157;152m+[0m[48;2;56;45;51m[38;2;56;45;51m▒[0m[48;2;140;125;136m[38;2;140;125;136m*[0m[48;2;158;142;155m[38;2;158;142;155m+[0m[48;2;142;126;139m[38;2;142;126;139m*[0m[48;2;59;47;57m[38;2;59;47;57m▒[0m[48;2;83;72;81m[38;2;83;72;81m@[0m[48;2;147;133;144m[38;2;147;133;144m*[0m[48;2;158;142;153m[38;2;158;142;153m+[0m[48;2;159;141;152m[38;2;159;141;152m+[0m[48;2;159;141;153m[38;2;159;141;153m+[0m[48;2;160;140;155m[38;2;160;140;155m+[0m[48;2;161;140;155m[38;2;161;140;155m+[0m[48;2;160;140;155m[38;2;160;140;155m+[0m[48;2;126;113;124m[38;2;126;113;124m#[0m[48;2;60;55;60m[38;2;60;55;60m░[0m[48;2;118;116;118m[38;2;118;116;118m#[0m                                
                                       [48;2;149;148;149m[38;2;149;148;149m+[0m[48;2;79;70;77m[38;2;79;70;77m@[0m[48;2;159;143;154m[38;2;159;143;154m+[0m[48;2;73;63;71m[38;2;73;63;71m░[0m[48;2;55;47;52m[38;2;55;47;52m▒[0m[48;2;242;234;234m[38;2;242;234;234m.[0m[48;2;126;115;117m[38;2;126;115;117m#[0m[48;2;113;93;121m[38;2;113;93;121m%[0m[48;2;210;165;215m[38;2;210;165;215m-[0m[48;2;206;155;217m[38;2;206;155;217m=[0m[48;2;48;30;52m[38;2;48;30;52m▒[0m[48;2;225;213;212m[38;2;225;213;212m:[0m[48;2;251;236;232m[38;2;251;236;232m [0m[48;2;251;235;232m[38;2;251;235;232m [0m[48;2;251;235;231m[38;2;251;235;231m [0m[48;2;242;226;222m[38;2;242;226;222m.[0m[48;2;128;116;116m[38;2;128;116;116m#[0m[48;2;95;81;86m[38;2;95;81;86m@[0m[48;2;93;78;86m[38;2;93;78;86m@[0m[48;2;177;165;167m[38;2;177;165;167m=[0m[48;2;241;223;217m[38;2;241;223;217m.[0m[48;2;238;201;192m[38;2;238;201;192m:[0m[48;2;239;205;195m[38;2;239;205;195m:[0m[48;2;213;199;197m[38;2;213;199;197m:[0m[48;2;73;62;66m[38;2;73;62;66m░[0m[48;2;98;86;96m[38;2;98;86;96m@[0m[48;2;154;138;151m[38;2;154;138;151m*[0m[48;2;156;140;153m[38;2;156;140;153m*[0m[48;2;114;100;111m[38;2;114;100;111m%[0m[48;2;65;54;64m[38;2;65;54;64m░[0m[48;2;68;57;66m[38;2;68;57;66m░[0m[48;2;104;91;100m[38;2;104;91;100m%[0m[48;2;130;116;126m[38;2;130;116;126m#[0m[48;2;144;128;140m[38;2;144;128;140m*[0m[48;2;145;130;142m[38;2;145;130;142m*[0m[48;2;141;125;137m[38;2;141;125;137m*[0m[48;2;124;109;121m[38;2;124;109;121m#[0m[48;2;156;143;153m[38;2;156;143;153m+[0m[48;2;89;79;87m[38;2;89;79;87m@[0m[48;2;118;115;117m[38;2;118;115;117m#[0m                               
                                       [48;2;238;238;238m[38;2;238;238;238m [0m[48;2;45;40;43m[38;2;45;40;43m▒[0m[48;2;138;125;134m[38;2;138;125;134m*[0m[48;2;153;137;148m[38;2;153;137;148m*[0m[48;2;58;47;55m[38;2;58;47;55m▒[0m[48;2;167;158;161m[38;2;167;158;161m+[0m[48;2;233;218;218m[38;2;233;218;218m.[0m[48;2;83;70;76m[38;2;83;70;76m@[0m[48;2;107;81;105m[38;2;107;81;105m%[0m[48;2;98;72;98m[38;2;98;72;98m@[0m[48;2;112;98;107m[38;2;112;98;107m%[0m[48;2;248;235;231m[38;2;248;235;231m [0m[48;2;251;235;231m[38;2;251;235;231m [0m[48;2;144;128;125m[38;2;144;128;125m*[0m[48;2;151;136;134m[38;2;151;136;134m*[0m[48;2;250;235;230m[38;2;250;235;230m [0m[48;2;251;235;231m[38;2;251;235;231m [0m[48;2;251;236;230m[38;2;251;236;230m [0m[48;2;250;236;228m[38;2;250;236;228m [0m[48;2;250;235;227m[38;2;250;235;227m [0m[48;2;249;233;225m[38;2;249;233;225m.[0m[48;2;250;232;225m[38;2;250;232;225m.[0m[48;2;251;232;227m[38;2;251;232;227m.[0m[48;2;250;234;230m[38;2;250;234;230m [0m[48;2;146;134;134m[38;2;146;134;134m*[0m[48;2;48;40;45m[38;2;48;40;45m▒[0m[48;2;57;48;55m[38;2;57;48;55m▒[0m[48;2;72;63;72m[38;2;72;63;72m░[0m[48;2;29;20;28m[38;2;29;20;28m▓[0m[48;2;82;72;80m[38;2;82;72;80m@[0m[48;2;106;96;105m[38;2;106;96;105m%[0m[48;2;80;72;80m[38;2;80;72;80m@[0m[48;2;46;39;45m[38;2;46;39;45m▒[0m[48;2;20;14;20m[38;2;20;14;20m█[0m[48;2;10;3;10m[38;2;10;3;10m█[0m[48;2;43;35;42m[38;2;43;35;42m▒[0m[48;2;110;98;107m[38;2;110;98;107m%[0m[48;2;157;143;153m[38;2;157;143;153m+[0m[48;2;154;140;150m[38;2;154;140;150m*[0m[48;2;39;31;37m[38;2;39;31;37m▓[0m[48;2;226;224;226m[38;2;226;224;226m.[0m                              
                                        [48;2;68;66;67m[38;2;68;66;67m░[0m[48;2;30;24;28m[38;2;30;24;28m▓[0m[48;2;93;82;90m[38;2;93;82;90m@[0m[48;2;127;115;124m[38;2;127;115;124m#[0m[48;2;64;54;61m[38;2;64;54;61m░[0m[48;2;90;79;82m[38;2;90;79;82m@[0m[48;2;211;199;198m[38;2;211;199;198m:[0m[48;2;222;209;206m[38;2;222;209;206m:[0m[48;2;230;216;213m[38;2;230;216;213m.[0m[48;2;249;234;229m[38;2;249;234;229m [0m[48;2;250;234;227m[38;2;250;234;227m [0m[48;2;250;235;226m[38;2;250;235;226m [0m[48;2;250;234;227m[38;2;250;234;227m [0m[48;2;251;235;230m[38;2;251;235;230m [0m[48;2;251;235;229m[38;2;251;235;229m [0m[48;2;250;234;228m[38;2;250;234;228m [0m[48;2;250;234;228m[38;2;250;234;228m [0m[48;2;250;234;227m[38;2;250;234;227m [0m[48;2;250;235;227m[38;2;250;235;227m [0m[48;2;250;235;227m[38;2;250;235;227m [0m[48;2;250;235;227m[38;2;250;235;227m [0m[48;2;232;217;212m[38;2;232;217;212m.[0m[48;2;138;125;124m[38;2;138;125;124m*[0m[48;2;62;51;54m[38;2;62;51;54m▒[0m[48;2;141;130;137m[38;2;141;130;137m*[0m[48;2;126;115;123m[38;2;126;115;123m#[0m[48;2;85;75;84m[38;2;85;75;84m@[0m[48;2;26;19;25m[38;2;26;19;25m▓[0m[48;2;5;0;5m[38;2;5;0;5m█[0m[48;2;14;11;15m[38;2;14;11;15m█[0m[48;2;26;20;25m[38;2;26;20;25m▓[0m[48;2;11;6;9m[38;2;11;6;9m█[0m[48;2;50;43;47m[38;2;50;43;47m▒[0m[48;2;65;57;62m[38;2;65;57;62m░[0m[48;2;108;97;105m[38;2;108;97;105m%[0m[48;2;158;142;154m[38;2;158;142;154m+[0m[48;2;160;140;154m[38;2;160;140;154m+[0m[48;2;160;141;154m[38;2;160;141;154m+[0m[48;2;78;66;74m[38;2;78;66;74m░[0m[48;2;159;156;159m[38;2;159;156;159m+[0m                              
                                        [48;2;51;50;50m[38;2;51;50;50m▒[0m[48;2;50;46;48m[38;2;50;46;48m▒[0m[48;2;60;56;57m[38;2;60;56;57m░[0m[48;2;137;130;132m[38;2;137;130;132m*[0m[48;2;126;119;122m[38;2;126;119;122m#[0m[48;2;128;120;122m[38;2;128;120;122m#[0m[48;2;176;164;162m[38;2;176;164;162m=[0m[48;2;250;235;230m[38;2;250;235;230m [0m[48;2;250;234;228m[38;2;250;234;228m [0m[48;2;250;234;228m[38;2;250;234;228m [0m[48;2;250;234;227m[38;2;250;234;227m [0m[48;2;250;235;228m[38;2;250;235;228m [0m[48;2;252;236;230m[38;2;252;236;230m [0m[48;2;251;236;230m[38;2;251;236;230m [0m[48;2;245;230;226m[38;2;245;230;226m.[0m[48;2;222;208;203m[38;2;222;208;203m:[0m[48;2;188;175;171m[38;2;188;175;171m=[0m[48;2;154;144;142m[38;2;154;144;142m+[0m[48;2;123;114;112m[38;2;123;114;112m#[0m[48;2;81;73;73m[38;2;81;73;73m@[0m[48;2;42;34;37m[38;2;42;34;37m▒[0m[48;2;15;9;12m[38;2;15;9;12m█[0m[48;2;8;3;6m[38;2;8;3;6m█[0m[48;2;26;20;24m[38;2;26;20;24m▓[0m[48;2;97;90;95m[38;2;97;90;95m%[0m[48;2;28;23;29m[38;2;28;23;29m▓[0m[48;2;14;9;16m[38;2;14;9;16m█[0m[48;2;23;19;30m[38;2;23;19;30m▓[0m[48;2;34;31;38m[38;2;34;31;38m▓[0m[48;2;228;225;229m[38;2;228;225;229m.[0m[48;2;216;212;215m[38;2;216;212;215m:[0m[48;2;54;50;51m[38;2;54;50;51m▒[0m[48;2;190;182;183m[38;2;190;182;183m-[0m[48;2;97;87;90m[38;2;97;87;90m@[0m[48;2;80;68;75m[38;2;80;68;75m░[0m[48;2;159;142;154m[38;2;159;142;154m+[0m[48;2;161;140;155m[38;2;161;140;155m+[0m[48;2;161;140;155m[38;2;161;140;155m+[0m[48;2;80;67;75m[38;2;80;67;75m░[0m[48;2;158;155;158m[38;2;158;155;158m+[0m                              
                                        [48;2;239;239;239m[38;2;239;239;239m [0m[48;2;214;213;214m[38;2;214;213;214m:[0m[48;2;79;77;78m[38;2;79;77;78m@[0m[48;2;59;55;56m[38;2;59;55;56m░[0m[48;2;117;112;113m[38;2;117;112;113m#[0m[48;2;130;125;125m[38;2;130;125;125m#[0m[48;2;132;125;125m[38;2;132;125;125m#[0m[48;2;128;121;121m[38;2;128;121;121m#[0m[48;2;121;113;112m[38;2;121;113;112m#[0m[48;2;114;106;106m[38;2;114;106;106m%[0m[48;2;105;97;97m[38;2;105;97;97m%[0m[48;2;91;83;83m[38;2;91;83;83m@[0m[48;2;92;84;84m[38;2;92;84;84m@[0m[48;2;65;59;59m[38;2;65;59;59m░[0m[48;2;90;82;84m[38;2;90;82;84m@[0m[48;2;96;91;94m[38;2;96;91;94m%[0m[48;2;12;9;11m[38;2;12;9;11m█[0m[48;2;33;29;31m[38;2;33;29;31m▓[0m[48;2;38;34;36m[38;2;38;34;36m▓[0m[48;2;21;17;21m[38;2;21;17;21m▓[0m[48;2;37;33;38m[38;2;37;33;38m▓[0m[48;2;22;18;23m[38;2;22;18;23m▓[0m[48;2;12;10;16m[38;2;12;10;16m█[0m[48;2;14;12;17m[38;2;14;12;17m█[0m[48;2;17;14;21m[38;2;17;14;21m█[0m[48;2;28;23;35m[38;2;28;23;35m▓[0m[48;2;35;30;46m[38;2;35;30;46m▓[0m[48;2;22;18;32m[38;2;22;18;32m▓[0m[48;2;129;126;135m[38;2;129;126;135m#[0m[48;2;243;240;243m[38;2;243;240;243m [0m[48;2;217;215;216m[38;2;217;215;216m:[0m[48;2;19;17;18m[38;2;19;17;18m█[0m[48;2;125;122;124m[38;2;125;122;124m#[0m[48;2;53;48;52m[38;2;53;48;52m▒[0m[48;2;102;94;100m[38;2;102;94;100m%[0m[48;2;143;128;138m[38;2;143;128;138m*[0m[48;2;160;141;155m[38;2;160;141;155m+[0m[48;2;148;130;143m[38;2;148;130;143m*[0m[48;2;45;35;43m[38;2;45;35;43m▒[0m[48;2;229;226;228m[38;2;229;226;228m.[0m                              
                                    [48;2;226;226;226m[38;2;226;226;226m.[0m[48;2;78;78;78m[38;2;78;78;78m@[0m[48;2;69;69;70m[38;2;69;69;70m░[0m[48;2;37;37;37m[38;2;37;37;37m▒[0m[48;2;22;21;27m[38;2;22;21;27m▓[0m[48;2;22;20;27m[38;2;22;20;27m▓[0m[48;2;11;8;16m[38;2;11;8;16m█[0m[48;2;35;32;40m[38;2;35;32;40m▓[0m[48;2;27;25;29m[38;2;27;25;29m▓[0m[48;2;18;16;20m[38;2;18;16;20m█[0m[48;2;54;50;54m[38;2;54;50;54m▒[0m[48;2;4;2;3m[38;2;4;2;3m█[0m[48;2;33;31;33m[38;2;33;31;33m▓[0m[48;2;32;26;30m[38;2;32;26;30m▓[0m[48;2;51;45;50m[38;2;51;45;50m▒[0m[48;2;23;19;24m[38;2;23;19;24m▓[0m[48;2;42;39;44m[38;2;42;39;44m▒[0m[48;2;133;130;134m[38;2;133;130;134m*[0m[48;2;60;58;63m[38;2;60;58;63m░[0m[48;2;10;7;11m[38;2;10;7;11m█[0m[48;2;32;29;33m[38;2;32;29;33m▓[0m[48;2;51;48;51m[38;2;51;48;51m▒[0m[48;2;18;15;18m[38;2;18;15;18m█[0m[48;2;33;29;30m[38;2;33;29;30m▓[0m[48;2;95;91;86m[38;2;95;91;86m%[0m[48;2;69;65;62m[38;2;69;65;62m░[0m[48;2;33;29;43m[38;2;33;29;43m▓[0m[48;2;9;6;16m[38;2;9;6;16m█[0m[48;2;4;1;9m[38;2;4;1;9m█[0m[48;2;23;19;32m[38;2;23;19;32m▓[0m[48;2;35;30;46m[38;2;35;30;46m▓[0m[48;2;17;12;28m[38;2;17;12;28m█[0m[48;2;187;183;190m[38;2;187;183;190m-[0m[48;2;242;239;242m[38;2;242;239;242m [0m[48;2;241;239;240m[38;2;241;239;240m [0m[48;2;57;55;56m[38;2;57;55;56m░[0m[48;2;167;165;166m[38;2;167;165;166m=[0m[48;2;75;73;74m[38;2;75;73;74m@[0m[48;2;58;52;56m[38;2;58;52;56m▒[0m[48;2;144;133;141m[38;2;144;133;141m*[0m[48;2;149;134;144m[38;2;149;134;144m*[0m[48;2;58;47;56m[38;2;58;47;56m▒[0m[48;2;177;172;178m[38;2;177;172;178m=[0m                               
                                   [48;2;103;102;103m[38;2;103;102;103m%[0m[48;2;73;71;72m[38;2;73;71;72m░[0m[48;2;78;77;77m[38;2;78;77;77m@[0m[48;2;214;213;214m[38;2;214;213;214m:[0m[48;2;16;15;17m[38;2;16;15;17m█[0m[48;2;35;32;48m[38;2;35;32;48m▓[0m[48;2;37;33;53m[38;2;37;33;53m▓[0m[48;2;37;32;51m[38;2;37;32;51m▓[0m[48;2;34;29;48m[38;2;34;29;48m▓[0m[48;2;28;23;39m[38;2;28;23;39m▓[0m[48;2;8;5;15m[38;2;8;5;15m█[0m[48;2;18;14;23m[38;2;18;14;23m█[0m[48;2;15;12;21m[38;2;15;12;21m█[0m[48;2;19;15;27m[38;2;19;15;27m█[0m[48;2;12;10;17m[38;2;12;10;17m█[0m[48;2;22;19;24m[38;2;22;19;24m▓[0m[48;2;36;33;39m[38;2;36;33;39m▓[0m[48;2;23;20;26m[38;2;23;20;26m▓[0m[48;2;135;132;138m[38;2;135;132;138m*[0m[48;2;13;10;16m[38;2;13;10;16m█[0m[48;2;42;39;43m[38;2;42;39;43m▒[0m[48;2;17;14;19m[38;2;17;14;19m█[0m[48;2;30;28;31m[38;2;30;28;31m▓[0m[48;2;79;76;74m[38;2;79;76;74m@[0m[48;2;102;96;96m[38;2;102;96;96m%[0m[48;2;58;51;54m[38;2;58;51;54m▒[0m[48;2;120;115;108m[38;2;120;115;108m#[0m[48;2;36;29;51m[38;2;36;29;51m▓[0m[48;2;34;28;48m[38;2;34;28;48m▓[0m[48;2;12;8;21m[38;2;12;8;21m█[0m[48;2;10;7;16m[38;2;10;7;16m█[0m[48;2;29;25;35m[38;2;29;25;35m▓[0m[48;2;11;7;16m[38;2;11;7;16m█[0m[48;2;116;111;117m[38;2;116;111;117m#[0m[48;2;164;161;164m[38;2;164;161;164m+[0m[48;2;179;177;180m[38;2;179;177;180m=[0m[48;2;137;134;138m[38;2;137;134;138m*[0m[48;2;50;48;52m[38;2;50;48;52m▒[0m[48;2;39;35;38m[38;2;39;35;38m▓[0m[48;2;144;135;141m[38;2;144;135;141m*[0m[48;2;133;124;130m[38;2;133;124;130m#[0m[48;2;51;43;50m[38;2;51;43;50m▒[0m[48;2;184;179;184m[38;2;184;179;184m=[0m                                
                                  [48;2;236;236;236m[38;2;236;236;236m.[0m[48;2;105;104;104m[38;2;105;104;104m%[0m[48;2;99;98;98m[38;2;99;98;98m%[0m[48;2;45;45;45m[38;2;45;45;45m▒[0m [48;2;113;112;115m[38;2;113;112;115m#[0m[48;2;20;17;30m[38;2;20;17;30m▓[0m[48;2;35;32;50m[38;2;35;32;50m▓[0m[48;2;37;31;52m[38;2;37;31;52m▓[0m[48;2;37;31;52m[38;2;37;31;52m▓[0m[48;2;23;18;35m[38;2;23;18;35m▓[0m[48;2;17;14;26m[38;2;17;14;26m█[0m[48;2;12;9;21m[38;2;12;9;21m█[0m[48;2;26;21;37m[38;2;26;21;37m▓[0m[48;2;35;30;47m[38;2;35;30;47m▓[0m[48;2;7;4;15m[38;2;7;4;15m█[0m[48;2;4;1;8m[38;2;4;1;8m█[0m[48;2;11;7;12m[38;2;11;7;12m█[0m[48;2;6;2;8m[38;2;6;2;8m█[0m[48;2;6;2;10m[38;2;6;2;10m█[0m[48;2;11;6;20m[38;2;11;6;20m█[0m[48;2;77;70;62m[38;2;77;70;62m░[0m[48;2;114;107;88m[38;2;114;107;88m%[0m[48;2;44;39;31m[38;2;44;39;31m▒[0m[48;2;84;79;78m[38;2;84;79;78m@[0m[48;2;91;85;84m[38;2;91;85;84m@[0m[48;2;101;95;92m[38;2;101;95;92m%[0m[48;2;64;56;62m[38;2;64;56;62m░[0m[48;2;37;29;51m[38;2;37;29;51m▓[0m[48;2;37;31;52m[38;2;37;31;52m▓[0m[48;2;36;31;50m[38;2;36;31;50m▓[0m[48;2;20;16;31m[38;2;20;16;31m▓[0m[48;2;45;41;50m[38;2;45;41;50m▒[0m[48;2;71;68;74m[38;2;71;68;74m░[0m[48;2;48;45;51m[38;2;48;45;51m▒[0m[48;2;21;18;24m[38;2;21;18;24m▓[0m[48;2;16;13;18m[38;2;16;13;18m█[0m[48;2;77;71;76m[38;2;77;71;76m@[0m[48;2;98;93;98m[38;2;98;93;98m%[0m[48;2;104;97;104m[38;2;104;97;104m%[0m[48;2;76;66;74m[38;2;76;66;74m░[0m[48;2;99;93;97m[38;2;99;93;97m%[0m[48;2;219;216;219m[38;2;219;216;219m:[0m                                 
                                     [48;2;111;109;110m[38;2;111;109;110m%[0m[48;2;148;147;147m[38;2;148;147;147m+[0m[48;2;241;240;241m[38;2;241;240;241m [0m[48;2;90;88;92m[38;2;90;88;92m@[0m[48;2;22;18;28m[38;2;22;18;28m▓[0m[48;2;36;32;42m[38;2;36;32;42m▓[0m[48;2;32;27;41m[38;2;32;27;41m▓[0m[48;2;15;10;21m[38;2;15;10;21m█[0m[48;2;32;27;37m[38;2;32;27;37m▓[0m[48;2;7;3;14m[38;2;7;3;14m█[0m[48;2;34;29;45m[38;2;34;29;45m▓[0m[48;2;35;30;48m[38;2;35;30;48m▓[0m[48;2;29;24;38m[38;2;29;24;38m▓[0m[48;2;48;39;45m[38;2;48;39;45m▒[0m[48;2;178;169;143m[38;2;178;169;143m=[0m[48;2;125;115;92m[38;2;125;115;92m#[0m[48;2;77;66;51m[38;2;77;66;51m░[0m[48;2;125;111;90m[38;2;125;111;90m#[0m[48;2;210;196;157m[38;2;210;196;157m-[0m[48;2;149;134;109m[38;2;149;134;109m*[0m[48;2;42;33;28m[38;2;42;33;28m▓[0m[48;2;17;11;15m[38;2;17;11;15m█[0m[48;2;43;36;41m[38;2;43;36;41m▒[0m[48;2;41;35;43m[38;2;41;35;43m▒[0m[48;2;26;21;30m[38;2;26;21;30m▓[0m[48;2;15;11;20m[38;2;15;11;20m█[0m[48;2;9;7;14m[38;2;9;7;14m█[0m[48;2;13;10;18m[38;2;13;10;18m█[0m[48;2;15;12;20m[38;2;15;12;20m█[0m[48;2;14;11;18m[38;2;14;11;18m█[0m[48;2;7;4;10m[38;2;7;4;10m█[0m[48;2;27;24;31m[38;2;27;24;31m▓[0m[48;2;25;21;29m[38;2;25;21;29m▓[0m[48;2;127;121;130m[38;2;127;121;130m#[0m[48;2;114;106;113m[38;2;114;106;113m%[0m[48;2;67;59;66m[38;2;67;59;66m░[0m[48;2;109;104;110m[38;2;109;104;110m%[0m[48;2;213;209;213m[38;2;213;209;213m:[0m                                   
                                      [48;2;81;81;81m[38;2;81;81;81m@[0m[48;2;150;149;150m[38;2;150;149;150m+[0m [48;2;121;119;123m[38;2;121;119;123m#[0m[48;2;12;9;14m[38;2;12;9;14m█[0m[48;2;32;29;34m[38;2;32;29;34m▓[0m[48;2;55;51;57m[38;2;55;51;57m▒[0m[48;2;58;53;59m[38;2;58;53;59m░[0m[48;2;15;11;21m[38;2;15;11;21m█[0m[48;2;35;30;45m[38;2;35;30;45m▓[0m[48;2;29;24;40m[38;2;29;24;40m▓[0m[48;2;16;13;24m[38;2;16;13;24m█[0m[48;2;26;21;29m[38;2;26;21;29m▓[0m[48;2;23;15;18m[38;2;23;15;18m█[0m[48;2;69;59;54m[38;2;69;59;54m░[0m[48;2;110;99;87m[38;2;110;99;87m%[0m[48;2;106;93;81m[38;2;106;93;81m%[0m[48;2;25;16;15m[38;2;25;16;15m▓[0m[48;2;11;5;12m[38;2;11;5;12m█[0m[48;2;46;39;45m[38;2;46;39;45m▒[0m[48;2;4;1;6m[38;2;4;1;6m█[0m[48;2;5;2;8m[38;2;5;2;8m█[0m[48;2;18;15;21m[38;2;18;15;21m█[0m[48;2;44;42;48m[38;2;44;42;48m▒[0m[48;2;57;56;62m[38;2;57;56;62m░[0m[48;2;65;64;68m[38;2;65;64;68m░[0m[48;2;67;66;70m[38;2;67;66;70m░[0m[48;2;66;65;69m[38;2;66;65;69m░[0m[48;2;66;66;69m[38;2;66;66;69m░[0m[48;2;66;65;69m[38;2;66;65;69m░[0m[48;2;60;58;62m[38;2;60;58;62m░[0m[48;2;34;31;37m[38;2;34;31;37m▓[0m[48;2;51;47;53m[38;2;51;47;53m▒[0m[48;2;147;143;148m[38;2;147;143;148m*[0m[48;2;235;232;236m[38;2;235;232;236m.[0m                                     
                                       [48;2;149;148;148m[38;2;149;148;148m+[0m[48;2;99;99;99m[38;2;99;99;99m%[0m[48;2;131;129;132m[38;2;131;129;132m*[0m[48;2;193;190;194m[38;2;193;190;194m-[0m[48;2;187;184;188m[38;2;187;184;188m-[0m[48;2;116;112;117m[38;2;116;112;117m#[0m[48;2;29;26;30m[38;2;29;26;30m▓[0m[48;2;22;19;27m[38;2;22;19;27m▓[0m[48;2;21;17;28m[38;2;21;17;28m▓[0m[48;2;32;29;38m[38;2;32;29;38m▓[0m[48;2;69;66;72m[38;2;69;66;72m░[0m[48;2;10;6;12m[38;2;10;6;12m█[0m[48;2;123;119;124m[38;2;123;119;124m#[0m[48;2;83;78;82m[38;2;83;78;82m@[0m[48;2;23;19;22m[38;2;23;19;22m▓[0m[48;2;26;19;33m[38;2;26;19;33m▓[0m[48;2;30;26;37m[38;2;30;26;37m▓[0m[48;2;32;28;35m[38;2;32;28;35m▓[0m[48;2;16;9;39m[38;2;16;9;39m█[0m[48;2;24;14;64m[38;2;24;14;64m▓[0m[48;2;53;44;91m[38;2;53;44;91m▒[0m[48;2;6;2;15m[38;2;6;2;15m█[0m[48;2;28;24;35m[38;2;28;24;35m▓[0m[48;2;37;32;48m[38;2;37;32;48m▓[0m[48;2;35;31;45m[38;2;35;31;45m▓[0m[48;2;33;28;44m[38;2;33;28;44m▓[0m[48;2;32;27;44m[38;2;32;27;44m▓[0m[48;2;32;27;44m[38;2;32;27;44m▓[0m[48;2;32;27;44m[38;2;32;27;44m▓[0m[48;2;32;27;44m[38;2;32;27;44m▓[0m[48;2;30;26;43m[38;2;30;26;43m▓[0m[48;2;21;16;30m[38;2;21;16;30m▓[0m[48;2;65;62;71m[38;2;65;62;71m░[0m[48;2;133;130;137m[38;2;133;130;137m*[0m[48;2;205;203;207m[38;2;205;203;207m:[0m                                    
                                       [48;2;126;126;126m[38;2;126;126;126m#[0m[48;2;60;60;60m[38;2;60;60;60m░[0m[48;2;52;50;53m[38;2;52;50;53m▒[0m[48;2;69;64;69m[38;2;69;64;69m░[0m[48;2;97;92;97m[38;2;97;92;97m%[0m[48;2;138;132;137m[38;2;138;132;137m*[0m[48;2;41;37;42m[38;2;41;37;42m▒[0m[48;2;15;12;18m[38;2;15;12;18m█[0m[48;2;62;59;65m[38;2;62;59;65m░[0m[48;2;59;56;62m[38;2;59;56;62m░[0m[48;2;18;14;21m[38;2;18;14;21m█[0m[48;2;42;39;44m[38;2;42;39;44m▒[0m[48;2;242;240;243m[38;2;242;240;243m [0m [48;2;96;93;99m[38;2;96;93;99m%[0m[48;2;35;20;86m[38;2;35;20;86m▓[0m[48;2;73;49;165m[38;2;73;49;165m░[0m[48;2;45;35;76m[38;2;45;35;76m▒[0m[48;2;13;7;29m[38;2;13;7;29m█[0m[48;2;34;24;76m[38;2;34;24;76m▓[0m[48;2;80;69;119m[38;2;80;69;119m@[0m[48;2;32;26;47m[38;2;32;26;47m▓[0m[48;2;15;11;22m[38;2;15;11;22m█[0m[48;2;36;31;48m[38;2;36;31;48m▓[0m[48;2;37;32;50m[38;2;37;32;50m▓[0m[48;2;37;31;51m[38;2;37;31;51m▓[0m[48;2;37;31;52m[38;2;37;31;52m▓[0m[48;2;37;31;52m[38;2;37;31;52m▓[0m[48;2;37;31;52m[38;2;37;31;52m▓[0m[48;2;37;31;52m[38;2;37;31;52m▓[0m[48;2;37;31;52m[38;2;37;31;52m▓[0m[48;2;37;31;52m[38;2;37;31;52m▓[0m[48;2;36;31;50m[38;2;36;31;50m▓[0m[48;2;30;25;43m[38;2;30;25;43m▓[0m[48;2;20;16;30m[38;2;20;16;30m▓[0m[48;2;42;39;48m[38;2;42;39;48m▒[0m[48;2;117;115;120m[38;2;117;115;120m#[0m[48;2;208;208;209m[38;2;208;208;209m:[0m                                 
                                        [48;2;187;187;187m[38;2;187;187;187m-[0m[48;2;140;139;141m[38;2;140;139;141m*[0m[48;2;110;107;110m[38;2;110;107;110m%[0m[48;2;95;92;95m[38;2;95;92;95m%[0m[48;2;66;61;65m[38;2;66;61;65m░[0m[48;2;25;19;25m[38;2;25;19;25m▓[0m[48;2;73;70;76m[38;2;73;70;76m░[0m[48;2;30;27;34m[38;2;30;27;34m▓[0m[48;2;29;24;38m[38;2;29;24;38m▓[0m[48;2;26;21;34m[38;2;26;21;34m▓[0m[48;2;107;104;109m[38;2;107;104;109m%[0m  [48;2;238;237;237m[38;2;238;237;237m.[0m[48;2;85;82;86m[38;2;85;82;86m@[0m[48;2;68;58;89m[38;2;68;58;89m░[0m[48;2;55;47;70m[38;2;55;47;70m▒[0m[48;2;13;7;25m[38;2;13;7;25m█[0m[48;2;46;27;123m[38;2;46;27;123m▒[0m[48;2;55;42;98m[38;2;55;42;98m▒[0m[48;2;36;30;45m[38;2;36;30;45m▓[0m[48;2;142;139;145m[38;2;142;139;145m*[0m[48;2;66;62;71m[38;2;66;62;71m░[0m[48;2;22;18;30m[38;2;22;18;30m▓[0m[48;2;31;27;41m[38;2;31;27;41m▓[0m[48;2;37;32;49m[38;2;37;32;49m▓[0m[48;2;37;32;50m[38;2;37;32;50m▓[0m[48;2;37;31;51m[38;2;37;31;51m▓[0m[48;2;37;31;52m[38;2;37;31;52m▓[0m[48;2;37;31;52m[38;2;37;31;52m▓[0m[48;2;37;31;52m[38;2;37;31;52m▓[0m[48;2;37;31;52m[38;2;37;31;52m▓[0m[48;2;37;31;52m[38;2;37;31;52m▓[0m[48;2;37;31;52m[38;2;37;31;52m▓[0m[48;2;37;31;52m[38;2;37;31;52m▓[0m[48;2;32;26;44m[38;2;32;26;44m▓[0m[48;2;22;17;32m[38;2;22;17;32m▓[0m[48;2;63;60;68m[38;2;63;60;68m░[0m[48;2;166;164;167m[38;2;166;164;167m=[0m                               
                                            [48;2;185;185;185m[38;2;185;185;185m-[0m[48;2;17;13;19m[38;2;17;13;19m█[0m[48;2;22;18;27m[38;2;22;18;27m▓[0m[48;2;35;30;46m[38;2;35;30;46m▓[0m[48;2;36;30;52m[38;2;36;30;52m▓[0m[48;2;18;14;29m[38;2;18;14;29m█[0m[48;2;153;150;155m[38;2;153;150;155m+[0m    [48;2;211;210;211m[38;2;211;210;211m:[0m[48;2;237;236;237m[38;2;237;236;237m.[0m[48;2;178;177;178m[38;2;178;177;178m=[0m[48;2;67;63;73m[38;2;67;63;73m░[0m[48;2;62;53;82m[38;2;62;53;82m░[0m[48;2;79;75;85m[38;2;79;75;85m@[0m[48;2;237;234;239m[38;2;237;234;239m.[0m [48;2;207;206;208m[38;2;207;206;208m:[0m[48;2;125;124;126m[38;2;125;124;126m#[0m[48;2;43;40;47m[38;2;43;40;47m▒[0m[48;2;19;15;25m[38;2;19;15;25m█[0m[48;2;29;24;37m[38;2;29;24;37m▓[0m[48;2;35;30;47m[38;2;35;30;47m▓[0m[48;2;37;31;51m[38;2;37;31;51m▓[0m[48;2;37;31;52m[38;2;37;31;52m▓[0m[48;2;37;31;52m[38;2;37;31;52m▓[0m[48;2;37;31;52m[38;2;37;31;52m▓[0m[48;2;37;31;52m[38;2;37;31;52m▓[0m[48;2;37;31;52m[38;2;37;31;52m▓[0m[48;2;37;31;52m[38;2;37;31;52m▓[0m[48;2;37;31;52m[38;2;37;31;52m▓[0m[48;2;36;30;50m[38;2;36;30;50m▓[0m[48;2;25;20;36m[38;2;25;20;36m▓[0m[48;2;43;39;50m[38;2;43;39;50m▒[0m[48;2;163;161;165m[38;2;163;161;165m+[0m                             
                                            [48;2;183;183;184m[38;2;183;183;184m-[0m[48;2;15;11;18m[38;2;15;11;18m█[0m[48;2;36;32;47m[38;2;36;32;47m▓[0m[48;2;37;32;51m[38;2;37;32;51m▓[0m[48;2;37;31;52m[38;2;37;31;52m▓[0m[48;2;14;10;24m[38;2;14;10;24m█[0m[48;2;190;187;192m[38;2;190;187;192m-[0m        [48;2;202;201;202m[38;2;202;201;202m:[0m[48;2;237;237;238m[38;2;237;237;238m.[0m   [48;2;150;150;150m[38;2;150;150;150m+[0m[48;2;72;70;73m[38;2;72;70;73m░[0m[48;2;119;117;121m[38;2;119;117;121m#[0m[48;2;17;16;21m[38;2;17;16;21m█[0m[48;2;13;7;34m[38;2;13;7;34m█[0m[48;2;17;10;48m[38;2;17;10;48m█[0m[48;2;21;17;34m[38;2;21;17;34m▓[0m[48;2;31;26;44m[38;2;31;26;44m▓[0m[48;2;37;31;51m[38;2;37;31;51m▓[0m[48;2;37;31;52m[38;2;37;31;52m▓[0m[48;2;37;31;52m[38;2;37;31;52m▓[0m[48;2;37;31;52m[38;2;37;31;52m▓[0m[48;2;37;31;52m[38;2;37;31;52m▓[0m[48;2;37;31;52m[38;2;37;31;52m▓[0m[48;2;37;31;52m[38;2;37;31;52m▓[0m[48;2;36;30;49m[38;2;36;30;49m▓[0m[48;2;19;15;27m[38;2;19;15;27m█[0m[48;2;102;102;105m[38;2;102;102;105m%[0m                            