                                                                                                              
                                                                                                              
                                                                                                              
                                                                                                              
                                                                                                              
                                                                                                              
                                                                                                              
                                                                                                              
                                                                                                              
                                                                                                              
                                                                                                              
                                                                                                              
                                                                                                              
                                                   [48;2;180;179;180m[38;2;180;179;180m=[0m[48;2;128;127;129m[38;2;128;127;129m#[0m[48;2;94;93;95m[38;2;94;93;95m%[0m[48;2;69;68;72m[38;2;69;68;72m░[0m[48;2;55;54;59m[38;2;55;54;59m░[0m[48;2;44;43;49m[38;2;44;43;49m▒[0m[48;2;45;44;50m[38;2;45;44;50m▒[0m[48;2;54;52;58m[38;2;54;52;58m▒[0m[48;2;68;67;73m[38;2;68;67;73m░[0m[48;2;96;95;100m[38;2;96;95;100m%[0m[48;2;145;144;148m[38;2;145;144;148m*[0m[48;2;204;203;205m[38;2;204;203;205m:[0m                                               
                                                 [48;2;161;160;162m[38;2;161;160;162m+[0m[48;2;33;31;38m[38;2;33;31;38m▓[0m[48;2;30;28;40m[38;2;30;28;40m▓[0m[48;2;39;37;51m[38;2;39;37;51m▒[0m[48;2;43;42;57m[38;2;43;42;57m▒[0m[48;2;43;43;59m[38;2;43;43;59m▒[0m[48;2;43;43;59m[38;2;43;43;59m▒[0m[48;2;42;43;59m[38;2;42;43;59m▒[0m[48;2;42;43;59m[38;2;42;43;59m▒[0m[48;2;42;43;59m[38;2;42;43;59m▒[0m[48;2;42;43;58m[38;2;42;43;58m▒[0m[48;2;41;41;57m[38;2;41;41;57m▒[0m[48;2;36;35;51m[38;2;36;35;51m▒[0m[48;2;25;24;38m[38;2;25;24;38m▓[0m[48;2;46;44;53m[38;2;46;44;53m▒[0m[48;2;132;131;135m[38;2;132;131;135m*[0m[48;2;236;236;237m[38;2;236;236;237m.[0m                                            
                                                [48;2;95;95;97m[38;2;95;95;97m%[0m[48;2;24;22;32m[38;2;24;22;32m▓[0m[48;2;43;42;57m[38;2;43;42;57m▒[0m[48;2;42;43;59m[38;2;42;43;59m▒[0m[48;2;41;43;59m[38;2;41;43;59m▒[0m[48;2;41;43;59m[38;2;41;43;59m▒[0m[48;2;40;44;59m[38;2;40;44;59m▒[0m[48;2;40;44;59m[38;2;40;44;59m▒[0m[48;2;40;44;59m[38;2;40;44;59m▒[0m[48;2;40;44;59m[38;2;40;44;59m▒[0m[48;2;40;44;59m[38;2;40;44;59m▒[0m[48;2;40;44;59m[38;2;40;44;59m▒[0m[48;2;40;44;59m[38;2;40;44;59m▒[0m[48;2;40;44;59m[38;2;40;44;59m▒[0m[48;2;42;43;59m[38;2;42;43;59m▒[0m[48;2;42;43;59m[38;2;42;43;59m▒[0m[48;2;33;31;46m[38;2;33;31;46m▓[0m[48;2;26;25;32m[38;2;26;25;32m▓[0m[48;2;88;86;90m[38;2;88;86;90m@[0m[48;2;188;187;188m[38;2;188;187;188m-[0m                                          
                                              [48;2;189;189;190m[38;2;189;189;190m-[0m[48;2;84;83;87m[38;2;84;83;87m@[0m[48;2;28;26;36m[38;2;28;26;36m▓[0m[48;2;44;43;59m[38;2;44;43;59m▒[0m[48;2;41;43;59m[38;2;41;43;59m▒[0m[48;2;40;44;59m[38;2;40;44;59m▒[0m[48;2;40;44;59m[38;2;40;44;59m▒[0m[48;2;40;44;59m[38;2;40;44;59m▒[0m[48;2;40;44;59m[38;2;40;44;59m▒[0m[48;2;40;44;59m[38;2;40;44;59m▒[0m[48;2;40;44;59m[38;2;40;44;59m▒[0m[48;2;40;44;59m[38;2;40;44;59m▒[0m[48;2;40;44;59m[38;2;40;44;59m▒[0m[48;2;40;44;59m[38;2;40;44;59m▒[0m[48;2;40;44;59m[38;2;40;44;59m▒[0m[48;2;40;44;59m[38;2;40;44;59m▒[0m[48;2;40;44;59m[38;2;40;44;59m▒[0m[48;2;41;44;59m[38;2;41;44;59m▒[0m[48;2;45;44;60m[38;2;45;44;60m▒[0m[48;2;76;75;83m[38;2;76;75;83m@[0m[48;2;9;7;13m[38;2;9;7;13m█[0m[48;2;57;51;59m[38;2;57;51;59m▒[0m[48;2;104;100;104m[38;2;104;100;104m%[0m                                         
                                             [48;2;143;142;144m[38;2;143;142;144m*[0m[48;2;3;2;6m[38;2;3;2;6m█[0m[48;2;21;19;27m[38;2;21;19;27m▓[0m[48;2;45;43;58m[38;2;45;43;58m▒[0m[48;2;42;43;59m[38;2;42;43;59m▒[0m[48;2;40;44;59m[38;2;40;44;59m▒[0m[48;2;40;44;59m[38;2;40;44;59m▒[0m[48;2;40;44;59m[38;2;40;44;59m▒[0m[48;2;40;44;59m[38;2;40;44;59m▒[0m[48;2;40;44;59m[38;2;40;44;59m▒[0m[48;2;40;44;59m[38;2;40;44;59m▒[0m[48;2;40;44;59m[38;2;40;44;59m▒[0m[48;2;40;44;59m[38;2;40;44;59m▒[0m[48;2;40;44;59m[38;2;40;44;59m▒[0m[48;2;40;44;59m[38;2;40;44;59m▒[0m[48;2;40;44;59m[38;2;40;44;59m▒[0m[48;2;40;44;59m[38;2;40;44;59m▒[0m[48;2;40;44;59m[38;2;40;44;59m▒[0m[48;2;40;44;59m[38;2;40;44;59m▒[0m[48;2;56;56;71m[38;2;56;56;71m░[0m[48;2;70;68;78m[38;2;70;68;78m░[0m[48;2;19;16;25m[38;2;19;16;25m█[0m[48;2;108;99;110m[38;2;108;99;110m%[0m[48;2;94;84;93m[38;2;94;84;93m@[0m[48;2;95;90;95m[38;2;95;90;95m%[0m                                        
                                             [48;2;41;40;42m[38;2;41;40;42m▒[0m[48;2;7;6;12m[38;2;7;6;12m█[0m[48;2;43;41;54m[38;2;43;41;54m▒[0m[48;2;42;43;59m[38;2;42;43;59m▒[0m[48;2;41;43;59m[38;2;41;43;59m▒[0m[48;2;40;44;59m[38;2;40;44;59m▒[0m[48;2;40;44;59m[38;2;40;44;59m▒[0m[48;2;40;44;59m[38;2;40;44;59m▒[0m[48;2;40;44;59m[38;2;40;44;59m▒[0m[48;2;40;44;59m[38;2;40;44;59m▒[0m[48;2;40;44;59m[38;2;40;44;59m▒[0m[48;2;40;44;59m[38;2;40;44;59m▒[0m[48;2;40;44;59m[38;2;40;44;59m▒[0m[48;2;40;44;59m[38;2;40;44;59m▒[0m[48;2;40;44;59m[38;2;40;44;59m▒[0m[48;2;40;44;59m[38;2;40;44;59m▒[0m[48;2;40;44;59m[38;2;40;44;59m▒[0m[48;2;40;44;59m[38;2;40;44;59m▒[0m[48;2;42;46;61m[38;2;42;46;61m▒[0m[48;2;57;59;73m[38;2;57;59;73m░[0m[48;2;41;40;53m[38;2;41;40;53m▒[0m[48;2;19;13;23m[38;2;19;13;23m█[0m[48;2;109;98;109m[38;2;109;98;109m%[0m[48;2;99;88;97m[38;2;99;88;97m%[0m[48;2;62;53;61m[38;2;62;53;61m░[0m[48;2;170;168;170m[38;2;170;168;170m=[0m                                       
                                           [48;2;229;229;230m[38;2;229;229;230m.[0m[48;2;55;54;57m[38;2;55;54;57m▒[0m[48;2;37;34;38m[38;2;37;34;38m▓[0m[48;2;22;21;29m[38;2;22;21;29m▓[0m[48;2;43;43;58m[38;2;43;43;58m▒[0m[48;2;40;44;59m[38;2;40;44;59m▒[0m[48;2;40;44;59m[38;2;40;44;59m▒[0m[48;2;40;44;59m[38;2;40;44;59m▒[0m[48;2;40;44;59m[38;2;40;44;59m▒[0m[48;2;40;44;59m[38;2;40;44;59m▒[0m[48;2;40;44;59m[38;2;40;44;59m▒[0m[48;2;40;44;59m[38;2;40;44;59m▒[0m[48;2;40;44;59m[38;2;40;44;59m▒[0m[48;2;40;44;59m[38;2;40;44;59m▒[0m[48;2;40;44;59m[38;2;40;44;59m▒[0m[48;2;40;44;59m[38;2;40;44;59m▒[0m[48;2;40;44;59m[38;2;40;44;59m▒[0m[48;2;40;44;59m[38;2;40;44;59m▒[0m[48;2;41;43;59m[38;2;41;43;59m▒[0m[48;2;43;43;59m[38;2;43;43;59m▒[0m[48;2;74;74;88m[38;2;74;74;88m@[0m[48;2;49;49;62m[38;2;49;49;62m▒[0m[48;2;20;17;29m[38;2;20;17;29m▓[0m[48;2;99;88;101m[38;2;99;88;101m%[0m[48;2;126;112;125m[38;2;126;112;125m#[0m[48;2;14;7;13m[38;2;14;7;13m█[0m[48;2;110;100;109m[38;2;110;100;109m%[0m[48;2;68;65;69m[38;2;68;65;69m░[0m                                       
                                          [48;2;238;238;239m[38;2;238;238;239m [0m[48;2;49;48;51m[38;2;49;48;51m▒[0m[48;2;94;86;94m[38;2;94;86;94m@[0m[48;2;88;80;89m[38;2;88;80;89m@[0m[48;2;26;24;33m[38;2;26;24;33m▓[0m[48;2;42;43;58m[38;2;42;43;58m▒[0m[48;2;40;44;59m[38;2;40;44;59m▒[0m[48;2;40;44;59m[38;2;40;44;59m▒[0m[48;2;40;44;59m[38;2;40;44;59m▒[0m[48;2;40;44;59m[38;2;40;44;59m▒[0m[48;2;40;44;59m[38;2;40;44;59m▒[0m[48;2;40;44;59m[38;2;40;44;59m▒[0m[48;2;40;44;59m[38;2;40;44;59m▒[0m[48;2;40;44;59m[38;2;40;44;59m▒[0m[48;2;40;44;59m[38;2;40;44;59m▒[0m[48;2;40;44;59m[38;2;40;44;59m▒[0m[48;2;40;44;59m[38;2;40;44;59m▒[0m[48;2;40;44;59m[38;2;40;44;59m▒[0m[48;2;42;43;59m[38;2;42;43;59m▒[0m[48;2;52;52;67m[38;2;52;52;67m▒[0m[48;2;74;73;85m[38;2;74;73;85m@[0m[48;2;42;39;50m[38;2;42;39;50m▒[0m[48;2;28;23;33m[38;2;28;23;33m▓[0m[48;2;114;102;114m[38;2;114;102;114m%[0m[48;2;158;139;153m[38;2;158;139;153m*[0m[48;2;159;140;154m[38;2;159;140;154m+[0m[48;2;79;66;77m[38;2;79;66;77m░[0m[48;2;86;79;86m[38;2;86;79;86m@[0m[48;2;28;27;29m[38;2;28;27;29m▓[0m                                       
                                          [48;2;94;94;95m[38;2;94;94;95m%[0m[48;2;78;71;79m[38;2;78;71;79m@[0m[48;2;156;141;153m[38;2;156;141;153m+[0m[48;2;111;98;109m[38;2;111;98;109m%[0m[48;2;19;17;25m[38;2;19;17;25m▓[0m[48;2;43;43;59m[38;2;43;43;59m▒[0m[48;2;40;44;59m[38;2;40;44;59m▒[0m[48;2;40;44;59m[38;2;40;44;59m▒[0m[48;2;40;44;59m[38;2;40;44;59m▒[0m[48;2;40;44;59m[38;2;40;44;59m▒[0m[48;2;40;44;59m[38;2;40;44;59m▒[0m[48;2;40;44;59m[38;2;40;44;59m▒[0m[48;2;40;44;59m[38;2;40;44;59m▒[0m[48;2;40;44;59m[38;2;40;44;59m▒[0m[48;2;40;44;59m[38;2;40;44;59m▒[0m[48;2;41;44;59m[38;2;41;44;59m▒[0m[48;2;42;43;59m[38;2;42;43;59m▒[0m[48;2;52;51;66m[38;2;52;51;66m▒[0m[48;2;71;69;83m[38;2;71;69;83m░[0m[48;2;57;54;66m[38;2;57;54;66m░[0m[48;2;25;20;31m[38;2;25;20;31m▓[0m[48;2;79;69;79m[38;2;79;69;79m░[0m[48;2;150;135;147m[38;2;150;135;147m*[0m[48;2;160;141;155m[38;2;160;141;155m+[0m[48;2;161;140;155m[38;2;161;140;155m+[0m[48;2;161;140;155m[38;2;161;140;155m+[0m[48;2;121;104;117m[38;2;121;104;117m#[0m[48;2;36;30;36m[38;2;36;30;36m▓[0m[48;2;30;29;32m[38;2;30;29;32m▓[0m                                       
                                         [48;2;202;202;202m[38;2;202;202;202m:[0m[48;2;37;33;36m[38;2;37;33;36m▓[0m[48;2;155;140;152m[38;2;155;140;152m*[0m[48;2;160;142;156m[38;2;160;142;156m+[0m[48;2;115;102;113m[38;2;115;102;113m%[0m[48;2;14;7;16m[38;2;14;7;16m█[0m[48;2;31;29;41m[38;2;31;29;41m▓[0m[48;2;41;43;59m[38;2;41;43;59m▒[0m[48;2;40;44;59m[38;2;40;44;59m▒[0m[48;2;40;44;59m[38;2;40;44;59m▒[0m[48;2;40;44;59m[38;2;40;44;59m▒[0m[48;2;40;44;59m[38;2;40;44;59m▒[0m[48;2;40;44;59m[38;2;40;44;59m▒[0m[48;2;40;44;59m[38;2;40;44;59m▒[0m[48;2;49;51;67m[38;2;49;51;67m▒[0m[48;2;44;47;62m[38;2;44;47;62m▒[0m[48;2;65;66;80m[38;2;65;66;80m░[0m[48;2;64;62;74m[38;2;64;62;74m░[0m[48;2;46;43;52m[38;2;46;43;52m▒[0m[48;2;33;27;37m[38;2;33;27;37m▓[0m[48;2;83;73;83m[38;2;83;73;83m@[0m[48;2;144;128;141m[38;2;144;128;141m*[0m[48;2;160;140;155m[38;2;160;140;155m+[0m[48;2;161;140;155m[38;2;161;140;155m+[0m[48;2;161;140;155m[38;2;161;140;155m+[0m[48;2;161;140;155m[38;2;161;140;155m+[0m[48;2;161;140;155m[38;2;161;140;155m+[0m[48;2;127;110;123m[38;2;127;110;123m#[0m[48;2;9;4;9m[38;2;9;4;9m█[0m[48;2;58;56;60m[38;2;58;56;60m░[0m                                       
                                         [48;2;74;72;73m[38;2;74;72;73m░[0m[48;2;121;110;119m[38;2;121;110;119m#[0m[48;2;161;142;156m[38;2;161;142;156m+[0m[48;2;161;142;156m[38;2;161;142;156m+[0m[48;2;104;90;100m[38;2;104;90;100m%[0m[48;2;68;58;67m[38;2;68;58;67m░[0m[48;2;44;37;46m[38;2;44;37;46m▒[0m[48;2;32;28;40m[38;2;32;28;40m▓[0m[48;2;43;42;57m[38;2;43;42;57m▒[0m[48;2;42;43;59m[38;2;42;43;59m▒[0m[48;2;41;43;59m[38;2;41;43;59m▒[0m[48;2;42;44;59m[38;2;42;44;59m▒[0m[48;2;55;58;72m[38;2;55;58;72m░[0m[48;2;71;71;84m[38;2;71;71;84m░[0m[48;2;55;53;64m[38;2;55;53;64m▒[0m[48;2;28;24;37m[38;2;28;24;37m▓[0m[48;2;30;25;35m[38;2;30;25;35m▓[0m[48;2;65;56;66m[38;2;65;56;66m░[0m[48;2;115;105;116m[38;2;115;105;116m%[0m[48;2;155;140;153m[38;2;155;140;153m*[0m[48;2;160;141;155m[38;2;160;141;155m+[0m[48;2;161;140;155m[38;2;161;140;155m+[0m[48;2;161;140;155m[38;2;161;140;155m+[0m[48;2;161;140;155m[38;2;161;140;155m+[0m[48;2;161;140;155m[38;2;161;140;155m+[0m[48;2;161;140;155m[38;2;161;140;155m+[0m[48;2;161;140;155m[38;2;161;140;155m+[0m[48;2;119;102;114m[38;2;119;102;114m%[0m[48;2;74;68;73m[38;2;74;68;73m░[0m[48;2;224;221;224m[38;2;224;221;224m.[0m                                       
                                        [48;2;220;220;220m[38;2;220;220;220m.[0m[48;2;37;32;35m[38;2;37;32;35m▓[0m[48;2;158;142;152m[38;2;158;142;152m+[0m[48;2;161;141;155m[38;2;161;141;155m+[0m[48;2;161;140;155m[38;2;161;140;155m+[0m[48;2;153;136;148m[38;2;153;136;148m*[0m[48;2;36;28;35m[38;2;36;28;35m▓[0m[48;2;133;119;131m[38;2;133;119;131m#[0m[48;2;84;73;84m[38;2;84;73;84m@[0m[48;2;34;27;38m[38;2;34;27;38m▓[0m[48;2;24;19;29m[38;2;24;19;29m▓[0m[48;2;34;28;39m[38;2;34;28;39m▓[0m[48;2;48;44;54m[38;2;48;44;54m▒[0m[48;2;42;36;46m[38;2;42;36;46m▒[0m[48;2;46;40;50m[38;2;46;40;50m▒[0m[48;2;75;65;76m[38;2;75;65;76m░[0m[48;2;121;107;119m[38;2;121;107;119m#[0m[48;2;156;140;151m[38;2;156;140;151m*[0m[48;2;160;142;155m[38;2;160;142;155m+[0m[48;2;155;136;150m[38;2;155;136;150m*[0m[48;2;122;105;119m[38;2;122;105;119m#[0m[48;2;84;70;82m[38;2;84;70;82m@[0m[48;2;136;117;131m[38;2;136;117;131m#[0m[48;2;161;140;155m[38;2;161;140;155m+[0m[48;2;161;140;155m[38;2;161;140;155m+[0m[48;2;161;140;155m[38;2;161;140;155m+[0m[48;2;161;140;155m[38;2;161;140;155m+[0m[48;2;161;140;155m[38;2;161;140;155m+[0m[48;2;63;50;60m[38;2;63;50;60m░[0m[48;2;39;35;39m[38;2;39;35;39m▒[0m[48;2;90;86;90m[38;2;90;86;90m@[0m[48;2;66;63;66m[38;2;66;63;66m░[0m[48;2;66;63;66m[38;2;66;63;66m░[0m[48;2;91;89;90m[38;2;91;89;90m@[0m[48;2;238;238;238m[38;2;238;238;238m [0m                                   
                                        [48;2;163;162;163m[38;2;163;162;163m+[0m[48;2;71;63;69m[38;2;71;63;69m░[0m[48;2;161;141;155m[38;2;161;141;155m+[0m[48;2;161;140;155m[38;2;161;140;155m+[0m[48;2;161;140;155m[38;2;161;140;155m+[0m[48;2;161;140;155m[38;2;161;140;155m+[0m[48;2;123;108;120m[38;2;123;108;120m#[0m[48;2;41;30;40m[38;2;41;30;40m▓[0m[48;2;36;23;33m[38;2;36;23;33m▓[0m[48;2;136;121;133m[38;2;136;121;133m#[0m[48;2;141;127;138m[38;2;141;127;138m*[0m[48;2;75;64;73m[38;2;75;64;73m░[0m[48;2;62;51;60m[38;2;62;51;60m░[0m[48;2;153;141;150m[38;2;153;141;150m*[0m[48;2;154;139;152m[38;2;154;139;152m*[0m[48;2;137;120;133m[38;2;137;120;133m#[0m[48;2;110;94;107m[38;2;110;94;107m%[0m[48;2;82;68;80m[38;2;82;68;80m@[0m[48;2;67;55;66m[38;2;67;55;66m░[0m[48;2;70;57;69m[38;2;70;57;69m░[0m[48;2;99;86;98m[38;2;99;86;98m@[0m[48;2;140;124;137m[38;2;140;124;137m*[0m[48;2;160;141;155m[38;2;160;141;155m+[0m[48;2;161;140;155m[38;2;161;140;155m+[0m[48;2;161;140;155m[38;2;161;140;155m+[0m[48;2;161;140;155m[38;2;161;140;155m+[0m[48;2;161;140;155m[38;2;161;140;155m+[0m[48;2;130;115;126m[38;2;130;115;126m#[0m[48;2;16;8;15m[38;2;16;8;15m█[0m[48;2;17;12;19m[38;2;17;12;19m█[0m[48;2;125;122;127m[38;2;125;122;127m#[0m[48;2;237;233;238m[38;2;237;233;238m.[0m[48;2;61;58;61m[38;2;61;58;61m░[0m[48;2;62;60;62m[38;2;62;60;62m░[0m                                    
                                        [48;2;148;148;148m[38;2;148;148;148m+[0m[48;2;82;74;79m[38;2;82;74;79m@[0m[48;2;161;140;154m[38;2;161;140;154m+[0m[48;2;161;140;155m[38;2;161;140;155m+[0m[48;2;161;140;155m[38;2;161;140;155m+[0m[48;2;161;140;155m[38;2;161;140;155m+[0m[48;2;160;140;155m[38;2;160;140;155m+[0m[48;2;125;109;122m[38;2;125;109;122m#[0m[48;2;37;26;37m[38;2;37;26;37m▓[0m[48;2;42;32;42m[38;2;42;32;42m▓[0m[48;2;30;21;29m[38;2;30;21;29m▓[0m[48;2;11;4;12m[38;2;11;4;12m█[0m[48;2;51;44;51m[38;2;51;44;51m▒[0m[48;2;68;60;69m[38;2;68;60;69m░[0m[48;2;69;60;68m[38;2;69;60;68m░[0m[48;2;87;75;86m[38;2;87;75;86m@[0m[48;2;116;102;114m[38;2;116;102;114m%[0m[48;2;146;128;142m[38;2;146;128;142m*[0m[48;2;159;140;154m[38;2;159;140;154m+[0m[48;2;160;141;155m[38;2;160;141;155m+[0m[48;2;161;140;155m[38;2;161;140;155m+[0m[48;2;161;140;155m[38;2;161;140;155m+[0m[48;2;161;140;155m[38;2;161;140;155m+[0m[48;2;161;140;155m[38;2;161;140;155m+[0m[48;2;161;140;155m[38;2;161;140;155m+[0m[48;2;161;140;155m[38;2;161;140;155m+[0m[48;2;159;139;153m[38;2;159;139;153m+[0m[48;2;46;34;42m[38;2;46;34;42m▒[0m[48;2;22;16;24m[38;2;22;16;24m▓[0m[48;2;34;30;42m[38;2;34;30;42m▓[0m[48;2;42;40;46m[38;2;42;40;46m▒[0m [48;2;186;186;186m[38;2;186;186;186m-[0m[48;2;79;77;79m[38;2;79;77;79m@[0m                                    
                                        [48;2;162;162;163m[38;2;162;162;163m+[0m[48;2;69;62;67m[38;2;69;62;67m░[0m[48;2;162;142;156m[38;2;162;142;156m+[0m[48;2;161;140;155m[38;2;161;140;155m+[0m[48;2;161;140;155m[38;2;161;140;155m+[0m[48;2;161;140;155m[38;2;161;140;155m+[0m[48;2;161;140;155m[38;2;161;140;155m+[0m[48;2;161;140;155m[38;2;161;140;155m+[0m[48;2;134;118;130m[38;2;134;118;130m#[0m[48;2;12;6;13m[38;2;12;6;13m█[0m[48;2;6;2;9m[38;2;6;2;9m█[0m[48;2;16;12;18m[38;2;16;12;18m█[0m[48;2;26;22;28m[38;2;26;22;28m▓[0m[48;2;53;46;54m[38;2;53;46;54m▒[0m[48;2;95;84;94m[38;2;95;84;94m@[0m[48;2;158;139;153m[38;2;158;139;153m*[0m[48;2;161;140;155m[38;2;161;140;155m+[0m[48;2;161;140;155m[38;2;161;140;155m+[0m[48;2;161;140;155m[38;2;161;140;155m+[0m[48;2;161;140;155m[38;2;161;140;155m+[0m[48;2;161;140;155m[38;2;161;140;155m+[0m[48;2;161;140;155m[38;2;161;140;155m+[0m[48;2;161;140;155m[38;2;161;140;155m+[0m[48;2;161;140;155m[38;2;161;140;155m+[0m[48;2;161;140;155m[38;2;161;140;155m+[0m[48;2;161;140;155m[38;2;161;140;155m+[0m[48;2;159;138;153m[38;2;159;138;153m*[0m[48;2;97;81;93m[38;2;97;81;93m@[0m[48;2;15;9;17m[38;2;15;9;17m█[0m[48;2;37;33;45m[38;2;37;33;45m▓[0m[48;2;12;10;17m[38;2;12;10;17m█[0m[48;2;196;195;197m[38;2;196;195;197m-[0m[48;2;103;103;103m[38;2;103;103;103m%[0m[48;2;13;12;13m[38;2;13;12;13m█[0m[48;2;76;76;76m[38;2;76;76;76m@[0m[48;2;82;82;82m[38;2;82;82;82m@[0m[48;2;103;103;103m[38;2;103;103;103m%[0m[48;2;133;133;133m[38;2;133;133;133m*[0m[48;2;179;179;179m[38;2;179;179;179m=[0m[48;2;234;233;233m[38;2;234;233;233m.[0m                              
                                        [48;2;113;112;113m[38;2;113;112;113m#[0m[48;2;26;21;24m[38;2;26;21;24m▓[0m[48;2;151;134;146m[38;2;151;134;146m*[0m[48;2;161;141;155m[38;2;161;141;155m+[0m[48;2;161;140;155m[38;2;161;140;155m+[0m[48;2;161;140;155m[38;2;161;140;155m+[0m[48;2;161;140;155m[38;2;161;140;155m+[0m[48;2;161;140;155m[38;2;161;140;155m+[0m[48;2;120;102;115m[38;2;120;102;115m%[0m[48;2;19;13;21m[38;2;19;13;21m█[0m[48;2;26;21;31m[38;2;26;21;31m▓[0m[48;2;3;0;6m[38;2;3;0;6m█[0m[48;2;14;11;17m[38;2;14;11;17m█[0m[48;2;12;9;15m[38;2;12;9;15m█[0m[48;2;52;44;52m[38;2;52;44;52m▒[0m[48;2;148;130;144m[38;2;148;130;144m*[0m[48;2;161;140;155m[38;2;161;140;155m+[0m[48;2;161;140;155m[38;2;161;140;155m+[0m[48;2;161;140;155m[38;2;161;140;155m+[0m[48;2;161;140;155m[38;2;161;140;155m+[0m[48;2;161;140;155m[38;2;161;140;155m+[0m[48;2;161;140;155m[38;2;161;140;155m+[0m[48;2;161;140;155m[38;2;161;140;155m+[0m[48;2;161;140;155m[38;2;161;140;155m+[0m[48;2;161;140;155m[38;2;161;140;155m+[0m[48;2;161;140;155m[38;2;161;140;155m+[0m[48;2;161;140;155m[38;2;161;140;155m+[0m[48;2;160;140;154m[38;2;160;140;154m+[0m[48;2;74;63;73m[38;2;74;63;73m░[0m[48;2;20;15;26m[38;2;20;15;26m█[0m[48;2;10;8;14m[38;2;10;8;14m█[0m[48;2;211;209;212m[38;2;211;209;212m:[0m[48;2;132;130;132m[38;2;132;130;132m*[0m[48;2;28;27;28m[38;2;28;27;28m▓[0m[48;2;151;150;151m[38;2;151;150;151m+[0m[48;2;127;127;128m[38;2;127;127;128m#[0m[48;2;81;81;81m[38;2;81;81;81m@[0m[48;2;50;49;50m[38;2;50;49;50m▒[0m[48;2;68;66;68m[38;2;68;66;68m░[0m[48;2;71;64;69m[38;2;71;64;69m░[0m[48;2;83;79;82m[38;2;83;79;82m@[0m[48;2;196;195;196m[38;2;196;195;196m-[0m                            
                                         [48;2;168;166;167m[38;2;168;166;167m=[0m[48;2;56;48;54m[38;2;56;48;54m▒[0m[48;2;153;136;148m[38;2;153;136;148m*[0m[48;2;161;140;155m[38;2;161;140;155m+[0m[48;2;161;140;155m[38;2;161;140;155m+[0m[48;2;161;140;155m[38;2;161;140;155m+[0m[48;2;161;140;155m[38;2;161;140;155m+[0m[48;2;149;131;145m[38;2;149;131;145m*[0m[48;2;45;35;45m[38;2;45;35;45m▒[0m[48;2;25;17;27m[38;2;25;17;27m▓[0m[48;2;16;12;18m[38;2;16;12;18m█[0m[48;2;8;5;10m[38;2;8;5;10m█[0m[48;2;24;20;26m[38;2;24;20;26m▓[0m[48;2;12;6;13m[38;2;12;6;13m█[0m[48;2;59;50;60m[38;2;59;50;60m▒[0m[48;2;159;140;154m[38;2;159;140;154m+[0m[48;2;161;140;155m[38;2;161;140;155m+[0m[48;2;161;140;155m[38;2;161;140;155m+[0m[48;2;161;140;155m[38;2;161;140;155m+[0m[48;2;161;140;155m[38;2;161;140;155m+[0m[48;2;161;140;155m[38;2;161;140;155m+[0m[48;2;161;140;155m[38;2;161;140;155m+[0m[48;2;161;140;155m[38;2;161;140;155m+[0m[48;2;161;140;155m[38;2;161;140;155m+[0m[48;2;161;140;155m[38;2;161;140;155m+[0m[48;2;161;140;155m[38;2;161;140;155m+[0m[48;2;161;140;155m[38;2;161;140;155m+[0m[48;2;157;138;152m[38;2;157;138;152m*[0m[48;2;98;84;95m[38;2;98;84;95m@[0m[48;2;31;24;32m[38;2;31;24;32m▓[0m[48;2;51;47;50m[38;2;51;47;50m▒[0m[48;2;49;46;48m[38;2;49;46;48m▒[0m[48;2;172;169;171m[38;2;172;169;171m=[0m[48;2;193;192;194m[38;2;193;192;194m-[0m[48;2;176;174;176m[38;2;176;174;176m=[0m[48;2;172;171;172m[38;2;172;171;172m=[0m[48;2;94;92;94m[38;2;94;92;94m%[0m[48;2;70;63;69m[38;2;70;63;69m░[0m[48;2;153;141;150m[38;2;153;141;150m*[0m[48;2;142;127;137m[38;2;142;127;137m*[0m[48;2;42;32;39m[38;2;42;32;39m▓[0m[48;2;227;225;227m[38;2;227;225;227m.[0m                           
                                          [48;2;112;110;111m[38;2;112;110;111m#[0m[48;2;31;24;29m[38;2;31;24;29m▓[0m[48;2;113;100;110m[38;2;113;100;110m%[0m[48;2;158;141;153m[38;2;158;141;153m+[0m[48;2;161;140;155m[38;2;161;140;155m+[0m[48;2;161;140;155m[38;2;161;140;155m+[0m[48;2;161;140;155m[38;2;161;140;155m+[0m[48;2;160;141;154m[38;2;160;141;154m+[0m[48;2;123;107;119m[38;2;123;107;119m#[0m[48;2;29;20;28m[38;2;29;20;28m▓[0m[48;2;28;21;29m[38;2;28;21;29m▓[0m[48;2;13;8;14m[38;2;13;8;14m█[0m[48;2;84;77;85m[38;2;84;77;85m@[0m[48;2;61;52;63m[38;2;61;52;63m░[0m[48;2;73;60;71m[38;2;73;60;71m░[0m[48;2;114;99;111m[38;2;114;99;111m%[0m[48;2;147;129;142m[38;2;147;129;142m*[0m[48;2;160;140;155m[38;2;160;140;155m+[0m[48;2;161;140;155m[38;2;161;140;155m+[0m[48;2;161;140;155m[38;2;161;140;155m+[0m[48;2;161;140;155m[38;2;161;140;155m+[0m[48;2;161;140;155m[38;2;161;140;155m+[0m[48;2;161;140;155m[38;2;161;140;155m+[0m[48;2;161;140;155m[38;2;161;140;155m+[0m[48;2;161;140;155m[38;2;161;140;155m+[0m[48;2;161;140;155m[38;2;161;140;155m+[0m[48;2;161;140;155m[38;2;161;140;155m+[0m[48;2;161;140;155m[38;2;161;140;155m+[0m[48;2;158;139;153m[38;2;158;139;153m*[0m[48;2;136;121;133m[38;2;136;121;133m#[0m[48;2;122;109;120m[38;2;122;109;120m#[0m[48;2;107;96;105m[38;2;107;96;105m%[0m[48;2;103;93;102m[38;2;103;93;102m%[0m[48;2;108;98;107m[38;2;108;98;107m%[0m[48;2;108;97;106m[38;2;108;97;106m%[0m[48;2;131;118;128m[38;2;131;118;128m#[0m[48;2;159;141;154m[38;2;159;141;154m+[0m[48;2;153;136;149m[38;2;153;136;149m*[0m[48;2;125;108;120m[38;2;125;108;120m#[0m[48;2;25;14;22m[38;2;25;14;22m█[0m[48;2;113;109;113m[38;2;113;109;113m#[0m                           
                                          [48;2;229;228;229m[38;2;229;228;229m.[0m[48;2;46;42;45m[38;2;46;42;45m▒[0m[48;2;83;77;81m[38;2;83;77;81m@[0m[48;2;56;48;55m[38;2;56;48;55m▒[0m[48;2;149;135;147m[38;2;149;135;147m*[0m[48;2;160;141;155m[38;2;160;141;155m+[0m[48;2;161;140;155m[38;2;161;140;155m+[0m[48;2;161;140;155m[38;2;161;140;155m+[0m[48;2;161;140;155m[38;2;161;140;155m+[0m[48;2;157;138;152m[38;2;157;138;152m*[0m[48;2;156;139;153m[38;2;156;139;153m*[0m[48;2;125;111;123m[38;2;125;111;123m#[0m[48;2;56;44;55m[38;2;56;44;55m▒[0m[48;2;88;77;88m[38;2;88;77;88m@[0m[48;2;88;77;87m[38;2;88;77;87m@[0m[48;2;19;12;19m[38;2;19;12;19m█[0m[48;2;10;3;11m[38;2;10;3;11m█[0m[48;2;49;39;49m[38;2;49;39;49m▒[0m[48;2;158;138;153m[38;2;158;138;153m*[0m[48;2;158;137;152m[38;2;158;137;152m*[0m[48;2;145;125;140m[38;2;145;125;140m*[0m[48;2;161;140;155m[38;2;161;140;155m+[0m[48;2;161;140;155m[38;2;161;140;155m+[0m[48;2;161;140;155m[38;2;161;140;155m+[0m[48;2;161;140;155m[38;2;161;140;155m+[0m[48;2;161;140;155m[38;2;161;140;155m+[0m[48;2;161;140;155m[38;2;161;140;155m+[0m[48;2;161;140;155m[38;2;161;140;155m+[0m[48;2;161;140;155m[38;2;161;140;155m+[0m[48;2;161;140;155m[38;2;161;140;155m+[0m[48;2;160;140;155m[38;2;160;140;155m+[0m[48;2;104;87;100m[38;2;104;87;100m%[0m[48;2;72;58;70m[38;2;72;58;70m░[0m[48;2;72;59;70m[38;2;72;59;70m░[0m[48;2;73;59;71m[38;2;73;59;71m░[0m[48;2;72;59;70m[38;2;72;59;70m░[0m[48;2;71;58;70m[38;2;71;58;70m░[0m[48;2;78;65;76m[38;2;78;65;76m░[0m[48;2;98;86;96m[38;2;98;86;96m@[0m[48;2;130;118;128m[38;2;130;118;128m#[0m[48;2;43;35;42m[38;2;43;35;42m▒[0m[48;2;196;194;197m[38;2;196;194;197m-[0m                          
                                           [48;2;215;214;214m[38;2;215;214;214m:[0m[48;2;94;91;93m[38;2;94;91;93m%[0m[48;2;61;59;61m[38;2;61;59;61m░[0m[48;2;62;56;62m[38;2;62;56;62m░[0m[48;2;109;96;107m[38;2;109;96;107m%[0m[48;2;158;140;153m[38;2;158;140;153m+[0m[48;2;161;140;155m[38;2;161;140;155m+[0m[48;2;161;140;155m[38;2;161;140;155m+[0m[48;2;161;140;155m[38;2;161;140;155m+[0m[48;2;161;140;155m[38;2;161;140;155m+[0m[48;2;161;140;155m[38;2;161;140;155m+[0m[48;2;159;139;154m[38;2;159;139;154m+[0m[48;2;129;113;125m[38;2;129;113;125m#[0m[48;2;93;79;90m[38;2;93;79;90m@[0m[48;2;82;68;79m[38;2;82;68;79m@[0m[48;2;118;104;116m[38;2;118;104;116m%[0m[48;2;150;133;146m[38;2;150;133;146m*[0m[48;2;161;140;155m[38;2;161;140;155m+[0m[48;2;151;131;146m[38;2;151;131;146m*[0m[48;2;69;54;66m[38;2;69;54;66m░[0m[48;2;66;52;64m[38;2;66;52;64m░[0m[48;2;96;83;93m[38;2;96;83;93m@[0m[48;2;115;102;113m[38;2;115;102;113m%[0m[48;2;82;68;79m[38;2;82;68;79m@[0m[48;2;47;34;45m[38;2;47;34;45m▒[0m[48;2;68;56;66m[38;2;68;56;66m░[0m[48;2;81;68;78m[38;2;81;68;78m░[0m[48;2;90;77;88m[38;2;90;77;88m@[0m[48;2;98;84;95m[38;2;98;84;95m@[0m[48;2;103;88;100m[38;2;103;88;100m%[0m[48;2;104;90;101m[38;2;104;90;101m%[0m[48;2;107;93;104m[38;2;107;93;104m%[0m[48;2;111;98;107m[38;2;111;98;107m%[0m[48;2;111;97;108m[38;2;111;97;108m%[0m[48;2;105;91;103m[38;2;105;91;103m%[0m[48;2;98;85;97m[38;2;98;85;97m@[0m[48;2;92;81;92m[38;2;92;81;92m@[0m[48;2;78;69;78m[38;2;78;69;78m░[0m[48;2;47;40;47m[38;2;47;40;47m▒[0m[48;2;106;101;106m[38;2;106;101;106m%[0m                           
                                              [48;2;82;79;84m[38;2;82;79;84m@[0m[48;2;8;3;11m[38;2;8;3;11m█[0m[48;2;35;27;38m[38;2;35;27;38m▓[0m[48;2;97;84;95m[38;2;97;84;95m@[0m[48;2;152;134;147m[38;2;152;134;147m*[0m[48;2;160;140;155m[38;2;160;140;155m+[0m[48;2;161;140;155m[38;2;161;140;155m+[0m[48;2;161;140;155m[38;2;161;140;155m+[0m[48;2;161;140;155m[38;2;161;140;155m+[0m[48;2;160;141;155m[38;2;160;141;155m+[0m[48;2;160;141;155m[38;2;160;141;155m+[0m[48;2;118;100;114m[38;2;118;100;114m%[0m[48;2;94;81;92m[38;2;94;81;92m@[0m[48;2;148;131;144m[38;2;148;131;144m*[0m[48;2;160;141;155m[38;2;160;141;155m+[0m[48;2;160;141;155m[38;2;160;141;155m+[0m[48;2;160;141;155m[38;2;160;141;155m+[0m[48;2;154;136;150m[38;2;154;136;150m*[0m[48;2;132;114;127m[38;2;132;114;127m#[0m[48;2;114;98;109m[38;2;114;98;109m%[0m[48;2;103;88;99m[38;2;103;88;99m%[0m[48;2;102;86;98m[38;2;102;86;98m%[0m[48;2;100;84;95m[38;2;100;84;95m@[0m[48;2;102;86;97m[38;2;102;86;97m%[0m[48;2;106;91;102m[38;2;106;91;102m%[0m[48;2;112;97;107m[38;2;112;97;107m%[0m[48;2;121;104;116m[38;2;121;104;116m#[0m[48;2;121;106;117m[38;2;121;106;117m#[0m[48;2;120;105;116m[38;2;120;105;116m#[0m[48;2;117;102;113m[38;2;117;102;113m%[0m[48;2;103;91;100m[38;2;103;91;100m%[0m[48;2;50;41;48m[38;2;50;41;48m▒[0m[48;2;60;54;60m[38;2;60;54;60m░[0m[48;2;199;197;200m[38;2;199;197;200m-[0m[48;2;230;230;231m[38;2;230;230;231m.[0m                             
                                             [48;2;117;117;119m[38;2;117;117;119m#[0m[48;2;18;15;24m[38;2;18;15;24m█[0m[48;2;15;11;23m[38;2;15;11;23m█[0m[48;2;13;8;21m[38;2;13;8;21m█[0m[48;2;32;21;63m[38;2;32;21;63m▓[0m[48;2;51;40;78m[38;2;51;40;78m▒[0m[48;2;60;50;66m[38;2;60;50;66m▒[0m[48;2;87;75;87m[38;2;87;75;87m@[0m[48;2;120;106;116m[38;2;120;106;116m#[0m[48;2;147;131;144m[38;2;147;131;144m*[0m[48;2;159;141;155m[38;2;159;141;155m+[0m[48;2;160;141;155m[38;2;160;141;155m+[0m[48;2;158;139;153m[38;2;158;139;153m*[0m[48;2;117;103;115m[38;2;117;103;115m%[0m[48;2;65;53;63m[38;2;65;53;63m░[0m[48;2;50;39;49m[38;2;50;39;49m▒[0m[48;2;62;52;63m[38;2;62;52;63m░[0m[48;2;84;73;84m[38;2;84;73;84m@[0m[48;2;104;91;102m[38;2;104;91;102m%[0m[48;2;123;108;120m[38;2;123;108;120m#[0m[48;2;138;124;136m[38;2;138;124;136m*[0m[48;2;147;131;144m[38;2;147;131;144m*[0m[48;2;151;135;147m[38;2;151;135;147m*[0m[48;2;152;137;148m[38;2;152;137;148m*[0m[48;2;152;137;148m[38;2;152;137;148m*[0m[48;2;148;134;145m[38;2;148;134;145m*[0m[48;2;136;122;133m[38;2;136;122;133m#[0m[48;2;123;108;120m[38;2;123;108;120m#[0m[48;2;101;87;99m[38;2;101;87;99m%[0m[48;2;77;64;75m[38;2;77;64;75m░[0m[48;2;75;65;73m[38;2;75;65;73m░[0m[48;2;112;106;112m[38;2;112;106;112m%[0m[48;2;190;186;190m[38;2;190;186;190m-[0m                                
                                            [48;2;178;177;178m[38;2;178;177;178m=[0m[48;2;11;10;17m[38;2;11;10;17m█[0m[48;2;36;31;50m[38;2;36;31;50m▓[0m[48;2;37;31;52m[38;2;37;31;52m▓[0m[48;2;18;13;28m[38;2;18;13;28m█[0m[48;2;46;33;91m[38;2;46;33;91m▒[0m[48;2;92;80;151m[38;2;92;80;151m%[0m[48;2;100;92;133m[38;2;100;92;133m%[0m[48;2;38;21;118m[38;2;38;21;118m▒[0m[48;2;8;5;17m[38;2;8;5;17m█[0m[48;2;40;28;88m[38;2;40;28;88m▒[0m[48;2;42;31;72m[38;2;42;31;72m▒[0m[48;2;56;44;82m[38;2;56;44;82m▒[0m[48;2;66;55;75m[38;2;66;55;75m░[0m[48;2;80;71;88m[38;2;80;71;88m@[0m[48;2;97;88;98m[38;2;97;88;98m%[0m[48;2;100;92;99m[38;2;100;92;99m%[0m[48;2;75;68;75m[38;2;75;68;75m░[0m[48;2;50;42;50m[38;2;50;42;50m▒[0m[48;2;28;21;28m[38;2;28;21;28m▓[0m[48;2;7;2;7m[38;2;7;2;7m█[0m[48;2;4;0;6m[38;2;4;0;6m█[0m[48;2;4;0;7m[38;2;4;0;7m█[0m[48;2;5;1;8m[38;2;5;1;8m█[0m[48;2;5;2;7m[38;2;5;2;7m█[0m[48;2;5;2;8m[38;2;5;2;8m█[0m[48;2;7;4;10m[38;2;7;4;10m█[0m[48;2;7;3;10m[38;2;7;3;10m█[0m[48;2;7;3;11m[38;2;7;3;11m█[0m[48;2;22;18;27m[38;2;22;18;27m▓[0m[48;2;104;100;107m[38;2;104;100;107m%[0m[48;2;180;176;181m[38;2;180;176;181m=[0m[48;2;239;237;241m[38;2;239;237;241m [0m                                 
                                           [48;2;239;238;239m[38;2;239;238;239m [0m[48;2;34;32;38m[38;2;34;32;38m▓[0m[48;2;32;28;43m[38;2;32;28;43m▓[0m[48;2;37;31;52m[38;2;37;31;52m▓[0m[48;2;37;31;52m[38;2;37;31;52m▓[0m[48;2;23;17;34m[38;2;23;17;34m▓[0m[48;2;39;27;84m[38;2;39;27;84m▒[0m[48;2;90;78;149m[38;2;90;78;149m@[0m[48;2;102;94;142m[38;2;102;94;142m%[0m[48;2;59;42;146m[38;2;59;42;146m░[0m[48;2;5;3;17m[38;2;5;3;17m█[0m[48;2;29;19;66m[38;2;29;19;66m▓[0m[48;2;80;65;156m[38;2;80;65;156m@[0m[48;2;72;55;160m[38;2;72;55;160m░[0m[48;2;82;67;158m[38;2;82;67;158m@[0m[48;2;60;40;161m[38;2;60;40;161m░[0m[48;2;68;53;140m[38;2;68;53;140m░[0m[48;2;49;39;101m[38;2;49;39;101m▒[0m[48;2;12;5;39m[38;2;12;5;39m█[0m[48;2;7;3;10m[38;2;7;3;10m█[0m[48;2;22;18;28m[38;2;22;18;28m▓[0m[48;2;24;20;32m[38;2;24;20;32m▓[0m[48;2;23;19;32m[38;2;23;19;32m▓[0m[48;2;22;18;32m[38;2;22;18;32m▓[0m[48;2;24;20;34m[38;2;24;20;34m▓[0m[48;2;24;20;35m[38;2;24;20;35m▓[0m[48;2;25;21;35m[38;2;25;21;35m▓[0m[48;2;28;24;38m[38;2;28;24;38m▓[0m[48;2;33;28;45m[38;2;33;28;45m▓[0m[48;2;36;31;50m[38;2;36;31;50m▓[0m[48;2;37;31;51m[38;2;37;31;51m▓[0m[48;2;34;29;48m[38;2;34;29;48m▓[0m[48;2;25;20;36m[38;2;25;20;36m▓[0m[48;2;25;21;32m[38;2;25;21;32m▓[0m[48;2;87;84;91m[38;2;87;84;91m@[0m[48;2;175;174;177m[38;2;175;174;177m=[0m                               
                                           [48;2;141;140;142m[38;2;141;140;142m*[0m[48;2;19;16;27m[38;2;19;16;27m█[0m[48;2;37;31;51m[38;2;37;31;51m▓[0m[48;2;37;31;52m[38;2;37;31;52m▓[0m[48;2;37;31;52m[38;2;37;31;52m▓[0m[48;2;29;24;44m[38;2;29;24;44m▓[0m[48;2;18;10;46m[38;2;18;10;46m█[0m[48;2;85;72;142m[38;2;85;72;142m@[0m[48;2;94;82;148m[38;2;94;82;148m%[0m[48;2;82;67;153m[38;2;82;67;153m@[0m[48;2;20;10;63m[38;2;20;10;63m▓[0m[48;2;124;120;127m[38;2;124;120;127m#[0m[48;2;30;24;54m[38;2;30;24;54m▓[0m[48;2;68;54;138m[38;2;68;54;138m░[0m[48;2;80;66;158m[38;2;80;66;158m@[0m[48;2;80;65;165m[38;2;80;65;165m@[0m[48;2;73;59;152m[38;2;73;59;152m@[0m[48;2;46;35;102m[38;2;46;35;102m▒[0m[48;2;16;12;24m[38;2;16;12;24m█[0m[48;2;51;46;54m[38;2;51;46;54m▒[0m[48;2;48;43;54m[38;2;48;43;54m▒[0m[48;2;38;33;51m[38;2;38;33;51m▓[0m[48;2;37;32;51m[38;2;37;32;51m▓[0m[48;2;37;31;52m[38;2;37;31;52m▓[0m[48;2;37;31;52m[38;2;37;31;52m▓[0m[48;2;37;31;52m[38;2;37;31;52m▓[0m[48;2;37;31;52m[38;2;37;31;52m▓[0m[48;2;37;31;52m[38;2;37;31;52m▓[0m[48;2;37;31;52m[38;2;37;31;52m▓[0m[48;2;37;31;52m[38;2;37;31;52m▓[0m[48;2;37;31;52m[38;2;37;31;52m▓[0m[48;2;37;31;52m[38;2;37;31;52m▓[0m[48;2;37;31;52m[38;2;37;31;52m▓[0m[48;2;37;31;52m[38;2;37;31;52m▓[0m[48;2;35;30;47m[38;2;35;30;47m▓[0m[48;2;25;20;34m[38;2;25;20;34m▓[0m[48;2;45;42;51m[38;2;45;42;51m▒[0m[48;2;154;153;156m[38;2;154;153;156m+[0m                             
                                           [48;2;43;42;44m[38;2;43;42;44m▒[0m[48;2;31;28;40m[38;2;31;28;40m▓[0m[48;2;37;31;51m[38;2;37;31;51m▓[0m[48;2;37;31;52m[38;2;37;31;52m▓[0m[48;2;37;31;52m[38;2;37;31;52m▓[0m[48;2;37;31;52m[38;2;37;31;52m▓[0m[48;2;23;19;35m[38;2;23;19;35m▓[0m[48;2;21;17;31m[38;2;21;17;31m▓[0m[48;2;25;22;36m[38;2;25;22;36m▓[0m[48;2;36;33;50m[38;2;36;33;50m▓[0m[48;2;14;8;32m[38;2;14;8;32m█[0m[48;2;95;92;98m[38;2;95;92;98m%[0m[48;2;202;199;204m[38;2;202;199;204m-[0m[48;2;72;68;78m[38;2;72;68;78m░[0m[48;2;39;28;82m[38;2;39;28;82m▒[0m[48;2;62;51;106m[38;2;62;51;106m░[0m[48;2;48;43;63m[38;2;48;43;63m▒[0m[48;2;165;163;167m[38;2;165;163;167m+[0m[48;2;135;132;137m[38;2;135;132;137m*[0m[48;2;38;35;40m[38;2;38;35;40m▓[0m[48;2;44;40;47m[38;2;44;40;47m▒[0m[48;2;65;58;70m[38;2;65;58;70m░[0m[48;2;60;55;71m[38;2;60;55;71m░[0m[48;2;39;34;52m[38;2;39;34;52m▒[0m[48;2;37;31;52m[38;2;37;31;52m▓[0m[48;2;37;31;52m[38;2;37;31;52m▓[0m[48;2;37;31;52m[38;2;37;31;52m▓[0m[48;2;37;31;52m[38;2;37;31;52m▓[0m[48;2;37;31;52m[38;2;37;31;52m▓[0m[48;2;37;31;52m[38;2;37;31;52m▓[0m[48;2;37;31;52m[38;2;37;31;52m▓[0m[48;2;37;31;52m[38;2;37;31;52m▓[0m[48;2;37;31;52m[38;2;37;31;52m▓[0m[48;2;37;31;52m[38;2;37;31;52m▓[0m[48;2;37;31;52m[38;2;37;31;52m▓[0m[48;2;37;31;52m[38;2;37;31;52m▓[0m[48;2;37;31;50m[38;2;37;31;50m▓[0m[48;2;26;21;35m[38;2;26;21;35m▓[0m[48;2;49;46;53m[38;2;49;46;53m▒[0m[48;2;199;198;201m[38;2;199;198;201m-[0m                           
                                          [48;2;224;224;224m[38;2;224;224;224m.[0m[48;2;11;9;13m[38;2;11;9;13m█[0m[48;2;36;31;47m[38;2;36;31;47m▓[0m[48;2;37;31;51m[38;2;37;31;51m▓[0m[48;2;37;31;52m[38;2;37;31;52m▓[0m[48;2;37;31;52m[38;2;37;31;52m▓[0m[48;2;37;31;52m[38;2;37;31;52m▓[0m[48;2;37;31;52m[38;2;37;31;52m▓[0m[48;2;37;31;52m[38;2;37;31;52m▓[0m[48;2;37;32;51m[38;2;37;32;51m▓[0m[48;2;77;73;87m[38;2;77;73;87m@[0m[48;2;16;12;22m[38;2;16;12;22m█[0m[48;2;5;2;9m[38;2;5;2;9m█[0m[48;2;93;90;95m[38;2;93;90;95m%[0m[48;2;213;211;214m[38;2;213;211;214m:[0m[48;2;190;187;191m[38;2;190;187;191m-[0m[48;2;63;60;66m[38;2;63;60;66m░[0m[48;2;51;48;53m[38;2;51;48;53m▒[0m[48;2;166;163;168m[38;2;166;163;168m+[0m[48;2;241;238;243m[38;2;241;238;243m [0m[48;2;239;236;241m[38;2;239;236;241m.[0m[48;2;77;75;79m[38;2;77;75;79m@[0m[48;2;42;39;44m[38;2;42;39;44m▒[0m[48;2;29;25;33m[38;2;29;25;33m▓[0m[48;2;57;51;62m[38;2;57;51;62m▒[0m[48;2;67;60;74m[38;2;67;60;74m░[0m[48;2;54;49;66m[38;2;54;49;66m▒[0m[48;2;37;31;52m[38;2;37;31;52m▓[0m[48;2;37;31;52m[38;2;37;31;52m▓[0m[48;2;37;31;52m[38;2;37;31;52m▓[0m[48;2;37;31;52m[38;2;37;31;52m▓[0m[48;2;37;31;52m[38;2;37;31;52m▓[0m[48;2;37;31;52m[38;2;37;31;52m▓[0m[48;2;37;31;52m[38;2;37;31;52m▓[0m[48;2;37;31;52m[38;2;37;31;52m▓[0m[48;2;37;31;52m[38;2;37;31;52m▓[0m[48;2;37;31;52m[38;2;37;31;52m▓[0m[48;2;37;31;52m[38;2;37;31;52m▓[0m[48;2;37;31;51m[38;2;37;31;51m▓[0m[48;2;34;29;45m[38;2;34;29;45m▓[0m[48;2;17;14;26m[38;2;17;14;26m█[0m[48;2;168;167;170m[38;2;168;167;170m=[0m                          