                                                                                                    
                                                                                                    
                                                                                                    
                                                                                                    
                                                                                                    
                                                                                                    
                                                                                                    
                                                                                                    
                                                                                                    
                                                                                                    
                                                                                                    
                                                 [48;2;230;230;230m[38;2;230;230;230m.[0m[48;2;218;218;218m[38;2;218;218;218m:[0m[48;2;213;213;213m[38;2;213;213;213m:[0m[48;2;221;221;221m[38;2;221;221;221m.[0m                                               
                                             [48;2;191;191;192m[38;2;191;191;192m-[0m[48;2;116;116;118m[38;2;116;116;118m#[0m[48;2;64;63;67m[38;2;64;63;67m░[0m[48;2;32;31;38m[38;2;32;31;38m▓[0m[48;2;25;24;33m[38;2;25;24;33m▓[0m[48;2;29;27;37m[38;2;29;27;37m▓[0m[48;2;29;27;38m[38;2;29;27;38m▓[0m[48;2;27;25;37m[38;2;27;25;37m▓[0m[48;2;23;22;32m[38;2;23;22;32m▓[0m[48;2;45;43;53m[38;2;45;43;53m▒[0m[48;2;86;84;93m[38;2;86;84;93m@[0m[48;2;142;141;146m[38;2;142;141;146m*[0m[48;2;219;219;221m[38;2;219;219;221m:[0m                                          
                                           [48;2;190;189;190m[38;2;190;189;190m-[0m[48;2;52;51;56m[38;2;52;51;56m▒[0m[48;2;28;26;38m[38;2;28;26;38m▓[0m[48;2;42;39;55m[38;2;42;39;55m▒[0m[48;2;45;42;58m[38;2;45;42;58m▒[0m[48;2;44;42;58m[38;2;44;42;58m▒[0m[48;2;45;42;57m[38;2;45;42;57m▒[0m[48;2;57;54;68m[38;2;57;54;68m░[0m[48;2;59;56;69m[38;2;59;56;69m░[0m[48;2;43;41;55m[38;2;43;41;55m▒[0m[48;2;62;60;75m[38;2;62;60;75m░[0m[48;2;47;46;61m[38;2;47;46;61m▒[0m[48;2;44;42;60m[38;2;44;42;60m▒[0m[48;2;39;36;54m[38;2;39;36;54m▒[0m[48;2;26;23;37m[38;2;26;23;37m▓[0m[48;2;71;69;77m[38;2;71;69;77m░[0m[48;2;179;179;181m[38;2;179;179;181m=[0m                                        
                                         [48;2;225;225;225m[38;2;225;225;225m.[0m[48;2;81;80;84m[38;2;81;80;84m@[0m[48;2;29;27;37m[38;2;29;27;37m▓[0m[48;2;44;41;55m[38;2;44;41;55m▒[0m[48;2;36;33;47m[38;2;36;33;47m▓[0m[48;2;28;25;37m[38;2;28;25;37m▓[0m[48;2;51;44;56m[38;2;51;44;56m▒[0m[48;2;75;66;76m[38;2;75;66;76m░[0m[48;2;90;79;89m[38;2;90;79;89m@[0m[48;2;95;84;93m[38;2;95;84;93m@[0m[48;2;95;84;93m[38;2;95;84;93m@[0m[48;2;79;68;77m[38;2;79;68;77m░[0m[48;2;60;50;58m[38;2;60;50;58m▒[0m[48;2;52;44;53m[38;2;52;44;53m▒[0m[48;2;47;43;51m[38;2;47;43;51m▒[0m[48;2;29;25;35m[38;2;29;25;35m▓[0m[48;2;32;28;38m[38;2;32;28;38m▓[0m[48;2;26;22;31m[38;2;26;22;31m▓[0m[48;2;15;11;17m[38;2;15;11;17m█[0m[48;2;75;72;76m[38;2;75;72;76m@[0m[48;2;228;227;228m[38;2;228;227;228m.[0m                                      
                                        [48;2;205;205;207m[38;2;205;205;207m:[0m[48;2;35;33;39m[38;2;35;33;39m▓[0m[48;2;41;39;51m[38;2;41;39;51m▒[0m[48;2;43;40;54m[38;2;43;40;54m▒[0m[48;2;20;18;29m[38;2;20;18;29m▓[0m[48;2;71;62;72m[38;2;71;62;72m░[0m[48;2;147;132;144m[38;2;147;132;144m*[0m[48;2;159;140;154m[38;2;159;140;154m+[0m[48;2;162;141;156m[38;2;162;141;156m+[0m[48;2;128;110;123m[38;2;128;110;123m#[0m[48;2;81;66;76m[38;2;81;66;76m░[0m[48;2;80;66;75m[38;2;80;66;75m░[0m[48;2;80;67;76m[38;2;80;67;76m░[0m[48;2;109;94;104m[38;2;109;94;104m%[0m[48;2;146;130;140m[38;2;146;130;140m*[0m[48;2;128;113;123m[38;2;128;113;123m#[0m[48;2;157;140;151m[38;2;157;140;151m+[0m[48;2;158;142;152m[38;2;158;142;152m+[0m[48;2;97;84;93m[38;2;97;84;93m@[0m[48;2;84;73;82m[38;2;84;73;82m@[0m[48;2;65;58;64m[38;2;65;58;64m░[0m[48;2;41;40;41m[38;2;41;40;41m▒[0m[48;2;223;223;223m[38;2;223;223;223m.[0m                                     
                                       [48;2;223;223;223m[38;2;223;223;223m.[0m[48;2;31;30;35m[38;2;31;30;35m▓[0m[48;2;41;39;51m[38;2;41;39;51m▒[0m[48;2;25;23;34m[38;2;25;23;34m▓[0m[48;2;36;30;40m[38;2;36;30;40m▓[0m[48;2;126;113;123m[38;2;126;113;123m#[0m[48;2;160;141;154m[38;2;160;141;154m+[0m[48;2;161;140;155m[38;2;161;140;155m+[0m[48;2;161;140;155m[38;2;161;140;155m+[0m[48;2;162;141;156m[38;2;162;141;156m+[0m[48;2;159;138;153m[38;2;159;138;153m*[0m[48;2;160;140;154m[38;2;160;140;154m+[0m[48;2;161;140;155m[38;2;161;140;155m+[0m[48;2;161;140;155m[38;2;161;140;155m+[0m[48;2;161;140;155m[38;2;161;140;155m+[0m[48;2;161;140;155m[38;2;161;140;155m+[0m[48;2;161;140;155m[38;2;161;140;155m+[0m[48;2;161;140;155m[38;2;161;140;155m+[0m[48;2;161;140;155m[38;2;161;140;155m+[0m[48;2;147;127;142m[38;2;147;127;142m*[0m[48;2;116;97;110m[38;2;116;97;110m%[0m[48;2;100;86;97m[38;2;100;86;97m%[0m[48;2;85;76;84m[38;2;85;76;84m@[0m[48;2;26;24;27m[38;2;26;24;27m▓[0m[48;2;114;113;115m[38;2;114;113;115m#[0m[48;2;168;168;170m[38;2;168;168;170m=[0m                                   
                                       [48;2;75;74;76m[38;2;75;74;76m@[0m[48;2;31;29;37m[38;2;31;29;37m▓[0m[48;2;12;9;19m[38;2;12;9;19m█[0m[48;2;42;37;44m[38;2;42;37;44m▒[0m[48;2;150;135;147m[38;2;150;135;147m*[0m[48;2;161;140;155m[38;2;161;140;155m+[0m[48;2;161;140;155m[38;2;161;140;155m+[0m[48;2;161;140;155m[38;2;161;140;155m+[0m[48;2;160;140;155m[38;2;160;140;155m+[0m[48;2;159;138;153m[38;2;159;138;153m*[0m[48;2;159;138;153m[38;2;159;138;153m*[0m[48;2;159;138;153m[38;2;159;138;153m*[0m[48;2;161;140;155m[38;2;161;140;155m+[0m[48;2;161;140;155m[38;2;161;140;155m+[0m[48;2;161;140;155m[38;2;161;140;155m+[0m[48;2;161;140;155m[38;2;161;140;155m+[0m[48;2;161;140;155m[38;2;161;140;155m+[0m[48;2;161;140;155m[38;2;161;140;155m+[0m[48;2;161;140;155m[38;2;161;140;155m+[0m[48;2;154;135;149m[38;2;154;135;149m*[0m[48;2;137;119;132m[38;2;137;119;132m#[0m[48;2;160;141;155m[38;2;160;141;155m+[0m[48;2;156;139;152m[38;2;156;139;152m*[0m[48;2;85;75;83m[38;2;85;75;83m@[0m[48;2;20;16;27m[38;2;20;16;27m▓[0m[48;2;30;24;47m[38;2;30;24;47m▓[0m[48;2;216;215;216m[38;2;216;215;216m:[0m                                  
                                      [48;2;201;201;201m[38;2;201;201;201m-[0m[48;2;10;10;11m[38;2;10;10;11m█[0m[48;2;27;25;31m[38;2;27;25;31m▓[0m[48;2;25;20;27m[38;2;25;20;27m▓[0m[48;2;147;133;145m[38;2;147;133;145m*[0m[48;2;161;141;156m[38;2;161;141;156m+[0m[48;2;161;140;155m[38;2;161;140;155m+[0m[48;2;161;140;155m[38;2;161;140;155m+[0m[48;2;148;131;144m[38;2;148;131;144m*[0m[48;2;56;43;55m[38;2;56;43;55m▒[0m[48;2;106;93;105m[38;2;106;93;105m%[0m[48;2;54;41;52m[38;2;54;41;52m▒[0m[48;2;155;138;152m[38;2;155;138;152m*[0m[48;2;86;69;83m[38;2;86;69;83m@[0m[48;2;154;134;149m[38;2;154;134;149m*[0m[48;2;161;140;155m[38;2;161;140;155m+[0m[48;2;161;140;155m[38;2;161;140;155m+[0m[48;2;161;140;155m[38;2;161;140;155m+[0m[48;2;159;138;153m[38;2;159;138;153m*[0m[48;2;118;101;114m[38;2;118;101;114m%[0m[48;2;145;128;140m[38;2;145;128;140m*[0m[48;2;48;35;45m[38;2;48;35;45m▒[0m[48;2;157;139;153m[38;2;157;139;153m*[0m[48;2;160;140;154m[38;2;160;140;154m+[0m[48;2;159;140;154m[38;2;159;140;154m+[0m[48;2;51;41;49m[38;2;51;41;49m▒[0m[48;2;37;27;51m[38;2;37;27;51m▓[0m[48;2;91;87;95m[38;2;91;87;95m@[0m                                  
                                      [48;2;123;123;123m[38;2;123;123;123m#[0m[48;2;19;17;19m[38;2;19;17;19m█[0m[48;2;82;77;83m[38;2;82;77;83m@[0m[48;2;86;77;86m[38;2;86;77;86m@[0m[48;2;160;142;156m[38;2;160;142;156m+[0m[48;2;161;140;155m[38;2;161;140;155m+[0m[48;2;161;140;155m[38;2;161;140;155m+[0m[48;2;160;140;154m[38;2;160;140;154m+[0m[48;2;55;44;54m[38;2;55;44;54m▒[0m[48;2;42;39;45m[38;2;42;39;45m▒[0m[48;2;23;19;25m[38;2;23;19;25m▓[0m[48;2;104;96;104m[38;2;104;96;104m%[0m[48;2;85;72;82m[38;2;85;72;82m@[0m[48;2;52;42;51m[38;2;52;42;51m▒[0m[48;2;115;100;113m[38;2;115;100;113m%[0m[48;2;159;140;154m[38;2;159;140;154m+[0m[48;2;161;140;155m[38;2;161;140;155m+[0m[48;2;161;140;155m[38;2;161;140;155m+[0m[48;2;153;134;148m[38;2;153;134;148m*[0m[48;2;35;22;33m[38;2;35;22;33m▓[0m[48;2;151;137;147m[38;2;151;137;147m*[0m[48;2;76;64;72m[38;2;76;64;72m░[0m[48;2;105;92;103m[38;2;105;92;103m%[0m[48;2;159;141;155m[38;2;159;141;155m+[0m[48;2;160;141;155m[38;2;160;141;155m+[0m[48;2;135;119;131m[38;2;135;119;131m#[0m[48;2;23;14;27m[38;2;23;14;27m█[0m[48;2;93;89;96m[38;2;93;89;96m@[0m                                  
                                      [48;2;80;80;80m[38;2;80;80;80m@[0m[48;2;105;97;102m[38;2;105;97;102m%[0m[48;2;66;56;64m[38;2;66;56;64m░[0m[48;2;124;112;122m[38;2;124;112;122m#[0m[48;2;161;140;155m[38;2;161;140;155m+[0m[48;2;161;140;155m[38;2;161;140;155m+[0m[48;2;161;140;155m[38;2;161;140;155m+[0m[48;2;126;108;121m[38;2;126;108;121m#[0m[48;2;7;0;6m[38;2;7;0;6m█[0m[48;2;70;64;68m[38;2;70;64;68m░[0m[48;2;47;42;46m[38;2;47;42;46m▒[0m[48;2;56;48;65m[38;2;56;48;65m▒[0m[48;2;23;14;37m[38;2;23;14;37m▓[0m[48;2;15;9;22m[38;2;15;9;22m█[0m[48;2;12;6;11m[38;2;12;6;11m█[0m[48;2;69;58;65m[38;2;69;58;65m░[0m[48;2;120;105;115m[38;2;120;105;115m#[0m[48;2;124;109;119m[38;2;124;109;119m#[0m[48;2;123;108;119m[38;2;123;108;119m#[0m[48;2;25;18;25m[38;2;25;18;25m▓[0m[48;2;39;31;38m[38;2;39;31;38m▓[0m[48;2;114;103;112m[38;2;114;103;112m%[0m[48;2;26;16;24m[38;2;26;16;24m▓[0m[48;2;70;59;68m[38;2;70;59;68m░[0m[48;2;123;109;120m[38;2;123;109;120m#[0m[48;2;91;79;89m[38;2;91;79;89m@[0m[48;2;101;91;100m[38;2;101;91;100m%[0m[48;2;71;66;72m[38;2;71;66;72m░[0m[48;2;123;121;123m[38;2;123;121;123m#[0m[48;2;202;201;203m[38;2;202;201;203m:[0m                                
                                      [48;2;42;40;41m[38;2;42;40;41m▒[0m[48;2;155;142;151m[38;2;155;142;151m+[0m[48;2;64;54;62m[38;2;64;54;62m░[0m[48;2;126;113;123m[38;2;126;113;123m#[0m[48;2;161;140;155m[38;2;161;140;155m+[0m[48;2;161;140;155m[38;2;161;140;155m+[0m[48;2;161;140;155m[38;2;161;140;155m+[0m[48;2;93;76;87m[38;2;93;76;87m@[0m[48;2;115;105;110m[38;2;115;105;110m%[0m[48;2;222;210;213m[38;2;222;210;213m:[0m[48;2;103;93;96m[38;2;103;93;96m%[0m[48;2;89;63;133m[38;2;89;63;133m@[0m[48;2;83;42;155m[38;2;83;42;155m░[0m[48;2;36;15;69m[38;2;36;15;69m▓[0m[48;2;193;184;185m[38;2;193;184;185m-[0m[48;2;213;201;198m[38;2;213;201;198m:[0m[48;2;186;174;171m[38;2;186;174;171m=[0m[48;2;179;166;163m[38;2;179;166;163m=[0m[48;2;177;166;165m[38;2;177;166;165m=[0m[48;2;28;21;28m[38;2;28;21;28m▓[0m[48;2;58;27;119m[38;2;58;27;119m▒[0m[48;2;56;24;115m[38;2;56;24;115m▒[0m[48;2;24;14;33m[38;2;24;14;33m▓[0m[48;2;107;100;106m[38;2;107;100;106m%[0m[48;2;25;20;24m[38;2;25;20;24m▓[0m[48;2;38;33;37m[38;2;38;33;37m▓[0m[48;2;36;30;37m[38;2;36;30;37m▓[0m[48;2;33;28;34m[38;2;33;28;34m▓[0m[48;2;99;94;99m[38;2;99;94;99m%[0m[48;2;143;139;143m[38;2;143;139;143m*[0m                                
                                     [48;2;224;224;224m[38;2;224;224;224m.[0m[48;2;48;43;46m[38;2;48;43;46m▒[0m[48;2;158;143;153m[38;2;158;143;153m+[0m[48;2;111;98;107m[38;2;111;98;107m%[0m[48;2;74;63;72m[38;2;74;63;72m░[0m[48;2;160;141;154m[38;2;160;141;154m+[0m[48;2;161;140;155m[38;2;161;140;155m+[0m[48;2;161;140;155m[38;2;161;140;155m+[0m[48;2;88;74;84m[38;2;88;74;84m@[0m[48;2;161;150;154m[38;2;161;150;154m+[0m[48;2;249;236;236m[38;2;249;236;236m [0m[48;2;94;84;85m[38;2;94;84;85m@[0m[48;2;180;148;184m[38;2;180;148;184m+[0m[48;2;205;147;209m[38;2;205;147;209m=[0m[48;2;56;38;59m[38;2;56;38;59m▒[0m[48;2;234;222;221m[38;2;234;222;221m.[0m[48;2;249;235;227m[38;2;249;235;227m [0m[48;2;250;235;227m[38;2;250;235;227m [0m[48;2;250;234;228m[38;2;250;234;228m [0m[48;2;247;232;227m[38;2;247;232;227m.[0m[48;2;39;28;35m[38;2;39;28;35m▓[0m[48;2;175;140;198m[38;2;175;140;198m+[0m[48;2;106;65;146m[38;2;106;65;146m@[0m[48;2;85;74;82m[38;2;85;74;82m@[0m[48;2;210;200;196m[38;2;210;200;196m:[0m[48;2;180;170;167m[38;2;180;170;167m=[0m[48;2;89;83;82m[38;2;89;83;82m@[0m[48;2;45;39;44m[38;2;45;39;44m▒[0m[48;2;25;20;26m[38;2;25;20;26m▓[0m[48;2;243;240;244m[38;2;243;240;244m [0m                                 
                                      [48;2;43;39;41m[38;2;43;39;41m▒[0m[48;2;152;137;147m[38;2;152;137;147m*[0m[48;2;125;111;120m[38;2;125;111;120m#[0m[48;2;9;2;9m[38;2;9;2;9m█[0m[48;2;71;62;70m[38;2;71;62;70m░[0m[48;2;148;130;144m[38;2;148;130;144m*[0m[48;2;161;140;155m[38;2;161;140;155m+[0m[48;2;131;115;127m[38;2;131;115;127m#[0m[48;2;74;62;66m[38;2;74;62;66m░[0m[48;2;239;213;212m[38;2;239;213;212m.[0m[48;2;206;192;189m[38;2;206;192;189m-[0m[48;2;97;83;88m[38;2;97;83;88m@[0m[48;2;100;83;92m[38;2;100;83;92m@[0m[48;2;186;175;175m[38;2;186;175;175m=[0m[48;2;249;235;228m[38;2;249;235;228m [0m[48;2;248;233;224m[38;2;248;233;224m.[0m[48;2;247;232;223m[38;2;247;232;223m.[0m[48;2;250;235;226m[38;2;250;235;226m [0m[48;2;250;235;227m[38;2;250;235;227m [0m[48;2;117;103;103m[38;2;117;103;103m%[0m[48;2;117;88;112m[38;2;117;88;112m%[0m[48;2;78;55;73m[38;2;78;55;73m░[0m[48;2;207;194;190m[38;2;207;194;190m-[0m[48;2;248;227;220m[38;2;248;227;220m.[0m[48;2;248;231;225m[38;2;248;231;225m.[0m[48;2;97;88;87m[38;2;97;88;87m@[0m[48;2;123;112;119m[38;2;123;112;119m#[0m[48;2;60;51;59m[38;2;60;51;59m▒[0m[48;2;181;179;183m[38;2;181;179;183m=[0m                                 
                                      [48;2;113;113;113m[38;2;113;113;113m#[0m[48;2;16;15;16m[38;2;16;15;16m█[0m[48;2;99;94;96m[38;2;99;94;96m%[0m[48;2;157;147;149m[38;2;157;147;149m+[0m[48;2;78;69;72m[38;2;78;69;72m░[0m[48;2;9;4;7m[38;2;9;4;7m█[0m[48;2;37;32;36m[38;2;37;32;36m▓[0m[48;2;75;69;74m[38;2;75;69;74m░[0m[48;2;40;34;37m[38;2;40;34;37m▓[0m[48;2;69;61;61m[38;2;69;61;61m░[0m[48;2;175;162;160m[38;2;175;162;160m=[0m[48;2;250;237;231m[38;2;250;237;231m [0m[48;2;250;235;228m[38;2;250;235;228m [0m[48;2;250;234;227m[38;2;250;234;227m [0m[48;2;250;235;226m[38;2;250;235;226m [0m[48;2;212;197;188m[38;2;212;197;188m-[0m[48;2;147;131;125m[38;2;147;131;125m*[0m[48;2;249;234;225m[38;2;249;234;225m.[0m[48;2;250;235;226m[38;2;250;235;226m [0m[48;2;249;234;225m[38;2;249;234;225m.[0m[48;2;215;200;193m[38;2;215;200;193m:[0m[48;2;237;222;216m[38;2;237;222;216m.[0m[48;2;244;222;212m[38;2;244;222;212m.[0m[48;2;237;201;189m[38;2;237;201;189m:[0m[48;2;247;223;216m[38;2;247;223;216m.[0m[48;2;75;66;65m[38;2;75;66;65m░[0m[48;2;83;75;79m[38;2;83;75;79m@[0m[48;2;69;62;67m[38;2;69;62;67m░[0m[48;2;229;226;230m[38;2;229;226;230m.[0m                                 
                                     [48;2;226;226;226m[38;2;226;226;226m.[0m[48;2;55;55;55m[38;2;55;55;55m░[0m[48;2;177;177;177m[38;2;177;177;177m=[0m[48;2;70;69;69m[38;2;70;69;69m░[0m[48;2;172;163;164m[38;2;172;163;164m=[0m[48;2;236;226;227m[38;2;236;226;227m.[0m[48;2;39;35;36m[38;2;39;35;36m▓[0m[48;2;48;46;47m[38;2;48;46;47m▒[0m[48;2;50;45;47m[38;2;50;45;47m▒[0m[48;2;198;191;191m[38;2;198;191;191m-[0m[48;2;242;233;229m[38;2;242;233;229m.[0m[48;2;244;232;228m[38;2;244;232;228m.[0m[48;2;249;235;230m[38;2;249;235;230m [0m[48;2;251;235;229m[38;2;251;235;229m [0m[48;2;251;235;229m[38;2;251;235;229m [0m[48;2;250;235;227m[38;2;250;235;227m [0m[48;2;250;235;226m[38;2;250;235;226m [0m[48;2;250;235;226m[38;2;250;235;226m [0m[48;2;250;235;226m[38;2;250;235;226m [0m[48;2;250;235;226m[38;2;250;235;226m [0m[48;2;250;235;226m[38;2;250;235;226m [0m[48;2;250;235;226m[38;2;250;235;226m [0m[48;2;250;234;228m[38;2;250;234;228m [0m[48;2;251;235;230m[38;2;251;235;230m [0m[48;2;249;234;231m[38;2;249;234;231m [0m[48;2;173;161;160m[38;2;173;161;160m+[0m[48;2;52;45;47m[38;2;52;45;47m▒[0m[48;2;47;41;43m[38;2;47;41;43m▒[0m[48;2;169;164;167m[38;2;169;164;167m=[0m                                  
                                     [48;2;175;175;175m[38;2;175;175;175m=[0m[48;2;88;88;88m[38;2;88;88;88m@[0m[48;2;202;201;203m[38;2;202;201;203m:[0m[48;2;133;132;135m[38;2;133;132;135m*[0m[48;2;2;1;3m[38;2;2;1;3m█[0m[48;2;38;35;38m[38;2;38;35;38m▓[0m[48;2;24;22;24m[38;2;24;22;24m▓[0m[48;2;188;186;187m[38;2;188;186;187m-[0m[48;2;40;38;39m[38;2;40;38;39m▒[0m[48;2;59;56;57m[38;2;59;56;57m░[0m[48;2;47;44;45m[38;2;47;44;45m▒[0m[48;2;65;60;61m[38;2;65;60;61m░[0m[48;2;90;85;85m[38;2;90;85;85m@[0m[48;2;113;107;108m[38;2;113;107;108m%[0m[48;2;132;125;126m[38;2;132;125;126m#[0m[48;2;149;142;141m[38;2;149;142;141m*[0m[48;2;166;157;155m[38;2;166;157;155m+[0m[48;2;179;168;164m[38;2;179;168;164m=[0m[48;2;188;177;173m[38;2;188;177;173m=[0m[48;2;191;180;175m[38;2;191;180;175m=[0m[48;2;189;178;173m[38;2;189;178;173m=[0m[48;2;178;168;164m[38;2;178;168;164m=[0m[48;2;159;149;146m[38;2;159;149;146m+[0m[48;2;125;117;115m[38;2;125;117;115m#[0m[48;2;68;60;64m[38;2;68;60;64m░[0m[48;2;16;11;17m[38;2;16;11;17m█[0m[48;2;32;28;33m[38;2;32;28;33m▓[0m[48;2;89;84;88m[38;2;89;84;88m@[0m                                   
                                   [48;2;200;200;200m[38;2;200;200;200m-[0m[48;2;93;90;91m[38;2;93;90;91m@[0m[48;2;66;61;64m[38;2;66;61;64m░[0m[48;2;72;70;73m[38;2;72;70;73m░[0m[48;2;202;201;204m[38;2;202;201;204m:[0m[48;2;127;126;129m[38;2;127;126;129m#[0m[48;2;3;3;5m[38;2;3;3;5m█[0m[48;2;10;9;12m[38;2;10;9;12m█[0m[48;2;7;4;9m[38;2;7;4;9m█[0m[48;2;220;218;222m[38;2;220;218;222m:[0m[48;2;149;146;149m[38;2;149;146;149m+[0m[48;2;5;3;5m[38;2;5;3;5m█[0m[48;2;16;15;18m[38;2;16;15;18m█[0m[48;2;5;3;9m[38;2;5;3;9m█[0m[48;2;7;6;11m[38;2;7;6;11m█[0m[48;2;20;17;25m[38;2;20;17;25m▓[0m[48;2;31;27;38m[38;2;31;27;38m▓[0m[48;2;23;19;30m[38;2;23;19;30m▓[0m[48;2;49;45;53m[38;2;49;45;53m▒[0m[48;2;97;91;95m[38;2;97;91;95m%[0m[48;2;47;40;41m[38;2;47;40;41m▒[0m[48;2;46;41;41m[38;2;46;41;41m▒[0m[48;2;77;74;75m[38;2;77;74;75m@[0m[48;2;13;10;12m[38;2;13;10;12m█[0m[48;2;8;5;8m[38;2;8;5;8m█[0m[48;2;7;5;8m[38;2;7;5;8m█[0m[48;2;34;30;43m[38;2;34;30;43m▓[0m[48;2;21;16;30m[38;2;21;16;30m▓[0m[48;2;12;9;15m[38;2;12;9;15m█[0m[48;2;165;163;167m[38;2;165;163;167m+[0m                                   
                                  [48;2;125;123;126m[38;2;125;123;126m#[0m[48;2;74;70;75m[38;2;74;70;75m░[0m[48;2;148;134;143m[38;2;148;134;143m*[0m[48;2;155;137;148m[38;2;155;137;148m*[0m[48;2;49;43;49m[38;2;49;43;49m▒[0m[48;2;171;169;173m[38;2;171;169;173m=[0m[48;2;189;187;191m[38;2;189;187;191m-[0m[48;2;25;23;27m[38;2;25;23;27m▓[0m[48;2;7;5;10m[38;2;7;5;10m█[0m[48;2;88;85;91m[38;2;88;85;91m@[0m [48;2;87;84;90m[38;2;87;84;90m@[0m[48;2;19;16;22m[38;2;19;16;22m█[0m[48;2;13;12;19m[38;2;13;12;19m█[0m[48;2;31;27;43m[38;2;31;27;43m▓[0m[48;2;27;23;37m[38;2;27;23;37m▓[0m[48;2;24;21;31m[38;2;24;21;31m▓[0m[48;2;14;11;20m[38;2;14;11;20m█[0m[48;2;36;33;41m[38;2;36;33;41m▓[0m[48;2;10;7;13m[38;2;10;7;13m█[0m[48;2;9;6;10m[38;2;9;6;10m█[0m[48;2;106;102;105m[38;2;106;102;105m%[0m[48;2;117;114;115m[38;2;117;114;115m#[0m[48;2;52;49;50m[38;2;52;49;50m▒[0m[48;2;19;14;17m[38;2;19;14;17m█[0m[48;2;95;87;80m[38;2;95;87;80m@[0m[48;2;10;7;11m[38;2;10;7;11m█[0m[48;2;27;23;35m[38;2;27;23;35m▓[0m[48;2;76;72;82m[38;2;76;72;82m@[0m[48;2;224;223;226m[38;2;224;223;226m.[0m                                    
                                 [48;2;135;135;135m[38;2;135;135;135m*[0m[48;2;90;80;86m[38;2;90;80;86m@[0m[48;2;159;142;152m[38;2;159;142;152m+[0m[48;2;157;140;151m[38;2;157;140;151m+[0m[48;2;128;112;122m[38;2;128;112;122m#[0m[48;2;68;62;69m[38;2;68;62;69m░[0m[48;2;69;67;72m[38;2;69;67;72m░[0m[48;2;107;105;110m[38;2;107;105;110m%[0m[48;2;62;60;66m[38;2;62;60;66m░[0m[48;2;31;30;35m[38;2;31;30;35m▓[0m[48;2;122;121;126m[38;2;122;121;126m#[0m[48;2;50;49;54m[38;2;50;49;54m▒[0m[48;2;19;17;26m[38;2;19;17;26m▓[0m[48;2;19;16;28m[38;2;19;16;28m█[0m[48;2;16;12;24m[38;2;16;12;24m█[0m[48;2;35;30;50m[38;2;35;30;50m▓[0m[48;2;37;31;52m[38;2;37;31;52m▓[0m[48;2;37;31;52m[38;2;37;31;52m▓[0m[48;2;30;24;43m[38;2;30;24;43m▓[0m[48;2;11;7;18m[38;2;11;7;18m█[0m[48;2;127;120;102m[38;2;127;120;102m#[0m[48;2;91;82;68m[38;2;91;82;68m@[0m[48;2;16;9;7m[38;2;16;9;7m█[0m[48;2;13;7;7m[38;2;13;7;7m█[0m[48;2;103;95;80m[38;2;103;95;80m%[0m[48;2;48;38;33m[38;2;48;38;33m▒[0m[48;2;117;110;97m[38;2;117;110;97m#[0m[48;2;6;4;7m[38;2;6;4;7m█[0m[48;2;75;72;79m[38;2;75;72;79m@[0m[48;2;237;236;241m[38;2;237;236;241m.[0m                                     
                                 [48;2;50;48;49m[38;2;50;48;49m▒[0m[48;2;150;136;144m[38;2;150;136;144m*[0m[48;2;160;142;153m[38;2;160;142;153m+[0m[48;2;112;98;107m[38;2;112;98;107m%[0m[48;2;96;89;96m[38;2;96;89;96m%[0m[48;2;185;181;187m[38;2;185;181;187m-[0m[48;2;87;83;89m[38;2;87;83;89m@[0m[48;2;75;66;74m[38;2;75;66;74m░[0m[48;2;116;105;114m[38;2;116;105;114m%[0m[48;2;97;86;94m[38;2;97;86;94m@[0m[48;2;71;65;71m[38;2;71;65;71m░[0m[48;2;9;8;14m[38;2;9;8;14m█[0m[48;2;25;22;38m[38;2;25;22;38m▓[0m[48;2;31;26;46m[38;2;31;26;46m▓[0m[48;2;37;31;52m[38;2;37;31;52m▓[0m[48;2;37;31;52m[38;2;37;31;52m▓[0m[48;2;37;31;52m[38;2;37;31;52m▓[0m[48;2;37;31;52m[38;2;37;31;52m▓[0m[48;2;36;31;51m[38;2;36;31;51m▓[0m[48;2;17;13;27m[38;2;17;13;27m█[0m[48;2;107;98;84m[38;2;107;98;84m%[0m[48;2;219;203;161m[38;2;219;203;161m:[0m[48;2;217;200;152m[38;2;217;200;152m-[0m[48;2;208;190;144m[38;2;208;190;144m-[0m[48;2;214;196;154m[38;2;214;196;154m-[0m[48;2;70;61;50m[38;2;70;61;50m░[0m[48;2;13;8;15m[38;2;13;8;15m█[0m[48;2;21;18;26m[38;2;21;18;26m▓[0m[48;2;99;97;103m[38;2;99;97;103m%[0m                                      
                                 [48;2;103;101;102m[38;2;103;101;102m%[0m[48;2;112;100;108m[38;2;112;100;108m%[0m[48;2;160;141;154m[38;2;160;141;154m+[0m[48;2;71;57;66m[38;2;71;57;66m░[0m[48;2;70;62;69m[38;2;70;62;69m░[0m[48;2;38;32;39m[38;2;38;32;39m▓[0m[48;2;132;123;132m[38;2;132;123;132m#[0m[48;2;156;141;151m[38;2;156;141;151m+[0m[48;2;155;138;149m[38;2;155;138;149m*[0m[48;2;127;111;121m[38;2;127;111;121m#[0m[48;2;73;63;72m[38;2;73;63;72m░[0m[48;2;16;14;21m[38;2;16;14;21m█[0m[48;2;36;31;50m[38;2;36;31;50m▓[0m[48;2;37;31;52m[38;2;37;31;52m▓[0m[48;2;37;31;52m[38;2;37;31;52m▓[0m[48;2;37;31;52m[38;2;37;31;52m▓[0m[48;2;31;25;44m[38;2;31;25;44m▓[0m[48;2;23;19;33m[38;2;23;19;33m▓[0m[48;2;10;8;16m[38;2;10;8;16m█[0m[48;2;19;16;22m[38;2;19;16;22m█[0m[48;2;50;48;49m[38;2;50;48;49m▒[0m[48;2;50;46;46m[38;2;50;46;46m▒[0m[48;2;77;70;62m[38;2;77;70;62m░[0m[48;2;103;95;80m[38;2;103;95;80m%[0m[48;2;24;17;21m[38;2;24;17;21m▓[0m[48;2;11;6;12m[38;2;11;6;12m█[0m[48;2;3;1;6m[38;2;3;1;6m█[0m[48;2;38;37;41m[38;2;38;37;41m▒[0m[48;2;40;39;42m[38;2;40;39;42m▒[0m[48;2;67;66;69m[38;2;67;66;69m░[0m[48;2;80;79;81m[38;2;80;79;81m@[0m[48;2;191;191;191m[38;2;191;191;191m-[0m                                   
                                  [48;2;118;116;117m[38;2;118;116;117m#[0m[48;2;73;66;70m[38;2;73;66;70m░[0m[48;2;118;107;116m[38;2;118;107;116m#[0m[48;2;101;90;99m[38;2;101;90;99m%[0m[48;2;85;76;84m[38;2;85;76;84m@[0m[48;2;76;67;75m[38;2;76;67;75m░[0m[48;2;84;74;82m[38;2;84;74;82m@[0m[48;2;37;28;36m[38;2;37;28;36m▓[0m[48;2;21;14;21m[38;2;21;14;21m█[0m[48;2;66;61;66m[38;2;66;61;66m░[0m[48;2;9;6;12m[38;2;9;6;12m█[0m[48;2;30;25;40m[38;2;30;25;40m▓[0m[48;2;36;30;50m[38;2;36;30;50m▓[0m[48;2;35;29;49m[38;2;35;29;49m▓[0m[48;2;22;18;32m[38;2;22;18;32m▓[0m[48;2;5;2;8m[38;2;5;2;8m█[0m[48;2;30;27;32m[38;2;30;27;32m▓[0m[48;2;65;63;65m[38;2;65;63;65m░[0m[48;2;20;18;19m[38;2;20;18;19m▓[0m[48;2;20;18;19m[38;2;20;18;19m▓[0m[48;2;81;79;80m[38;2;81;79;80m@[0m[48;2;58;56;57m[38;2;58;56;57m░[0m[48;2;71;69;70m[38;2;71;69;70m░[0m[48;2;74;72;73m[38;2;74;72;73m░[0m[48;2;55;52;57m[38;2;55;52;57m▒[0m[48;2;11;7;25m[38;2;11;7;25m█[0m[48;2;3;2;6m[38;2;3;2;6m█[0m[48;2;19;17;26m[38;2;19;17;26m▓[0m[48;2;20;17;30m[38;2;20;17;30m▓[0m[48;2;18;14;27m[38;2;18;14;27m█[0m[48;2;54;53;59m[38;2;54;53;59m▒[0m[48;2;205;204;206m[38;2;205;204;206m:[0m                                  
                                   [48;2;136;134;135m[38;2;136;134;135m*[0m[48;2;42;35;40m[38;2;42;35;40m▒[0m[48;2;84;72;80m[38;2;84;72;80m@[0m[48;2;80;67;76m[38;2;80;67;76m░[0m[48;2;80;68;77m[38;2;80;68;77m░[0m[48;2;82;70;79m[38;2;82;70;79m@[0m[48;2;86;75;84m[38;2;86;75;84m@[0m[48;2;81;71;79m[38;2;81;71;79m@[0m[48;2;76;66;73m[38;2;76;66;73m░[0m[48;2;70;61;68m[38;2;70;61;68m░[0m[48;2;67;57;67m[38;2;67;57;67m░[0m[48;2;66;57;67m[38;2;66;57;67m░[0m[48;2;66;58;66m[38;2;66;58;66m░[0m[48;2;61;56;64m[38;2;61;56;64m░[0m[48;2;55;53;57m[38;2;55;53;57m▒[0m[48;2;25;23;26m[38;2;25;23;26m▓[0m[48;2;5;3;8m[38;2;5;3;8m█[0m[48;2;26;22;31m[38;2;26;22;31m▓[0m[48;2;21;17;27m[38;2;21;17;27m▓[0m[48;2;146;142;148m[38;2;146;142;148m*[0m[48;2;223;220;223m[38;2;223;220;223m.[0m[48;2;149;146;150m[38;2;149;146;150m+[0m[48;2;22;18;29m[38;2;22;18;29m▓[0m[48;2;37;28;70m[38;2;37;28;70m▓[0m[48;2;24;18;41m[38;2;24;18;41m▓[0m[48;2;11;8;20m[38;2;11;8;20m█[0m[48;2;14;13;22m[38;2;14;13;22m█[0m[48;2;36;31;50m[38;2;36;31;50m▓[0m[48;2;37;31;52m[38;2;37;31;52m▓[0m[48;2;35;29;49m[38;2;35;29;49m▓[0m[48;2;23;19;32m[38;2;23;19;32m▓[0m[48;2;82;79;85m[38;2;82;79;85m@[0m[48;2;206;205;207m[38;2;206;205;207m:[0m                                
                                    [48;2;176;175;175m[38;2;176;175;175m=[0m[48;2;106;104;105m[38;2;106;104;105m%[0m[48;2;90;82;88m[38;2;90;82;88m@[0m[48;2;84;77;83m[38;2;84;77;83m@[0m[48;2;91;83;89m[38;2;91;83;89m@[0m[48;2;90;82;89m[38;2;90;82;89m@[0m[48;2;93;85;92m[38;2;93;85;92m@[0m[48;2;97;89;96m[38;2;97;89;96m%[0m[48;2;95;87;94m[38;2;95;87;94m@[0m[48;2;90;82;90m[38;2;90;82;90m@[0m[48;2;79;71;80m[38;2;79;71;80m@[0m[48;2;58;50;60m[38;2;58;50;60m▒[0m[48;2;43;37;47m[38;2;43;37;47m▒[0m[48;2;22;18;29m[38;2;22;18;29m▓[0m[48;2;27;22;36m[38;2;27;22;36m▓[0m[48;2;36;31;48m[38;2;36;31;48m▓[0m[48;2;37;31;52m[38;2;37;31;52m▓[0m[48;2;36;31;50m[38;2;36;31;50m▓[0m[48;2;20;16;29m[38;2;20;16;29m▓[0m[48;2;180;177;182m[38;2;180;177;182m=[0m [48;2;222;221;222m[38;2;222;221;222m.[0m[48;2;142;141;142m[38;2;142;141;142m*[0m[48;2;40;37;49m[38;2;40;37;49m▒[0m[48;2;44;39;53m[38;2;44;39;53m▒[0m[48;2;6;6;9m[38;2;6;6;9m█[0m[48;2;17;15;26m[38;2;17;15;26m█[0m[48;2;37;31;51m[38;2;37;31;51m▓[0m[48;2;37;31;52m[38;2;37;31;52m▓[0m[48;2;37;31;52m[38;2;37;31;52m▓[0m[48;2;35;29;48m[38;2;35;29;48m▓[0m[48;2;22;18;32m[38;2;22;18;32m▓[0m[48;2;109;107;113m[38;2;109;107;113m%[0m[48;2;239;239;239m[38;2;239;239;239m [0m                              
                                         [48;2;230;230;230m[38;2;230;230;230m.[0m[48;2;218;218;218m[38;2;218;218;218m:[0m[48;2;216;215;216m[38;2;216;215;216m:[0m[48;2;26;25;27m[38;2;26;25;27m▓[0m[48;2;32;27;42m[38;2;32;27;42m▓[0m[48;2;35;30;49m[38;2;35;30;49m▓[0m[48;2;36;30;50m[38;2;36;30;50m▓[0m[48;2;37;31;52m[38;2;37;31;52m▓[0m[48;2;36;30;51m[38;2;36;30;51m▓[0m[48;2;37;31;52m[38;2;37;31;52m▓[0m[48;2;37;31;52m[38;2;37;31;52m▓[0m[48;2;37;31;52m[38;2;37;31;52m▓[0m[48;2;37;31;52m[38;2;37;31;52m▓[0m[48;2;35;30;48m[38;2;35;30;48m▓[0m[48;2;25;21;33m[38;2;25;21;33m▓[0m[48;2;183;181;185m[38;2;183;181;185m=[0m  [48;2;228;227;228m[38;2;228;227;228m.[0m[48;2;227;227;228m[38;2;227;227;228m.[0m[48;2;81;80;83m[38;2;81;80;83m@[0m[48;2;24;14;75m[38;2;24;14;75m▓[0m[48;2;16;13;32m[38;2;16;13;32m█[0m[48;2;36;30;50m[38;2;36;30;50m▓[0m[48;2;37;31;52m[38;2;37;31;52m▓[0m[48;2;37;31;52m[38;2;37;31;52m▓[0m[48;2;37;31;51m[38;2;37;31;51m▓[0m[48;2;30;26;42m[38;2;30;26;42m▓[0m[48;2;49;47;53m[38;2;49;47;53m▒[0m[48;2;223;223;224m[38;2;223;223;224m.[0m                             