                                                                                                              
                                                                                                              
                                                                                                              
                                                                                                              
                                                                                                              
                                                                                                              
                                                                                                              
                                                                                                              
                                                                                                              
                                                                                                              
                                                                                                              
                                                                                                              
                                                                                                              
                                                   [48;2;180;180;181m[38;2;180;180;181m=[0m[48;2;128;127;129m[38;2;128;127;129m#[0m[48;2;94;93;95m[38;2;94;93;95m%[0m[48;2;68;67;71m[38;2;68;67;71m░[0m[48;2;54;53;57m[38;2;54;53;57m▒[0m[48;2;45;44;50m[38;2;45;44;50m▒[0m[48;2;46;45;51m[38;2;46;45;51m▒[0m[48;2;53;51;58m[38;2;53;51;58m▒[0m[48;2;69;67;74m[38;2;69;67;74m░[0m[48;2;96;95;100m[38;2;96;95;100m%[0m[48;2;145;144;148m[38;2;145;144;148m*[0m[48;2;205;204;206m[38;2;205;204;206m:[0m                                               
                                                 [48;2;160;160;162m[38;2;160;160;162m+[0m[48;2;33;32;39m[38;2;33;32;39m▓[0m[48;2;29;27;40m[38;2;29;27;40m▓[0m[48;2;39;37;51m[38;2;39;37;51m▒[0m[48;2;43;41;57m[38;2;43;41;57m▒[0m[48;2;44;43;59m[38;2;44;43;59m▒[0m[48;2;43;43;59m[38;2;43;43;59m▒[0m[48;2;43;43;60m[38;2;43;43;60m▒[0m[48;2;43;43;59m[38;2;43;43;59m▒[0m[48;2;42;42;59m[38;2;42;42;59m▒[0m[48;2;42;42;59m[38;2;42;42;59m▒[0m[48;2;41;41;57m[38;2;41;41;57m▒[0m[48;2;35;35;51m[38;2;35;35;51m▒[0m[48;2;25;24;38m[38;2;25;24;38m▓[0m[48;2;45;43;53m[38;2;45;43;53m▒[0m[48;2;133;132;137m[38;2;133;132;137m*[0m[48;2;236;236;237m[38;2;236;236;237m.[0m                                            
                                                [48;2;96;95;98m[38;2;96;95;98m%[0m[48;2;24;22;32m[38;2;24;22;32m▓[0m[48;2;44;42;58m[38;2;44;42;58m▒[0m[48;2;43;43;59m[38;2;43;43;59m▒[0m[48;2;41;43;59m[38;2;41;43;59m▒[0m[48;2;40;44;59m[38;2;40;44;59m▒[0m[48;2;40;44;59m[38;2;40;44;59m▒[0m[48;2;40;44;59m[38;2;40;44;59m▒[0m[48;2;40;44;59m[38;2;40;44;59m▒[0m[48;2;40;44;59m[38;2;40;44;59m▒[0m[48;2;40;44;59m[38;2;40;44;59m▒[0m[48;2;40;44;59m[38;2;40;44;59m▒[0m[48;2;40;44;59m[38;2;40;44;59m▒[0m[48;2;41;43;59m[38;2;41;43;59m▒[0m[48;2;42;42;60m[38;2;42;42;60m▒[0m[48;2;42;42;59m[38;2;42;42;59m▒[0m[48;2;33;32;47m[38;2;33;32;47m▓[0m[48;2;27;25;32m[38;2;27;25;32m▓[0m[48;2;88;86;90m[38;2;88;86;90m@[0m[48;2;187;186;188m[38;2;187;186;188m-[0m                                          
                                              [48;2;189;189;189m[38;2;189;189;189m-[0m[48;2;84;83;86m[38;2;84;83;86m@[0m[48;2;29;27;38m[38;2;29;27;38m▓[0m[48;2;44;43;60m[38;2;44;43;60m▒[0m[48;2;41;43;59m[38;2;41;43;59m▒[0m[48;2;40;44;59m[38;2;40;44;59m▒[0m[48;2;40;44;59m[38;2;40;44;59m▒[0m[48;2;40;44;59m[38;2;40;44;59m▒[0m[48;2;40;44;59m[38;2;40;44;59m▒[0m[48;2;40;44;59m[38;2;40;44;59m▒[0m[48;2;40;44;59m[38;2;40;44;59m▒[0m[48;2;40;44;59m[38;2;40;44;59m▒[0m[48;2;40;44;59m[38;2;40;44;59m▒[0m[48;2;40;44;59m[38;2;40;44;59m▒[0m[48;2;40;44;59m[38;2;40;44;59m▒[0m[48;2;40;44;59m[38;2;40;44;59m▒[0m[48;2;40;44;59m[38;2;40;44;59m▒[0m[48;2;41;44;59m[38;2;41;44;59m▒[0m[48;2;44;43;58m[38;2;44;43;58m▒[0m[48;2;76;75;82m[38;2;76;75;82m@[0m[48;2;11;8;14m[38;2;11;8;14m█[0m[48;2;55;51;59m[38;2;55;51;59m▒[0m[48;2;103;100;103m[38;2;103;100;103m%[0m                                         
                                             [48;2;143;143;143m[38;2;143;143;143m*[0m[48;2;4;4;7m[38;2;4;4;7m█[0m[48;2;22;21;29m[38;2;22;21;29m▓[0m[48;2;44;43;59m[38;2;44;43;59m▒[0m[48;2;42;43;60m[38;2;42;43;60m▒[0m[48;2;40;44;59m[38;2;40;44;59m▒[0m[48;2;40;44;59m[38;2;40;44;59m▒[0m[48;2;40;44;59m[38;2;40;44;59m▒[0m[48;2;40;44;59m[38;2;40;44;59m▒[0m[48;2;40;44;59m[38;2;40;44;59m▒[0m[48;2;40;44;59m[38;2;40;44;59m▒[0m[48;2;40;44;59m[38;2;40;44;59m▒[0m[48;2;40;44;59m[38;2;40;44;59m▒[0m[48;2;40;44;59m[38;2;40;44;59m▒[0m[48;2;40;44;59m[38;2;40;44;59m▒[0m[48;2;40;44;59m[38;2;40;44;59m▒[0m[48;2;40;44;59m[38;2;40;44;59m▒[0m[48;2;40;44;59m[38;2;40;44;59m▒[0m[48;2;40;44;59m[38;2;40;44;59m▒[0m[48;2;57;57;70m[38;2;57;57;70m░[0m[48;2;69;67;77m[38;2;69;67;77m░[0m[48;2;18;14;23m[38;2;18;14;23m█[0m[48;2;107;100;108m[38;2;107;100;108m%[0m[48;2;94;84;93m[38;2;94;84;93m@[0m[48;2;96;92;95m[38;2;96;92;95m%[0m                                        
                                             [48;2;40;39;41m[38;2;40;39;41m▒[0m[48;2;8;7;12m[38;2;8;7;12m█[0m[48;2;42;41;55m[38;2;42;41;55m▒[0m[48;2;41;43;59m[38;2;41;43;59m▒[0m[48;2;40;44;59m[38;2;40;44;59m▒[0m[48;2;40;44;59m[38;2;40;44;59m▒[0m[48;2;40;44;59m[38;2;40;44;59m▒[0m[48;2;40;44;59m[38;2;40;44;59m▒[0m[48;2;40;44;59m[38;2;40;44;59m▒[0m[48;2;40;44;59m[38;2;40;44;59m▒[0m[48;2;40;44;59m[38;2;40;44;59m▒[0m[48;2;40;44;59m[38;2;40;44;59m▒[0m[48;2;40;44;59m[38;2;40;44;59m▒[0m[48;2;40;44;59m[38;2;40;44;59m▒[0m[48;2;40;44;59m[38;2;40;44;59m▒[0m[48;2;40;44;59m[38;2;40;44;59m▒[0m[48;2;40;44;59m[38;2;40;44;59m▒[0m[48;2;40;44;59m[38;2;40;44;59m▒[0m[48;2;43;46;61m[38;2;43;46;61m▒[0m[48;2;58;58;74m[38;2;58;58;74m░[0m[48;2;42;40;54m[38;2;42;40;54m▒[0m[48;2;19;13;23m[38;2;19;13;23m█[0m[48;2;109;97;108m[38;2;109;97;108m%[0m[48;2;99;86;97m[38;2;99;86;97m@[0m[48;2;65;54;62m[38;2;65;54;62m░[0m[48;2;170;168;170m[38;2;170;168;170m=[0m                                       
                                           [48;2;229;229;229m[38;2;229;229;229m.[0m[48;2;55;54;56m[38;2;55;54;56m▒[0m[48;2;37;32;37m[38;2;37;32;37m▓[0m[48;2;23;20;27m[38;2;23;20;27m▓[0m[48;2;42;43;58m[38;2;42;43;58m▒[0m[48;2;40;44;59m[38;2;40;44;59m▒[0m[48;2;40;44;59m[38;2;40;44;59m▒[0m[48;2;40;44;59m[38;2;40;44;59m▒[0m[48;2;40;44;59m[38;2;40;44;59m▒[0m[48;2;40;44;59m[38;2;40;44;59m▒[0m[48;2;40;44;59m[38;2;40;44;59m▒[0m[48;2;40;44;59m[38;2;40;44;59m▒[0m[48;2;40;44;59m[38;2;40;44;59m▒[0m[48;2;40;44;59m[38;2;40;44;59m▒[0m[48;2;40;44;59m[38;2;40;44;59m▒[0m[48;2;40;44;59m[38;2;40;44;59m▒[0m[48;2;40;44;59m[38;2;40;44;59m▒[0m[48;2;40;44;59m[38;2;40;44;59m▒[0m[48;2;41;43;59m[38;2;41;43;59m▒[0m[48;2;42;43;59m[38;2;42;43;59m▒[0m[48;2;74;74;88m[38;2;74;74;88m@[0m[48;2;50;49;62m[38;2;50;49;62m▒[0m[48;2;21;17;29m[38;2;21;17;29m▓[0m[48;2;101;90;102m[38;2;101;90;102m%[0m[48;2;124;110;122m[38;2;124;110;122m#[0m[48;2;17;7;14m[38;2;17;7;14m█[0m[48;2;111;99;106m[38;2;111;99;106m%[0m[48;2;70;66;68m[38;2;70;66;68m░[0m                                       
                                          [48;2;237;237;237m[38;2;237;237;237m.[0m[48;2;49;46;50m[38;2;49;46;50m▒[0m[48;2;94;86;94m[38;2;94;86;94m@[0m[48;2;91;80;89m[38;2;91;80;89m@[0m[48;2;29;23;33m[38;2;29;23;33m▓[0m[48;2;42;43;58m[38;2;42;43;58m▒[0m[48;2;40;44;59m[38;2;40;44;59m▒[0m[48;2;40;44;59m[38;2;40;44;59m▒[0m[48;2;40;44;59m[38;2;40;44;59m▒[0m[48;2;40;44;59m[38;2;40;44;59m▒[0m[48;2;40;44;59m[38;2;40;44;59m▒[0m[48;2;40;44;59m[38;2;40;44;59m▒[0m[48;2;40;44;59m[38;2;40;44;59m▒[0m[48;2;40;44;59m[38;2;40;44;59m▒[0m[48;2;40;44;59m[38;2;40;44;59m▒[0m[48;2;40;44;59m[38;2;40;44;59m▒[0m[48;2;40;44;59m[38;2;40;44;59m▒[0m[48;2;40;44;59m[38;2;40;44;59m▒[0m[48;2;41;43;59m[38;2;41;43;59m▒[0m[48;2;52;52;66m[38;2;52;52;66m▒[0m[48;2;76;73;85m[38;2;76;73;85m@[0m[48;2;43;40;51m[38;2;43;40;51m▒[0m[48;2;28;24;35m[38;2;28;24;35m▓[0m[48;2;111;101;112m[38;2;111;101;112m%[0m[48;2;157;141;154m[38;2;157;141;154m+[0m[48;2;158;141;154m[38;2;158;141;154m+[0m[48;2;79;66;75m[38;2;79;66;75m░[0m[48;2;88;78;86m[38;2;88;78;86m@[0m[48;2;30;26;27m[38;2;30;26;27m▓[0m                                       
                                          [48;2;96;94;96m[38;2;96;94;96m%[0m[48;2;80;72;79m[38;2;80;72;79m@[0m[48;2;159;143;154m[38;2;159;143;154m+[0m[48;2;114;98;108m[38;2;114;98;108m%[0m[48;2;22;16;25m[38;2;22;16;25m▓[0m[48;2;43;43;58m[38;2;43;43;58m▒[0m[48;2;40;44;59m[38;2;40;44;59m▒[0m[48;2;40;44;59m[38;2;40;44;59m▒[0m[48;2;40;44;59m[38;2;40;44;59m▒[0m[48;2;40;44;59m[38;2;40;44;59m▒[0m[48;2;40;44;59m[38;2;40;44;59m▒[0m[48;2;40;44;59m[38;2;40;44;59m▒[0m[48;2;40;44;59m[38;2;40;44;59m▒[0m[48;2;40;44;59m[38;2;40;44;59m▒[0m[48;2;40;44;59m[38;2;40;44;59m▒[0m[48;2;40;44;59m[38;2;40;44;59m▒[0m[48;2;40;44;57m[38;2;40;44;57m▒[0m[48;2;52;53;67m[38;2;52;53;67m▒[0m[48;2;70;69;82m[38;2;70;69;82m░[0m[48;2;56;53;64m[38;2;56;53;64m░[0m[48;2;25;20;31m[38;2;25;20;31m▓[0m[48;2;78;68;79m[38;2;78;68;79m░[0m[48;2;149;134;148m[38;2;149;134;148m*[0m[48;2;160;141;155m[38;2;160;141;155m+[0m[48;2;161;140;155m[38;2;161;140;155m+[0m[48;2;161;140;155m[38;2;161;140;155m+[0m[48;2;121;104;115m[38;2;121;104;115m#[0m[48;2;38;30;35m[38;2;38;30;35m▓[0m[48;2;32;28;29m[38;2;32;28;29m▓[0m                                       
                                         [48;2;203;203;203m[38;2;203;203;203m:[0m[48;2;36;32;37m[38;2;36;32;37m▓[0m[48;2;153;139;149m[38;2;153;139;149m*[0m[48;2;161;141;155m[38;2;161;141;155m+[0m[48;2;118;102;112m[38;2;118;102;112m%[0m[48;2;16;8;16m[38;2;16;8;16m█[0m[48;2;33;29;41m[38;2;33;29;41m▓[0m[48;2;42;43;58m[38;2;42;43;58m▒[0m[48;2;41;43;59m[38;2;41;43;59m▒[0m[48;2;40;44;59m[38;2;40;44;59m▒[0m[48;2;40;44;59m[38;2;40;44;59m▒[0m[48;2;40;44;59m[38;2;40;44;59m▒[0m[48;2;41;43;59m[38;2;41;43;59m▒[0m[48;2;41;43;59m[38;2;41;43;59m▒[0m[48;2;49;51;66m[38;2;49;51;66m▒[0m[48;2;44;47;62m[38;2;44;47;62m▒[0m[48;2;66;66;82m[38;2;66;66;82m░[0m[48;2;65;63;75m[38;2;65;63;75m░[0m[48;2;47;44;53m[38;2;47;44;53m▒[0m[48;2;32;27;36m[38;2;32;27;36m▓[0m[48;2;84;73;84m[38;2;84;73;84m@[0m[48;2;146;130;143m[38;2;146;130;143m*[0m[48;2;160;141;155m[38;2;160;141;155m+[0m[48;2;161;140;155m[38;2;161;140;155m+[0m[48;2;161;140;155m[38;2;161;140;155m+[0m[48;2;161;140;155m[38;2;161;140;155m+[0m[48;2;161;140;155m[38;2;161;140;155m+[0m[48;2;129;112;124m[38;2;129;112;124m#[0m[48;2;9;3;8m[38;2;9;3;8m█[0m[48;2;60;57;58m[38;2;60;57;58m░[0m                                       
                                         [48;2;73;72;73m[38;2;73;72;73m░[0m[48;2;120;111;119m[38;2;120;111;119m#[0m[48;2;160;143;154m[38;2;160;143;154m+[0m[48;2;161;142;154m[38;2;161;142;154m+[0m[48;2;105;90;101m[38;2;105;90;101m%[0m[48;2;66;58;67m[38;2;66;58;67m░[0m[48;2;44;36;46m[38;2;44;36;46m▒[0m[48;2;32;28;41m[38;2;32;28;41m▓[0m[48;2;44;42;57m[38;2;44;42;57m▒[0m[48;2;42;43;58m[38;2;42;43;58m▒[0m[48;2;41;43;58m[38;2;41;43;58m▒[0m[48;2;42;44;59m[38;2;42;44;59m▒[0m[48;2;56;56;70m[38;2;56;56;70m░[0m[48;2;72;70;81m[38;2;72;70;81m░[0m[48;2;56;53;66m[38;2;56;53;66m░[0m[48;2;28;25;39m[38;2;28;25;39m▓[0m[48;2;31;25;37m[38;2;31;25;37m▓[0m[48;2;65;56;67m[38;2;65;56;67m░[0m[48;2;118;105;117m[38;2;118;105;117m#[0m[48;2;156;140;153m[38;2;156;140;153m*[0m[48;2;160;141;155m[38;2;160;141;155m+[0m[48;2;161;140;155m[38;2;161;140;155m+[0m[48;2;161;140;155m[38;2;161;140;155m+[0m[48;2;161;140;155m[38;2;161;140;155m+[0m[48;2;161;140;155m[38;2;161;140;155m+[0m[48;2;161;140;155m[38;2;161;140;155m+[0m[48;2;161;140;155m[38;2;161;140;155m+[0m[48;2;120;103;115m[38;2;120;103;115m%[0m[48;2;75;69;74m[38;2;75;69;74m░[0m[48;2;223;221;222m[38;2;223;221;222m.[0m                                       
                                        [48;2;220;220;220m[38;2;220;220;220m.[0m[48;2;36;32;35m[38;2;36;32;35m▓[0m[48;2;158;143;153m[38;2;158;143;153m+[0m[48;2;161;141;155m[38;2;161;141;155m+[0m[48;2;161;140;155m[38;2;161;140;155m+[0m[48;2;155;136;150m[38;2;155;136;150m*[0m[48;2;38;28;37m[38;2;38;28;37m▓[0m[48;2;133;121;132m[38;2;133;121;132m#[0m[48;2;85;74;86m[38;2;85;74;86m@[0m[48;2;37;28;40m[38;2;37;28;40m▓[0m[48;2;27;20;34m[38;2;27;20;34m▓[0m[48;2;33;28;41m[38;2;33;28;41m▓[0m[48;2;49;44;55m[38;2;49;44;55m▒[0m[48;2;41;36;46m[38;2;41;36;46m▒[0m[48;2;48;40;51m[38;2;48;40;51m▒[0m[48;2;76;66;78m[38;2;76;66;78m░[0m[48;2;121;107;120m[38;2;121;107;120m#[0m[48;2;156;139;152m[38;2;156;139;152m*[0m[48;2;159;140;154m[38;2;159;140;154m+[0m[48;2;155;136;150m[38;2;155;136;150m*[0m[48;2;123;106;119m[38;2;123;106;119m#[0m[48;2;87;70;83m[38;2;87;70;83m@[0m[48;2;135;115;129m[38;2;135;115;129m#[0m[48;2;161;140;155m[38;2;161;140;155m+[0m[48;2;161;140;155m[38;2;161;140;155m+[0m[48;2;161;140;155m[38;2;161;140;155m+[0m[48;2;161;140;155m[38;2;161;140;155m+[0m[48;2;160;141;155m[38;2;160;141;155m+[0m[48;2;62;50;60m[38;2;62;50;60m▒[0m[48;2;38;33;38m[38;2;38;33;38m▓[0m[48;2;91;88;90m[38;2;91;88;90m@[0m[48;2;63;60;63m[38;2;63;60;63m░[0m[48;2;65;63;66m[38;2;65;63;66m░[0m[48;2;89;88;90m[38;2;89;88;90m@[0m[48;2;238;237;239m[38;2;238;237;239m.[0m                                   
                                        [48;2;162;162;162m[38;2;162;162;162m+[0m[48;2;70;64;69m[38;2;70;64;69m░[0m[48;2;159;143;153m[38;2;159;143;153m+[0m[48;2;161;140;155m[38;2;161;140;155m+[0m[48;2;161;140;155m[38;2;161;140;155m+[0m[48;2;161;140;155m[38;2;161;140;155m+[0m[48;2;124;108;121m[38;2;124;108;121m#[0m[48;2;42;31;40m[38;2;42;31;40m▓[0m[48;2;34;23;32m[38;2;34;23;32m▓[0m[48;2;133;121;131m[38;2;133;121;131m#[0m[48;2;139;127;137m[38;2;139;127;137m*[0m[48;2;73;63;72m[38;2;73;63;72m░[0m[48;2;60;52;61m[38;2;60;52;61m░[0m[48;2;153;139;154m[38;2;153;139;154m*[0m[48;2;156;139;152m[38;2;156;139;152m*[0m[48;2;138;122;135m[38;2;138;122;135m*[0m[48;2;111;95;107m[38;2;111;95;107m%[0m[48;2;82;68;79m[38;2;82;68;79m@[0m[48;2;69;55;66m[38;2;69;55;66m░[0m[48;2;72;58;70m[38;2;72;58;70m░[0m[48;2;99;85;97m[38;2;99;85;97m@[0m[48;2;139;123;136m[38;2;139;123;136m*[0m[48;2;160;141;155m[38;2;160;141;155m+[0m[48;2;161;140;155m[38;2;161;140;155m+[0m[48;2;161;140;155m[38;2;161;140;155m+[0m[48;2;161;140;155m[38;2;161;140;155m+[0m[48;2;161;140;155m[38;2;161;140;155m+[0m[48;2;129;112;124m[38;2;129;112;124m#[0m[48;2;16;8;17m[38;2;16;8;17m█[0m[48;2;19;13;22m[38;2;19;13;22m█[0m[48;2;126;123;128m[38;2;126;123;128m#[0m[48;2;235;232;236m[38;2;235;232;236m.[0m[48;2;60;58;61m[38;2;60;58;61m░[0m[48;2;61;59;62m[38;2;61;59;62m░[0m                                    
                                        [48;2;147;147;147m[38;2;147;147;147m+[0m[48;2;81;73;79m[38;2;81;73;79m@[0m[48;2;159;141;153m[38;2;159;141;153m+[0m[48;2;161;140;155m[38;2;161;140;155m+[0m[48;2;161;140;155m[38;2;161;140;155m+[0m[48;2;161;140;155m[38;2;161;140;155m+[0m[48;2;160;141;155m[38;2;160;141;155m+[0m[48;2;125;110;122m[38;2;125;110;122m#[0m[48;2;37;25;35m[38;2;37;25;35m▓[0m[48;2;41;32;39m[38;2;41;32;39m▓[0m[48;2;29;22;28m[38;2;29;22;28m▓[0m[48;2;9;4;9m[38;2;9;4;9m█[0m[48;2;50;44;51m[38;2;50;44;51m▒[0m[48;2;67;58;68m[38;2;67;58;68m░[0m[48;2;69;59;70m[38;2;69;59;70m░[0m[48;2;88;75;87m[38;2;88;75;87m@[0m[48;2;116;100;113m[38;2;116;100;113m%[0m[48;2;145;127;141m[38;2;145;127;141m*[0m[48;2;159;140;154m[38;2;159;140;154m+[0m[48;2;161;140;155m[38;2;161;140;155m+[0m[48;2;161;140;155m[38;2;161;140;155m+[0m[48;2;161;140;155m[38;2;161;140;155m+[0m[48;2;161;140;155m[38;2;161;140;155m+[0m[48;2;161;140;155m[38;2;161;140;155m+[0m[48;2;161;140;155m[38;2;161;140;155m+[0m[48;2;161;140;155m[38;2;161;140;155m+[0m[48;2;159;139;153m[38;2;159;139;153m+[0m[48;2;46;34;42m[38;2;46;34;42m▒[0m[48;2;24;16;27m[38;2;24;16;27m▓[0m[48;2;34;29;43m[38;2;34;29;43m▓[0m[48;2;43;40;46m[38;2;43;40;46m▒[0m [48;2;189;186;189m[38;2;189;186;189m-[0m[48;2;77;76;79m[38;2;77;76;79m@[0m                                    
                                        [48;2;163;163;163m[38;2;163;163;163m+[0m[48;2;69;60;66m[38;2;69;60;66m░[0m[48;2;160;141;154m[38;2;160;141;154m+[0m[48;2;161;140;155m[38;2;161;140;155m+[0m[48;2;161;140;155m[38;2;161;140;155m+[0m[48;2;161;140;155m[38;2;161;140;155m+[0m[48;2;161;140;155m[38;2;161;140;155m+[0m[48;2;160;141;155m[38;2;160;141;155m+[0m[48;2;135;119;131m[38;2;135;119;131m#[0m[48;2;14;5;13m[38;2;14;5;13m█[0m[48;2;7;2;9m[38;2;7;2;9m█[0m[48;2;15;12;18m[38;2;15;12;18m█[0m[48;2;25;21;29m[38;2;25;21;29m▓[0m[48;2;52;45;55m[38;2;52;45;55m▒[0m[48;2;96;83;95m[38;2;96;83;95m@[0m[48;2;160;141;155m[38;2;160;141;155m+[0m[48;2;161;140;155m[38;2;161;140;155m+[0m[48;2;161;140;155m[38;2;161;140;155m+[0m[48;2;161;140;155m[38;2;161;140;155m+[0m[48;2;161;140;155m[38;2;161;140;155m+[0m[48;2;161;140;155m[38;2;161;140;155m+[0m[48;2;161;140;155m[38;2;161;140;155m+[0m[48;2;161;140;155m[38;2;161;140;155m+[0m[48;2;161;140;155m[38;2;161;140;155m+[0m[48;2;161;140;155m[38;2;161;140;155m+[0m[48;2;161;140;155m[38;2;161;140;155m+[0m[48;2;158;137;152m[38;2;158;137;152m*[0m[48;2;95;80;90m[38;2;95;80;90m@[0m[48;2;16;9;19m[38;2;16;9;19m█[0m[48;2;35;31;45m[38;2;35;31;45m▓[0m[48;2;14;10;19m[38;2;14;10;19m█[0m[48;2;198;195;200m[38;2;198;195;200m-[0m[48;2;109;106;109m[38;2;109;106;109m%[0m[48;2;14;13;16m[38;2;14;13;16m█[0m[48;2;76;76;77m[38;2;76;76;77m@[0m[48;2;84;84;84m[38;2;84;84;84m@[0m[48;2;105;104;105m[38;2;105;104;105m%[0m[48;2;134;134;134m[38;2;134;134;134m*[0m[48;2;179;179;179m[38;2;179;179;179m=[0m[48;2;233;233;233m[38;2;233;233;233m.[0m                              
                                        [48;2;112;111;112m[38;2;112;111;112m#[0m[48;2;27;22;26m[38;2;27;22;26m▓[0m[48;2;149;133;144m[38;2;149;133;144m*[0m[48;2;161;140;155m[38;2;161;140;155m+[0m[48;2;161;140;155m[38;2;161;140;155m+[0m[48;2;161;140;155m[38;2;161;140;155m+[0m[48;2;161;140;155m[38;2;161;140;155m+[0m[48;2;161;140;155m[38;2;161;140;155m+[0m[48;2;120;104;117m[38;2;120;104;117m#[0m[48;2;22;13;23m[38;2;22;13;23m█[0m[48;2;25;20;29m[38;2;25;20;29m▓[0m[48;2;2;0;6m[38;2;2;0;6m█[0m[48;2;13;11;18m[38;2;13;11;18m█[0m[48;2;11;8;15m[38;2;11;8;15m█[0m[48;2;52;44;53m[38;2;52;44;53m▒[0m[48;2;149;132;145m[38;2;149;132;145m*[0m[48;2;161;140;155m[38;2;161;140;155m+[0m[48;2;161;140;155m[38;2;161;140;155m+[0m[48;2;161;140;155m[38;2;161;140;155m+[0m[48;2;161;140;155m[38;2;161;140;155m+[0m[48;2;161;140;155m[38;2;161;140;155m+[0m[48;2;161;140;155m[38;2;161;140;155m+[0m[48;2;161;140;155m[38;2;161;140;155m+[0m[48;2;161;140;155m[38;2;161;140;155m+[0m[48;2;161;140;155m[38;2;161;140;155m+[0m[48;2;161;140;155m[38;2;161;140;155m+[0m[48;2;161;140;155m[38;2;161;140;155m+[0m[48;2;159;140;152m[38;2;159;140;152m+[0m[48;2;74;62;73m[38;2;74;62;73m░[0m[48;2;20;16;25m[38;2;20;16;25m█[0m[48;2;11;9;15m[38;2;11;9;15m█[0m[48;2;212;209;214m[38;2;212;209;214m:[0m[48;2;133;130;134m[38;2;133;130;134m*[0m[48;2;30;27;31m[38;2;30;27;31m▓[0m[48;2;152;150;152m[38;2;152;150;152m+[0m[48;2;129;128;130m[38;2;129;128;130m*[0m[48;2;82;82;82m[38;2;82;82;82m@[0m[48;2;51;51;51m[38;2;51;51;51m▒[0m[48;2;66;65;65m[38;2;66;65;65m░[0m[48;2;69;68;68m[38;2;69;68;68m░[0m[48;2;83;81;82m[38;2;83;81;82m@[0m[48;2;196;195;196m[38;2;196;195;196m-[0m                            
                                         [48;2;169;167;168m[38;2;169;167;168m=[0m[48;2;56;48;54m[38;2;56;48;54m▒[0m[48;2;154;137;149m[38;2;154;137;149m*[0m[48;2;161;140;155m[38;2;161;140;155m+[0m[48;2;161;140;155m[38;2;161;140;155m+[0m[48;2;161;140;155m[38;2;161;140;155m+[0m[48;2;161;140;155m[38;2;161;140;155m+[0m[48;2;152;132;146m[38;2;152;132;146m*[0m[48;2;47;35;46m[38;2;47;35;46m▒[0m[48;2;22;16;25m[38;2;22;16;25m▓[0m[48;2;15;12;19m[38;2;15;12;19m█[0m[48;2;9;6;12m[38;2;9;6;12m█[0m[48;2;23;20;26m[38;2;23;20;26m▓[0m[48;2;10;7;12m[38;2;10;7;12m█[0m[48;2;60;51;60m[38;2;60;51;60m▒[0m[48;2;159;140;154m[38;2;159;140;154m+[0m[48;2;161;140;155m[38;2;161;140;155m+[0m[48;2;161;140;155m[38;2;161;140;155m+[0m[48;2;161;140;155m[38;2;161;140;155m+[0m[48;2;161;140;155m[38;2;161;140;155m+[0m[48;2;161;140;155m[38;2;161;140;155m+[0m[48;2;161;140;155m[38;2;161;140;155m+[0m[48;2;161;140;155m[38;2;161;140;155m+[0m[48;2;161;140;155m[38;2;161;140;155m+[0m[48;2;161;140;155m[38;2;161;140;155m+[0m[48;2;161;140;155m[38;2;161;140;155m+[0m[48;2;161;140;155m[38;2;161;140;155m+[0m[48;2;157;139;153m[38;2;157;139;153m*[0m[48;2;96;82;94m[38;2;96;82;94m@[0m[48;2;31;23;30m[38;2;31;23;30m▓[0m[48;2;52;46;51m[38;2;52;46;51m▒[0m[48;2;51;47;51m[38;2;51;47;51m▒[0m[48;2;170;167;171m[38;2;170;167;171m=[0m[48;2;190;187;191m[38;2;190;187;191m-[0m[48;2;175;172;176m[38;2;175;172;176m=[0m[48;2;172;170;172m[38;2;172;170;172m=[0m[48;2;94;91;94m[38;2;94;91;94m%[0m[48;2;70;64;67m[38;2;70;64;67m░[0m[48;2;153;140;148m[38;2;153;140;148m*[0m[48;2;143;130;139m[38;2;143;130;139m*[0m[48;2;39;31;37m[38;2;39;31;37m▓[0m[48;2;228;227;228m[38;2;228;227;228m.[0m                           
                                          [48;2;111;108;111m[38;2;111;108;111m%[0m[48;2;32;25;32m[38;2;32;25;32m▓[0m[48;2;114;100;111m[38;2;114;100;111m%[0m[48;2;157;141;154m[38;2;157;141;154m+[0m[48;2;160;141;155m[38;2;160;141;155m+[0m[48;2;161;140;155m[38;2;161;140;155m+[0m[48;2;161;141;155m[38;2;161;141;155m+[0m[48;2;160;141;155m[38;2;160;141;155m+[0m[48;2;124;109;122m[38;2;124;109;122m#[0m[48;2;27;18;27m[38;2;27;18;27m▓[0m[48;2;27;20;27m[38;2;27;20;27m▓[0m[48;2;14;8;15m[38;2;14;8;15m█[0m[48;2;83;75;85m[38;2;83;75;85m@[0m[48;2;61;52;61m[38;2;61;52;61m░[0m[48;2;72;61;72m[38;2;72;61;72m░[0m[48;2;113;98;109m[38;2;113;98;109m%[0m[48;2;148;129;142m[38;2;148;129;142m*[0m[48;2;160;140;155m[38;2;160;140;155m+[0m[48;2;161;140;155m[38;2;161;140;155m+[0m[48;2;161;140;155m[38;2;161;140;155m+[0m[48;2;161;140;155m[38;2;161;140;155m+[0m[48;2;161;140;155m[38;2;161;140;155m+[0m[48;2;161;140;155m[38;2;161;140;155m+[0m[48;2;161;140;155m[38;2;161;140;155m+[0m[48;2;161;140;155m[38;2;161;140;155m+[0m[48;2;161;140;155m[38;2;161;140;155m+[0m[48;2;161;140;155m[38;2;161;140;155m+[0m[48;2;161;140;155m[38;2;161;140;155m+[0m[48;2;158;139;153m[38;2;158;139;153m*[0m[48;2;136;120;132m[38;2;136;120;132m#[0m[48;2;124;110;120m[38;2;124;110;120m#[0m[48;2;107;96;105m[38;2;107;96;105m%[0m[48;2;104;94;103m[38;2;104;94;103m%[0m[48;2;106;98;106m[38;2;106;98;106m%[0m[48;2;106;97;105m[38;2;106;97;105m%[0m[48;2;130;118;127m[38;2;130;118;127m#[0m[48;2;156;142;152m[38;2;156;142;152m+[0m[48;2;152;137;147m[38;2;152;137;147m*[0m[48;2;124;108;118m[38;2;124;108;118m#[0m[48;2;26;14;21m[38;2;26;14;21m▓[0m[48;2;113;109;112m[38;2;113;109;112m#[0m                           
                                          [48;2;228;227;227m[38;2;228;227;227m.[0m[48;2;44;42;44m[38;2;44;42;44m▒[0m[48;2;78;76;79m[38;2;78;76;79m@[0m[48;2;55;47;54m[38;2;55;47;54m▒[0m[48;2;151;134;147m[38;2;151;134;147m*[0m[48;2;161;140;155m[38;2;161;140;155m+[0m[48;2;161;140;155m[38;2;161;140;155m+[0m[48;2;161;140;155m[38;2;161;140;155m+[0m[48;2;161;140;155m[38;2;161;140;155m+[0m[48;2;157;137;152m[38;2;157;137;152m*[0m[48;2;158;138;152m[38;2;158;138;152m*[0m[48;2;129;109;123m[38;2;129;109;123m#[0m[48;2;60;44;57m[38;2;60;44;57m▒[0m[48;2;87;78;89m[38;2;87;78;89m@[0m[48;2;88;80;90m[38;2;88;80;90m@[0m[48;2;19;12;17m[38;2;19;12;17m█[0m[48;2;9;3;7m[38;2;9;3;7m█[0m[48;2;48;38;46m[38;2;48;38;46m▒[0m[48;2;157;139;152m[38;2;157;139;152m*[0m[48;2;157;137;152m[38;2;157;137;152m*[0m[48;2;146;126;141m[38;2;146;126;141m*[0m[48;2;161;140;155m[38;2;161;140;155m+[0m[48;2;161;140;155m[38;2;161;140;155m+[0m[48;2;161;140;155m[38;2;161;140;155m+[0m[48;2;161;140;155m[38;2;161;140;155m+[0m[48;2;161;140;155m[38;2;161;140;155m+[0m[48;2;161;140;155m[38;2;161;140;155m+[0m[48;2;161;140;155m[38;2;161;140;155m+[0m[48;2;161;140;155m[38;2;161;140;155m+[0m[48;2;160;141;155m[38;2;160;141;155m+[0m[48;2;160;141;155m[38;2;160;141;155m+[0m[48;2;103;87;100m[38;2;103;87;100m%[0m[48;2;73;60;72m[38;2;73;60;72m░[0m[48;2;70;58;67m[38;2;70;58;67m░[0m[48;2;70;58;67m[38;2;70;58;67m░[0m[48;2;71;59;68m[38;2;71;59;68m░[0m[48;2;69;58;67m[38;2;69;58;67m░[0m[48;2;78;66;75m[38;2;78;66;75m░[0m[48;2;98;86;95m[38;2;98;86;95m@[0m[48;2;132;120;128m[38;2;132;120;128m#[0m[48;2;43;34;41m[38;2;43;34;41m▒[0m[48;2;197;195;197m[38;2;197;195;197m-[0m                          
                                           [48;2;214;214;214m[38;2;214;214;214m:[0m[48;2;94;94;94m[38;2;94;94;94m%[0m[48;2;60;58;61m[38;2;60;58;61m░[0m[48;2;62;54;62m[38;2;62;54;62m░[0m[48;2;108;95;106m[38;2;108;95;106m%[0m[48;2;158;139;153m[38;2;158;139;153m*[0m[48;2;161;140;155m[38;2;161;140;155m+[0m[48;2;161;140;155m[38;2;161;140;155m+[0m[48;2;161;140;155m[38;2;161;140;155m+[0m[48;2;161;140;155m[38;2;161;140;155m+[0m[48;2;161;140;155m[38;2;161;140;155m+[0m[48;2;160;139;154m[38;2;160;139;154m+[0m[48;2;129;113;126m[38;2;129;113;126m#[0m[48;2;94;79;91m[38;2;94;79;91m@[0m[48;2;82;68;78m[38;2;82;68;78m@[0m[48;2;119;105;116m[38;2;119;105;116m#[0m[48;2;151;134;146m[38;2;151;134;146m*[0m[48;2;161;140;155m[38;2;161;140;155m+[0m[48;2;151;130;145m[38;2;151;130;145m*[0m[48;2;68;54;66m[38;2;68;54;66m░[0m[48;2;67;53;65m[38;2;67;53;65m░[0m[48;2;95;81;92m[38;2;95;81;92m@[0m[48;2;116;101;113m[38;2;116;101;113m%[0m[48;2;80;66;77m[38;2;80;66;77m░[0m[48;2;45;34;44m[38;2;45;34;44m▒[0m[48;2;67;56;66m[38;2;67;56;66m░[0m[48;2;81;70;80m[38;2;81;70;80m@[0m[48;2;88;76;86m[38;2;88;76;86m@[0m[48;2;97;84;95m[38;2;97;84;95m@[0m[48;2;102;89;100m[38;2;102;89;100m%[0m[48;2;103;89;100m[38;2;103;89;100m%[0m[48;2;109;95;106m[38;2;109;95;106m%[0m[48;2;112;98;109m[38;2;112;98;109m%[0m[48;2;111;98;109m[38;2;111;98;109m%[0m[48;2;105;92;101m[38;2;105;92;101m%[0m[48;2;101;88;97m[38;2;101;88;97m%[0m[48;2;91;81;90m[38;2;91;81;90m@[0m[48;2;79;72;79m[38;2;79;72;79m@[0m[48;2;47;41;48m[38;2;47;41;48m▒[0m[48;2;108;102;108m[38;2;108;102;108m%[0m                           
                                              [48;2;83;79;83m[38;2;83;79;83m@[0m[48;2;9;3;9m[38;2;9;3;9m█[0m[48;2;36;27;37m[38;2;36;27;37m▓[0m[48;2;95;83;94m[38;2;95;83;94m@[0m[48;2;152;134;147m[38;2;152;134;147m*[0m[48;2;160;141;155m[38;2;160;141;155m+[0m[48;2;161;140;155m[38;2;161;140;155m+[0m[48;2;161;140;155m[38;2;161;140;155m+[0m[48;2;161;140;155m[38;2;161;140;155m+[0m[48;2;161;140;155m[38;2;161;140;155m+[0m[48;2;161;140;155m[38;2;161;140;155m+[0m[48;2;120;101;115m[38;2;120;101;115m%[0m[48;2;97;80;93m[38;2;97;80;93m@[0m[48;2;150;133;147m[38;2;150;133;147m*[0m[48;2;160;141;155m[38;2;160;141;155m+[0m[48;2;161;140;155m[38;2;161;140;155m+[0m[48;2;160;141;155m[38;2;160;141;155m+[0m[48;2;155;137;151m[38;2;155;137;151m*[0m[48;2;133;114;127m[38;2;133;114;127m#[0m[48;2;115;98;110m[38;2;115;98;110m%[0m[48;2;105;89;101m[38;2;105;89;101m%[0m[48;2;100;85;96m[38;2;100;85;96m@[0m[48;2;98;85;95m[38;2;98;85;95m@[0m[48;2;99;86;97m[38;2;99;86;97m@[0m[48;2;104;91;101m[38;2;104;91;101m%[0m[48;2;111;97;107m[38;2;111;97;107m%[0m[48;2;120;105;115m[38;2;120;105;115m#[0m[48;2;122;107;117m[38;2;122;107;117m#[0m[48;2;120;105;116m[38;2;120;105;116m#[0m[48;2;118;104;114m[38;2;118;104;114m%[0m[48;2;103;90;100m[38;2;103;90;100m%[0m[48;2;52;41;50m[38;2;52;41;50m▒[0m[48;2;62;55;61m[38;2;62;55;61m░[0m[48;2;199;195;200m[38;2;199;195;200m-[0m[48;2;231;230;233m[38;2;231;230;233m.[0m                             
                                             [48;2;117;116;117m[38;2;117;116;117m#[0m[48;2;20;16;24m[38;2;20;16;24m█[0m[48;2;15;11;21m[38;2;15;11;21m█[0m[48;2;11;7;16m[38;2;11;7;16m█[0m[48;2;30;22;61m[38;2;30;22;61m▓[0m[48;2;51;41;79m[38;2;51;41;79m▒[0m[48;2;61;51;68m[38;2;61;51;68m░[0m[48;2;86;75;89m[38;2;86;75;89m@[0m[48;2;120;106;118m[38;2;120;106;118m#[0m[48;2;147;130;144m[38;2;147;130;144m*[0m[48;2;159;141;155m[38;2;159;141;155m+[0m[48;2;159;141;155m[38;2;159;141;155m+[0m[48;2;159;140;154m[38;2;159;140;154m+[0m[48;2;119;103;116m[38;2;119;103;116m%[0m[48;2;68;54;66m[38;2;68;54;66m░[0m[48;2;51;40;51m[38;2;51;40;51m▒[0m[48;2;63;53;62m[38;2;63;53;62m░[0m[48;2;85;73;84m[38;2;85;73;84m@[0m[48;2;103;90;102m[38;2;103;90;102m%[0m[48;2;123;108;121m[38;2;123;108;121m#[0m[48;2;137;122;135m[38;2;137;122;135m#[0m[48;2;146;130;143m[38;2;146;130;143m*[0m[48;2;152;135;148m[38;2;152;135;148m*[0m[48;2;154;137;150m[38;2;154;137;150m*[0m[48;2;153;136;150m[38;2;153;136;150m*[0m[48;2;149;132;145m[38;2;149;132;145m*[0m[48;2;138;122;135m[38;2;138;122;135m*[0m[48;2;123;108;120m[38;2;123;108;120m#[0m[48;2;100;87;99m[38;2;100;87;99m%[0m[48;2;75;64;75m[38;2;75;64;75m░[0m[48;2;73;65;73m[38;2;73;65;73m░[0m[48;2;111;106;111m[38;2;111;106;111m%[0m[48;2;189;185;190m[38;2;189;185;190m-[0m                                
                                            [48;2;179;179;180m[38;2;179;179;180m=[0m[48;2;13;11;17m[38;2;13;11;17m█[0m[48;2;36;31;48m[38;2;36;31;48m▓[0m[48;2;37;31;51m[38;2;37;31;51m▓[0m[48;2;17;13;24m[38;2;17;13;24m█[0m[48;2;45;33;92m[38;2;45;33;92m▒[0m[48;2;93;80;150m[38;2;93;80;150m%[0m[48;2;100;93;131m[38;2;100;93;131m%[0m[48;2;37;20;120m[38;2;37;20;120m▓[0m[48;2;8;5;18m[38;2;8;5;18m█[0m[48;2;39;27;86m[38;2;39;27;86m▒[0m[48;2;40;32;74m[38;2;40;32;74m▒[0m[48;2;55;46;81m[38;2;55;46;81m▒[0m[48;2;66;56;77m[38;2;66;56;77m░[0m[48;2;79;70;87m[38;2;79;70;87m@[0m[48;2;98;87;99m[38;2;98;87;99m%[0m[48;2;100;89;100m[38;2;100;89;100m%[0m[48;2;76;66;75m[38;2;76;66;75m░[0m[48;2;51;42;50m[38;2;51;42;50m▒[0m[48;2;28;21;28m[38;2;28;21;28m▓[0m[48;2;7;2;8m[38;2;7;2;8m█[0m[48;2;4;0;6m[38;2;4;0;6m█[0m[48;2;3;0;6m[38;2;3;0;6m█[0m[48;2;4;1;6m[38;2;4;1;6m█[0m[48;2;6;2;8m[38;2;6;2;8m█[0m[48;2;6;2;8m[38;2;6;2;8m█[0m[48;2;8;3;9m[38;2;8;3;9m█[0m[48;2;8;2;10m[38;2;8;2;10m█[0m[48;2;7;3;12m[38;2;7;3;12m█[0m[48;2;23;19;29m[38;2;23;19;29m▓[0m[48;2;103;99;109m[38;2;103;99;109m%[0m[48;2;179;177;182m[38;2;179;177;182m=[0m[48;2;238;238;240m[38;2;238;238;240m [0m                                 
                                           [48;2;238;238;238m[38;2;238;238;238m [0m[48;2;34;32;38m[38;2;34;32;38m▓[0m[48;2;32;29;43m[38;2;32;29;43m▓[0m[48;2;37;31;52m[38;2;37;31;52m▓[0m[48;2;37;31;52m[38;2;37;31;52m▓[0m[48;2;22;17;31m[38;2;22;17;31m▓[0m[48;2;40;28;85m[38;2;40;28;85m▒[0m[48;2;89;77;146m[38;2;89;77;146m@[0m[48;2;103;95;139m[38;2;103;95;139m%[0m[48;2;59;41;147m[38;2;59;41;147m░[0m[48;2;6;1;21m[38;2;6;1;21m█[0m[48;2;29;20;65m[38;2;29;20;65m▓[0m[48;2;79;65;152m[38;2;79;65;152m@[0m[48;2;72;56;162m[38;2;72;56;162m░[0m[48;2;81;67;158m[38;2;81;67;158m@[0m[48;2;59;41;159m[38;2;59;41;159m░[0m[48;2;67;54;143m[38;2;67;54;143m░[0m[48;2;48;38;102m[38;2;48;38;102m▒[0m[48;2;11;5;40m[38;2;11;5;40m█[0m[48;2;6;3;9m[38;2;6;3;9m█[0m[48;2;22;18;29m[38;2;22;18;29m▓[0m[48;2;23;20;33m[38;2;23;20;33m▓[0m[48;2;23;19;34m[38;2;23;19;34m▓[0m[48;2;23;19;33m[38;2;23;19;33m▓[0m[48;2;24;20;35m[38;2;24;20;35m▓[0m[48;2;25;21;37m[38;2;25;21;37m▓[0m[48;2;26;21;37m[38;2;26;21;37m▓[0m[48;2;28;23;40m[38;2;28;23;40m▓[0m[48;2;33;28;47m[38;2;33;28;47m▓[0m[48;2;36;30;50m[38;2;36;30;50m▓[0m[48;2;37;31;51m[38;2;37;31;51m▓[0m[48;2;34;29;48m[38;2;34;29;48m▓[0m[48;2;26;21;37m[38;2;26;21;37m▓[0m[48;2;26;22;33m[38;2;26;22;33m▓[0m[48;2;87;84;92m[38;2;87;84;92m@[0m[48;2;175;173;177m[38;2;175;173;177m=[0m                               
                                           [48;2;142;141;142m[38;2;142;141;142m*[0m[48;2;18;16;24m[38;2;18;16;24m█[0m[48;2;37;32;50m[38;2;37;32;50m▓[0m[48;2;37;31;52m[38;2;37;31;52m▓[0m[48;2;37;31;51m[38;2;37;31;51m▓[0m[48;2;30;25;41m[38;2;30;25;41m▓[0m[48;2;19;12;44m[38;2;19;12;44m█[0m[48;2;85;73;143m[38;2;85;73;143m@[0m[48;2;94;82;156m[38;2;94;82;156m%[0m[48;2;81;66;156m[38;2;81;66;156m@[0m[48;2;19;9;61m[38;2;19;9;61m█[0m[48;2;122;119;127m[38;2;122;119;127m#[0m[48;2;32;25;57m[38;2;32;25;57m▓[0m[48;2;68;52;146m[38;2;68;52;146m░[0m[48;2;80;66;159m[38;2;80;66;159m@[0m[48;2;80;65;166m[38;2;80;65;166m@[0m[48;2;76;61;157m[38;2;76;61;157m@[0m[48;2;46;35;101m[38;2;46;35;101m▒[0m[48;2;15;12;23m[38;2;15;12;23m█[0m[48;2;49;46;52m[38;2;49;46;52m▒[0m[48;2;47;43;55m[38;2;47;43;55m▒[0m[48;2;38;33;51m[38;2;38;33;51m▓[0m[48;2;37;31;51m[38;2;37;31;51m▓[0m[48;2;37;31;52m[38;2;37;31;52m▓[0m[48;2;37;31;52m[38;2;37;31;52m▓[0m[48;2;37;31;52m[38;2;37;31;52m▓[0m[48;2;37;31;52m[38;2;37;31;52m▓[0m[48;2;37;31;52m[38;2;37;31;52m▓[0m[48;2;37;31;52m[38;2;37;31;52m▓[0m[48;2;37;31;52m[38;2;37;31;52m▓[0m[48;2;37;31;52m[38;2;37;31;52m▓[0m[48;2;37;31;52m[38;2;37;31;52m▓[0m[48;2;37;31;52m[38;2;37;31;52m▓[0m[48;2;37;31;52m[38;2;37;31;52m▓[0m[48;2;35;30;48m[38;2;35;30;48m▓[0m[48;2;24;19;34m[38;2;24;19;34m▓[0m[48;2;45;42;51m[38;2;45;42;51m▒[0m[48;2;155;153;157m[38;2;155;153;157m+[0m                             
                                           [48;2;42;42;44m[38;2;42;42;44m▒[0m[48;2;32;29;40m[38;2;32;29;40m▓[0m[48;2;37;31;52m[38;2;37;31;52m▓[0m[48;2;37;31;52m[38;2;37;31;52m▓[0m[48;2;37;31;52m[38;2;37;31;52m▓[0m[48;2;37;31;52m[38;2;37;31;52m▓[0m[48;2;23;18;36m[38;2;23;18;36m▓[0m[48;2;19;15;31m[38;2;19;15;31m█[0m[48;2;26;21;38m[38;2;26;21;38m▓[0m[48;2;37;32;51m[38;2;37;32;51m▓[0m[48;2;14;8;33m[38;2;14;8;33m█[0m[48;2;93;90;97m[38;2;93;90;97m%[0m[48;2;202;199;205m[38;2;202;199;205m-[0m[48;2;73;69;78m[38;2;73;69;78m░[0m[48;2;38;29;82m[38;2;38;29;82m▒[0m[48;2;60;51;106m[38;2;60;51;106m░[0m[48;2;48;45;64m[38;2;48;45;64m▒[0m[48;2;163;161;167m[38;2;163;161;167m+[0m[48;2;136;133;138m[38;2;136;133;138m*[0m[48;2;39;36;41m[38;2;39;36;41m▒[0m[48;2;45;41;50m[38;2;45;41;50m▒[0m[48;2;64;60;73m[38;2;64;60;73m░[0m[48;2;60;55;69m[38;2;60;55;69m░[0m[48;2;39;34;50m[38;2;39;34;50m▒[0m[48;2;37;31;52m[38;2;37;31;52m▓[0m[48;2;37;31;52m[38;2;37;31;52m▓[0m[48;2;37;31;52m[38;2;37;31;52m▓[0m[48;2;37;31;52m[38;2;37;31;52m▓[0m[48;2;37;31;52m[38;2;37;31;52m▓[0m[48;2;37;31;52m[38;2;37;31;52m▓[0m[48;2;37;31;52m[38;2;37;31;52m▓[0m[48;2;37;31;52m[38;2;37;31;52m▓[0m[48;2;37;31;52m[38;2;37;31;52m▓[0m[48;2;37;31;52m[38;2;37;31;52m▓[0m[48;2;37;31;52m[38;2;37;31;52m▓[0m[48;2;37;31;52m[38;2;37;31;52m▓[0m[48;2;37;31;51m[38;2;37;31;51m▓[0m[48;2;26;21;36m[38;2;26;21;36m▓[0m[48;2;50;47;55m[38;2;50;47;55m▒[0m[48;2;200;199;202m[38;2;200;199;202m-[0m                           
                                          [48;2;224;224;224m[38;2;224;224;224m.[0m[48;2;11;10;14m[38;2;11;10;14m█[0m[48;2;36;33;48m[38;2;36;33;48m▓[0m[48;2;37;31;52m[38;2;37;31;52m▓[0m[48;2;37;31;52m[38;2;37;31;52m▓[0m[48;2;37;31;52m[38;2;37;31;52m▓[0m[48;2;37;31;52m[38;2;37;31;52m▓[0m[48;2;37;31;52m[38;2;37;31;52m▓[0m[48;2;37;31;52m[38;2;37;31;52m▓[0m[48;2;37;32;50m[38;2;37;32;50m▓[0m[48;2;76;72;83m[38;2;76;72;83m@[0m[48;2;16;13;21m[38;2;16;13;21m█[0m[48;2;5;2;10m[38;2;5;2;10m█[0m[48;2;95;92;98m[38;2;95;92;98m%[0m[48;2;212;210;214m[38;2;212;210;214m:[0m[48;2;188;186;190m[38;2;188;186;190m-[0m[48;2;61;60;65m[38;2;61;60;65m░[0m[48;2;52;51;56m[38;2;52;51;56m▒[0m[48;2;164;162;166m[38;2;164;162;166m+[0m[48;2;240;238;240m[38;2;240;238;240m [0m[48;2;239;237;238m[38;2;239;237;238m.[0m[48;2;79;76;79m[38;2;79;76;79m@[0m[48;2;44;41;46m[38;2;44;41;46m▒[0m[48;2;28;25;30m[38;2;28;25;30m▓[0m[48;2;56;52;61m[38;2;56;52;61m▒[0m[48;2;65;61;74m[38;2;65;61;74m░[0m[48;2;53;48;64m[38;2;53;48;64m▒[0m[48;2;37;32;50m[38;2;37;32;50m▓[0m[48;2;37;31;52m[38;2;37;31;52m▓[0m[48;2;37;31;52m[38;2;37;31;52m▓[0m[48;2;37;31;52m[38;2;37;31;52m▓[0m[48;2;37;31;52m[38;2;37;31;52m▓[0m[48;2;37;31;52m[38;2;37;31;52m▓[0m[48;2;37;31;52m[38;2;37;31;52m▓[0m[48;2;37;31;52m[38;2;37;31;52m▓[0m[48;2;37;31;52m[38;2;37;31;52m▓[0m[48;2;37;31;52m[38;2;37;31;52m▓[0m[48;2;37;31;52m[38;2;37;31;52m▓[0m[48;2;37;31;51m[38;2;37;31;51m▓[0m[48;2;34;29;46m[38;2;34;29;46m▓[0m[48;2;18;14;24m[38;2;18;14;24m█[0m[48;2;169;168;171m[38;2;169;168;171m=[0m                          