                                                                                                    
                                                                                                    
                                                                                                    
                                                                                                    
                                                                                                    
                                                                                                    
                                                                                                    
                                                                                                    
                                                                                                    
                                                                                                    
                                                                                                    
                                               [48;2;237;237;238m[38;2;237;237;238m.[0m[48;2;216;216;216m[38;2;216;216;216m:[0m[48;2;203;203;203m[38;2;203;203;203m:[0m[48;2;202;201;202m[38;2;202;201;202m:[0m[48;2;206;206;206m[38;2;206;206;206m:[0m[48;2;225;225;225m[38;2;225;225;225m.[0m                                               
                                           [48;2;190;190;190m[38;2;190;190;190m-[0m[48;2;123;122;124m[38;2;123;122;124m#[0m[48;2;72;71;75m[38;2;72;71;75m░[0m[48;2;38;37;43m[38;2;38;37;43m▒[0m[48;2;25;24;33m[38;2;25;24;33m▓[0m[48;2;27;26;36m[38;2;27;26;36m▓[0m[48;2;31;30;41m[38;2;31;30;41m▓[0m[48;2;32;30;42m[38;2;32;30;42m▓[0m[48;2;30;28;41m[38;2;30;28;41m▓[0m[48;2;26;24;37m[38;2;26;24;37m▓[0m[48;2;31;29;40m[38;2;31;29;40m▓[0m[48;2;74;72;82m[38;2;74;72;82m@[0m[48;2;139;138;142m[38;2;139;138;142m*[0m[48;2;230;229;231m[38;2;230;229;231m.[0m                                           
                                        [48;2;233;233;234m[38;2;233;233;234m.[0m[48;2;123;122;125m[38;2;123;122;125m#[0m[48;2;40;39;45m[38;2;40;39;45m▒[0m[48;2;30;27;38m[38;2;30;27;38m▓[0m[48;2;44;41;54m[38;2;44;41;54m▒[0m[48;2;47;44;61m[38;2;47;44;61m▒[0m[48;2;44;42;58m[38;2;44;42;58m▒[0m[48;2;55;54;70m[38;2;55;54;70m░[0m[48;2;47;47;62m[38;2;47;47;62m▒[0m[48;2;42;43;59m[38;2;42;43;59m▒[0m[48;2;41;43;59m[38;2;41;43;59m▒[0m[48;2;41;43;59m[38;2;41;43;59m▒[0m[48;2;41;43;59m[38;2;41;43;59m▒[0m[48;2;41;43;59m[38;2;41;43;59m▒[0m[48;2;41;43;59m[38;2;41;43;59m▒[0m[48;2;36;35;52m[38;2;36;35;52m▒[0m[48;2;28;26;38m[38;2;28;26;38m▓[0m[48;2;124;122;128m[38;2;124;122;128m#[0m                                          
                                       [48;2;174;174;175m[38;2;174;174;175m=[0m[48;2;33;32;38m[38;2;33;32;38m▓[0m[48;2;30;28;38m[38;2;30;28;38m▓[0m[48;2;30;26;39m[38;2;30;26;39m▓[0m[48;2;34;30;40m[38;2;34;30;40m▓[0m[48;2;53;47;56m[38;2;53;47;56m▒[0m[48;2;58;50;59m[38;2;58;50;59m▒[0m[48;2;75;65;74m[38;2;75;65;74m░[0m[48;2;78;69;77m[38;2;78;69;77m░[0m[48;2;75;65;74m[38;2;75;65;74m░[0m[48;2;57;48;59m[38;2;57;48;59m▒[0m[48;2;38;30;41m[38;2;38;30;41m▓[0m[48;2;27;23;35m[38;2;27;23;35m▓[0m[48;2;38;36;51m[38;2;38;36;51m▒[0m[48;2;42;42;59m[38;2;42;42;59m▒[0m[48;2;41;43;59m[38;2;41;43;59m▒[0m[48;2;41;43;59m[38;2;41;43;59m▒[0m[48;2;42;42;59m[38;2;42;42;59m▒[0m[48;2;31;29;43m[38;2;31;29;43m▓[0m[48;2;56;55;61m[38;2;56;55;61m░[0m[48;2;214;214;215m[38;2;214;214;215m:[0m                                        
                                      [48;2;194;194;194m[38;2;194;194;194m-[0m[48;2;10;9;12m[38;2;10;9;12m█[0m[48;2;48;44;50m[38;2;48;44;50m▒[0m[48;2;61;53;59m[38;2;61;53;59m░[0m[48;2;55;46;52m[38;2;55;46;52m▒[0m[48;2;77;68;75m[38;2;77;68;75m░[0m[48;2;149;134;144m[38;2;149;134;144m*[0m[48;2;115;99;110m[38;2;115;99;110m%[0m[48;2;80;65;74m[38;2;80;65;74m░[0m[48;2;83;69;78m[38;2;83;69;78m@[0m[48;2;147;130;140m[38;2;147;130;140m*[0m[48;2;160;141;155m[38;2;160;141;155m+[0m[48;2;161;140;155m[38;2;161;140;155m+[0m[48;2;140;121;135m[38;2;140;121;135m*[0m[48;2;94;77;90m[38;2;94;77;90m@[0m[48;2;44;34;46m[38;2;44;34;46m▒[0m[48;2;50;43;56m[38;2;50;43;56m▒[0m[48;2;51;48;61m[38;2;51;48;61m▒[0m[48;2;35;32;46m[38;2;35;32;46m▓[0m[48;2;27;25;39m[38;2;27;25;39m▓[0m[48;2;22;19;31m[38;2;22;19;31m▓[0m[48;2;23;20;26m[38;2;23;20;26m▓[0m[48;2;193;192;193m[38;2;193;192;193m-[0m                                       
                                     [48;2;196;196;196m[38;2;196;196;196m-[0m[48;2;59;56;60m[38;2;59;56;60m░[0m[48;2;125;115;122m[38;2;125;115;122m#[0m[48;2;159;142;154m[38;2;159;142;154m+[0m[48;2;130;112;125m[38;2;130;112;125m#[0m[48;2;152;135;148m[38;2;152;135;148m*[0m[48;2;159;139;154m[38;2;159;139;154m+[0m[48;2;161;140;155m[38;2;161;140;155m+[0m[48;2;161;140;155m[38;2;161;140;155m+[0m[48;2;160;140;155m[38;2;160;140;155m+[0m[48;2;118;102;114m[38;2;118;102;114m%[0m[48;2;89;74;86m[38;2;89;74;86m@[0m[48;2;158;137;152m[38;2;158;137;152m*[0m[48;2;161;140;155m[38;2;161;140;155m+[0m[48;2;161;140;155m[38;2;161;140;155m+[0m[48;2;161;140;155m[38;2;161;140;155m+[0m[48;2;160;140;154m[38;2;160;140;154m+[0m[48;2;103;88;99m[38;2;103;88;99m%[0m[48;2;25;16;30m[38;2;25;16;30m▓[0m[48;2;74;59;114m[38;2;74;59;114m░[0m[48;2;26;15;46m[38;2;26;15;46m▓[0m[48;2;81;63;124m[38;2;81;63;124m@[0m[48;2;9;2;11m[38;2;9;2;11m█[0m[48;2;22;18;23m[38;2;22;18;23m▓[0m[48;2;216;215;216m[38;2;216;215;216m:[0m                                      
                                    [48;2;191;191;192m[38;2;191;191;192m-[0m[48;2;56;50;56m[38;2;56;50;56m▒[0m[48;2;150;136;146m[38;2;150;136;146m*[0m[48;2;160;142;155m[38;2;160;142;155m+[0m[48;2;162;141;156m[38;2;162;141;156m+[0m[48;2;161;140;155m[38;2;161;140;155m+[0m[48;2;161;140;155m[38;2;161;140;155m+[0m[48;2;161;140;155m[38;2;161;140;155m+[0m[48;2;158;137;152m[38;2;158;137;152m*[0m[48;2;102;84;97m[38;2;102;84;97m@[0m[48;2;159;139;154m[38;2;159;139;154m+[0m[48;2;45;30;42m[38;2;45;30;42m▓[0m[48;2;118;102;115m[38;2;118;102;115m%[0m[48;2;66;50;62m[38;2;66;50;62m░[0m[48;2;159;140;154m[38;2;159;140;154m+[0m[48;2;160;140;155m[38;2;160;140;155m+[0m[48;2;161;140;155m[38;2;161;140;155m+[0m[48;2;161;140;155m[38;2;161;140;155m+[0m[48;2;161;140;155m[38;2;161;140;155m+[0m[48;2;132;118;128m[38;2;132;118;128m#[0m[48;2;44;30;51m[38;2;44;30;51m▒[0m[48;2;93;68;138m[38;2;93;68;138m@[0m[48;2;67;45;104m[38;2;67;45;104m░[0m[48;2;47;34;67m[38;2;47;34;67m▒[0m[48;2;14;10;16m[38;2;14;10;16m█[0m[48;2;67;64;69m[38;2;67;64;69m░[0m                                      
                                    [48;2;54;52;55m[38;2;54;52;55m▒[0m[48;2;105;94;104m[38;2;105;94;104m%[0m[48;2;88;76;87m[38;2;88;76;87m@[0m[48;2;79;67;78m[38;2;79;67;78m░[0m[48;2;161;143;157m[38;2;161;143;157m+[0m[48;2;161;140;155m[38;2;161;140;155m+[0m[48;2;161;140;155m[38;2;161;140;155m+[0m[48;2;161;140;155m[38;2;161;140;155m+[0m[48;2;150;130;145m[38;2;150;130;145m*[0m[48;2;38;24;35m[38;2;38;24;35m▓[0m[48;2;151;135;146m[38;2;151;135;146m*[0m[48;2;89;74;86m[38;2;89;74;86m@[0m[48;2;61;49;58m[38;2;61;49;58m▒[0m[48;2;83;71;81m[38;2;83;71;81m@[0m[48;2;72;59;69m[38;2;72;59;69m░[0m[48;2;153;136;148m[38;2;153;136;148m*[0m[48;2;160;141;155m[38;2;160;141;155m+[0m[48;2;161;140;155m[38;2;161;140;155m+[0m[48;2;161;140;155m[38;2;161;140;155m+[0m[48;2;160;141;155m[38;2;160;141;155m+[0m[48;2;136;120;132m[38;2;136;120;132m#[0m[48;2;48;35;54m[38;2;48;35;54m▒[0m[48;2;22;12;32m[38;2;22;12;32m█[0m[48;2;15;10;18m[38;2;15;10;18m█[0m[48;2;34;31;41m[38;2;34;31;41m▓[0m[48;2;22;19;27m[38;2;22;19;27m▓[0m[48;2;177;176;177m[38;2;177;176;177m=[0m                                     
                                   [48;2;166;166;166m[38;2;166;166;166m=[0m[48;2;80;74;79m[38;2;80;74;79m@[0m[48;2;43;35;42m[38;2;43;35;42m▒[0m[48;2;25;18;25m[38;2;25;18;25m▓[0m[48;2;96;86;95m[38;2;96;86;95m@[0m[48;2;89;75;87m[38;2;89;75;87m@[0m[48;2;130;115;126m[38;2;130;115;126m#[0m[48;2;145;128;141m[38;2;145;128;141m*[0m[48;2;160;141;155m[38;2;160;141;155m+[0m[48;2;159;140;154m[38;2;159;140;154m+[0m[48;2;39;28;37m[38;2;39;28;37m▓[0m[48;2;62;52;60m[38;2;62;52;60m░[0m[48;2;145;131;141m[38;2;145;131;141m*[0m[48;2;41;32;40m[38;2;41;32;40m▓[0m[48;2;48;40;47m[38;2;48;40;47m▒[0m[48;2;52;42;49m[38;2;52;42;49m▒[0m[48;2;32;23;29m[38;2;32;23;29m▓[0m[48;2;96;84;92m[38;2;96;84;92m@[0m[48;2;148;132;143m[38;2;148;132;143m*[0m[48;2;159;141;154m[38;2;159;141;154m+[0m[48;2;160;140;155m[38;2;160;140;155m+[0m[48;2;160;141;155m[38;2;160;141;155m+[0m[48;2;149;132;144m[38;2;149;132;144m*[0m[48;2;75;64;73m[38;2;75;64;73m░[0m[48;2;39;32;42m[38;2;39;32;42m▓[0m[48;2;39;36;48m[38;2;39;36;48m▒[0m[48;2;38;35;47m[38;2;38;35;47m▒[0m[48;2;93;90;95m[38;2;93;90;95m%[0m                                     
                                   [48;2;114;114;114m[38;2;114;114;114m#[0m[48;2;112;102;109m[38;2;112;102;109m%[0m[48;2;16;8;15m[38;2;16;8;15m█[0m[48;2;81;74;81m[38;2;81;74;81m@[0m[48;2;96;86;94m[38;2;96;86;94m@[0m[48;2;29;19;27m[38;2;29;19;27m▓[0m[48;2;30;22;29m[38;2;30;22;29m▓[0m[48;2;49;40;48m[38;2;49;40;48m▒[0m[48;2;117;103;114m[38;2;117;103;114m%[0m[48;2;112;97;109m[38;2;112;97;109m%[0m[48;2;64;53;62m[38;2;64;53;62m░[0m[48;2;22;16;22m[38;2;22;16;22m▓[0m[48;2;35;27;37m[38;2;35;27;37m▓[0m[48;2;59;47;74m[38;2;59;47;74m▒[0m[48;2;26;14;41m[38;2;26;14;41m▓[0m[48;2;80;71;76m[38;2;80;71;76m@[0m[48;2;33;27;29m[38;2;33;27;29m▓[0m[48;2;80;73;73m[38;2;80;73;73m@[0m[48;2;33;25;29m[38;2;33;25;29m▓[0m[48;2;19;13;16m[38;2;19;13;16m█[0m[48;2;32;25;29m[38;2;32;25;29m▓[0m[48;2;58;47;55m[38;2;58;47;55m▒[0m[48;2;53;43;50m[38;2;53;43;50m▒[0m[48;2;76;66;73m[38;2;76;66;73m░[0m[48;2;71;61;68m[38;2;71;61;68m░[0m[48;2;28;22;31m[38;2;28;22;31m▓[0m[48;2;28;24;35m[38;2;28;24;35m▓[0m[48;2;70;66;74m[38;2;70;66;74m░[0m                                     
                                   [48;2;116;116;116m[38;2;116;116;116m#[0m[48;2;99;89;96m[38;2;99;89;96m%[0m[48;2;10;3;10m[38;2;10;3;10m█[0m[48;2;102;94;100m[38;2;102;94;100m%[0m[48;2;39;31;38m[38;2;39;31;38m▓[0m[48;2;42;22;80m[38;2;42;22;80m▓[0m[48;2;49;22;100m[38;2;49;22;100m▒[0m[48;2;27;10;57m[38;2;27;10;57m▓[0m[48;2;132;123;128m[38;2;132;123;128m#[0m[48;2;197;185;185m[38;2;197;185;185m-[0m[48;2;215;204;202m[38;2;215;204;202m:[0m[48;2;133;124;125m[38;2;133;124;125m#[0m[48;2;50;31;85m[38;2;50;31;85m▒[0m[48;2;98;59;163m[38;2;98;59;163m@[0m[48;2;56;25;104m[38;2;56;25;104m▒[0m[48;2;145;135;139m[38;2;145;135;139m*[0m[48;2;170;159;159m[38;2;170;159;159m+[0m[48;2;247;234;232m[38;2;247;234;232m.[0m[48;2;179;167;167m[38;2;179;167;167m=[0m[48;2;64;55;58m[38;2;64;55;58m░[0m[48;2;150;140;146m[38;2;150;140;146m*[0m[48;2;155;140;151m[38;2;155;140;151m*[0m[48;2;86;74;83m[38;2;86;74;83m@[0m[48;2;73;61;69m[38;2;73;61;69m░[0m[48;2;141;129;137m[38;2;141;129;137m*[0m[48;2;153;138;149m[38;2;153;138;149m*[0m[48;2;123;109;120m[38;2;123;109;120m#[0m[48;2;85;71;82m[38;2;85;71;82m@[0m[48;2;76;68;75m[38;2;76;68;75m░[0m[48;2;107;102;106m[38;2;107;102;106m%[0m[48;2;158;155;157m[38;2;158;155;157m+[0m[48;2;234;233;234m[38;2;234;233;234m.[0m                                 
                                   [48;2;178;178;178m[38;2;178;178;178m=[0m[48;2;66;58;63m[38;2;66;58;63m░[0m[48;2;20;11;18m[38;2;20;11;18m█[0m[48;2;159;151;155m[38;2;159;151;155m+[0m[48;2;135;126;128m[38;2;135;126;128m*[0m[48;2;101;79;117m[38;2;101;79;117m@[0m[48;2;177;130;197m[38;2;177;130;197m+[0m[48;2;93;61;108m[38;2;93;61;108m@[0m[48;2;157;149;148m[38;2;157;149;148m+[0m[48;2;250;235;229m[38;2;250;235;229m [0m[48;2;250;234;228m[38;2;250;234;228m [0m[48;2;234;219;214m[38;2;234;219;214m.[0m[48;2;60;45;54m[38;2;60;45;54m▒[0m[48;2;191;152;192m[38;2;191;152;192m=[0m[48;2;94;62;97m[38;2;94;62;97m@[0m[48;2;183;173;173m[38;2;183;173;173m=[0m[48;2;246;226;218m[38;2;246;226;218m.[0m[48;2;244;217;208m[38;2;244;217;208m.[0m[48;2;249;232;227m[38;2;249;232;227m.[0m[48;2;160;147;146m[38;2;160;147;146m+[0m[48;2;72;59;67m[38;2;72;59;67m░[0m[48;2;150;135;145m[38;2;150;135;145m*[0m[48;2;145;128;138m[38;2;145;128;138m*[0m[48;2;136;121;130m[38;2;136;121;130m#[0m[48;2;80;67;75m[38;2;80;67;75m░[0m[48;2;73;59;70m[38;2;73;59;70m░[0m[48;2;97;83;94m[38;2;97;83;94m@[0m[48;2;129;113;124m[38;2;129;113;124m#[0m[48;2;149;132;145m[38;2;149;132;145m*[0m[48;2;157;141;152m[38;2;157;141;152m+[0m[48;2;128;113;124m[38;2;128;113;124m#[0m[48;2;75;66;73m[38;2;75;66;73m░[0m[48;2;114;112;115m[38;2;114;112;115m#[0m[48;2;235;235;236m[38;2;235;235;236m.[0m                               
                                    [48;2;69;66;68m[38;2;69;66;68m░[0m[48;2;42;35;41m[38;2;42;35;41m▒[0m[48;2;175;167;169m[38;2;175;167;169m=[0m[48;2;237;219;217m[38;2;237;219;217m.[0m[48;2;92;77;81m[38;2;92;77;81m@[0m[48;2;121;90;115m[38;2;121;90;115m%[0m[48;2;73;54;71m[38;2;73;54;71m░[0m[48;2;224;213;212m[38;2;224;213;212m:[0m[48;2;201;188;184m[38;2;201;188;184m-[0m[48;2;171;155;153m[38;2;171;155;153m+[0m[48;2;249;235;230m[38;2;249;235;230m [0m[48;2;223;209;205m[38;2;223;209;205m:[0m[48;2;134;121;120m[38;2;134;121;120m#[0m[48;2;164;151;150m[38;2;164;151;150m+[0m[48;2;249;234;228m[38;2;249;234;228m [0m[48;2;239;211;199m[38;2;239;211;199m:[0m[48;2;242;211;205m[38;2;242;211;205m.[0m[48;2;250;233;228m[38;2;250;233;228m.[0m[48;2;248;234;231m[38;2;248;234;231m [0m[48;2;85;74;78m[38;2;85;74;78m@[0m[48;2;57;46;52m[38;2;57;46;52m▒[0m[48;2;47;37;44m[38;2;47;37;44m▒[0m[48;2;58;48;56m[38;2;58;48;56m▒[0m[48;2;108;96;104m[38;2;108;96;104m%[0m[48;2;139;126;136m[38;2;139;126;136m*[0m[48;2;126;114;123m[38;2;126;114;123m#[0m[48;2;90;79;87m[38;2;90;79;87m@[0m[48;2;50;41;48m[38;2;50;41;48m▒[0m[48;2;23;15;22m[38;2;23;15;22m█[0m[48;2;46;37;45m[38;2;46;37;45m▒[0m[48;2;117;105;115m[38;2;117;105;115m#[0m[48;2;128;118;126m[38;2;128;118;126m#[0m[48;2;60;56;60m[38;2;60;56;60m░[0m[48;2;190;189;191m[38;2;190;189;191m-[0m                              
                                    [48;2;199;199;199m[38;2;199;199;199m-[0m[48;2;11;8;10m[38;2;11;8;10m█[0m[48;2;14;8;12m[38;2;14;8;12m█[0m[48;2;181;166;164m[38;2;181;166;164m=[0m[48;2;248;233;229m[38;2;248;233;229m.[0m[48;2;227;213;208m[38;2;227;213;208m:[0m[48;2;244;229;224m[38;2;244;229;224m.[0m[48;2;250;235;227m[38;2;250;235;227m [0m[48;2;211;197;192m[38;2;211;197;192m-[0m[48;2;224;208;204m[38;2;224;208;204m:[0m[48;2;250;235;230m[38;2;250;235;230m [0m[48;2;250;234;228m[38;2;250;234;228m [0m[48;2;250;234;228m[38;2;250;234;228m [0m[48;2;250;235;226m[38;2;250;235;226m [0m[48;2;250;235;226m[38;2;250;235;226m [0m[48;2;250;234;227m[38;2;250;234;227m [0m[48;2;250;235;229m[38;2;250;235;229m [0m[48;2;241;228;223m[38;2;241;228;223m.[0m[48;2;115;104;105m[38;2;115;104;105m%[0m[48;2;34;26;30m[38;2;34;26;30m▓[0m[48;2;61;53;59m[38;2;61;53;59m░[0m[48;2;66;58;66m[38;2;66;58;66m░[0m[48;2;157;148;154m[38;2;157;148;154m+[0m[48;2;42;35;38m[38;2;42;35;38m▒[0m[48;2;65;57;63m[38;2;65;57;63m░[0m[48;2;83;72;81m[38;2;83;72;81m@[0m[48;2;91;79;89m[38;2;91;79;89m@[0m[48;2;109;97;107m[38;2;109;97;107m%[0m[48;2;137;123;134m[38;2;137;123;134m*[0m[48;2;158;141;153m[38;2;158;141;153m+[0m[48;2;161;141;154m[38;2;161;141;154m+[0m[48;2;160;141;155m[38;2;160;141;155m+[0m[48;2;153;136;148m[38;2;153;136;148m*[0m[48;2;63;55;62m[38;2;63;55;62m░[0m[48;2;181;180;182m[38;2;181;180;182m=[0m                             
                                    [48;2;225;225;225m[38;2;225;225;225m.[0m[48;2;104;102;103m[38;2;104;102;103m%[0m[48;2;103;97;100m[38;2;103;97;100m%[0m[48;2;228;218;216m[38;2;228;218;216m.[0m[48;2;249;235;231m[38;2;249;235;231m [0m[48;2;249;235;228m[38;2;249;235;228m [0m[48;2;249;235;228m[38;2;249;235;228m [0m[48;2;249;235;228m[38;2;249;235;228m [0m[48;2;250;235;229m[38;2;250;235;229m [0m[48;2;251;236;231m[38;2;251;236;231m [0m[48;2;249;233;228m[38;2;249;233;228m.[0m[48;2;238;224;219m[38;2;238;224;219m.[0m[48;2;218;203;198m[38;2;218;203;198m:[0m[48;2;189;175;172m[38;2;189;175;172m=[0m[48;2;157;146;143m[38;2;157;146;143m+[0m[48;2;119;110;109m[38;2;119;110;109m#[0m[48;2;80;72;74m[38;2;80;72;74m@[0m[48;2;32;25;28m[38;2;32;25;28m▓[0m[48;2;5;1;5m[38;2;5;1;5m█[0m[48;2;69;65;69m[38;2;69;65;69m░[0m[48;2;178;173;178m[38;2;178;173;178m=[0m[48;2;38;32;37m[38;2;38;32;37m▓[0m[48;2;79;72;76m[38;2;79;72;76m@[0m[48;2;95;88;93m[38;2;95;88;93m@[0m[48;2;84;74;85m[38;2;84;74;85m@[0m[48;2;159;141;155m[38;2;159;141;155m+[0m[48;2;161;140;155m[38;2;161;140;155m+[0m[48;2;161;140;155m[38;2;161;140;155m+[0m[48;2;160;140;155m[38;2;160;140;155m+[0m[48;2;161;140;155m[38;2;161;140;155m+[0m[48;2;161;140;155m[38;2;161;140;155m+[0m[48;2;161;140;155m[38;2;161;140;155m+[0m[48;2;161;140;155m[38;2;161;140;155m+[0m[48;2;153;134;148m[38;2;153;134;148m*[0m[48;2;51;42;50m[38;2;51;42;50m▒[0m[48;2;231;230;231m[38;2;231;230;231m.[0m                            
                                      [48;2;188;188;188m[38;2;188;188;188m-[0m[48;2;78;76;78m[38;2;78;76;78m@[0m[48;2;34;30;31m[38;2;34;30;31m▓[0m[48;2;44;40;41m[38;2;44;40;41m▒[0m[48;2;47;44;45m[38;2;47;44;45m▒[0m[48;2;63;60;61m[38;2;63;60;61m░[0m[48;2;50;47;48m[38;2;50;47;48m▒[0m[48;2;79;75;76m[38;2;79;75;76m@[0m[48;2;62;56;58m[38;2;62;56;58m░[0m[48;2;85;81;82m[38;2;85;81;82m@[0m[48;2;12;9;11m[38;2;12;9;11m█[0m[48;2;41;37;41m[38;2;41;37;41m▒[0m[48;2;27;22;27m[38;2;27;22;27m▓[0m[48;2;6;3;9m[38;2;6;3;9m█[0m[48;2;16;13;17m[38;2;16;13;17m█[0m[48;2;17;15;20m[38;2;17;15;20m█[0m[48;2;19;15;23m[38;2;19;15;23m█[0m[48;2;150;145;152m[38;2;150;145;152m+[0m[48;2;233;229;234m[38;2;233;229;234m.[0m[48;2;49;47;50m[38;2;49;47;50m▒[0m[48;2;193;190;194m[38;2;193;190;194m-[0m[48;2;190;184;189m[38;2;190;184;189m-[0m[48;2;40;33;40m[38;2;40;33;40m▓[0m[48;2;160;140;155m[38;2;160;140;155m+[0m[48;2;161;140;155m[38;2;161;140;155m+[0m[48;2;161;140;155m[38;2;161;140;155m+[0m[48;2;161;140;155m[38;2;161;140;155m+[0m[48;2;161;140;155m[38;2;161;140;155m+[0m[48;2;161;140;155m[38;2;161;140;155m+[0m[48;2;161;140;155m[38;2;161;140;155m+[0m[48;2;161;140;155m[38;2;161;140;155m+[0m[48;2;161;140;155m[38;2;161;140;155m+[0m[48;2;98;83;93m[38;2;98;83;93m@[0m[48;2;147;144;147m[38;2;147;144;147m*[0m                            
                                   [48;2;240;240;240m[38;2;240;240;240m [0m[48;2;78;76;79m[38;2;78;76;79m@[0m[48;2;28;25;28m[38;2;28;25;28m▓[0m[48;2;24;21;28m[38;2;24;21;28m▓[0m[48;2;27;23;35m[38;2;27;23;35m▓[0m[48;2;27;23;36m[38;2;27;23;36m▓[0m[48;2;8;5;12m[38;2;8;5;12m█[0m[48;2;27;24;27m[38;2;27;24;27m▓[0m[48;2;31;28;31m[38;2;31;28;31m▓[0m[48;2;49;45;51m[38;2;49;45;51m▒[0m[48;2;26;22;28m[38;2;26;22;28m▓[0m[48;2;154;151;155m[38;2;154;151;155m+[0m[48;2;20;18;20m[38;2;20;18;20m▓[0m[48;2;36;33;36m[38;2;36;33;36m▓[0m[48;2;14;11;16m[38;2;14;11;16m█[0m[48;2;33;27;34m[38;2;33;27;34m▓[0m[48;2;33;26;37m[38;2;33;26;37m▓[0m[48;2;28;22;35m[38;2;28;22;35m▓[0m[48;2;5;1;10m[38;2;5;1;10m█[0m[48;2;15;11;20m[38;2;15;11;20m█[0m[48;2;159;154;161m[38;2;159;154;161m+[0m[48;2;242;239;243m[38;2;242;239;243m [0m[48;2;140;137;141m[38;2;140;137;141m*[0m[48;2;112;109;113m[38;2;112;109;113m#[0m[48;2;199;195;199m[38;2;199;195;199m-[0m[48;2;38;33;40m[38;2;38;33;40m▓[0m[48;2;157;139;153m[38;2;157;139;153m*[0m[48;2;161;140;155m[38;2;161;140;155m+[0m[48;2;161;140;155m[38;2;161;140;155m+[0m[48;2;161;140;155m[38;2;161;140;155m+[0m[48;2;161;140;155m[38;2;161;140;155m+[0m[48;2;161;140;155m[38;2;161;140;155m+[0m[48;2;161;140;155m[38;2;161;140;155m+[0m[48;2;161;140;155m[38;2;161;140;155m+[0m[48;2;161;140;155m[38;2;161;140;155m+[0m[48;2;126;107;120m[38;2;126;107;120m#[0m[48;2;108;104;108m[38;2;108;104;108m%[0m                            
                                   [48;2;151;148;152m[38;2;151;148;152m+[0m[48;2;14;12;16m[38;2;14;12;16m█[0m[48;2;80;77;80m[38;2;80;77;80m@[0m[48;2;27;23;35m[38;2;27;23;35m▓[0m[48;2;37;32;50m[38;2;37;32;50m▓[0m[48;2;35;30;48m[38;2;35;30;48m▓[0m[48;2;9;6;16m[38;2;9;6;16m█[0m[48;2;30;26;41m[38;2;30;26;41m▓[0m[48;2;13;9;21m[38;2;13;9;21m█[0m[48;2;43;39;46m[38;2;43;39;46m▒[0m[48;2;9;6;12m[38;2;9;6;12m█[0m[48;2;64;61;67m[38;2;64;61;67m░[0m[48;2;12;10;13m[38;2;12;10;13m█[0m[48;2;17;14;17m[38;2;17;14;17m█[0m[48;2;13;10;13m[38;2;13;10;13m█[0m[48;2;82;77;76m[38;2;82;77;76m@[0m[48;2;133;124;116m[38;2;133;124;116m#[0m[48;2;43;36;50m[38;2;43;36;50m▒[0m[48;2;29;24;42m[38;2;29;24;42m▓[0m[48;2;15;11;23m[38;2;15;11;23m█[0m[48;2;50;46;54m[38;2;50;46;54m▒[0m[48;2;151;148;152m[38;2;151;148;152m+[0m[48;2;179;176;180m[38;2;179;176;180m=[0m[48;2;64;61;65m[38;2;64;61;65m░[0m[48;2;69;63;69m[38;2;69;63;69m░[0m[48;2;71;63;70m[38;2;71;63;70m░[0m[48;2;156;142;153m[38;2;156;142;153m+[0m[48;2;120;104;117m[38;2;120;104;117m#[0m[48;2;145;125;140m[38;2;145;125;140m*[0m[48;2;161;140;155m[38;2;161;140;155m+[0m[48;2;161;140;155m[38;2;161;140;155m+[0m[48;2;161;140;155m[38;2;161;140;155m+[0m[48;2;161;140;155m[38;2;161;140;155m+[0m[48;2;161;140;155m[38;2;161;140;155m+[0m[48;2;161;140;155m[38;2;161;140;155m+[0m[48;2;101;87;97m[38;2;101;87;97m%[0m[48;2;145;140;145m[38;2;145;140;145m*[0m                            
                                    [48;2;167;165;167m[38;2;167;165;167m=[0m[48;2;85;82;87m[38;2;85;82;87m@[0m[48;2;65;61;70m[38;2;65;61;70m░[0m[48;2;28;24;37m[38;2;28;24;37m▓[0m[48;2;29;25;40m[38;2;29;25;40m▓[0m[48;2;14;11;21m[38;2;14;11;21m█[0m[48;2;36;31;49m[38;2;36;31;49m▓[0m[48;2;20;15;29m[38;2;20;15;29m█[0m[48;2;32;27;32m[38;2;32;27;32m▓[0m[48;2;26;22;23m[38;2;26;22;23m▓[0m[48;2;5;1;6m[38;2;5;1;6m█[0m[48;2;22;18;22m[38;2;22;18;22m▓[0m[48;2;87;82;73m[38;2;87;82;73m@[0m[48;2;41;37;33m[38;2;41;37;33m▒[0m[48;2;88;80;80m[38;2;88;80;80m@[0m[48;2;107;97;94m[38;2;107;97;94m%[0m[48;2;40;34;50m[38;2;40;34;50m▒[0m[48;2;36;30;51m[38;2;36;30;51m▓[0m[48;2;37;31;52m[38;2;37;31;52m▓[0m[48;2;31;26;45m[38;2;31;26;45m▓[0m[48;2;14;10;22m[38;2;14;10;22m█[0m[48;2;60;54;63m[38;2;60;54;63m░[0m[48;2;114;104;113m[38;2;114;104;113m%[0m[48;2;132;120;130m[38;2;132;120;130m#[0m[48;2;101;89;99m[38;2;101;89;99m%[0m[48;2;45;35;43m[38;2;45;35;43m▒[0m[48;2;40;29;38m[38;2;40;29;38m▓[0m[48;2;147;128;142m[38;2;147;128;142m*[0m[48;2;161;140;155m[38;2;161;140;155m+[0m[48;2;161;140;155m[38;2;161;140;155m+[0m[48;2;161;140;155m[38;2;161;140;155m+[0m[48;2;161;140;155m[38;2;161;140;155m+[0m[48;2;160;140;155m[38;2;160;140;155m+[0m[48;2;137;121;133m[38;2;137;121;133m#[0m[48;2;63;53;61m[38;2;63;53;61m░[0m[48;2;239;236;239m[38;2;239;236;239m.[0m                            
                                     [48;2;141;139;141m[38;2;141;139;141m*[0m[48;2;110;107;111m[38;2;110;107;111m%[0m[48;2;74;71;76m[38;2;74;71;76m░[0m[48;2;8;4;12m[38;2;8;4;12m█[0m[48;2;23;21;32m[38;2;23;21;32m▓[0m[48;2;36;31;50m[38;2;36;31;50m▓[0m[48;2;35;29;48m[38;2;35;29;48m▓[0m[48;2;28;21;29m[38;2;28;21;29m▓[0m[48;2;127;118;100m[38;2;127;118;100m#[0m[48;2;137;123;99m[38;2;137;123;99m#[0m[48;2;159;143;116m[38;2;159;143;116m*[0m[48;2;148;134;109m[38;2;148;134;109m*[0m[48;2;29;23;22m[38;2;29;23;22m▓[0m[48;2;32;28;41m[38;2;32;28;41m▓[0m[48;2;37;30;48m[38;2;37;30;48m▓[0m[48;2;33;27;45m[38;2;33;27;45m▓[0m[48;2;31;26;43m[38;2;31;26;43m▓[0m[48;2;35;30;48m[38;2;35;30;48m▓[0m[48;2;36;31;50m[38;2;36;31;50m▓[0m[48;2;36;31;50m[38;2;36;31;50m▓[0m[48;2;28;23;39m[38;2;28;23;39m▓[0m[48;2;19;15;26m[38;2;19;15;26m█[0m[48;2;13;8;16m[38;2;13;8;16m█[0m[48;2;26;19;28m[38;2;26;19;28m▓[0m[48;2;79;70;80m[38;2;79;70;80m@[0m[48;2;153;139;150m[38;2;153;139;150m*[0m[48;2;160;141;155m[38;2;160;141;155m+[0m[48;2;161;140;155m[38;2;161;140;155m+[0m[48;2;161;140;155m[38;2;161;140;155m+[0m[48;2;160;140;155m[38;2;160;140;155m+[0m[48;2;135;117;130m[38;2;135;117;130m#[0m[48;2;82;70;80m[38;2;82;70;80m@[0m[48;2;102;95;101m[38;2;102;95;101m%[0m[48;2;226;223;227m[38;2;226;223;227m.[0m                             
                                      [48;2;180;180;180m[38;2;180;180;180m=[0m[48;2;159;156;158m[38;2;159;156;158m+[0m[48;2;44;40;47m[38;2;44;40;47m▒[0m[48;2;31;27;38m[38;2;31;27;38m▓[0m[48;2;20;16;28m[38;2;20;16;28m▓[0m[48;2;27;23;33m[38;2;27;23;33m▓[0m[48;2;7;2;10m[38;2;7;2;10m█[0m[48;2;14;6;20m[38;2;14;6;20m█[0m[48;2;25;16;43m[38;2;25;16;43m▓[0m[48;2;26;20;26m[38;2;26;20;26m▓[0m[48;2;9;5;9m[38;2;9;5;9m█[0m[48;2;14;10;16m[38;2;14;10;16m█[0m[48;2;24;20;28m[38;2;24;20;28m▓[0m[48;2;21;17;25m[38;2;21;17;25m▓[0m[48;2;5;3;9m[38;2;5;3;9m█[0m[48;2;8;5;11m[38;2;8;5;11m█[0m[48;2;5;3;9m[38;2;5;3;9m█[0m[48;2;6;4;10m[38;2;6;4;10m█[0m[48;2;13;11;18m[38;2;13;11;18m█[0m[48;2;11;8;15m[38;2;11;8;15m█[0m[48;2;13;10;17m[38;2;13;10;17m█[0m[48;2;10;6;16m[38;2;10;6;16m█[0m[48;2;20;16;30m[38;2;20;16;30m▓[0m[48;2;25;19;33m[38;2;25;19;33m▓[0m[48;2;60;50;63m[38;2;60;50;63m▒[0m[48;2;114;101;112m[38;2;114;101;112m%[0m[48;2;116;103;113m[38;2;116;103;113m%[0m[48;2;74;64;72m[38;2;74;64;72m░[0m[48;2;94;87;93m[38;2;94;87;93m@[0m[48;2;145;139;144m[38;2;145;139;144m*[0m[48;2;229;226;229m[38;2;229;226;229m.[0m                               
                                        [48;2;17;14;19m[38;2;17;14;19m█[0m[48;2;18;15;22m[38;2;18;15;22m█[0m[48;2;40;38;43m[38;2;40;38;43m▒[0m[48;2;33;30;35m[38;2;33;30;35m▓[0m[48;2;16;13;18m[38;2;16;13;18m█[0m[48;2;52;48;54m[38;2;52;48;54m▒[0m[48;2;21;16;33m[38;2;21;16;33m▓[0m[48;2;17;13;24m[38;2;17;13;24m█[0m[48;2;13;8;27m[38;2;13;8;27m█[0m[48;2;65;49;125m[38;2;65;49;125m░[0m[48;2;37;27;58m[38;2;37;27;58m▓[0m[48;2;16;11;18m[38;2;16;11;18m█[0m[48;2;34;31;36m[38;2;34;31;36m▓[0m[48;2;44;41;49m[38;2;44;41;49m▒[0m[48;2;46;43;51m[38;2;46;43;51m▒[0m[48;2;49;46;54m[38;2;49;46;54m▒[0m[48;2;50;47;55m[38;2;50;47;55m▒[0m[48;2;26;23;32m[38;2;26;23;32m▓[0m[48;2;20;16;28m[38;2;20;16;28m▓[0m[48;2;31;26;42m[38;2;31;26;42m▓[0m[48;2;37;31;52m[38;2;37;31;52m▓[0m[48;2;37;31;52m[38;2;37;31;52m▓[0m[48;2;36;30;50m[38;2;36;30;50m▓[0m[48;2;26;21;37m[38;2;26;21;37m▓[0m[48;2;15;11;22m[38;2;15;11;22m█[0m[48;2;108;105;111m[38;2;108;105;111m%[0m[48;2;237;236;237m[38;2;237;236;237m.[0m                                 
                                       [48;2;181;180;182m[38;2;181;180;182m=[0m[48;2;14;12;16m[38;2;14;12;16m█[0m[48;2;30;27;32m[38;2;30;27;32m▓[0m[48;2;23;19;31m[38;2;23;19;31m▓[0m[48;2;31;26;43m[38;2;31;26;43m▓[0m[48;2;77;74;80m[38;2;77;74;80m@[0m[48;2;155;152;156m[38;2;155;152;156m+[0m[48;2;43;30;93m[38;2;43;30;93m▒[0m[48;2;63;48;112m[38;2;63;48;112m░[0m[48;2;17;9;45m[38;2;17;9;45m█[0m[48;2;43;33;79m[38;2;43;33;79m▒[0m[48;2;25;19;39m[38;2;25;19;39m▓[0m[48;2;82;79;84m[38;2;82;79;84m@[0m[48;2;98;95;101m[38;2;98;95;101m%[0m[48;2;26;22;33m[38;2;26;22;33m▓[0m[48;2;31;26;42m[38;2;31;26;42m▓[0m[48;2;36;31;50m[38;2;36;31;50m▓[0m[48;2;36;31;51m[38;2;36;31;51m▓[0m[48;2;36;30;51m[38;2;36;30;51m▓[0m[48;2;37;31;52m[38;2;37;31;52m▓[0m[48;2;37;31;52m[38;2;37;31;52m▓[0m[48;2;37;31;52m[38;2;37;31;52m▓[0m[48;2;37;31;52m[38;2;37;31;52m▓[0m[48;2;37;31;52m[38;2;37;31;52m▓[0m[48;2;37;31;52m[38;2;37;31;52m▓[0m[48;2;37;31;52m[38;2;37;31;52m▓[0m[48;2;30;25;43m[38;2;30;25;43m▓[0m[48;2;32;28;38m[38;2;32;28;38m▓[0m[48;2;139;138;140m[38;2;139;138;140m*[0m                                
                                       [48;2;77;76;79m[38;2;77;76;79m@[0m[48;2;9;7;13m[38;2;9;7;13m█[0m[48;2;32;27;43m[38;2;32;27;43m▓[0m[48;2;37;31;52m[38;2;37;31;52m▓[0m[48;2;26;21;40m[38;2;26;21;40m▓[0m[48;2;117;115;120m[38;2;117;115;120m#[0m[48;2;237;235;238m[38;2;237;235;238m.[0m[48;2;85;81;91m[38;2;85;81;91m@[0m[48;2;71;65;80m[38;2;71;65;80m░[0m[48;2;20;12;48m[38;2;20;12;48m▓[0m[48;2;65;49;115m[38;2;65;49;115m░[0m[48;2;32;21;48m[38;2;32;21;48m▓[0m[48;2;162;159;163m[38;2;162;159;163m+[0m [48;2;227;224;230m[38;2;227;224;230m.[0m[48;2;135;132;138m[38;2;135;132;138m*[0m[48;2;50;46;55m[38;2;50;46;55m▒[0m[48;2;23;19;32m[38;2;23;19;32m▓[0m[48;2;33;28;46m[38;2;33;28;46m▓[0m[48;2;37;31;50m[38;2;37;31;50m▓[0m[48;2;37;31;52m[38;2;37;31;52m▓[0m[48;2;37;31;52m[38;2;37;31;52m▓[0m[48;2;37;31;52m[38;2;37;31;52m▓[0m[48;2;37;31;52m[38;2;37;31;52m▓[0m[48;2;37;31;52m[38;2;37;31;52m▓[0m[48;2;37;31;52m[38;2;37;31;52m▓[0m[48;2;37;31;52m[38;2;37;31;52m▓[0m[48;2;37;31;52m[38;2;37;31;52m▓[0m[48;2;28;23;40m[38;2;28;23;40m▓[0m[48;2;49;46;56m[38;2;49;46;56m▒[0m[48;2;200;199;201m[38;2;200;199;201m-[0m                              
                                       [48;2;136;135;137m[38;2;136;135;137m*[0m[48;2;23;21;29m[38;2;23;21;29m▓[0m[48;2;37;32;51m[38;2;37;32;51m▓[0m[48;2;37;31;52m[38;2;37;31;52m▓[0m[48;2;24;19;37m[38;2;24;19;37m▓[0m[48;2;135;132;136m[38;2;135;132;136m*[0m   [48;2;178;176;179m[38;2;178;176;179m=[0m[48;2;91;85;94m[38;2;91;85;94m@[0m[48;2;92;88;95m[38;2;92;88;95m@[0m[48;2;235;234;235m[38;2;235;234;235m.[0m    [48;2;160;158;163m[38;2;160;158;163m+[0m[48;2;32;29;37m[38;2;32;29;37m▓[0m[48;2;51;48;57m[38;2;51;48;57m▒[0m[48;2;22;17;31m[38;2;22;17;31m▓[0m[48;2;30;25;42m[38;2;30;25;42m▓[0m[48;2;37;31;52m[38;2;37;31;52m▓[0m[48;2;37;31;52m[38;2;37;31;52m▓[0m[48;2;37;31;52m[38;2;37;31;52m▓[0m[48;2;37;31;52m[38;2;37;31;52m▓[0m[48;2;37;31;52m[38;2;37;31;52m▓[0m[48;2;37;31;52m[38;2;37;31;52m▓[0m[48;2;37;31;52m[38;2;37;31;52m▓[0m[48;2;35;30;48m[38;2;35;30;48m▓[0m[48;2;23;20;29m[38;2;23;20;29m▓[0m[48;2;187;187;188m[38;2;187;187;188m-[0m                             