                                                                                                    
                                                                                                    
                                                                                                    
                                                                                                    
                                                                                                    
                                                                                                    
                                                                                                    
                                                                                                    
                                                                                                    
                                                                                                    
                                                                                                    
                                                 [48;2;230;230;230m[38;2;230;230;230m.[0m[48;2;218;218;218m[38;2;218;218;218m:[0m[48;2;213;213;214m[38;2;213;213;214m:[0m[48;2;221;220;221m[38;2;221;220;221m.[0m                                               
                                             [48;2;192;192;193m[38;2;192;192;193m-[0m[48;2;115;115;117m[38;2;115;115;117m#[0m[48;2;63;62;67m[38;2;63;62;67m░[0m[48;2;32;31;37m[38;2;32;31;37m▓[0m[48;2;26;24;33m[38;2;26;24;33m▓[0m[48;2;28;26;37m[38;2;28;26;37m▓[0m[48;2;29;28;38m[38;2;29;28;38m▓[0m[48;2;27;26;36m[38;2;27;26;36m▓[0m[48;2;23;22;33m[38;2;23;22;33m▓[0m[48;2;44;43;54m[38;2;44;43;54m▒[0m[48;2;86;85;93m[38;2;86;85;93m@[0m[48;2;142;141;146m[38;2;142;141;146m*[0m[48;2;220;219;221m[38;2;220;219;221m.[0m                                          
                                           [48;2;190;189;191m[38;2;190;189;191m-[0m[48;2;53;51;56m[38;2;53;51;56m▒[0m[48;2;28;26;37m[38;2;28;26;37m▓[0m[48;2;42;39;54m[38;2;42;39;54m▒[0m[48;2;45;42;58m[38;2;45;42;58m▒[0m[48;2;43;41;58m[38;2;43;41;58m▒[0m[48;2;43;41;57m[38;2;43;41;57m▒[0m[48;2;55;54;68m[38;2;55;54;68m░[0m[48;2;57;56;69m[38;2;57;56;69m░[0m[48;2;42;41;54m[38;2;42;41;54m▒[0m[48;2;61;60;73m[38;2;61;60;73m░[0m[48;2;46;45;61m[38;2;46;45;61m▒[0m[48;2;43;42;58m[38;2;43;42;58m▒[0m[48;2;38;36;52m[38;2;38;36;52m▒[0m[48;2;26;24;35m[38;2;26;24;35m▓[0m[48;2;71;70;76m[38;2;71;70;76m░[0m[48;2;180;179;181m[38;2;180;179;181m=[0m                                        
                                         [48;2;225;225;225m[38;2;225;225;225m.[0m[48;2;81;80;84m[38;2;81;80;84m@[0m[48;2;29;27;37m[38;2;29;27;37m▓[0m[48;2;43;40;55m[38;2;43;40;55m▒[0m[48;2;36;33;47m[38;2;36;33;47m▓[0m[48;2;29;25;36m[38;2;29;25;36m▓[0m[48;2;51;46;56m[38;2;51;46;56m▒[0m[48;2;74;65;76m[38;2;74;65;76m░[0m[48;2;89;78;88m[38;2;89;78;88m@[0m[48;2;97;84;93m[38;2;97;84;93m@[0m[48;2;97;84;94m[38;2;97;84;94m@[0m[48;2;81;69;79m[38;2;81;69;79m@[0m[48;2;59;50;60m[38;2;59;50;60m▒[0m[48;2;52;44;53m[38;2;52;44;53m▒[0m[48;2;50;42;49m[38;2;50;42;49m▒[0m[48;2;30;24;33m[38;2;30;24;33m▓[0m[48;2;32;26;35m[38;2;32;26;35m▓[0m[48;2;27;22;30m[38;2;27;22;30m▓[0m[48;2;15;12;17m[38;2;15;12;17m█[0m[48;2;74;72;76m[38;2;74;72;76m░[0m[48;2;228;227;229m[38;2;228;227;229m.[0m                                      
                                        [48;2;206;206;206m[38;2;206;206;206m:[0m[48;2;35;34;38m[38;2;35;34;38m▓[0m[48;2;40;38;50m[38;2;40;38;50m▒[0m[48;2;43;40;54m[38;2;43;40;54m▒[0m[48;2;21;18;30m[38;2;21;18;30m▓[0m[48;2;71;62;73m[38;2;71;62;73m░[0m[48;2;147;131;144m[38;2;147;131;144m*[0m[48;2;160;140;155m[38;2;160;140;155m+[0m[48;2;161;140;155m[38;2;161;140;155m+[0m[48;2;126;108;122m[38;2;126;108;122m#[0m[48;2;78;65;76m[38;2;78;65;76m░[0m[48;2;78;65;76m[38;2;78;65;76m░[0m[48;2;79;65;76m[38;2;79;65;76m░[0m[48;2;107;92;103m[38;2;107;92;103m%[0m[48;2;145;129;141m[38;2;145;129;141m*[0m[48;2;129;112;124m[38;2;129;112;124m#[0m[48;2;157;140;151m[38;2;157;140;151m+[0m[48;2;158;141;151m[38;2;158;141;151m+[0m[48;2;96;82;91m[38;2;96;82;91m@[0m[48;2;85;73;81m[38;2;85;73;81m@[0m[48;2;63;57;62m[38;2;63;57;62m░[0m[48;2;43;39;43m[38;2;43;39;43m▒[0m[48;2;223;222;223m[38;2;223;222;223m.[0m                                     
                                       [48;2;224;224;224m[38;2;224;224;224m.[0m[48;2;32;31;34m[38;2;32;31;34m▓[0m[48;2;41;38;48m[38;2;41;38;48m▒[0m[48;2;26;23;34m[38;2;26;23;34m▓[0m[48;2;37;31;41m[38;2;37;31;41m▓[0m[48;2;125;111;124m[38;2;125;111;124m#[0m[48;2;160;140;154m[38;2;160;140;154m+[0m[48;2;161;140;155m[38;2;161;140;155m+[0m[48;2;161;140;155m[38;2;161;140;155m+[0m[48;2;161;140;155m[38;2;161;140;155m+[0m[48;2;158;137;152m[38;2;158;137;152m*[0m[48;2;160;139;154m[38;2;160;139;154m+[0m[48;2;161;140;155m[38;2;161;140;155m+[0m[48;2;161;140;155m[38;2;161;140;155m+[0m[48;2;161;140;155m[38;2;161;140;155m+[0m[48;2;161;140;155m[38;2;161;140;155m+[0m[48;2;161;140;155m[38;2;161;140;155m+[0m[48;2;161;140;155m[38;2;161;140;155m+[0m[48;2;161;140;155m[38;2;161;140;155m+[0m[48;2;146;127;141m[38;2;146;127;141m*[0m[48;2;116;99;110m[38;2;116;99;110m%[0m[48;2;99;87;96m[38;2;99;87;96m%[0m[48;2;86;76;85m[38;2;86;76;85m@[0m[48;2;28;24;28m[38;2;28;24;28m▓[0m[48;2;114;114;115m[38;2;114;114;115m#[0m[48;2;168;168;169m[38;2;168;168;169m=[0m                                   
                                       [48;2;75;75;76m[38;2;75;75;76m@[0m[48;2;31;29;36m[38;2;31;29;36m▓[0m[48;2;12;9;17m[38;2;12;9;17m█[0m[48;2;43;37;45m[38;2;43;37;45m▒[0m[48;2;149;135;147m[38;2;149;135;147m*[0m[48;2;160;141;155m[38;2;160;141;155m+[0m[48;2;161;140;155m[38;2;161;140;155m+[0m[48;2;161;140;155m[38;2;161;140;155m+[0m[48;2;160;140;154m[38;2;160;140;154m+[0m[48;2;159;138;153m[38;2;159;138;153m*[0m[48;2;159;138;153m[38;2;159;138;153m*[0m[48;2;159;139;154m[38;2;159;139;154m+[0m[48;2;161;140;155m[38;2;161;140;155m+[0m[48;2;161;140;155m[38;2;161;140;155m+[0m[48;2;161;140;155m[38;2;161;140;155m+[0m[48;2;161;140;155m[38;2;161;140;155m+[0m[48;2;161;140;155m[38;2;161;140;155m+[0m[48;2;161;140;155m[38;2;161;140;155m+[0m[48;2;161;140;155m[38;2;161;140;155m+[0m[48;2;154;134;148m[38;2;154;134;148m*[0m[48;2;138;118;132m[38;2;138;118;132m#[0m[48;2;160;141;155m[38;2;160;141;155m+[0m[48;2;159;141;155m[38;2;159;141;155m+[0m[48;2;85;74;83m[38;2;85;74;83m@[0m[48;2;22;16;28m[38;2;22;16;28m▓[0m[48;2;32;25;47m[38;2;32;25;47m▓[0m[48;2;216;215;216m[38;2;216;215;216m:[0m                                  
                                      [48;2;200;200;200m[38;2;200;200;200m-[0m[48;2;10;9;12m[38;2;10;9;12m█[0m[48;2;29;25;32m[38;2;29;25;32m▓[0m[48;2;27;21;28m[38;2;27;21;28m▓[0m[48;2;147;133;144m[38;2;147;133;144m*[0m[48;2;161;142;156m[38;2;161;142;156m+[0m[48;2;161;140;155m[38;2;161;140;155m+[0m[48;2;161;140;155m[38;2;161;140;155m+[0m[48;2;149;131;144m[38;2;149;131;144m*[0m[48;2;57;43;53m[38;2;57;43;53m▒[0m[48;2;107;92;105m[38;2;107;92;105m%[0m[48;2;54;40;52m[38;2;54;40;52m▒[0m[48;2;155;137;151m[38;2;155;137;151m*[0m[48;2;86;69;82m[38;2;86;69;82m@[0m[48;2;154;135;149m[38;2;154;135;149m*[0m[48;2;161;140;155m[38;2;161;140;155m+[0m[48;2;161;140;155m[38;2;161;140;155m+[0m[48;2;161;140;155m[38;2;161;140;155m+[0m[48;2;159;139;154m[38;2;159;139;154m+[0m[48;2;118;100;114m[38;2;118;100;114m%[0m[48;2;145;127;141m[38;2;145;127;141m*[0m[48;2;47;35;46m[38;2;47;35;46m▒[0m[48;2;159;140;154m[38;2;159;140;154m+[0m[48;2;161;140;155m[38;2;161;140;155m+[0m[48;2;159;140;154m[38;2;159;140;154m+[0m[48;2;52;41;51m[38;2;52;41;51m▒[0m[48;2;36;27;52m[38;2;36;27;52m▓[0m[48;2;89;87;93m[38;2;89;87;93m@[0m                                  
                                      [48;2;123;123;123m[38;2;123;123;123m#[0m[48;2;19;17;20m[38;2;19;17;20m█[0m[48;2;82;77;84m[38;2;82;77;84m@[0m[48;2;87;77;86m[38;2;87;77;86m@[0m[48;2;161;141;155m[38;2;161;141;155m+[0m[48;2;161;140;155m[38;2;161;140;155m+[0m[48;2;161;140;155m[38;2;161;140;155m+[0m[48;2;158;140;154m[38;2;158;140;154m+[0m[48;2;57;45;55m[38;2;57;45;55m▒[0m[48;2;45;38;45m[38;2;45;38;45m▒[0m[48;2;25;19;25m[38;2;25;19;25m▓[0m[48;2;103;96;103m[38;2;103;96;103m%[0m[48;2;85;72;81m[38;2;85;72;81m@[0m[48;2;54;43;51m[38;2;54;43;51m▒[0m[48;2;115;100;112m[38;2;115;100;112m%[0m[48;2;160;141;155m[38;2;160;141;155m+[0m[48;2;161;140;155m[38;2;161;140;155m+[0m[48;2;161;140;155m[38;2;161;140;155m+[0m[48;2;154;135;149m[38;2;154;135;149m*[0m[48;2;33;21;32m[38;2;33;21;32m▓[0m[48;2;151;136;149m[38;2;151;136;149m*[0m[48;2;74;63;73m[38;2;74;63;73m░[0m[48;2;107;93;104m[38;2;107;93;104m%[0m[48;2;160;141;155m[38;2;160;141;155m+[0m[48;2;161;140;155m[38;2;161;140;155m+[0m[48;2;136;119;132m[38;2;136;119;132m#[0m[48;2;24;13;28m[38;2;24;13;28m█[0m[48;2;94;88;96m[38;2;94;88;96m@[0m                                  
                                      [48;2;82;80;81m[38;2;82;80;81m@[0m[48;2;105;97;104m[38;2;105;97;104m%[0m[48;2;66;57;65m[38;2;66;57;65m░[0m[48;2;126;110;123m[38;2;126;110;123m#[0m[48;2;161;140;155m[38;2;161;140;155m+[0m[48;2;161;140;155m[38;2;161;140;155m+[0m[48;2;161;140;155m[38;2;161;140;155m+[0m[48;2;126;109;121m[38;2;126;109;121m#[0m[48;2;8;0;5m[38;2;8;0;5m█[0m[48;2;70;64;67m[38;2;70;64;67m░[0m[48;2;48;42;45m[38;2;48;42;45m▒[0m[48;2;55;47;64m[38;2;55;47;64m▒[0m[48;2;26;15;38m[38;2;26;15;38m▓[0m[48;2;16;9;21m[38;2;16;9;21m█[0m[48;2;12;6;11m[38;2;12;6;11m█[0m[48;2;69;58;67m[38;2;69;58;67m░[0m[48;2;120;105;116m[38;2;120;105;116m#[0m[48;2;123;108;120m[38;2;123;108;120m#[0m[48;2;122;107;119m[38;2;122;107;119m#[0m[48;2;26;18;25m[38;2;26;18;25m▓[0m[48;2;39;32;38m[38;2;39;32;38m▓[0m[48;2;115;105;113m[38;2;115;105;113m%[0m[48;2;24;16;22m[38;2;24;16;22m▓[0m[48;2;70;59;67m[38;2;70;59;67m░[0m[48;2;124;109;120m[38;2;124;109;120m#[0m[48;2;94;79;89m[38;2;94;79;89m@[0m[48;2;102;90;99m[38;2;102;90;99m%[0m[48;2;71;64;69m[38;2;71;64;69m░[0m[48;2;122;119;123m[38;2;122;119;123m#[0m[48;2;201;201;201m[38;2;201;201;201m-[0m                                
                                      [48;2;44;40;44m[38;2;44;40;44m▒[0m[48;2;155;142;152m[38;2;155;142;152m+[0m[48;2;66;55;63m[38;2;66;55;63m░[0m[48;2;128;113;125m[38;2;128;113;125m#[0m[48;2;161;140;155m[38;2;161;140;155m+[0m[48;2;161;140;155m[38;2;161;140;155m+[0m[48;2;161;140;155m[38;2;161;140;155m+[0m[48;2;92;76;87m[38;2;92;76;87m@[0m[48;2;115;105;111m[38;2;115;105;111m%[0m[48;2;219;210;210m[38;2;219;210;210m:[0m[48;2;102;93;96m[38;2;102;93;96m%[0m[48;2;88;64;133m[38;2;88;64;133m@[0m[48;2;83;43;154m[38;2;83;43;154m░[0m[48;2;38;15;72m[38;2;38;15;72m▓[0m[48;2;192;183;182m[38;2;192;183;182m-[0m[48;2;213;200;197m[38;2;213;200;197m:[0m[48;2;185;173;170m[38;2;185;173;170m=[0m[48;2;179;166;163m[38;2;179;166;163m=[0m[48;2;177;166;164m[38;2;177;166;164m=[0m[48;2;29;20;29m[38;2;29;20;29m▓[0m[48;2;55;28;117m[38;2;55;28;117m▒[0m[48;2;56;24;116m[38;2;56;24;116m▒[0m[48;2;25;14;34m[38;2;25;14;34m▓[0m[48;2;108;101;104m[38;2;108;101;104m%[0m[48;2;25;20;24m[38;2;25;20;24m▓[0m[48;2;39;32;38m[38;2;39;32;38m▓[0m[48;2;36;30;35m[38;2;36;30;35m▓[0m[48;2;34;30;34m[38;2;34;30;34m▓[0m[48;2;99;96;100m[38;2;99;96;100m%[0m[48;2;143;141;143m[38;2;143;141;143m*[0m                                
                                     [48;2;224;224;224m[38;2;224;224;224m.[0m[48;2;48;42;47m[38;2;48;42;47m▒[0m[48;2;159;143;153m[38;2;159;143;153m+[0m[48;2;111;100;109m[38;2;111;100;109m%[0m[48;2;73;62;72m[38;2;73;62;72m░[0m[48;2;160;141;155m[38;2;160;141;155m+[0m[48;2;161;140;155m[38;2;161;140;155m+[0m[48;2;161;140;155m[38;2;161;140;155m+[0m[48;2;90;75;84m[38;2;90;75;84m@[0m[48;2;161;150;153m[38;2;161;150;153m+[0m[48;2;250;237;234m[38;2;250;237;234m [0m[48;2;96;83;86m[38;2;96;83;86m@[0m[48;2;181;150;185m[38;2;181;150;185m+[0m[48;2;202;147;208m[38;2;202;147;208m=[0m[48;2;58;39;58m[38;2;58;39;58m▒[0m[48;2;237;225;220m[38;2;237;225;220m.[0m[48;2;250;235;228m[38;2;250;235;228m [0m[48;2;250;235;227m[38;2;250;235;227m [0m[48;2;250;235;227m[38;2;250;235;227m [0m[48;2;247;233;227m[38;2;247;233;227m.[0m[48;2;40;28;35m[38;2;40;28;35m▓[0m[48;2;172;143;198m[38;2;172;143;198m+[0m[48;2;103;64;151m[38;2;103;64;151m@[0m[48;2;85;74;87m[38;2;85;74;87m@[0m[48;2;213;203;200m[38;2;213;203;200m:[0m[48;2;180;172;169m[38;2;180;172;169m=[0m[48;2;91;84;85m[38;2;91;84;85m@[0m[48;2;46;39;44m[38;2;46;39;44m▒[0m[48;2;28;22;27m[38;2;28;22;27m▓[0m                                  
                                      [48;2;43;38;41m[38;2;43;38;41m▒[0m[48;2;153;137;148m[38;2;153;137;148m*[0m[48;2;125;111;121m[38;2;125;111;121m#[0m[48;2;11;2;10m[38;2;11;2;10m█[0m[48;2;72;61;70m[38;2;72;61;70m░[0m[48;2;148;131;144m[38;2;148;131;144m*[0m[48;2;160;141;154m[38;2;160;141;154m+[0m[48;2;134;117;128m[38;2;134;117;128m#[0m[48;2;76;62;67m[38;2;76;62;67m░[0m[48;2;239;213;212m[38;2;239;213;212m.[0m[48;2;205;192;188m[38;2;205;192;188m-[0m[48;2;98;82;88m[38;2;98;82;88m@[0m[48;2;103;83;93m[38;2;103;83;93m@[0m[48;2;189;175;175m[38;2;189;175;175m=[0m[48;2;250;235;229m[38;2;250;235;229m [0m[48;2;248;232;225m[38;2;248;232;225m.[0m[48;2;247;231;224m[38;2;247;231;224m.[0m[48;2;250;235;226m[38;2;250;235;226m [0m[48;2;249;235;228m[38;2;249;235;228m [0m[48;2;116;103;103m[38;2;116;103;103m%[0m[48;2;114;89;110m[38;2;114;89;110m%[0m[48;2;77;55;72m[38;2;77;55;72m░[0m[48;2;208;194;193m[38;2;208;194;193m-[0m[48;2;248;229;223m[38;2;248;229;223m.[0m[48;2;250;231;227m[38;2;250;231;227m.[0m[48;2;99;87;88m[38;2;99;87;88m@[0m[48;2;124;114;120m[38;2;124;114;120m#[0m[48;2;60;52;58m[38;2;60;52;58m░[0m[48;2;183;180;183m[38;2;183;180;183m=[0m                                 
                                      [48;2;114;112;113m[38;2;114;112;113m#[0m[48;2;21;14;19m[38;2;21;14;19m█[0m[48;2;100;92;96m[38;2;100;92;96m%[0m[48;2;156;146;146m[38;2;156;146;146m+[0m[48;2;76;68;69m[38;2;76;68;69m░[0m[48;2;12;4;8m[38;2;12;4;8m█[0m[48;2;38;31;36m[38;2;38;31;36m▓[0m[48;2;76;68;74m[38;2;76;68;74m░[0m[48;2;40;33;38m[38;2;40;33;38m▓[0m[48;2;67;61;63m[38;2;67;61;63m░[0m[48;2;170;161;160m[38;2;170;161;160m+[0m[48;2;247;234;229m[38;2;247;234;229m.[0m[48;2;250;234;228m[38;2;250;234;228m [0m[48;2;250;234;227m[38;2;250;234;227m [0m[48;2;250;234;227m[38;2;250;234;227m [0m[48;2;212;197;190m[38;2;212;197;190m-[0m[48;2;146;132;125m[38;2;146;132;125m*[0m[48;2;249;234;225m[38;2;249;234;225m.[0m[48;2;250;235;226m[38;2;250;235;226m [0m[48;2;249;233;226m[38;2;249;233;226m.[0m[48;2;215;200;193m[38;2;215;200;193m:[0m[48;2;237;222;215m[38;2;237;222;215m.[0m[48;2;243;223;212m[38;2;243;223;212m.[0m[48;2;237;202;188m[38;2;237;202;188m:[0m[48;2;248;223;217m[38;2;248;223;217m.[0m[48;2;75;66;66m[38;2;75;66;66m░[0m[48;2;83;76;79m[38;2;83;76;79m@[0m[48;2;69;63;67m[38;2;69;63;67m░[0m[48;2;231;228;231m[38;2;231;228;231m.[0m                                 
                                     [48;2;225;225;225m[38;2;225;225;225m.[0m[48;2;56;56;56m[38;2;56;56;56m░[0m[48;2;179;176;179m[38;2;179;176;179m=[0m[48;2;72;67;70m[38;2;72;67;70m░[0m[48;2;169;161;162m[38;2;169;161;162m+[0m[48;2;234;225;227m[38;2;234;225;227m.[0m[48;2;42;35;37m[38;2;42;35;37m▒[0m[48;2;48;46;47m[38;2;48;46;47m▒[0m[48;2;51;45;46m[38;2;51;45;46m▒[0m[48;2;200;191;192m[38;2;200;191;192m-[0m[48;2;241;232;231m[38;2;241;232;231m.[0m[48;2;242;231;228m[38;2;242;231;228m.[0m[48;2;248;235;230m[38;2;248;235;230m [0m[48;2;251;235;229m[38;2;251;235;229m [0m[48;2;251;236;228m[38;2;251;236;228m [0m[48;2;251;235;228m[38;2;251;235;228m [0m[48;2;250;235;227m[38;2;250;235;227m [0m[48;2;250;235;227m[38;2;250;235;227m [0m[48;2;250;235;226m[38;2;250;235;226m [0m[48;2;250;235;226m[38;2;250;235;226m [0m[48;2;250;235;227m[38;2;250;235;227m [0m[48;2;250;235;227m[38;2;250;235;227m [0m[48;2;250;235;227m[38;2;250;235;227m [0m[48;2;251;236;229m[38;2;251;236;229m [0m[48;2;250;234;229m[38;2;250;234;229m [0m[48;2;173;161;159m[38;2;173;161;159m+[0m[48;2;53;46;47m[38;2;53;46;47m▒[0m[48;2;46;42;43m[38;2;46;42;43m▒[0m[48;2;168;163;166m[38;2;168;163;166m=[0m                                  
                                     [48;2;176;176;176m[38;2;176;176;176m=[0m[48;2;86;84;85m[38;2;86;84;85m@[0m[48;2;204;201;204m[38;2;204;201;204m:[0m[48;2;135;132;136m[38;2;135;132;136m*[0m[48;2;3;1;4m[38;2;3;1;4m█[0m[48;2;37;34;38m[38;2;37;34;38m▓[0m[48;2;25;21;25m[38;2;25;21;25m▓[0m[48;2;188;186;188m[38;2;188;186;188m-[0m[48;2;40;38;39m[38;2;40;38;39m▒[0m[48;2;60;58;58m[38;2;60;58;58m░[0m[48;2;49;45;46m[38;2;49;45;46m▒[0m[48;2;66;62;64m[38;2;66;62;64m░[0m[48;2;91;85;87m[38;2;91;85;87m@[0m[48;2;115;108;108m[38;2;115;108;108m#[0m[48;2;134;125;125m[38;2;134;125;125m#[0m[48;2;153;142;142m[38;2;153;142;142m*[0m[48;2;169;158;157m[38;2;169;158;157m+[0m[48;2;181;170;167m[38;2;181;170;167m=[0m[48;2;188;178;174m[38;2;188;178;174m=[0m[48;2;189;179;176m[38;2;189;179;176m=[0m[48;2;188;178;175m[38;2;188;178;175m=[0m[48;2;178;168;165m[38;2;178;168;165m=[0m[48;2;159;149;146m[38;2;159;149;146m+[0m[48;2;126;116;115m[38;2;126;116;115m#[0m[48;2;68;61;64m[38;2;68;61;64m░[0m[48;2;17;11;16m[38;2;17;11;16m█[0m[48;2;33;28;32m[38;2;33;28;32m▓[0m[48;2;88;85;87m[38;2;88;85;87m@[0m                                   
                                   [48;2;199;199;200m[38;2;199;199;200m-[0m[48;2;93;89;91m[38;2;93;89;91m@[0m[48;2;67;61;64m[38;2;67;61;64m░[0m[48;2;73;70;72m[38;2;73;70;72m░[0m[48;2;203;202;203m[38;2;203;202;203m:[0m[48;2;128;126;129m[38;2;128;126;129m#[0m[48;2;4;3;6m[38;2;4;3;6m█[0m[48;2;10;8;12m[38;2;10;8;12m█[0m[48;2;7;5;9m[38;2;7;5;9m█[0m[48;2;222;220;224m[38;2;222;220;224m.[0m[48;2;149;146;149m[38;2;149;146;149m+[0m[48;2;5;4;5m[38;2;5;4;5m█[0m[48;2;16;15;19m[38;2;16;15;19m█[0m[48;2;6;4;11m[38;2;6;4;11m█[0m[48;2;8;6;11m[38;2;8;6;11m█[0m[48;2;19;16;23m[38;2;19;16;23m█[0m[48;2;31;27;39m[38;2;31;27;39m▓[0m[48;2;23;19;30m[38;2;23;19;30m▓[0m[48;2;50;45;52m[38;2;50;45;52m▒[0m[48;2;96;89;93m[38;2;96;89;93m%[0m[48;2;47;40;42m[38;2;47;40;42m▒[0m[48;2;46;40;41m[38;2;46;40;41m▒[0m[48;2;79;73;75m[38;2;79;73;75m@[0m[48;2;14;10;12m[38;2;14;10;12m█[0m[48;2;9;6;10m[38;2;9;6;10m█[0m[48;2;7;6;11m[38;2;7;6;11m█[0m[48;2;33;31;40m[38;2;33;31;40m▓[0m[48;2;20;18;27m[38;2;20;18;27m▓[0m[48;2;13;9;14m[38;2;13;9;14m█[0m[48;2;167;164;168m[38;2;167;164;168m=[0m                                   
                                  [48;2;126;123;126m[38;2;126;123;126m#[0m[48;2;75;69;76m[38;2;75;69;76m░[0m[48;2;147;135;145m[38;2;147;135;145m*[0m[48;2;154;138;148m[38;2;154;138;148m*[0m[48;2;48;42;47m[38;2;48;42;47m▒[0m[48;2;172;168;171m[38;2;172;168;171m=[0m[48;2;189;187;191m[38;2;189;187;191m-[0m[48;2;24;23;26m[38;2;24;23;26m▓[0m[48;2;7;6;10m[38;2;7;6;10m█[0m[48;2;87;86;91m[38;2;87;86;91m@[0m [48;2;89;86;90m[38;2;89;86;90m@[0m[48;2;17;14;19m[38;2;17;14;19m█[0m[48;2;14;11;21m[38;2;14;11;21m█[0m[48;2;30;27;43m[38;2;30;27;43m▓[0m[48;2;28;24;35m[38;2;28;24;35m▓[0m[48;2;25;21;29m[38;2;25;21;29m▓[0m[48;2;15;12;21m[38;2;15;12;21m█[0m[48;2;36;33;41m[38;2;36;33;41m▓[0m[48;2;10;7;13m[38;2;10;7;13m█[0m[48;2;8;6;11m[38;2;8;6;11m█[0m[48;2;106;102;107m[38;2;106;102;107m%[0m[48;2;117;113;117m[38;2;117;113;117m#[0m[48;2;51;48;52m[38;2;51;48;52m▒[0m[48;2;20;15;19m[38;2;20;15;19m█[0m[48;2;93;87;80m[38;2;93;87;80m@[0m[48;2;11;7;13m[38;2;11;7;13m█[0m[48;2;27;23;33m[38;2;27;23;33m▓[0m[48;2;75;72;82m[38;2;75;72;82m@[0m[48;2;227;224;228m[38;2;227;224;228m.[0m                                    
                                 [48;2;135;135;135m[38;2;135;135;135m*[0m[48;2;88;79;86m[38;2;88;79;86m@[0m[48;2;155;140;150m[38;2;155;140;150m*[0m[48;2;156;139;151m[38;2;156;139;151m*[0m[48;2;128;112;124m[38;2;128;112;124m#[0m[48;2;69;60;66m[38;2;69;60;66m░[0m[48;2;71;66;70m[38;2;71;66;70m░[0m[48;2;107;105;108m[38;2;107;105;108m%[0m[48;2;65;63;67m[38;2;65;63;67m░[0m[48;2;32;30;36m[38;2;32;30;36m▓[0m[48;2;124;122;127m[38;2;124;122;127m#[0m[48;2;51;48;54m[38;2;51;48;54m▒[0m[48;2;19;15;25m[38;2;19;15;25m█[0m[48;2;19;15;28m[38;2;19;15;28m█[0m[48;2;17;13;28m[38;2;17;13;28m█[0m[48;2;37;32;50m[38;2;37;32;50m▓[0m[48;2;37;31;51m[38;2;37;31;51m▓[0m[48;2;37;31;51m[38;2;37;31;51m▓[0m[48;2;30;25;44m[38;2;30;25;44m▓[0m[48;2;12;8;19m[38;2;12;8;19m█[0m[48;2;127;120;102m[38;2;127;120;102m#[0m[48;2;91;83;67m[38;2;91;83;67m@[0m[48;2;17;9;8m[38;2;17;9;8m█[0m[48;2;15;9;8m[38;2;15;9;8m█[0m[48;2;103;95;84m[38;2;103;95;84m%[0m[48;2;47;38;34m[38;2;47;38;34m▒[0m[48;2;118;109;98m[38;2;118;109;98m#[0m[48;2;10;4;7m[38;2;10;4;7m█[0m[48;2;78;72;80m[38;2;78;72;80m@[0m[48;2;239;237;240m[38;2;239;237;240m [0m                                     
                                 [48;2;50;48;49m[38;2;50;48;49m▒[0m[48;2;150;136;145m[38;2;150;136;145m*[0m[48;2;159;141;154m[38;2;159;141;154m+[0m[48;2;112;96;109m[38;2;112;96;109m%[0m[48;2;98;88;98m[38;2;98;88;98m%[0m[48;2;187;181;186m[38;2;187;181;186m-[0m[48;2;87;82;87m[38;2;87;82;87m@[0m[48;2;73;67;73m[38;2;73;67;73m░[0m[48;2;116;107;115m[38;2;116;107;115m#[0m[48;2;96;88;96m[38;2;96;88;96m@[0m[48;2;72;66;73m[38;2;72;66;73m░[0m[48;2;10;7;14m[38;2;10;7;14m█[0m[48;2;26;21;36m[38;2;26;21;36m▓[0m[48;2;32;27;46m[38;2;32;27;46m▓[0m[48;2;37;31;51m[38;2;37;31;51m▓[0m[48;2;37;31;52m[38;2;37;31;52m▓[0m[48;2;37;31;52m[38;2;37;31;52m▓[0m[48;2;37;31;52m[38;2;37;31;52m▓[0m[48;2;36;30;51m[38;2;36;30;51m▓[0m[48;2;17;13;26m[38;2;17;13;26m█[0m[48;2;105;97;83m[38;2;105;97;83m%[0m[48;2;216;203;162m[38;2;216;203;162m:[0m[48;2;215;198;152m[38;2;215;198;152m-[0m[48;2;208;190;145m[38;2;208;190;145m-[0m[48;2;211;196;154m[38;2;211;196;154m-[0m[48;2;70;60;49m[38;2;70;60;49m░[0m[48;2;13;8;13m[38;2;13;8;13m█[0m[48;2;22;18;26m[38;2;22;18;26m▓[0m[48;2;100;96;104m[38;2;100;96;104m%[0m                                      
                                 [48;2;103;102;102m[38;2;103;102;102m%[0m[48;2;113;101;109m[38;2;113;101;109m%[0m[48;2;160;141;155m[38;2;160;141;155m+[0m[48;2;72;56;69m[38;2;72;56;69m░[0m[48;2;70;61;70m[38;2;70;61;70m░[0m[48;2;40;33;40m[38;2;40;33;40m▓[0m[48;2;133;121;128m[38;2;133;121;128m#[0m[48;2;157;143;153m[38;2;157;143;153m+[0m[48;2;156;142;152m[38;2;156;142;152m+[0m[48;2;127;113;123m[38;2;127;113;123m#[0m[48;2;72;63;71m[38;2;72;63;71m░[0m[48;2;17;13;21m[38;2;17;13;21m█[0m[48;2;37;32;48m[38;2;37;32;48m▓[0m[48;2;37;31;52m[38;2;37;31;52m▓[0m[48;2;37;31;52m[38;2;37;31;52m▓[0m[48;2;37;31;52m[38;2;37;31;52m▓[0m[48;2;30;25;43m[38;2;30;25;43m▓[0m[48;2;24;20;34m[38;2;24;20;34m▓[0m[48;2;11;8;17m[38;2;11;8;17m█[0m[48;2;19;17;23m[38;2;19;17;23m█[0m[48;2;50;47;50m[38;2;50;47;50m▒[0m[48;2;50;45;46m[38;2;50;45;46m▒[0m[48;2;78;71;63m[38;2;78;71;63m░[0m[48;2;104;95;84m[38;2;104;95;84m%[0m[48;2;27;18;21m[38;2;27;18;21m▓[0m[48;2;12;5;11m[38;2;12;5;11m█[0m[48;2;4;1;5m[38;2;4;1;5m█[0m[48;2;39;36;41m[38;2;39;36;41m▒[0m[48;2;41;38;43m[38;2;41;38;43m▒[0m[48;2;67;65;68m[38;2;67;65;68m░[0m[48;2;79;79;80m[38;2;79;79;80m@[0m[48;2;190;190;191m[38;2;190;190;191m-[0m                                   
                                  [48;2;120;116;118m[38;2;120;116;118m#[0m[48;2;73;66;71m[38;2;73;66;71m░[0m[48;2;119;106;117m[38;2;119;106;117m#[0m[48;2;103;90;101m[38;2;103;90;101m%[0m[48;2;86;76;84m[38;2;86;76;84m@[0m[48;2;76;66;75m[38;2;76;66;75m░[0m[48;2;82;74;82m[38;2;82;74;82m@[0m[48;2;37;29;37m[38;2;37;29;37m▓[0m[48;2;23;16;23m[38;2;23;16;23m▓[0m[48;2;67;62;69m[38;2;67;62;69m░[0m[48;2;9;6;13m[38;2;9;6;13m█[0m[48;2;31;26;41m[38;2;31;26;41m▓[0m[48;2;37;31;50m[38;2;37;31;50m▓[0m[48;2;37;31;51m[38;2;37;31;51m▓[0m[48;2;23;19;35m[38;2;23;19;35m▓[0m[48;2;5;2;8m[38;2;5;2;8m█[0m[48;2;31;28;31m[38;2;31;28;31m▓[0m[48;2;66;63;65m[38;2;66;63;65m░[0m[48;2;20;18;20m[38;2;20;18;20m▓[0m[48;2;19;18;18m[38;2;19;18;18m▓[0m[48;2;82;80;81m[38;2;82;80;81m@[0m[48;2;58;56;57m[38;2;58;56;57m░[0m[48;2;71;69;70m[38;2;71;69;70m░[0m[48;2;74;72;74m[38;2;74;72;74m░[0m[48;2;54;52;55m[38;2;54;52;55m▒[0m[48;2;12;8;26m[38;2;12;8;26m█[0m[48;2;3;1;7m[38;2;3;1;7m█[0m[48;2;20;17;26m[38;2;20;17;26m▓[0m[48;2;21;18;30m[38;2;21;18;30m▓[0m[48;2;18;14;27m[38;2;18;14;27m█[0m[48;2;54;51;59m[38;2;54;51;59m▒[0m[48;2;205;202;207m[38;2;205;202;207m:[0m                                  
                                   [48;2;136;134;135m[38;2;136;134;135m*[0m[48;2;43;35;41m[38;2;43;35;41m▒[0m[48;2;82;73;81m[38;2;82;73;81m@[0m[48;2;80;68;77m[38;2;80;68;77m░[0m[48;2;82;69;78m[38;2;82;69;78m@[0m[48;2;83;70;79m[38;2;83;70;79m@[0m[48;2;88;75;84m[38;2;88;75;84m@[0m[48;2;85;72;81m[38;2;85;72;81m@[0m[48;2;76;66;75m[38;2;76;66;75m░[0m[48;2;70;61;68m[38;2;70;61;68m░[0m[48;2;68;59;68m[38;2;68;59;68m░[0m[48;2;68;59;67m[38;2;68;59;67m░[0m[48;2;68;59;68m[38;2;68;59;68m░[0m[48;2;65;57;65m[38;2;65;57;65m░[0m[48;2;56;51;56m[38;2;56;51;56m▒[0m[48;2;26;22;26m[38;2;26;22;26m▓[0m[48;2;7;3;9m[38;2;7;3;9m█[0m[48;2;26;21;31m[38;2;26;21;31m▓[0m[48;2;23;18;27m[38;2;23;18;27m▓[0m[48;2;146;142;148m[38;2;146;142;148m*[0m[48;2;222;218;222m[38;2;222;218;222m.[0m[48;2;150;146;150m[38;2;150;146;150m+[0m[48;2;24;18;33m[38;2;24;18;33m▓[0m[48;2;38;27;70m[38;2;38;27;70m▓[0m[48;2;25;19;42m[38;2;25;19;42m▓[0m[48;2;11;8;20m[38;2;11;8;20m█[0m[48;2;16;12;23m[38;2;16;12;23m█[0m[48;2;36;31;50m[38;2;36;31;50m▓[0m[48;2;37;31;52m[38;2;37;31;52m▓[0m[48;2;35;29;49m[38;2;35;29;49m▓[0m[48;2;23;18;32m[38;2;23;18;32m▓[0m[48;2;83;80;86m[38;2;83;80;86m@[0m[48;2;206;206;208m[38;2;206;206;208m:[0m                                
                                    [48;2;175;174;175m[38;2;175;174;175m=[0m[48;2;106;104;106m[38;2;106;104;106m%[0m[48;2;86;83;86m[38;2;86;83;86m@[0m[48;2;84;77;82m[38;2;84;77;82m@[0m[48;2;94;81;89m[38;2;94;81;89m@[0m[48;2;95;83;91m[38;2;95;83;91m@[0m[48;2;98;87;95m[38;2;98;87;95m@[0m[48;2;100;89;97m[38;2;100;89;97m%[0m[48;2;99;87;95m[38;2;99;87;95m%[0m[48;2;94;82;91m[38;2;94;82;91m@[0m[48;2;82;71;80m[38;2;82;71;80m@[0m[48;2;60;50;59m[38;2;60;50;59m▒[0m[48;2;44;37;46m[38;2;44;37;46m▒[0m[48;2;24;19;31m[38;2;24;19;31m▓[0m[48;2;28;22;38m[38;2;28;22;38m▓[0m[48;2;36;30;48m[38;2;36;30;48m▓[0m[48;2;37;32;51m[38;2;37;32;51m▓[0m[48;2;38;31;50m[38;2;38;31;50m▓[0m[48;2;24;17;30m[38;2;24;17;30m▓[0m[48;2;182;176;184m[38;2;182;176;184m=[0m [48;2;224;221;224m[38;2;224;221;224m.[0m[48;2;142;140;143m[38;2;142;140;143m*[0m[48;2;41;37;47m[38;2;41;37;47m▒[0m[48;2;44;40;54m[38;2;44;40;54m▒[0m[48;2;8;6;12m[38;2;8;6;12m█[0m[48;2;19;15;27m[38;2;19;15;27m█[0m[48;2;36;31;51m[38;2;36;31;51m▓[0m[48;2;37;31;52m[38;2;37;31;52m▓[0m[48;2;37;31;52m[38;2;37;31;52m▓[0m[48;2;34;28;48m[38;2;34;28;48m▓[0m[48;2;22;19;32m[38;2;22;19;32m▓[0m[48;2;109;107;114m[38;2;109;107;114m%[0m[48;2;239;239;240m[38;2;239;239;240m [0m                              
                                         [48;2;231;230;230m[38;2;231;230;230m.[0m[48;2;219;218;219m[38;2;219;218;219m:[0m[48;2;216;215;216m[38;2;216;215;216m:[0m[48;2;29;24;29m[38;2;29;24;29m▓[0m[48;2;32;26;40m[38;2;32;26;40m▓[0m[48;2;36;30;49m[38;2;36;30;49m▓[0m[48;2;37;31;50m[38;2;37;31;50m▓[0m[48;2;37;31;51m[38;2;37;31;51m▓[0m[48;2;37;31;52m[38;2;37;31;52m▓[0m[48;2;37;31;52m[38;2;37;31;52m▓[0m[48;2;37;31;52m[38;2;37;31;52m▓[0m[48;2;37;31;52m[38;2;37;31;52m▓[0m[48;2;37;31;52m[38;2;37;31;52m▓[0m[48;2;35;29;49m[38;2;35;29;49m▓[0m[48;2;26;19;34m[38;2;26;19;34m▓[0m[48;2;184;179;184m[38;2;184;179;184m=[0m  [48;2;228;227;228m[38;2;228;227;228m.[0m[48;2;225;224;225m[38;2;225;224;225m.[0m[48;2;83;81;84m[38;2;83;81;84m@[0m[48;2;26;14;74m[38;2;26;14;74m▓[0m[48;2;19;14;34m[38;2;19;14;34m█[0m[48;2;36;30;50m[38;2;36;30;50m▓[0m[48;2;37;31;52m[38;2;37;31;52m▓[0m[48;2;37;31;52m[38;2;37;31;52m▓[0m[48;2;37;31;52m[38;2;37;31;52m▓[0m[48;2;30;25;43m[38;2;30;25;43m▓[0m[48;2;50;48;55m[38;2;50;48;55m▒[0m[48;2;223;223;223m[38;2;223;223;223m.[0m                             