                                                                                                              
                                                                                                              
                                                                                                              
                                                                                                              
                                                                                                              
                                                                                                              
                                                                                                              
                                                                                                              
                                                                                                              
                                                                                                              
                                                                                                              
                                                                                                              
                                                                                                              
                                                 [48;2;195;195;195m[38;2;195;195;195m-[0m[48;2;137;137;138m[38;2;137;137;138m*[0m[48;2;94;94;97m[38;2;94;94;97m%[0m[48;2;67;66;70m[38;2;67;66;70m░[0m[48;2;49;48;53m[38;2;49;48;53m▒[0m[48;2;40;38;44m[38;2;40;38;44m▒[0m[48;2;36;35;41m[38;2;36;35;41m▓[0m[48;2;41;40;46m[38;2;41;40;46m▒[0m[48;2;48;46;53m[38;2;48;46;53m▒[0m[48;2;68;67;72m[38;2;68;67;72m░[0m[48;2;93;92;97m[38;2;93;92;97m%[0m[48;2;130;129;134m[38;2;130;129;134m*[0m[48;2;178;177;180m[38;2;178;177;180m=[0m[48;2;236;236;237m[38;2;236;236;237m.[0m                                               
                                               [48;2;153;152;154m[38;2;153;152;154m+[0m[48;2;32;31;37m[38;2;32;31;37m▓[0m[48;2;27;25;36m[38;2;27;25;36m▓[0m[48;2;36;35;48m[38;2;36;35;48m▒[0m[48;2;42;41;57m[38;2;42;41;57m▒[0m[48;2;43;43;59m[38;2;43;43;59m▒[0m[48;2;43;43;59m[38;2;43;43;59m▒[0m[48;2;43;43;59m[38;2;43;43;59m▒[0m[48;2;43;43;59m[38;2;43;43;59m▒[0m[48;2;42;42;59m[38;2;42;42;59m▒[0m[48;2;42;42;59m[38;2;42;42;59m▒[0m[48;2;42;42;58m[38;2;42;42;58m▒[0m[48;2;41;41;57m[38;2;41;41;57m▒[0m[48;2;37;37;53m[38;2;37;37;53m▒[0m[48;2;31;29;45m[38;2;31;29;45m▓[0m[48;2;27;25;35m[38;2;27;25;35m▓[0m[48;2;99;98;103m[38;2;99;98;103m%[0m[48;2;205;205;207m[38;2;205;205;207m:[0m                                             
                                              [48;2;93;92;95m[38;2;93;92;95m%[0m[48;2;23;22;30m[38;2;23;22;30m▓[0m[48;2;43;42;56m[38;2;43;42;56m▒[0m[48;2;42;42;59m[38;2;42;42;59m▒[0m[48;2;42;43;59m[38;2;42;43;59m▒[0m[48;2;40;44;59m[38;2;40;44;59m▒[0m[48;2;40;44;59m[38;2;40;44;59m▒[0m[48;2;40;44;59m[38;2;40;44;59m▒[0m[48;2;40;44;59m[38;2;40;44;59m▒[0m[48;2;40;44;59m[38;2;40;44;59m▒[0m[48;2;40;44;59m[38;2;40;44;59m▒[0m[48;2;40;44;59m[38;2;40;44;59m▒[0m[48;2;40;44;59m[38;2;40;44;59m▒[0m[48;2;40;44;59m[38;2;40;44;59m▒[0m[48;2;40;43;59m[38;2;40;43;59m▒[0m[48;2;42;43;58m[38;2;42;43;58m▒[0m[48;2;78;77;91m[38;2;78;77;91m@[0m[48;2;41;38;50m[38;2;41;38;50m▒[0m[48;2;11;8;18m[38;2;11;8;18m█[0m[48;2;66;62;70m[38;2;66;62;70m░[0m[48;2;97;95;100m[38;2;97;95;100m%[0m[48;2;201;200;202m[38;2;201;200;202m-[0m                                          
                                             [48;2;76;75;79m[38;2;76;75;79m@[0m[48;2;29;27;38m[38;2;29;27;38m▓[0m[48;2;43;43;59m[38;2;43;43;59m▒[0m[48;2;41;43;59m[38;2;41;43;59m▒[0m[48;2;41;43;59m[38;2;41;43;59m▒[0m[48;2;40;44;59m[38;2;40;44;59m▒[0m[48;2;40;44;59m[38;2;40;44;59m▒[0m[48;2;40;44;59m[38;2;40;44;59m▒[0m[48;2;40;44;59m[38;2;40;44;59m▒[0m[48;2;40;44;59m[38;2;40;44;59m▒[0m[48;2;40;44;59m[38;2;40;44;59m▒[0m[48;2;40;44;59m[38;2;40;44;59m▒[0m[48;2;40;44;59m[38;2;40;44;59m▒[0m[48;2;40;44;59m[38;2;40;44;59m▒[0m[48;2;40;44;59m[38;2;40;44;59m▒[0m[48;2;41;44;59m[38;2;41;44;59m▒[0m[48;2;64;65;80m[38;2;64;65;80m░[0m[48;2;55;55;69m[38;2;55;55;69m░[0m[48;2;37;33;46m[38;2;37;33;46m▓[0m[48;2;41;34;46m[38;2;41;34;46m▒[0m[48;2;151;140;152m[38;2;151;140;152m*[0m[48;2;132;121;131m[38;2;132;121;131m#[0m[48;2;54;47;55m[38;2;54;47;55m▒[0m[48;2;155;152;157m[38;2;155;152;157m+[0m                                         
                                            [48;2;117;117;119m[38;2;117;117;119m#[0m[48;2;25;23;33m[38;2;25;23;33m▓[0m[48;2;44;43;58m[38;2;44;43;58m▒[0m[48;2;42;44;60m[38;2;42;44;60m▒[0m[48;2;40;44;59m[38;2;40;44;59m▒[0m[48;2;40;44;59m[38;2;40;44;59m▒[0m[48;2;40;44;59m[38;2;40;44;59m▒[0m[48;2;40;44;59m[38;2;40;44;59m▒[0m[48;2;40;44;59m[38;2;40;44;59m▒[0m[48;2;40;44;59m[38;2;40;44;59m▒[0m[48;2;40;44;59m[38;2;40;44;59m▒[0m[48;2;40;44;59m[38;2;40;44;59m▒[0m[48;2;40;44;59m[38;2;40;44;59m▒[0m[48;2;40;44;59m[38;2;40;44;59m▒[0m[48;2;40;44;59m[38;2;40;44;59m▒[0m[48;2;40;43;58m[38;2;40;43;58m▒[0m[48;2;62;65;80m[38;2;62;65;80m░[0m[48;2;43;44;60m[38;2;43;44;60m▒[0m[48;2;32;31;46m[38;2;32;31;46m▓[0m[48;2;30;25;38m[38;2;30;25;38m▓[0m[48;2;138;126;138m[38;2;138;126;138m*[0m[48;2;156;140;153m[38;2;156;140;153m*[0m[48;2;159;141;155m[38;2;159;141;155m+[0m[48;2;155;138;152m[38;2;155;138;152m*[0m[48;2;70;60;69m[38;2;70;60;69m░[0m[48;2;136;133;136m[38;2;136;133;136m*[0m                                        
                                           [48;2;189;189;189m[38;2;189;189;189m-[0m[48;2;17;16;20m[38;2;17;16;20m█[0m[48;2;43;42;57m[38;2;43;42;57m▒[0m[48;2;42;43;59m[38;2;42;43;59m▒[0m[48;2;40;44;59m[38;2;40;44;59m▒[0m[48;2;40;44;59m[38;2;40;44;59m▒[0m[48;2;40;44;59m[38;2;40;44;59m▒[0m[48;2;40;44;59m[38;2;40;44;59m▒[0m[48;2;40;44;59m[38;2;40;44;59m▒[0m[48;2;40;44;59m[38;2;40;44;59m▒[0m[48;2;40;44;59m[38;2;40;44;59m▒[0m[48;2;40;44;59m[38;2;40;44;59m▒[0m[48;2;40;44;59m[38;2;40;44;59m▒[0m[48;2;40;44;59m[38;2;40;44;59m▒[0m[48;2;40;44;59m[38;2;40;44;59m▒[0m[48;2;44;48;61m[38;2;44;48;61m▒[0m[48;2;73;74;86m[38;2;73;74;86m@[0m[48;2;52;54;66m[38;2;52;54;66m▒[0m[48;2;27;28;40m[38;2;27;28;40m▓[0m[48;2;46;42;53m[38;2;46;42;53m▒[0m[48;2;144;130;143m[38;2;144;130;143m*[0m[48;2;160;140;155m[38;2;160;140;155m+[0m[48;2;160;141;155m[38;2;160;141;155m+[0m[48;2;161;140;155m[38;2;161;140;155m+[0m[48;2;160;140;155m[38;2;160;140;155m+[0m[48;2;124;108;120m[38;2;124;108;120m#[0m[48;2;53;43;51m[38;2;53;43;51m▒[0m[48;2;179;177;179m[38;2;179;177;179m=[0m                                       
                                          [48;2;172;171;172m[38;2;172;171;172m=[0m[48;2;12;9;14m[38;2;12;9;14m█[0m[48;2;27;26;35m[38;2;27;26;35m▓[0m[48;2;41;43;59m[38;2;41;43;59m▒[0m[48;2;40;44;59m[38;2;40;44;59m▒[0m[48;2;40;44;59m[38;2;40;44;59m▒[0m[48;2;40;44;59m[38;2;40;44;59m▒[0m[48;2;40;44;59m[38;2;40;44;59m▒[0m[48;2;40;44;59m[38;2;40;44;59m▒[0m[48;2;40;44;59m[38;2;40;44;59m▒[0m[48;2;40;44;59m[38;2;40;44;59m▒[0m[48;2;40;44;59m[38;2;40;44;59m▒[0m[48;2;40;44;59m[38;2;40;44;59m▒[0m[48;2;40;44;59m[38;2;40;44;59m▒[0m[48;2;41;44;59m[38;2;41;44;59m▒[0m[48;2;61;63;77m[38;2;61;63;77m░[0m[48;2;71;71;83m[38;2;71;71;83m░[0m[48;2;41;38;49m[38;2;41;38;49m▒[0m[48;2;25;20;30m[38;2;25;20;30m▓[0m[48;2;93;84;95m[38;2;93;84;95m@[0m[48;2;156;140;153m[38;2;156;140;153m*[0m[48;2;160;141;155m[38;2;160;141;155m+[0m[48;2;161;140;155m[38;2;161;140;155m+[0m[48;2;161;140;155m[38;2;161;140;155m+[0m[48;2;161;140;155m[38;2;161;140;155m+[0m[48;2;157;139;153m[38;2;157;139;153m*[0m[48;2;31;19;30m[38;2;31;19;30m▓[0m[48;2;127;115;125m[38;2;127;115;125m#[0m[48;2;50;47;51m[38;2;50;47;51m▒[0m                                       
                                         [48;2;184;183;184m[38;2;184;183;184m-[0m[48;2;49;43;49m[38;2;49;43;49m▒[0m[48;2;45;39;46m[38;2;45;39;46m▒[0m[48;2;32;32;43m[38;2;32;32;43m▓[0m[48;2;40;44;59m[38;2;40;44;59m▒[0m[48;2;40;44;59m[38;2;40;44;59m▒[0m[48;2;40;44;59m[38;2;40;44;59m▒[0m[48;2;40;44;59m[38;2;40;44;59m▒[0m[48;2;40;44;59m[38;2;40;44;59m▒[0m[48;2;40;44;59m[38;2;40;44;59m▒[0m[48;2;40;44;59m[38;2;40;44;59m▒[0m[48;2;40;44;59m[38;2;40;44;59m▒[0m[48;2;40;44;59m[38;2;40;44;59m▒[0m[48;2;47;50;66m[38;2;47;50;66m▒[0m[48;2;64;65;80m[38;2;64;65;80m░[0m[48;2;70;70;85m[38;2;70;70;85m░[0m[48;2;49;48;63m[38;2;49;48;63m▒[0m[48;2;23;19;32m[38;2;23;19;32m▓[0m[48;2;63;53;64m[38;2;63;53;64m░[0m[48;2;137;122;135m[38;2;137;122;135m#[0m[48;2;160;141;155m[38;2;160;141;155m+[0m[48;2;161;140;155m[38;2;161;140;155m+[0m[48;2;161;140;155m[38;2;161;140;155m+[0m[48;2;161;140;155m[38;2;161;140;155m+[0m[48;2;161;140;155m[38;2;161;140;155m+[0m[48;2;161;140;155m[38;2;161;140;155m+[0m[48;2;152;134;148m[38;2;152;134;148m*[0m[48;2;16;6;14m[38;2;16;6;14m█[0m[48;2;90;79;89m[38;2;90;79;89m@[0m[48;2;30;26;31m[38;2;30;26;31m▓[0m[48;2;235;234;235m[38;2;235;234;235m.[0m                                      
                                        [48;2;229;229;229m[38;2;229;229;229m.[0m[48;2;40;37;41m[38;2;40;37;41m▒[0m[48;2;89;78;87m[38;2;89;78;87m@[0m[48;2;50;41;49m[38;2;50;41;49m▒[0m[48;2;33;31;42m[38;2;33;31;42m▓[0m[48;2;41;43;59m[38;2;41;43;59m▒[0m[48;2;40;44;59m[38;2;40;44;59m▒[0m[48;2;40;44;59m[38;2;40;44;59m▒[0m[48;2;40;44;59m[38;2;40;44;59m▒[0m[48;2;40;44;59m[38;2;40;44;59m▒[0m[48;2;40;44;59m[38;2;40;44;59m▒[0m[48;2;41;43;59m[38;2;41;43;59m▒[0m[48;2;46;47;61m[38;2;46;47;61m▒[0m[48;2;67;68;81m[38;2;67;68;81m░[0m[48;2;48;48;63m[38;2;48;48;63m▒[0m[48;2;42;40;54m[38;2;42;40;54m▒[0m[48;2;24;21;34m[38;2;24;21;34m▓[0m[48;2;57;51;63m[38;2;57;51;63m▒[0m[48;2;133;119;132m[38;2;133;119;132m#[0m[48;2;159;141;155m[38;2;159;141;155m+[0m[48;2;161;142;156m[38;2;161;142;156m+[0m[48;2;161;140;155m[38;2;161;140;155m+[0m[48;2;161;140;155m[38;2;161;140;155m+[0m[48;2;161;140;155m[38;2;161;140;155m+[0m[48;2;161;140;155m[38;2;161;140;155m+[0m[48;2;161;140;155m[38;2;161;140;155m+[0m[48;2;161;140;155m[38;2;161;140;155m+[0m[48;2;116;100;113m[38;2;116;100;113m%[0m[48;2;13;3;13m[38;2;13;3;13m█[0m[48;2;15;8;13m[38;2;15;8;13m█[0m[48;2;36;32;37m[38;2;36;32;37m▓[0m                                       
                                        [48;2;107;106;106m[38;2;107;106;106m%[0m[48;2;100;91;97m[38;2;100;91;97m%[0m[48;2;48;38;46m[38;2;48;38;46m▒[0m[48;2;85;74;84m[38;2;85;74;84m@[0m[48;2;22;15;26m[38;2;22;15;26m▓[0m[48;2;47;47;62m[38;2;47;47;62m▒[0m[48;2;41;43;59m[38;2;41;43;59m▒[0m[48;2;41;43;59m[38;2;41;43;59m▒[0m[48;2;41;43;59m[38;2;41;43;59m▒[0m[48;2;44;45;60m[38;2;44;45;60m▒[0m[48;2;61;61;77m[38;2;61;61;77m░[0m[48;2;69;68;81m[38;2;69;68;81m░[0m[48;2;66;65;75m[38;2;66;65;75m░[0m[48;2;32;29;40m[38;2;32;29;40m▓[0m[48;2;27;22;34m[38;2;27;22;34m▓[0m[48;2;71;61;72m[38;2;71;61;72m░[0m[48;2;135;119;132m[38;2;135;119;132m#[0m[48;2;158;140;154m[38;2;158;140;154m+[0m[48;2;160;141;155m[38;2;160;141;155m+[0m[48;2;161;140;155m[38;2;161;140;155m+[0m[48;2;161;140;155m[38;2;161;140;155m+[0m[48;2;161;140;155m[38;2;161;140;155m+[0m[48;2;161;140;155m[38;2;161;140;155m+[0m[48;2;161;140;155m[38;2;161;140;155m+[0m[48;2;161;140;155m[38;2;161;140;155m+[0m[48;2;161;140;155m[38;2;161;140;155m+[0m[48;2;161;140;155m[38;2;161;140;155m+[0m[48;2;58;46;55m[38;2;58;46;55m▒[0m[48;2;57;51;56m[38;2;57;51;56m▒[0m[48;2;138;135;137m[38;2;138;135;137m*[0m[48;2;99;97;99m[38;2;99;97;99m%[0m                                       
                                        [48;2;32;29;31m[38;2;32;29;31m▓[0m[48;2;154;137;149m[38;2;154;137;149m*[0m[48;2;84;69;81m[38;2;84;69;81m@[0m[48;2;94;83;92m[38;2;94;83;92m@[0m[48;2;99;88;98m[38;2;99;88;98m%[0m[48;2;42;33;45m[38;2;42;33;45m▒[0m[48;2;43;37;51m[38;2;43;37;51m▒[0m[48;2;47;41;56m[38;2;47;41;56m▒[0m[48;2;61;57;71m[38;2;61;57;71m░[0m[48;2;53;50;61m[38;2;53;50;61m▒[0m[48;2;31;28;38m[38;2;31;28;38m▓[0m[48;2;29;24;35m[38;2;29;24;35m▓[0m[48;2;62;54;66m[38;2;62;54;66m░[0m[48;2;110;97;110m[38;2;110;97;110m%[0m[48;2;153;136;149m[38;2;153;136;149m*[0m[48;2;160;141;155m[38;2;160;141;155m+[0m[48;2;161;140;155m[38;2;161;140;155m+[0m[48;2;160;141;155m[38;2;160;141;155m+[0m[48;2;129;111;124m[38;2;129;111;124m#[0m[48;2;136;116;130m[38;2;136;116;130m#[0m[48;2;161;140;155m[38;2;161;140;155m+[0m[48;2;161;140;155m[38;2;161;140;155m+[0m[48;2;161;140;155m[38;2;161;140;155m+[0m[48;2;161;140;155m[38;2;161;140;155m+[0m[48;2;161;140;155m[38;2;161;140;155m+[0m[48;2;161;140;155m[38;2;161;140;155m+[0m[48;2;119;101;114m[38;2;119;101;114m%[0m[48;2;69;61;65m[38;2;69;61;65m░[0m[48;2;223;215;217m[38;2;223;215;217m:[0m[48;2;131;125;128m[38;2;131;125;128m#[0m[48;2;58;55;58m[38;2;58;55;58m░[0m[48;2;168;166;168m[38;2;168;166;168m=[0m[48;2;199;198;200m[38;2;199;198;200m-[0m                                     
                                       [48;2;207;207;207m[38;2;207;207;207m:[0m[48;2;46;41;45m[38;2;46;41;45m▒[0m[48;2;160;142;154m[38;2;160;142;154m+[0m[48;2;150;132;145m[38;2;150;132;145m*[0m[48;2;28;18;26m[38;2;28;18;26m▓[0m[48;2;119;107;116m[38;2;119;107;116m#[0m[48;2;151;137;148m[38;2;151;137;148m*[0m[48;2;118;104;117m[38;2;118;104;117m%[0m[48;2;97;84;97m[38;2;97;84;97m@[0m[48;2;94;83;96m[38;2;94;83;96m@[0m[48;2;114;102;114m[38;2;114;102;114m%[0m[48;2;136;122;134m[38;2;136;122;134m#[0m[48;2;154;139;152m[38;2;154;139;152m*[0m[48;2;160;142;156m[38;2;160;142;156m+[0m[48;2;160;142;155m[38;2;160;142;155m+[0m[48;2;154;136;150m[38;2;154;136;150m*[0m[48;2;127;110;124m[38;2;127;110;124m#[0m[48;2;88;73;85m[38;2;88;73;85m@[0m[48;2;62;49;61m[38;2;62;49;61m▒[0m[48;2;82;68;80m[38;2;82;68;80m@[0m[48;2;149;131;145m[38;2;149;131;145m*[0m[48;2;161;140;155m[38;2;161;140;155m+[0m[48;2;161;140;155m[38;2;161;140;155m+[0m[48;2;161;140;155m[38;2;161;140;155m+[0m[48;2;161;140;155m[38;2;161;140;155m+[0m[48;2;161;142;156m[38;2;161;142;156m+[0m[48;2;128;112;125m[38;2;128;112;125m#[0m[48;2;27;18;26m[38;2;27;18;26m▓[0m[48;2;83;77;81m[38;2;83;77;81m@[0m[48;2;85;79;83m[38;2;85;79;83m@[0m[48;2;26;19;25m[38;2;26;19;25m▓[0m[48;2;160;154;159m[38;2;160;154;159m+[0m[48;2;161;157;161m[38;2;161;157;161m+[0m[48;2;32;29;33m[38;2;32;29;33m▓[0m[48;2;222;220;222m[38;2;222;220;222m.[0m                                    
                                       [48;2;194;194;194m[38;2;194;194;194m-[0m[48;2;55;50;53m[38;2;55;50;53m▒[0m[48;2;159;142;154m[38;2;159;142;154m+[0m[48;2;156;138;151m[38;2;156;138;151m*[0m[48;2;16;8;16m[38;2;16;8;16m█[0m[48;2;9;3;9m[38;2;9;3;9m█[0m[48;2;51;42;50m[38;2;51;42;50m▒[0m[48;2;90;79;89m[38;2;90;79;89m@[0m[48;2;104;92;103m[38;2;104;92;103m%[0m[48;2;107;95;106m[38;2;107;95;106m%[0m[48;2;106;93;104m[38;2;106;93;104m%[0m[48;2;95;82;93m[38;2;95;82;93m@[0m[48;2;79;67;78m[38;2;79;67;78m░[0m[48;2;71;58;70m[38;2;71;58;70m░[0m[48;2;68;54;66m[38;2;68;54;66m░[0m[48;2;73;59;71m[38;2;73;59;71m░[0m[48;2;101;85;99m[38;2;101;85;99m@[0m[48;2;135;117;131m[38;2;135;117;131m#[0m[48;2;158;139;153m[38;2;158;139;153m*[0m[48;2;160;140;154m[38;2;160;140;154m+[0m[48;2;160;139;154m[38;2;160;139;154m+[0m[48;2;161;140;155m[38;2;161;140;155m+[0m[48;2;161;140;155m[38;2;161;140;155m+[0m[48;2;161;140;155m[38;2;161;140;155m+[0m[48;2;161;140;155m[38;2;161;140;155m+[0m[48;2;97;82;94m[38;2;97;82;94m@[0m[48;2;14;6;14m[38;2;14;6;14m█[0m[48;2;13;7;15m[38;2;13;7;15m█[0m[48;2;184;181;185m[38;2;184;181;185m=[0m[48;2;196;192;196m[38;2;196;192;196m-[0m[48;2;50;46;49m[38;2;50;46;49m▒[0m[48;2;108;104;107m[38;2;108;104;107m%[0m[48;2;83;78;81m[38;2;83;78;81m@[0m[48;2;38;33;37m[38;2;38;33;37m▓[0m[48;2;231;229;230m[38;2;231;229;230m.[0m                                    
                                       [48;2;221;221;221m[38;2;221;221;221m.[0m[48;2;37;33;35m[38;2;37;33;35m▓[0m[48;2;159;141;154m[38;2;159;141;154m+[0m[48;2;154;135;149m[38;2;154;135;149m*[0m[48;2;14;7;14m[38;2;14;7;14m█[0m[48;2;11;7;13m[38;2;11;7;13m█[0m[48;2;34;31;37m[38;2;34;31;37m▓[0m[48;2;30;26;35m[38;2;30;26;35m▓[0m[48;2;13;7;16m[38;2;13;7;16m█[0m[48;2;52;44;53m[38;2;52;44;53m▒[0m[48;2;119;108;117m[38;2;119;108;117m#[0m[48;2;133;117;128m[38;2;133;117;128m#[0m[48;2;149;132;144m[38;2;149;132;144m*[0m[48;2;159;142;154m[38;2;159;142;154m+[0m[48;2;162;143;157m[38;2;162;143;157m+[0m[48;2;162;142;156m[38;2;162;142;156m+[0m[48;2;161;140;155m[38;2;161;140;155m+[0m[48;2;161;140;155m[38;2;161;140;155m+[0m[48;2;161;140;155m[38;2;161;140;155m+[0m[48;2;161;140;155m[38;2;161;140;155m+[0m[48;2;161;140;155m[38;2;161;140;155m+[0m[48;2;161;140;155m[38;2;161;140;155m+[0m[48;2;161;140;155m[38;2;161;140;155m+[0m[48;2;161;140;155m[38;2;161;140;155m+[0m[48;2;87;71;83m[38;2;87;71;83m@[0m[48;2;19;10;21m[38;2;19;10;21m█[0m[48;2;27;22;32m[38;2;27;22;32m▓[0m[48;2;65;61;66m[38;2;65;61;66m░[0m [48;2;188;188;188m[38;2;188;188;188m-[0m[48;2;42;41;42m[38;2;42;41;42m▒[0m[48;2;174;171;174m[38;2;174;171;174m=[0m[48;2;202;197;202m[38;2;202;197;202m-[0m[48;2;103;97;102m[38;2;103;97;102m%[0m[48;2;147;144;147m[38;2;147;144;147m*[0m                                    
                                       [48;2;241;240;240m[38;2;241;240;240m [0m[48;2;14;12;13m[38;2;14;12;13m█[0m[48;2;128;115;124m[38;2;128;115;124m#[0m[48;2;158;139;153m[38;2;158;139;153m*[0m[48;2;29;20;29m[38;2;29;20;29m▓[0m[48;2;27;23;30m[38;2;27;23;30m▓[0m[48;2;8;6;11m[38;2;8;6;11m█[0m[48;2;23;20;27m[38;2;23;20;27m▓[0m[48;2;11;7;14m[38;2;11;7;14m█[0m[48;2;79;70;79m[38;2;79;70;79m@[0m[48;2;148;131;144m[38;2;148;131;144m*[0m[48;2;161;140;155m[38;2;161;140;155m+[0m[48;2;161;140;155m[38;2;161;140;155m+[0m[48;2;161;140;155m[38;2;161;140;155m+[0m[48;2;161;140;155m[38;2;161;140;155m+[0m[48;2;161;140;155m[38;2;161;140;155m+[0m[48;2;161;140;155m[38;2;161;140;155m+[0m[48;2;161;140;155m[38;2;161;140;155m+[0m[48;2;161;140;155m[38;2;161;140;155m+[0m[48;2;161;140;155m[38;2;161;140;155m+[0m[48;2;161;140;155m[38;2;161;140;155m+[0m[48;2;161;140;155m[38;2;161;140;155m+[0m[48;2;161;140;155m[38;2;161;140;155m+[0m[48;2;134;116;129m[38;2;134;116;129m#[0m[48;2;18;10;19m[38;2;18;10;19m█[0m[48;2;34;29;41m[38;2;34;29;41m▓[0m[48;2;23;19;31m[38;2;23;19;31m▓[0m[48;2;129;126;132m[38;2;129;126;132m#[0m [48;2;224;223;224m[38;2;224;223;224m.[0m[48;2;41;40;41m[38;2;41;40;41m▒[0m[48;2;199;199;200m[38;2;199;199;200m-[0m[48;2;200;199;203m[38;2;200;199;203m-[0m[48;2;143;141;145m[38;2;143;141;145m*[0m[48;2;97;96;99m[38;2;97;96;99m%[0m                                    
                                        [48;2;97;96;97m[38;2;97;96;97m%[0m[48;2;69;58;66m[38;2;69;58;66m░[0m[48;2;159;141;154m[38;2;159;141;154m+[0m[48;2;127;110;123m[38;2;127;110;123m#[0m[48;2;62;49;61m[38;2;62;49;61m▒[0m[48;2;10;5;12m[38;2;10;5;12m█[0m[48;2;13;10;16m[38;2;13;10;16m█[0m[48;2;32;29;35m[38;2;32;29;35m▓[0m[48;2;18;11;19m[38;2;18;11;19m█[0m[48;2;94;80;92m[38;2;94;80;92m@[0m[48;2;161;140;155m[38;2;161;140;155m+[0m[48;2;161;140;155m[38;2;161;140;155m+[0m[48;2;161;140;155m[38;2;161;140;155m+[0m[48;2;161;140;155m[38;2;161;140;155m+[0m[48;2;161;140;155m[38;2;161;140;155m+[0m[48;2;161;140;155m[38;2;161;140;155m+[0m[48;2;161;140;155m[38;2;161;140;155m+[0m[48;2;128;108;122m[38;2;128;108;122m#[0m[48;2;98;78;92m[38;2;98;78;92m@[0m[48;2;140;119;134m[38;2;140;119;134m#[0m[48;2;159;138;153m[38;2;159;138;153m*[0m[48;2;161;140;155m[38;2;161;140;155m+[0m[48;2;95;79;90m[38;2;95;79;90m@[0m[48;2;21;16;25m[38;2;21;16;25m▓[0m[48;2;37;33;47m[38;2;37;33;47m▓[0m[48;2;21;17;31m[38;2;21;17;31m▓[0m[48;2;154;150;159m[38;2;154;150;159m+[0m  [48;2;92;91;92m[38;2;92;91;92m@[0m[48;2;134;132;134m[38;2;134;132;134m*[0m[48;2;201;199;203m[38;2;201;199;203m-[0m[48;2;135;134;138m[38;2;135;134;138m*[0m[48;2;104;102;106m[38;2;104;102;106m%[0m                                    
                                        [48;2;234;233;234m[38;2;234;233;234m.[0m[48;2;55;51;54m[38;2;55;51;54m▒[0m[48;2;128;114;125m[38;2;128;114;125m#[0m[48;2;160;141;155m[38;2;160;141;155m+[0m[48;2;156;137;151m[38;2;156;137;151m*[0m[48;2;72;59;70m[38;2;72;59;70m░[0m[48;2;47;38;48m[38;2;47;38;48m▒[0m[48;2;31;25;33m[38;2;31;25;33m▓[0m[48;2;58;51;60m[38;2;58;51;60m▒[0m[48;2;74;62;74m[38;2;74;62;74m░[0m[48;2;135;119;132m[38;2;135;119;132m#[0m[48;2;159;140;154m[38;2;159;140;154m+[0m[48;2;161;140;155m[38;2;161;140;155m+[0m[48;2;161;140;155m[38;2;161;140;155m+[0m[48;2;161;140;155m[38;2;161;140;155m+[0m[48;2;161;140;155m[38;2;161;140;155m+[0m[48;2;161;140;155m[38;2;161;140;155m+[0m[48;2;159;138;153m[38;2;159;138;153m*[0m[48;2;131;111;125m[38;2;131;111;125m#[0m[48;2;90;70;84m[38;2;90;70;84m@[0m[48;2;74;54;68m[38;2;74;54;68m░[0m[48;2;76;55;70m[38;2;76;55;70m░[0m[48;2;51;35;47m[38;2;51;35;47m▒[0m[48;2;16;9;18m[38;2;16;9;18m█[0m[48;2;27;21;34m[38;2;27;21;34m▓[0m[48;2;17;11;26m[38;2;17;11;26m█[0m[48;2;99;93;104m[38;2;99;93;104m%[0m[48;2;172;168;171m[38;2;172;168;171m=[0m[48;2;179;177;179m[38;2;179;177;179m=[0m[48;2;174;172;174m[38;2;174;172;174m=[0m[48;2;45;42;46m[38;2;45;42;46m▒[0m[48;2;67;64;69m[38;2;67;64;69m░[0m[48;2;21;19;24m[38;2;21;19;24m▓[0m[48;2;89;87;91m[38;2;89;87;91m@[0m[48;2;86;84;87m[38;2;86;84;87m@[0m[48;2;47;44;48m[38;2;47;44;48m▒[0m[48;2;37;34;38m[38;2;37;34;38m▓[0m[48;2;117;114;118m[38;2;117;114;118m#[0m                                
                                         [48;2;221;220;220m[38;2;221;220;220m.[0m[48;2;56;51;55m[38;2;56;51;55m▒[0m[48;2;123;111;121m[38;2;123;111;121m#[0m[48;2;159;142;155m[38;2;159;142;155m+[0m[48;2;160;141;155m[38;2;160;141;155m+[0m[48;2;155;137;151m[38;2;155;137;151m*[0m[48;2;72;58;70m[38;2;72;58;70m░[0m[48;2;75;64;75m[38;2;75;64;75m░[0m[48;2;79;70;80m[38;2;79;70;80m@[0m[48;2;15;8;16m[38;2;15;8;16m█[0m[48;2;31;23;31m[38;2;31;23;31m▓[0m[48;2;101;87;98m[38;2;101;87;98m%[0m[48;2;161;140;155m[38;2;161;140;155m+[0m[48;2;161;140;155m[38;2;161;140;155m+[0m[48;2;161;140;155m[38;2;161;140;155m+[0m[48;2;161;140;155m[38;2;161;140;155m+[0m[48;2;161;140;155m[38;2;161;140;155m+[0m[48;2;161;140;155m[38;2;161;140;155m+[0m[48;2;161;140;155m[38;2;161;140;155m+[0m[48;2;160;140;155m[38;2;160;140;155m+[0m[48;2;160;140;155m[38;2;160;140;155m+[0m[48;2;156;135;150m[38;2;156;135;150m*[0m[48;2;140;121;135m[38;2;140;121;135m*[0m[48;2;135;116;130m[38;2;135;116;130m#[0m[48;2;125;107;121m[38;2;125;107;121m#[0m[48;2;122;105;119m[38;2;122;105;119m#[0m[48;2;111;101;109m[38;2;111;101;109m%[0m[48;2;105;96;102m[38;2;105;96;102m%[0m[48;2;97;88;94m[38;2;97;88;94m@[0m[48;2;75;67;73m[38;2;75;67;73m░[0m[48;2;53;46;53m[38;2;53;46;53m▒[0m[48;2;40;35;42m[38;2;40;35;42m▒[0m[48;2;23;20;24m[38;2;23;20;24m▓[0m[48;2;13;10;14m[38;2;13;10;14m█[0m[48;2;58;55;59m[38;2;58;55;59m░[0m[48;2;115;112;116m[38;2;115;112;116m#[0m[48;2;121;116;121m[38;2;121;116;121m#[0m[48;2;151;150;152m[38;2;151;150;152m+[0m                               
                                          [48;2;235;234;234m[38;2;235;234;234m.[0m[48;2;80;76;79m[38;2;80;76;79m@[0m[48;2;95;84;93m[38;2;95;84;93m@[0m[48;2;158;141;153m[38;2;158;141;153m+[0m[48;2;161;140;155m[38;2;161;140;155m+[0m[48;2;160;141;155m[38;2;160;141;155m+[0m[48;2;129;113;126m[38;2;129;113;126m#[0m[48;2;81;68;79m[38;2;81;68;79m░[0m[48;2;81;70;80m[38;2;81;70;80m@[0m[48;2;77;66;75m[38;2;77;66;75m░[0m[48;2;116;102;114m[38;2;116;102;114m%[0m[48;2;160;140;155m[38;2;160;140;155m+[0m[48;2;161;140;155m[38;2;161;140;155m+[0m[48;2;161;140;155m[38;2;161;140;155m+[0m[48;2;161;140;155m[38;2;161;140;155m+[0m[48;2;161;140;155m[38;2;161;140;155m+[0m[48;2;161;140;155m[38;2;161;140;155m+[0m[48;2;161;140;155m[38;2;161;140;155m+[0m[48;2;131;113;126m[38;2;131;113;126m#[0m[48;2;69;57;67m[38;2;69;57;67m░[0m[48;2;75;62;73m[38;2;75;62;73m░[0m[48;2;75;63;73m[38;2;75;63;73m░[0m[48;2;77;65;75m[38;2;77;65;75m░[0m[48;2;75;63;73m[38;2;75;63;73m░[0m[48;2;71;59;69m[38;2;71;59;69m░[0m[48;2;69;57;68m[38;2;69;57;68m░[0m[48;2;68;57;66m[38;2;68;57;66m░[0m[48;2;76;63;72m[38;2;76;63;72m░[0m[48;2;96;81;91m[38;2;96;81;91m@[0m[48;2;108;94;104m[38;2;108;94;104m%[0m[48;2;113;101;110m[38;2;113;101;110m%[0m[48;2;95;83;91m[38;2;95;83;91m@[0m[48;2;65;56;62m[38;2;65;56;62m░[0m[48;2;47;41;46m[38;2;47;41;46m▒[0m[48;2;96;92;96m[38;2;96;92;96m%[0m[48;2;189;187;190m[38;2;189;187;190m-[0m                                
                                            [48;2;141;141;141m[38;2;141;141;141m*[0m[48;2;57;52;56m[38;2;57;52;56m▒[0m[48;2;134;119;130m[38;2;134;119;130m#[0m[48;2;160;139;154m[38;2;160;139;154m+[0m[48;2;161;140;155m[38;2;161;140;155m+[0m[48;2;161;140;155m[38;2;161;140;155m+[0m[48;2;160;140;155m[38;2;160;140;155m+[0m[48;2;146;126;140m[38;2;146;126;140m*[0m[48;2;71;54;67m[38;2;71;54;67m░[0m[48;2;73;58;70m[38;2;73;58;70m░[0m[48;2;126;109;122m[38;2;126;109;122m#[0m[48;2;138;119;133m[38;2;138;119;133m#[0m[48;2;145;128;141m[38;2;145;128;141m*[0m[48;2;151;134;146m[38;2;151;134;146m*[0m[48;2;154;138;150m[38;2;154;138;150m*[0m[48;2;157;139;153m[38;2;157;139;153m*[0m[48;2;157;141;153m[38;2;157;141;153m+[0m[48;2;156;141;152m[38;2;156;141;152m+[0m[48;2;152;138;149m[38;2;152;138;149m*[0m[48;2;147;132;143m[38;2;147;132;143m*[0m[48;2;139;125;136m[38;2;139;125;136m*[0m[48;2;132;118;128m[38;2;132;118;128m#[0m[48;2;124;110;120m[38;2;124;110;120m#[0m[48;2;114;100;110m[38;2;114;100;110m%[0m[48;2;97;85;94m[38;2;97;85;94m@[0m[48;2;83;71;80m[38;2;83;71;80m@[0m[48;2;80;69;78m[38;2;80;69;78m@[0m[48;2;90;80;89m[38;2;90;80;89m@[0m[48;2;93;85;94m[38;2;93;85;94m@[0m[48;2;90;83;90m[38;2;90;83;90m@[0m[48;2;155;150;155m[38;2;155;150;155m+[0m[48;2;237;235;238m[38;2;237;235;238m.[0m                                  
                                             [48;2;110;109;110m[38;2;110;109;110m%[0m[48;2;11;5;11m[38;2;11;5;11m█[0m[48;2;70;57;69m[38;2;70;57;69m░[0m[48;2;137;120;133m[38;2;137;120;133m#[0m[48;2;161;141;154m[38;2;161;141;154m+[0m[48;2;161;140;155m[38;2;161;140;155m+[0m[48;2;161;140;155m[38;2;161;140;155m+[0m[48;2;161;140;155m[38;2;161;140;155m+[0m[48;2;142;126;139m[38;2;142;126;139m*[0m[48;2;91;79;90m[38;2;91;79;90m@[0m[48;2;52;40;51m[38;2;52;40;51m▒[0m[48;2;23;12;21m[38;2;23;12;21m█[0m[48;2;13;3;10m[38;2;13;3;10m█[0m[48;2;12;3;10m[38;2;12;3;10m█[0m[48;2;20;10;18m[38;2;20;10;18m█[0m[48;2;31;22;30m[38;2;31;22;30m▓[0m[48;2;16;9;16m[38;2;16;9;16m█[0m[48;2;14;7;14m[38;2;14;7;14m█[0m[48;2;19;11;19m[38;2;19;11;19m█[0m[48;2;19;11;19m[38;2;19;11;19m█[0m[48;2;17;10;17m[38;2;17;10;17m█[0m[48;2;14;7;15m[38;2;14;7;15m█[0m[48;2;26;19;26m[38;2;26;19;26m▓[0m[48;2;89;80;88m[38;2;89;80;88m@[0m[48;2;88;81;89m[38;2;88;81;89m@[0m[48;2;70;64;71m[38;2;70;64;71m░[0m[48;2;42;38;44m[38;2;42;38;44m▒[0m[48;2;75;71;76m[38;2;75;71;76m░[0m[48;2;159;155;160m[38;2;159;155;160m+[0m[48;2;229;227;229m[38;2;229;227;229m.[0m                                   
                                            [48;2;178;178;178m[38;2;178;178;178m=[0m[48;2;7;5;8m[38;2;7;5;8m█[0m[48;2;35;32;44m[38;2;35;32;44m▓[0m[48;2;45;36;72m[38;2;45;36;72m▒[0m[48;2;24;16;43m[38;2;24;16;43m▓[0m[48;2;54;43;66m[38;2;54;43;66m▒[0m[48;2;94;82;92m[38;2;94;82;92m@[0m[48;2;128;113;125m[38;2;128;113;125m#[0m[48;2;155;138;151m[38;2;155;138;151m*[0m[48;2;159;141;155m[38;2;159;141;155m+[0m[48;2;157;141;154m[38;2;157;141;154m+[0m[48;2;157;141;154m[38;2;157;141;154m+[0m[48;2;155;140;152m[38;2;155;140;152m*[0m[48;2;149;134;146m[38;2;149;134;146m*[0m[48;2;134;121;131m[38;2;134;121;131m#[0m[48;2;119;107;116m[38;2;119;107;116m#[0m[48;2;109;98;107m[38;2;109;98;107m%[0m[48;2;105;95;103m[38;2;105;95;103m%[0m[48;2;101;92;100m[38;2;101;92;100m%[0m[48;2;93;83;91m[38;2;93;83;91m@[0m[48;2;75;67;75m[38;2;75;67;75m░[0m[48;2;58;50;58m[38;2;58;50;58m▒[0m[48;2;43;36;44m[38;2;43;36;44m▒[0m[48;2;27;22;29m[38;2;27;22;29m▓[0m[48;2;44;38;45m[38;2;44;38;45m▒[0m[48;2;117;112;118m[38;2;117;112;118m#[0m[48;2;173;168;174m[38;2;173;168;174m=[0m[48;2;234;232;235m[38;2;234;232;235m.[0m                                      
                                            [48;2;38;37;42m[38;2;38;37;42m▒[0m[48;2;10;8;17m[38;2;10;8;17m█[0m[48;2;70;65;91m[38;2;70;65;91m░[0m[48;2;32;19;96m[38;2;32;19;96m▓[0m[48;2;53;43;90m[38;2;53;43;90m▒[0m[48;2;90;77;143m[38;2;90;77;143m@[0m[48;2;78;69;111m[38;2;78;69;111m@[0m[48;2;14;8;25m[38;2;14;8;25m█[0m[48;2;18;13;22m[38;2;18;13;22m█[0m[48;2;30;23;35m[38;2;30;23;35m▓[0m[48;2;36;30;42m[38;2;36;30;42m▓[0m[48;2;43;37;49m[38;2;43;37;49m▒[0m[48;2;49;40;53m[38;2;49;40;53m▒[0m[48;2;50;42;54m[38;2;50;42;54m▒[0m[48;2;50;42;54m[38;2;50;42;54m▒[0m[48;2;51;42;53m[38;2;51;42;53m▒[0m[48;2;47;39;50m[38;2;47;39;50m▒[0m[48;2;36;29;40m[38;2;36;29;40m▓[0m[48;2;27;21;32m[38;2;27;21;32m▓[0m[48;2;22;15;28m[38;2;22;15;28m▓[0m[48;2;23;16;31m[38;2;23;16;31m▓[0m[48;2;27;22;37m[38;2;27;22;37m▓[0m[48;2;29;24;42m[38;2;29;24;42m▓[0m[48;2;23;18;34m[38;2;23;18;34m▓[0m[48;2;23;19;31m[38;2;23;19;31m▓[0m[48;2;201;199;203m[38;2;201;199;203m-[0m                                        
                                           [48;2;140;139;142m[38;2;140;139;142m*[0m[48;2;15;13;20m[38;2;15;13;20m█[0m[48;2;10;7;20m[38;2;10;7;20m█[0m[48;2;86;76;134m[38;2;86;76;134m@[0m[48;2;58;46;118m[38;2;58;46;118m░[0m[48;2;31;22;68m[38;2;31;22;68m▓[0m[48;2;88;73;150m[38;2;88;73;150m@[0m[48;2;94;79;162m[38;2;94;79;162m%[0m[48;2;69;59;111m[38;2;69;59;111m░[0m[48;2;14;9;33m[38;2;14;9;33m█[0m[48;2;36;31;48m[38;2;36;31;48m▓[0m[48;2;38;33;51m[38;2;38;33;51m▓[0m[48;2;37;31;52m[38;2;37;31;52m▓[0m[48;2;37;31;52m[38;2;37;31;52m▓[0m[48;2;37;31;52m[38;2;37;31;52m▓[0m[48;2;37;31;52m[38;2;37;31;52m▓[0m[48;2;37;31;52m[38;2;37;31;52m▓[0m[48;2;37;31;52m[38;2;37;31;52m▓[0m[48;2;37;31;52m[38;2;37;31;52m▓[0m[48;2;37;31;52m[38;2;37;31;52m▓[0m[48;2;37;31;52m[38;2;37;31;52m▓[0m[48;2;37;31;52m[38;2;37;31;52m▓[0m[48;2;37;31;52m[38;2;37;31;52m▓[0m[48;2;36;30;51m[38;2;36;30;51m▓[0m[48;2;23;19;35m[38;2;23;19;35m▓[0m[48;2;14;9;23m[38;2;14;9;23m█[0m[48;2;21;17;27m[38;2;21;17;27m▓[0m[48;2;130;127;134m[38;2;130;127;134m*[0m[48;2;178;175;180m[38;2;178;175;180m=[0m[48;2;207;206;209m[38;2;207;206;209m:[0m[48;2;231;230;231m[38;2;231;230;231m.[0m                                    
                                           [48;2;26;25;29m[38;2;26;25;29m▓[0m[48;2;25;23;33m[38;2;25;23;33m▓[0m[48;2;10;6;23m[38;2;10;6;23m█[0m[48;2;71;62;107m[38;2;71;62;107m░[0m[48;2;78;68;125m[38;2;78;68;125m@[0m[48;2;16;8;43m[38;2;16;8;43m█[0m[48;2;87;75;147m[38;2;87;75;147m@[0m[48;2;85;68;165m[38;2;85;68;165m@[0m[48;2;87;73;153m[38;2;87;73;153m@[0m[48;2;48;33;114m[38;2;48;33;114m▒[0m[48;2;13;8;32m[38;2;13;8;32m█[0m[48;2;36;31;49m[38;2;36;31;49m▓[0m[48;2;37;31;52m[38;2;37;31;52m▓[0m[48;2;37;31;52m[38;2;37;31;52m▓[0m[48;2;37;31;52m[38;2;37;31;52m▓[0m[48;2;37;31;52m[38;2;37;31;52m▓[0m[48;2;37;31;52m[38;2;37;31;52m▓[0m[48;2;37;31;52m[38;2;37;31;52m▓[0m[48;2;37;31;52m[38;2;37;31;52m▓[0m[48;2;37;31;52m[38;2;37;31;52m▓[0m[48;2;37;31;52m[38;2;37;31;52m▓[0m[48;2;37;31;52m[38;2;37;31;52m▓[0m[48;2;37;31;52m[38;2;37;31;52m▓[0m[48;2;37;31;52m[38;2;37;31;52m▓[0m[48;2;37;31;52m[38;2;37;31;52m▓[0m[48;2;37;31;52m[38;2;37;31;52m▓[0m[48;2;35;30;49m[38;2;35;30;49m▓[0m[48;2;33;28;46m[38;2;33;28;46m▓[0m[48;2;26;21;38m[38;2;26;21;38m▓[0m[48;2;24;19;35m[38;2;24;19;35m▓[0m[48;2;22;18;31m[38;2;22;18;31m▓[0m[48;2;24;21;30m[38;2;24;21;30m▓[0m[48;2;36;34;43m[38;2;36;34;43m▓[0m[48;2;45;43;52m[38;2;45;43;52m▒[0m[48;2;57;55;64m[38;2;57;55;64m░[0m[48;2;67;65;72m[38;2;67;65;72m░[0m[48;2;78;76;83m[38;2;78;76;83m@[0m[48;2;87;85;91m[38;2;87;85;91m@[0m[48;2;92;89;95m[38;2;92;89;95m@[0m[48;2;90;88;92m[38;2;90;88;92m@[0m[48;2;98;97;99m[38;2;98;97;99m%[0m[48;2;228;227;228m[38;2;228;227;228m.[0m                         
                                          [48;2;162;162;162m[38;2;162;162;162m+[0m[48;2;15;14;20m[38;2;15;14;20m█[0m[48;2;39;35;51m[38;2;39;35;51m▒[0m[48;2;60;56;66m[38;2;60;56;66m░[0m[48;2;28;25;33m[38;2;28;25;33m▓[0m[48;2;54;51;61m[38;2;54;51;61m▒[0m[48;2;8;4;14m[38;2;8;4;14m█[0m[48;2;64;52;116m[38;2;64;52;116m░[0m[48;2;75;57;157m[38;2;75;57;157m@[0m[48;2;81;67;142m[38;2;81;67;142m@[0m[48;2;49;39;86m[38;2;49;39;86m▒[0m[48;2;8;4;21m[38;2;8;4;21m█[0m[48;2;46;42;51m[38;2;46;42;51m▒[0m[48;2;44;40;55m[38;2;44;40;55m▒[0m[48;2;37;31;51m[38;2;37;31;51m▓[0m[48;2;37;31;52m[38;2;37;31;52m▓[0m[48;2;37;31;52m[38;2;37;31;52m▓[0m[48;2;37;31;52m[38;2;37;31;52m▓[0m[48;2;37;31;52m[38;2;37;31;52m▓[0m[48;2;37;31;52m[38;2;37;31;52m▓[0m[48;2;37;31;52m[38;2;37;31;52m▓[0m[48;2;37;31;52m[38;2;37;31;52m▓[0m[48;2;37;31;52m[38;2;37;31;52m▓[0m[48;2;37;31;52m[38;2;37;31;52m▓[0m[48;2;37;31;52m[38;2;37;31;52m▓[0m[48;2;37;31;52m[38;2;37;31;52m▓[0m[48;2;37;31;52m[38;2;37;31;52m▓[0m[48;2;37;31;52m[38;2;37;31;52m▓[0m[48;2;37;31;52m[38;2;37;31;52m▓[0m[48;2;37;31;52m[38;2;37;31;52m▓[0m[48;2;37;31;52m[38;2;37;31;52m▓[0m[48;2;37;31;52m[38;2;37;31;52m▓[0m[48;2;37;31;52m[38;2;37;31;52m▓[0m[48;2;37;31;52m[38;2;37;31;52m▓[0m[48;2;37;31;52m[38;2;37;31;52m▓[0m[48;2;37;31;52m[38;2;37;31;52m▓[0m[48;2;37;31;51m[38;2;37;31;51m▓[0m[48;2;36;30;51m[38;2;36;30;51m▓[0m[48;2;36;31;51m[38;2;36;31;51m▓[0m[48;2;37;31;50m[38;2;37;31;50m▓[0m[48;2;37;33;43m[38;2;37;33;43m▓[0m[48;2;12;9;13m[38;2;12;9;13m█[0m[48;2;225;224;225m[38;2;225;224;225m.[0m                         
                                          [48;2;68;68;69m[38;2;68;68;69m░[0m[48;2;28;26;37m[38;2;28;26;37m▓[0m[48;2;52;47;65m[38;2;52;47;65m▒[0m[48;2;51;49;58m[38;2;51;49;58m▒[0m[48;2;86;84;89m[38;2;86;84;89m@[0m[48;2;160;157;163m[38;2;160;157;163m+[0m[48;2;52;50;56m[38;2;52;50;56m▒[0m[48;2;25;19;42m[38;2;25;19;42m▓[0m[48;2;49;42;74m[38;2;49;42;74m▒[0m[48;2;76;73;85m[38;2;76;73;85m@[0m[48;2;190;187;194m[38;2;190;187;194m-[0m[48;2;127;125;131m[38;2;127;125;131m#[0m[48;2;29;27;33m[38;2;29;27;33m▓[0m[48;2;52;49;56m[38;2;52;49;56m▒[0m[48;2;67;63;76m[38;2;67;63;76m░[0m[48;2;44;39;56m[38;2;44;39;56m▒[0m[48;2;37;32;51m[38;2;37;32;51m▓[0m[48;2;37;31;52m[38;2;37;31;52m▓[0m[48;2;37;31;52m[38;2;37;31;52m▓[0m[48;2;37;31;52m[38;2;37;31;52m▓[0m[48;2;37;31;52m[38;2;37;31;52m▓[0m[48;2;37;31;52m[38;2;37;31;52m▓[0m[48;2;37;31;52m[38;2;37;31;52m▓[0m[48;2;37;31;52m[38;2;37;31;52m▓[0m[48;2;37;31;52m[38;2;37;31;52m▓[0m[48;2;37;31;52m[38;2;37;31;52m▓[0m[48;2;37;31;52m[38;2;37;31;52m▓[0m[48;2;37;31;52m[38;2;37;31;52m▓[0m[48;2;37;31;52m[38;2;37;31;52m▓[0m[48;2;37;31;52m[38;2;37;31;52m▓[0m[48;2;37;31;52m[38;2;37;31;52m▓[0m[48;2;37;31;52m[38;2;37;31;52m▓[0m[48;2;37;31;52m[38;2;37;31;52m▓[0m[48;2;37;31;52m[38;2;37;31;52m▓[0m[48;2;37;31;52m[38;2;37;31;52m▓[0m[48;2;37;31;52m[38;2;37;31;52m▓[0m[48;2;37;31;52m[38;2;37;31;52m▓[0m[48;2;37;31;52m[38;2;37;31;52m▓[0m[48;2;37;31;52m[38;2;37;31;52m▓[0m[48;2;37;31;52m[38;2;37;31;52m▓[0m[48;2;29;25;37m[38;2;29;25;37m▓[0m[48;2;71;68;72m[38;2;71;68;72m░[0m                          