                                                                                                              
                                                                                                              
                                                                                                              
                                                                                                              
                                                                                                              
                                                                                                              
                                                                                                              
                                                                                                              
                                                                                                              
                                                                                                              
                                                                                                              
                                                                                                              
                                                                                                              
                                               [48;2;200;199;200m[38;2;200;199;200m-[0m[48;2;127;127;129m[38;2;127;127;129m#[0m[48;2;83;82;85m[38;2;83;82;85m@[0m[48;2;62;61;65m[38;2;62;61;65m░[0m[48;2;54;53;58m[38;2;54;53;58m▒[0m[48;2;57;56;61m[38;2;57;56;61m░[0m[48;2;63;62;67m[38;2;63;62;67m░[0m[48;2;77;75;81m[38;2;77;75;81m@[0m[48;2;95;95;98m[38;2;95;95;98m%[0m[48;2;122;122;125m[38;2;122;122;125m#[0m[48;2;155;154;157m[38;2;155;154;157m+[0m[48;2;198;198;200m[38;2;198;198;200m-[0m                                                   
                                             [48;2;216;216;216m[38;2;216;216;216m:[0m[48;2;41;40;43m[38;2;41;40;43m▒[0m[48;2;13;12;18m[38;2;13;12;18m█[0m[48;2;32;30;42m[38;2;32;30;42m▓[0m[48;2;43;42;57m[38;2;43;42;57m▒[0m[48;2;42;43;59m[38;2;42;43;59m▒[0m[48;2;42;43;59m[38;2;42;43;59m▒[0m[48;2;42;43;59m[38;2;42;43;59m▒[0m[48;2;42;43;59m[38;2;42;43;59m▒[0m[48;2;42;43;59m[38;2;42;43;59m▒[0m[48;2;41;43;58m[38;2;41;43;58m▒[0m[48;2;38;39;55m[38;2;38;39;55m▒[0m[48;2;33;32;48m[38;2;33;32;48m▓[0m[48;2;26;25;39m[38;2;26;25;39m▓[0m[48;2;25;23;36m[38;2;25;23;36m▓[0m[48;2;69;67;76m[38;2;69;67;76m░[0m[48;2;139;138;143m[38;2;139;138;143m*[0m[48;2;229;228;231m[38;2;229;228;231m.[0m                                               
                                             [48;2;81;81;83m[38;2;81;81;83m@[0m[48;2;27;26;36m[38;2;27;26;36m▓[0m[48;2;43;42;57m[38;2;43;42;57m▒[0m[48;2;43;43;59m[38;2;43;43;59m▒[0m[48;2;41;43;59m[38;2;41;43;59m▒[0m[48;2;40;44;59m[38;2;40;44;59m▒[0m[48;2;40;44;59m[38;2;40;44;59m▒[0m[48;2;40;44;59m[38;2;40;44;59m▒[0m[48;2;40;44;59m[38;2;40;44;59m▒[0m[48;2;40;44;59m[38;2;40;44;59m▒[0m[48;2;40;44;59m[38;2;40;44;59m▒[0m[48;2;40;44;59m[38;2;40;44;59m▒[0m[48;2;40;44;59m[38;2;40;44;59m▒[0m[48;2;40;44;59m[38;2;40;44;59m▒[0m[48;2;41;43;59m[38;2;41;43;59m▒[0m[48;2;41;42;59m[38;2;41;42;59m▒[0m[48;2;34;32;48m[38;2;34;32;48m▓[0m[48;2;24;22;33m[38;2;24;22;33m▓[0m[48;2;112;110;116m[38;2;112;110;116m#[0m[48;2;237;236;237m[38;2;237;236;237m.[0m                                             
                                            [48;2;108;108;109m[38;2;108;108;109m%[0m[48;2;41;40;46m[38;2;41;40;46m▒[0m[48;2;43;43;57m[38;2;43;43;57m▒[0m[48;2;41;43;59m[38;2;41;43;59m▒[0m[48;2;40;44;59m[38;2;40;44;59m▒[0m[48;2;40;44;59m[38;2;40;44;59m▒[0m[48;2;40;44;59m[38;2;40;44;59m▒[0m[48;2;40;44;59m[38;2;40;44;59m▒[0m[48;2;40;44;59m[38;2;40;44;59m▒[0m[48;2;40;44;59m[38;2;40;44;59m▒[0m[48;2;40;44;59m[38;2;40;44;59m▒[0m[48;2;40;44;59m[38;2;40;44;59m▒[0m[48;2;40;44;59m[38;2;40;44;59m▒[0m[48;2;40;44;59m[38;2;40;44;59m▒[0m[48;2;40;44;59m[38;2;40;44;59m▒[0m[48;2;40;44;59m[38;2;40;44;59m▒[0m[48;2;40;44;59m[38;2;40;44;59m▒[0m[48;2;41;43;59m[38;2;41;43;59m▒[0m[48;2;43;43;59m[38;2;43;43;59m▒[0m[48;2;35;32;47m[38;2;35;32;47m▓[0m[48;2;41;40;45m[38;2;41;40;45m▒[0m[48;2;206;206;206m[38;2;206;206;206m:[0m                                            
                                          [48;2;206;206;207m[38;2;206;206;207m:[0m[48;2;54;53;55m[38;2;54;53;55m▒[0m[48;2;9;7;11m[38;2;9;7;11m█[0m[48;2;74;72;79m[38;2;74;72;79m@[0m[48;2;43;43;57m[38;2;43;43;57m▒[0m[48;2;41;43;59m[38;2;41;43;59m▒[0m[48;2;40;44;59m[38;2;40;44;59m▒[0m[48;2;40;44;59m[38;2;40;44;59m▒[0m[48;2;40;44;59m[38;2;40;44;59m▒[0m[48;2;40;44;59m[38;2;40;44;59m▒[0m[48;2;40;44;59m[38;2;40;44;59m▒[0m[48;2;40;44;59m[38;2;40;44;59m▒[0m[48;2;40;44;59m[38;2;40;44;59m▒[0m[48;2;40;44;59m[38;2;40;44;59m▒[0m[48;2;40;44;59m[38;2;40;44;59m▒[0m[48;2;40;44;59m[38;2;40;44;59m▒[0m[48;2;40;44;59m[38;2;40;44;59m▒[0m[48;2;40;44;59m[38;2;40;44;59m▒[0m[48;2;40;44;59m[38;2;40;44;59m▒[0m[48;2;40;44;59m[38;2;40;44;59m▒[0m[48;2;40;44;59m[38;2;40;44;59m▒[0m[48;2;41;44;59m[38;2;41;44;59m▒[0m[48;2;40;37;51m[38;2;40;37;51m▒[0m[48;2;27;25;33m[38;2;27;25;33m▓[0m[48;2;193;192;195m[38;2;193;192;195m-[0m                                           
                                         [48;2;177;177;178m[38;2;177;177;178m=[0m[48;2;49;45;50m[38;2;49;45;50m▒[0m[48;2;122;116;123m[38;2;122;116;123m#[0m[48;2;13;10;16m[38;2;13;10;16m█[0m[48;2;81;77;86m[38;2;81;77;86m@[0m[48;2;45;43;57m[38;2;45;43;57m▒[0m[48;2;41;43;59m[38;2;41;43;59m▒[0m[48;2;40;44;59m[38;2;40;44;59m▒[0m[48;2;40;44;59m[38;2;40;44;59m▒[0m[48;2;40;44;59m[38;2;40;44;59m▒[0m[48;2;40;44;59m[38;2;40;44;59m▒[0m[48;2;40;44;59m[38;2;40;44;59m▒[0m[48;2;40;44;59m[38;2;40;44;59m▒[0m[48;2;40;44;59m[38;2;40;44;59m▒[0m[48;2;40;44;59m[38;2;40;44;59m▒[0m[48;2;40;44;59m[38;2;40;44;59m▒[0m[48;2;40;44;59m[38;2;40;44;59m▒[0m[48;2;40;44;59m[38;2;40;44;59m▒[0m[48;2;40;44;59m[38;2;40;44;59m▒[0m[48;2;40;44;59m[38;2;40;44;59m▒[0m[48;2;40;44;59m[38;2;40;44;59m▒[0m[48;2;40;44;59m[38;2;40;44;59m▒[0m[48;2;40;44;59m[38;2;40;44;59m▒[0m[48;2;42;43;59m[38;2;42;43;59m▒[0m[48;2;39;39;53m[38;2;39;39;53m▒[0m[48;2;27;26;33m[38;2;27;26;33m▓[0m[48;2;211;210;212m[38;2;211;210;212m:[0m                                          
                                        [48;2;193;193;194m[38;2;193;193;194m-[0m[48;2;28;25;30m[38;2;28;25;30m▓[0m[48;2;76;67;77m[38;2;76;67;77m░[0m[48;2;91;82;92m[38;2;91;82;92m@[0m[48;2;11;7;15m[38;2;11;7;15m█[0m[48;2;78;73;83m[38;2;78;73;83m@[0m[48;2;50;47;60m[38;2;50;47;60m▒[0m[48;2;41;43;59m[38;2;41;43;59m▒[0m[48;2;40;44;59m[38;2;40;44;59m▒[0m[48;2;40;44;59m[38;2;40;44;59m▒[0m[48;2;40;44;59m[38;2;40;44;59m▒[0m[48;2;40;44;59m[38;2;40;44;59m▒[0m[48;2;40;44;59m[38;2;40;44;59m▒[0m[48;2;40;44;59m[38;2;40;44;59m▒[0m[48;2;40;44;59m[38;2;40;44;59m▒[0m[48;2;40;44;59m[38;2;40;44;59m▒[0m[48;2;40;44;59m[38;2;40;44;59m▒[0m[48;2;40;44;59m[38;2;40;44;59m▒[0m[48;2;40;44;59m[38;2;40;44;59m▒[0m[48;2;40;44;59m[38;2;40;44;59m▒[0m[48;2;40;44;59m[38;2;40;44;59m▒[0m[48;2;40;44;59m[38;2;40;44;59m▒[0m[48;2;40;44;59m[38;2;40;44;59m▒[0m[48;2;40;44;59m[38;2;40;44;59m▒[0m[48;2;40;44;59m[38;2;40;44;59m▒[0m[48;2;41;43;59m[38;2;41;43;59m▒[0m[48;2;35;34;46m[38;2;35;34;46m▓[0m[48;2;59;57;62m[38;2;59;57;62m░[0m                                          
                                        [48;2;55;53;56m[38;2;55;53;56m▒[0m[48;2;53;47;53m[38;2;53;47;53m▒[0m[48;2;26;16;31m[38;2;26;16;31m▓[0m[48;2;51;34;85m[38;2;51;34;85m▒[0m[48;2;47;33;68m[38;2;47;33;68m▒[0m[48;2;32;22;49m[38;2;32;22;49m▓[0m[48;2;48;43;58m[38;2;48;43;58m▒[0m[48;2;42;43;59m[38;2;42;43;59m▒[0m[48;2;40;44;59m[38;2;40;44;59m▒[0m[48;2;40;44;59m[38;2;40;44;59m▒[0m[48;2;40;44;59m[38;2;40;44;59m▒[0m[48;2;40;44;59m[38;2;40;44;59m▒[0m[48;2;40;44;59m[38;2;40;44;59m▒[0m[48;2;40;44;59m[38;2;40;44;59m▒[0m[48;2;40;44;59m[38;2;40;44;59m▒[0m[48;2;40;44;59m[38;2;40;44;59m▒[0m[48;2;40;44;59m[38;2;40;44;59m▒[0m[48;2;40;44;59m[38;2;40;44;59m▒[0m[48;2;40;44;59m[38;2;40;44;59m▒[0m[48;2;40;44;59m[38;2;40;44;59m▒[0m[48;2;40;44;59m[38;2;40;44;59m▒[0m[48;2;40;44;59m[38;2;40;44;59m▒[0m[48;2;40;44;59m[38;2;40;44;59m▒[0m[48;2;40;44;59m[38;2;40;44;59m▒[0m[48;2;40;44;59m[38;2;40;44;59m▒[0m[48;2;41;43;59m[38;2;41;43;59m▒[0m[48;2;43;42;58m[38;2;43;42;58m▒[0m[48;2;11;9;17m[38;2;11;9;17m█[0m[48;2;224;224;225m[38;2;224;224;225m.[0m                                         
                                       [48;2;201;201;201m[38;2;201;201;201m-[0m[48;2;41;36;40m[38;2;41;36;40m▒[0m[48;2;19;11;20m[38;2;19;11;20m█[0m[48;2;47;35;61m[38;2;47;35;61m▒[0m[48;2;86;64;134m[38;2;86;64;134m@[0m[48;2;67;48;97m[38;2;67;48;97m░[0m[48;2;26;15;39m[38;2;26;15;39m▓[0m[48;2;53;47;62m[38;2;53;47;62m▒[0m[48;2;53;52;69m[38;2;53;52;69m▒[0m[48;2;42;43;59m[38;2;42;43;59m▒[0m[48;2;40;44;59m[38;2;40;44;59m▒[0m[48;2;40;44;59m[38;2;40;44;59m▒[0m[48;2;40;44;59m[38;2;40;44;59m▒[0m[48;2;40;44;59m[38;2;40;44;59m▒[0m[48;2;40;44;59m[38;2;40;44;59m▒[0m[48;2;40;44;59m[38;2;40;44;59m▒[0m[48;2;40;44;59m[38;2;40;44;59m▒[0m[48;2;40;44;59m[38;2;40;44;59m▒[0m[48;2;40;44;59m[38;2;40;44;59m▒[0m[48;2;40;44;59m[38;2;40;44;59m▒[0m[48;2;40;44;59m[38;2;40;44;59m▒[0m[48;2;40;44;59m[38;2;40;44;59m▒[0m[48;2;40;44;59m[38;2;40;44;59m▒[0m[48;2;40;44;59m[38;2;40;44;59m▒[0m[48;2;40;44;59m[38;2;40;44;59m▒[0m[48;2;40;44;59m[38;2;40;44;59m▒[0m[48;2;41;43;59m[38;2;41;43;59m▒[0m[48;2;40;40;57m[38;2;40;40;57m▒[0m[48;2;27;24;34m[38;2;27;24;34m▓[0m                                          
                                       [48;2;166;166;166m[38;2;166;166;166m=[0m[48;2;39;34;39m[38;2;39;34;39m▓[0m[48;2;6;1;6m[38;2;6;1;6m█[0m[48;2;27;21;32m[38;2;27;21;32m▓[0m[48;2;29;20;37m[38;2;29;20;37m▓[0m[48;2;51;40;54m[38;2;51;40;54m▒[0m[48;2;52;42;53m[38;2;52;42;53m▒[0m[48;2;28;19;30m[38;2;28;19;30m▓[0m[48;2;79;75;88m[38;2;79;75;88m@[0m[48;2;52;50;64m[38;2;52;50;64m▒[0m[48;2;42;43;59m[38;2;42;43;59m▒[0m[48;2;40;44;59m[38;2;40;44;59m▒[0m[48;2;40;44;59m[38;2;40;44;59m▒[0m[48;2;40;44;59m[38;2;40;44;59m▒[0m[48;2;40;44;59m[38;2;40;44;59m▒[0m[48;2;40;44;59m[38;2;40;44;59m▒[0m[48;2;40;44;59m[38;2;40;44;59m▒[0m[48;2;40;44;59m[38;2;40;44;59m▒[0m[48;2;40;44;59m[38;2;40;44;59m▒[0m[48;2;40;44;59m[38;2;40;44;59m▒[0m[48;2;40;44;59m[38;2;40;44;59m▒[0m[48;2;40;44;59m[38;2;40;44;59m▒[0m[48;2;40;44;59m[38;2;40;44;59m▒[0m[48;2;40;44;59m[38;2;40;44;59m▒[0m[48;2;41;43;59m[38;2;41;43;59m▒[0m[48;2;42;43;58m[38;2;42;43;58m▒[0m[48;2;39;39;54m[38;2;39;39;54m▒[0m[48;2;14;12;26m[38;2;14;12;26m█[0m[48;2;79;76;84m[38;2;79;76;84m@[0m                                          
                                       [48;2;230;230;230m[38;2;230;230;230m.[0m[48;2;34;32;35m[38;2;34;32;35m▓[0m[48;2;91;86;91m[38;2;91;86;91m@[0m[48;2;45;38;48m[38;2;45;38;48m▒[0m[48;2;153;141;151m[38;2;153;141;151m*[0m[48;2;101;89;98m[38;2;101;89;98m%[0m[48;2;81;70;79m[38;2;81;70;79m@[0m[48;2;107;97;106m[38;2;107;97;106m%[0m[48;2;28;22;31m[38;2;28;22;31m▓[0m[48;2;59;56;68m[38;2;59;56;68m░[0m[48;2;66;64;79m[38;2;66;64;79m░[0m[48;2;43;44;60m[38;2;43;44;60m▒[0m[48;2;41;44;59m[38;2;41;44;59m▒[0m[48;2;40;44;59m[38;2;40;44;59m▒[0m[48;2;40;44;59m[38;2;40;44;59m▒[0m[48;2;40;44;59m[38;2;40;44;59m▒[0m[48;2;40;44;59m[38;2;40;44;59m▒[0m[48;2;40;44;59m[38;2;40;44;59m▒[0m[48;2;40;44;59m[38;2;40;44;59m▒[0m[48;2;40;44;59m[38;2;40;44;59m▒[0m[48;2;40;44;59m[38;2;40;44;59m▒[0m[48;2;40;44;59m[38;2;40;44;59m▒[0m[48;2;40;44;59m[38;2;40;44;59m▒[0m[48;2;41;43;59m[38;2;41;43;59m▒[0m[48;2;41;41;58m[38;2;41;41;58m▒[0m[48;2;28;26;40m[38;2;28;26;40m▓[0m[48;2;9;6;18m[38;2;9;6;18m█[0m[48;2;61;57;68m[38;2;61;57;68m░[0m[48;2;59;54;62m[38;2;59;54;62m░[0m                                          
                                        [48;2;103;103;103m[38;2;103;103;103m%[0m[48;2;166;162;165m[38;2;166;162;165m+[0m[48;2;69;60;64m[38;2;69;60;64m░[0m[48;2;123;110;120m[38;2;123;110;120m#[0m[48;2;140;126;137m[38;2;140;126;137m*[0m[48;2;28;18;26m[38;2;28;18;26m▓[0m[48;2;135;121;132m[38;2;135;121;132m#[0m[48;2;148;132;145m[38;2;148;132;145m*[0m[48;2;86;74;86m[38;2;86;74;86m@[0m[48;2;48;36;49m[38;2;48;36;49m▒[0m[48;2;57;48;61m[38;2;57;48;61m▒[0m[48;2;56;52;66m[38;2;56;52;66m▒[0m[48;2;47;46;61m[38;2;47;46;61m▒[0m[48;2;41;43;58m[38;2;41;43;58m▒[0m[48;2;40;44;59m[38;2;40;44;59m▒[0m[48;2;40;44;59m[38;2;40;44;59m▒[0m[48;2;40;44;59m[38;2;40;44;59m▒[0m[48;2;41;43;58m[38;2;41;43;58m▒[0m[48;2;41;43;58m[38;2;41;43;58m▒[0m[48;2;41;43;58m[38;2;41;43;58m▒[0m[48;2;39;41;56m[38;2;39;41;56m▒[0m[48;2;32;32;46m[38;2;32;32;46m▓[0m[48;2;24;21;36m[38;2;24;21;36m▓[0m[48;2;46;41;56m[38;2;46;41;56m▒[0m[48;2;54;48;59m[38;2;54;48;59m▒[0m[48;2;48;39;51m[38;2;48;39;51m▒[0m[48;2;146;134;147m[38;2;146;134;147m*[0m[48;2;52;42;53m[38;2;52;42;53m▒[0m[48;2;190;188;192m[38;2;190;188;192m-[0m                                         
                                        [48;2;145;145;145m[38;2;145;145;145m*[0m[48;2;116;110;112m[38;2;116;110;112m#[0m[48;2;213;203;204m[38;2;213;203;204m:[0m[48;2;51;40;46m[38;2;51;40;46m▒[0m[48;2;135;121;132m[38;2;135;121;132m#[0m[48;2;127;111;122m[38;2;127;111;122m#[0m[48;2;47;35;44m[38;2;47;35;44m▒[0m[48;2;141;127;137m[38;2;141;127;137m*[0m[48;2;160;140;154m[38;2;160;140;154m+[0m[48;2;157;138;152m[38;2;157;138;152m*[0m[48;2;129;112;126m[38;2;129;112;126m#[0m[48;2;89;74;87m[38;2;89;74;87m@[0m[48;2;65;52;65m[38;2;65;52;65m░[0m[48;2;42;32;46m[38;2;42;32;46m▒[0m[48;2;16;14;26m[38;2;16;14;26m█[0m[48;2;17;17;29m[38;2;17;17;29m▓[0m[48;2;22;23;34m[38;2;22;23;34m▓[0m[48;2;24;23;33m[38;2;24;23;33m▓[0m[48;2;31;28;36m[38;2;31;28;36m▓[0m[48;2;43;41;49m[38;2;43;41;49m▒[0m[48;2;65;59;67m[38;2;65;59;67m░[0m[48;2;94;85;95m[38;2;94;85;95m@[0m[48;2;124;113;124m[38;2;124;113;124m#[0m[48;2;67;55;66m[38;2;67;55;66m░[0m[48;2;68;56;67m[38;2;68;56;67m░[0m[48;2;147;135;146m[38;2;147;135;146m*[0m[48;2;156;140;152m[38;2;156;140;152m*[0m[48;2;139;124;136m[38;2;139;124;136m*[0m[48;2;47;40;47m[38;2;47;40;47m▒[0m[48;2;197;195;198m[38;2;197;195;198m-[0m                                        
                                        [48;2;107;106;106m[38;2;107;106;106m%[0m[48;2;25;21;23m[38;2;25;21;23m▓[0m[48;2;68;61;63m[38;2;68;61;63m░[0m[48;2;96;91;94m[38;2;96;91;94m%[0m[48;2;28;22;27m[38;2;28;22;27m▓[0m[48;2;122;110;119m[38;2;122;110;119m#[0m[48;2;131;116;126m[38;2;131;116;126m#[0m[48;2;48;36;45m[38;2;48;36;45m▒[0m[48;2;123;107;119m[38;2;123;107;119m#[0m[48;2;160;141;155m[38;2;160;141;155m+[0m[48;2;161;141;155m[38;2;161;141;155m+[0m[48;2;161;140;155m[38;2;161;140;155m+[0m[48;2;161;140;155m[38;2;161;140;155m+[0m[48;2;159;139;155m[38;2;159;139;155m+[0m[48;2;113;99;111m[38;2;113;99;111m%[0m[48;2;74;63;75m[38;2;74;63;75m░[0m[48;2;68;57;68m[38;2;68;57;68m░[0m[48;2;66;57;66m[38;2;66;57;66m░[0m[48;2;69;61;69m[38;2;69;61;69m░[0m[48;2;68;60;68m[38;2;68;60;68m░[0m[48;2;55;48;55m[38;2;55;48;55m▒[0m[48;2;33;26;34m[38;2;33;26;34m▓[0m[48;2;12;6;15m[38;2;12;6;15m█[0m[48;2;27;21;30m[38;2;27;21;30m▓[0m[48;2;28;21;32m[38;2;28;21;32m▓[0m[48;2;26;18;27m[38;2;26;18;27m▓[0m[48;2;118;106;116m[38;2;118;106;116m#[0m[48;2;158;142;155m[38;2;158;142;155m+[0m[48;2;136;120;132m[38;2;136;120;132m#[0m[48;2;29;21;29m[38;2;29;21;29m▓[0m[48;2;33;29;34m[38;2;33;29;34m▓[0m[48;2;94;90;94m[38;2;94;90;94m%[0m[48;2;158;156;159m[38;2;158;156;159m+[0m[48;2;233;232;233m[38;2;233;232;233m.[0m                                    
                                        [48;2;67;65;66m[38;2;67;65;66m░[0m[48;2;157;151;154m[38;2;157;151;154m+[0m[48;2;144;137;140m[38;2;144;137;140m*[0m[48;2;49;44;47m[38;2;49;44;47m▒[0m[48;2;45;42;44m[38;2;45;42;44m▒[0m[48;2;52;48;52m[38;2;52;48;52m▒[0m[48;2;37;31;35m[38;2;37;31;35m▓[0m[48;2;63;56;63m[38;2;63;56;63m░[0m[48;2;45;38;45m[38;2;45;38;45m▒[0m[48;2;70;60;69m[38;2;70;60;69m░[0m[48;2;144;127;140m[38;2;144;127;140m*[0m[48;2;161;141;155m[38;2;161;141;155m+[0m[48;2;161;140;155m[38;2;161;140;155m+[0m[48;2;161;140;155m[38;2;161;140;155m+[0m[48;2;161;140;155m[38;2;161;140;155m+[0m[48;2;161;140;155m[38;2;161;140;155m+[0m[48;2;161;140;155m[38;2;161;140;155m+[0m[48;2;161;140;155m[38;2;161;140;155m+[0m[48;2;160;140;155m[38;2;160;140;155m+[0m[48;2;158;140;154m[38;2;158;140;154m+[0m[48;2;47;37;47m[38;2;47;37;47m▒[0m[48;2;21;14;22m[38;2;21;14;22m█[0m[48;2;2;0;4m[38;2;2;0;4m█[0m[48;2;9;7;12m[38;2;9;7;12m█[0m[48;2;23;20;29m[38;2;23;20;29m▓[0m[48;2;13;7;17m[38;2;13;7;17m█[0m[48;2;113;104;116m[38;2;113;104;116m%[0m[48;2;158;141;155m[38;2;158;141;155m+[0m[48;2;160;140;154m[38;2;160;140;154m+[0m[48;2;144;127;140m[38;2;144;127;140m*[0m[48;2;66;55;66m[38;2;66;55;66m░[0m[48;2;74;65;75m[38;2;74;65;75m░[0m[48;2;110;98;109m[38;2;110;98;109m%[0m[48;2;65;57;64m[38;2;65;57;64m░[0m[48;2;111;108;110m[38;2;111;108;110m%[0m[48;2;231;231;231m[38;2;231;231;231m.[0m                                  
                                        [48;2;82;81;82m[38;2;82;81;82m@[0m[48;2;77;73;75m[38;2;77;73;75m@[0m[48;2;85;80;82m[38;2;85;80;82m@[0m[48;2;78;73;75m[38;2;78;73;75m@[0m[48;2;53;50;51m[38;2;53;50;51m▒[0m[48;2;237;234;233m[38;2;237;234;233m.[0m[48;2;37;32;33m[38;2;37;32;33m▓[0m[48;2;74;67;72m[38;2;74;67;72m░[0m[48;2;84;76;83m[38;2;84;76;83m@[0m[48;2;63;55;63m[38;2;63;55;63m░[0m[48;2;51;41;49m[38;2;51;41;49m▒[0m[48;2;100;85;96m[38;2;100;85;96m@[0m[48;2;160;140;154m[38;2;160;140;154m+[0m[48;2;161;140;155m[38;2;161;140;155m+[0m[48;2;161;140;155m[38;2;161;140;155m+[0m[48;2;161;140;155m[38;2;161;140;155m+[0m[48;2;161;140;155m[38;2;161;140;155m+[0m[48;2;161;140;155m[38;2;161;140;155m+[0m[48;2;161;140;155m[38;2;161;140;155m+[0m[48;2;150;131;145m[38;2;150;131;145m*[0m[48;2;17;8;19m[38;2;17;8;19m█[0m[48;2;25;18;29m[38;2;25;18;29m▓[0m[48;2;5;2;9m[38;2;5;2;9m█[0m[48;2;8;6;10m[38;2;8;6;10m█[0m[48;2;5;3;8m[38;2;5;3;8m█[0m[48;2;18;15;21m[38;2;18;15;21m█[0m[48;2;26;19;28m[38;2;26;19;28m▓[0m[48;2;148;132;146m[38;2;148;132;146m*[0m[48;2;161;140;155m[38;2;161;140;155m+[0m[48;2;161;140;155m[38;2;161;140;155m+[0m[48;2;160;140;155m[38;2;160;140;155m+[0m[48;2;132;114;128m[38;2;132;114;128m#[0m[48;2;154;136;150m[38;2;154;136;150m*[0m[48;2;159;141;154m[38;2;159;141;154m+[0m[48;2;125;113;122m[38;2;125;113;122m#[0m[48;2;52;47;51m[38;2;52;47;51m▒[0m[48;2;206;205;206m[38;2;206;205;206m:[0m                                 
                                        [48;2;87;86;87m[38;2;87;86;87m@[0m[48;2;154;151;154m[38;2;154;151;154m+[0m[48;2;201;199;203m[38;2;201;199;203m-[0m[48;2;195;191;195m[38;2;195;191;195m-[0m[48;2;33;29;32m[38;2;33;29;32m▓[0m [48;2;109;106;108m[38;2;109;106;108m%[0m[48;2;83;77;83m[38;2;83;77;83m@[0m[48;2;154;139;148m[38;2;154;139;148m*[0m[48;2;157;138;150m[38;2;157;138;150m*[0m[48;2;159;140;152m[38;2;159;140;152m+[0m[48;2;160;140;154m[38;2;160;140;154m+[0m[48;2;160;141;155m[38;2;160;141;155m+[0m[48;2;161;140;155m[38;2;161;140;155m+[0m[48;2;161;140;155m[38;2;161;140;155m+[0m[48;2;161;140;155m[38;2;161;140;155m+[0m[48;2;161;140;155m[38;2;161;140;155m+[0m[48;2;161;140;155m[38;2;161;140;155m+[0m[48;2;161;140;155m[38;2;161;140;155m+[0m[48;2;161;140;155m[38;2;161;140;155m+[0m[48;2;149;131;145m[38;2;149;131;145m*[0m[48;2;143;129;142m[38;2;143;129;142m*[0m[48;2;98;87;99m[38;2;98;87;99m%[0m[48;2;20;14;22m[38;2;20;14;22m█[0m[48;2;18;12;21m[38;2;18;12;21m█[0m[48;2;50;44;52m[38;2;50;44;52m▒[0m[48;2;52;44;54m[38;2;52;44;54m▒[0m[48;2;93;81;92m[38;2;93;81;92m@[0m[48;2;148;130;144m[38;2;148;130;144m*[0m[48;2;161;140;155m[38;2;161;140;155m+[0m[48;2;161;140;155m[38;2;161;140;155m+[0m[48;2;161;140;155m[38;2;161;140;155m+[0m[48;2;161;140;155m[38;2;161;140;155m+[0m[48;2;161;140;155m[38;2;161;140;155m+[0m[48;2;161;140;155m[38;2;161;140;155m+[0m[48;2;132;118;129m[38;2;132;118;129m#[0m[48;2;51;46;51m[38;2;51;46;51m▒[0m                                 
                                        [48;2;137;135;136m[38;2;137;135;136m*[0m[48;2;111;110;114m[38;2;111;110;114m#[0m[48;2;201;200;204m[38;2;201;200;204m-[0m[48;2;181;180;183m[38;2;181;180;183m=[0m[48;2;49;46;50m[38;2;49;46;50m▒[0m [48;2;155;153;156m[38;2;155;153;156m+[0m[48;2;9;5;8m[38;2;9;5;8m█[0m[48;2;119;105;114m[38;2;119;105;114m#[0m[48;2;158;139;152m[38;2;158;139;152m*[0m[48;2;160;139;154m[38;2;160;139;154m+[0m[48;2;161;140;155m[38;2;161;140;155m+[0m[48;2;161;140;155m[38;2;161;140;155m+[0m[48;2;161;140;155m[38;2;161;140;155m+[0m[48;2;161;140;155m[38;2;161;140;155m+[0m[48;2;161;140;155m[38;2;161;140;155m+[0m[48;2;161;140;155m[38;2;161;140;155m+[0m[48;2;161;140;155m[38;2;161;140;155m+[0m[48;2;161;140;155m[38;2;161;140;155m+[0m[48;2;161;140;155m[38;2;161;140;155m+[0m[48;2;161;140;155m[38;2;161;140;155m+[0m[48;2;161;140;155m[38;2;161;140;155m+[0m[48;2;160;140;155m[38;2;160;140;155m+[0m[48;2;152;132;147m[38;2;152;132;147m*[0m[48;2;152;134;149m[38;2;152;134;149m*[0m[48;2;89;73;86m[38;2;89;73;86m@[0m[48;2;57;47;58m[38;2;57;47;58m▒[0m[48;2;13;5;14m[38;2;13;5;14m█[0m[48;2;15;6;13m[38;2;15;6;13m█[0m[48;2;53;41;50m[38;2;53;41;50m▒[0m[48;2;124;106;120m[38;2;124;106;120m#[0m[48;2;160;140;154m[38;2;160;140;154m+[0m[48;2;161;140;155m[38;2;161;140;155m+[0m[48;2;161;140;155m[38;2;161;140;155m+[0m[48;2;161;140;155m[38;2;161;140;155m+[0m[48;2;159;141;154m[38;2;159;141;154m+[0m[48;2;66;55;62m[38;2;66;55;62m░[0m[48;2;176;175;175m[38;2;176;175;175m=[0m                                
                                        [48;2;210;209;210m[38;2;210;209;210m:[0m[48;2;50;48;52m[38;2;50;48;52m▒[0m[48;2;199;198;201m[38;2;199;198;201m-[0m[48;2;87;85;88m[38;2;87;85;88m@[0m[48;2;149;146;152m[38;2;149;146;152m+[0m [48;2;171;168;172m[38;2;171;168;172m=[0m[48;2;9;5;9m[38;2;9;5;9m█[0m[48;2;15;8;13m[38;2;15;8;13m█[0m[48;2;107;93;105m[38;2;107;93;105m%[0m[48;2;159;140;154m[38;2;159;140;154m+[0m[48;2;161;140;155m[38;2;161;140;155m+[0m[48;2;161;140;155m[38;2;161;140;155m+[0m[48;2;161;140;155m[38;2;161;140;155m+[0m[48;2;161;140;155m[38;2;161;140;155m+[0m[48;2;161;140;155m[38;2;161;140;155m+[0m[48;2;161;140;155m[38;2;161;140;155m+[0m[48;2;161;140;155m[38;2;161;140;155m+[0m[48;2;161;140;155m[38;2;161;140;155m+[0m[48;2;161;140;155m[38;2;161;140;155m+[0m[48;2;161;140;155m[38;2;161;140;155m+[0m[48;2;161;140;155m[38;2;161;140;155m+[0m[48;2;161;140;155m[38;2;161;140;155m+[0m[48;2;161;140;155m[38;2;161;140;155m+[0m[48;2;161;140;155m[38;2;161;140;155m+[0m[48;2;161;140;155m[38;2;161;140;155m+[0m[48;2;156;136;150m[38;2;156;136;150m*[0m[48;2;124;105;119m[38;2;124;105;119m#[0m[48;2;88;74;85m[38;2;88;74;85m@[0m[48;2;52;40;50m[38;2;52;40;50m▒[0m[48;2;83;71;82m[38;2;83;71;82m@[0m[48;2;137;119;132m[38;2;137;119;132m#[0m[48;2;161;140;155m[38;2;161;140;155m+[0m[48;2;161;140;155m[38;2;161;140;155m+[0m[48;2;161;140;155m[38;2;161;140;155m+[0m[48;2;161;140;155m[38;2;161;140;155m+[0m[48;2;80;66;76m[38;2;80;66;76m░[0m[48;2;162;160;162m[38;2;162;160;162m+[0m                                
                                         [48;2;128;127;129m[38;2;128;127;129m#[0m[48;2;44;42;46m[38;2;44;42;46m▒[0m[48;2;43;41;44m[38;2;43;41;44m▒[0m[48;2;155;153;157m[38;2;155;153;157m+[0m[48;2;140;137;142m[38;2;140;137;142m*[0m[48;2;73;70;75m[38;2;73;70;75m░[0m[48;2;13;10;14m[38;2;13;10;14m█[0m[48;2;28;24;35m[38;2;28;24;35m▓[0m[48;2;20;14;27m[38;2;20;14;27m█[0m[48;2;61;52;62m[38;2;61;52;62m░[0m[48;2;143;128;140m[38;2;143;128;140m*[0m[48;2;160;141;155m[38;2;160;141;155m+[0m[48;2;161;140;155m[38;2;161;140;155m+[0m[48;2;161;140;155m[38;2;161;140;155m+[0m[48;2;161;140;155m[38;2;161;140;155m+[0m[48;2;161;140;155m[38;2;161;140;155m+[0m[48;2;161;140;155m[38;2;161;140;155m+[0m[48;2;161;140;155m[38;2;161;140;155m+[0m[48;2;161;140;155m[38;2;161;140;155m+[0m[48;2;161;140;155m[38;2;161;140;155m+[0m[48;2;161;140;155m[38;2;161;140;155m+[0m[48;2;161;140;155m[38;2;161;140;155m+[0m[48;2;161;140;155m[38;2;161;140;155m+[0m[48;2;161;140;155m[38;2;161;140;155m+[0m[48;2;161;140;155m[38;2;161;140;155m+[0m[48;2;161;140;155m[38;2;161;140;155m+[0m[48;2;161;140;155m[38;2;161;140;155m+[0m[48;2;161;141;156m[38;2;161;141;156m+[0m[48;2;159;139;154m[38;2;159;139;154m+[0m[48;2;126;108;121m[38;2;126;108;121m#[0m[48;2;77;62;74m[38;2;77;62;74m░[0m[48;2;71;54;67m[38;2;71;54;67m░[0m[48;2;71;57;68m[38;2;71;57;68m░[0m[48;2;74;61;72m[38;2;74;61;72m░[0m[48;2;75;62;73m[38;2;75;62;73m░[0m[48;2;25;15;23m[38;2;25;15;23m▓[0m[48;2;75;69;75m[38;2;75;69;75m░[0m                                
                                          [48;2;228;227;229m[38;2;228;227;229m.[0m[48;2;202;200;203m[38;2;202;200;203m-[0m[48;2;200;198;201m[38;2;200;198;201m-[0m[48;2;188;185;190m[38;2;188;185;190m-[0m[48;2;11;8;14m[38;2;11;8;14m█[0m[48;2;33;29;42m[38;2;33;29;42m▓[0m[48;2;36;31;49m[38;2;36;31;49m▓[0m[48;2;37;31;50m[38;2;37;31;50m▓[0m[48;2;29;24;41m[38;2;29;24;41m▓[0m[48;2;21;16;28m[38;2;21;16;28m▓[0m[48;2;78;67;77m[38;2;78;67;77m░[0m[48;2;139;124;136m[38;2;139;124;136m*[0m[48;2;159;141;155m[38;2;159;141;155m+[0m[48;2;160;141;155m[38;2;160;141;155m+[0m[48;2;161;140;155m[38;2;161;140;155m+[0m[48;2;161;140;155m[38;2;161;140;155m+[0m[48;2;161;140;155m[38;2;161;140;155m+[0m[48;2;161;140;155m[38;2;161;140;155m+[0m[48;2;161;140;155m[38;2;161;140;155m+[0m[48;2;161;140;155m[38;2;161;140;155m+[0m[48;2;161;140;155m[38;2;161;140;155m+[0m[48;2;161;140;155m[38;2;161;140;155m+[0m[48;2;161;140;155m[38;2;161;140;155m+[0m[48;2;161;140;155m[38;2;161;140;155m+[0m[48;2;161;140;155m[38;2;161;140;155m+[0m[48;2;161;140;155m[38;2;161;140;155m+[0m[48;2;161;140;155m[38;2;161;140;155m+[0m[48;2;161;140;155m[38;2;161;140;155m+[0m[48;2;161;140;155m[38;2;161;140;155m+[0m[48;2;161;140;155m[38;2;161;140;155m+[0m[48;2;161;140;155m[38;2;161;140;155m+[0m[48;2;159;139;153m[38;2;159;139;153m+[0m[48;2;154;134;149m[38;2;154;134;149m*[0m[48;2;152;133;147m[38;2;152;133;147m*[0m[48;2;134;120;132m[38;2;134;120;132m#[0m[48;2;62;56;62m[38;2;62;56;62m░[0m                                
                                             [48;2;226;225;227m[38;2;226;225;227m.[0m[48;2;9;5;11m[38;2;9;5;11m█[0m[48;2;20;15;30m[38;2;20;15;30m█[0m[48;2;33;28;46m[38;2;33;28;46m▓[0m[48;2;37;32;50m[38;2;37;32;50m▓[0m[48;2;37;32;51m[38;2;37;32;51m▓[0m[48;2;36;31;47m[38;2;36;31;47m▓[0m[48;2;24;16;28m[38;2;24;16;28m▓[0m[48;2;17;8;31m[38;2;17;8;31m█[0m[48;2;53;41;72m[38;2;53;41;72m▒[0m[48;2;97;86;98m[38;2;97;86;98m@[0m[48;2;140;126;139m[38;2;140;126;139m*[0m[48;2;159;141;154m[38;2;159;141;154m+[0m[48;2;160;141;155m[38;2;160;141;155m+[0m[48;2;161;140;155m[38;2;161;140;155m+[0m[48;2;161;140;155m[38;2;161;140;155m+[0m[48;2;161;140;155m[38;2;161;140;155m+[0m[48;2;161;140;155m[38;2;161;140;155m+[0m[48;2;161;140;155m[38;2;161;140;155m+[0m[48;2;161;140;155m[38;2;161;140;155m+[0m[48;2;161;140;155m[38;2;161;140;155m+[0m[48;2;161;140;155m[38;2;161;140;155m+[0m[48;2;161;140;155m[38;2;161;140;155m+[0m[48;2;161;140;155m[38;2;161;140;155m+[0m[48;2;161;140;155m[38;2;161;140;155m+[0m[48;2;161;140;155m[38;2;161;140;155m+[0m[48;2;161;140;155m[38;2;161;140;155m+[0m[48;2;161;140;155m[38;2;161;140;155m+[0m[48;2;161;140;155m[38;2;161;140;155m+[0m[48;2;160;141;154m[38;2;160;141;154m+[0m[48;2;140;124;136m[38;2;140;124;136m*[0m[48;2;55;44;52m[38;2;55;44;52m▒[0m[48;2;189;184;189m[38;2;189;184;189m-[0m                                
                                              [48;2;17;15;20m[38;2;17;15;20m█[0m[48;2;23;19;33m[38;2;23;19;33m▓[0m[48;2;17;13;28m[38;2;17;13;28m█[0m[48;2;17;12;28m[38;2;17;12;28m█[0m[48;2;16;12;27m[38;2;16;12;27m█[0m[48;2;20;16;31m[38;2;20;16;31m▓[0m[48;2;17;12;25m[38;2;17;12;25m█[0m[48;2;16;9;29m[38;2;16;9;29m█[0m[48;2;78;60;155m[38;2;78;60;155m@[0m[48;2;57;41;135m[38;2;57;41;135m░[0m[48;2;43;35;80m[38;2;43;35;80m▒[0m[48;2;48;38;76m[38;2;48;38;76m▒[0m[48;2;66;56;80m[38;2;66;56;80m░[0m[48;2;100;87;99m[38;2;100;87;99m%[0m[48;2;128;112;125m[38;2;128;112;125m#[0m[48;2;149;132;146m[38;2;149;132;146m*[0m[48;2;158;139;153m[38;2;158;139;153m*[0m[48;2;160;141;154m[38;2;160;141;154m+[0m[48;2;160;141;155m[38;2;160;141;155m+[0m[48;2;160;141;155m[38;2;160;141;155m+[0m[48;2;160;141;155m[38;2;160;141;155m+[0m[48;2;160;141;155m[38;2;160;141;155m+[0m[48;2;160;141;155m[38;2;160;141;155m+[0m[48;2;160;141;155m[38;2;160;141;155m+[0m[48;2;160;140;155m[38;2;160;140;155m+[0m[48;2;158;139;153m[38;2;158;139;153m*[0m[48;2;139;121;135m[38;2;139;121;135m#[0m[48;2;101;86;98m[38;2;101;86;98m%[0m[48;2;59;47;54m[38;2;59;47;54m▒[0m[48;2;88;79;86m[38;2;88;79;86m@[0m[48;2;210;207;210m[38;2;210;207;210m:[0m                                 
                                              [48;2;55;52;56m[38;2;55;52;56m▒[0m[48;2;30;27;39m[38;2;30;27;39m▓[0m[48;2;36;31;51m[38;2;36;31;51m▓[0m[48;2;37;31;52m[38;2;37;31;52m▓[0m[48;2;36;30;51m[38;2;36;30;51m▓[0m[48;2;33;28;47m[38;2;33;28;47m▓[0m[48;2;32;27;44m[38;2;32;27;44m▓[0m[48;2;14;9;24m[38;2;14;9;24m█[0m[48;2;55;38;129m[38;2;55;38;129m▒[0m[48;2;81;66;160m[38;2;81;66;160m@[0m[48;2;84;72;153m[38;2;84;72;153m@[0m[48;2;83;69;160m[38;2;83;69;160m@[0m[48;2;38;22;112m[38;2;38;22;112m▒[0m[48;2;5;1;10m[38;2;5;1;10m█[0m[48;2;17;9;43m[38;2;17;9;43m█[0m[48;2;38;24;94m[38;2;38;24;94m▓[0m[48;2;40;30;71m[38;2;40;30;71m▒[0m[48;2;47;36;81m[38;2;47;36;81m▒[0m[48;2;59;49;74m[38;2;59;49;74m▒[0m[48;2;63;53;72m[38;2;63;53;72m░[0m[48;2;64;54;72m[38;2;64;54;72m░[0m[48;2;63;54;63m[38;2;63;54;63m░[0m[48;2;63;54;63m[38;2;63;54;63m░[0m[48;2;57;48;58m[38;2;57;48;58m▒[0m[48;2;43;34;45m[38;2;43;34;45m▒[0m[48;2;23;16;27m[38;2;23;16;27m▓[0m[48;2;19;14;22m[38;2;19;14;22m█[0m[48;2;142;138;143m[38;2;142;138;143m*[0m[48;2;231;228;231m[38;2;231;228;231m.[0m                                   
                                              [48;2;138;136;138m[38;2;138;136;138m*[0m[48;2;18;15;25m[38;2;18;15;25m█[0m[48;2;36;30;49m[38;2;36;30;49m▓[0m[48;2;37;31;52m[38;2;37;31;52m▓[0m[48;2;37;31;52m[38;2;37;31;52m▓[0m[48;2;37;31;52m[38;2;37;31;52m▓[0m[48;2;37;31;52m[38;2;37;31;52m▓[0m[48;2;29;24;42m[38;2;29;24;42m▓[0m[48;2;19;11;44m[38;2;19;11;44m█[0m[48;2;75;65;120m[38;2;75;65;120m@[0m[48;2;86;72;153m[38;2;86;72;153m@[0m[48;2;74;56;166m[38;2;74;56;166m@[0m[48;2;78;61;155m[38;2;78;61;155m@[0m[48;2;17;9;58m[38;2;17;9;58m█[0m[48;2;70;67;76m[38;2;70;67;76m░[0m[48;2;32;21;82m[38;2;32;21;82m▓[0m[48;2;83;67;158m[38;2;83;67;158m@[0m[48;2;66;49;159m[38;2;66;49;159m░[0m[48;2;78;63;152m[38;2;78;63;152m@[0m[48;2;55;44;108m[38;2;55;44;108m▒[0m[48;2;32;26;51m[38;2;32;26;51m▓[0m[48;2;8;5;11m[38;2;8;5;11m█[0m[48;2;65;59;69m[38;2;65;59;69m░[0m[48;2;46;39;55m[38;2;46;39;55m▒[0m[48;2;37;29;46m[38;2;37;29;46m▓[0m[48;2;38;31;49m[38;2;38;31;49m▓[0m[48;2;32;27;46m[38;2;32;27;46m▓[0m[48;2;20;15;30m[38;2;20;15;30m█[0m[48;2;56;53;62m[38;2;56;53;62m░[0m[48;2;151;149;153m[38;2;151;149;153m+[0m[48;2;241;240;241m[38;2;241;240;241m [0m                                 
                                              [48;2;227;226;227m[38;2;227;226;227m.[0m[48;2;20;17;24m[38;2;20;17;24m▓[0m[48;2;35;30;47m[38;2;35;30;47m▓[0m[48;2;37;31;52m[38;2;37;31;52m▓[0m[48;2;37;31;52m[38;2;37;31;52m▓[0m[48;2;37;31;52m[38;2;37;31;52m▓[0m[48;2;37;31;52m[38;2;37;31;52m▓[0m[48;2;37;31;52m[38;2;37;31;52m▓[0m[48;2;32;26;45m[38;2;32;26;45m▓[0m[48;2;21;16;31m[38;2;21;16;31m▓[0m[48;2;26;21;37m[38;2;26;21;37m▓[0m[48;2;33;27;54m[38;2;33;27;54m▓[0m[48;2;52;45;76m[38;2;52;45;76m▒[0m[48;2;25;14;67m[38;2;25;14;67m▓[0m[48;2;70;68;72m[38;2;70;68;72m░[0m[48;2;122;119;123m[38;2;122;119;123m#[0m[48;2;19;15;32m[38;2;19;15;32m█[0m[48;2;59;55;72m[38;2;59;55;72m░[0m[48;2;100;97;108m[38;2;100;97;108m%[0m[48;2;165;163;168m[38;2;165;163;168m+[0m[48;2;233;232;234m[38;2;233;232;234m.[0m[48;2;165;163;165m[38;2;165;163;165m+[0m[48;2;24;21;26m[38;2;24;21;26m▓[0m[48;2;59;55;64m[38;2;59;55;64m░[0m[48;2;66;59;72m[38;2;66;59;72m░[0m[48;2;41;33;48m[38;2;41;33;48m▒[0m[48;2;38;31;51m[38;2;38;31;51m▓[0m[48;2;37;31;52m[38;2;37;31;52m▓[0m[48;2;36;31;50m[38;2;36;31;50m▓[0m[48;2;27;23;39m[38;2;27;23;39m▓[0m[48;2;34;30;40m[38;2;34;30;40m▓[0m[48;2;151;150;153m[38;2;151;150;153m+[0m                                
                                               [48;2;124;121;127m[38;2;124;121;127m#[0m[48;2;21;17;32m[38;2;21;17;32m▓[0m[48;2;37;31;51m[38;2;37;31;51m▓[0m[48;2;37;31;52m[38;2;37;31;52m▓[0m[48;2;37;31;52m[38;2;37;31;52m▓[0m[48;2;37;31;52m[38;2;37;31;52m▓[0m[48;2;37;31;52m[38;2;37;31;52m▓[0m[48;2;37;31;52m[38;2;37;31;52m▓[0m[48;2;37;31;50m[38;2;37;31;50m▓[0m[48;2;75;70;86m[38;2;75;70;86m@[0m[48;2;17;13;26m[38;2;17;13;26m█[0m[48;2;51;48;56m[38;2;51;48;56m▒[0m[48;2;155;152;158m[38;2;155;152;158m+[0m[48;2;203;200;204m[38;2;203;200;204m:[0m[48;2;190;189;191m[38;2;190;189;191m-[0m[48;2;45;43;47m[38;2;45;43;47m▒[0m[48;2;87;85;91m[38;2;87;85;91m@[0m[48;2;117;114;120m[38;2;117;114;120m#[0m[48;2;210;209;213m[38;2;210;209;213m:[0m [48;2;230;230;231m[38;2;230;230;231m.[0m[48;2;42;40;43m[38;2;42;40;43m▒[0m[48;2;130;128;131m[38;2;130;128;131m*[0m[48;2;38;34;40m[38;2;38;34;40m▓[0m[48;2;60;54;61m[38;2;60;54;61m░[0m[48;2;66;60;72m[38;2;66;60;72m░[0m[48;2;40;34;52m[38;2;40;34;52m▒[0m[48;2;37;31;52m[38;2;37;31;52m▓[0m[48;2;37;31;52m[38;2;37;31;52m▓[0m[48;2;37;31;51m[38;2;37;31;51m▓[0m[48;2;23;19;33m[38;2;23;19;33m▓[0m[48;2;77;76;79m[38;2;77;76;79m@[0m                               