                                                                                                    
                                                                                                    
                                                                                                    
                                                                                                    
                                                                                                    
                                                                                                    
                                                                                                    
                                                                                                    
                                                                                                    
                                                                                                    
                                                                                                    
                                             [48;2;231;231;231m[38;2;231;231;231m.[0m[48;2;217;217;217m[38;2;217;217;217m:[0m[48;2;214;214;214m[38;2;214;214;214m:[0m[48;2;222;222;222m[38;2;222;222;222m.[0m[48;2;237;237;237m[38;2;237;237;237m.[0m                                                  
                                          [48;2;162;162;163m[38;2;162;162;163m+[0m[48;2;82;81;84m[38;2;82;81;84m@[0m[48;2;32;31;37m[38;2;32;31;37m▓[0m[48;2;25;24;33m[38;2;25;24;33m▓[0m[48;2;29;27;37m[38;2;29;27;37m▓[0m[48;2;29;29;40m[38;2;29;29;40m▓[0m[48;2;28;27;38m[38;2;28;27;38m▓[0m[48;2;23;23;32m[38;2;23;23;32m▓[0m[48;2;30;29;37m[38;2;30;29;37m▓[0m[48;2;52;51;59m[38;2;52;51;59m▒[0m[48;2;80;79;86m[38;2;80;79;86m@[0m[48;2;120;119;123m[38;2;120;119;123m#[0m[48;2;174;173;176m[38;2;174;173;176m=[0m[48;2;237;237;238m[38;2;237;237;238m.[0m                                            
                                         [48;2;123;123;125m[38;2;123;123;125m#[0m[48;2;16;14;22m[38;2;16;14;22m█[0m[48;2;37;35;49m[38;2;37;35;49m▒[0m[48;2;44;42;59m[38;2;44;42;59m▒[0m[48;2;42;43;59m[38;2;42;43;59m▒[0m[48;2;41;43;59m[38;2;41;43;59m▒[0m[48;2;40;44;59m[38;2;40;44;59m▒[0m[48;2;40;44;59m[38;2;40;44;59m▒[0m[48;2;40;44;59m[38;2;40;44;59m▒[0m[48;2;41;43;59m[38;2;41;43;59m▒[0m[48;2;41;43;59m[38;2;41;43;59m▒[0m[48;2;42;42;59m[38;2;42;42;59m▒[0m[48;2;40;40;57m[38;2;40;40;57m▒[0m[48;2;32;32;48m[38;2;32;32;48m▓[0m[48;2;27;25;38m[38;2;27;25;38m▓[0m[48;2;86;84;92m[38;2;86;84;92m@[0m[48;2;195;194;197m[38;2;195;194;197m-[0m                                          
                                        [48;2;173;173;173m[38;2;173;173;173m=[0m[48;2;29;28;33m[38;2;29;28;33m▓[0m[48;2;44;43;56m[38;2;44;43;56m▒[0m[48;2;41;43;59m[38;2;41;43;59m▒[0m[48;2;40;44;59m[38;2;40;44;59m▒[0m[48;2;40;44;59m[38;2;40;44;59m▒[0m[48;2;40;44;59m[38;2;40;44;59m▒[0m[48;2;40;44;59m[38;2;40;44;59m▒[0m[48;2;40;44;59m[38;2;40;44;59m▒[0m[48;2;40;44;59m[38;2;40;44;59m▒[0m[48;2;40;44;59m[38;2;40;44;59m▒[0m[48;2;40;44;59m[38;2;40;44;59m▒[0m[48;2;40;44;59m[38;2;40;44;59m▒[0m[48;2;40;44;59m[38;2;40;44;59m▒[0m[48;2;40;44;59m[38;2;40;44;59m▒[0m[48;2;41;43;59m[38;2;41;43;59m▒[0m[48;2;41;41;57m[38;2;41;41;57m▒[0m[48;2;25;23;36m[38;2;25;23;36m▓[0m[48;2;99;97;103m[38;2;99;97;103m%[0m[48;2;238;238;239m[38;2;238;238;239m [0m                                        
                                       [48;2;115;114;117m[38;2;115;114;117m#[0m[48;2;14;13;17m[38;2;14;13;17m█[0m[48;2;67;65;74m[38;2;67;65;74m░[0m[48;2;43;43;59m[38;2;43;43;59m▒[0m[48;2;40;44;59m[38;2;40;44;59m▒[0m[48;2;40;44;59m[38;2;40;44;59m▒[0m[48;2;40;44;59m[38;2;40;44;59m▒[0m[48;2;40;44;59m[38;2;40;44;59m▒[0m[48;2;40;44;59m[38;2;40;44;59m▒[0m[48;2;40;44;59m[38;2;40;44;59m▒[0m[48;2;40;44;59m[38;2;40;44;59m▒[0m[48;2;40;44;59m[38;2;40;44;59m▒[0m[48;2;40;44;59m[38;2;40;44;59m▒[0m[48;2;40;44;59m[38;2;40;44;59m▒[0m[48;2;40;44;59m[38;2;40;44;59m▒[0m[48;2;40;44;59m[38;2;40;44;59m▒[0m[48;2;40;44;59m[38;2;40;44;59m▒[0m[48;2;40;44;59m[38;2;40;44;59m▒[0m[48;2;41;43;59m[38;2;41;43;59m▒[0m[48;2;34;32;47m[38;2;34;32;47m▓[0m[48;2;60;58;63m[38;2;60;58;63m░[0m[48;2;230;229;230m[38;2;230;229;230m.[0m                                       
                                     [48;2;230;229;230m[38;2;230;229;230m.[0m[48;2;71;68;72m[38;2;71;68;72m░[0m[48;2;103;95;102m[38;2;103;95;102m%[0m[48;2;20;16;20m[38;2;20;16;20m█[0m[48;2;73;71;81m[38;2;73;71;81m░[0m[48;2;43;43;58m[38;2;43;43;58m▒[0m[48;2;40;44;59m[38;2;40;44;59m▒[0m[48;2;40;44;59m[38;2;40;44;59m▒[0m[48;2;40;44;59m[38;2;40;44;59m▒[0m[48;2;40;44;59m[38;2;40;44;59m▒[0m[48;2;40;44;59m[38;2;40;44;59m▒[0m[48;2;40;44;59m[38;2;40;44;59m▒[0m[48;2;40;44;59m[38;2;40;44;59m▒[0m[48;2;40;44;59m[38;2;40;44;59m▒[0m[48;2;40;44;59m[38;2;40;44;59m▒[0m[48;2;40;44;59m[38;2;40;44;59m▒[0m[48;2;40;44;59m[38;2;40;44;59m▒[0m[48;2;40;44;59m[38;2;40;44;59m▒[0m[48;2;40;44;59m[38;2;40;44;59m▒[0m[48;2;40;44;59m[38;2;40;44;59m▒[0m[48;2;40;44;59m[38;2;40;44;59m▒[0m[48;2;40;44;59m[38;2;40;44;59m▒[0m[48;2;35;36;48m[38;2;35;36;48m▒[0m[48;2;54;51;57m[38;2;54;51;57m▒[0m[48;2;237;237;238m[38;2;237;237;238m.[0m                                      
                                    [48;2;239;239;239m[38;2;239;239;239m [0m[48;2;56;54;57m[38;2;56;54;57m░[0m[48;2;67;59;66m[38;2;67;59;66m░[0m[48;2;96;87;96m[38;2;96;87;96m@[0m[48;2;16;10;16m[38;2;16;10;16m█[0m[48;2;79;76;84m[38;2;79;76;84m@[0m[48;2;45;44;58m[38;2;45;44;58m▒[0m[48;2;40;44;59m[38;2;40;44;59m▒[0m[48;2;40;44;59m[38;2;40;44;59m▒[0m[48;2;40;44;59m[38;2;40;44;59m▒[0m[48;2;40;44;59m[38;2;40;44;59m▒[0m[48;2;40;44;59m[38;2;40;44;59m▒[0m[48;2;40;44;59m[38;2;40;44;59m▒[0m[48;2;40;44;59m[38;2;40;44;59m▒[0m[48;2;40;44;59m[38;2;40;44;59m▒[0m[48;2;40;44;59m[38;2;40;44;59m▒[0m[48;2;40;44;59m[38;2;40;44;59m▒[0m[48;2;40;44;59m[38;2;40;44;59m▒[0m[48;2;40;44;59m[38;2;40;44;59m▒[0m[48;2;40;44;59m[38;2;40;44;59m▒[0m[48;2;40;44;59m[38;2;40;44;59m▒[0m[48;2;40;44;59m[38;2;40;44;59m▒[0m[48;2;40;44;59m[38;2;40;44;59m▒[0m[48;2;40;44;58m[38;2;40;44;58m▒[0m[48;2;31;31;42m[38;2;31;31;42m▓[0m[48;2;105;105;107m[38;2;105;105;107m%[0m                                      
                                    [48;2;131;130;131m[38;2;131;130;131m*[0m[48;2;52;45;52m[38;2;52;45;52m▒[0m[48;2;17;10;24m[38;2;17;10;24m█[0m[48;2;59;42;91m[38;2;59;42;91m▒[0m[48;2;56;40;84m[38;2;56;40;84m▒[0m[48;2;36;27;53m[38;2;36;27;53m▓[0m[48;2;46;44;58m[38;2;46;44;58m▒[0m[48;2;41;43;59m[38;2;41;43;59m▒[0m[48;2;40;44;59m[38;2;40;44;59m▒[0m[48;2;40;44;59m[38;2;40;44;59m▒[0m[48;2;40;44;59m[38;2;40;44;59m▒[0m[48;2;40;44;59m[38;2;40;44;59m▒[0m[48;2;40;44;59m[38;2;40;44;59m▒[0m[48;2;40;44;59m[38;2;40;44;59m▒[0m[48;2;40;44;59m[38;2;40;44;59m▒[0m[48;2;40;44;59m[38;2;40;44;59m▒[0m[48;2;40;44;59m[38;2;40;44;59m▒[0m[48;2;40;44;59m[38;2;40;44;59m▒[0m[48;2;40;44;59m[38;2;40;44;59m▒[0m[48;2;40;44;59m[38;2;40;44;59m▒[0m[48;2;40;44;59m[38;2;40;44;59m▒[0m[48;2;40;44;59m[38;2;40;44;59m▒[0m[48;2;40;44;59m[38;2;40;44;59m▒[0m[48;2;40;44;59m[38;2;40;44;59m▒[0m[48;2;42;42;57m[38;2;42;42;57m▒[0m[48;2;29;27;33m[38;2;29;27;33m▓[0m                                      
                                    [48;2;49;47;50m[38;2;49;47;50m▒[0m[48;2;38;32;37m[38;2;38;32;37m▓[0m[48;2;39;31;53m[38;2;39;31;53m▓[0m[48;2;75;57;112m[38;2;75;57;112m░[0m[48;2;55;38;81m[38;2;55;38;81m▒[0m[48;2;20;12;27m[38;2;20;12;27m█[0m[48;2;66;63;74m[38;2;66;63;74m░[0m[48;2;47;47;62m[38;2;47;47;62m▒[0m[48;2;42;44;59m[38;2;42;44;59m▒[0m[48;2;40;44;59m[38;2;40;44;59m▒[0m[48;2;40;44;59m[38;2;40;44;59m▒[0m[48;2;40;44;59m[38;2;40;44;59m▒[0m[48;2;40;44;59m[38;2;40;44;59m▒[0m[48;2;40;44;59m[38;2;40;44;59m▒[0m[48;2;40;44;59m[38;2;40;44;59m▒[0m[48;2;40;44;59m[38;2;40;44;59m▒[0m[48;2;40;44;59m[38;2;40;44;59m▒[0m[48;2;40;44;59m[38;2;40;44;59m▒[0m[48;2;40;44;59m[38;2;40;44;59m▒[0m[48;2;40;44;59m[38;2;40;44;59m▒[0m[48;2;40;44;59m[38;2;40;44;59m▒[0m[48;2;40;44;59m[38;2;40;44;59m▒[0m[48;2;40;44;59m[38;2;40;44;59m▒[0m[48;2;40;44;59m[38;2;40;44;59m▒[0m[48;2;36;36;51m[38;2;36;36;51m▒[0m[48;2;71;70;76m[38;2;71;70;76m░[0m                                      
                                    [48;2;38;35;38m[38;2;38;35;38m▓[0m[48;2;25;19;24m[38;2;25;19;24m▓[0m[48;2;22;15;25m[38;2;22;15;25m█[0m[48;2;68;56;70m[38;2;68;56;70m░[0m[48;2;72;60;73m[38;2;72;60;73m░[0m[48;2;80;68;80m[38;2;80;68;80m░[0m[48;2;31;22;34m[38;2;31;22;34m▓[0m[48;2;73;67;82m[38;2;73;67;82m░[0m[48;2;52;49;66m[38;2;52;49;66m▒[0m[48;2;42;43;59m[38;2;42;43;59m▒[0m[48;2;40;44;59m[38;2;40;44;59m▒[0m[48;2;40;44;59m[38;2;40;44;59m▒[0m[48;2;40;44;59m[38;2;40;44;59m▒[0m[48;2;40;44;59m[38;2;40;44;59m▒[0m[48;2;40;44;59m[38;2;40;44;59m▒[0m[48;2;40;44;59m[38;2;40;44;59m▒[0m[48;2;40;44;59m[38;2;40;44;59m▒[0m[48;2;40;44;59m[38;2;40;44;59m▒[0m[48;2;40;44;59m[38;2;40;44;59m▒[0m[48;2;40;44;59m[38;2;40;44;59m▒[0m[48;2;40;44;59m[38;2;40;44;59m▒[0m[48;2;40;43;59m[38;2;40;43;59m▒[0m[48;2;43;42;58m[38;2;43;42;58m▒[0m[48;2;34;31;46m[38;2;34;31;46m▓[0m[48;2;18;14;27m[38;2;18;14;27m█[0m[48;2;118;115;121m[38;2;118;115;121m#[0m                                      
                                    [48;2;154;152;153m[38;2;154;152;153m+[0m[48;2;98;93;97m[38;2;98;93;97m%[0m[48;2;52;44;51m[38;2;52;44;51m▒[0m[48;2;148;135;147m[38;2;148;135;147m*[0m[48;2;94;82;93m[38;2;94;82;93m@[0m[48;2;66;54;64m[38;2;66;54;64m░[0m[48;2;128;114;127m[38;2;128;114;127m#[0m[48;2;52;41;53m[38;2;52;41;53m▒[0m[48;2;54;45;60m[38;2;54;45;60m▒[0m[48;2;69;62;78m[38;2;69;62;78m░[0m[48;2;47;45;61m[38;2;47;45;61m▒[0m[48;2;41;43;59m[38;2;41;43;59m▒[0m[48;2;40;44;59m[38;2;40;44;59m▒[0m[48;2;40;44;59m[38;2;40;44;59m▒[0m[48;2;40;44;59m[38;2;40;44;59m▒[0m[48;2;40;44;59m[38;2;40;44;59m▒[0m[48;2;40;44;59m[38;2;40;44;59m▒[0m[48;2;40;44;59m[38;2;40;44;59m▒[0m[48;2;40;44;59m[38;2;40;44;59m▒[0m[48;2;41;43;59m[38;2;41;43;59m▒[0m[48;2;41;43;58m[38;2;41;43;58m▒[0m[48;2;32;33;47m[38;2;32;33;47m▓[0m[48;2;28;24;36m[38;2;28;24;36m▓[0m[48;2;12;6;18m[38;2;12;6;18m█[0m[48;2;95;86;97m[38;2;95;86;97m@[0m[48;2;71;67;73m[38;2;71;67;73m░[0m                                      
                                    [48;2;192;191;191m[38;2;192;191;191m-[0m[48;2;105;100;104m[38;2;105;100;104m%[0m[48;2;172;161;164m[38;2;172;161;164m=[0m[48;2;71;58;66m[38;2;71;58;66m░[0m[48;2;153;137;149m[38;2;153;137;149m*[0m[48;2;57;45;54m[38;2;57;45;54m▒[0m[48;2;120;105;116m[38;2;120;105;116m#[0m[48;2;157;141;154m[38;2;157;141;154m+[0m[48;2;126;111;124m[38;2;126;111;124m#[0m[48;2;81;67;80m[38;2;81;67;80m░[0m[48;2;59;47;60m[38;2;59;47;60m▒[0m[48;2;38;31;43m[38;2;38;31;43m▓[0m[48;2;32;30;42m[38;2;32;30;42m▓[0m[48;2;33;33;47m[38;2;33;33;47m▓[0m[48;2;35;37;52m[38;2;35;37;52m▒[0m[48;2;35;37;51m[38;2;35;37;51m▒[0m[48;2;34;36;50m[38;2;34;36;50m▒[0m[48;2;32;32;46m[38;2;32;32;46m▓[0m[48;2;25;25;36m[38;2;25;25;36m▓[0m[48;2;29;26;37m[38;2;29;26;37m▓[0m[48;2;58;52;62m[38;2;58;52;62m░[0m[48;2;88;80;88m[38;2;88;80;88m@[0m[48;2;56;46;53m[38;2;56;46;53m▒[0m[48;2;105;94;102m[38;2;105;94;102m%[0m[48;2;155;140;150m[38;2;155;140;150m*[0m[48;2;75;65;73m[38;2;75;65;73m░[0m[48;2;160;159;161m[38;2;160;159;161m+[0m                                     
                                    [48;2;212;212;212m[38;2;212;212;212m:[0m[48;2;43;39;41m[38;2;43;39;41m▒[0m[48;2;139;131;133m[38;2;139;131;133m*[0m[48;2;114;107;109m[38;2;114;107;109m%[0m[48;2;76;64;71m[38;2;76;64;71m░[0m[48;2;149;135;145m[38;2;149;135;145m*[0m[48;2;60;49;57m[38;2;60;49;57m▒[0m[48;2;109;95;107m[38;2;109;95;107m%[0m[48;2;157;141;154m[38;2;157;141;154m+[0m[48;2;158;142;155m[38;2;158;142;155m+[0m[48;2;159;141;155m[38;2;159;141;155m+[0m[48;2;149;131;145m[38;2;149;131;145m*[0m[48;2;124;107;121m[38;2;124;107;121m#[0m[48;2;59;49;61m[38;2;59;49;61m▒[0m[48;2;20;15;24m[38;2;20;15;24m█[0m[48;2;22;18;26m[38;2;22;18;26m▓[0m[48;2;36;33;40m[38;2;36;33;40m▓[0m[48;2;51;45;55m[38;2;51;45;55m▒[0m[48;2;72;65;74m[38;2;72;65;74m░[0m[48;2;94;86;94m[38;2;94;86;94m@[0m[48;2;61;52;62m[38;2;61;52;62m░[0m[48;2;30;22;32m[38;2;30;22;32m▓[0m[48;2;43;36;45m[38;2;43;36;45m▒[0m[48;2;76;65;74m[38;2;76;65;74m░[0m[48;2;145;129;141m[38;2;145;129;141m*[0m[48;2;156;138;151m[38;2;156;138;151m*[0m[48;2;64;55;62m[38;2;64;55;62m░[0m[48;2;79;73;78m[38;2;79;73;78m@[0m[48;2;139;135;139m[38;2;139;135;139m*[0m[48;2;210;209;210m[38;2;210;209;210m:[0m                                  
                                    [48;2;119;119;119m[38;2;119;119;119m#[0m[48;2;109;107;108m[38;2;109;107;108m%[0m[48;2;96;92;94m[38;2;96;92;94m%[0m[48;2;17;12;14m[38;2;17;12;14m█[0m[48;2;25;20;22m[38;2;25;20;22m▓[0m[48;2;44;38;43m[38;2;44;38;43m▒[0m[48;2;80;69;80m[38;2;80;69;80m@[0m[48;2;67;56;66m[38;2;67;56;66m░[0m[48;2;71;61;69m[38;2;71;61;69m░[0m[48;2;144;130;141m[38;2;144;130;141m*[0m[48;2;160;141;155m[38;2;160;141;155m+[0m[48;2;161;140;155m[38;2;161;140;155m+[0m[48;2;161;140;155m[38;2;161;140;155m+[0m[48;2;161;140;155m[38;2;161;140;155m+[0m[48;2;160;140;155m[38;2;160;140;155m+[0m[48;2;155;134;149m[38;2;155;134;149m*[0m[48;2;147;126;141m[38;2;147;126;141m*[0m[48;2;144;126;139m[38;2;144;126;139m*[0m[48;2;122;109;119m[38;2;122;109;119m#[0m[48;2;13;7;13m[38;2;13;7;13m█[0m[48;2;4;2;7m[38;2;4;2;7m█[0m[48;2;16;15;20m[38;2;16;15;20m█[0m[48;2;33;31;38m[38;2;33;31;38m▓[0m[48;2;21;16;25m[38;2;21;16;25m▓[0m[48;2;121;109;121m[38;2;121;109;121m#[0m[48;2;160;140;155m[38;2;160;140;155m+[0m[48;2;156;136;150m[38;2;156;136;150m*[0m[48;2;88;75;84m[38;2;88;75;84m@[0m[48;2;51;44;50m[38;2;51;44;50m▒[0m[48;2;84;75;83m[38;2;84;75;83m@[0m[48;2;80;73;79m[38;2;80;73;79m@[0m[48;2;148;145;147m[38;2;148;145;147m*[0m                                
                                    [48;2;172;172;172m[38;2;172;172;172m=[0m[48;2;46;44;45m[38;2;46;44;45m▒[0m[48;2;102;98;100m[38;2;102;98;100m%[0m[48;2;94;89;91m[38;2;94;89;91m@[0m[48;2;79;77;77m[38;2;79;77;77m@[0m[48;2;193;191;192m[38;2;193;191;192m-[0m[48;2;11;9;12m[38;2;11;9;12m█[0m[48;2;71;65;72m[38;2;71;65;72m░[0m[48;2;61;53;62m[38;2;61;53;62m░[0m[48;2;40;32;40m[38;2;40;32;40m▓[0m[48;2;78;66;75m[38;2;78;66;75m░[0m[48;2;159;139;153m[38;2;159;139;153m+[0m[48;2;161;140;155m[38;2;161;140;155m+[0m[48;2;161;140;155m[38;2;161;140;155m+[0m[48;2;161;140;155m[38;2;161;140;155m+[0m[48;2;161;140;155m[38;2;161;140;155m+[0m[48;2;161;140;155m[38;2;161;140;155m+[0m[48;2;162;142;156m[38;2;162;142;156m+[0m[48;2;88;73;84m[38;2;88;73;84m@[0m[48;2;21;15;23m[38;2;21;15;23m█[0m[48;2;13;10;17m[38;2;13;10;17m█[0m[48;2;3;2;7m[38;2;3;2;7m█[0m[48;2;4;2;7m[38;2;4;2;7m█[0m[48;2;14;12;18m[38;2;14;12;18m█[0m[48;2;37;29;37m[38;2;37;29;37m▓[0m[48;2;158;139;153m[38;2;158;139;153m*[0m[48;2;161;140;155m[38;2;161;140;155m+[0m[48;2;161;140;155m[38;2;161;140;155m+[0m[48;2;135;118;130m[38;2;135;118;130m#[0m[48;2;123;108;119m[38;2;123;108;119m#[0m[48;2;158;143;153m[38;2;158;143;153m+[0m[48;2;119;107;116m[38;2;119;107;116m#[0m[48;2;68;62;67m[38;2;68;62;67m░[0m[48;2;217;216;217m[38;2;217;216;217m:[0m                              
                                    [48;2;169;168;168m[38;2;169;168;168m=[0m[48;2;103;101;103m[38;2;103;101;103m%[0m[48;2;201;199;201m[38;2;201;199;201m-[0m[48;2;186;183;185m[38;2;186;183;185m-[0m[48;2;52;49;51m[38;2;52;49;51m▒[0m[48;2;242;240;241m[38;2;242;240;241m [0m[48;2;53;52;53m[38;2;53;52;53m▒[0m[48;2;129;122;129m[38;2;129;122;129m#[0m[48;2;156;138;150m[38;2;156;138;150m*[0m[48;2;158;139;152m[38;2;158;139;152m*[0m[48;2;159;138;153m[38;2;159;138;153m*[0m[48;2;161;140;155m[38;2;161;140;155m+[0m[48;2;161;140;155m[38;2;161;140;155m+[0m[48;2;161;140;155m[38;2;161;140;155m+[0m[48;2;161;140;155m[38;2;161;140;155m+[0m[48;2;161;140;155m[38;2;161;140;155m+[0m[48;2;161;140;155m[38;2;161;140;155m+[0m[48;2;162;141;156m[38;2;162;141;156m+[0m[48;2;155;135;149m[38;2;155;135;149m*[0m[48;2;132;116;127m[38;2;132;116;127m#[0m[48;2;124;109;120m[38;2;124;109;120m#[0m[48;2;28;18;27m[38;2;28;18;27m▓[0m[48;2;19;12;19m[38;2;19;12;19m█[0m[48;2;40;33;41m[38;2;40;33;41m▓[0m[48;2;54;44;52m[38;2;54;44;52m▒[0m[48;2;109;94;105m[38;2;109;94;105m%[0m[48;2;157;138;151m[38;2;157;138;151m*[0m[48;2;161;140;155m[38;2;161;140;155m+[0m[48;2;161;140;155m[38;2;161;140;155m+[0m[48;2;161;140;155m[38;2;161;140;155m+[0m[48;2;161;140;155m[38;2;161;140;155m+[0m[48;2;161;141;154m[38;2;161;141;154m+[0m[48;2;139;124;135m[38;2;139;124;135m*[0m[48;2;62;57;62m[38;2;62;57;62m░[0m                              
                                    [48;2;218;218;218m[38;2;218;218;218m:[0m[48;2;64;61;64m[38;2;64;61;64m░[0m[48;2;200;198;202m[38;2;200;198;202m-[0m[48;2;178;176;180m[38;2;178;176;180m=[0m[48;2;70;67;71m[38;2;70;67;71m░[0m[48;2;242;240;243m[38;2;242;240;243m [0m[48;2;95;92;95m[38;2;95;92;95m%[0m[48;2;34;27;31m[38;2;34;27;31m▓[0m[48;2;147;129;139m[38;2;147;129;139m*[0m[48;2;160;140;154m[38;2;160;140;154m+[0m[48;2;161;140;155m[38;2;161;140;155m+[0m[48;2;161;140;155m[38;2;161;140;155m+[0m[48;2;161;140;155m[38;2;161;140;155m+[0m[48;2;161;140;155m[38;2;161;140;155m+[0m[48;2;161;140;155m[38;2;161;140;155m+[0m[48;2;161;140;155m[38;2;161;140;155m+[0m[48;2;161;140;155m[38;2;161;140;155m+[0m[48;2;161;140;155m[38;2;161;140;155m+[0m[48;2;161;140;155m[38;2;161;140;155m+[0m[48;2;161;140;155m[38;2;161;140;155m+[0m[48;2;161;140;155m[38;2;161;140;155m+[0m[48;2;155;135;150m[38;2;155;135;150m*[0m[48;2;154;135;148m[38;2;154;135;148m*[0m[48;2;97;83;93m[38;2;97;83;93m@[0m[48;2;63;51;60m[38;2;63;51;60m░[0m[48;2;11;1;8m[38;2;11;1;8m█[0m[48;2;21;12;18m[38;2;21;12;18m█[0m[48;2;71;56;68m[38;2;71;56;68m░[0m[48;2;154;135;149m[38;2;154;135;149m*[0m[48;2;161;140;155m[38;2;161;140;155m+[0m[48;2;161;140;155m[38;2;161;140;155m+[0m[48;2;161;140;155m[38;2;161;140;155m+[0m[48;2;161;140;155m[38;2;161;140;155m+[0m[48;2;74;64;72m[38;2;74;64;72m░[0m[48;2;181;178;180m[38;2;181;178;180m=[0m                             
                                     [48;2;63;61;63m[38;2;63;61;63m░[0m[48;2;176;173;177m[38;2;176;173;177m=[0m[48;2;76;74;77m[38;2;76;74;77m@[0m[48;2;181;177;180m[38;2;181;177;180m=[0m [48;2;112;110;113m[38;2;112;110;113m#[0m[48;2;9;5;9m[38;2;9;5;9m█[0m[48;2;31;25;30m[38;2;31;25;30m▓[0m[48;2;133;118;131m[38;2;133;118;131m#[0m[48;2;161;141;155m[38;2;161;141;155m+[0m[48;2;161;140;155m[38;2;161;140;155m+[0m[48;2;161;140;155m[38;2;161;140;155m+[0m[48;2;161;140;155m[38;2;161;140;155m+[0m[48;2;161;140;155m[38;2;161;140;155m+[0m[48;2;161;140;155m[38;2;161;140;155m+[0m[48;2;161;140;155m[38;2;161;140;155m+[0m[48;2;161;140;155m[38;2;161;140;155m+[0m[48;2;161;140;155m[38;2;161;140;155m+[0m[48;2;161;140;155m[38;2;161;140;155m+[0m[48;2;161;140;155m[38;2;161;140;155m+[0m[48;2;161;140;155m[38;2;161;140;155m+[0m[48;2;161;140;155m[38;2;161;140;155m+[0m[48;2;161;140;155m[38;2;161;140;155m+[0m[48;2;159;139;153m[38;2;159;139;153m+[0m[48;2;139;121;134m[38;2;139;121;134m#[0m[48;2;97;82;93m[38;2;97;82;93m@[0m[48;2;70;57;67m[38;2;70;57;67m░[0m[48;2;86;72;83m[38;2;86;72;83m@[0m[48;2;138;121;134m[38;2;138;121;134m#[0m[48;2;159;140;153m[38;2;159;140;153m+[0m[48;2;161;140;155m[38;2;161;140;155m+[0m[48;2;161;140;155m[38;2;161;140;155m+[0m[48;2;80;67;76m[38;2;80;67;76m░[0m[48;2;162;157;162m[38;2;162;157;162m+[0m                             
                                     [48;2;213;213;214m[38;2;213;213;214m:[0m[48;2;74;74;74m[38;2;74;74;74m@[0m[48;2;59;58;60m[38;2;59;58;60m░[0m[48;2;120;118;121m[38;2;120;118;121m#[0m[48;2;100;99;100m[38;2;100;99;100m%[0m[48;2;23;22;24m[38;2;23;22;24m▓[0m[48;2;26;23;31m[38;2;26;23;31m▓[0m[48;2;34;29;45m[38;2;34;29;45m▓[0m[48;2;23;16;31m[38;2;23;16;31m▓[0m[48;2;80;69;81m[38;2;80;69;81m@[0m[48;2;151;134;147m[38;2;151;134;147m*[0m[48;2;161;141;155m[38;2;161;141;155m+[0m[48;2;161;140;155m[38;2;161;140;155m+[0m[48;2;161;140;155m[38;2;161;140;155m+[0m[48;2;161;140;155m[38;2;161;140;155m+[0m[48;2;161;140;155m[38;2;161;140;155m+[0m[48;2;161;140;155m[38;2;161;140;155m+[0m[48;2;161;140;155m[38;2;161;140;155m+[0m[48;2;161;140;155m[38;2;161;140;155m+[0m[48;2;161;140;155m[38;2;161;140;155m+[0m[48;2;161;140;155m[38;2;161;140;155m+[0m[48;2;161;140;155m[38;2;161;140;155m+[0m[48;2;161;140;155m[38;2;161;140;155m+[0m[48;2;161;140;155m[38;2;161;140;155m+[0m[48;2;161;140;155m[38;2;161;140;155m+[0m[48;2;161;140;155m[38;2;161;140;155m+[0m[48;2;160;140;154m[38;2;160;140;154m+[0m[48;2;136;119;131m[38;2;136;119;131m#[0m[48;2;97;81;92m[38;2;97;81;92m@[0m[48;2;81;66;77m[38;2;81;66;77m░[0m[48;2;79;65;76m[38;2;79;65;76m░[0m[48;2;78;65;75m[38;2;78;65;75m░[0m[48;2;58;46;55m[38;2;58;46;55m▒[0m[48;2;76;69;75m[38;2;76;69;75m░[0m                             
                                         [48;2;181;181;181m[38;2;181;181;181m=[0m[48;2;16;14;20m[38;2;16;14;20m█[0m[48;2;36;31;47m[38;2;36;31;47m▓[0m[48;2;37;31;51m[38;2;37;31;51m▓[0m[48;2;35;29;50m[38;2;35;29;50m▓[0m[48;2;29;23;43m[38;2;29;23;43m▓[0m[48;2;25;20;34m[38;2;25;20;34m▓[0m[48;2;76;66;79m[38;2;76;66;79m░[0m[48;2;130;116;129m[38;2;130;116;129m#[0m[48;2;159;142;156m[38;2;159;142;156m+[0m[48;2;161;141;156m[38;2;161;141;156m+[0m[48;2;161;140;155m[38;2;161;140;155m+[0m[48;2;161;140;155m[38;2;161;140;155m+[0m[48;2;161;140;155m[38;2;161;140;155m+[0m[48;2;161;140;155m[38;2;161;140;155m+[0m[48;2;161;140;155m[38;2;161;140;155m+[0m[48;2;161;140;155m[38;2;161;140;155m+[0m[48;2;161;140;155m[38;2;161;140;155m+[0m[48;2;161;140;155m[38;2;161;140;155m+[0m[48;2;161;140;155m[38;2;161;140;155m+[0m[48;2;161;140;155m[38;2;161;140;155m+[0m[48;2;161;140;155m[38;2;161;140;155m+[0m[48;2;161;140;155m[38;2;161;140;155m+[0m[48;2;161;140;155m[38;2;161;140;155m+[0m[48;2;161;140;155m[38;2;161;140;155m+[0m[48;2;161;140;155m[38;2;161;140;155m+[0m[48;2;160;141;155m[38;2;160;141;155m+[0m[48;2;159;142;155m[38;2;159;142;155m+[0m[48;2;115;100;112m[38;2;115;100;112m%[0m[48;2;112;104;111m[38;2;112;104;111m%[0m                             
                                         [48;2;196;195;196m[38;2;196;195;196m-[0m[48;2;7;5;11m[38;2;7;5;11m█[0m[48;2;15;11;23m[38;2;15;11;23m█[0m[48;2;22;18;31m[38;2;22;18;31m▓[0m[48;2;30;25;42m[38;2;30;25;42m▓[0m[48;2;34;28;46m[38;2;34;28;46m▓[0m[48;2;32;28;43m[38;2;32;28;43m▓[0m[48;2;12;6;31m[38;2;12;6;31m█[0m[48;2;49;35;105m[38;2;49;35;105m▒[0m[48;2;48;36;80m[38;2;48;36;80m▒[0m[48;2;76;65;83m[38;2;76;65;83m░[0m[48;2;113;97;113m[38;2;113;97;113m%[0m[48;2;147;128;144m[38;2;147;128;144m*[0m[48;2;160;140;155m[38;2;160;140;155m+[0m[48;2;161;140;155m[38;2;161;140;155m+[0m[48;2;161;140;155m[38;2;161;140;155m+[0m[48;2;161;140;155m[38;2;161;140;155m+[0m[48;2;161;140;155m[38;2;161;140;155m+[0m[48;2;161;140;155m[38;2;161;140;155m+[0m[48;2;161;140;155m[38;2;161;140;155m+[0m[48;2;161;140;155m[38;2;161;140;155m+[0m[48;2;161;140;155m[38;2;161;140;155m+[0m[48;2;161;140;155m[38;2;161;140;155m+[0m[48;2;161;140;155m[38;2;161;140;155m+[0m[48;2;161;140;155m[38;2;161;140;155m+[0m[48;2;160;140;154m[38;2;160;140;154m+[0m[48;2;134;117;130m[38;2;134;117;130m#[0m[48;2;84;72;81m[38;2;84;72;81m@[0m[48;2;102;94;101m[38;2;102;94;101m%[0m[48;2;242;238;242m[38;2;242;238;242m [0m                             
                                         [48;2;230;230;230m[38;2;230;230;230m.[0m[48;2;15;12;18m[38;2;15;12;18m█[0m[48;2;34;29;44m[38;2;34;29;44m▓[0m[48;2;31;25;43m[38;2;31;25;43m▓[0m[48;2;25;20;38m[38;2;25;20;38m▓[0m[48;2;21;16;33m[38;2;21;16;33m▓[0m[48;2;20;16;31m[38;2;20;16;31m▓[0m[48;2;9;6;19m[38;2;9;6;19m█[0m[48;2;64;47;139m[38;2;64;47;139m░[0m[48;2;79;63;158m[38;2;79;63;158m@[0m[48;2;76;60;150m[38;2;76;60;150m@[0m[48;2;65;52;122m[38;2;65;52;122m░[0m[48;2;12;4;40m[38;2;12;4;40m█[0m[48;2;26;20;30m[38;2;26;20;30m▓[0m[48;2;57;47;80m[38;2;57;47;80m▒[0m[48;2;74;64;80m[38;2;74;64;80m░[0m[48;2;87;75;92m[38;2;87;75;92m@[0m[48;2;104;90;103m[38;2;104;90;103m%[0m[48;2;113;99;111m[38;2;113;99;111m%[0m[48;2;118;103;115m[38;2;118;103;115m%[0m[48;2;121;104;117m[38;2;121;104;117m#[0m[48;2;118;103;116m[38;2;118;103;116m%[0m[48;2;107;92;106m[38;2;107;92;106m%[0m[48;2;88;76;88m[38;2;88;76;88m@[0m[48;2;60;49;60m[38;2;60;49;60m▒[0m[48;2;91;83;92m[38;2;91;83;92m@[0m[48;2;128;121;127m[38;2;128;121;127m#[0m[48;2;205;201;204m[38;2;205;201;204m:[0m                               
                                          [48;2;59;57;61m[38;2;59;57;61m░[0m[48;2;32;28;42m[38;2;32;28;42m▓[0m[48;2;37;31;51m[38;2;37;31;51m▓[0m[48;2;37;31;52m[38;2;37;31;52m▓[0m[48;2;37;31;52m[38;2;37;31;52m▓[0m[48;2;37;31;52m[38;2;37;31;52m▓[0m[48;2;28;23;43m[38;2;28;23;43m▓[0m[48;2;25;16;61m[38;2;25;16;61m▓[0m[48;2;84;71;144m[38;2;84;71;144m@[0m[48;2;85;71;155m[38;2;85;71;155m@[0m[48;2;82;67;159m[38;2;82;67;159m@[0m[48;2;39;22;117m[38;2;39;22;117m▒[0m[48;2;35;31;43m[38;2;35;31;43m▓[0m[48;2;32;22;73m[38;2;32;22;73m▓[0m[48;2;80;62;158m[38;2;80;62;158m@[0m[48;2;62;41;153m[38;2;62;41;153m░[0m[48;2;70;54;139m[38;2;70;54;139m░[0m[48;2;58;44;113m[38;2;58;44;113m░[0m[48;2;22;15;47m[38;2;22;15;47m▓[0m[48;2;15;10;16m[38;2;15;10;16m█[0m[48;2;48;40;51m[38;2;48;40;51m▒[0m[48;2;33;25;40m[38;2;33;25;40m▓[0m[48;2;36;28;45m[38;2;36;28;45m▓[0m[48;2;29;24;42m[38;2;29;24;42m▓[0m[48;2;31;27;40m[38;2;31;27;40m▓[0m[48;2;100;97;104m[38;2;100;97;104m%[0m[48;2;196;196;198m[38;2;196;196;198m-[0m                               
                                          [48;2;155;154;156m[38;2;155;154;156m+[0m[48;2;21;18;28m[38;2;21;18;28m▓[0m[48;2;37;31;52m[38;2;37;31;52m▓[0m[48;2;37;31;52m[38;2;37;31;52m▓[0m[48;2;37;31;52m[38;2;37;31;52m▓[0m[48;2;37;31;52m[38;2;37;31;52m▓[0m[48;2;37;31;52m[38;2;37;31;52m▓[0m[48;2;26;21;38m[38;2;26;21;38m▓[0m[48;2;25;21;36m[38;2;25;21;36m▓[0m[48;2;41;35;60m[38;2;41;35;60m▒[0m[48;2;43;33;85m[38;2;43;33;85m▒[0m[48;2;58;47;105m[38;2;58;47;105m░[0m[48;2;23;15;43m[38;2;23;15;43m▓[0m[48;2;144;138;145m[38;2;144;138;145m*[0m[48;2;25;18;41m[38;2;25;18;41m▓[0m[48;2;53;46;75m[38;2;53;46;75m▒[0m[48;2;75;68;94m[38;2;75;68;94m░[0m[48;2;127;123;134m[38;2;127;123;134m#[0m[48;2;194;191;199m[38;2;194;191;199m-[0m[48;2;103;100;106m[38;2;103;100;106m%[0m[48;2;39;33;41m[38;2;39;33;41m▓[0m[48;2;69;61;75m[38;2;69;61;75m░[0m[48;2;49;41;58m[38;2;49;41;58m▒[0m[48;2;39;32;51m[38;2;39;32;51m▓[0m[48;2;37;31;52m[38;2;37;31;52m▓[0m[48;2;34;29;48m[38;2;34;29;48m▓[0m[48;2;24;19;35m[38;2;24;19;35m▓[0m[48;2;63;59;69m[38;2;63;59;69m░[0m[48;2;190;189;193m[38;2;190;189;193m-[0m                             
                                          [48;2;241;240;242m[38;2;241;240;242m [0m[48;2;48;45;53m[38;2;48;45;53m▒[0m[48;2;33;28;45m[38;2;33;28;45m▓[0m[48;2;37;31;52m[38;2;37;31;52m▓[0m[48;2;37;31;52m[38;2;37;31;52m▓[0m[48;2;37;31;52m[38;2;37;31;52m▓[0m[48;2;37;31;52m[38;2;37;31;52m▓[0m[48;2;37;31;51m[38;2;37;31;51m▓[0m[48;2;37;32;50m[38;2;37;32;50m▓[0m[48;2;72;67;83m[38;2;72;67;83m░[0m[48;2;14;10;18m[38;2;14;10;18m█[0m[48;2;80;77;82m[38;2;80;77;82m@[0m[48;2;167;164;169m[38;2;167;164;169m=[0m[48;2;224;221;227m[38;2;224;221;227m.[0m[48;2;48;45;50m[38;2;48;45;50m▒[0m[48;2;98;95;100m[38;2;98;95;100m%[0m[48;2;119;116;121m[38;2;119;116;121m#[0m[48;2;211;208;212m[38;2;211;208;212m:[0m [48;2;201;198;204m[38;2;201;198;204m-[0m[48;2;67;64;70m[38;2;67;64;70m░[0m[48;2;82;78;85m[38;2;82;78;85m@[0m[48;2;44;39;47m[38;2;44;39;47m▒[0m[48;2;64;56;71m[38;2;64;56;71m░[0m[48;2;48;41;60m[38;2;48;41;60m▒[0m[48;2;37;31;52m[38;2;37;31;52m▓[0m[48;2;37;31;52m[38;2;37;31;52m▓[0m[48;2;36;30;49m[38;2;36;30;49m▓[0m[48;2;21;17;32m[38;2;21;17;32m▓[0m[48;2;125;124;128m[38;2;125;124;128m#[0m                            