                                                                                                    
                                                                                                    
                                                                                                    
                                                                                                    
                                                                                                    
                                                                                                    
                                                                                                    
                                                                                                    
                                                                                                    
                                                                                                    
                                                                                                    
                                                [48;2;222;222;222m[38;2;222;222;222m.[0m[48;2;205;205;205m[38;2;205;205;205m:[0m[48;2;202;202;202m[38;2;202;202;202m:[0m[48;2;198;198;198m[38;2;198;198;198m-[0m[48;2;205;205;205m[38;2;205;205;205m:[0m[48;2;229;229;229m[38;2;229;229;229m.[0m                                              
                                            [48;2;166;165;167m[38;2;166;165;167m=[0m[48;2;97;96;100m[38;2;97;96;100m%[0m[48;2;52;50;57m[38;2;52;50;57m▒[0m[48;2;28;26;36m[38;2;28;26;36m▓[0m[48;2;27;25;36m[38;2;27;25;36m▓[0m[48;2;30;28;39m[38;2;30;28;39m▓[0m[48;2;32;30;41m[38;2;32;30;41m▓[0m[48;2;30;28;40m[38;2;30;28;40m▓[0m[48;2;29;27;39m[38;2;29;27;39m▓[0m[48;2;25;23;35m[38;2;25;23;35m▓[0m[48;2;35;33;44m[38;2;35;33;44m▓[0m[48;2;71;69;78m[38;2;71;69;78m░[0m[48;2;113;112;118m[38;2;113;112;118m#[0m[48;2;171;171;174m[38;2;171;171;174m=[0m                                          
                                         [48;2;233;233;233m[38;2;233;233;233m.[0m[48;2;120;119;122m[38;2;120;119;122m#[0m[48;2;32;31;39m[38;2;32;31;39m▓[0m[48;2;33;31;44m[38;2;33;31;44m▓[0m[48;2;46;43;59m[38;2;46;43;59m▒[0m[48;2;62;59;73m[38;2;62;59;73m░[0m[48;2;59;57;70m[38;2;59;57;70m░[0m[48;2;35;32;44m[38;2;35;32;44m▓[0m[48;2;43;40;53m[38;2;43;40;53m▒[0m[48;2;40;37;50m[38;2;40;37;50m▒[0m[48;2;29;27;40m[38;2;29;27;40m▓[0m[48;2;30;28;43m[38;2;30;28;43m▓[0m[48;2;34;32;47m[38;2;34;32;47m▓[0m[48;2;41;39;55m[38;2;41;39;55m▒[0m[48;2;43;42;59m[38;2;43;42;59m▒[0m[48;2;42;41;57m[38;2;42;41;57m▒[0m[48;2;32;31;44m[38;2;32;31;44m▓[0m[48;2;32;30;39m[38;2;32;30;39m▓[0m[48;2;126;125;130m[38;2;126;125;130m#[0m[48;2;238;238;239m[38;2;238;238;239m [0m                                       
                                        [48;2;153;153;155m[38;2;153;153;155m+[0m[48;2;30;28;34m[38;2;30;28;34m▓[0m[48;2;25;23;32m[38;2;25;23;32m▓[0m[48;2;30;28;39m[38;2;30;28;39m▓[0m[48;2;45;42;52m[38;2;45;42;52m▒[0m[48;2;46;42;51m[38;2;46;42;51m▒[0m[48;2;60;52;61m[38;2;60;52;61m░[0m[48;2;51;42;52m[38;2;51;42;52m▒[0m[48;2;72;61;71m[38;2;72;61;71m░[0m[48;2;91;78;89m[38;2;91;78;89m@[0m[48;2;124;112;122m[38;2;124;112;122m#[0m[48;2;140;126;136m[38;2;140;126;136m*[0m[48;2;129;114;125m[38;2;129;114;125m#[0m[48;2;109;95;105m[38;2;109;95;105m%[0m[48;2;81;69;79m[38;2;81;69;79m@[0m[48;2;43;35;46m[38;2;43;35;46m▒[0m[48;2;36;31;44m[38;2;36;31;44m▓[0m[48;2;59;56;69m[38;2;59;56;69m░[0m[48;2;53;50;63m[38;2;53;50;63m▒[0m[48;2;36;34;46m[38;2;36;34;46m▓[0m[48;2;41;39;47m[38;2;41;39;47m▒[0m[48;2;190;189;192m[38;2;190;189;192m-[0m                                      
                                       [48;2;86;85;87m[38;2;86;85;87m@[0m[48;2;25;22;27m[38;2;25;22;27m▓[0m[48;2;74;67;74m[38;2;74;67;74m░[0m[48;2;71;62;71m[38;2;71;62;71m░[0m[48;2;89;80;89m[38;2;89;80;89m@[0m[48;2;136;124;134m[38;2;136;124;134m*[0m[48;2;144;129;140m[38;2;144;129;140m*[0m[48;2;150;133;146m[38;2;150;133;146m*[0m[48;2;135;118;131m[38;2;135;118;131m#[0m[48;2;142;124;138m[38;2;142;124;138m*[0m[48;2;132;114;127m[38;2;132;114;127m#[0m[48;2;129;110;123m[38;2;129;110;123m#[0m[48;2;160;140;155m[38;2;160;140;155m+[0m[48;2;161;140;155m[38;2;161;140;155m+[0m[48;2;161;140;155m[38;2;161;140;155m+[0m[48;2;160;140;154m[38;2;160;140;154m+[0m[48;2;158;139;153m[38;2;158;139;153m*[0m[48;2;120;104;116m[38;2;120;104;116m#[0m[48;2;49;37;48m[38;2;49;37;48m▒[0m[48;2;42;35;45m[38;2;42;35;45m▒[0m[48;2;45;41;51m[38;2;45;41;51m▒[0m[48;2;23;20;29m[38;2;23;20;29m▓[0m[48;2;11;9;16m[38;2;11;9;16m█[0m[48;2;131;129;133m[38;2;131;129;133m*[0m                                     
                                      [48;2;91;88;93m[38;2;91;88;93m@[0m[48;2;93;82;91m[38;2;93;82;91m@[0m[48;2;81;70;79m[38;2;81;70;79m@[0m[48;2;71;60;69m[38;2;71;60;69m░[0m[48;2;122;108;120m[38;2;122;108;120m#[0m[48;2;152;135;148m[38;2;152;135;148m*[0m[48;2;161;140;155m[38;2;161;140;155m+[0m[48;2;161;140;155m[38;2;161;140;155m+[0m[48;2;160;139;154m[38;2;160;139;154m+[0m[48;2;159;138;153m[38;2;159;138;153m*[0m[48;2;152;131;146m[38;2;152;131;146m*[0m[48;2;153;133;147m[38;2;153;133;147m*[0m[48;2;161;140;155m[38;2;161;140;155m+[0m[48;2;161;140;155m[38;2;161;140;155m+[0m[48;2;161;140;155m[38;2;161;140;155m+[0m[48;2;161;140;155m[38;2;161;140;155m+[0m[48;2;131;111;125m[38;2;131;111;125m#[0m[48;2;69;52;63m[38;2;69;52;63m░[0m[48;2;159;139;153m[38;2;159;139;153m+[0m[48;2;157;138;152m[38;2;157;138;152m*[0m[48;2;79;68;78m[38;2;79;68;78m░[0m[48;2;43;30;60m[38;2;43;30;60m▒[0m[48;2;44;29;75m[38;2;44;29;75m▒[0m[48;2;57;44;83m[38;2;57;44;83m▒[0m[48;2;32;21;50m[38;2;32;21;50m▓[0m[48;2;109;106;108m[38;2;109;106;108m%[0m                                    
                                     [48;2;82;81;82m[38;2;82;81;82m@[0m[48;2;117;106;114m[38;2;117;106;114m#[0m[48;2;157;138;151m[38;2;157;138;151m*[0m[48;2;128;110;124m[38;2;128;110;124m#[0m[48;2;158;141;153m[38;2;158;141;153m+[0m[48;2;160;140;155m[38;2;160;140;155m+[0m[48;2;161;140;155m[38;2;161;140;155m+[0m[48;2;161;140;155m[38;2;161;140;155m+[0m[48;2;161;140;155m[38;2;161;140;155m+[0m[48;2;161;140;155m[38;2;161;140;155m+[0m[48;2;156;135;150m[38;2;156;135;150m*[0m[48;2;130;112;125m[38;2;130;112;125m#[0m[48;2;61;46;58m[38;2;61;46;58m▒[0m[48;2;157;137;152m[38;2;157;137;152m*[0m[48;2;161;140;155m[38;2;161;140;155m+[0m[48;2;135;114;129m[38;2;135;114;129m#[0m[48;2;158;137;152m[38;2;158;137;152m*[0m[48;2;161;140;155m[38;2;161;140;155m+[0m[48;2;108;91;104m[38;2;108;91;104m%[0m[48;2;69;55;67m[38;2;69;55;67m░[0m[48;2;155;136;150m[38;2;155;136;150m*[0m[48;2;160;140;155m[38;2;160;140;155m+[0m[48;2;80;65;78m[38;2;80;65;78m░[0m[48;2;75;56;108m[38;2;75;56;108m░[0m[48;2;101;74;155m[38;2;101;74;155m@[0m[48;2;59;42;88m[38;2;59;42;88m▒[0m[48;2;10;4;15m[38;2;10;4;15m█[0m[48;2;158;156;158m[38;2;158;156;158m+[0m                                   
                                    [48;2;154;153;154m[38;2;154;153;154m+[0m[48;2;82;75;81m[38;2;82;75;81m@[0m[48;2;130;116;126m[38;2;130;116;126m#[0m[48;2;135;118;130m[38;2;135;118;130m#[0m[48;2;161;141;155m[38;2;161;141;155m+[0m[48;2;74;60;72m[38;2;74;60;72m░[0m[48;2;134;118;131m[38;2;134;118;131m#[0m[48;2;87;72;84m[38;2;87;72;84m@[0m[48;2;160;141;155m[38;2;160;141;155m+[0m[48;2;161;140;155m[38;2;161;140;155m+[0m[48;2;159;139;153m[38;2;159;139;153m+[0m[48;2;41;25;37m[38;2;41;25;37m▓[0m[48;2;151;134;147m[38;2;151;134;147m*[0m[48;2;79;65;77m[38;2;79;65;77m░[0m[48;2;40;30;39m[38;2;40;30;39m▓[0m[48;2;109;94;106m[38;2;109;94;106m%[0m[48;2;108;92;104m[38;2;108;92;104m%[0m[48;2;57;44;53m[38;2;57;44;53m▒[0m[48;2;150;131;144m[38;2;150;131;144m*[0m[48;2;161;140;155m[38;2;161;140;155m+[0m[48;2;124;106;120m[38;2;124;106;120m#[0m[48;2;56;43;57m[38;2;56;43;57m▒[0m[48;2;136;119;133m[38;2;136;119;133m#[0m[48;2;157;140;153m[38;2;157;140;153m+[0m[48;2;75;62;73m[38;2;75;62;73m░[0m[48;2;33;21;37m[38;2;33;21;37m▓[0m[48;2;10;3;11m[38;2;10;3;11m█[0m[48;2;20;16;26m[38;2;20;16;26m▓[0m[48;2;38;35;42m[38;2;38;35;42m▒[0m                                   
                                    [48;2;51;48;50m[38;2;51;48;50m▒[0m[48;2;151;136;146m[38;2;151;136;146m*[0m[48;2;58;45;55m[38;2;58;45;55m▒[0m[48;2;135;122;131m[38;2;135;122;131m#[0m[48;2;97;84;95m[38;2;97;84;95m@[0m[48;2;28;18;28m[38;2;28;18;28m▓[0m[48;2;100;89;100m[38;2;100;89;100m%[0m[48;2;76;65;76m[38;2;76;65;76m░[0m[48;2;152;136;149m[38;2;152;136;149m*[0m[48;2;161;140;155m[38;2;161;140;155m+[0m[48;2;161;140;155m[38;2;161;140;155m+[0m[48;2;59;45;56m[38;2;59;45;56m▒[0m[48;2;48;38;47m[38;2;48;38;47m▒[0m[48;2;142;129;140m[38;2;142;129;140m*[0m[48;2;58;51;59m[38;2;58;51;59m▒[0m[48;2;97;91;98m[38;2;97;91;98m%[0m[48;2;86;77;85m[38;2;86;77;85m@[0m[48;2;39;30;38m[38;2;39;30;38m▓[0m[48;2;26;17;25m[38;2;26;17;25m▓[0m[48;2;93;81;91m[38;2;93;81;91m@[0m[48;2;145;130;142m[38;2;145;130;142m*[0m[48;2;148;132;145m[38;2;148;132;145m*[0m[48;2;75;61;73m[38;2;75;61;73m░[0m[48;2;82;69;81m[38;2;82;69;81m@[0m[48;2;143;128;141m[38;2;143;128;141m*[0m[48;2;106;93;105m[38;2;106;93;105m%[0m[48;2;38;29;38m[38;2;38;29;38m▓[0m[48;2;25;19;28m[38;2;25;19;28m▓[0m[48;2;14;11;17m[38;2;14;11;17m█[0m[48;2;212;211;213m[38;2;212;211;213m:[0m                                  
                                   [48;2;213;213;213m[38;2;213;213;213m:[0m[48;2;57;49;54m[38;2;57;49;54m▒[0m[48;2;158;143;153m[38;2;158;143;153m+[0m[48;2;35;24;33m[38;2;35;24;33m▓[0m[48;2;34;25;33m[38;2;34;25;33m▓[0m[48;2;134;125;133m[38;2;134;125;133m*[0m[48;2;41;32;40m[38;2;41;32;40m▓[0m[48;2;75;65;74m[38;2;75;65;74m░[0m[48;2;39;30;38m[38;2;39;30;38m▓[0m[48;2;19;10;18m[38;2;19;10;18m█[0m[48;2;119;104;116m[38;2;119;104;116m#[0m[48;2;153;134;147m[38;2;153;134;147m*[0m[48;2;109;95;105m[38;2;109;95;105m%[0m[48;2;16;9;14m[38;2;16;9;14m█[0m[48;2;26;18;25m[38;2;26;18;25m▓[0m[48;2;59;48;78m[38;2;59;48;78m▒[0m[48;2;33;16;69m[38;2;33;16;69m▓[0m[48;2;24;10;43m[38;2;24;10;43m█[0m[48;2;118;109;113m[38;2;118;109;113m#[0m[48;2;23;14;18m[38;2;23;14;18m█[0m[48;2;48;41;46m[38;2;48;41;46m▒[0m[48;2;84;74;80m[38;2;84;74;80m@[0m[48;2;73;62;69m[38;2;73;62;69m░[0m[48;2;78;66;76m[38;2;78;66;76m░[0m[48;2;63;52;62m[38;2;63;52;62m░[0m[48;2;22;13;22m[38;2;22;13;22m█[0m[48;2;37;25;35m[38;2;37;25;35m▓[0m[48;2;46;33;44m[38;2;46;33;44m▒[0m[48;2;51;42;50m[38;2;51;42;50m▒[0m[48;2;107;98;106m[38;2;107;98;106m%[0m[48;2;81;74;80m[38;2;81;74;80m@[0m[48;2;94;90;93m[38;2;94;90;93m%[0m[48;2;174;173;174m[38;2;174;173;174m=[0m                                
                                   [48;2;170;169;170m[38;2;170;169;170m=[0m[48;2;82;74;80m[38;2;82;74;80m@[0m[48;2;160;142;155m[38;2;160;142;155m+[0m[48;2;28;18;27m[38;2;28;18;27m▓[0m[48;2;32;24;31m[38;2;32;24;31m▓[0m[48;2;115;108;114m[38;2;115;108;114m#[0m[48;2;19;10;20m[38;2;19;10;20m█[0m[48;2;42;22;77m[38;2;42;22;77m▓[0m[48;2;45;21;86m[38;2;45;21;86m▓[0m[48;2;26;9;50m[38;2;26;9;50m▓[0m[48;2;81;71;77m[38;2;81;71;77m@[0m[48;2;128;118;122m[38;2;128;118;122m#[0m[48;2;163;153;156m[38;2;163;153;156m+[0m[48;2;198;188;189m[38;2;198;188;189m-[0m[48;2;53;43;52m[38;2;53;43;52m▒[0m[48;2;121;92;160m[38;2;121;92;160m%[0m[48;2;141;91;183m[38;2;141;91;183m#[0m[48;2;106;65;133m[38;2;106;65;133m@[0m[48;2;122;112;115m[38;2;122;112;115m#[0m[48;2;238;224;222m[38;2;238;224;222m.[0m[48;2;129;116;116m[38;2;129;116;116m#[0m[48;2;84;73;78m[38;2;84;73;78m@[0m[48;2;156;142;150m[38;2;156;142;150m+[0m[48;2;156;142;151m[38;2;156;142;151m+[0m[48;2;77;64;72m[38;2;77;64;72m░[0m[48;2;69;58;67m[38;2;69;58;67m░[0m[48;2;133;121;130m[38;2;133;121;130m#[0m[48;2;147;134;144m[38;2;147;134;144m*[0m[48;2;157;142;152m[38;2;157;142;152m+[0m[48;2;159;142;153m[38;2;159;142;153m+[0m[48;2;160;141;155m[38;2;160;141;155m+[0m[48;2;156;138;152m[38;2;156;138;152m*[0m[48;2;113;100;110m[38;2;113;100;110m%[0m[48;2;72;67;72m[38;2;72;67;72m░[0m[48;2;139;137;140m[38;2;139;137;140m*[0m[48;2;236;236;236m[38;2;236;236;236m.[0m                             
                                   [48;2;209;209;209m[38;2;209;209;209m:[0m[48;2;57;51;55m[38;2;57;51;55m▒[0m[48;2;160;142;154m[38;2;160;142;154m+[0m[48;2;64;53;61m[38;2;64;53;61m░[0m[48;2;95;86;90m[38;2;95;86;90m@[0m[48;2;244;234;236m[38;2;244;234;236m.[0m[48;2;52;41;53m[38;2;52;41;53m▒[0m[48;2;128;101;170m[38;2;128;101;170m#[0m[48;2;141;93;183m[38;2;141;93;183m#[0m[48;2;104;66;134m[38;2;104;66;134m@[0m[48;2;125;115;117m[38;2;125;115;117m#[0m[48;2;250;237;233m[38;2;250;237;233m [0m[48;2;252;236;230m[38;2;252;236;230m [0m[48;2;249;235;230m[38;2;249;235;230m [0m[48;2;196;182;179m[38;2;196;182;179m-[0m[48;2;76;60;70m[38;2;76;60;70m░[0m[48;2;155;118;154m[38;2;155;118;154m*[0m[48;2;99;68;99m[38;2;99;68;99m@[0m[48;2;160;148;150m[38;2;160;148;150m+[0m[48;2;240;219;212m[38;2;240;219;212m.[0m[48;2;242;209;200m[38;2;242;209;200m:[0m[48;2;167;149;148m[38;2;167;149;148m+[0m[48;2;68;57;62m[38;2;68;57;62m░[0m[48;2;143;129;138m[38;2;143;129;138m*[0m[48;2;159;144;152m[38;2;159;144;152m+[0m[48;2;119;105;113m[38;2;119;105;113m#[0m[48;2;66;54;61m[38;2;66;54;61m░[0m[48;2;92;80;89m[38;2;92;80;89m@[0m[48;2;142;128;138m[38;2;142;128;138m*[0m[48;2;157;139;151m[38;2;157;139;151m*[0m[48;2;160;139;154m[38;2;160;139;154m+[0m[48;2;161;140;155m[38;2;161;140;155m+[0m[48;2;161;140;155m[38;2;161;140;155m+[0m[48;2;158;141;154m[38;2;158;141;154m+[0m[48;2;124;112;123m[38;2;124;112;123m#[0m[48;2;58;51;56m[38;2;58;51;56m▒[0m[48;2;218;216;218m[38;2;218;216;218m:[0m                            
                                    [48;2;66;64;65m[38;2;66;64;65m░[0m[48;2;138;127;134m[38;2;138;127;134m*[0m[48;2;139;126;135m[38;2;139;126;135m*[0m[48;2;46;37;43m[38;2;46;37;43m▒[0m[48;2;224;213;213m[38;2;224;213;213m:[0m[48;2;174;162;164m[38;2;174;162;164m=[0m[48;2;86;69;84m[38;2;86;69;84m@[0m[48;2;191;145;190m[38;2;191;145;190m+[0m[48;2;108;73;108m[38;2;108;73;108m@[0m[48;2;161;150;152m[38;2;161;150;152m+[0m[48;2;249;237;232m[38;2;249;237;232m [0m[48;2;221;206;201m[38;2;221;206;201m:[0m[48;2;191;176;174m[38;2;191;176;174m=[0m[48;2;250;236;232m[38;2;250;236;232m [0m[48;2;238;223;219m[38;2;238;223;219m.[0m[48;2;192;177;173m[38;2;192;177;173m=[0m[48;2;214;200;196m[38;2;214;200;196m:[0m[48;2;251;235;228m[38;2;251;235;228m [0m[48;2;240;218;209m[38;2;240;218;209m.[0m[48;2;248;225;219m[38;2;248;225;219m.[0m[48;2;251;233;229m[38;2;251;233;229m [0m[48;2;202;190;191m[38;2;202;190;191m-[0m[48;2;34;25;31m[38;2;34;25;31m▓[0m[48;2;80;71;78m[38;2;80;71;78m@[0m[48;2;121;108;117m[38;2;121;108;117m#[0m[48;2;82;70;80m[38;2;82;70;80m@[0m[48;2;120;108;117m[38;2;120;108;117m#[0m[48;2;85;75;83m[38;2;85;75;83m@[0m[48;2;75;63;72m[38;2;75;63;72m░[0m[48;2;73;60;69m[38;2;73;60;69m░[0m[48;2;60;48;57m[38;2;60;48;57m▒[0m[48;2;54;42;51m[38;2;54;42;51m▒[0m[48;2;73;59;69m[38;2;73;59;69m░[0m[48;2;155;138;149m[38;2;155;138;149m*[0m[48;2;134;121;130m[38;2;134;121;130m#[0m[48;2;78;73;77m[38;2;78;73;77m@[0m                            
                                    [48;2;152;152;152m[38;2;152;152;152m+[0m[48;2;33;28;31m[38;2;33;28;31m▓[0m[48;2;122;109;118m[38;2;122;109;118m#[0m[48;2;133;119;129m[38;2;133;119;129m#[0m[48;2;69;56;62m[38;2;69;56;62m░[0m[48;2;168;153;156m[38;2;168;153;156m+[0m[48;2;198;187;187m[38;2;198;187;187m-[0m[48;2;147;135;133m[38;2;147;135;133m*[0m[48;2;192;179;176m[38;2;192;179;176m=[0m[48;2;249;236;231m[38;2;249;236;231m [0m[48;2;251;236;230m[38;2;251;236;230m [0m[48;2;214;199;194m[38;2;214;199;194m:[0m[48;2;206;191;187m[38;2;206;191;187m-[0m[48;2;250;235;229m[38;2;250;235;229m [0m[48;2;251;235;227m[38;2;251;235;227m [0m[48;2;250;235;226m[38;2;250;235;226m [0m[48;2;250;235;226m[38;2;250;235;226m [0m[48;2;250;235;227m[38;2;250;235;227m [0m[48;2;250;235;227m[38;2;250;235;227m [0m[48;2;250;234;228m[38;2;250;234;228m [0m[48;2;228;213;209m[38;2;228;213;209m:[0m[48;2;73;64;64m[38;2;73;64;64m░[0m[48;2;124;113;118m[38;2;124;113;118m#[0m[48;2;137;124;132m[38;2;137;124;132m*[0m[48;2;78;66;73m[38;2;78;66;73m░[0m[48;2;25;16;23m[38;2;25;16;23m▓[0m[48;2;8;1;7m[38;2;8;1;7m█[0m[48;2;16;10;15m[38;2;16;10;15m█[0m[48;2;17;11;14m[38;2;17;11;14m█[0m[48;2;17;10;15m[38;2;17;10;15m█[0m[48;2;37;31;37m[38;2;37;31;37m▓[0m[48;2;99;89;97m[38;2;99;89;97m%[0m[48;2;158;141;152m[38;2;158;141;152m+[0m[48;2;160;141;154m[38;2;160;141;154m+[0m[48;2;160;141;154m[38;2;160;141;154m+[0m[48;2;49;41;48m[38;2;49;41;48m▒[0m[48;2;224;223;224m[38;2;224;223;224m.[0m                           
                                    [48;2;135;135;135m[38;2;135;135;135m*[0m[48;2;26;24;26m[38;2;26;24;26m▓[0m[48;2;41;34;39m[38;2;41;34;39m▒[0m[48;2;113;104;110m[38;2;113;104;110m%[0m[48;2;105;97;101m[38;2;105;97;101m%[0m[48;2;94;86;89m[38;2;94;86;89m@[0m[48;2;191;178;176m[38;2;191;178;176m=[0m[48;2;251;235;228m[38;2;251;235;228m [0m[48;2;250;235;226m[38;2;250;235;226m [0m[48;2;250;235;226m[38;2;250;235;226m [0m[48;2;251;235;228m[38;2;251;235;228m [0m[48;2;252;236;230m[38;2;252;236;230m [0m[48;2;252;236;229m[38;2;252;236;229m [0m[48;2;250;235;227m[38;2;250;235;227m [0m[48;2;242;228;223m[38;2;242;228;223m.[0m[48;2;214;201;197m[38;2;214;201;197m:[0m[48;2;183;171;169m[38;2;183;171;169m=[0m[48;2;150;138;137m[38;2;150;138;137m*[0m[48;2;104;94;94m[38;2;104;94;94m%[0m[48;2;64;57;57m[38;2;64;57;57m░[0m[48;2;14;8;11m[38;2;14;8;11m█[0m[48;2;30;25;27m[38;2;30;25;27m▓[0m[48;2;91;84;88m[38;2;91;84;88m@[0m[48;2;38;30;36m[38;2;38;30;36m▓[0m[48;2;13;7;14m[38;2;13;7;14m█[0m[48;2;19;12;21m[38;2;19;12;21m█[0m[48;2;61;56;62m[38;2;61;56;62m░[0m[48;2;209;203;207m[38;2;209;203;207m:[0m[48;2;100;95;99m[38;2;100;95;99m%[0m[48;2;155;147;152m[38;2;155;147;152m+[0m[48;2;146;137;142m[38;2;146;137;142m*[0m[48;2;46;37;43m[38;2;46;37;43m▒[0m[48;2;156;139;151m[38;2;156;139;151m*[0m[48;2;161;140;155m[38;2;161;140;155m+[0m[48;2;160;141;155m[38;2;160;141;155m+[0m[48;2;60;53;59m[38;2;60;53;59m░[0m[48;2;206;205;206m[38;2;206;205;206m:[0m                           
                                    [48;2;236;236;237m[38;2;236;236;237m.[0m[48;2;221;218;222m[38;2;221;218;222m:[0m[48;2;99;95;98m[38;2;99;95;98m%[0m[48;2;75;71;73m[38;2;75;71;73m░[0m[48;2;132;126;127m[38;2;132;126;127m#[0m[48;2;144;138;138m[38;2;144;138;138m*[0m[48;2;142;134;134m[38;2;142;134;134m*[0m[48;2;138;130;129m[38;2;138;130;129m*[0m[48;2;130;121;121m[38;2;130;121;121m#[0m[48;2;123;115;115m[38;2;123;115;115m#[0m[48;2;111;103;103m[38;2;111;103;103m%[0m[48;2;104;97;97m[38;2;104;97;97m%[0m[48;2;88;81;81m[38;2;88;81;81m@[0m[48;2;100;93;95m[38;2;100;93;95m%[0m[48;2;90;85;85m[38;2;90;85;85m@[0m[48;2;13;9;10m[38;2;13;9;10m█[0m[48;2;33;29;33m[38;2;33;29;33m▓[0m[48;2;35;32;37m[38;2;35;32;37m▓[0m[48;2;10;7;14m[38;2;10;7;14m█[0m[48;2;41;36;42m[38;2;41;36;42m▒[0m[48;2;16;13;21m[38;2;16;13;21m█[0m[48;2;7;4;9m[38;2;7;4;9m█[0m[48;2;38;33;38m[38;2;38;33;38m▓[0m[48;2;26;21;30m[38;2;26;21;30m▓[0m[48;2;36;31;45m[38;2;36;31;45m▓[0m[48;2;19;13;24m[38;2;19;13;24m█[0m[48;2;181;175;181m[38;2;181;175;181m=[0m [48;2;114;111;115m[38;2;114;111;115m#[0m[48;2;71;67;71m[38;2;71;67;71m░[0m[48;2;86;81;87m[38;2;86;81;87m@[0m[48;2;78;71;78m[38;2;78;71;78m@[0m[48;2;135;123;133m[38;2;135;123;133m#[0m[48;2;160;141;155m[38;2;160;141;155m+[0m[48;2;144;127;140m[38;2;144;127;140m*[0m[48;2;59;52;58m[38;2;59;52;58m▒[0m                            
                                 [48;2;155;155;155m[38;2;155;155;155m+[0m[48;2;91;88;91m[38;2;91;88;91m@[0m[48;2;37;36;38m[38;2;37;36;38m▓[0m[48;2;27;25;30m[38;2;27;25;30m▓[0m[48;2;24;21;30m[38;2;24;21;30m▓[0m[48;2;16;13;21m[38;2;16;13;21m█[0m[48;2;33;30;37m[38;2;33;30;37m▓[0m[48;2;24;20;26m[38;2;24;20;26m▓[0m[48;2;28;24;28m[38;2;28;24;28m▓[0m[48;2;35;32;36m[38;2;35;32;36m▓[0m[48;2;6;3;8m[38;2;6;3;8m█[0m[48;2;32;29;33m[38;2;32;29;33m▓[0m[48;2;44;41;46m[38;2;44;41;46m▒[0m[48;2;37;34;40m[38;2;37;34;40m▓[0m[48;2;24;21;26m[38;2;24;21;26m▓[0m[48;2;138;135;139m[38;2;138;135;139m*[0m[48;2;67;64;68m[38;2;67;64;68m░[0m[48;2;11;9;11m[38;2;11;9;11m█[0m[48;2;42;40;42m[38;2;42;40;42m▒[0m[48;2;34;32;36m[38;2;34;32;36m▓[0m[48;2;40;35;38m[38;2;40;35;38m▒[0m[48;2;64;57;55m[38;2;64;57;55m░[0m[48;2;105;99;92m[38;2;105;99;92m%[0m[48;2;38;31;44m[38;2;38;31;44m▓[0m[48;2;17;12;24m[38;2;17;12;24m█[0m[48;2;4;1;9m[38;2;4;1;9m█[0m[48;2;21;17;28m[38;2;21;17;28m▓[0m[48;2;35;30;47m[38;2;35;30;47m▓[0m[48;2;16;12;21m[38;2;16;12;21m█[0m[48;2;231;225;231m[38;2;231;225;231m.[0m[48;2;244;240;244m[38;2;244;240;244m [0m[48;2;186;182;185m[38;2;186;182;185m-[0m[48;2;81;78;82m[38;2;81;78;82m@[0m[48;2;137;133;138m[38;2;137;133;138m*[0m[48;2;41;35;42m[38;2;41;35;42m▒[0m[48;2;138;127;136m[38;2;138;127;136m*[0m[48;2;146;131;141m[38;2;146;131;141m*[0m[48;2;63;54;62m[38;2;63;54;62m░[0m[48;2;205;202;205m[38;2;205;202;205m:[0m                            
                               [48;2;216;216;216m[38;2;216;216;216m:[0m[48;2;68;67;69m[38;2;68;67;69m░[0m[48;2;60;58;61m[38;2;60;58;61m░[0m[48;2;183;179;184m[38;2;183;179;184m=[0m[48;2;109;107;111m[38;2;109;107;111m%[0m[48;2;26;22;35m[38;2;26;22;35m▓[0m[48;2;37;32;51m[38;2;37;32;51m▓[0m[48;2;38;33;51m[38;2;38;33;51m▓[0m[48;2;37;31;49m[38;2;37;31;49m▓[0m[48;2;28;23;37m[38;2;28;23;37m▓[0m[48;2;15;12;22m[38;2;15;12;22m█[0m[48;2;12;9;18m[38;2;12;9;18m█[0m[48;2;25;21;33m[38;2;25;21;33m▓[0m[48;2;15;11;23m[38;2;15;11;23m█[0m[48;2;21;17;25m[38;2;21;17;25m▓[0m[48;2;20;17;22m[38;2;20;17;22m▓[0m[48;2;17;14;19m[38;2;17;14;19m█[0m[48;2;96;93;97m[38;2;96;93;97m%[0m[48;2;13;11;14m[38;2;13;11;14m█[0m[48;2;39;36;41m[38;2;39;36;41m▒[0m[48;2;13;9;14m[38;2;13;9;14m█[0m[48;2;53;50;53m[38;2;53;50;53m▒[0m[48;2;87;81;83m[38;2;87;81;83m@[0m[48;2;65;53;64m[38;2;65;53;64m░[0m[48;2;114;104;99m[38;2;114;104;99m%[0m[48;2;44;35;48m[38;2;44;35;48m▒[0m[48;2;37;30;51m[38;2;37;30;51m▓[0m[48;2;20;15;30m[38;2;20;15;30m█[0m[48;2;9;5;15m[38;2;9;5;15m█[0m[48;2;46;42;53m[38;2;46;42;53m▒[0m[48;2;31;26;34m[38;2;31;26;34m▓[0m[48;2;111;106;111m[38;2;111;106;111m%[0m[48;2;131;127;130m[38;2;131;127;130m*[0m[48;2;145;141;143m[38;2;145;141;143m*[0m[48;2;45;40;44m[38;2;45;40;44m▒[0m[48;2;48;42;48m[38;2;48;42;48m▒[0m[48;2;123;115;123m[38;2;123;115;123m#[0m[48;2;123;112;121m[38;2;123;112;121m#[0m[48;2;65;56;63m[38;2;65;56;63m░[0m[48;2;214;211;214m[38;2;214;211;214m:[0m                             
                               [48;2;236;236;236m[38;2;236;236;236m.[0m[48;2;149;149;149m[38;2;149;149;149m+[0m[48;2;105;104;105m[38;2;105;104;105m%[0m[48;2;117;116;117m[38;2;117;116;117m#[0m[48;2;232;228;232m[38;2;232;228;232m.[0m[48;2;40;35;44m[38;2;40;35;44m▒[0m[48;2;33;28;45m[38;2;33;28;45m▓[0m[48;2;37;31;51m[38;2;37;31;51m▓[0m[48;2;37;31;52m[38;2;37;31;52m▓[0m[48;2;20;16;32m[38;2;20;16;32m▓[0m[48;2;16;12;25m[38;2;16;12;25m█[0m[48;2;11;7;19m[38;2;11;7;19m█[0m[48;2;34;29;47m[38;2;34;29;47m▓[0m[48;2;28;23;40m[38;2;28;23;40m▓[0m[48;2;7;2;10m[38;2;7;2;10m█[0m[48;2;53;49;47m[38;2;53;49;47m▒[0m[48;2;15;10;12m[38;2;15;10;12m█[0m[48;2;7;2;8m[38;2;7;2;8m█[0m[48;2;16;9;20m[38;2;16;9;20m█[0m[48;2;130;120;99m[38;2;130;120;99m#[0m[48;2;170;159;129m[38;2;170;159;129m+[0m[48;2;31;24;21m[38;2;31;24;21m▓[0m[48;2;72;66;68m[38;2;72;66;68m░[0m[48;2;82;73;76m[38;2;82;73;76m@[0m[48;2;68;59;67m[38;2;68;59;67m░[0m[48;2;36;28;45m[38;2;36;28;45m▓[0m[48;2;32;27;46m[38;2;32;27;46m▓[0m[48;2;33;28;47m[38;2;33;28;47m▓[0m[48;2;28;23;40m[38;2;28;23;40m▓[0m[48;2;30;25;37m[38;2;30;25;37m▓[0m[48;2;51;45;55m[38;2;51;45;55m▒[0m[48;2;53;46;54m[38;2;53;46;54m▒[0m[48;2;27;21;27m[38;2;27;21;27m▓[0m[48;2;82;74;81m[38;2;82;74;81m@[0m[48;2;134;124;133m[38;2;134;124;133m*[0m[48;2;106;96;105m[38;2;106;96;105m%[0m[48;2;77;69;77m[38;2;77;69;77m░[0m[48;2;141;135;141m[38;2;141;135;141m*[0m[48;2;243;240;243m[38;2;243;240;243m [0m                              
                                  [48;2;86;82;85m[38;2;86;82;85m@[0m[48;2;191;187;190m[38;2;191;187;190m-[0m[48;2;214;211;214m[38;2;214;211;214m:[0m[48;2;62;59;64m[38;2;62;59;64m░[0m[48;2;24;20;30m[38;2;24;20;30m▓[0m[48;2;20;16;26m[38;2;20;16;26m▓[0m[48;2;20;15;24m[38;2;20;15;24m█[0m[48;2;40;36;45m[38;2;40;36;45m▒[0m[48;2;19;14;26m[38;2;19;14;26m█[0m[48;2;36;30;51m[38;2;36;30;51m▓[0m[48;2;35;30;49m[38;2;35;30;49m▓[0m[48;2;13;8;17m[38;2;13;8;17m█[0m[48;2;96;88;76m[38;2;96;88;76m@[0m[48;2;162;149;122m[38;2;162;149;122m+[0m[48;2;154;139;113m[38;2;154;139;113m*[0m[48;2;180;165;136m[38;2;180;165;136m=[0m[48;2;143;128;105m[38;2;143;128;105m*[0m[48;2;56;47;44m[38;2;56;47;44m▒[0m[48;2;15;12;17m[38;2;15;12;17m█[0m[48;2;21;17;24m[38;2;21;17;24m▓[0m[48;2;38;33;41m[38;2;38;33;41m▓[0m[48;2;42;39;46m[38;2;42;39;46m▒[0m[48;2;50;47;55m[38;2;50;47;55m▒[0m[48;2;56;52;60m[38;2;56;52;60m▒[0m[48;2;52;48;55m[38;2;52;48;55m▒[0m[48;2;44;41;48m[38;2;44;41;48m▒[0m[48;2;41;38;45m[38;2;41;38;45m▒[0m[48;2;39;36;42m[38;2;39;36;42m▒[0m[48;2;42;38;45m[38;2;42;38;45m▒[0m[48;2;53;47;54m[38;2;53;47;54m▒[0m[48;2;87;78;87m[38;2;87;78;87m@[0m[48;2;85;79;86m[38;2;85;79;86m@[0m[48;2;161;157;162m[38;2;161;157;162m+[0m                                 
                                  [48;2;240;240;240m[38;2;240;240;240m [0m[48;2;104;104;104m[38;2;104;104;104m%[0m[48;2;119;117;118m[38;2;119;117;118m#[0m[48;2;116;113;115m[38;2;116;113;115m#[0m[48;2;89;86;90m[38;2;89;86;90m@[0m[48;2;150;147;150m[38;2;150;147;150m+[0m[48;2;129;125;130m[38;2;129;125;130m#[0m[48;2;37;34;39m[38;2;37;34;39m▓[0m[48;2;25;22;31m[38;2;25;22;31m▓[0m[48;2;25;21;35m[38;2;25;21;35m▓[0m[48;2;23;19;28m[38;2;23;19;28m▓[0m[48;2;51;48;54m[38;2;51;48;54m▒[0m[48;2;23;19;23m[38;2;23;19;23m▓[0m[48;2;23;18;22m[38;2;23;18;22m▓[0m[48;2;24;19;22m[38;2;24;19;22m▓[0m[48;2;34;29;32m[38;2;34;29;32m▓[0m[48;2;27;23;28m[38;2;27;23;28m▓[0m[48;2;31;28;34m[38;2;31;28;34m▓[0m[48;2;29;25;38m[38;2;29;25;38m▓[0m[48;2;27;17;65m[38;2;27;17;65m▓[0m[48;2;26;19;44m[38;2;26;19;44m▓[0m[48;2;15;11;21m[38;2;15;11;21m█[0m[48;2;23;19;31m[38;2;23;19;31m▓[0m[48;2;22;18;30m[38;2;22;18;30m▓[0m[48;2;28;24;37m[38;2;28;24;37m▓[0m[48;2;35;31;44m[38;2;35;31;44m▓[0m[48;2;36;32;45m[38;2;36;32;45m▓[0m[48;2;37;33;45m[38;2;37;33;45m▓[0m[48;2;29;26;37m[38;2;29;26;37m▓[0m[48;2;15;10;21m[38;2;15;10;21m█[0m[48;2;103;99;106m[38;2;103;99;106m%[0m[48;2;215;213;217m[38;2;215;213;217m:[0m                                  
                                   [48;2;226;225;226m[38;2;226;225;226m.[0m[48;2;133;132;133m[38;2;133;132;133m*[0m[48;2;131;129;131m[38;2;131;129;131m*[0m[48;2;112;108;112m[38;2;112;108;112m%[0m[48;2;84;81;85m[38;2;84;81;85m@[0m[48;2;83;79;85m[38;2;83;79;85m@[0m[48;2;22;20;25m[38;2;22;20;25m▓[0m[48;2;17;14;21m[38;2;17;14;21m█[0m[48;2;49;45;52m[38;2;49;45;52m▒[0m[48;2;60;57;62m[38;2;60;57;62m░[0m[48;2;8;6;10m[38;2;8;6;10m█[0m[48;2;159;156;160m[38;2;159;156;160m+[0m[48;2;228;225;229m[38;2;228;225;229m.[0m[48;2;72;69;74m[38;2;72;69;74m░[0m[48;2;26;15;66m[38;2;26;15;66m▓[0m[48;2;32;16;91m[38;2;32;16;91m▓[0m[48;2;12;5;30m[38;2;12;5;30m█[0m[48;2;19;9;57m[38;2;19;9;57m█[0m[48;2;48;36;87m[38;2;48;36;87m▒[0m[48;2;50;39;75m[38;2;50;39;75m▒[0m[48;2;8;5;17m[38;2;8;5;17m█[0m[48;2;34;31;46m[38;2;34;31;46m▓[0m[48;2;37;32;50m[38;2;37;32;50m▓[0m[48;2;37;31;51m[38;2;37;31;51m▓[0m[48;2;37;31;51m[38;2;37;31;51m▓[0m[48;2;37;31;51m[38;2;37;31;51m▓[0m[48;2;37;31;52m[38;2;37;31;52m▓[0m[48;2;37;31;52m[38;2;37;31;52m▓[0m[48;2;37;31;51m[38;2;37;31;51m▓[0m[48;2;31;26;45m[38;2;31;26;45m▓[0m[48;2;21;17;32m[38;2;21;17;32m▓[0m[48;2;48;44;55m[38;2;48;44;55m▒[0m[48;2;112;110;116m[38;2;112;110;116m#[0m[48;2;192;192;194m[38;2;192;192;194m-[0m                               
                                   [48;2;235;235;235m[38;2;235;235;235m.[0m[48;2;140;138;140m[38;2;140;138;140m*[0m[48;2;97;93;97m[38;2;97;93;97m%[0m[48;2;92;87;91m[38;2;92;87;91m@[0m[48;2;84;79;83m[38;2;84;79;83m@[0m[48;2;74;70;74m[38;2;74;70;74m░[0m[48;2;15;12;16m[38;2;15;12;16m█[0m[48;2;67;65;69m[38;2;67;65;69m░[0m[48;2;38;35;41m[38;2;38;35;41m▒[0m[48;2;29;25;36m[38;2;29;25;36m▓[0m[48;2;17;14;19m[38;2;17;14;19m█[0m[48;2;228;225;230m[38;2;228;225;230m.[0m [48;2;227;224;228m[38;2;227;224;228m.[0m[48;2;55;50;62m[38;2;55;50;62m▒[0m[48;2;97;81;137m[38;2;97;81;137m%[0m[48;2;58;46;84m[38;2;58;46;84m▒[0m[48;2;15;8;42m[38;2;15;8;42m█[0m[48;2;40;25;90m[38;2;40;25;90m▒[0m[48;2;36;26;57m[38;2;36;26;57m▓[0m[48;2;79;75;85m[38;2;79;75;85m@[0m[48;2;49;46;55m[38;2;49;46;55m▒[0m[48;2;24;20;34m[38;2;24;20;34m▓[0m[48;2;35;30;49m[38;2;35;30;49m▓[0m[48;2;37;31;52m[38;2;37;31;52m▓[0m[48;2;37;31;52m[38;2;37;31;52m▓[0m[48;2;37;31;52m[38;2;37;31;52m▓[0m[48;2;37;31;52m[38;2;37;31;52m▓[0m[48;2;37;31;52m[38;2;37;31;52m▓[0m[48;2;37;31;52m[38;2;37;31;52m▓[0m[48;2;37;31;52m[38;2;37;31;52m▓[0m[48;2;37;31;51m[38;2;37;31;51m▓[0m[48;2;35;30;49m[38;2;35;30;49m▓[0m[48;2;25;20;36m[38;2;25;20;36m▓[0m[48;2;43;40;49m[38;2;43;40;49m▒[0m[48;2;130;129;134m[38;2;130;129;134m*[0m[48;2;230;230;231m[38;2;230;230;231m.[0m                            
                                        [48;2;162;161;162m[38;2;162;161;162m+[0m[48;2;27;25;30m[38;2;27;25;30m▓[0m[48;2;22;17;30m[38;2;22;17;30m▓[0m[48;2;34;29;47m[38;2;34;29;47m▓[0m[48;2;35;29;48m[38;2;35;29;48m▓[0m[48;2;47;44;49m[38;2;47;44;49m▒[0m   [48;2;231;229;232m[38;2;231;229;232m.[0m[48;2;166;163;167m[38;2;166;163;167m+[0m[48;2;197;195;199m[38;2;197;195;199m-[0m[48;2;108;105;112m[38;2;108;105;112m%[0m[48;2;60;49;82m[38;2;60;49;82m░[0m[48;2;57;46;76m[38;2;57;46;76m▒[0m[48;2;150;146;154m[38;2;150;146;154m+[0m[48;2;241;239;243m[38;2;241;239;243m [0m[48;2;186;184;187m[38;2;186;184;187m-[0m[48;2;103;101;107m[38;2;103;101;107m%[0m[48;2;34;30;44m[38;2;34;30;44m▓[0m[48;2;25;20;37m[38;2;25;20;37m▓[0m[48;2;33;28;45m[38;2;33;28;45m▓[0m[48;2;37;31;50m[38;2;37;31;50m▓[0m[48;2;37;31;52m[38;2;37;31;52m▓[0m[48;2;37;31;52m[38;2;37;31;52m▓[0m[48;2;37;31;52m[38;2;37;31;52m▓[0m[48;2;37;31;52m[38;2;37;31;52m▓[0m[48;2;37;31;52m[38;2;37;31;52m▓[0m[48;2;37;31;52m[38;2;37;31;52m▓[0m[48;2;37;31;52m[38;2;37;31;52m▓[0m[48;2;33;27;46m[38;2;33;27;46m▓[0m[48;2;24;19;33m[38;2;24;19;33m▓[0m[48;2;105;103;109m[38;2;105;103;109m%[0m[48;2;227;226;228m[38;2;227;226;228m.[0m                          
                                        [48;2;169;169;169m[38;2;169;169;169m=[0m[48;2;19;16;24m[38;2;19;16;24m█[0m[48;2;37;32;50m[38;2;37;32;50m▓[0m[48;2;37;31;52m[38;2;37;31;52m▓[0m[48;2;33;28;46m[38;2;33;28;46m▓[0m[48;2;82;80;85m[38;2;82;80;85m@[0m       [48;2;220;219;220m[38;2;220;219;220m:[0m[48;2;196;195;197m[38;2;196;195;197m-[0m   [48;2;183;182;183m[38;2;183;182;183m=[0m[48;2;80;78;82m[38;2;80;78;82m@[0m[48;2;103;100;106m[38;2;103;100;106m%[0m[48;2;13;9;16m[38;2;13;9;16m█[0m[48;2;18;11;41m[38;2;18;11;41m█[0m[48;2;20;14;40m[38;2;20;14;40m▓[0m[48;2;25;21;38m[38;2;25;21;38m▓[0m[48;2;36;30;51m[38;2;36;30;51m▓[0m[48;2;37;31;52m[38;2;37;31;52m▓[0m[48;2;37;31;52m[38;2;37;31;52m▓[0m[48;2;37;31;52m[38;2;37;31;52m▓[0m[48;2;37;31;52m[38;2;37;31;52m▓[0m[48;2;37;31;52m[38;2;37;31;52m▓[0m[48;2;37;31;52m[38;2;37;31;52m▓[0m[48;2;32;27;45m[38;2;32;27;45m▓[0m[48;2;31;28;37m[38;2;31;28;37m▓[0m[48;2;201;201;202m[38;2;201;201;202m-[0m                         