                                                                                                              
                                                                                                              
                                                                                                              
                                                                                                              
                                                                                                              
                                                                                                              
                                                                                                              
                                                                                                              
                                                                                                              
                                                                                                              
                                                                                                              
                                                                                                              
                                                                                                              
                                                   [48;2;180;180;181m[38;2;180;180;181m=[0m[48;2;128;127;129m[38;2;128;127;129m#[0m[48;2;95;94;97m[38;2;95;94;97m%[0m[48;2;69;68;72m[38;2;69;68;72m░[0m[48;2;55;53;59m[38;2;55;53;59m▒[0m[48;2;45;44;51m[38;2;45;44;51m▒[0m[48;2;45;44;50m[38;2;45;44;50m▒[0m[48;2;54;53;59m[38;2;54;53;59m▒[0m[48;2;68;67;73m[38;2;68;67;73m░[0m[48;2;96;95;101m[38;2;96;95;101m%[0m[48;2;145;144;149m[38;2;145;144;149m*[0m[48;2;204;204;206m[38;2;204;204;206m:[0m                                               
                                                 [48;2;161;160;162m[38;2;161;160;162m+[0m[48;2;33;32;38m[38;2;33;32;38m▓[0m[48;2;27;26;37m[38;2;27;26;37m▓[0m[48;2;38;36;50m[38;2;38;36;50m▒[0m[48;2;42;42;58m[38;2;42;42;58m▒[0m[48;2;42;43;59m[38;2;42;43;59m▒[0m[48;2;42;43;60m[38;2;42;43;60m▒[0m[48;2;42;43;60m[38;2;42;43;60m▒[0m[48;2;42;43;59m[38;2;42;43;59m▒[0m[48;2;42;43;59m[38;2;42;43;59m▒[0m[48;2;41;42;59m[38;2;41;42;59m▒[0m[48;2;40;40;56m[38;2;40;40;56m▒[0m[48;2;34;34;50m[38;2;34;34;50m▓[0m[48;2;24;24;37m[38;2;24;24;37m▓[0m[48;2;43;43;51m[38;2;43;43;51m▒[0m[48;2;130;130;135m[38;2;130;130;135m*[0m[48;2;236;236;237m[38;2;236;236;237m.[0m                                            
                                                [48;2;95;94;98m[38;2;95;94;98m%[0m[48;2;22;21;31m[38;2;22;21;31m▓[0m[48;2;42;41;57m[38;2;42;41;57m▒[0m[48;2;42;43;59m[38;2;42;43;59m▒[0m[48;2;42;43;59m[38;2;42;43;59m▒[0m[48;2;41;43;59m[38;2;41;43;59m▒[0m[48;2;40;44;59m[38;2;40;44;59m▒[0m[48;2;40;44;59m[38;2;40;44;59m▒[0m[48;2;40;44;59m[38;2;40;44;59m▒[0m[48;2;40;44;59m[38;2;40;44;59m▒[0m[48;2;40;44;59m[38;2;40;44;59m▒[0m[48;2;40;44;59m[38;2;40;44;59m▒[0m[48;2;40;44;59m[38;2;40;44;59m▒[0m[48;2;40;44;59m[38;2;40;44;59m▒[0m[48;2;40;44;59m[38;2;40;44;59m▒[0m[48;2;41;43;59m[38;2;41;43;59m▒[0m[48;2;32;31;45m[38;2;32;31;45m▓[0m[48;2;24;23;31m[38;2;24;23;31m▓[0m[48;2;87;86;89m[38;2;87;86;89m@[0m[48;2;188;188;189m[38;2;188;188;189m-[0m                                          
                                              [48;2;189;189;189m[38;2;189;189;189m-[0m[48;2;83;82;84m[38;2;83;82;84m@[0m[48;2;28;26;36m[38;2;28;26;36m▓[0m[48;2;44;43;59m[38;2;44;43;59m▒[0m[48;2;40;44;59m[38;2;40;44;59m▒[0m[48;2;40;44;59m[38;2;40;44;59m▒[0m[48;2;40;44;59m[38;2;40;44;59m▒[0m[48;2;40;44;59m[38;2;40;44;59m▒[0m[48;2;40;44;59m[38;2;40;44;59m▒[0m[48;2;40;44;59m[38;2;40;44;59m▒[0m[48;2;40;44;59m[38;2;40;44;59m▒[0m[48;2;40;44;59m[38;2;40;44;59m▒[0m[48;2;40;44;59m[38;2;40;44;59m▒[0m[48;2;40;44;59m[38;2;40;44;59m▒[0m[48;2;40;44;59m[38;2;40;44;59m▒[0m[48;2;40;44;59m[38;2;40;44;59m▒[0m[48;2;40;44;59m[38;2;40;44;59m▒[0m[48;2;41;43;59m[38;2;41;43;59m▒[0m[48;2;42;43;59m[38;2;42;43;59m▒[0m[48;2;74;74;81m[38;2;74;74;81m@[0m[48;2;11;9;14m[38;2;11;9;14m█[0m[48;2;52;51;54m[38;2;52;51;54m▒[0m[48;2;102;101;103m[38;2;102;101;103m%[0m                                         
                                             [48;2;144;144;145m[38;2;144;144;145m*[0m[48;2;4;3;6m[38;2;4;3;6m█[0m[48;2;20;19;24m[38;2;20;19;24m▓[0m[48;2;45;44;57m[38;2;45;44;57m▒[0m[48;2;42;43;60m[38;2;42;43;60m▒[0m[48;2;40;44;59m[38;2;40;44;59m▒[0m[48;2;40;44;59m[38;2;40;44;59m▒[0m[48;2;40;44;59m[38;2;40;44;59m▒[0m[48;2;40;44;59m[38;2;40;44;59m▒[0m[48;2;40;44;59m[38;2;40;44;59m▒[0m[48;2;40;44;59m[38;2;40;44;59m▒[0m[48;2;40;44;59m[38;2;40;44;59m▒[0m[48;2;40;44;59m[38;2;40;44;59m▒[0m[48;2;40;44;59m[38;2;40;44;59m▒[0m[48;2;40;44;59m[38;2;40;44;59m▒[0m[48;2;40;44;59m[38;2;40;44;59m▒[0m[48;2;40;44;59m[38;2;40;44;59m▒[0m[48;2;40;44;59m[38;2;40;44;59m▒[0m[48;2;41;43;59m[38;2;41;43;59m▒[0m[48;2;57;59;73m[38;2;57;59;73m░[0m[48;2;67;66;73m[38;2;67;66;73m░[0m[48;2;17;15;23m[38;2;17;15;23m█[0m[48;2;103;98;104m[38;2;103;98;104m%[0m[48;2;90;84;91m[38;2;90;84;91m@[0m[48;2;95;91;96m[38;2;95;91;96m%[0m                                        
                                             [48;2;41;41;41m[38;2;41;41;41m▒[0m[48;2;9;6;13m[38;2;9;6;13m█[0m[48;2;44;42;53m[38;2;44;42;53m▒[0m[48;2;42;43;58m[38;2;42;43;58m▒[0m[48;2;40;44;59m[38;2;40;44;59m▒[0m[48;2;40;44;59m[38;2;40;44;59m▒[0m[48;2;40;44;59m[38;2;40;44;59m▒[0m[48;2;40;44;59m[38;2;40;44;59m▒[0m[48;2;40;44;59m[38;2;40;44;59m▒[0m[48;2;40;44;59m[38;2;40;44;59m▒[0m[48;2;40;44;59m[38;2;40;44;59m▒[0m[48;2;40;44;59m[38;2;40;44;59m▒[0m[48;2;40;44;59m[38;2;40;44;59m▒[0m[48;2;40;44;59m[38;2;40;44;59m▒[0m[48;2;40;44;59m[38;2;40;44;59m▒[0m[48;2;40;44;59m[38;2;40;44;59m▒[0m[48;2;40;44;59m[38;2;40;44;59m▒[0m[48;2;40;44;59m[38;2;40;44;59m▒[0m[48;2;43;45;61m[38;2;43;45;61m▒[0m[48;2;57;59;72m[38;2;57;59;72m░[0m[48;2;42;41;52m[38;2;42;41;52m▒[0m[48;2;16;12;22m[38;2;16;12;22m█[0m[48;2;105;97;106m[38;2;105;97;106m%[0m[48;2;97;88;97m[38;2;97;88;97m%[0m[48;2;63;55;63m[38;2;63;55;63m░[0m[48;2;169;167;169m[38;2;169;167;169m=[0m                                       
                                           [48;2;229;229;230m[38;2;229;229;230m.[0m[48;2;55;53;57m[38;2;55;53;57m▒[0m[48;2;37;33;39m[38;2;37;33;39m▓[0m[48;2;22;19;30m[38;2;22;19;30m▓[0m[48;2;43;43;58m[38;2;43;43;58m▒[0m[48;2;41;44;59m[38;2;41;44;59m▒[0m[48;2;40;44;59m[38;2;40;44;59m▒[0m[48;2;40;44;59m[38;2;40;44;59m▒[0m[48;2;40;44;59m[38;2;40;44;59m▒[0m[48;2;40;44;59m[38;2;40;44;59m▒[0m[48;2;40;44;59m[38;2;40;44;59m▒[0m[48;2;40;44;59m[38;2;40;44;59m▒[0m[48;2;40;44;59m[38;2;40;44;59m▒[0m[48;2;40;44;59m[38;2;40;44;59m▒[0m[48;2;40;44;59m[38;2;40;44;59m▒[0m[48;2;40;44;59m[38;2;40;44;59m▒[0m[48;2;40;44;59m[38;2;40;44;59m▒[0m[48;2;40;44;59m[38;2;40;44;59m▒[0m[48;2;40;44;59m[38;2;40;44;59m▒[0m[48;2;42;43;59m[38;2;42;43;59m▒[0m[48;2;74;73;88m[38;2;74;73;88m@[0m[48;2;51;50;63m[38;2;51;50;63m▒[0m[48;2;21;17;30m[38;2;21;17;30m▓[0m[48;2;98;89;100m[38;2;98;89;100m%[0m[48;2;123;114;122m[38;2;123;114;122m#[0m[48;2;13;7;12m[38;2;13;7;12m█[0m[48;2;107;100;106m[38;2;107;100;106m%[0m[48;2;70;66;70m[38;2;70;66;70m░[0m                                       
                                          [48;2;237;237;237m[38;2;237;237;237m.[0m[48;2;48;47;49m[38;2;48;47;49m▒[0m[48;2;95;87;95m[38;2;95;87;95m@[0m[48;2;91;80;90m[38;2;91;80;90m@[0m[48;2;27;22;34m[38;2;27;22;34m▓[0m[48;2;42;43;59m[38;2;42;43;59m▒[0m[48;2;40;44;59m[38;2;40;44;59m▒[0m[48;2;40;44;59m[38;2;40;44;59m▒[0m[48;2;40;44;59m[38;2;40;44;59m▒[0m[48;2;40;44;59m[38;2;40;44;59m▒[0m[48;2;40;44;59m[38;2;40;44;59m▒[0m[48;2;40;44;59m[38;2;40;44;59m▒[0m[48;2;40;44;59m[38;2;40;44;59m▒[0m[48;2;40;44;59m[38;2;40;44;59m▒[0m[48;2;40;44;59m[38;2;40;44;59m▒[0m[48;2;40;44;59m[38;2;40;44;59m▒[0m[48;2;40;44;59m[38;2;40;44;59m▒[0m[48;2;41;43;59m[38;2;41;43;59m▒[0m[48;2;42;43;59m[38;2;42;43;59m▒[0m[48;2;53;52;69m[38;2;53;52;69m▒[0m[48;2;77;73;89m[38;2;77;73;89m@[0m[48;2;44;40;53m[38;2;44;40;53m▒[0m[48;2;30;24;35m[38;2;30;24;35m▓[0m[48;2;113;103;116m[38;2;113;103;116m%[0m[48;2;157;141;155m[38;2;157;141;155m+[0m[48;2;156;142;153m[38;2;156;142;153m+[0m[48;2;76;67;74m[38;2;76;67;74m░[0m[48;2;83;79;83m[38;2;83;79;83m@[0m[48;2;29;26;30m[38;2;29;26;30m▓[0m                                       
                                          [48;2;94;93;95m[38;2;94;93;95m%[0m[48;2;79;73;78m[38;2;79;73;78m@[0m[48;2;159;142;155m[38;2;159;142;155m+[0m[48;2;112;97;109m[38;2;112;97;109m%[0m[48;2;21;15;27m[38;2;21;15;27m█[0m[48;2;43;43;58m[38;2;43;43;58m▒[0m[48;2;40;44;59m[38;2;40;44;59m▒[0m[48;2;40;44;59m[38;2;40;44;59m▒[0m[48;2;40;44;59m[38;2;40;44;59m▒[0m[48;2;40;44;59m[38;2;40;44;59m▒[0m[48;2;40;44;59m[38;2;40;44;59m▒[0m[48;2;40;44;59m[38;2;40;44;59m▒[0m[48;2;40;44;59m[38;2;40;44;59m▒[0m[48;2;40;44;59m[38;2;40;44;59m▒[0m[48;2;40;44;59m[38;2;40;44;59m▒[0m[48;2;41;43;59m[38;2;41;43;59m▒[0m[48;2;42;43;58m[38;2;42;43;58m▒[0m[48;2;53;52;66m[38;2;53;52;66m▒[0m[48;2;70;69;82m[38;2;70;69;82m░[0m[48;2;57;54;68m[38;2;57;54;68m░[0m[48;2;26;20;32m[38;2;26;20;32m▓[0m[48;2;79;69;81m[38;2;79;69;81m@[0m[48;2;148;132;145m[38;2;148;132;145m*[0m[48;2;159;141;155m[38;2;159;141;155m+[0m[48;2;160;141;155m[38;2;160;141;155m+[0m[48;2;160;141;155m[38;2;160;141;155m+[0m[48;2;118;107;115m[38;2;118;107;115m#[0m[48;2;34;31;35m[38;2;34;31;35m▓[0m[48;2;30;28;30m[38;2;30;28;30m▓[0m                                       
                                         [48;2;203;203;203m[38;2;203;203;203m:[0m[48;2;39;33;38m[38;2;39;33;38m▓[0m[48;2;153;140;149m[38;2;153;140;149m*[0m[48;2;160;142;154m[38;2;160;142;154m+[0m[48;2;115;100;112m[38;2;115;100;112m%[0m[48;2;14;7;17m[38;2;14;7;17m█[0m[48;2;31;28;42m[38;2;31;28;42m▓[0m[48;2;43;43;59m[38;2;43;43;59m▒[0m[48;2;41;43;59m[38;2;41;43;59m▒[0m[48;2;40;44;59m[38;2;40;44;59m▒[0m[48;2;40;44;59m[38;2;40;44;59m▒[0m[48;2;40;44;59m[38;2;40;44;59m▒[0m[48;2;41;43;59m[38;2;41;43;59m▒[0m[48;2;41;43;59m[38;2;41;43;59m▒[0m[48;2;50;50;68m[38;2;50;50;68m▒[0m[48;2;44;45;64m[38;2;44;45;64m▒[0m[48;2;66;66;82m[38;2;66;66;82m░[0m[48;2;65;63;76m[38;2;65;63;76m░[0m[48;2;48;43;52m[38;2;48;43;52m▒[0m[48;2;35;26;35m[38;2;35;26;35m▓[0m[48;2;81;72;80m[38;2;81;72;80m@[0m[48;2;143;130;140m[38;2;143;130;140m*[0m[48;2;159;141;155m[38;2;159;141;155m+[0m[48;2;161;140;155m[38;2;161;140;155m+[0m[48;2;161;140;155m[38;2;161;140;155m+[0m[48;2;161;140;155m[38;2;161;140;155m+[0m[48;2;161;140;155m[38;2;161;140;155m+[0m[48;2;128;113;124m[38;2;128;113;124m#[0m[48;2;7;4;7m[38;2;7;4;7m█[0m[48;2;59;57;58m[38;2;59;57;58m░[0m                                       
                                         [48;2;75;74;75m[38;2;75;74;75m@[0m[48;2;120;111;118m[38;2;120;111;118m#[0m[48;2;160;143;154m[38;2;160;143;154m+[0m[48;2;161;141;154m[38;2;161;141;154m+[0m[48;2;105;90;101m[38;2;105;90;101m%[0m[48;2;68;58;68m[38;2;68;58;68m░[0m[48;2;45;35;47m[38;2;45;35;47m▒[0m[48;2;32;26;40m[38;2;32;26;40m▓[0m[48;2;43;42;56m[38;2;43;42;56m▒[0m[48;2;42;43;57m[38;2;42;43;57m▒[0m[48;2;41;43;58m[38;2;41;43;58m▒[0m[48;2;41;44;58m[38;2;41;44;58m▒[0m[48;2;57;57;73m[38;2;57;57;73m░[0m[48;2;71;70;84m[38;2;71;70;84m░[0m[48;2;57;55;68m[38;2;57;55;68m░[0m[48;2;28;25;39m[38;2;28;25;39m▓[0m[48;2;30;24;36m[38;2;30;24;36m▓[0m[48;2;68;57;69m[38;2;68;57;69m░[0m[48;2;118;104;116m[38;2;118;104;116m%[0m[48;2;155;139;150m[38;2;155;139;150m*[0m[48;2;159;141;152m[38;2;159;141;152m+[0m[48;2;161;141;155m[38;2;161;141;155m+[0m[48;2;161;140;155m[38;2;161;140;155m+[0m[48;2;161;140;155m[38;2;161;140;155m+[0m[48;2;161;140;155m[38;2;161;140;155m+[0m[48;2;161;140;155m[38;2;161;140;155m+[0m[48;2;161;140;155m[38;2;161;140;155m+[0m[48;2;118;102;114m[38;2;118;102;114m%[0m[48;2;72;69;72m[38;2;72;69;72m░[0m[48;2;220;218;219m[38;2;220;218;219m:[0m                                       
                                        [48;2;218;218;218m[38;2;218;218;218m:[0m[48;2;35;33;35m[38;2;35;33;35m▓[0m[48;2;156;143;152m[38;2;156;143;152m+[0m[48;2;161;141;155m[38;2;161;141;155m+[0m[48;2;161;140;155m[38;2;161;140;155m+[0m[48;2;154;136;150m[38;2;154;136;150m*[0m[48;2;40;27;38m[38;2;40;27;38m▓[0m[48;2;133;119;132m[38;2;133;119;132m#[0m[48;2;86;73;86m[38;2;86;73;86m@[0m[48;2;38;30;40m[38;2;38;30;40m▓[0m[48;2;28;20;30m[38;2;28;20;30m▓[0m[48;2;36;30;39m[38;2;36;30;39m▓[0m[48;2;48;45;52m[38;2;48;45;52m▒[0m[48;2;41;37;44m[38;2;41;37;44m▒[0m[48;2;45;39;47m[38;2;45;39;47m▒[0m[48;2;75;66;75m[38;2;75;66;75m░[0m[48;2;121;108;118m[38;2;121;108;118m#[0m[48;2;156;139;152m[38;2;156;139;152m*[0m[48;2;160;142;156m[38;2;160;142;156m+[0m[48;2;155;136;150m[38;2;155;136;150m*[0m[48;2;121;105;118m[38;2;121;105;118m#[0m[48;2;84;69;81m[38;2;84;69;81m@[0m[48;2;135;116;130m[38;2;135;116;130m#[0m[48;2;161;140;155m[38;2;161;140;155m+[0m[48;2;161;140;155m[38;2;161;140;155m+[0m[48;2;161;140;155m[38;2;161;140;155m+[0m[48;2;161;140;155m[38;2;161;140;155m+[0m[48;2;161;141;155m[38;2;161;141;155m+[0m[48;2;63;49;61m[38;2;63;49;61m▒[0m[48;2;41;38;40m[38;2;41;38;40m▒[0m[48;2;89;87;88m[38;2;89;87;88m@[0m[48;2;65;63;64m[38;2;65;63;64m░[0m[48;2;65;63;64m[38;2;65;63;64m░[0m[48;2;91;90;90m[38;2;91;90;90m@[0m[48;2;239;239;239m[38;2;239;239;239m [0m                                   
                                        [48;2;162;162;162m[38;2;162;162;162m+[0m[48;2;71;64;69m[38;2;71;64;69m░[0m[48;2;159;143;153m[38;2;159;143;153m+[0m[48;2;161;140;155m[38;2;161;140;155m+[0m[48;2;161;140;155m[38;2;161;140;155m+[0m[48;2;161;140;155m[38;2;161;140;155m+[0m[48;2;123;107;120m[38;2;123;107;120m#[0m[48;2;44;31;43m[38;2;44;31;43m▓[0m[48;2;34;22;34m[38;2;34;22;34m▓[0m[48;2;135;122;134m[38;2;135;122;134m#[0m[48;2;141;129;138m[38;2;141;129;138m*[0m[48;2;75;63;71m[38;2;75;63;71m░[0m[48;2;60;51;58m[38;2;60;51;58m▒[0m[48;2;152;142;149m[38;2;152;142;149m*[0m[48;2;155;141;150m[38;2;155;141;150m*[0m[48;2;138;124;134m[38;2;138;124;134m*[0m[48;2;108;95;104m[38;2;108;95;104m%[0m[48;2;79;68;77m[38;2;79;68;77m░[0m[48;2;66;55;64m[38;2;66;55;64m░[0m[48;2;71;60;69m[38;2;71;60;69m░[0m[48;2;98;87;96m[38;2;98;87;96m@[0m[48;2;138;124;136m[38;2;138;124;136m*[0m[48;2;160;141;155m[38;2;160;141;155m+[0m[48;2;161;140;155m[38;2;161;140;155m+[0m[48;2;161;140;155m[38;2;161;140;155m+[0m[48;2;161;140;155m[38;2;161;140;155m+[0m[48;2;161;140;155m[38;2;161;140;155m+[0m[48;2;129;113;126m[38;2;129;113;126m#[0m[48;2;17;7;17m[38;2;17;7;17m█[0m[48;2;18;14;20m[38;2;18;14;20m█[0m[48;2;126;123;126m[38;2;126;123;126m#[0m[48;2;239;237;238m[38;2;239;237;238m.[0m[48;2;61;59;60m[38;2;61;59;60m░[0m[48;2;62;60;62m[38;2;62;60;62m░[0m                                    
                                        [48;2;148;147;148m[38;2;148;147;148m+[0m[48;2;80;72;77m[38;2;80;72;77m@[0m[48;2;159;141;153m[38;2;159;141;153m+[0m[48;2;161;140;155m[38;2;161;140;155m+[0m[48;2;161;140;155m[38;2;161;140;155m+[0m[48;2;161;140;155m[38;2;161;140;155m+[0m[48;2;160;140;155m[38;2;160;140;155m+[0m[48;2;127;110;123m[38;2;127;110;123m#[0m[48;2;37;26;36m[38;2;37;26;36m▓[0m[48;2;43;34;41m[38;2;43;34;41m▒[0m[48;2;27;21;26m[38;2;27;21;26m▓[0m[48;2;10;4;10m[38;2;10;4;10m█[0m[48;2;50;45;51m[38;2;50;45;51m▒[0m[48;2;66;59;66m[38;2;66;59;66m░[0m[48;2;70;62;69m[38;2;70;62;69m░[0m[48;2;86;76;85m[38;2;86;76;85m@[0m[48;2;113;102;112m[38;2;113;102;112m%[0m[48;2;142;128;140m[38;2;142;128;140m*[0m[48;2;158;140;153m[38;2;158;140;153m+[0m[48;2;160;140;155m[38;2;160;140;155m+[0m[48;2;161;140;155m[38;2;161;140;155m+[0m[48;2;161;140;155m[38;2;161;140;155m+[0m[48;2;161;140;155m[38;2;161;140;155m+[0m[48;2;161;140;155m[38;2;161;140;155m+[0m[48;2;161;140;155m[38;2;161;140;155m+[0m[48;2;161;140;155m[38;2;161;140;155m+[0m[48;2;159;138;153m[38;2;159;138;153m*[0m[48;2;47;33;44m[38;2;47;33;44m▒[0m[48;2;21;12;23m[38;2;21;12;23m█[0m[48;2;34;29;42m[38;2;34;29;42m▓[0m[48;2;42;39;46m[38;2;42;39;46m▒[0m [48;2;190;189;190m[38;2;190;189;190m-[0m[48;2;77;75;77m[38;2;77;75;77m@[0m                                    
                                        [48;2;162;162;162m[38;2;162;162;162m+[0m[48;2;68;60;64m[38;2;68;60;64m░[0m[48;2;159;142;153m[38;2;159;142;153m+[0m[48;2;161;140;155m[38;2;161;140;155m+[0m[48;2;161;140;155m[38;2;161;140;155m+[0m[48;2;161;140;155m[38;2;161;140;155m+[0m[48;2;161;140;155m[38;2;161;140;155m+[0m[48;2;162;141;156m[38;2;162;141;156m+[0m[48;2;136;118;131m[38;2;136;118;131m#[0m[48;2;15;5;13m[38;2;15;5;13m█[0m[48;2;7;3;8m[38;2;7;3;8m█[0m[48;2;15;13;18m[38;2;15;13;18m█[0m[48;2;24;23;28m[38;2;24;23;28m▓[0m[48;2;54;49;56m[38;2;54;49;56m▒[0m[48;2;98;86;95m[38;2;98;86;95m@[0m[48;2;159;140;154m[38;2;159;140;154m+[0m[48;2;161;140;155m[38;2;161;140;155m+[0m[48;2;161;140;155m[38;2;161;140;155m+[0m[48;2;161;140;155m[38;2;161;140;155m+[0m[48;2;161;140;155m[38;2;161;140;155m+[0m[48;2;161;140;155m[38;2;161;140;155m+[0m[48;2;161;140;155m[38;2;161;140;155m+[0m[48;2;161;140;155m[38;2;161;140;155m+[0m[48;2;161;140;155m[38;2;161;140;155m+[0m[48;2;161;140;155m[38;2;161;140;155m+[0m[48;2;161;140;155m[38;2;161;140;155m+[0m[48;2;159;138;153m[38;2;159;138;153m*[0m[48;2;97;81;94m[38;2;97;81;94m@[0m[48;2;16;7;18m[38;2;16;7;18m█[0m[48;2;34;29;42m[38;2;34;29;42m▓[0m[48;2;11;8;17m[38;2;11;8;17m█[0m[48;2;198;196;198m[38;2;198;196;198m-[0m[48;2;107;106;107m[38;2;107;106;107m%[0m[48;2;13;10;13m[38;2;13;10;13m█[0m[48;2;77;75;76m[38;2;77;75;76m@[0m[48;2;84;83;84m[38;2;84;83;84m@[0m[48;2;103;101;102m[38;2;103;101;102m%[0m[48;2;134;133;133m[38;2;134;133;133m*[0m[48;2;180;178;179m[38;2;180;178;179m=[0m[48;2;233;233;233m[38;2;233;233;233m.[0m                              
                                        [48;2;114;114;114m[38;2;114;114;114m#[0m[48;2;27;22;26m[38;2;27;22;26m▓[0m[48;2;150;134;144m[38;2;150;134;144m*[0m[48;2;161;140;153m[38;2;161;140;153m+[0m[48;2;161;140;155m[38;2;161;140;155m+[0m[48;2;161;140;155m[38;2;161;140;155m+[0m[48;2;161;140;155m[38;2;161;140;155m+[0m[48;2;161;140;155m[38;2;161;140;155m+[0m[48;2;120;101;115m[38;2;120;101;115m%[0m[48;2;19;12;19m[38;2;19;12;19m█[0m[48;2;25;21;28m[38;2;25;21;28m▓[0m[48;2;2;0;5m[38;2;2;0;5m█[0m[48;2;14;12;17m[38;2;14;12;17m█[0m[48;2;13;10;16m[38;2;13;10;16m█[0m[48;2;53;45;53m[38;2;53;45;53m▒[0m[48;2;149;133;146m[38;2;149;133;146m*[0m[48;2;161;140;155m[38;2;161;140;155m+[0m[48;2;161;140;155m[38;2;161;140;155m+[0m[48;2;161;140;155m[38;2;161;140;155m+[0m[48;2;161;140;155m[38;2;161;140;155m+[0m[48;2;161;140;155m[38;2;161;140;155m+[0m[48;2;161;140;155m[38;2;161;140;155m+[0m[48;2;161;140;155m[38;2;161;140;155m+[0m[48;2;161;140;155m[38;2;161;140;155m+[0m[48;2;161;140;155m[38;2;161;140;155m+[0m[48;2;161;140;155m[38;2;161;140;155m+[0m[48;2;161;140;155m[38;2;161;140;155m+[0m[48;2;160;140;155m[38;2;160;140;155m+[0m[48;2;73;62;73m[38;2;73;62;73m░[0m[48;2;18;15;24m[38;2;18;15;24m█[0m[48;2;10;8;16m[38;2;10;8;16m█[0m[48;2;211;210;215m[38;2;211;210;215m:[0m[48;2;131;130;133m[38;2;131;130;133m*[0m[48;2;31;28;32m[38;2;31;28;32m▓[0m[48;2;151;148;152m[38;2;151;148;152m+[0m[48;2;129;127;130m[38;2;129;127;130m#[0m[48;2;81;79;80m[38;2;81;79;80m@[0m[48;2;49;47;48m[38;2;49;47;48m▒[0m[48;2;65;63;64m[38;2;65;63;64m░[0m[48;2;69;66;68m[38;2;69;66;68m░[0m[48;2;82;79;81m[38;2;82;79;81m@[0m[48;2;197;194;197m[38;2;197;194;197m-[0m                            
                                         [48;2;168;167;168m[38;2;168;167;168m=[0m[48;2;55;47;52m[38;2;55;47;52m▒[0m[48;2;152;135;145m[38;2;152;135;145m*[0m[48;2;161;140;155m[38;2;161;140;155m+[0m[48;2;161;140;155m[38;2;161;140;155m+[0m[48;2;161;140;155m[38;2;161;140;155m+[0m[48;2;161;140;155m[38;2;161;140;155m+[0m[48;2;150;130;144m[38;2;150;130;144m*[0m[48;2;47;36;45m[38;2;47;36;45m▒[0m[48;2;22;16;23m[38;2;22;16;23m▓[0m[48;2;16;14;19m[38;2;16;14;19m█[0m[48;2;7;6;12m[38;2;7;6;12m█[0m[48;2;23;21;26m[38;2;23;21;26m▓[0m[48;2;10;6;12m[38;2;10;6;12m█[0m[48;2;62;52;61m[38;2;62;52;61m░[0m[48;2;159;141;154m[38;2;159;141;154m+[0m[48;2;161;140;155m[38;2;161;140;155m+[0m[48;2;161;140;155m[38;2;161;140;155m+[0m[48;2;161;140;155m[38;2;161;140;155m+[0m[48;2;161;140;155m[38;2;161;140;155m+[0m[48;2;161;140;155m[38;2;161;140;155m+[0m[48;2;161;140;155m[38;2;161;140;155m+[0m[48;2;161;140;155m[38;2;161;140;155m+[0m[48;2;161;140;155m[38;2;161;140;155m+[0m[48;2;161;140;155m[38;2;161;140;155m+[0m[48;2;161;140;155m[38;2;161;140;155m+[0m[48;2;160;139;154m[38;2;160;139;154m+[0m[48;2;156;137;151m[38;2;156;137;151m*[0m[48;2;96;83;95m[38;2;96;83;95m@[0m[48;2;31;24;33m[38;2;31;24;33m▓[0m[48;2;50;47;53m[38;2;50;47;53m▒[0m[48;2;50;46;53m[38;2;50;46;53m▒[0m[48;2;172;168;173m[38;2;172;168;173m=[0m[48;2;190;186;191m[38;2;190;186;191m-[0m[48;2;174;171;175m[38;2;174;171;175m=[0m[48;2;171;168;172m[38;2;171;168;172m=[0m[48;2;95;91;95m[38;2;95;91;95m%[0m[48;2;70;66;69m[38;2;70;66;69m░[0m[48;2;157;142;151m[38;2;157;142;151m+[0m[48;2;144;129;139m[38;2;144;129;139m*[0m[48;2;39;32;37m[38;2;39;32;37m▓[0m[48;2;228;228;228m[38;2;228;228;228m.[0m                           
                                          [48;2;113;111;113m[38;2;113;111;113m#[0m[48;2;32;24;30m[38;2;32;24;30m▓[0m[48;2;112;99;109m[38;2;112;99;109m%[0m[48;2;158;140;153m[38;2;158;140;153m+[0m[48;2;161;140;155m[38;2;161;140;155m+[0m[48;2;161;140;155m[38;2;161;140;155m+[0m[48;2;161;140;155m[38;2;161;140;155m+[0m[48;2;161;141;155m[38;2;161;141;155m+[0m[48;2;123;108;120m[38;2;123;108;120m#[0m[48;2;29;20;29m[38;2;29;20;29m▓[0m[48;2;27;20;28m[38;2;27;20;28m▓[0m[48;2;14;8;16m[38;2;14;8;16m█[0m[48;2;81;74;82m[38;2;81;74;82m@[0m[48;2;63;53;61m[38;2;63;53;61m░[0m[48;2;74;61;71m[38;2;74;61;71m░[0m[48;2;112;98;110m[38;2;112;98;110m%[0m[48;2;147;129;143m[38;2;147;129;143m*[0m[48;2;161;140;155m[38;2;161;140;155m+[0m[48;2;161;140;155m[38;2;161;140;155m+[0m[48;2;161;140;155m[38;2;161;140;155m+[0m[48;2;161;140;155m[38;2;161;140;155m+[0m[48;2;161;140;155m[38;2;161;140;155m+[0m[48;2;161;140;155m[38;2;161;140;155m+[0m[48;2;161;140;155m[38;2;161;140;155m+[0m[48;2;161;140;155m[38;2;161;140;155m+[0m[48;2;161;140;155m[38;2;161;140;155m+[0m[48;2;161;140;155m[38;2;161;140;155m+[0m[48;2;160;140;155m[38;2;160;140;155m+[0m[48;2;158;139;153m[38;2;158;139;153m*[0m[48;2;135;121;133m[38;2;135;121;133m#[0m[48;2;121;110;121m[38;2;121;110;121m#[0m[48;2;108;99;107m[38;2;108;99;107m%[0m[48;2;103;94;102m[38;2;103;94;102m%[0m[48;2;109;99;108m[38;2;109;99;108m%[0m[48;2;108;98;106m[38;2;108;98;106m%[0m[48;2;130;118;127m[38;2;130;118;127m#[0m[48;2;157;144;153m[38;2;157;144;153m+[0m[48;2;152;136;146m[38;2;152;136;146m*[0m[48;2;125;108;118m[38;2;125;108;118m#[0m[48;2;22;12;18m[38;2;22;12;18m█[0m[48;2;113;110;113m[38;2;113;110;113m#[0m                           
                                          [48;2;228;228;228m[38;2;228;228;228m.[0m[48;2;43;41;43m[38;2;43;41;43m▒[0m[48;2;83;76;82m[38;2;83;76;82m@[0m[48;2;55;47;55m[38;2;55;47;55m▒[0m[48;2;150;135;147m[38;2;150;135;147m*[0m[48;2;161;140;155m[38;2;161;140;155m+[0m[48;2;161;140;155m[38;2;161;140;155m+[0m[48;2;161;140;155m[38;2;161;140;155m+[0m[48;2;161;140;155m[38;2;161;140;155m+[0m[48;2;159;138;153m[38;2;159;138;153m*[0m[48;2;158;138;152m[38;2;158;138;152m*[0m[48;2;128;109;123m[38;2;128;109;123m#[0m[48;2;56;41;53m[38;2;56;41;53m▒[0m[48;2;88;77;86m[38;2;88;77;86m@[0m[48;2;87;78;86m[38;2;87;78;86m@[0m[48;2;18;12;19m[38;2;18;12;19m█[0m[48;2;10;3;10m[38;2;10;3;10m█[0m[48;2;50;41;49m[38;2;50;41;49m▒[0m[48;2;158;140;154m[38;2;158;140;154m+[0m[48;2;158;137;152m[38;2;158;137;152m*[0m[48;2;145;126;140m[38;2;145;126;140m*[0m[48;2;160;141;155m[38;2;160;141;155m+[0m[48;2;161;140;155m[38;2;161;140;155m+[0m[48;2;161;140;155m[38;2;161;140;155m+[0m[48;2;161;140;155m[38;2;161;140;155m+[0m[48;2;161;140;155m[38;2;161;140;155m+[0m[48;2;161;140;155m[38;2;161;140;155m+[0m[48;2;161;140;155m[38;2;161;140;155m+[0m[48;2;161;140;155m[38;2;161;140;155m+[0m[48;2;161;140;155m[38;2;161;140;155m+[0m[48;2;160;141;155m[38;2;160;141;155m+[0m[48;2;105;87;100m[38;2;105;87;100m%[0m[48;2;74;59;70m[38;2;74;59;70m░[0m[48;2;71;58;68m[38;2;71;58;68m░[0m[48;2;71;58;68m[38;2;71;58;68m░[0m[48;2;70;58;67m[38;2;70;58;67m░[0m[48;2;70;57;67m[38;2;70;57;67m░[0m[48;2;77;64;75m[38;2;77;64;75m░[0m[48;2;97;83;96m[38;2;97;83;96m@[0m[48;2;131;120;130m[38;2;131;120;130m#[0m[48;2;42;36;43m[38;2;42;36;43m▒[0m[48;2;197;196;197m[38;2;197;196;197m-[0m                          
                                           [48;2;215;215;215m[38;2;215;215;215m:[0m[48;2;93;92;94m[38;2;93;92;94m%[0m[48;2;61;58;62m[38;2;61;58;62m░[0m[48;2;61;56;63m[38;2;61;56;63m░[0m[48;2;106;97;106m[38;2;106;97;106m%[0m[48;2;157;140;153m[38;2;157;140;153m+[0m[48;2;161;140;155m[38;2;161;140;155m+[0m[48;2;161;140;155m[38;2;161;140;155m+[0m[48;2;161;140;155m[38;2;161;140;155m+[0m[48;2;161;140;155m[38;2;161;140;155m+[0m[48;2;161;140;155m[38;2;161;140;155m+[0m[48;2;160;140;154m[38;2;160;140;154m+[0m[48;2;127;111;124m[38;2;127;111;124m#[0m[48;2;95;80;90m[38;2;95;80;90m@[0m[48;2;82;69;78m[38;2;82;69;78m@[0m[48;2;119;104;115m[38;2;119;104;115m#[0m[48;2;149;131;144m[38;2;149;131;144m*[0m[48;2;161;141;155m[38;2;161;141;155m+[0m[48;2;151;131;145m[38;2;151;131;145m*[0m[48;2;71;55;67m[38;2;71;55;67m░[0m[48;2;68;53;65m[38;2;68;53;65m░[0m[48;2;98;81;94m[38;2;98;81;94m@[0m[48;2;118;100;114m[38;2;118;100;114m%[0m[48;2;82;66;79m[38;2;82;66;79m░[0m[48;2;47;33;45m[38;2;47;33;45m▒[0m[48;2;69;56;67m[38;2;69;56;67m░[0m[48;2;80;66;78m[38;2;80;66;78m░[0m[48;2;90;76;88m[38;2;90;76;88m@[0m[48;2;98;84;96m[38;2;98;84;96m@[0m[48;2;102;88;100m[38;2;102;88;100m%[0m[48;2;102;89;101m[38;2;102;89;101m%[0m[48;2;107;92;105m[38;2;107;92;105m%[0m[48;2;109;95;108m[38;2;109;95;108m%[0m[48;2;108;97;108m[38;2;108;97;108m%[0m[48;2;102;93;101m[38;2;102;93;101m%[0m[48;2;96;86;94m[38;2;96;86;94m@[0m[48;2;91;81;89m[38;2;91;81;89m@[0m[48;2;77;68;76m[38;2;77;68;76m░[0m[48;2;47;41;47m[38;2;47;41;47m▒[0m[48;2;107;103;109m[38;2;107;103;109m%[0m                           
                                              [48;2;82;79;83m[38;2;82;79;83m@[0m[48;2;7;4;9m[38;2;7;4;9m█[0m[48;2;36;28;37m[38;2;36;28;37m▓[0m[48;2;95;83;94m[38;2;95;83;94m@[0m[48;2;150;133;146m[38;2;150;133;146m*[0m[48;2;160;141;155m[38;2;160;141;155m+[0m[48;2;161;140;155m[38;2;161;140;155m+[0m[48;2;161;140;155m[38;2;161;140;155m+[0m[48;2;161;140;155m[38;2;161;140;155m+[0m[48;2;160;140;154m[38;2;160;140;154m+[0m[48;2;160;140;154m[38;2;160;140;154m+[0m[48;2;122;101;114m[38;2;122;101;114m%[0m[48;2;99;81;92m[38;2;99;81;92m@[0m[48;2;151;132;146m[38;2;151;132;146m*[0m[48;2;160;141;155m[38;2;160;141;155m+[0m[48;2;161;140;155m[38;2;161;140;155m+[0m[48;2;161;141;155m[38;2;161;141;155m+[0m[48;2;155;136;150m[38;2;155;136;150m*[0m[48;2;133;115;129m[38;2;133;115;129m#[0m[48;2;114;98;111m[38;2;114;98;111m%[0m[48;2;102;87;100m[38;2;102;87;100m%[0m[48;2;100;86;98m[38;2;100;86;98m%[0m[48;2;100;85;97m[38;2;100;85;97m@[0m[48;2;102;86;99m[38;2;102;86;99m%[0m[48;2;105;90;103m[38;2;105;90;103m%[0m[48;2;113;97;110m[38;2;113;97;110m%[0m[48;2;120;103;116m[38;2;120;103;116m%[0m[48;2;123;106;119m[38;2;123;106;119m#[0m[48;2;118;102;115m[38;2;118;102;115m%[0m[48;2;117;101;114m[38;2;117;101;114m%[0m[48;2;102;89;100m[38;2;102;89;100m%[0m[48;2;49;41;49m[38;2;49;41;49m▒[0m[48;2;61;55;62m[38;2;61;55;62m░[0m[48;2;198;195;200m[38;2;198;195;200m-[0m[48;2;230;228;231m[38;2;230;228;231m.[0m                             
                                             [48;2;118;117;120m[38;2;118;117;120m#[0m[48;2;18;15;25m[38;2;18;15;25m█[0m[48;2;14;10;22m[38;2;14;10;22m█[0m[48;2;12;9;17m[38;2;12;9;17m█[0m[48;2;33;23;63m[38;2;33;23;63m▓[0m[48;2;53;42;78m[38;2;53;42;78m▒[0m[48;2;63;53;69m[38;2;63;53;69m░[0m[48;2;89;75;90m[38;2;89;75;90m@[0m[48;2;122;105;119m[38;2;122;105;119m#[0m[48;2;148;130;144m[38;2;148;130;144m*[0m[48;2;160;140;155m[38;2;160;140;155m+[0m[48;2;160;141;155m[38;2;160;141;155m+[0m[48;2;159;139;154m[38;2;159;139;154m+[0m[48;2;118;102;113m[38;2;118;102;113m%[0m[48;2;65;54;64m[38;2;65;54;64m░[0m[48;2;50;40;49m[38;2;50;40;49m▒[0m[48;2;61;53;61m[38;2;61;53;61m░[0m[48;2;85;75;85m[38;2;85;75;85m@[0m[48;2;107;91;104m[38;2;107;91;104m%[0m[48;2;124;107;120m[38;2;124;107;120m#[0m[48;2;137;121;134m[38;2;137;121;134m#[0m[48;2;148;132;144m[38;2;148;132;144m*[0m[48;2;152;135;148m[38;2;152;135;148m*[0m[48;2;152;135;149m[38;2;152;135;149m*[0m[48;2;153;135;149m[38;2;153;135;149m*[0m[48;2;151;133;147m[38;2;151;133;147m*[0m[48;2;137;120;133m[38;2;137;120;133m#[0m[48;2;124;107;120m[38;2;124;107;120m#[0m[48;2;100;84;96m[38;2;100;84;96m@[0m[48;2;79;64;76m[38;2;79;64;76m░[0m[48;2;74;63;72m[38;2;74;63;72m░[0m[48;2;113;106;112m[38;2;113;106;112m%[0m[48;2;189;186;190m[38;2;189;186;190m-[0m                                
                                            [48;2;179;178;180m[38;2;179;178;180m=[0m[48;2;14;12;20m[38;2;14;12;20m█[0m[48;2;35;30;47m[38;2;35;30;47m▓[0m[48;2;36;30;50m[38;2;36;30;50m▓[0m[48;2;18;14;25m[38;2;18;14;25m█[0m[48;2;46;35;91m[38;2;46;35;91m▒[0m[48;2;96;81;154m[38;2;96;81;154m%[0m[48;2;102;92;132m[38;2;102;92;132m%[0m[48;2;38;20;111m[38;2;38;20;111m▓[0m[48;2;9;4;21m[38;2;9;4;21m█[0m[48;2;39;27;83m[38;2;39;27;83m▒[0m[48;2;41;31;71m[38;2;41;31;71m▒[0m[48;2;55;45;80m[38;2;55;45;80m▒[0m[48;2;65;55;71m[38;2;65;55;71m░[0m[48;2;79;69;84m[38;2;79;69;84m@[0m[48;2;98;87;98m[38;2;98;87;98m%[0m[48;2;102;92;102m[38;2;102;92;102m%[0m[48;2;76;66;76m[38;2;76;66;76m░[0m[48;2;49;42;51m[38;2;49;42;51m▒[0m[48;2;26;20;27m[38;2;26;20;27m▓[0m[48;2;6;1;7m[38;2;6;1;7m█[0m[48;2;4;0;5m[38;2;4;0;5m█[0m[48;2;4;0;6m[38;2;4;0;6m█[0m[48;2;5;1;7m[38;2;5;1;7m█[0m[48;2;6;2;8m[38;2;6;2;8m█[0m[48;2;7;2;8m[38;2;7;2;8m█[0m[48;2;9;3;11m[38;2;9;3;11m█[0m[48;2;7;1;11m[38;2;7;1;11m█[0m[48;2;8;3;15m[38;2;8;3;15m█[0m[48;2;22;18;30m[38;2;22;18;30m▓[0m[48;2;104;100;109m[38;2;104;100;109m%[0m[48;2;179;177;181m[38;2;179;177;181m=[0m[48;2;239;239;240m[38;2;239;239;240m [0m                                 
                                           [48;2;239;239;239m[38;2;239;239;239m [0m[48;2;32;32;34m[38;2;32;32;34m▓[0m[48;2;32;28;41m[38;2;32;28;41m▓[0m[48;2;36;31;50m[38;2;36;31;50m▓[0m[48;2;37;31;51m[38;2;37;31;51m▓[0m[48;2;21;17;30m[38;2;21;17;30m▓[0m[48;2;40;29;84m[38;2;40;29;84m▒[0m[48;2;90;77;150m[38;2;90;77;150m@[0m[48;2;101;92;141m[38;2;101;92;141m%[0m[48;2;59;39;147m[38;2;59;39;147m░[0m[48;2;8;3;27m[38;2;8;3;27m█[0m[48;2;28;18;63m[38;2;28;18;63m▓[0m[48;2;80;64;155m[38;2;80;64;155m@[0m[48;2;71;54;161m[38;2;71;54;161m░[0m[48;2;81;68;159m[38;2;81;68;159m@[0m[48;2;58;41;159m[38;2;58;41;159m░[0m[48;2;69;55;141m[38;2;69;55;141m░[0m[48;2;51;39;106m[38;2;51;39;106m▒[0m[48;2;13;5;41m[38;2;13;5;41m█[0m[48;2;8;3;12m[38;2;8;3;12m█[0m[48;2;24;19;31m[38;2;24;19;31m▓[0m[48;2;25;20;33m[38;2;25;20;33m▓[0m[48;2;24;20;33m[38;2;24;20;33m▓[0m[48;2;24;19;33m[38;2;24;19;33m▓[0m[48;2;24;20;35m[38;2;24;20;35m▓[0m[48;2;25;20;36m[38;2;25;20;36m▓[0m[48;2;25;21;37m[38;2;25;21;37m▓[0m[48;2;28;23;40m[38;2;28;23;40m▓[0m[48;2;33;27;45m[38;2;33;27;45m▓[0m[48;2;35;29;50m[38;2;35;29;50m▓[0m[48;2;37;31;53m[38;2;37;31;53m▓[0m[48;2;35;29;48m[38;2;35;29;48m▓[0m[48;2;26;21;38m[38;2;26;21;38m▓[0m[48;2;26;22;35m[38;2;26;22;35m▓[0m[48;2;85;83;90m[38;2;85;83;90m@[0m[48;2;176;175;178m[38;2;176;175;178m=[0m                               
                                           [48;2;143;143;143m[38;2;143;143;143m*[0m[48;2;19;18;24m[38;2;19;18;24m▓[0m[48;2;37;31;51m[38;2;37;31;51m▓[0m[48;2;37;31;52m[38;2;37;31;52m▓[0m[48;2;37;31;52m[38;2;37;31;52m▓[0m[48;2;29;24;42m[38;2;29;24;42m▓[0m[48;2;19;12;45m[38;2;19;12;45m█[0m[48;2;86;74;142m[38;2;86;74;142m@[0m[48;2;95;82;152m[38;2;95;82;152m%[0m[48;2;82;65;155m[38;2;82;65;155m@[0m[48;2;20;10;63m[38;2;20;10;63m▓[0m[48;2;125;121;128m[38;2;125;121;128m#[0m[48;2;30;24;51m[38;2;30;24;51m▓[0m[48;2;68;55;139m[38;2;68;55;139m░[0m[48;2;77;62;160m[38;2;77;62;160m@[0m[48;2;80;65;167m[38;2;80;65;167m@[0m[48;2;75;61;159m[38;2;75;61;159m@[0m[48;2;46;34;104m[38;2;46;34;104m▒[0m[48;2;15;11;24m[38;2;15;11;24m█[0m[48;2;51;47;56m[38;2;51;47;56m▒[0m[48;2;47;43;55m[38;2;47;43;55m▒[0m[48;2;38;33;51m[38;2;38;33;51m▓[0m[48;2;37;31;52m[38;2;37;31;52m▓[0m[48;2;37;31;52m[38;2;37;31;52m▓[0m[48;2;37;31;52m[38;2;37;31;52m▓[0m[48;2;37;31;52m[38;2;37;31;52m▓[0m[48;2;37;31;52m[38;2;37;31;52m▓[0m[48;2;37;31;52m[38;2;37;31;52m▓[0m[48;2;37;31;52m[38;2;37;31;52m▓[0m[48;2;37;31;52m[38;2;37;31;52m▓[0m[48;2;37;31;52m[38;2;37;31;52m▓[0m[48;2;37;31;52m[38;2;37;31;52m▓[0m[48;2;37;31;52m[38;2;37;31;52m▓[0m[48;2;37;31;52m[38;2;37;31;52m▓[0m[48;2;35;29;50m[38;2;35;29;50m▓[0m[48;2;24;19;35m[38;2;24;19;35m▓[0m[48;2;46;43;51m[38;2;46;43;51m▒[0m[48;2;153;152;155m[38;2;153;152;155m+[0m                             
                                           [48;2;43;43;44m[38;2;43;43;44m▒[0m[48;2;32;29;42m[38;2;32;29;42m▓[0m[48;2;37;31;52m[38;2;37;31;52m▓[0m[48;2;37;31;52m[38;2;37;31;52m▓[0m[48;2;37;31;52m[38;2;37;31;52m▓[0m[48;2;37;31;51m[38;2;37;31;51m▓[0m[48;2;23;18;35m[38;2;23;18;35m▓[0m[48;2;21;17;34m[38;2;21;17;34m▓[0m[48;2;25;21;38m[38;2;25;21;38m▓[0m[48;2;40;35;53m[38;2;40;35;53m▒[0m[48;2;15;8;35m[38;2;15;8;35m█[0m[48;2;92;89;95m[38;2;92;89;95m@[0m[48;2;200;197;202m[38;2;200;197;202m-[0m[48;2;73;70;82m[38;2;73;70;82m░[0m[48;2;37;28;81m[38;2;37;28;81m▒[0m[48;2;60;51;107m[38;2;60;51;107m░[0m[48;2;47;45;62m[38;2;47;45;62m▒[0m[48;2;165;163;167m[38;2;165;163;167m+[0m[48;2;136;133;139m[38;2;136;133;139m*[0m[48;2;40;36;44m[38;2;40;36;44m▒[0m[48;2;44;40;51m[38;2;44;40;51m▒[0m[48;2;64;60;75m[38;2;64;60;75m░[0m[48;2;58;53;70m[38;2;58;53;70m░[0m[48;2;40;35;53m[38;2;40;35;53m▒[0m[48;2;37;31;51m[38;2;37;31;51m▓[0m[48;2;37;31;52m[38;2;37;31;52m▓[0m[48;2;37;31;52m[38;2;37;31;52m▓[0m[48;2;37;31;52m[38;2;37;31;52m▓[0m[48;2;37;31;52m[38;2;37;31;52m▓[0m[48;2;37;31;52m[38;2;37;31;52m▓[0m[48;2;37;31;52m[38;2;37;31;52m▓[0m[48;2;37;31;52m[38;2;37;31;52m▓[0m[48;2;37;31;52m[38;2;37;31;52m▓[0m[48;2;37;31;52m[38;2;37;31;52m▓[0m[48;2;37;31;52m[38;2;37;31;52m▓[0m[48;2;37;31;52m[38;2;37;31;52m▓[0m[48;2;37;31;51m[38;2;37;31;51m▓[0m[48;2;26;21;37m[38;2;26;21;37m▓[0m[48;2;48;46;54m[38;2;48;46;54m▒[0m[48;2;200;199;201m[38;2;200;199;201m-[0m                           
                                          [48;2;224;224;224m[38;2;224;224;224m.[0m[48;2;10;10;12m[38;2;10;10;12m█[0m[48;2;36;32;47m[38;2;36;32;47m▓[0m[48;2;37;31;52m[38;2;37;31;52m▓[0m[48;2;37;31;52m[38;2;37;31;52m▓[0m[48;2;37;31;52m[38;2;37;31;52m▓[0m[48;2;37;31;52m[38;2;37;31;52m▓[0m[48;2;37;31;52m[38;2;37;31;52m▓[0m[48;2;37;31;52m[38;2;37;31;52m▓[0m[48;2;37;32;50m[38;2;37;32;50m▓[0m[48;2;78;73;86m[38;2;78;73;86m@[0m[48;2;15;12;21m[38;2;15;12;21m█[0m[48;2;4;1;10m[38;2;4;1;10m█[0m[48;2;93;90;96m[38;2;93;90;96m%[0m[48;2;210;208;212m[38;2;210;208;212m:[0m[48;2;188;186;189m[38;2;188;186;189m-[0m[48;2;63;60;64m[38;2;63;60;64m░[0m[48;2;52;50;54m[38;2;52;50;54m▒[0m[48;2;166;164;168m[38;2;166;164;168m=[0m[48;2;240;239;241m[38;2;240;239;241m [0m[48;2;240;238;242m[38;2;240;238;242m [0m[48;2;77;74;81m[38;2;77;74;81m@[0m[48;2;44;40;50m[38;2;44;40;50m▒[0m[48;2;30;26;36m[38;2;30;26;36m▓[0m[48;2;56;52;65m[38;2;56;52;65m▒[0m[48;2;64;59;74m[38;2;64;59;74m░[0m[48;2;54;49;67m[38;2;54;49;67m▒[0m[48;2;37;32;51m[38;2;37;32;51m▓[0m[48;2;37;31;52m[38;2;37;31;52m▓[0m[48;2;37;31;52m[38;2;37;31;52m▓[0m[48;2;37;31;52m[38;2;37;31;52m▓[0m[48;2;37;31;52m[38;2;37;31;52m▓[0m[48;2;37;31;52m[38;2;37;31;52m▓[0m[48;2;37;31;52m[38;2;37;31;52m▓[0m[48;2;37;31;52m[38;2;37;31;52m▓[0m[48;2;37;31;52m[38;2;37;31;52m▓[0m[48;2;37;31;52m[38;2;37;31;52m▓[0m[48;2;37;31;52m[38;2;37;31;52m▓[0m[48;2;37;31;52m[38;2;37;31;52m▓[0m[48;2;34;29;46m[38;2;34;29;46m▓[0m[48;2;18;15;23m[38;2;18;15;23m█[0m[48;2;168;167;169m[38;2;168;167;169m=[0m                          