                                                                                                              
                                                                                                              
                                                                                                              
                                                                                                              
                                                                                                              
                                                                                                              
                                                                                                              
                                                                                                              
                                                                                                              
                                                                                                              
                                                                                                              
                                                                                                              
                                                                                                              
                                                   [48;2;180;180;180m[38;2;180;180;180m=[0m[48;2;128;128;129m[38;2;128;128;129m*[0m[48;2;94;94;96m[38;2;94;94;96m%[0m[48;2;69;68;72m[38;2;69;68;72m░[0m[48;2;55;54;59m[38;2;55;54;59m░[0m[48;2;45;43;51m[38;2;45;43;51m▒[0m[48;2;44;43;50m[38;2;44;43;50m▒[0m[48;2;53;52;58m[38;2;53;52;58m▒[0m[48;2;68;67;73m[38;2;68;67;73m░[0m[48;2;96;95;101m[38;2;96;95;101m%[0m[48;2;145;144;147m[38;2;145;144;147m*[0m[48;2;204;203;205m[38;2;204;203;205m:[0m                                               
                                                 [48;2;161;160;162m[38;2;161;160;162m+[0m[48;2;33;32;38m[38;2;33;32;38m▓[0m[48;2;27;26;37m[38;2;27;26;37m▓[0m[48;2;38;38;51m[38;2;38;38;51m▒[0m[48;2;41;42;57m[38;2;41;42;57m▒[0m[48;2;42;43;59m[38;2;42;43;59m▒[0m[48;2;42;43;59m[38;2;42;43;59m▒[0m[48;2;42;43;59m[38;2;42;43;59m▒[0m[48;2;42;43;59m[38;2;42;43;59m▒[0m[48;2;42;43;59m[38;2;42;43;59m▒[0m[48;2;41;43;59m[38;2;41;43;59m▒[0m[48;2;40;41;57m[38;2;40;41;57m▒[0m[48;2;35;35;51m[38;2;35;35;51m▒[0m[48;2;25;23;37m[38;2;25;23;37m▓[0m[48;2;45;43;52m[38;2;45;43;52m▒[0m[48;2;132;131;136m[38;2;132;131;136m*[0m[48;2;237;237;238m[38;2;237;237;238m.[0m                                            
                                                [48;2;96;95;98m[38;2;96;95;98m%[0m[48;2;23;21;30m[38;2;23;21;30m▓[0m[48;2;42;41;57m[38;2;42;41;57m▒[0m[48;2;41;43;59m[38;2;41;43;59m▒[0m[48;2;40;44;59m[38;2;40;44;59m▒[0m[48;2;40;44;59m[38;2;40;44;59m▒[0m[48;2;40;44;59m[38;2;40;44;59m▒[0m[48;2;40;44;59m[38;2;40;44;59m▒[0m[48;2;40;44;59m[38;2;40;44;59m▒[0m[48;2;40;44;59m[38;2;40;44;59m▒[0m[48;2;40;44;59m[38;2;40;44;59m▒[0m[48;2;40;44;59m[38;2;40;44;59m▒[0m[48;2;40;44;59m[38;2;40;44;59m▒[0m[48;2;41;43;59m[38;2;41;43;59m▒[0m[48;2;41;43;59m[38;2;41;43;59m▒[0m[48;2;42;42;59m[38;2;42;42;59m▒[0m[48;2;34;32;46m[38;2;34;32;46m▓[0m[48;2;27;25;33m[38;2;27;25;33m▓[0m[48;2;89;87;91m[38;2;89;87;91m@[0m[48;2;188;187;189m[38;2;188;187;189m-[0m                                          
                                              [48;2;189;189;189m[38;2;189;189;189m-[0m[48;2;84;84;86m[38;2;84;84;86m@[0m[48;2;28;26;35m[38;2;28;26;35m▓[0m[48;2;44;42;58m[38;2;44;42;58m▒[0m[48;2;41;43;59m[38;2;41;43;59m▒[0m[48;2;40;44;59m[38;2;40;44;59m▒[0m[48;2;40;44;59m[38;2;40;44;59m▒[0m[48;2;40;44;59m[38;2;40;44;59m▒[0m[48;2;40;44;59m[38;2;40;44;59m▒[0m[48;2;40;44;59m[38;2;40;44;59m▒[0m[48;2;40;44;59m[38;2;40;44;59m▒[0m[48;2;40;44;59m[38;2;40;44;59m▒[0m[48;2;40;44;59m[38;2;40;44;59m▒[0m[48;2;40;44;59m[38;2;40;44;59m▒[0m[48;2;40;44;59m[38;2;40;44;59m▒[0m[48;2;40;44;59m[38;2;40;44;59m▒[0m[48;2;41;43;59m[38;2;41;43;59m▒[0m[48;2;41;43;59m[38;2;41;43;59m▒[0m[48;2;43;42;59m[38;2;43;42;59m▒[0m[48;2;78;76;84m[38;2;78;76;84m@[0m[48;2;10;7;15m[38;2;10;7;15m█[0m[48;2;55;51;58m[38;2;55;51;58m▒[0m[48;2;103;101;105m[38;2;103;101;105m%[0m                                         
                                             [48;2;144;143;145m[38;2;144;143;145m*[0m[48;2;5;4;8m[38;2;5;4;8m█[0m[48;2;21;20;28m[38;2;21;20;28m▓[0m[48;2;43;42;56m[38;2;43;42;56m▒[0m[48;2;41;43;59m[38;2;41;43;59m▒[0m[48;2;40;44;59m[38;2;40;44;59m▒[0m[48;2;40;44;59m[38;2;40;44;59m▒[0m[48;2;40;44;59m[38;2;40;44;59m▒[0m[48;2;40;44;59m[38;2;40;44;59m▒[0m[48;2;40;44;59m[38;2;40;44;59m▒[0m[48;2;40;44;59m[38;2;40;44;59m▒[0m[48;2;40;44;59m[38;2;40;44;59m▒[0m[48;2;40;44;59m[38;2;40;44;59m▒[0m[48;2;40;44;59m[38;2;40;44;59m▒[0m[48;2;40;44;59m[38;2;40;44;59m▒[0m[48;2;40;44;59m[38;2;40;44;59m▒[0m[48;2;40;44;59m[38;2;40;44;59m▒[0m[48;2;40;44;59m[38;2;40;44;59m▒[0m[48;2;40;44;59m[38;2;40;44;59m▒[0m[48;2;57;56;72m[38;2;57;56;72m░[0m[48;2;68;66;78m[38;2;68;66;78m░[0m[48;2;17;14;24m[38;2;17;14;24m█[0m[48;2;108;98;109m[38;2;108;98;109m%[0m[48;2;96;85;94m[38;2;96;85;94m@[0m[48;2;94;90;95m[38;2;94;90;95m%[0m                                        
                                             [48;2;42;41;44m[38;2;42;41;44m▒[0m[48;2;8;6;12m[38;2;8;6;12m█[0m[48;2;42;41;55m[38;2;42;41;55m▒[0m[48;2;41;43;59m[38;2;41;43;59m▒[0m[48;2;40;44;59m[38;2;40;44;59m▒[0m[48;2;40;44;59m[38;2;40;44;59m▒[0m[48;2;40;44;59m[38;2;40;44;59m▒[0m[48;2;40;44;59m[38;2;40;44;59m▒[0m[48;2;40;44;59m[38;2;40;44;59m▒[0m[48;2;40;44;59m[38;2;40;44;59m▒[0m[48;2;40;44;59m[38;2;40;44;59m▒[0m[48;2;40;44;59m[38;2;40;44;59m▒[0m[48;2;40;44;59m[38;2;40;44;59m▒[0m[48;2;40;44;59m[38;2;40;44;59m▒[0m[48;2;40;44;59m[38;2;40;44;59m▒[0m[48;2;40;44;59m[38;2;40;44;59m▒[0m[48;2;40;44;59m[38;2;40;44;59m▒[0m[48;2;40;44;59m[38;2;40;44;59m▒[0m[48;2;43;46;61m[38;2;43;46;61m▒[0m[48;2;59;58;74m[38;2;59;58;74m░[0m[48;2;42;38;53m[38;2;42;38;53m▒[0m[48;2;17;12;24m[38;2;17;12;24m█[0m[48;2;109;97;109m[38;2;109;97;109m%[0m[48;2;104;89;100m[38;2;104;89;100m%[0m[48;2;63;54;61m[38;2;63;54;61m░[0m[48;2;169;167;169m[38;2;169;167;169m=[0m                                       
                                           [48;2;230;229;230m[38;2;230;229;230m.[0m[48;2;55;53;57m[38;2;55;53;57m▒[0m[48;2;38;35;41m[38;2;38;35;41m▒[0m[48;2;21;19;28m[38;2;21;19;28m▓[0m[48;2;43;42;58m[38;2;43;42;58m▒[0m[48;2;41;43;59m[38;2;41;43;59m▒[0m[48;2;40;44;59m[38;2;40;44;59m▒[0m[48;2;40;44;59m[38;2;40;44;59m▒[0m[48;2;40;44;59m[38;2;40;44;59m▒[0m[48;2;40;44;59m[38;2;40;44;59m▒[0m[48;2;40;44;59m[38;2;40;44;59m▒[0m[48;2;40;44;59m[38;2;40;44;59m▒[0m[48;2;40;44;59m[38;2;40;44;59m▒[0m[48;2;40;44;59m[38;2;40;44;59m▒[0m[48;2;40;44;59m[38;2;40;44;59m▒[0m[48;2;40;44;59m[38;2;40;44;59m▒[0m[48;2;40;44;59m[38;2;40;44;59m▒[0m[48;2;40;44;59m[38;2;40;44;59m▒[0m[48;2;41;43;59m[38;2;41;43;59m▒[0m[48;2;43;42;61m[38;2;43;42;61m▒[0m[48;2;76;74;91m[38;2;76;74;91m@[0m[48;2;50;49;62m[38;2;50;49;62m▒[0m[48;2;22;17;30m[38;2;22;17;30m▓[0m[48;2;100;89;102m[38;2;100;89;102m%[0m[48;2;124;110;123m[38;2;124;110;123m#[0m[48;2;16;6;14m[38;2;16;6;14m█[0m[48;2;109;99;107m[38;2;109;99;107m%[0m[48;2;70;65;69m[38;2;70;65;69m░[0m                                       
                                          [48;2;237;237;237m[38;2;237;237;237m.[0m[48;2;48;47;49m[38;2;48;47;49m▒[0m[48;2;97;89;97m[38;2;97;89;97m%[0m[48;2;89;80;90m[38;2;89;80;90m@[0m[48;2;26;23;34m[38;2;26;23;34m▓[0m[48;2;42;43;58m[38;2;42;43;58m▒[0m[48;2;40;44;59m[38;2;40;44;59m▒[0m[48;2;40;44;59m[38;2;40;44;59m▒[0m[48;2;40;44;59m[38;2;40;44;59m▒[0m[48;2;40;44;59m[38;2;40;44;59m▒[0m[48;2;40;44;59m[38;2;40;44;59m▒[0m[48;2;40;44;59m[38;2;40;44;59m▒[0m[48;2;40;44;59m[38;2;40;44;59m▒[0m[48;2;40;44;59m[38;2;40;44;59m▒[0m[48;2;40;44;59m[38;2;40;44;59m▒[0m[48;2;40;44;59m[38;2;40;44;59m▒[0m[48;2;40;44;59m[38;2;40;44;59m▒[0m[48;2;41;43;59m[38;2;41;43;59m▒[0m[48;2;42;42;59m[38;2;42;42;59m▒[0m[48;2;53;51;67m[38;2;53;51;67m▒[0m[48;2;76;73;87m[38;2;76;73;87m@[0m[48;2;42;40;51m[38;2;42;40;51m▒[0m[48;2;28;24;34m[38;2;28;24;34m▓[0m[48;2;113;103;113m[38;2;113;103;113m%[0m[48;2;157;140;153m[38;2;157;140;153m+[0m[48;2;159;140;154m[38;2;159;140;154m+[0m[48;2;80;67;78m[38;2;80;67;78m░[0m[48;2;85;78;85m[38;2;85;78;85m@[0m[48;2;30;26;30m[38;2;30;26;30m▓[0m                                       
                                          [48;2;94;93;94m[38;2;94;93;94m%[0m[48;2;79;72;79m[38;2;79;72;79m@[0m[48;2;157;142;154m[38;2;157;142;154m+[0m[48;2;111;98;110m[38;2;111;98;110m%[0m[48;2;20;17;27m[38;2;20;17;27m▓[0m[48;2;42;43;58m[38;2;42;43;58m▒[0m[48;2;41;43;59m[38;2;41;43;59m▒[0m[48;2;40;44;59m[38;2;40;44;59m▒[0m[48;2;40;44;59m[38;2;40;44;59m▒[0m[48;2;40;44;59m[38;2;40;44;59m▒[0m[48;2;40;44;59m[38;2;40;44;59m▒[0m[48;2;40;44;59m[38;2;40;44;59m▒[0m[48;2;40;44;59m[38;2;40;44;59m▒[0m[48;2;40;44;59m[38;2;40;44;59m▒[0m[48;2;40;44;59m[38;2;40;44;59m▒[0m[48;2;41;44;59m[38;2;41;44;59m▒[0m[48;2;42;42;59m[38;2;42;42;59m▒[0m[48;2;53;52;67m[38;2;53;52;67m▒[0m[48;2;72;69;82m[38;2;72;69;82m░[0m[48;2;57;54;66m[38;2;57;54;66m░[0m[48;2;27;22;33m[38;2;27;22;33m▓[0m[48;2;79;68;80m[38;2;79;68;80m░[0m[48;2;150;134;147m[38;2;150;134;147m*[0m[48;2;160;141;155m[38;2;160;141;155m+[0m[48;2;161;140;155m[38;2;161;140;155m+[0m[48;2;161;140;155m[38;2;161;140;155m+[0m[48;2;120;105;117m[38;2;120;105;117m#[0m[48;2;35;32;35m[38;2;35;32;35m▓[0m[48;2;30;28;30m[38;2;30;28;30m▓[0m                                       
                                         [48;2;202;202;202m[38;2;202;202;202m:[0m[48;2;38;34;38m[38;2;38;34;38m▓[0m[48;2;153;141;150m[38;2;153;141;150m*[0m[48;2;161;141;155m[38;2;161;141;155m+[0m[48;2;117;101;113m[38;2;117;101;113m%[0m[48;2;16;7;17m[38;2;16;7;17m█[0m[48;2;33;29;42m[38;2;33;29;42m▓[0m[48;2;42;42;59m[38;2;42;42;59m▒[0m[48;2;41;43;59m[38;2;41;43;59m▒[0m[48;2;40;44;59m[38;2;40;44;59m▒[0m[48;2;40;44;59m[38;2;40;44;59m▒[0m[48;2;40;44;59m[38;2;40;44;59m▒[0m[48;2;40;44;59m[38;2;40;44;59m▒[0m[48;2;41;43;59m[38;2;41;43;59m▒[0m[48;2;49;51;67m[38;2;49;51;67m▒[0m[48;2;44;47;62m[38;2;44;47;62m▒[0m[48;2;65;66;80m[38;2;65;66;80m░[0m[48;2;65;63;75m[38;2;65;63;75m░[0m[48;2;46;43;55m[38;2;46;43;55m▒[0m[48;2;32;26;37m[38;2;32;26;37m▓[0m[48;2;84;72;83m[38;2;84;72;83m@[0m[48;2;145;128;142m[38;2;145;128;142m*[0m[48;2;161;141;155m[38;2;161;141;155m+[0m[48;2;161;140;155m[38;2;161;140;155m+[0m[48;2;161;140;155m[38;2;161;140;155m+[0m[48;2;161;140;155m[38;2;161;140;155m+[0m[48;2;161;140;155m[38;2;161;140;155m+[0m[48;2;128;112;124m[38;2;128;112;124m#[0m[48;2;7;4;8m[38;2;7;4;8m█[0m[48;2;59;57;60m[38;2;59;57;60m░[0m                                       
                                         [48;2;75;74;75m[38;2;75;74;75m@[0m[48;2;122;112;119m[38;2;122;112;119m#[0m[48;2;160;142;154m[38;2;160;142;154m+[0m[48;2;161;141;155m[38;2;161;141;155m+[0m[48;2;105;90;100m[38;2;105;90;100m%[0m[48;2;67;58;66m[38;2;67;58;66m░[0m[48;2;45;35;46m[38;2;45;35;46m▒[0m[48;2;31;26;39m[38;2;31;26;39m▓[0m[48;2;43;42;58m[38;2;43;42;58m▒[0m[48;2;41;43;58m[38;2;41;43;58m▒[0m[48;2;41;43;58m[38;2;41;43;58m▒[0m[48;2;41;44;58m[38;2;41;44;58m▒[0m[48;2;56;57;71m[38;2;56;57;71m░[0m[48;2;72;71;82m[38;2;72;71;82m░[0m[48;2;55;53;64m[38;2;55;53;64m▒[0m[48;2;28;24;37m[38;2;28;24;37m▓[0m[48;2;30;25;36m[38;2;30;25;36m▓[0m[48;2;65;57;67m[38;2;65;57;67m░[0m[48;2;117;105;116m[38;2;117;105;116m#[0m[48;2;156;141;152m[38;2;156;141;152m+[0m[48;2;160;140;154m[38;2;160;140;154m+[0m[48;2;161;140;155m[38;2;161;140;155m+[0m[48;2;161;140;155m[38;2;161;140;155m+[0m[48;2;161;140;155m[38;2;161;140;155m+[0m[48;2;161;140;155m[38;2;161;140;155m+[0m[48;2;161;140;155m[38;2;161;140;155m+[0m[48;2;161;140;155m[38;2;161;140;155m+[0m[48;2;120;104;116m[38;2;120;104;116m#[0m[48;2;72;67;71m[38;2;72;67;71m░[0m[48;2;224;221;223m[38;2;224;221;223m.[0m                                       
                                        [48;2;221;221;221m[38;2;221;221;221m.[0m[48;2;36;33;35m[38;2;36;33;35m▓[0m[48;2;157;143;153m[38;2;157;143;153m+[0m[48;2;161;141;154m[38;2;161;141;154m+[0m[48;2;161;141;155m[38;2;161;141;155m+[0m[48;2;154;136;148m[38;2;154;136;148m*[0m[48;2;37;28;35m[38;2;37;28;35m▓[0m[48;2;132;120;130m[38;2;132;120;130m#[0m[48;2;86;74;84m[38;2;86;74;84m@[0m[48;2;34;28;37m[38;2;34;28;37m▓[0m[48;2;24;20;30m[38;2;24;20;30m▓[0m[48;2;31;28;39m[38;2;31;28;39m▓[0m[48;2;48;44;54m[38;2;48;44;54m▒[0m[48;2;41;35;47m[38;2;41;35;47m▒[0m[48;2;46;39;50m[38;2;46;39;50m▒[0m[48;2;76;66;77m[38;2;76;66;77m░[0m[48;2;120;107;117m[38;2;120;107;117m#[0m[48;2;156;137;151m[38;2;156;137;151m*[0m[48;2;159;141;154m[38;2;159;141;154m+[0m[48;2;155;137;148m[38;2;155;137;148m*[0m[48;2;124;107;118m[38;2;124;107;118m#[0m[48;2;85;69;81m[38;2;85;69;81m@[0m[48;2;135;116;130m[38;2;135;116;130m#[0m[48;2;161;140;155m[38;2;161;140;155m+[0m[48;2;161;140;155m[38;2;161;140;155m+[0m[48;2;161;140;155m[38;2;161;140;155m+[0m[48;2;161;140;155m[38;2;161;140;155m+[0m[48;2;161;140;155m[38;2;161;140;155m+[0m[48;2;61;49;59m[38;2;61;49;59m▒[0m[48;2;39;35;38m[38;2;39;35;38m▓[0m[48;2;89;87;88m[38;2;89;87;88m@[0m[48;2;65;63;65m[38;2;65;63;65m░[0m[48;2;66;63;67m[38;2;66;63;67m░[0m[48;2;91;89;91m[38;2;91;89;91m@[0m[48;2;238;238;238m[38;2;238;238;238m [0m                                   
                                        [48;2;163;163;163m[38;2;163;163;163m+[0m[48;2;72;65;70m[38;2;72;65;70m░[0m[48;2;159;142;153m[38;2;159;142;153m+[0m[48;2;161;140;155m[38;2;161;140;155m+[0m[48;2;161;140;155m[38;2;161;140;155m+[0m[48;2;161;140;155m[38;2;161;140;155m+[0m[48;2;120;108;117m[38;2;120;108;117m#[0m[48;2;40;30;38m[38;2;40;30;38m▓[0m[48;2;34;24;33m[38;2;34;24;33m▓[0m[48;2;134;122;131m[38;2;134;122;131m#[0m[48;2;139;127;136m[38;2;139;127;136m*[0m[48;2;75;65;73m[38;2;75;65;73m░[0m[48;2;61;51;60m[38;2;61;51;60m░[0m[48;2;154;140;152m[38;2;154;140;152m*[0m[48;2;156;139;152m[38;2;156;139;152m*[0m[48;2;138;122;135m[38;2;138;122;135m*[0m[48;2;109;94;106m[38;2;109;94;106m%[0m[48;2;81;68;78m[38;2;81;68;78m░[0m[48;2;69;54;66m[38;2;69;54;66m░[0m[48;2;71;57;69m[38;2;71;57;69m░[0m[48;2;101;86;98m[38;2;101;86;98m%[0m[48;2;140;123;136m[38;2;140;123;136m*[0m[48;2;159;141;155m[38;2;159;141;155m+[0m[48;2;161;140;155m[38;2;161;140;155m+[0m[48;2;161;140;155m[38;2;161;140;155m+[0m[48;2;161;140;155m[38;2;161;140;155m+[0m[48;2;161;140;155m[38;2;161;140;155m+[0m[48;2;131;112;126m[38;2;131;112;126m#[0m[48;2;17;9;16m[38;2;17;9;16m█[0m[48;2;18;13;20m[38;2;18;13;20m█[0m[48;2;125;122;126m[38;2;125;122;126m#[0m[48;2;235;233;236m[38;2;235;233;236m.[0m[48;2;61;58;61m[38;2;61;58;61m░[0m[48;2;61;58;61m[38;2;61;58;61m░[0m                                    
                                        [48;2;147;147;147m[38;2;147;147;147m+[0m[48;2;82;74;80m[38;2;82;74;80m@[0m[48;2;161;141;155m[38;2;161;141;155m+[0m[48;2;161;140;155m[38;2;161;140;155m+[0m[48;2;161;140;155m[38;2;161;140;155m+[0m[48;2;161;140;155m[38;2;161;140;155m+[0m[48;2;160;141;155m[38;2;160;141;155m+[0m[48;2;125;110;121m[38;2;125;110;121m#[0m[48;2;37;27;35m[38;2;37;27;35m▓[0m[48;2;41;33;41m[38;2;41;33;41m▓[0m[48;2;28;21;28m[38;2;28;21;28m▓[0m[48;2;10;4;11m[38;2;10;4;11m█[0m[48;2;48;43;49m[38;2;48;43;49m▒[0m[48;2;66;57;67m[38;2;66;57;67m░[0m[48;2;73;60;72m[38;2;73;60;72m░[0m[48;2;88;75;86m[38;2;88;75;86m@[0m[48;2;114;101;113m[38;2;114;101;113m%[0m[48;2;144;128;141m[38;2;144;128;141m*[0m[48;2;158;140;154m[38;2;158;140;154m+[0m[48;2;161;140;155m[38;2;161;140;155m+[0m[48;2;161;140;155m[38;2;161;140;155m+[0m[48;2;161;140;155m[38;2;161;140;155m+[0m[48;2;161;140;155m[38;2;161;140;155m+[0m[48;2;161;140;155m[38;2;161;140;155m+[0m[48;2;161;140;155m[38;2;161;140;155m+[0m[48;2;161;140;155m[38;2;161;140;155m+[0m[48;2;159;138;153m[38;2;159;138;153m*[0m[48;2;45;33;42m[38;2;45;33;42m▒[0m[48;2;21;16;24m[38;2;21;16;24m▓[0m[48;2;34;30;40m[38;2;34;30;40m▓[0m[48;2;42;39;46m[38;2;42;39;46m▒[0m [48;2;189;186;189m[38;2;189;186;189m-[0m[48;2;79;75;79m[38;2;79;75;79m@[0m                                    
                                        [48;2;162;162;162m[38;2;162;162;162m+[0m[48;2;69;61;67m[38;2;69;61;67m░[0m[48;2;161;141;154m[38;2;161;141;154m+[0m[48;2;161;140;155m[38;2;161;140;155m+[0m[48;2;161;140;155m[38;2;161;140;155m+[0m[48;2;161;140;155m[38;2;161;140;155m+[0m[48;2;161;140;155m[38;2;161;140;155m+[0m[48;2;161;140;155m[38;2;161;140;155m+[0m[48;2;132;117;129m[38;2;132;117;129m#[0m[48;2;13;5;13m[38;2;13;5;13m█[0m[48;2;7;3;9m[38;2;7;3;9m█[0m[48;2;15;12;18m[38;2;15;12;18m█[0m[48;2;25;22;28m[38;2;25;22;28m▓[0m[48;2;54;46;56m[38;2;54;46;56m▒[0m[48;2;97;83;95m[38;2;97;83;95m@[0m[48;2;159;138;153m[38;2;159;138;153m*[0m[48;2;161;140;155m[38;2;161;140;155m+[0m[48;2;161;140;155m[38;2;161;140;155m+[0m[48;2;161;140;155m[38;2;161;140;155m+[0m[48;2;161;140;155m[38;2;161;140;155m+[0m[48;2;161;140;155m[38;2;161;140;155m+[0m[48;2;161;140;155m[38;2;161;140;155m+[0m[48;2;161;140;155m[38;2;161;140;155m+[0m[48;2;161;140;155m[38;2;161;140;155m+[0m[48;2;161;140;155m[38;2;161;140;155m+[0m[48;2;161;140;155m[38;2;161;140;155m+[0m[48;2;158;137;152m[38;2;158;137;152m*[0m[48;2;95;81;92m[38;2;95;81;92m@[0m[48;2;13;9;16m[38;2;13;9;16m█[0m[48;2;37;33;43m[38;2;37;33;43m▓[0m[48;2;13;10;18m[38;2;13;10;18m█[0m[48;2;197;195;199m[38;2;197;195;199m-[0m[48;2;106;104;105m[38;2;106;104;105m%[0m[48;2;13;12;13m[38;2;13;12;13m█[0m[48;2;75;75;75m[38;2;75;75;75m@[0m[48;2;82;82;82m[38;2;82;82;82m@[0m[48;2;103;102;103m[38;2;103;102;103m%[0m[48;2;135;133;135m[38;2;135;133;135m*[0m[48;2;179;179;179m[38;2;179;179;179m=[0m[48;2;233;233;234m[38;2;233;233;234m.[0m                              
                                        [48;2;114;113;114m[38;2;114;113;114m#[0m[48;2;26;21;25m[38;2;26;21;25m▓[0m[48;2;151;133;145m[38;2;151;133;145m*[0m[48;2;160;141;154m[38;2;160;141;154m+[0m[48;2;161;140;155m[38;2;161;140;155m+[0m[48;2;161;140;155m[38;2;161;140;155m+[0m[48;2;161;140;155m[38;2;161;140;155m+[0m[48;2;161;140;155m[38;2;161;140;155m+[0m[48;2;120;102;115m[38;2;120;102;115m%[0m[48;2;21;14;21m[38;2;21;14;21m█[0m[48;2;26;21;30m[38;2;26;21;30m▓[0m[48;2;2;0;6m[38;2;2;0;6m█[0m[48;2;14;11;17m[38;2;14;11;17m█[0m[48;2;12;9;15m[38;2;12;9;15m█[0m[48;2;53;44;53m[38;2;53;44;53m▒[0m[48;2;147;130;144m[38;2;147;130;144m*[0m[48;2;160;140;155m[38;2;160;140;155m+[0m[48;2;161;140;155m[38;2;161;140;155m+[0m[48;2;161;140;155m[38;2;161;140;155m+[0m[48;2;161;140;155m[38;2;161;140;155m+[0m[48;2;161;140;155m[38;2;161;140;155m+[0m[48;2;161;140;155m[38;2;161;140;155m+[0m[48;2;161;140;155m[38;2;161;140;155m+[0m[48;2;161;140;155m[38;2;161;140;155m+[0m[48;2;161;140;155m[38;2;161;140;155m+[0m[48;2;161;140;155m[38;2;161;140;155m+[0m[48;2;161;140;155m[38;2;161;140;155m+[0m[48;2;160;140;154m[38;2;160;140;154m+[0m[48;2;73;63;72m[38;2;73;63;72m░[0m[48;2;21;16;26m[38;2;21;16;26m▓[0m[48;2;12;9;16m[38;2;12;9;16m█[0m[48;2;211;208;213m[38;2;211;208;213m:[0m[48;2;131;129;130m[38;2;131;129;130m*[0m[48;2;27;27;27m[38;2;27;27;27m▓[0m[48;2;151;151;151m[38;2;151;151;151m+[0m[48;2;127;127;127m[38;2;127;127;127m#[0m[48;2;82;82;82m[38;2;82;82;82m@[0m[48;2;50;50;50m[38;2;50;50;50m▒[0m[48;2;65;64;65m[38;2;65;64;65m░[0m[48;2;71;63;69m[38;2;71;63;69m░[0m[48;2;85;79;83m[38;2;85;79;83m@[0m[48;2;197;196;196m[38;2;197;196;196m-[0m                            
                                         [48;2;169;168;169m[38;2;169;168;169m=[0m[48;2;57;47;54m[38;2;57;47;54m▒[0m[48;2;153;137;148m[38;2;153;137;148m*[0m[48;2;161;140;155m[38;2;161;140;155m+[0m[48;2;161;140;155m[38;2;161;140;155m+[0m[48;2;161;140;155m[38;2;161;140;155m+[0m[48;2;161;140;155m[38;2;161;140;155m+[0m[48;2;149;131;144m[38;2;149;131;144m*[0m[48;2;46;35;44m[38;2;46;35;44m▒[0m[48;2;24;17;25m[38;2;24;17;25m▓[0m[48;2;15;11;18m[38;2;15;11;18m█[0m[48;2;9;6;13m[38;2;9;6;13m█[0m[48;2;23;20;26m[38;2;23;20;26m▓[0m[48;2;10;7;13m[38;2;10;7;13m█[0m[48;2;59;50;60m[38;2;59;50;60m▒[0m[48;2;159;141;155m[38;2;159;141;155m+[0m[48;2;161;140;155m[38;2;161;140;155m+[0m[48;2;161;140;155m[38;2;161;140;155m+[0m[48;2;161;140;155m[38;2;161;140;155m+[0m[48;2;161;140;155m[38;2;161;140;155m+[0m[48;2;161;140;155m[38;2;161;140;155m+[0m[48;2;161;140;155m[38;2;161;140;155m+[0m[48;2;161;140;155m[38;2;161;140;155m+[0m[48;2;161;140;155m[38;2;161;140;155m+[0m[48;2;161;140;155m[38;2;161;140;155m+[0m[48;2;161;140;155m[38;2;161;140;155m+[0m[48;2;161;140;155m[38;2;161;140;155m+[0m[48;2;158;139;153m[38;2;158;139;153m*[0m[48;2;97;83;95m[38;2;97;83;95m@[0m[48;2;31;24;32m[38;2;31;24;32m▓[0m[48;2;51;46;51m[38;2;51;46;51m▒[0m[48;2;50;46;52m[38;2;50;46;52m▒[0m[48;2;171;168;172m[38;2;171;168;172m=[0m[48;2;192;189;193m[38;2;192;189;193m-[0m[48;2;174;173;174m[38;2;174;173;174m=[0m[48;2;170;168;169m[38;2;170;168;169m=[0m[48;2;93;91;92m[38;2;93;91;92m%[0m[48;2;70;62;67m[38;2;70;62;67m░[0m[48;2;156;141;152m[38;2;156;141;152m+[0m[48;2;143;128;138m[38;2;143;128;138m*[0m[48;2;41;32;39m[38;2;41;32;39m▓[0m[48;2;227;225;227m[38;2;227;225;227m.[0m                           
                                          [48;2;112;110;111m[38;2;112;110;111m#[0m[48;2;33;25;31m[38;2;33;25;31m▓[0m[48;2;114;100;110m[38;2;114;100;110m%[0m[48;2;159;140;154m[38;2;159;140;154m+[0m[48;2;161;140;155m[38;2;161;140;155m+[0m[48;2;161;140;155m[38;2;161;140;155m+[0m[48;2;161;140;155m[38;2;161;140;155m+[0m[48;2;160;141;155m[38;2;160;141;155m+[0m[48;2;123;108;120m[38;2;123;108;120m#[0m[48;2;26;20;27m[38;2;26;20;27m▓[0m[48;2;26;21;28m[38;2;26;21;28m▓[0m[48;2;13;8;14m[38;2;13;8;14m█[0m[48;2;85;76;85m[38;2;85;76;85m@[0m[48;2;62;52;63m[38;2;62;52;63m░[0m[48;2;72;60;71m[38;2;72;60;71m░[0m[48;2;112;97;110m[38;2;112;97;110m%[0m[48;2;146;129;143m[38;2;146;129;143m*[0m[48;2;160;140;155m[38;2;160;140;155m+[0m[48;2;161;140;155m[38;2;161;140;155m+[0m[48;2;161;140;155m[38;2;161;140;155m+[0m[48;2;161;140;155m[38;2;161;140;155m+[0m[48;2;161;140;155m[38;2;161;140;155m+[0m[48;2;161;140;155m[38;2;161;140;155m+[0m[48;2;161;140;155m[38;2;161;140;155m+[0m[48;2;161;140;155m[38;2;161;140;155m+[0m[48;2;161;140;155m[38;2;161;140;155m+[0m[48;2;161;140;155m[38;2;161;140;155m+[0m[48;2;161;140;155m[38;2;161;140;155m+[0m[48;2;158;139;153m[38;2;158;139;153m*[0m[48;2;138;120;132m[38;2;138;120;132m#[0m[48;2;124;110;120m[38;2;124;110;120m#[0m[48;2;109;97;106m[38;2;109;97;106m%[0m[48;2;103;93;101m[38;2;103;93;101m%[0m[48;2;107;98;105m[38;2;107;98;105m%[0m[48;2;106;98;104m[38;2;106;98;104m%[0m[48;2;129;119;127m[38;2;129;119;127m#[0m[48;2;157;143;154m[38;2;157;143;154m+[0m[48;2;153;136;149m[38;2;153;136;149m*[0m[48;2;124;108;120m[38;2;124;108;120m#[0m[48;2;23;14;21m[38;2;23;14;21m█[0m[48;2;113;109;113m[38;2;113;109;113m#[0m                           
                                          [48;2;228;227;228m[38;2;228;227;228m.[0m[48;2;46;41;45m[38;2;46;41;45m▒[0m[48;2;81;76;81m[38;2;81;76;81m@[0m[48;2;58;49;57m[38;2;58;49;57m▒[0m[48;2;151;134;147m[38;2;151;134;147m*[0m[48;2;161;140;155m[38;2;161;140;155m+[0m[48;2;161;140;155m[38;2;161;140;155m+[0m[48;2;161;140;155m[38;2;161;140;155m+[0m[48;2;161;140;155m[38;2;161;140;155m+[0m[48;2;158;139;153m[38;2;158;139;153m*[0m[48;2;158;139;153m[38;2;158;139;153m*[0m[48;2;128;110;123m[38;2;128;110;123m#[0m[48;2;57;43;55m[38;2;57;43;55m▒[0m[48;2;90;78;89m[38;2;90;78;89m@[0m[48;2;89;77;89m[38;2;89;77;89m@[0m[48;2;18;11;19m[38;2;18;11;19m█[0m[48;2;10;2;10m[38;2;10;2;10m█[0m[48;2;50;38;48m[38;2;50;38;48m▒[0m[48;2;159;139;153m[38;2;159;139;153m+[0m[48;2;158;137;152m[38;2;158;137;152m*[0m[48;2;145;125;140m[38;2;145;125;140m*[0m[48;2;161;140;155m[38;2;161;140;155m+[0m[48;2;161;140;155m[38;2;161;140;155m+[0m[48;2;161;140;155m[38;2;161;140;155m+[0m[48;2;161;140;155m[38;2;161;140;155m+[0m[48;2;161;140;155m[38;2;161;140;155m+[0m[48;2;161;140;155m[38;2;161;140;155m+[0m[48;2;161;140;155m[38;2;161;140;155m+[0m[48;2;161;140;155m[38;2;161;140;155m+[0m[48;2;161;140;155m[38;2;161;140;155m+[0m[48;2;161;140;155m[38;2;161;140;155m+[0m[48;2;105;87;100m[38;2;105;87;100m%[0m[48;2;72;59;69m[38;2;72;59;69m░[0m[48;2;70;59;67m[38;2;70;59;67m░[0m[48;2;71;60;68m[38;2;71;60;68m░[0m[48;2;70;58;69m[38;2;70;58;69m░[0m[48;2;70;57;69m[38;2;70;57;69m░[0m[48;2;76;64;75m[38;2;76;64;75m░[0m[48;2;96;84;94m[38;2;96;84;94m@[0m[48;2;132;119;130m[38;2;132;119;130m#[0m[48;2;41;35;41m[38;2;41;35;41m▒[0m[48;2;197;196;198m[38;2;197;196;198m-[0m                          
                                           [48;2;216;214;215m[38;2;216;214;215m:[0m[48;2;96;91;95m[38;2;96;91;95m%[0m[48;2;61;57;61m[38;2;61;57;61m░[0m[48;2;60;55;62m[38;2;60;55;62m░[0m[48;2;108;95;107m[38;2;108;95;107m%[0m[48;2;158;139;153m[38;2;158;139;153m*[0m[48;2;161;140;155m[38;2;161;140;155m+[0m[48;2;161;140;155m[38;2;161;140;155m+[0m[48;2;161;140;155m[38;2;161;140;155m+[0m[48;2;161;140;155m[38;2;161;140;155m+[0m[48;2;161;140;155m[38;2;161;140;155m+[0m[48;2;160;139;154m[38;2;160;139;154m+[0m[48;2;129;112;125m[38;2;129;112;125m#[0m[48;2;93;78;91m[38;2;93;78;91m@[0m[48;2;80;67;78m[38;2;80;67;78m░[0m[48;2;118;104;116m[38;2;118;104;116m%[0m[48;2;149;133;146m[38;2;149;133;146m*[0m[48;2;160;140;155m[38;2;160;140;155m+[0m[48;2;152;131;146m[38;2;152;131;146m*[0m[48;2;69;54;65m[38;2;69;54;65m░[0m[48;2;67;53;64m[38;2;67;53;64m░[0m[48;2;98;81;93m[38;2;98;81;93m@[0m[48;2;116;101;113m[38;2;116;101;113m%[0m[48;2;80;66;78m[38;2;80;66;78m░[0m[48;2;45;34;43m[38;2;45;34;43m▒[0m[48;2;68;56;66m[38;2;68;56;66m░[0m[48;2;79;68;78m[38;2;79;68;78m░[0m[48;2;87;77;87m[38;2;87;77;87m@[0m[48;2;97;85;96m[38;2;97;85;96m@[0m[48;2;103;89;100m[38;2;103;89;100m%[0m[48;2;103;89;100m[38;2;103;89;100m%[0m[48;2;107;93;104m[38;2;107;93;104m%[0m[48;2;111;97;108m[38;2;111;97;108m%[0m[48;2;111;98;109m[38;2;111;98;109m%[0m[48;2;103;91;100m[38;2;103;91;100m%[0m[48;2;98;86;95m[38;2;98;86;95m@[0m[48;2;91;80;89m[38;2;91;80;89m@[0m[48;2;78;69;77m[38;2;78;69;77m░[0m[48;2;47;41;47m[38;2;47;41;47m▒[0m[48;2;108;104;109m[38;2;108;104;109m%[0m                           
                                              [48;2;82;80;83m[38;2;82;80;83m@[0m[48;2;8;4;11m[38;2;8;4;11m█[0m[48;2;34;28;37m[38;2;34;28;37m▓[0m[48;2;96;84;96m[38;2;96;84;96m@[0m[48;2;152;135;148m[38;2;152;135;148m*[0m[48;2;160;141;155m[38;2;160;141;155m+[0m[48;2;160;141;155m[38;2;160;141;155m+[0m[48;2;161;140;155m[38;2;161;140;155m+[0m[48;2;161;140;155m[38;2;161;140;155m+[0m[48;2;161;140;155m[38;2;161;140;155m+[0m[48;2;161;140;155m[38;2;161;140;155m+[0m[48;2;121;101;115m[38;2;121;101;115m%[0m[48;2;99;81;94m[38;2;99;81;94m@[0m[48;2;152;133;147m[38;2;152;133;147m*[0m[48;2;161;140;155m[38;2;161;140;155m+[0m[48;2;161;140;155m[38;2;161;140;155m+[0m[48;2;161;141;155m[38;2;161;141;155m+[0m[48;2;155;137;150m[38;2;155;137;150m*[0m[48;2;130;114;127m[38;2;130;114;127m#[0m[48;2;113;98;110m[38;2;113;98;110m%[0m[48;2;103;88;99m[38;2;103;88;99m%[0m[48;2;99;85;96m[38;2;99;85;96m@[0m[48;2;98;84;95m[38;2;98;84;95m@[0m[48;2;98;85;95m[38;2;98;85;95m@[0m[48;2;102;89;100m[38;2;102;89;100m%[0m[48;2;109;96;107m[38;2;109;96;107m%[0m[48;2;119;104;115m[38;2;119;104;115m#[0m[48;2;122;107;118m[38;2;122;107;118m#[0m[48;2;121;105;117m[38;2;121;105;117m#[0m[48;2;117;103;114m[38;2;117;103;114m%[0m[48;2;104;90;102m[38;2;104;90;102m%[0m[48;2;52;40;50m[38;2;52;40;50m▒[0m[48;2;61;54;61m[38;2;61;54;61m░[0m[48;2;199;194;199m[38;2;199;194;199m-[0m[48;2;232;229;232m[38;2;232;229;232m.[0m                             
                                             [48;2;117;117;118m[38;2;117;117;118m#[0m[48;2;17;16;22m[38;2;17;16;22m█[0m[48;2;15;12;22m[38;2;15;12;22m█[0m[48;2;11;7;18m[38;2;11;7;18m█[0m[48;2;31;22;61m[38;2;31;22;61m▓[0m[48;2;50;40;75m[38;2;50;40;75m▒[0m[48;2;62;52;69m[38;2;62;52;69m░[0m[48;2;86;74;88m[38;2;86;74;88m@[0m[48;2;119;104;116m[38;2;119;104;116m#[0m[48;2;147;131;143m[38;2;147;131;143m*[0m[48;2;160;140;155m[38;2;160;140;155m+[0m[48;2;161;140;155m[38;2;161;140;155m+[0m[48;2;159;139;153m[38;2;159;139;153m+[0m[48;2;117;101;113m[38;2;117;101;113m%[0m[48;2;64;54;62m[38;2;64;54;62m░[0m[48;2;49;40;48m[38;2;49;40;48m▒[0m[48;2;63;52;61m[38;2;63;52;61m░[0m[48;2;85;74;83m[38;2;85;74;83m@[0m[48;2;104;91;102m[38;2;104;91;102m%[0m[48;2;123;110;120m[38;2;123;110;120m#[0m[48;2;137;123;134m[38;2;137;123;134m*[0m[48;2;146;131;142m[38;2;146;131;142m*[0m[48;2;150;135;146m[38;2;150;135;146m*[0m[48;2;153;136;148m[38;2;153;136;148m*[0m[48;2;152;136;147m[38;2;152;136;147m*[0m[48;2;150;134;145m[38;2;150;134;145m*[0m[48;2;137;121;133m[38;2;137;121;133m#[0m[48;2;123;108;119m[38;2;123;108;119m#[0m[48;2;100;87;97m[38;2;100;87;97m%[0m[48;2;77;64;74m[38;2;77;64;74m░[0m[48;2;75;66;74m[38;2;75;66;74m░[0m[48;2;112;107;113m[38;2;112;107;113m%[0m[48;2;189;186;190m[38;2;189;186;190m-[0m                                
                                            [48;2;179;178;179m[38;2;179;178;179m=[0m[48;2;13;11;17m[38;2;13;11;17m█[0m[48;2;36;31;48m[38;2;36;31;48m▓[0m[48;2;37;32;49m[38;2;37;32;49m▓[0m[48;2;17;13;25m[38;2;17;13;25m█[0m[48;2;45;34;90m[38;2;45;34;90m▒[0m[48;2;93;80;152m[38;2;93;80;152m%[0m[48;2;100;93;129m[38;2;100;93;129m%[0m[48;2;37;21;114m[38;2;37;21;114m▓[0m[48;2;8;4;18m[38;2;8;4;18m█[0m[48;2;39;29;84m[38;2;39;29;84m▒[0m[48;2;42;33;75m[38;2;42;33;75m▒[0m[48;2;54;44;80m[38;2;54;44;80m▒[0m[48;2;64;54;74m[38;2;64;54;74m░[0m[48;2;79;70;86m[38;2;79;70;86m@[0m[48;2;96;87;95m[38;2;96;87;95m@[0m[48;2;99;90;101m[38;2;99;90;101m%[0m[48;2;75;65;76m[38;2;75;65;76m░[0m[48;2;50;41;51m[38;2;50;41;51m▒[0m[48;2;27;21;29m[38;2;27;21;29m▓[0m[48;2;7;2;8m[38;2;7;2;8m█[0m[48;2;4;0;4m[38;2;4;0;4m█[0m[48;2;4;1;5m[38;2;4;1;5m█[0m[48;2;5;2;7m[38;2;5;2;7m█[0m[48;2;6;2;8m[38;2;6;2;8m█[0m[48;2;7;2;8m[38;2;7;2;8m█[0m[48;2;8;4;10m[38;2;8;4;10m█[0m[48;2;8;3;11m[38;2;8;3;11m█[0m[48;2;7;3;12m[38;2;7;3;12m█[0m[48;2;22;18;27m[38;2;22;18;27m▓[0m[48;2;104;100;108m[38;2;104;100;108m%[0m[48;2;180;176;182m[38;2;180;176;182m=[0m[48;2;240;238;242m[38;2;240;238;242m [0m                                 
                                           [48;2;239;239;239m[38;2;239;239;239m [0m[48;2;34;32;35m[38;2;34;32;35m▓[0m[48;2;33;29;41m[38;2;33;29;41m▓[0m[48;2;37;31;52m[38;2;37;31;52m▓[0m[48;2;37;31;52m[38;2;37;31;52m▓[0m[48;2;22;18;32m[38;2;22;18;32m▓[0m[48;2;38;28;84m[38;2;38;28;84m▒[0m[48;2;91;80;149m[38;2;91;80;149m@[0m[48;2;102;95;140m[38;2;102;95;140m%[0m[48;2;58;40;147m[38;2;58;40;147m░[0m[48;2;5;2;20m[38;2;5;2;20m█[0m[48;2;28;20;69m[38;2;28;20;69m▓[0m[48;2;78;65;152m[38;2;78;65;152m@[0m[48;2;71;55;160m[38;2;71;55;160m░[0m[48;2;82;67;156m[38;2;82;67;156m@[0m[48;2;59;39;162m[38;2;59;39;162m░[0m[48;2;69;53;141m[38;2;69;53;141m░[0m[48;2;51;38;104m[38;2;51;38;104m▒[0m[48;2;12;5;39m[38;2;12;5;39m█[0m[48;2;7;3;10m[38;2;7;3;10m█[0m[48;2;22;18;30m[38;2;22;18;30m▓[0m[48;2;23;19;33m[38;2;23;19;33m▓[0m[48;2;23;19;33m[38;2;23;19;33m▓[0m[48;2;24;19;33m[38;2;24;19;33m▓[0m[48;2;24;20;34m[38;2;24;20;34m▓[0m[48;2;25;21;35m[38;2;25;21;35m▓[0m[48;2;25;21;36m[38;2;25;21;36m▓[0m[48;2;28;23;39m[38;2;28;23;39m▓[0m[48;2;32;27;46m[38;2;32;27;46m▓[0m[48;2;35;29;50m[38;2;35;29;50m▓[0m[48;2;36;30;51m[38;2;36;30;51m▓[0m[48;2;34;28;48m[38;2;34;28;48m▓[0m[48;2;25;20;36m[38;2;25;20;36m▓[0m[48;2;26;21;34m[38;2;26;21;34m▓[0m[48;2;87;85;92m[38;2;87;85;92m@[0m[48;2;176;175;178m[38;2;176;175;178m=[0m                               
                                           [48;2;141;141;142m[38;2;141;141;142m*[0m[48;2;18;16;24m[38;2;18;16;24m█[0m[48;2;37;32;50m[38;2;37;32;50m▓[0m[48;2;37;31;52m[38;2;37;31;52m▓[0m[48;2;37;31;52m[38;2;37;31;52m▓[0m[48;2;30;24;43m[38;2;30;24;43m▓[0m[48;2;18;12;44m[38;2;18;12;44m█[0m[48;2;86;74;144m[38;2;86;74;144m@[0m[48;2;93;81;152m[38;2;93;81;152m%[0m[48;2;82;67;155m[38;2;82;67;155m@[0m[48;2;19;10;62m[38;2;19;10;62m▓[0m[48;2;123;122;128m[38;2;123;122;128m#[0m[48;2;29;23;56m[38;2;29;23;56m▓[0m[48;2;65;52;136m[38;2;65;52;136m░[0m[48;2;80;66;162m[38;2;80;66;162m@[0m[48;2;80;66;165m[38;2;80;66;165m@[0m[48;2;75;60;155m[38;2;75;60;155m@[0m[48;2;45;34;101m[38;2;45;34;101m▒[0m[48;2;15;11;23m[38;2;15;11;23m█[0m[48;2;52;46;56m[38;2;52;46;56m▒[0m[48;2;47;42;56m[38;2;47;42;56m▒[0m[48;2;38;33;50m[38;2;38;33;50m▓[0m[48;2;37;32;52m[38;2;37;32;52m▓[0m[48;2;37;31;52m[38;2;37;31;52m▓[0m[48;2;37;31;52m[38;2;37;31;52m▓[0m[48;2;37;31;52m[38;2;37;31;52m▓[0m[48;2;37;31;52m[38;2;37;31;52m▓[0m[48;2;37;31;52m[38;2;37;31;52m▓[0m[48;2;37;31;52m[38;2;37;31;52m▓[0m[48;2;37;31;52m[38;2;37;31;52m▓[0m[48;2;37;31;52m[38;2;37;31;52m▓[0m[48;2;37;31;52m[38;2;37;31;52m▓[0m[48;2;37;31;52m[38;2;37;31;52m▓[0m[48;2;37;31;52m[38;2;37;31;52m▓[0m[48;2;34;29;49m[38;2;34;29;49m▓[0m[48;2;23;18;35m[38;2;23;18;35m▓[0m[48;2;46;43;52m[38;2;46;43;52m▒[0m[48;2;154;152;155m[38;2;154;152;155m+[0m                             
                                           [48;2;44;43;45m[38;2;44;43;45m▒[0m[48;2;31;28;42m[38;2;31;28;42m▓[0m[48;2;37;31;52m[38;2;37;31;52m▓[0m[48;2;37;31;52m[38;2;37;31;52m▓[0m[48;2;37;31;52m[38;2;37;31;52m▓[0m[48;2;37;31;51m[38;2;37;31;51m▓[0m[48;2;24;19;35m[38;2;24;19;35m▓[0m[48;2;20;16;30m[38;2;20;16;30m▓[0m[48;2;24;20;34m[38;2;24;20;34m▓[0m[48;2;36;31;51m[38;2;36;31;51m▓[0m[48;2;13;8;32m[38;2;13;8;32m█[0m[48;2;93;90;95m[38;2;93;90;95m%[0m[48;2;201;198;202m[38;2;201;198;202m-[0m[48;2;71;68;76m[38;2;71;68;76m░[0m[48;2;38;28;83m[38;2;38;28;83m▒[0m[48;2;61;51;107m[38;2;61;51;107m░[0m[48;2;49;44;64m[38;2;49;44;64m▒[0m[48;2;166;163;169m[38;2;166;163;169m+[0m[48;2;135;132;137m[38;2;135;132;137m*[0m[48;2;39;35;42m[38;2;39;35;42m▒[0m[48;2;47;41;49m[38;2;47;41;49m▒[0m[48;2;65;59;70m[38;2;65;59;70m░[0m[48;2;62;56;70m[38;2;62;56;70m░[0m[48;2;40;34;52m[38;2;40;34;52m▒[0m[48;2;37;31;52m[38;2;37;31;52m▓[0m[48;2;37;31;52m[38;2;37;31;52m▓[0m[48;2;37;31;52m[38;2;37;31;52m▓[0m[48;2;37;31;52m[38;2;37;31;52m▓[0m[48;2;37;31;52m[38;2;37;31;52m▓[0m[48;2;37;31;52m[38;2;37;31;52m▓[0m[48;2;37;31;52m[38;2;37;31;52m▓[0m[48;2;37;31;52m[38;2;37;31;52m▓[0m[48;2;37;31;52m[38;2;37;31;52m▓[0m[48;2;37;31;52m[38;2;37;31;52m▓[0m[48;2;37;31;52m[38;2;37;31;52m▓[0m[48;2;37;31;52m[38;2;37;31;52m▓[0m[48;2;37;31;52m[38;2;37;31;52m▓[0m[48;2;26;21;38m[38;2;26;21;38m▓[0m[48;2;50;47;56m[38;2;50;47;56m▒[0m[48;2;199;198;201m[38;2;199;198;201m-[0m                           
                                          [48;2;224;224;224m[38;2;224;224;224m.[0m[48;2;10;9;13m[38;2;10;9;13m█[0m[48;2;37;31;50m[38;2;37;31;50m▓[0m[48;2;37;31;52m[38;2;37;31;52m▓[0m[48;2;37;31;52m[38;2;37;31;52m▓[0m[48;2;37;31;52m[38;2;37;31;52m▓[0m[48;2;37;31;52m[38;2;37;31;52m▓[0m[48;2;37;31;52m[38;2;37;31;52m▓[0m[48;2;37;31;52m[38;2;37;31;52m▓[0m[48;2;37;31;52m[38;2;37;31;52m▓[0m[48;2;78;73;90m[38;2;78;73;90m@[0m[48;2;15;12;22m[38;2;15;12;22m█[0m[48;2;5;2;8m[38;2;5;2;8m█[0m[48;2;93;90;94m[38;2;93;90;94m@[0m[48;2;214;211;215m[38;2;214;211;215m:[0m[48;2;190;187;192m[38;2;190;187;192m-[0m[48;2;63;60;66m[38;2;63;60;66m░[0m[48;2;52;49;55m[38;2;52;49;55m▒[0m[48;2;167;164;167m[38;2;167;164;167m=[0m[48;2;241;238;242m[38;2;241;238;242m [0m[48;2;240;237;241m[38;2;240;237;241m [0m[48;2;81;76;82m[38;2;81;76;82m@[0m[48;2;43;38;45m[38;2;43;38;45m▒[0m[48;2;30;24;33m[38;2;30;24;33m▓[0m[48;2;55;51;63m[38;2;55;51;63m▒[0m[48;2;64;60;74m[38;2;64;60;74m░[0m[48;2;54;49;63m[38;2;54;49;63m▒[0m[48;2;37;32;51m[38;2;37;32;51m▓[0m[48;2;37;31;52m[38;2;37;31;52m▓[0m[48;2;37;31;52m[38;2;37;31;52m▓[0m[48;2;37;31;52m[38;2;37;31;52m▓[0m[48;2;37;31;52m[38;2;37;31;52m▓[0m[48;2;37;31;52m[38;2;37;31;52m▓[0m[48;2;37;31;52m[38;2;37;31;52m▓[0m[48;2;37;31;52m[38;2;37;31;52m▓[0m[48;2;37;31;52m[38;2;37;31;52m▓[0m[48;2;37;31;52m[38;2;37;31;52m▓[0m[48;2;37;31;52m[38;2;37;31;52m▓[0m[48;2;37;31;52m[38;2;37;31;52m▓[0m[48;2;34;29;48m[38;2;34;29;48m▓[0m[48;2;18;14;26m[38;2;18;14;26m█[0m[48;2;167;167;168m[38;2;167;167;168m=[0m                          