                                                                                                              
                                                                                                              
                                                                                                              
                                                                                                              
                                                                                                              
                                                                                                              
                                                                                                              
                                                                                                              
                                                                                                              
                                                                                                              
                                                                                                              
                                                                                                              
                                                                                                              
                                                 [48;2;222;222;222m[38;2;222;222;222m.[0m[48;2;158;157;159m[38;2;158;157;159m+[0m[48;2;111;111;113m[38;2;111;111;113m#[0m[48;2;79;78;81m[38;2;79;78;81m@[0m[48;2;58;57;62m[38;2;58;57;62m░[0m[48;2;46;45;51m[38;2;46;45;51m▒[0m[48;2;45;44;50m[38;2;45;44;50m▒[0m[48;2;36;35;42m[38;2;36;35;42m▓[0m[48;2;45;43;50m[38;2;45;43;50m▒[0m[48;2;55;54;61m[38;2;55;54;61m░[0m[48;2;90;89;94m[38;2;90;89;94m@[0m[48;2;126;125;129m[38;2;126;125;129m#[0m[48;2;171;170;174m[38;2;171;170;174m=[0m[48;2;224;223;225m[38;2;224;223;225m.[0m                                               
                                               [48;2;157;156;159m[38;2;157;156;159m+[0m[48;2;62;61;66m[38;2;62;61;66m░[0m[48;2;23;21;30m[38;2;23;21;30m▓[0m[48;2;33;31;43m[38;2;33;31;43m▓[0m[48;2;42;40;53m[38;2;42;40;53m▒[0m[48;2;59;56;70m[38;2;59;56;70m░[0m[48;2;48;45;59m[38;2;48;45;59m▒[0m[48;2;63;60;75m[38;2;63;60;75m░[0m[48;2;55;53;68m[38;2;55;53;68m░[0m[48;2;44;42;59m[38;2;44;42;59m▒[0m[48;2;43;41;59m[38;2;43;41;59m▒[0m[48;2;43;42;59m[38;2;43;42;59m▒[0m[48;2;42;42;58m[38;2;42;42;58m▒[0m[48;2;38;38;54m[38;2;38;38;54m▒[0m[48;2;32;30;46m[38;2;32;30;46m▓[0m[48;2;24;22;35m[38;2;24;22;35m▓[0m[48;2;49;48;56m[38;2;49;48;56m▒[0m[48;2;135;133;138m[38;2;135;133;138m*[0m[48;2;237;236;238m[38;2;237;236;238m.[0m                                            
                                             [48;2;161;161;163m[38;2;161;161;163m+[0m[48;2;40;39;45m[38;2;40;39;45m▒[0m[48;2;29;28;39m[38;2;29;28;39m▓[0m[48;2;44;42;56m[38;2;44;42;56m▒[0m[48;2;61;60;73m[38;2;61;60;73m░[0m[48;2;61;58;70m[38;2;61;58;70m░[0m[48;2;49;45;54m[38;2;49;45;54m▒[0m[48;2;47;44;51m[38;2;47;44;51m▒[0m[48;2;53;47;56m[38;2;53;47;56m▒[0m[48;2;64;56;64m[38;2;64;56;64m░[0m[48;2;69;59;68m[38;2;69;59;68m░[0m[48;2;61;52;62m[38;2;61;52;62m░[0m[48;2;51;43;52m[38;2;51;43;52m▒[0m[48;2;35;28;38m[38;2;35;28;38m▓[0m[48;2;24;19;30m[38;2;24;19;30m▓[0m[48;2;30;27;39m[38;2;30;27;39m▓[0m[48;2;41;39;53m[38;2;41;39;53m▒[0m[48;2;43;43;58m[38;2;43;43;58m▒[0m[48;2;44;42;58m[38;2;44;42;58m▒[0m[48;2;34;32;45m[38;2;34;32;45m▓[0m[48;2;32;30;39m[38;2;32;30;39m▓[0m[48;2;151;150;153m[38;2;151;150;153m+[0m                                           
                                           [48;2;219;219;220m[38;2;219;219;220m:[0m[48;2;69;68;71m[38;2;69;68;71m░[0m[48;2;9;7;14m[38;2;9;7;14m█[0m[48;2;25;23;32m[38;2;25;23;32m▓[0m[48;2;38;33;44m[38;2;38;33;44m▓[0m[48;2;57;49;58m[38;2;57;49;58m▒[0m[48;2;51;42;49m[38;2;51;42;49m▒[0m[48;2;77;67;75m[38;2;77;67;75m░[0m[48;2;90;77;86m[38;2;90;77;86m@[0m[48;2;69;58;66m[38;2;69;58;66m░[0m[48;2;72;59;68m[38;2;72;59;68m░[0m[48;2;70;57;66m[38;2;70;57;66m░[0m[48;2;100;85;95m[38;2;100;85;95m@[0m[48;2;159;142;153m[38;2;159;142;153m+[0m[48;2;159;141;153m[38;2;159;141;153m+[0m[48;2;159;141;153m[38;2;159;141;153m+[0m[48;2;151;134;146m[38;2;151;134;146m*[0m[48;2;116;101;112m[38;2;116;101;112m%[0m[48;2;63;50;61m[38;2;63;50;61m░[0m[48;2;38;31;40m[38;2;38;31;40m▓[0m[48;2;66;60;70m[38;2;66;60;70m░[0m[48;2;65;59;72m[38;2;65;59;72m░[0m[48;2;50;46;57m[38;2;50;46;57m▒[0m[48;2;26;23;34m[38;2;26;23;34m▓[0m[48;2;80;79;84m[38;2;80;79;84m@[0m[48;2;233;232;234m[38;2;233;232;234m.[0m                                         
                                          [48;2;229;228;228m[38;2;229;228;228m.[0m[48;2;30;28;30m[38;2;30;28;30m▓[0m[48;2;55;51;56m[38;2;55;51;56m▒[0m[48;2;87;82;89m[38;2;87;82;89m@[0m[48;2;74;67;74m[38;2;74;67;74m░[0m[48;2;73;61;70m[38;2;73;61;70m░[0m[48;2;153;135;147m[38;2;153;135;147m*[0m[48;2;159;139;151m[38;2;159;139;151m+[0m[48;2;160;140;154m[38;2;160;140;154m+[0m[48;2;160;140;154m[38;2;160;140;154m+[0m[48;2;161;140;155m[38;2;161;140;155m+[0m[48;2;159;140;154m[38;2;159;140;154m+[0m[48;2;158;140;153m[38;2;158;140;153m+[0m[48;2;157;137;151m[38;2;157;137;151m*[0m[48;2;160;140;154m[38;2;160;140;154m+[0m[48;2;159;138;153m[38;2;159;138;153m*[0m[48;2;160;139;154m[38;2;160;139;154m+[0m[48;2;161;140;155m[38;2;161;140;155m+[0m[48;2;136;116;130m[38;2;136;116;130m#[0m[48;2;160;140;155m[38;2;160;140;155m+[0m[48;2;134;118;130m[38;2;134;118;130m#[0m[48;2;55;43;52m[38;2;55;43;52m▒[0m[48;2;26;19;28m[38;2;26;19;28m▓[0m[48;2;35;29;41m[38;2;35;29;41m▓[0m[48;2;15;11;20m[38;2;15;11;20m█[0m[48;2;13;9;20m[38;2;13;9;20m█[0m[48;2;50;45;60m[38;2;50;45;60m▒[0m[48;2;199;198;199m[38;2;199;198;199m-[0m                                        
                                         [48;2;205;205;206m[38;2;205;205;206m:[0m[48;2;51;49;53m[38;2;51;49;53m▒[0m[48;2;118;110;117m[38;2;118;110;117m#[0m[48;2;65;57;65m[38;2;65;57;65m░[0m[48;2;74;65;73m[38;2;74;65;73m░[0m[48;2;137;121;133m[38;2;137;121;133m#[0m[48;2;157;138;152m[38;2;157;138;152m*[0m[48;2;160;140;154m[38;2;160;140;154m+[0m[48;2;161;140;155m[38;2;161;140;155m+[0m[48;2;161;140;155m[38;2;161;140;155m+[0m[48;2;161;140;155m[38;2;161;140;155m+[0m[48;2;159;138;153m[38;2;159;138;153m*[0m[48;2;139;120;134m[38;2;139;120;134m#[0m[48;2;147;127;141m[38;2;147;127;141m*[0m[48;2;161;140;155m[38;2;161;140;155m+[0m[48;2;161;140;155m[38;2;161;140;155m+[0m[48;2;161;140;155m[38;2;161;140;155m+[0m[48;2;161;140;155m[38;2;161;140;155m+[0m[48;2;160;139;154m[38;2;160;139;154m+[0m[48;2;70;53;65m[38;2;70;53;65m░[0m[48;2;102;86;98m[38;2;102;86;98m%[0m[48;2;160;141;155m[38;2;160;141;155m+[0m[48;2;158;141;154m[38;2;158;141;154m+[0m[48;2;86;73;85m[38;2;86;73;85m@[0m[48;2;47;34;65m[38;2;47;34;65m▒[0m[48;2;62;46;101m[38;2;62;46;101m░[0m[48;2;54;39;85m[38;2;54;39;85m▒[0m[48;2;49;34;77m[38;2;49;34;77m▒[0m[48;2;25;21;25m[38;2;25;21;25m▓[0m[48;2;210;209;210m[38;2;210;209;210m:[0m                                       
                                        [48;2;228;228;228m[38;2;228;228;228m.[0m[48;2;37;33;37m[38;2;37;33;37m▓[0m[48;2;138;125;135m[38;2;138;125;135m*[0m[48;2;157;142;154m[38;2;157;142;154m+[0m[48;2;134;120;132m[38;2;134;120;132m#[0m[48;2;159;141;155m[38;2;159;141;155m+[0m[48;2;161;140;155m[38;2;161;140;155m+[0m[48;2;160;139;154m[38;2;160;139;154m+[0m[48;2;161;140;155m[38;2;161;140;155m+[0m[48;2;161;140;155m[38;2;161;140;155m+[0m[48;2;161;140;155m[38;2;161;140;155m+[0m[48;2;160;139;154m[38;2;160;139;154m+[0m[48;2;155;134;149m[38;2;155;134;149m*[0m[48;2;116;98;112m[38;2;116;98;112m%[0m[48;2;59;44;56m[38;2;59;44;56m▒[0m[48;2;155;136;150m[38;2;155;136;150m*[0m[48;2;161;140;155m[38;2;161;140;155m+[0m[48;2;140;119;134m[38;2;140;119;134m#[0m[48;2;146;126;141m[38;2;146;126;141m*[0m[48;2;161;140;155m[38;2;161;140;155m+[0m[48;2;154;137;149m[38;2;154;137;149m*[0m[48;2;63;49;61m[38;2;63;49;61m▒[0m[48;2;97;81;96m[38;2;97;81;96m@[0m[48;2;157;140;154m[38;2;157;140;154m+[0m[48;2;159;141;154m[38;2;159;141;154m+[0m[48;2;75;62;72m[38;2;75;62;72m░[0m[48;2;66;48;95m[38;2;66;48;95m░[0m[48;2;108;79;169m[38;2;108;79;169m%[0m[48;2;63;45;94m[38;2;63;45;94m░[0m[48;2;26;18;41m[38;2;26;18;41m▓[0m[48;2;48;44;48m[38;2;48;44;48m▒[0m                                       
                                        [48;2;78;77;78m[38;2;78;77;78m@[0m[48;2;113;105;112m[38;2;113;105;112m%[0m[48;2;128;114;124m[38;2;128;114;124m#[0m[48;2;141;125;138m[38;2;141;125;138m*[0m[48;2;160;141;155m[38;2;160;141;155m+[0m[48;2;91;76;88m[38;2;91;76;88m@[0m[48;2;128;112;125m[38;2;128;112;125m#[0m[48;2;79;62;74m[38;2;79;62;74m░[0m[48;2;152;133;147m[38;2;152;133;147m*[0m[48;2;161;140;155m[38;2;161;140;155m+[0m[48;2;161;140;155m[38;2;161;140;155m+[0m[48;2;129;109;122m[38;2;129;109;122m#[0m[48;2;56;40;51m[38;2;56;40;51m▒[0m[48;2;154;139;149m[38;2;154;139;149m*[0m[48;2;66;52;63m[38;2;66;52;63m░[0m[48;2;40;30;38m[38;2;40;30;38m▓[0m[48;2;110;96;107m[38;2;110;96;107m%[0m[48;2;126;111;123m[38;2;126;111;123m#[0m[48;2;46;32;43m[38;2;46;32;43m▒[0m[48;2;123;109;120m[38;2;123;109;120m#[0m[48;2;159;142;155m[38;2;159;142;155m+[0m[48;2;157;138;152m[38;2;157;138;152m*[0m[48;2;83;67;80m[38;2;83;67;80m@[0m[48;2;67;55;68m[38;2;67;55;68m░[0m[48;2;152;134;147m[38;2;152;134;147m*[0m[48;2;157;139;152m[38;2;157;139;152m*[0m[48;2;73;59;72m[38;2;73;59;72m░[0m[48;2;39;26;50m[38;2;39;26;50m▓[0m[48;2;7;1;10m[38;2;7;1;10m█[0m[48;2;13;10;16m[38;2;13;10;16m█[0m[48;2;19;16;22m[38;2;19;16;22m█[0m[48;2;162;161;163m[38;2;162;161;163m+[0m                                      
                                       [48;2;203;203;203m[38;2;203;203;203m:[0m[48;2;45;40;44m[38;2;45;40;44m▒[0m[48;2;156;144;153m[38;2;156;144;153m+[0m[48;2;39;29;37m[38;2;39;29;37m▓[0m[48;2;138;124;136m[38;2;138;124;136m*[0m[48;2;125;108;121m[38;2;125;108;121m#[0m[48;2;26;16;25m[38;2;26;16;25m▓[0m[48;2;125;112;123m[38;2;125;112;123m#[0m[48;2;34;22;32m[38;2;34;22;32m▓[0m[48;2;157;140;154m[38;2;157;140;154m+[0m[48;2;160;141;155m[38;2;160;141;155m+[0m[48;2;161;140;155m[38;2;161;140;155m+[0m[48;2;152;131;145m[38;2;152;131;145m*[0m[48;2;20;8;16m[38;2;20;8;16m█[0m[48;2;82;72;81m[38;2;82;72;81m@[0m[48;2;146;132;145m[38;2;146;132;145m*[0m[48;2;43;35;43m[38;2;43;35;43m▒[0m[48;2;90;83;90m[38;2;90;83;90m@[0m[48;2;82;75;83m[38;2;82;75;83m@[0m[48;2;62;55;63m[38;2;62;55;63m░[0m[48;2;21;15;21m[38;2;21;15;21m█[0m[48;2;82;71;80m[38;2;82;71;80m@[0m[48;2;142;129;139m[38;2;142;129;139m*[0m[48;2;157;142;153m[38;2;157;142;153m+[0m[48;2;121;107;119m[38;2;121;107;119m#[0m[48;2;52;41;50m[38;2;52;41;50m▒[0m[48;2;108;94;104m[38;2;108;94;104m%[0m[48;2;155;140;151m[38;2;155;140;151m*[0m[48;2;100;89;98m[38;2;100;89;98m%[0m[48;2;27;20;28m[38;2;27;20;28m▓[0m[48;2;25;21;29m[38;2;25;21;29m▓[0m[48;2;15;11;19m[38;2;15;11;19m█[0m[48;2;120;116;121m[38;2;120;116;121m#[0m                                      
                                       [48;2;126;126;126m[38;2;126;126;126m#[0m[48;2;95;87;93m[38;2;95;87;93m@[0m[48;2;151;137;147m[38;2;151;137;147m*[0m[48;2;25;16;23m[38;2;25;16;23m▓[0m[48;2;63;54;61m[38;2;63;54;61m░[0m[48;2;75;68;74m[38;2;75;68;74m░[0m[48;2;35;27;33m[38;2;35;27;33m▓[0m[48;2;107;95;105m[38;2;107;95;105m%[0m[48;2;14;5;13m[38;2;14;5;13m█[0m[48;2;46;36;46m[38;2;46;36;46m▒[0m[48;2;99;83;96m[38;2;99;83;96m@[0m[48;2;160;140;154m[38;2;160;140;154m+[0m[48;2;160;140;155m[38;2;160;140;155m+[0m[48;2;83;73;82m[38;2;83;73;82m@[0m[48;2;15;10;16m[38;2;15;10;16m█[0m[48;2;52;44;52m[38;2;52;44;52m▒[0m[48;2;78;70;81m[38;2;78;70;81m@[0m[48;2;19;11;29m[38;2;19;11;29m█[0m[48;2;55;45;68m[38;2;55;45;68m▒[0m[48;2;73;67;72m[38;2;73;67;72m░[0m[48;2;29;23;27m[38;2;29;23;27m▓[0m[48;2;13;7;11m[38;2;13;7;11m█[0m[48;2;60;53;58m[38;2;60;53;58m░[0m[48;2;62;53;60m[38;2;62;53;60m░[0m[48;2;82;72;80m[38;2;82;72;80m@[0m[48;2;102;93;101m[38;2;102;93;101m%[0m[48;2;68;58;66m[38;2;68;58;66m░[0m[48;2;40;32;38m[38;2;40;32;38m▓[0m[48;2;68;60;66m[38;2;68;60;66m░[0m[48;2;61;53;61m[38;2;61;53;61m░[0m[48;2;15;7;15m[38;2;15;7;15m█[0m[48;2;49;41;48m[38;2;49;41;48m▒[0m[48;2;75;66;74m[38;2;75;66;74m░[0m[48;2;85;80;85m[38;2;85;80;85m@[0m[48;2;180;176;179m[38;2;180;176;179m=[0m                                    
                                       [48;2;73;72;73m[38;2;73;72;73m░[0m[48;2;130;118;126m[38;2;130;118;126m#[0m[48;2;145;129;139m[38;2;145;129;139m*[0m[48;2;9;1;8m[38;2;9;1;8m█[0m[48;2;26;19;25m[38;2;26;19;25m▓[0m[48;2;161;154;160m[38;2;161;154;160m+[0m[48;2;30;24;28m[38;2;30;24;28m▓[0m[48;2;52;41;55m[38;2;52;41;55m▒[0m[48;2;41;31;46m[38;2;41;31;46m▓[0m[48;2;14;5;22m[38;2;14;5;22m█[0m[48;2;15;8;17m[38;2;15;8;17m█[0m[48;2;68;57;66m[38;2;68;57;66m░[0m[48;2;82;71;78m[38;2;82;71;78m@[0m[48;2;98;87;94m[38;2;98;87;94m@[0m[48;2;114;105;108m[38;2;114;105;108m%[0m[48;2;19;11;21m[38;2;19;11;21m█[0m[48;2;76;48;132m[38;2;76;48;132m░[0m[48;2;86;44;155m[38;2;86;44;155m░[0m[48;2;78;39;138m[38;2;78;39;138m░[0m[48;2;73;61;72m[38;2;73;61;72m░[0m[48;2;173;163;164m[38;2;173;163;164m=[0m[48;2;144;134;133m[38;2;144;134;133m*[0m[48;2;63;54;59m[38;2;63;54;59m░[0m[48;2;150;138;147m[38;2;150;138;147m*[0m[48;2;143;129;139m[38;2;143;129;139m*[0m[48;2;116;103;113m[38;2;116;103;113m%[0m[48;2;27;16;25m[38;2;27;16;25m▓[0m[48;2;63;52;60m[38;2;63;52;60m░[0m[48;2;85;75;82m[38;2;85;75;82m@[0m[48;2;92;84;91m[38;2;92;84;91m@[0m[48;2;145;133;143m[38;2;145;133;143m*[0m[48;2;158;141;154m[38;2;158;141;154m+[0m[48;2;159;142;155m[38;2;159;142;155m+[0m[48;2;150;133;146m[38;2;150;133;146m*[0m[48;2;101;88;98m[38;2;101;88;98m%[0m[48;2;65;57;64m[38;2;65;57;64m░[0m[48;2;131;126;129m[38;2;131;126;129m#[0m[48;2;232;229;232m[38;2;232;229;232m.[0m                                 
                                       [48;2;73;72;72m[38;2;73;72;72m░[0m[48;2;129;117;125m[38;2;129;117;125m#[0m[48;2;154;139;149m[38;2;154;139;149m*[0m[48;2;19;10;17m[38;2;19;10;17m█[0m[48;2;98;89;97m[38;2;98;89;97m%[0m[48;2;176;169;174m[38;2;176;169;174m=[0m[48;2;40;32;38m[38;2;40;32;38m▓[0m[48;2;69;39;130m[38;2;69;39;130m░[0m[48;2;80;37;156m[38;2;80;37;156m░[0m[48;2;79;36;153m[38;2;79;36;153m░[0m[48;2;30;17;40m[38;2;30;17;40m▓[0m[48;2;236;226;228m[38;2;236;226;228m.[0m[48;2;248;236;234m[38;2;248;236;234m [0m[48;2;249;235;232m[38;2;249;235;232m [0m[48;2;247;234;230m[38;2;247;234;230m.[0m[48;2;112;98;101m[38;2;112;98;101m%[0m[48;2;127;102;130m[38;2;127;102;130m#[0m[48;2;216;161;217m[38;2;216;161;217m-[0m[48;2;204;150;206m[38;2;204;150;206m=[0m[48;2;47;32;45m[38;2;47;32;45m▒[0m[48;2;247;234;229m[38;2;247;234;229m.[0m[48;2;249;233;225m[38;2;249;233;225m.[0m[48;2;176;160;156m[38;2;176;160;156m+[0m[48;2;57;46;51m[38;2;57;46;51m▒[0m[48;2;139;125;136m[38;2;139;125;136m*[0m[48;2;161;143;157m[38;2;161;143;157m+[0m[48;2;142;127;139m[38;2;142;127;139m*[0m[48;2;59;47;56m[38;2;59;47;56m▒[0m[48;2;83;71;80m[38;2;83;71;80m@[0m[48;2;145;133;142m[38;2;145;133;142m*[0m[48;2;158;142;153m[38;2;158;142;153m+[0m[48;2;161;140;155m[38;2;161;140;155m+[0m[48;2;161;140;155m[38;2;161;140;155m+[0m[48;2;161;140;155m[38;2;161;140;155m+[0m[48;2;161;140;155m[38;2;161;140;155m+[0m[48;2;159;141;154m[38;2;159;141;154m+[0m[48;2;127;112;124m[38;2;127;112;124m#[0m[48;2;62;53;61m[38;2;62;53;61m░[0m[48;2;118;115;118m[38;2;118;115;118m#[0m                                
                                       [48;2;149;148;148m[38;2;149;148;148m+[0m[48;2;78;70;76m[38;2;78;70;76m░[0m[48;2;158;143;153m[38;2;158;143;153m+[0m[48;2;73;61;70m[38;2;73;61;70m░[0m[48;2;55;45;51m[38;2;55;45;51m▒[0m[48;2;248;235;238m[38;2;248;235;238m [0m[48;2;129;117;121m[38;2;129;117;121m#[0m[48;2;114;93;117m[38;2;114;93;117m%[0m[48;2;213;166;219m[38;2;213;166;219m-[0m[48;2;206;153;212m[38;2;206;153;212m=[0m[48;2;48;29;50m[38;2;48;29;50m▒[0m[48;2;226;214;212m[38;2;226;214;212m:[0m[48;2;250;235;230m[38;2;250;235;230m [0m[48;2;250;234;229m[38;2;250;234;229m [0m[48;2;250;234;229m[38;2;250;234;229m [0m[48;2;242;226;223m[38;2;242;226;223m.[0m[48;2;128;115;114m[38;2;128;115;114m#[0m[48;2;97;78;86m[38;2;97;78;86m@[0m[48;2;92;75;84m[38;2;92;75;84m@[0m[48;2;178;166;166m[38;2;178;166;166m=[0m[48;2;243;223;214m[38;2;243;223;214m.[0m[48;2;238;200;190m[38;2;238;200;190m:[0m[48;2;240;209;201m[38;2;240;209;201m:[0m[48;2;213;200;199m[38;2;213;200;199m:[0m[48;2;73;62;67m[38;2;73;62;67m░[0m[48;2;99;85;96m[38;2;99;85;96m@[0m[48;2;156;141;152m[38;2;156;141;152m+[0m[48;2;159;142;153m[38;2;159;142;153m+[0m[48;2;113;101;110m[38;2;113;101;110m%[0m[48;2;67;55;64m[38;2;67;55;64m░[0m[48;2;71;58;68m[38;2;71;58;68m░[0m[48;2;104;89;100m[38;2;104;89;100m%[0m[48;2;132;117;129m[38;2;132;117;129m#[0m[48;2;144;129;141m[38;2;144;129;141m*[0m[48;2;145;129;142m[38;2;145;129;142m*[0m[48;2;139;122;136m[38;2;139;122;136m*[0m[48;2;126;109;123m[38;2;126;109;123m#[0m[48;2;159;141;154m[38;2;159;141;154m+[0m[48;2;90;78;85m[38;2;90;78;85m@[0m[48;2;117;114;117m[38;2;117;114;117m#[0m                               
                                       [48;2;238;238;238m[38;2;238;238;238m [0m[48;2;45;40;44m[38;2;45;40;44m▒[0m[48;2;139;124;134m[38;2;139;124;134m*[0m[48;2;152;138;148m[38;2;152;138;148m*[0m[48;2;55;44;52m[38;2;55;44;52m▒[0m[48;2;171;158;159m[38;2;171;158;159m+[0m[48;2;234;217;214m[38;2;234;217;214m.[0m[48;2;89;73;77m[38;2;89;73;77m@[0m[48;2;108;81;103m[38;2;108;81;103m%[0m[48;2;96;70;92m[38;2;96;70;92m@[0m[48;2;112;98;105m[38;2;112;98;105m%[0m[48;2;249;236;232m[38;2;249;236;232m [0m[48;2;251;235;231m[38;2;251;235;231m [0m[48;2;143;127;126m[38;2;143;127;126m*[0m[48;2;149;134;131m[38;2;149;134;131m*[0m[48;2;248;234;227m[38;2;248;234;227m.[0m[48;2;250;235;229m[38;2;250;235;229m [0m[48;2;252;236;230m[38;2;252;236;230m [0m[48;2;250;235;229m[38;2;250;235;229m [0m[48;2;250;235;227m[38;2;250;235;227m [0m[48;2;249;234;224m[38;2;249;234;224m.[0m[48;2;250;235;226m[38;2;250;235;226m [0m[48;2;250;234;229m[38;2;250;234;229m [0m[48;2;251;235;233m[38;2;251;235;233m [0m[48;2;147;133;136m[38;2;147;133;136m*[0m[48;2;50;38;44m[38;2;50;38;44m▒[0m[48;2;58;46;55m[38;2;58;46;55m▒[0m[48;2;73;63;71m[38;2;73;63;71m░[0m[48;2;28;19;27m[38;2;28;19;27m▓[0m[48;2;84;75;82m[38;2;84;75;82m@[0m[48;2;107;97;105m[38;2;107;97;105m%[0m[48;2;82;71;81m[38;2;82;71;81m@[0m[48;2;46;38;45m[38;2;46;38;45m▒[0m[48;2;21;15;21m[38;2;21;15;21m█[0m[48;2;10;4;10m[38;2;10;4;10m█[0m[48;2;44;36;44m[38;2;44;36;44m▒[0m[48;2;108;96;107m[38;2;108;96;107m%[0m[48;2;160;140;155m[38;2;160;140;155m+[0m[48;2;157;138;151m[38;2;157;138;151m*[0m[48;2;39;30;36m[38;2;39;30;36m▓[0m[48;2;225;224;225m[38;2;225;224;225m.[0m                              
                                        [48;2;72;68;70m[38;2;72;68;70m░[0m[48;2;30;23;29m[38;2;30;23;29m▓[0m[48;2;93;82;90m[38;2;93;82;90m@[0m[48;2;128;113;124m[38;2;128;113;124m#[0m[48;2;65;54;61m[38;2;65;54;61m░[0m[48;2;92;80;82m[38;2;92;80;82m@[0m[48;2;210;197;195m[38;2;210;197;195m-[0m[48;2;222;209;204m[38;2;222;209;204m:[0m[48;2;230;215;210m[38;2;230;215;210m:[0m[48;2;249;235;228m[38;2;249;235;228m [0m[48;2;250;235;228m[38;2;250;235;228m [0m[48;2;250;235;227m[38;2;250;235;227m [0m[48;2;250;234;228m[38;2;250;234;228m [0m[48;2;251;235;230m[38;2;251;235;230m [0m[48;2;251;235;229m[38;2;251;235;229m [0m[48;2;250;234;228m[38;2;250;234;228m [0m[48;2;250;234;228m[38;2;250;234;228m [0m[48;2;250;234;228m[38;2;250;234;228m [0m[48;2;250;235;226m[38;2;250;235;226m [0m[48;2;250;235;227m[38;2;250;235;227m [0m[48;2;251;235;229m[38;2;251;235;229m [0m[48;2;233;218;214m[38;2;233;218;214m.[0m[48;2;138;126;126m[38;2;138;126;126m*[0m[48;2;63;52;56m[38;2;63;52;56m░[0m[48;2;141;130;136m[38;2;141;130;136m*[0m[48;2;125;114;123m[38;2;125;114;123m#[0m[48;2;82;74;82m[38;2;82;74;82m@[0m[48;2;29;21;29m[38;2;29;21;29m▓[0m[48;2;4;0;5m[38;2;4;0;5m█[0m[48;2;13;10;13m[38;2;13;10;13m█[0m[48;2;24;20;23m[38;2;24;20;23m▓[0m[48;2;9;5;8m[38;2;9;5;8m█[0m[48;2;47;43;47m[38;2;47;43;47m▒[0m[48;2;62;56;61m[38;2;62;56;61m░[0m[48;2;107;95;104m[38;2;107;95;104m%[0m[48;2;160;141;155m[38;2;160;141;155m+[0m[48;2;161;140;155m[38;2;161;140;155m+[0m[48;2;161;140;155m[38;2;161;140;155m+[0m[48;2;78;66;75m[38;2;78;66;75m░[0m[48;2;161;158;160m[38;2;161;158;160m+[0m                              
                                        [48;2;54;50;53m[38;2;54;50;53m▒[0m[48;2;49;45;49m[38;2;49;45;49m▒[0m[48;2;59;55;58m[38;2;59;55;58m░[0m[48;2;138;130;135m[38;2;138;130;135m*[0m[48;2;126;118;122m[38;2;126;118;122m#[0m[48;2;128;120;120m[38;2;128;120;120m#[0m[48;2;174;163;161m[38;2;174;163;161m=[0m[48;2;248;234;228m[38;2;248;234;228m.[0m[48;2;250;234;228m[38;2;250;234;228m [0m[48;2;250;235;228m[38;2;250;235;228m [0m[48;2;250;234;227m[38;2;250;234;227m [0m[48;2;250;235;228m[38;2;250;235;228m [0m[48;2;251;236;230m[38;2;251;236;230m [0m[48;2;251;237;231m[38;2;251;237;231m [0m[48;2;244;231;227m[38;2;244;231;227m.[0m[48;2;220;207;204m[38;2;220;207;204m:[0m[48;2;188;175;171m[38;2;188;175;171m=[0m[48;2;154;143;140m[38;2;154;143;140m*[0m[48;2;123;112;111m[38;2;123;112;111m#[0m[48;2;80;71;73m[38;2;80;71;73m@[0m[48;2;42;34;37m[38;2;42;34;37m▒[0m[48;2;15;10;13m[38;2;15;10;13m█[0m[48;2;8;4;7m[38;2;8;4;7m█[0m[48;2;28;23;25m[38;2;28;23;25m▓[0m[48;2;97;92;94m[38;2;97;92;94m%[0m[48;2;29;24;27m[38;2;29;24;27m▓[0m[48;2;11;8;13m[38;2;11;8;13m█[0m[48;2;24;19;28m[38;2;24;19;28m▓[0m[48;2;35;32;38m[38;2;35;32;38m▓[0m[48;2;223;221;224m[38;2;223;221;224m.[0m[48;2;212;208;211m[38;2;212;208;211m:[0m[48;2;54;49;51m[38;2;54;49;51m▒[0m[48;2;188;182;183m[38;2;188;182;183m-[0m[48;2;98;91;95m[38;2;98;91;95m%[0m[48;2;77;66;74m[38;2;77;66;74m░[0m[48;2;158;140;153m[38;2;158;140;153m+[0m[48;2;161;140;155m[38;2;161;140;155m+[0m[48;2;161;140;155m[38;2;161;140;155m+[0m[48;2;80;65;77m[38;2;80;65;77m░[0m[48;2;158;154;157m[38;2;158;154;157m+[0m                              
                                        [48;2;240;238;239m[38;2;240;238;239m [0m[48;2;213;211;214m[38;2;213;211;214m:[0m[48;2;80;77;79m[38;2;80;77;79m@[0m[48;2;61;56;57m[38;2;61;56;57m░[0m[48;2;118;112;113m[38;2;118;112;113m#[0m[48;2;130;123;123m[38;2;130;123;123m#[0m[48;2;131;124;123m[38;2;131;124;123m#[0m[48;2;128;120;119m[38;2;128;120;119m#[0m[48;2;120;113;111m[38;2;120;113;111m#[0m[48;2;116;109;108m[38;2;116;109;108m#[0m[48;2;106;99;99m[38;2;106;99;99m%[0m[48;2;90;83;84m[38;2;90;83;84m@[0m[48;2;90;82;83m[38;2;90;82;83m@[0m[48;2;65;57;58m[38;2;65;57;58m░[0m[48;2;90;84;85m[38;2;90;84;85m@[0m[48;2;95;90;93m[38;2;95;90;93m%[0m[48;2;14;10;13m[38;2;14;10;13m█[0m[48;2;34;30;33m[38;2;34;30;33m▓[0m[48;2;37;32;37m[38;2;37;32;37m▓[0m[48;2;21;16;21m[38;2;21;16;21m█[0m[48;2;36;33;39m[38;2;36;33;39m▓[0m[48;2;20;16;24m[38;2;20;16;24m█[0m[48;2;12;9;18m[38;2;12;9;18m█[0m[48;2;16;12;18m[38;2;16;12;18m█[0m[48;2;20;16;22m[38;2;20;16;22m█[0m[48;2;27;23;33m[38;2;27;23;33m▓[0m[48;2;35;30;44m[38;2;35;30;44m▓[0m[48;2;21;17;28m[38;2;21;17;28m▓[0m[48;2;128;125;131m[38;2;128;125;131m#[0m [48;2;218;215;216m[38;2;218;215;216m:[0m[48;2;22;19;20m[38;2;22;19;20m▓[0m[48;2;129;124;127m[38;2;129;124;127m#[0m[48;2;52;46;51m[38;2;52;46;51m▒[0m[48;2;103;92;101m[38;2;103;92;101m%[0m[48;2;141;126;139m[38;2;141;126;139m*[0m[48;2;160;141;155m[38;2;160;141;155m+[0m[48;2;147;131;144m[38;2;147;131;144m*[0m[48;2;43;35;40m[38;2;43;35;40m▒[0m[48;2;230;225;229m[38;2;230;225;229m.[0m                              
                                    [48;2;226;226;226m[38;2;226;226;226m.[0m[48;2;76;75;76m[38;2;76;75;76m@[0m[48;2;68;66;68m[38;2;68;66;68m░[0m[48;2;36;35;37m[38;2;36;35;37m▓[0m[48;2;22;20;27m[38;2;22;20;27m▓[0m[48;2;22;18;29m[38;2;22;18;29m▓[0m[48;2;12;9;15m[38;2;12;9;15m█[0m[48;2;35;32;36m[38;2;35;32;36m▓[0m[48;2;24;22;26m[38;2;24;22;26m▓[0m[48;2;19;17;21m[38;2;19;17;21m█[0m[48;2;55;52;56m[38;2;55;52;56m▒[0m[48;2;4;1;6m[38;2;4;1;6m█[0m[48;2;34;31;35m[38;2;34;31;35m▓[0m[48;2;32;27;33m[38;2;32;27;33m▓[0m[48;2;51;45;54m[38;2;51;45;54m▒[0m[48;2;22;17;26m[38;2;22;17;26m▓[0m[48;2;44;41;46m[38;2;44;41;46m▒[0m[48;2;136;132;136m[38;2;136;132;136m*[0m[48;2;62;59;63m[38;2;62;59;63m░[0m[48;2;11;8;12m[38;2;11;8;12m█[0m[48;2;32;29;34m[38;2;32;29;34m▓[0m[48;2;54;48;53m[38;2;54;48;53m▒[0m[48;2;19;13;17m[38;2;19;13;17m█[0m[48;2;36;27;30m[38;2;36;27;30m▓[0m[48;2;97;89;86m[38;2;97;89;86m@[0m[48;2;68;61;62m[38;2;68;61;62m░[0m[48;2;33;27;44m[38;2;33;27;44m▓[0m[48;2;8;5;15m[38;2;8;5;15m█[0m[48;2;3;0;8m[38;2;3;0;8m█[0m[48;2;23;20;31m[38;2;23;20;31m▓[0m[48;2;35;30;46m[38;2;35;30;46m▓[0m[48;2;13;9;22m[38;2;13;9;22m█[0m[48;2;187;184;189m[38;2;187;184;189m-[0m [48;2;242;240;241m[38;2;242;240;241m [0m[48;2;61;59;60m[38;2;61;59;60m░[0m[48;2;167;163;166m[38;2;167;163;166m+[0m[48;2;75;69;74m[38;2;75;69;74m░[0m[48;2;55;47;55m[38;2;55;47;55m▒[0m[48;2;146;132;144m[38;2;146;132;144m*[0m[48;2;152;135;148m[38;2;152;135;148m*[0m[48;2;54;45;53m[38;2;54;45;53m▒[0m[48;2;176;171;175m[38;2;176;171;175m=[0m                               
                                   [48;2;105;104;106m[38;2;105;104;106m%[0m[48;2;73;70;75m[38;2;73;70;75m░[0m[48;2;79;76;80m[38;2;79;76;80m@[0m[48;2;217;214;218m[38;2;217;214;218m:[0m[48;2;16;15;18m[38;2;16;15;18m█[0m[48;2;36;32;48m[38;2;36;32;48m▓[0m[48;2;37;32;51m[38;2;37;32;51m▓[0m[48;2;37;31;50m[38;2;37;31;50m▓[0m[48;2;35;30;46m[38;2;35;30;46m▓[0m[48;2;28;23;37m[38;2;28;23;37m▓[0m[48;2;8;5;14m[38;2;8;5;14m█[0m[48;2;17;13;22m[38;2;17;13;22m█[0m[48;2;15;11;21m[38;2;15;11;21m█[0m[48;2;20;16;26m[38;2;20;16;26m▓[0m[48;2;13;10;18m[38;2;13;10;18m█[0m[48;2;23;19;25m[38;2;23;19;25m▓[0m[48;2;36;32;38m[38;2;36;32;38m▓[0m[48;2;24;20;26m[38;2;24;20;26m▓[0m[48;2;137;133;137m[38;2;137;133;137m*[0m[48;2;16;12;16m[38;2;16;12;16m█[0m[48;2;44;40;44m[38;2;44;40;44m▒[0m[48;2;19;14;19m[38;2;19;14;19m█[0m[48;2;34;28;32m[38;2;34;28;32m▓[0m[48;2;83;76;76m[38;2;83;76;76m@[0m[48;2;108;96;101m[38;2;108;96;101m%[0m[48;2;63;49;58m[38;2;63;49;58m▒[0m[48;2;120;110;104m[38;2;120;110;104m#[0m[48;2;37;29;50m[38;2;37;29;50m▓[0m[48;2;34;28;47m[38;2;34;28;47m▓[0m[48;2;11;8;20m[38;2;11;8;20m█[0m[48;2;12;7;17m[38;2;12;7;17m█[0m[48;2;30;26;34m[38;2;30;26;34m▓[0m[48;2;10;6;13m[38;2;10;6;13m█[0m[48;2;114;110;116m[38;2;114;110;116m#[0m[48;2;167;165;167m[38;2;167;165;167m=[0m[48;2;181;179;181m[38;2;181;179;181m=[0m[48;2;136;134;137m[38;2;136;134;137m*[0m[48;2;53;49;52m[38;2;53;49;52m▒[0m[48;2;37;31;36m[38;2;37;31;36m▓[0m[48;2;146;135;143m[38;2;146;135;143m*[0m[48;2;135;122;132m[38;2;135;122;132m#[0m[48;2;50;41;48m[38;2;50;41;48m▒[0m[48;2;184;182;187m[38;2;184;182;187m-[0m                                
                                  [48;2;235;235;235m[38;2;235;235;235m.[0m[48;2;105;105;105m[38;2;105;105;105m%[0m[48;2;99;97;99m[38;2;99;97;99m%[0m[48;2;44;41;45m[38;2;44;41;45m▒[0m [48;2;114;113;116m[38;2;114;113;116m#[0m[48;2;22;18;32m[38;2;22;18;32m▓[0m[48;2;37;32;50m[38;2;37;32;50m▓[0m[48;2;37;32;50m[38;2;37;32;50m▓[0m[48;2;37;32;50m[38;2;37;32;50m▓[0m[48;2;23;19;34m[38;2;23;19;34m▓[0m[48;2;18;14;23m[38;2;18;14;23m█[0m[48;2;12;9;19m[38;2;12;9;19m█[0m[48;2;28;24;37m[38;2;28;24;37m▓[0m[48;2;37;31;49m[38;2;37;31;49m▓[0m[48;2;10;6;17m[38;2;10;6;17m█[0m[48;2;5;1;5m[38;2;5;1;5m█[0m[48;2;10;7;10m[38;2;10;7;10m█[0m[48;2;6;3;7m[38;2;6;3;7m█[0m[48;2;7;4;9m[38;2;7;4;9m█[0m[48;2;12;6;18m[38;2;12;6;18m█[0m[48;2;79;69;63m[38;2;79;69;63m░[0m[48;2;116;105;89m[38;2;116;105;89m%[0m[48;2;46;37;32m[38;2;46;37;32m▒[0m[48;2;88;80;79m[38;2;88;80;79m@[0m[48;2;95;84;85m[38;2;95;84;85m@[0m[48;2;102;91;91m[38;2;102;91;91m%[0m[48;2;64;54;60m[38;2;64;54;60m░[0m[48;2;36;29;50m[38;2;36;29;50m▓[0m[48;2;36;30;51m[38;2;36;30;51m▓[0m[48;2;36;30;50m[38;2;36;30;50m▓[0m[48;2;22;17;34m[38;2;22;17;34m▓[0m[48;2;45;39;50m[38;2;45;39;50m▒[0m[48;2;74;67;75m[38;2;74;67;75m░[0m[48;2;50;44;51m[38;2;50;44;51m▒[0m[48;2;22;17;22m[38;2;22;17;22m▓[0m[48;2;17;12;17m[38;2;17;12;17m█[0m[48;2;78;71;76m[38;2;78;71;76m@[0m[48;2;103;94;100m[38;2;103;94;100m%[0m[48;2;108;99;106m[38;2;108;99;106m%[0m[48;2;73;65;72m[38;2;73;65;72m░[0m[48;2;98;91;98m[38;2;98;91;98m%[0m[48;2;220;217;222m[38;2;220;217;222m:[0m                                 
                                     [48;2;111;110;110m[38;2;111;110;110m#[0m[48;2;153;152;153m[38;2;153;152;153m+[0m [48;2;89;86;93m[38;2;89;86;93m@[0m[48;2;20;16;28m[38;2;20;16;28m▓[0m[48;2;35;30;45m[38;2;35;30;45m▓[0m[48;2;32;28;42m[38;2;32;28;42m▓[0m[48;2;14;11;22m[38;2;14;11;22m█[0m[48;2;32;27;35m[38;2;32;27;35m▓[0m[48;2;6;3;10m[38;2;6;3;10m█[0m[48;2;35;30;47m[38;2;35;30;47m▓[0m[48;2;37;31;52m[38;2;37;31;52m▓[0m[48;2;29;24;41m[38;2;29;24;41m▓[0m[48;2;48;41;44m[38;2;48;41;44m▒[0m[48;2;179;170;141m[38;2;179;170;141m=[0m[48;2;129;118;90m[38;2;129;118;90m#[0m[48;2;77;66;51m[38;2;77;66;51m░[0m[48;2;128;112;93m[38;2;128;112;93m#[0m[48;2;213;195;156m[38;2;213;195;156m-[0m[48;2;149;134;110m[38;2;149;134;110m*[0m[48;2;42;33;29m[38;2;42;33;29m▓[0m[48;2;15;9;14m[38;2;15;9;14m█[0m[48;2;42;36;43m[38;2;42;36;43m▒[0m[48;2;42;37;45m[38;2;42;37;45m▒[0m[48;2;24;19;29m[38;2;24;19;29m▓[0m[48;2;14;10;20m[38;2;14;10;20m█[0m[48;2;9;6;15m[38;2;9;6;15m█[0m[48;2;13;9;20m[38;2;13;9;20m█[0m[48;2;17;14;24m[38;2;17;14;24m█[0m[48;2;14;11;19m[38;2;14;11;19m█[0m[48;2;8;4;11m[38;2;8;4;11m█[0m[48;2;27;24;29m[38;2;27;24;29m▓[0m[48;2;27;22;27m[38;2;27;22;27m▓[0m[48;2;131;123;130m[38;2;131;123;130m#[0m[48;2;116;104;114m[38;2;116;104;114m%[0m[48;2;68;58;67m[38;2;68;58;67m░[0m[48;2;108;102;107m[38;2;108;102;107m%[0m[48;2;212;209;213m[38;2;212;209;213m:[0m                                   
                                      [48;2;81;80;81m[38;2;81;80;81m@[0m[48;2;151;150;150m[38;2;151;150;150m+[0m[48;2;239;237;240m[38;2;239;237;240m [0m[48;2;118;114;119m[38;2;118;114;119m#[0m[48;2;11;7;13m[38;2;11;7;13m█[0m[48;2;33;30;36m[38;2;33;30;36m▓[0m[48;2;55;52;60m[38;2;55;52;60m▒[0m[48;2;59;53;61m[38;2;59;53;61m░[0m[48;2;15;11;19m[38;2;15;11;19m█[0m[48;2;35;30;46m[38;2;35;30;46m▓[0m[48;2;29;25;41m[38;2;29;25;41m▓[0m[48;2;17;13;25m[38;2;17;13;25m█[0m[48;2;27;22;28m[38;2;27;22;28m▓[0m[48;2;24;16;19m[38;2;24;16;19m▓[0m[48;2;69;60;54m[38;2;69;60;54m░[0m[48;2;110;101;88m[38;2;110;101;88m%[0m[48;2;105;94;81m[38;2;105;94;81m%[0m[48;2;25;17;18m[38;2;25;17;18m▓[0m[48;2;10;5;11m[38;2;10;5;11m█[0m[48;2;46;42;49m[38;2;46;42;49m▒[0m[48;2;5;2;10m[38;2;5;2;10m█[0m[48;2;5;2;9m[38;2;5;2;9m█[0m[48;2;18;15;21m[38;2;18;15;21m█[0m[48;2;45;41;51m[38;2;45;41;51m▒[0m[48;2;58;55;62m[38;2;58;55;62m░[0m[48;2;66;64;69m[38;2;66;64;69m░[0m[48;2;68;66;71m[38;2;68;66;71m░[0m[48;2;68;65;71m[38;2;68;65;71m░[0m[48;2;68;65;70m[38;2;68;65;70m░[0m[48;2;65;63;68m[38;2;65;63;68m░[0m[48;2;63;60;65m[38;2;63;60;65m░[0m[48;2;36;32;38m[38;2;36;32;38m▓[0m[48;2;55;49;55m[38;2;55;49;55m▒[0m[48;2;151;145;151m[38;2;151;145;151m+[0m[48;2;236;233;237m[38;2;236;233;237m.[0m                                     
                                       [48;2;149;148;149m[38;2;149;148;149m+[0m[48;2;97;95;98m[38;2;97;95;98m%[0m[48;2;136;132;136m[38;2;136;132;136m*[0m[48;2;196;193;197m[38;2;196;193;197m-[0m[48;2;186;183;189m[38;2;186;183;189m-[0m[48;2;114;111;117m[38;2;114;111;117m#[0m[48;2;26;23;28m[38;2;26;23;28m▓[0m[48;2;22;18;26m[38;2;22;18;26m▓[0m[48;2;19;15;27m[38;2;19;15;27m█[0m[48;2;31;28;35m[38;2;31;28;35m▓[0m[48;2;68;66;71m[38;2;68;66;71m░[0m[48;2;7;4;9m[38;2;7;4;9m█[0m[48;2;122;118;124m[38;2;122;118;124m#[0m[48;2;81;78;82m[38;2;81;78;82m@[0m[48;2;21;19;23m[38;2;21;19;23m▓[0m[48;2;25;21;34m[38;2;25;21;34m▓[0m[48;2;29;25;38m[38;2;29;25;38m▓[0m[48;2;31;28;36m[38;2;31;28;36m▓[0m[48;2;18;10;43m[38;2;18;10;43m█[0m[48;2;25;14;70m[38;2;25;14;70m▓[0m[48;2;58;46;102m[38;2;58;46;102m░[0m[48;2;5;2;13m[38;2;5;2;13m█[0m[48;2;27;23;35m[38;2;27;23;35m▓[0m[48;2;36;33;47m[38;2;36;33;47m▓[0m[48;2;35;31;46m[38;2;35;31;46m▓[0m[48;2;33;28;46m[38;2;33;28;46m▓[0m[48;2;32;27;44m[38;2;32;27;44m▓[0m[48;2;32;26;44m[38;2;32;26;44m▓[0m[48;2;32;27;44m[38;2;32;27;44m▓[0m[48;2;32;28;45m[38;2;32;28;45m▓[0m[48;2;30;25;43m[38;2;30;25;43m▓[0m[48;2;21;16;30m[38;2;21;16;30m▓[0m[48;2;65;62;70m[38;2;65;62;70m░[0m[48;2;134;132;137m[38;2;134;132;137m*[0m[48;2;203;202;204m[38;2;203;202;204m:[0m                                    
                                       [48;2;126;126;126m[38;2;126;126;126m#[0m[48;2;62;60;63m[38;2;62;60;63m░[0m[48;2;52;48;53m[38;2;52;48;53m▒[0m[48;2;68;63;68m[38;2;68;63;68m░[0m[48;2;99;95;100m[38;2;99;95;100m%[0m[48;2;137;132;139m[38;2;137;132;139m*[0m[48;2;38;35;40m[38;2;38;35;40m▓[0m[48;2;13;10;15m[38;2;13;10;15m█[0m[48;2;61;58;63m[38;2;61;58;63m░[0m[48;2;57;54;58m[38;2;57;54;58m░[0m[48;2;16;12;19m[38;2;16;12;19m█[0m[48;2;39;37;40m[38;2;39;37;40m▒[0m[48;2;242;240;241m[38;2;242;240;241m [0m [48;2;98;95;100m[38;2;98;95;100m%[0m[48;2;35;22;82m[38;2;35;22;82m▓[0m[48;2;72;49;163m[38;2;72;49;163m░[0m[48;2;45;34;75m[38;2;45;34;75m▒[0m[48;2;13;7;32m[38;2;13;7;32m█[0m[48;2;34;23;76m[38;2;34;23;76m▓[0m[48;2;81;68;122m[38;2;81;68;122m@[0m[48;2;32;25;46m[38;2;32;25;46m▓[0m[48;2;15;11;21m[38;2;15;11;21m█[0m[48;2;37;32;49m[38;2;37;32;49m▓[0m[48;2;37;32;50m[38;2;37;32;50m▓[0m[48;2;37;31;51m[38;2;37;31;51m▓[0m[48;2;37;31;52m[38;2;37;31;52m▓[0m[48;2;37;31;52m[38;2;37;31;52m▓[0m[48;2;37;31;52m[38;2;37;31;52m▓[0m[48;2;37;31;52m[38;2;37;31;52m▓[0m[48;2;37;31;52m[38;2;37;31;52m▓[0m[48;2;37;31;52m[38;2;37;31;52m▓[0m[48;2;36;31;51m[38;2;36;31;51m▓[0m[48;2;31;26;44m[38;2;31;26;44m▓[0m[48;2;22;17;31m[38;2;22;17;31m▓[0m[48;2;42;38;48m[38;2;42;38;48m▒[0m[48;2;118;116;120m[38;2;118;116;120m#[0m[48;2;207;207;208m[38;2;207;207;208m:[0m                                 
                                        [48;2;188;187;189m[38;2;188;187;189m-[0m[48;2;140;137;141m[38;2;140;137;141m*[0m[48;2;110;106;111m[38;2;110;106;111m%[0m[48;2;98;95;100m[38;2;98;95;100m%[0m[48;2;66;64;69m[38;2;66;64;69m░[0m[48;2;22;19;24m[38;2;22;19;24m▓[0m[48;2;71;67;72m[38;2;71;67;72m░[0m[48;2;30;27;32m[38;2;30;27;32m▓[0m[48;2;29;25;37m[38;2;29;25;37m▓[0m[48;2;26;21;36m[38;2;26;21;36m▓[0m[48;2;105;103;105m[38;2;105;103;105m%[0m  [48;2;238;235;239m[38;2;238;235;239m.[0m[48;2;83;80;86m[38;2;83;80;86m@[0m[48;2;69;58;94m[38;2;69;58;94m░[0m[48;2;57;46;73m[38;2;57;46;73m▒[0m[48;2;15;7;29m[38;2;15;7;29m█[0m[48;2;44;26;122m[38;2;44;26;122m▒[0m[48;2;55;41;95m[38;2;55;41;95m▒[0m[48;2;34;27;40m[38;2;34;27;40m▓[0m[48;2;140;136;144m[38;2;140;136;144m*[0m[48;2;67;63;74m[38;2;67;63;74m░[0m[48;2;21;17;29m[38;2;21;17;29m▓[0m[48;2;31;26;41m[38;2;31;26;41m▓[0m[48;2;37;31;49m[38;2;37;31;49m▓[0m[48;2;37;31;52m[38;2;37;31;52m▓[0m[48;2;37;31;52m[38;2;37;31;52m▓[0m[48;2;37;31;52m[38;2;37;31;52m▓[0m[48;2;37;31;52m[38;2;37;31;52m▓[0m[48;2;37;31;52m[38;2;37;31;52m▓[0m[48;2;37;31;52m[38;2;37;31;52m▓[0m[48;2;37;31;52m[38;2;37;31;52m▓[0m[48;2;37;31;52m[38;2;37;31;52m▓[0m[48;2;37;31;52m[38;2;37;31;52m▓[0m[48;2;32;27;44m[38;2;32;27;44m▓[0m[48;2;19;15;27m[38;2;19;15;27m█[0m[48;2;63;61;67m[38;2;63;61;67m░[0m[48;2;165;164;166m[38;2;165;164;166m+[0m                               
                                            [48;2;185;183;186m[38;2;185;183;186m-[0m[48;2;14;12;16m[38;2;14;12;16m█[0m[48;2;21;16;27m[38;2;21;16;27m▓[0m[48;2;36;30;48m[38;2;36;30;48m▓[0m[48;2;37;31;51m[38;2;37;31;51m▓[0m[48;2;18;13;30m[38;2;18;13;30m█[0m[48;2;155;151;157m[38;2;155;151;157m+[0m    [48;2;212;209;212m[38;2;212;209;212m:[0m[48;2;238;234;237m[38;2;238;234;237m.[0m[48;2;177;175;178m[38;2;177;175;178m=[0m[48;2;69;64;77m[38;2;69;64;77m░[0m[48;2;62;51;82m[38;2;62;51;82m░[0m[48;2;78;73;81m[38;2;78;73;81m@[0m[48;2;235;233;236m[38;2;235;233;236m.[0m [48;2;207;206;208m[38;2;207;206;208m:[0m[48;2;125;124;127m[38;2;125;124;127m#[0m[48;2;43;41;47m[38;2;43;41;47m▒[0m[48;2;19;15;26m[38;2;19;15;26m█[0m[48;2;28;23;38m[38;2;28;23;38m▓[0m[48;2;35;30;48m[38;2;35;30;48m▓[0m[48;2;37;31;51m[38;2;37;31;51m▓[0m[48;2;37;31;52m[38;2;37;31;52m▓[0m[48;2;37;31;52m[38;2;37;31;52m▓[0m[48;2;37;31;52m[38;2;37;31;52m▓[0m[48;2;37;31;52m[38;2;37;31;52m▓[0m[48;2;37;31;52m[38;2;37;31;52m▓[0m[48;2;37;31;52m[38;2;37;31;52m▓[0m[48;2;37;31;52m[38;2;37;31;52m▓[0m[48;2;36;31;51m[38;2;36;31;51m▓[0m[48;2;26;21;37m[38;2;26;21;37m▓[0m[48;2;42;39;47m[38;2;42;39;47m▒[0m[48;2;163;162;165m[38;2;163;162;165m+[0m                             
                                            [48;2;184;183;186m[38;2;184;183;186m-[0m[48;2;12;11;16m[38;2;12;11;16m█[0m[48;2;37;32;50m[38;2;37;32;50m▓[0m[48;2;37;31;52m[38;2;37;31;52m▓[0m[48;2;37;31;52m[38;2;37;31;52m▓[0m[48;2;14;10;26m[38;2;14;10;26m█[0m[48;2;189;186;191m[38;2;189;186;191m-[0m        [48;2;204;204;205m[38;2;204;204;205m:[0m[48;2;238;237;238m[38;2;238;237;238m.[0m   [48;2;151;150;150m[38;2;151;150;150m+[0m[48;2;76;74;76m[38;2;76;74;76m@[0m[48;2;121;118;122m[38;2;121;118;122m#[0m[48;2;20;17;22m[38;2;20;17;22m▓[0m[48;2;15;9;36m[38;2;15;9;36m█[0m[48;2;17;10;49m[38;2;17;10;49m█[0m[48;2;21;17;31m[38;2;21;17;31m▓[0m[48;2;30;25;42m[38;2;30;25;42m▓[0m[48;2;37;31;50m[38;2;37;31;50m▓[0m[48;2;37;31;52m[38;2;37;31;52m▓[0m[48;2;37;31;52m[38;2;37;31;52m▓[0m[48;2;37;31;52m[38;2;37;31;52m▓[0m[48;2;37;31;52m[38;2;37;31;52m▓[0m[48;2;37;31;52m[38;2;37;31;52m▓[0m[48;2;37;31;52m[38;2;37;31;52m▓[0m[48;2;36;31;50m[38;2;36;31;50m▓[0m[48;2;21;17;30m[38;2;21;17;30m▓[0m[48;2;103;102;106m[38;2;103;102;106m%[0m                            