                                                                                                              
                                                                                                              
                                                                                                              
                                                                                                              
                                                                                                              
                                                                                                              
                                                                                                              
                                                                                                              
                                                                                                              
                                                                                                              
                                                                                                              
                                                                                                              
                                                                                                              
                                               [48;2;199;199;200m[38;2;199;199;200m-[0m[48;2;127;126;128m[38;2;127;126;128m#[0m[48;2;82;81;84m[38;2;82;81;84m@[0m[48;2;62;61;65m[38;2;62;61;65m░[0m[48;2;55;54;59m[38;2;55;54;59m░[0m[48;2;56;55;59m[38;2;56;55;59m░[0m[48;2;63;62;67m[38;2;63;62;67m░[0m[48;2;76;75;80m[38;2;76;75;80m@[0m[48;2;95;94;98m[38;2;95;94;98m%[0m[48;2;122;121;124m[38;2;122;121;124m#[0m[48;2;154;153;155m[38;2;154;153;155m+[0m[48;2;199;199;201m[38;2;199;199;201m-[0m                                                   
                                             [48;2;216;216;216m[38;2;216;216;216m:[0m[48;2;41;40;43m[38;2;41;40;43m▒[0m[48;2;12;11;18m[38;2;12;11;18m█[0m[48;2;32;30;45m[38;2;32;30;45m▓[0m[48;2;42;41;57m[38;2;42;41;57m▒[0m[48;2;43;43;59m[38;2;43;43;59m▒[0m[48;2;43;43;59m[38;2;43;43;59m▒[0m[48;2;42;43;59m[38;2;42;43;59m▒[0m[48;2;42;43;59m[38;2;42;43;59m▒[0m[48;2;41;42;58m[38;2;41;42;58m▒[0m[48;2;41;42;57m[38;2;41;42;57m▒[0m[48;2;38;38;54m[38;2;38;38;54m▒[0m[48;2;34;33;49m[38;2;34;33;49m▓[0m[48;2;27;26;41m[38;2;27;26;41m▓[0m[48;2;25;24;36m[38;2;25;24;36m▓[0m[48;2;68;67;76m[38;2;68;67;76m░[0m[48;2;139;139;143m[38;2;139;139;143m*[0m[48;2;229;229;231m[38;2;229;229;231m.[0m                                               
                                             [48;2;80;79;82m[38;2;80;79;82m@[0m[48;2;28;27;37m[38;2;28;27;37m▓[0m[48;2;43;42;57m[38;2;43;42;57m▒[0m[48;2;42;43;59m[38;2;42;43;59m▒[0m[48;2;41;43;59m[38;2;41;43;59m▒[0m[48;2;40;44;59m[38;2;40;44;59m▒[0m[48;2;40;44;59m[38;2;40;44;59m▒[0m[48;2;40;44;59m[38;2;40;44;59m▒[0m[48;2;40;44;59m[38;2;40;44;59m▒[0m[48;2;40;44;59m[38;2;40;44;59m▒[0m[48;2;40;44;59m[38;2;40;44;59m▒[0m[48;2;40;44;59m[38;2;40;44;59m▒[0m[48;2;40;44;59m[38;2;40;44;59m▒[0m[48;2;40;44;59m[38;2;40;44;59m▒[0m[48;2;41;43;59m[38;2;41;43;59m▒[0m[48;2;41;42;58m[38;2;41;42;58m▒[0m[48;2;33;33;48m[38;2;33;33;48m▓[0m[48;2;22;21;32m[38;2;22;21;32m▓[0m[48;2;112;111;117m[38;2;112;111;117m#[0m[48;2;237;237;238m[38;2;237;237;238m.[0m                                             
                                            [48;2;108;107;110m[38;2;108;107;110m%[0m[48;2;41;39;46m[38;2;41;39;46m▒[0m[48;2;44;44;57m[38;2;44;44;57m▒[0m[48;2;42;43;59m[38;2;42;43;59m▒[0m[48;2;40;44;59m[38;2;40;44;59m▒[0m[48;2;40;44;59m[38;2;40;44;59m▒[0m[48;2;40;44;59m[38;2;40;44;59m▒[0m[48;2;40;44;59m[38;2;40;44;59m▒[0m[48;2;40;44;59m[38;2;40;44;59m▒[0m[48;2;40;44;59m[38;2;40;44;59m▒[0m[48;2;40;44;59m[38;2;40;44;59m▒[0m[48;2;40;44;59m[38;2;40;44;59m▒[0m[48;2;40;44;59m[38;2;40;44;59m▒[0m[48;2;40;44;59m[38;2;40;44;59m▒[0m[48;2;40;44;59m[38;2;40;44;59m▒[0m[48;2;40;44;59m[38;2;40;44;59m▒[0m[48;2;40;44;59m[38;2;40;44;59m▒[0m[48;2;41;43;59m[38;2;41;43;59m▒[0m[48;2;43;43;59m[38;2;43;43;59m▒[0m[48;2;32;31;46m[38;2;32;31;46m▓[0m[48;2;41;39;48m[38;2;41;39;48m▒[0m[48;2;206;205;207m[38;2;206;205;207m:[0m                                            
                                          [48;2;206;206;206m[38;2;206;206;206m:[0m[48;2;56;54;58m[38;2;56;54;58m░[0m[48;2;8;6;12m[38;2;8;6;12m█[0m[48;2;74;72;81m[38;2;74;72;81m@[0m[48;2;43;43;57m[38;2;43;43;57m▒[0m[48;2;41;43;59m[38;2;41;43;59m▒[0m[48;2;40;44;59m[38;2;40;44;59m▒[0m[48;2;40;44;59m[38;2;40;44;59m▒[0m[48;2;40;44;59m[38;2;40;44;59m▒[0m[48;2;40;44;59m[38;2;40;44;59m▒[0m[48;2;40;44;59m[38;2;40;44;59m▒[0m[48;2;40;44;59m[38;2;40;44;59m▒[0m[48;2;40;44;59m[38;2;40;44;59m▒[0m[48;2;40;44;59m[38;2;40;44;59m▒[0m[48;2;40;44;59m[38;2;40;44;59m▒[0m[48;2;40;44;59m[38;2;40;44;59m▒[0m[48;2;40;44;59m[38;2;40;44;59m▒[0m[48;2;40;44;59m[38;2;40;44;59m▒[0m[48;2;40;44;59m[38;2;40;44;59m▒[0m[48;2;40;44;59m[38;2;40;44;59m▒[0m[48;2;41;43;59m[38;2;41;43;59m▒[0m[48;2;42;42;58m[38;2;42;42;58m▒[0m[48;2;37;37;52m[38;2;37;37;52m▒[0m[48;2;27;25;33m[38;2;27;25;33m▓[0m[48;2;193;192;196m[38;2;193;192;196m-[0m                                           
                                         [48;2;179;179;180m[38;2;179;179;180m=[0m[48;2;49;44;50m[38;2;49;44;50m▒[0m[48;2;123;115;123m[38;2;123;115;123m#[0m[48;2;13;10;15m[38;2;13;10;15m█[0m[48;2;78;77;86m[38;2;78;77;86m@[0m[48;2;42;43;58m[38;2;42;43;58m▒[0m[48;2;40;44;59m[38;2;40;44;59m▒[0m[48;2;40;44;59m[38;2;40;44;59m▒[0m[48;2;40;44;59m[38;2;40;44;59m▒[0m[48;2;40;44;59m[38;2;40;44;59m▒[0m[48;2;40;44;59m[38;2;40;44;59m▒[0m[48;2;40;44;59m[38;2;40;44;59m▒[0m[48;2;40;44;59m[38;2;40;44;59m▒[0m[48;2;40;44;59m[38;2;40;44;59m▒[0m[48;2;40;44;59m[38;2;40;44;59m▒[0m[48;2;40;44;59m[38;2;40;44;59m▒[0m[48;2;40;44;59m[38;2;40;44;59m▒[0m[48;2;40;44;59m[38;2;40;44;59m▒[0m[48;2;40;44;59m[38;2;40;44;59m▒[0m[48;2;40;44;59m[38;2;40;44;59m▒[0m[48;2;40;44;59m[38;2;40;44;59m▒[0m[48;2;40;44;59m[38;2;40;44;59m▒[0m[48;2;40;44;59m[38;2;40;44;59m▒[0m[48;2;41;43;59m[38;2;41;43;59m▒[0m[48;2;39;39;53m[38;2;39;39;53m▒[0m[48;2;25;24;32m[38;2;25;24;32m▓[0m[48;2;211;211;212m[38;2;211;211;212m:[0m                                          
                                        [48;2;193;192;193m[38;2;193;192;193m-[0m[48;2;30;26;31m[38;2;30;26;31m▓[0m[48;2;76;67;78m[38;2;76;67;78m░[0m[48;2;91;82;92m[38;2;91;82;92m@[0m[48;2;12;7;14m[38;2;12;7;14m█[0m[48;2;78;76;83m[38;2;78;76;83m@[0m[48;2;49;49;61m[38;2;49;49;61m▒[0m[48;2;40;44;59m[38;2;40;44;59m▒[0m[48;2;40;44;59m[38;2;40;44;59m▒[0m[48;2;40;44;59m[38;2;40;44;59m▒[0m[48;2;40;44;59m[38;2;40;44;59m▒[0m[48;2;40;44;59m[38;2;40;44;59m▒[0m[48;2;40;44;59m[38;2;40;44;59m▒[0m[48;2;40;44;59m[38;2;40;44;59m▒[0m[48;2;40;44;59m[38;2;40;44;59m▒[0m[48;2;40;44;59m[38;2;40;44;59m▒[0m[48;2;40;44;59m[38;2;40;44;59m▒[0m[48;2;40;44;59m[38;2;40;44;59m▒[0m[48;2;40;44;59m[38;2;40;44;59m▒[0m[48;2;40;44;59m[38;2;40;44;59m▒[0m[48;2;40;44;59m[38;2;40;44;59m▒[0m[48;2;40;44;59m[38;2;40;44;59m▒[0m[48;2;40;44;59m[38;2;40;44;59m▒[0m[48;2;40;44;59m[38;2;40;44;59m▒[0m[48;2;40;44;59m[38;2;40;44;59m▒[0m[48;2;41;43;59m[38;2;41;43;59m▒[0m[48;2;35;34;47m[38;2;35;34;47m▓[0m[48;2;59;57;61m[38;2;59;57;61m░[0m                                          
                                        [48;2;57;55;58m[38;2;57;55;58m░[0m[48;2;53;45;53m[38;2;53;45;53m▒[0m[48;2;23;15;31m[38;2;23;15;31m▓[0m[48;2;50;34;80m[38;2;50;34;80m▒[0m[48;2;47;33;70m[38;2;47;33;70m▒[0m[48;2;33;24;48m[38;2;33;24;48m▓[0m[48;2;46;44;57m[38;2;46;44;57m▒[0m[48;2;41;44;59m[38;2;41;44;59m▒[0m[48;2;40;44;59m[38;2;40;44;59m▒[0m[48;2;40;44;59m[38;2;40;44;59m▒[0m[48;2;40;44;59m[38;2;40;44;59m▒[0m[48;2;40;44;59m[38;2;40;44;59m▒[0m[48;2;40;44;59m[38;2;40;44;59m▒[0m[48;2;40;44;59m[38;2;40;44;59m▒[0m[48;2;40;44;59m[38;2;40;44;59m▒[0m[48;2;40;44;59m[38;2;40;44;59m▒[0m[48;2;40;44;59m[38;2;40;44;59m▒[0m[48;2;40;44;59m[38;2;40;44;59m▒[0m[48;2;40;44;59m[38;2;40;44;59m▒[0m[48;2;40;44;59m[38;2;40;44;59m▒[0m[48;2;40;44;59m[38;2;40;44;59m▒[0m[48;2;40;44;59m[38;2;40;44;59m▒[0m[48;2;40;44;59m[38;2;40;44;59m▒[0m[48;2;40;44;59m[38;2;40;44;59m▒[0m[48;2;40;44;59m[38;2;40;44;59m▒[0m[48;2;41;43;59m[38;2;41;43;59m▒[0m[48;2;43;43;57m[38;2;43;43;57m▒[0m[48;2;12;9;15m[38;2;12;9;15m█[0m[48;2;223;222;223m[38;2;223;222;223m.[0m                                         
                                       [48;2;199;199;199m[38;2;199;199;199m-[0m[48;2;42;37;41m[38;2;42;37;41m▒[0m[48;2;19;10;18m[38;2;19;10;18m█[0m[48;2;48;35;66m[38;2;48;35;66m▒[0m[48;2;89;67;131m[38;2;89;67;131m@[0m[48;2;69;48;97m[38;2;69;48;97m░[0m[48;2;26;15;35m[38;2;26;15;35m▓[0m[48;2;54;49;61m[38;2;54;49;61m▒[0m[48;2;54;52;66m[38;2;54;52;66m▒[0m[48;2;42;43;58m[38;2;42;43;58m▒[0m[48;2;40;44;59m[38;2;40;44;59m▒[0m[48;2;40;44;59m[38;2;40;44;59m▒[0m[48;2;40;44;59m[38;2;40;44;59m▒[0m[48;2;40;44;59m[38;2;40;44;59m▒[0m[48;2;40;44;59m[38;2;40;44;59m▒[0m[48;2;40;44;59m[38;2;40;44;59m▒[0m[48;2;40;44;59m[38;2;40;44;59m▒[0m[48;2;40;44;59m[38;2;40;44;59m▒[0m[48;2;40;44;59m[38;2;40;44;59m▒[0m[48;2;40;44;59m[38;2;40;44;59m▒[0m[48;2;40;44;59m[38;2;40;44;59m▒[0m[48;2;40;44;59m[38;2;40;44;59m▒[0m[48;2;40;44;59m[38;2;40;44;59m▒[0m[48;2;40;44;59m[38;2;40;44;59m▒[0m[48;2;40;44;59m[38;2;40;44;59m▒[0m[48;2;40;44;59m[38;2;40;44;59m▒[0m[48;2;42;42;59m[38;2;42;42;59m▒[0m[48;2;41;39;55m[38;2;41;39;55m▒[0m[48;2;25;22;28m[38;2;25;22;28m▓[0m                                          
                                       [48;2;167;167;167m[38;2;167;167;167m=[0m[48;2;38;33;37m[38;2;38;33;37m▓[0m[48;2;6;2;8m[38;2;6;2;8m█[0m[48;2;25;19;33m[38;2;25;19;33m▓[0m[48;2;30;18;36m[38;2;30;18;36m▓[0m[48;2;52;39;60m[38;2;52;39;60m▒[0m[48;2;53;42;54m[38;2;53;42;54m▒[0m[48;2;27;19;29m[38;2;27;19;29m▓[0m[48;2;81;75;88m[38;2;81;75;88m@[0m[48;2;51;48;63m[38;2;51;48;63m▒[0m[48;2;42;43;59m[38;2;42;43;59m▒[0m[48;2;40;44;59m[38;2;40;44;59m▒[0m[48;2;40;44;59m[38;2;40;44;59m▒[0m[48;2;40;44;59m[38;2;40;44;59m▒[0m[48;2;40;44;59m[38;2;40;44;59m▒[0m[48;2;40;44;59m[38;2;40;44;59m▒[0m[48;2;40;44;59m[38;2;40;44;59m▒[0m[48;2;40;44;59m[38;2;40;44;59m▒[0m[48;2;40;44;59m[38;2;40;44;59m▒[0m[48;2;40;44;59m[38;2;40;44;59m▒[0m[48;2;40;44;59m[38;2;40;44;59m▒[0m[48;2;40;44;59m[38;2;40;44;59m▒[0m[48;2;40;44;59m[38;2;40;44;59m▒[0m[48;2;40;44;59m[38;2;40;44;59m▒[0m[48;2;40;44;59m[38;2;40;44;59m▒[0m[48;2;41;44;59m[38;2;41;44;59m▒[0m[48;2;39;38;55m[38;2;39;38;55m▒[0m[48;2;13;11;24m[38;2;13;11;24m█[0m[48;2;78;76;82m[38;2;78;76;82m@[0m                                          
                                       [48;2;230;230;230m[38;2;230;230;230m.[0m[48;2;35;32;36m[38;2;35;32;36m▓[0m[48;2;90;87;91m[38;2;90;87;91m@[0m[48;2;43;36;46m[38;2;43;36;46m▒[0m[48;2;154;140;153m[38;2;154;140;153m*[0m[48;2;101;87;99m[38;2;101;87;99m%[0m[48;2;79;67;78m[38;2;79;67;78m░[0m[48;2;109;95;107m[38;2;109;95;107m%[0m[48;2;32;22;35m[38;2;32;22;35m▓[0m[48;2;62;55;69m[38;2;62;55;69m░[0m[48;2;67;63;77m[38;2;67;63;77m░[0m[48;2;44;43;58m[38;2;44;43;58m▒[0m[48;2;41;43;58m[38;2;41;43;58m▒[0m[48;2;40;44;59m[38;2;40;44;59m▒[0m[48;2;40;44;59m[38;2;40;44;59m▒[0m[48;2;40;44;59m[38;2;40;44;59m▒[0m[48;2;40;44;59m[38;2;40;44;59m▒[0m[48;2;40;44;59m[38;2;40;44;59m▒[0m[48;2;40;44;59m[38;2;40;44;59m▒[0m[48;2;40;44;59m[38;2;40;44;59m▒[0m[48;2;40;44;59m[38;2;40;44;59m▒[0m[48;2;40;44;59m[38;2;40;44;59m▒[0m[48;2;40;44;59m[38;2;40;44;59m▒[0m[48;2;42;43;59m[38;2;42;43;59m▒[0m[48;2;42;41;57m[38;2;42;41;57m▒[0m[48;2;28;26;41m[38;2;28;26;41m▓[0m[48;2;9;4;19m[38;2;9;4;19m█[0m[48;2;59;54;66m[38;2;59;54;66m░[0m[48;2;59;55;60m[38;2;59;55;60m░[0m                                          
                                        [48;2;104;103;105m[38;2;104;103;105m%[0m[48;2;168;163;167m[38;2;168;163;167m=[0m[48;2;67;58;63m[38;2;67;58;63m░[0m[48;2;124;111;121m[38;2;124;111;121m#[0m[48;2;140;126;136m[38;2;140;126;136m*[0m[48;2;27;18;26m[38;2;27;18;26m▓[0m[48;2;136;122;133m[38;2;136;122;133m#[0m[48;2;149;133;146m[38;2;149;133;146m*[0m[48;2;86;72;84m[38;2;86;72;84m@[0m[48;2;45;35;46m[38;2;45;35;46m▒[0m[48;2;57;49;61m[38;2;57;49;61m▒[0m[48;2;55;51;64m[38;2;55;51;64m▒[0m[48;2;48;46;61m[38;2;48;46;61m▒[0m[48;2;42;43;58m[38;2;42;43;58m▒[0m[48;2;41;43;59m[38;2;41;43;59m▒[0m[48;2;40;44;59m[38;2;40;44;59m▒[0m[48;2;40;44;59m[38;2;40;44;59m▒[0m[48;2;40;44;59m[38;2;40;44;59m▒[0m[48;2;40;44;59m[38;2;40;44;59m▒[0m[48;2;41;43;59m[38;2;41;43;59m▒[0m[48;2;41;41;56m[38;2;41;41;56m▒[0m[48;2;32;31;45m[38;2;32;31;45m▓[0m[48;2;24;21;35m[38;2;24;21;35m▓[0m[48;2;48;42;54m[38;2;48;42;54m▒[0m[48;2;54;47;58m[38;2;54;47;58m▒[0m[48;2;49;40;51m[38;2;49;40;51m▒[0m[48;2;143;132;144m[38;2;143;132;144m*[0m[48;2;51;43;50m[38;2;51;43;50m▒[0m[48;2;190;188;191m[38;2;190;188;191m-[0m                                         
                                        [48;2;145;144;145m[38;2;145;144;145m*[0m[48;2;120;113;117m[38;2;120;113;117m#[0m[48;2;215;203;205m[38;2;215;203;205m:[0m[48;2;51;41;46m[38;2;51;41;46m▒[0m[48;2;135;124;132m[38;2;135;124;132m*[0m[48;2;126;114;124m[38;2;126;114;124m#[0m[48;2;47;35;45m[38;2;47;35;45m▒[0m[48;2;143;127;140m[38;2;143;127;140m*[0m[48;2;160;141;155m[38;2;160;141;155m+[0m[48;2;159;139;154m[38;2;159;139;154m+[0m[48;2;129;111;125m[38;2;129;111;125m#[0m[48;2;87;73;85m[38;2;87;73;85m@[0m[48;2;63;52;63m[38;2;63;52;63m░[0m[48;2;39;30;40m[38;2;39;30;40m▓[0m[48;2;17;15;25m[38;2;17;15;25m█[0m[48;2;17;16;27m[38;2;17;16;27m█[0m[48;2;21;21;32m[38;2;21;21;32m▓[0m[48;2;23;24;33m[38;2;23;24;33m▓[0m[48;2;27;28;36m[38;2;27;28;36m▓[0m[48;2;41;40;47m[38;2;41;40;47m▒[0m[48;2;63;57;67m[38;2;63;57;67m░[0m[48;2;94;84;95m[38;2;94;84;95m@[0m[48;2;125;112;124m[38;2;125;112;124m#[0m[48;2;67;56;65m[38;2;67;56;65m░[0m[48;2;67;57;66m[38;2;67;57;66m░[0m[48;2;149;136;146m[38;2;149;136;146m*[0m[48;2;155;140;150m[38;2;155;140;150m*[0m[48;2;140;123;135m[38;2;140;123;135m*[0m[48;2;47;40;47m[38;2;47;40;47m▒[0m[48;2;197;196;198m[38;2;197;196;198m-[0m                                        
                                        [48;2;105;104;105m[38;2;105;104;105m%[0m[48;2;25;20;22m[38;2;25;20;22m▓[0m[48;2;67;61;63m[38;2;67;61;63m░[0m[48;2;97;91;93m[38;2;97;91;93m%[0m[48;2;27;20;24m[38;2;27;20;24m▓[0m[48;2;123;111;120m[38;2;123;111;120m#[0m[48;2;129;114;125m[38;2;129;114;125m#[0m[48;2;48;37;47m[38;2;48;37;47m▒[0m[48;2;123;108;120m[38;2;123;108;120m#[0m[48;2;159;142;155m[38;2;159;142;155m+[0m[48;2;160;141;155m[38;2;160;141;155m+[0m[48;2;161;140;155m[38;2;161;140;155m+[0m[48;2;161;140;155m[38;2;161;140;155m+[0m[48;2;159;139;154m[38;2;159;139;154m+[0m[48;2;112;98;110m[38;2;112;98;110m%[0m[48;2;74;63;74m[38;2;74;63;74m░[0m[48;2;67;57;67m[38;2;67;57;67m░[0m[48;2;69;58;68m[38;2;69;58;68m░[0m[48;2;70;59;69m[38;2;70;59;69m░[0m[48;2;69;58;68m[38;2;69;58;68m░[0m[48;2;54;45;54m[38;2;54;45;54m▒[0m[48;2;32;25;32m[38;2;32;25;32m▓[0m[48;2;12;6;12m[38;2;12;6;12m█[0m[48;2;27;22;28m[38;2;27;22;28m▓[0m[48;2;26;21;28m[38;2;26;21;28m▓[0m[48;2;26;18;27m[38;2;26;18;27m▓[0m[48;2;118;106;115m[38;2;118;106;115m#[0m[48;2;158;140;151m[38;2;158;140;151m+[0m[48;2;132;118;128m[38;2;132;118;128m#[0m[48;2;28;21;27m[38;2;28;21;27m▓[0m[48;2;32;28;32m[38;2;32;28;32m▓[0m[48;2;93;89;93m[38;2;93;89;93m@[0m[48;2;158;155;158m[38;2;158;155;158m+[0m[48;2;233;231;233m[38;2;233;231;233m.[0m                                    
                                        [48;2;65;63;64m[38;2;65;63;64m░[0m[48;2;159;153;156m[38;2;159;153;156m+[0m[48;2;144;137;138m[38;2;144;137;138m*[0m[48;2;49;43;44m[38;2;49;43;44m▒[0m[48;2;45;40;42m[38;2;45;40;42m▒[0m[48;2;54;49;51m[38;2;54;49;51m▒[0m[48;2;37;31;34m[38;2;37;31;34m▓[0m[48;2;64;58;63m[38;2;64;58;63m░[0m[48;2;43;36;43m[38;2;43;36;43m▒[0m[48;2;71;62;70m[38;2;71;62;70m░[0m[48;2;143;126;139m[38;2;143;126;139m*[0m[48;2;161;140;155m[38;2;161;140;155m+[0m[48;2;161;140;155m[38;2;161;140;155m+[0m[48;2;161;140;155m[38;2;161;140;155m+[0m[48;2;161;140;155m[38;2;161;140;155m+[0m[48;2;161;140;155m[38;2;161;140;155m+[0m[48;2;161;140;155m[38;2;161;140;155m+[0m[48;2;161;140;155m[38;2;161;140;155m+[0m[48;2;161;140;155m[38;2;161;140;155m+[0m[48;2;160;140;154m[38;2;160;140;154m+[0m[48;2;47;35;46m[38;2;47;35;46m▒[0m[48;2;19;14;20m[38;2;19;14;20m█[0m[48;2;2;0;5m[38;2;2;0;5m█[0m[48;2;9;7;13m[38;2;9;7;13m█[0m[48;2;24;21;28m[38;2;24;21;28m▓[0m[48;2;14;8;16m[38;2;14;8;16m█[0m[48;2;116;106;114m[38;2;116;106;114m#[0m[48;2;158;141;153m[38;2;158;141;153m+[0m[48;2;160;140;154m[38;2;160;140;154m+[0m[48;2;147;130;143m[38;2;147;130;143m*[0m[48;2;69;56;66m[38;2;69;56;66m░[0m[48;2;73;63;71m[38;2;73;63;71m░[0m[48;2;110;99;108m[38;2;110;99;108m%[0m[48;2;66;57;64m[38;2;66;57;64m░[0m[48;2;112;108;112m[38;2;112;108;112m%[0m[48;2;232;231;232m[38;2;232;231;232m.[0m                                  
                                        [48;2;85;83;84m[38;2;85;83;84m@[0m[48;2;79;74;78m[38;2;79;74;78m@[0m[48;2;86;82;84m[38;2;86;82;84m@[0m[48;2;78;74;75m[38;2;78;74;75m@[0m[48;2;55;50;52m[38;2;55;50;52m▒[0m[48;2;239;236;237m[38;2;239;236;237m.[0m[48;2;36;33;34m[38;2;36;33;34m▓[0m[48;2;73;68;72m[38;2;73;68;72m░[0m[48;2;87;79;87m[38;2;87;79;87m@[0m[48;2;64;56;63m[38;2;64;56;63m░[0m[48;2;50;41;49m[38;2;50;41;49m▒[0m[48;2;99;83;96m[38;2;99;83;96m@[0m[48;2;160;140;155m[38;2;160;140;155m+[0m[48;2;161;140;155m[38;2;161;140;155m+[0m[48;2;161;140;155m[38;2;161;140;155m+[0m[48;2;161;140;155m[38;2;161;140;155m+[0m[48;2;161;140;155m[38;2;161;140;155m+[0m[48;2;161;140;155m[38;2;161;140;155m+[0m[48;2;161;140;155m[38;2;161;140;155m+[0m[48;2;151;131;145m[38;2;151;131;145m*[0m[48;2;20;8;18m[38;2;20;8;18m█[0m[48;2;25;19;26m[38;2;25;19;26m▓[0m[48;2;6;3;9m[38;2;6;3;9m█[0m[48;2;7;5;11m[38;2;7;5;11m█[0m[48;2;5;2;10m[38;2;5;2;10m█[0m[48;2;17;13;21m[38;2;17;13;21m█[0m[48;2;25;18;27m[38;2;25;18;27m▓[0m[48;2;146;132;142m[38;2;146;132;142m*[0m[48;2;161;140;155m[38;2;161;140;155m+[0m[48;2;161;140;155m[38;2;161;140;155m+[0m[48;2;160;140;155m[38;2;160;140;155m+[0m[48;2;133;115;129m[38;2;133;115;129m#[0m[48;2;154;136;150m[38;2;154;136;150m*[0m[48;2;159;142;154m[38;2;159;142;154m+[0m[48;2;127;113;123m[38;2;127;113;123m#[0m[48;2;51;45;50m[38;2;51;45;50m▒[0m[48;2;210;208;210m[38;2;210;208;210m:[0m                                 
                                        [48;2;87;86;86m[38;2;87;86;86m@[0m[48;2;155;151;155m[38;2;155;151;155m+[0m[48;2;198;196;197m[38;2;198;196;197m-[0m[48;2;191;190;191m[38;2;191;190;191m-[0m[48;2;32;31;31m[38;2;32;31;31m▓[0m [48;2;106;104;106m[38;2;106;104;106m%[0m[48;2;84;79;84m[38;2;84;79;84m@[0m[48;2;154;139;149m[38;2;154;139;149m*[0m[48;2;157;138;150m[38;2;157;138;150m*[0m[48;2;160;140;153m[38;2;160;140;153m+[0m[48;2;160;140;154m[38;2;160;140;154m+[0m[48;2;161;140;155m[38;2;161;140;155m+[0m[48;2;161;140;155m[38;2;161;140;155m+[0m[48;2;161;140;155m[38;2;161;140;155m+[0m[48;2;161;140;155m[38;2;161;140;155m+[0m[48;2;161;140;155m[38;2;161;140;155m+[0m[48;2;161;140;155m[38;2;161;140;155m+[0m[48;2;161;140;155m[38;2;161;140;155m+[0m[48;2;161;140;155m[38;2;161;140;155m+[0m[48;2;150;131;145m[38;2;150;131;145m*[0m[48;2;146;130;143m[38;2;146;130;143m*[0m[48;2;101;86;99m[38;2;101;86;99m%[0m[48;2;23;13;24m[38;2;23;13;24m█[0m[48;2;18;10;19m[38;2;18;10;19m█[0m[48;2;49;41;50m[38;2;49;41;50m▒[0m[48;2;51;42;52m[38;2;51;42;52m▒[0m[48;2;94;80;91m[38;2;94;80;91m@[0m[48;2;150;131;145m[38;2;150;131;145m*[0m[48;2;161;140;155m[38;2;161;140;155m+[0m[48;2;161;140;155m[38;2;161;140;155m+[0m[48;2;161;140;155m[38;2;161;140;155m+[0m[48;2;161;140;155m[38;2;161;140;155m+[0m[48;2;161;140;155m[38;2;161;140;155m+[0m[48;2;161;140;155m[38;2;161;140;155m+[0m[48;2;133;118;129m[38;2;133;118;129m#[0m[48;2;53;46;52m[38;2;53;46;52m▒[0m                                 
                                        [48;2;136;135;136m[38;2;136;135;136m*[0m[48;2;111;109;112m[38;2;111;109;112m#[0m[48;2;200;199;201m[38;2;200;199;201m-[0m[48;2;177;176;179m[38;2;177;176;179m=[0m[48;2;48;48;49m[38;2;48;48;49m▒[0m [48;2;151;150;151m[38;2;151;150;151m+[0m[48;2;12;7;12m[38;2;12;7;12m█[0m[48;2;119;104;114m[38;2;119;104;114m%[0m[48;2;159;138;152m[38;2;159;138;152m*[0m[48;2;161;140;155m[38;2;161;140;155m+[0m[48;2;161;140;155m[38;2;161;140;155m+[0m[48;2;161;140;155m[38;2;161;140;155m+[0m[48;2;161;140;155m[38;2;161;140;155m+[0m[48;2;161;140;155m[38;2;161;140;155m+[0m[48;2;161;140;155m[38;2;161;140;155m+[0m[48;2;161;140;155m[38;2;161;140;155m+[0m[48;2;161;140;155m[38;2;161;140;155m+[0m[48;2;161;140;155m[38;2;161;140;155m+[0m[48;2;161;140;155m[38;2;161;140;155m+[0m[48;2;161;140;155m[38;2;161;140;155m+[0m[48;2;161;140;155m[38;2;161;140;155m+[0m[48;2;161;140;155m[38;2;161;140;155m+[0m[48;2;152;133;147m[38;2;152;133;147m*[0m[48;2;152;135;148m[38;2;152;135;148m*[0m[48;2;86;71;84m[38;2;86;71;84m@[0m[48;2;60;47;57m[38;2;60;47;57m▒[0m[48;2;12;5;12m[38;2;12;5;12m█[0m[48;2;14;6;13m[38;2;14;6;13m█[0m[48;2;50;38;48m[38;2;50;38;48m▒[0m[48;2;123;107;120m[38;2;123;107;120m#[0m[48;2;160;140;154m[38;2;160;140;154m+[0m[48;2;161;140;155m[38;2;161;140;155m+[0m[48;2;161;140;155m[38;2;161;140;155m+[0m[48;2;161;140;155m[38;2;161;140;155m+[0m[48;2;161;140;155m[38;2;161;140;155m+[0m[48;2;66;54;62m[38;2;66;54;62m░[0m[48;2;176;172;176m[38;2;176;172;176m=[0m                                
                                        [48;2;209;209;209m[38;2;209;209;209m:[0m[48;2;51;49;52m[38;2;51;49;52m▒[0m[48;2;197;196;199m[38;2;197;196;199m-[0m[48;2;85;83;87m[38;2;85;83;87m@[0m[48;2;150;148;151m[38;2;150;148;151m+[0m [48;2;170;169;172m[38;2;170;169;172m=[0m[48;2;8;6;10m[38;2;8;6;10m█[0m[48;2;16;9;15m[38;2;16;9;15m█[0m[48;2;107;95;105m[38;2;107;95;105m%[0m[48;2;159;140;154m[38;2;159;140;154m+[0m[48;2;161;140;155m[38;2;161;140;155m+[0m[48;2;161;140;155m[38;2;161;140;155m+[0m[48;2;161;140;155m[38;2;161;140;155m+[0m[48;2;161;140;155m[38;2;161;140;155m+[0m[48;2;161;140;155m[38;2;161;140;155m+[0m[48;2;161;140;155m[38;2;161;140;155m+[0m[48;2;161;140;155m[38;2;161;140;155m+[0m[48;2;161;140;155m[38;2;161;140;155m+[0m[48;2;161;140;155m[38;2;161;140;155m+[0m[48;2;161;140;155m[38;2;161;140;155m+[0m[48;2;161;140;155m[38;2;161;140;155m+[0m[48;2;161;140;155m[38;2;161;140;155m+[0m[48;2;161;140;155m[38;2;161;140;155m+[0m[48;2;161;140;155m[38;2;161;140;155m+[0m[48;2;161;140;155m[38;2;161;140;155m+[0m[48;2;154;135;149m[38;2;154;135;149m*[0m[48;2;122;105;118m[38;2;122;105;118m#[0m[48;2;88;73;85m[38;2;88;73;85m@[0m[48;2;53;40;51m[38;2;53;40;51m▒[0m[48;2;86;73;84m[38;2;86;73;84m@[0m[48;2;136;119;133m[38;2;136;119;133m#[0m[48;2;160;141;155m[38;2;160;141;155m+[0m[48;2;161;140;155m[38;2;161;140;155m+[0m[48;2;161;140;155m[38;2;161;140;155m+[0m[48;2;161;140;155m[38;2;161;140;155m+[0m[48;2;81;66;76m[38;2;81;66;76m░[0m[48;2;163;158;163m[38;2;163;158;163m+[0m                                
                                         [48;2;127;127;128m[38;2;127;127;128m#[0m[48;2;41;39;43m[38;2;41;39;43m▒[0m[48;2;40;37;40m[38;2;40;37;40m▒[0m[48;2;155;152;156m[38;2;155;152;156m+[0m[48;2;138;135;139m[38;2;138;135;139m*[0m[48;2;72;69;74m[38;2;72;69;74m░[0m[48;2;14;10;18m[38;2;14;10;18m█[0m[48;2;27;23;34m[38;2;27;23;34m▓[0m[48;2;21;15;28m[38;2;21;15;28m█[0m[48;2;62;53;62m[38;2;62;53;62m░[0m[48;2;144;128;140m[38;2;144;128;140m*[0m[48;2;161;140;155m[38;2;161;140;155m+[0m[48;2;161;140;155m[38;2;161;140;155m+[0m[48;2;161;140;155m[38;2;161;140;155m+[0m[48;2;161;140;155m[38;2;161;140;155m+[0m[48;2;161;140;155m[38;2;161;140;155m+[0m[48;2;161;140;155m[38;2;161;140;155m+[0m[48;2;161;140;155m[38;2;161;140;155m+[0m[48;2;161;140;155m[38;2;161;140;155m+[0m[48;2;161;140;155m[38;2;161;140;155m+[0m[48;2;161;140;155m[38;2;161;140;155m+[0m[48;2;161;140;155m[38;2;161;140;155m+[0m[48;2;161;140;155m[38;2;161;140;155m+[0m[48;2;161;140;155m[38;2;161;140;155m+[0m[48;2;161;140;155m[38;2;161;140;155m+[0m[48;2;161;140;155m[38;2;161;140;155m+[0m[48;2;161;140;155m[38;2;161;140;155m+[0m[48;2;161;140;155m[38;2;161;140;155m+[0m[48;2;160;140;154m[38;2;160;140;154m+[0m[48;2;126;109;122m[38;2;126;109;122m#[0m[48;2;76;62;74m[38;2;76;62;74m░[0m[48;2;69;55;67m[38;2;69;55;67m░[0m[48;2;72;58;70m[38;2;72;58;70m░[0m[48;2;77;63;74m[38;2;77;63;74m░[0m[48;2;77;63;74m[38;2;77;63;74m░[0m[48;2;26;14;23m[38;2;26;14;23m▓[0m[48;2;76;68;74m[38;2;76;68;74m░[0m                                
                                          [48;2;228;227;228m[38;2;228;227;228m.[0m[48;2;204;203;204m[38;2;204;203;204m:[0m[48;2;201;200;202m[38;2;201;200;202m-[0m[48;2;189;186;190m[38;2;189;186;190m-[0m[48;2;12;8;15m[38;2;12;8;15m█[0m[48;2;34;29;42m[38;2;34;29;42m▓[0m[48;2;36;31;48m[38;2;36;31;48m▓[0m[48;2;36;30;51m[38;2;36;30;51m▓[0m[48;2;30;25;42m[38;2;30;25;42m▓[0m[48;2;21;16;27m[38;2;21;16;27m▓[0m[48;2;78;67;78m[38;2;78;67;78m░[0m[48;2;140;123;137m[38;2;140;123;137m*[0m[48;2;160;141;155m[38;2;160;141;155m+[0m[48;2;161;140;155m[38;2;161;140;155m+[0m[48;2;161;140;155m[38;2;161;140;155m+[0m[48;2;161;140;155m[38;2;161;140;155m+[0m[48;2;161;140;155m[38;2;161;140;155m+[0m[48;2;161;140;155m[38;2;161;140;155m+[0m[48;2;161;140;155m[38;2;161;140;155m+[0m[48;2;161;140;155m[38;2;161;140;155m+[0m[48;2;161;140;155m[38;2;161;140;155m+[0m[48;2;161;140;155m[38;2;161;140;155m+[0m[48;2;161;140;155m[38;2;161;140;155m+[0m[48;2;161;140;155m[38;2;161;140;155m+[0m[48;2;161;140;155m[38;2;161;140;155m+[0m[48;2;161;140;155m[38;2;161;140;155m+[0m[48;2;161;140;155m[38;2;161;140;155m+[0m[48;2;161;140;155m[38;2;161;140;155m+[0m[48;2;161;140;155m[38;2;161;140;155m+[0m[48;2;161;140;155m[38;2;161;140;155m+[0m[48;2;160;141;155m[38;2;160;141;155m+[0m[48;2;159;140;154m[38;2;159;140;154m+[0m[48;2;154;135;149m[38;2;154;135;149m*[0m[48;2;152;134;148m[38;2;152;134;148m*[0m[48;2;134;120;130m[38;2;134;120;130m#[0m[48;2;64;56;62m[38;2;64;56;62m░[0m                                
                                             [48;2;226;225;227m[38;2;226;225;227m.[0m[48;2;9;6;11m[38;2;9;6;11m█[0m[48;2;20;16;28m[38;2;20;16;28m▓[0m[48;2;33;28;44m[38;2;33;28;44m▓[0m[48;2;37;31;50m[38;2;37;31;50m▓[0m[48;2;37;31;51m[38;2;37;31;51m▓[0m[48;2;37;31;52m[38;2;37;31;52m▓[0m[48;2;24;18;32m[38;2;24;18;32m▓[0m[48;2;16;7;32m[38;2;16;7;32m█[0m[48;2;53;41;70m[38;2;53;41;70m▒[0m[48;2;98;86;98m[38;2;98;86;98m@[0m[48;2;141;125;138m[38;2;141;125;138m*[0m[48;2;159;140;154m[38;2;159;140;154m+[0m[48;2;160;140;155m[38;2;160;140;155m+[0m[48;2;161;140;155m[38;2;161;140;155m+[0m[48;2;161;140;155m[38;2;161;140;155m+[0m[48;2;161;140;155m[38;2;161;140;155m+[0m[48;2;161;140;155m[38;2;161;140;155m+[0m[48;2;161;140;155m[38;2;161;140;155m+[0m[48;2;161;140;155m[38;2;161;140;155m+[0m[48;2;161;140;155m[38;2;161;140;155m+[0m[48;2;161;140;155m[38;2;161;140;155m+[0m[48;2;161;140;155m[38;2;161;140;155m+[0m[48;2;161;140;155m[38;2;161;140;155m+[0m[48;2;161;140;155m[38;2;161;140;155m+[0m[48;2;161;140;155m[38;2;161;140;155m+[0m[48;2;161;140;155m[38;2;161;140;155m+[0m[48;2;161;140;155m[38;2;161;140;155m+[0m[48;2;161;140;155m[38;2;161;140;155m+[0m[48;2;161;140;155m[38;2;161;140;155m+[0m[48;2;143;125;139m[38;2;143;125;139m*[0m[48;2;56;44;54m[38;2;56;44;54m▒[0m[48;2;188;184;188m[38;2;188;184;188m-[0m                                
                                              [48;2;18;15;20m[38;2;18;15;20m█[0m[48;2;24;19;34m[38;2;24;19;34m▓[0m[48;2;17;13;30m[38;2;17;13;30m█[0m[48;2;15;11;27m[38;2;15;11;27m█[0m[48;2;17;13;29m[38;2;17;13;29m█[0m[48;2;20;16;32m[38;2;20;16;32m▓[0m[48;2;16;12;27m[38;2;16;12;27m█[0m[48;2;12;6;28m[38;2;12;6;28m█[0m[48;2;81;62;161m[38;2;81;62;161m@[0m[48;2;58;41;130m[38;2;58;41;130m░[0m[48;2;45;34;81m[38;2;45;34;81m▒[0m[48;2;49;39;74m[38;2;49;39;74m▒[0m[48;2;66;55;77m[38;2;66;55;77m░[0m[48;2;99;86;98m[38;2;99;86;98m@[0m[48;2;128;112;125m[38;2;128;112;125m#[0m[48;2;150;132;146m[38;2;150;132;146m*[0m[48;2;159;140;154m[38;2;159;140;154m+[0m[48;2;160;141;155m[38;2;160;141;155m+[0m[48;2;160;140;155m[38;2;160;140;155m+[0m[48;2;160;141;155m[38;2;160;141;155m+[0m[48;2;160;140;155m[38;2;160;140;155m+[0m[48;2;160;141;155m[38;2;160;141;155m+[0m[48;2;160;141;155m[38;2;160;141;155m+[0m[48;2;160;141;155m[38;2;160;141;155m+[0m[48;2;160;141;154m[38;2;160;141;154m+[0m[48;2;158;139;153m[38;2;158;139;153m*[0m[48;2;139;121;135m[38;2;139;121;135m#[0m[48;2;101;85;97m[38;2;101;85;97m@[0m[48;2;57;46;56m[38;2;57;46;56m▒[0m[48;2;88;80;87m[38;2;88;80;87m@[0m[48;2;210;205;210m[38;2;210;205;210m:[0m                                 
                                              [48;2;56;53;57m[38;2;56;53;57m▒[0m[48;2;31;26;42m[38;2;31;26;42m▓[0m[48;2;37;31;51m[38;2;37;31;51m▓[0m[48;2;37;31;50m[38;2;37;31;50m▓[0m[48;2;35;30;49m[38;2;35;30;49m▓[0m[48;2;33;28;47m[38;2;33;28;47m▓[0m[48;2;32;26;45m[38;2;32;26;45m▓[0m[48;2;12;8;21m[38;2;12;8;21m█[0m[48;2;55;39;126m[38;2;55;39;126m▒[0m[48;2;83;69;154m[38;2;83;69;154m@[0m[48;2;87;73;155m[38;2;87;73;155m@[0m[48;2;85;69;163m[38;2;85;69;163m@[0m[48;2;39;24;115m[38;2;39;24;115m▒[0m[48;2;3;0;8m[38;2;3;0;8m█[0m[48;2;17;9;44m[38;2;17;9;44m█[0m[48;2;38;24;94m[38;2;38;24;94m▓[0m[48;2;41;32;68m[38;2;41;32;68m▒[0m[48;2;47;34;81m[38;2;47;34;81m▒[0m[48;2;58;47;72m[38;2;58;47;72m▒[0m[48;2;64;54;72m[38;2;64;54;72m░[0m[48;2;64;55;73m[38;2;64;55;73m░[0m[48;2;64;54;63m[38;2;64;54;63m░[0m[48;2;64;54;62m[38;2;64;54;62m░[0m[48;2;56;48;57m[38;2;56;48;57m▒[0m[48;2;41;35;44m[38;2;41;35;44m▒[0m[48;2;23;16;26m[38;2;23;16;26m▓[0m[48;2;20;14;24m[38;2;20;14;24m█[0m[48;2;141;137;143m[38;2;141;137;143m*[0m[48;2;230;228;232m[38;2;230;228;232m.[0m                                   
                                              [48;2;137;136;138m[38;2;137;136;138m*[0m[48;2;19;16;25m[38;2;19;16;25m█[0m[48;2;36;31;50m[38;2;36;31;50m▓[0m[48;2;37;31;52m[38;2;37;31;52m▓[0m[48;2;37;31;52m[38;2;37;31;52m▓[0m[48;2;37;31;52m[38;2;37;31;52m▓[0m[48;2;37;31;52m[38;2;37;31;52m▓[0m[48;2;29;24;44m[38;2;29;24;44m▓[0m[48;2;18;12;42m[38;2;18;12;42m█[0m[48;2;78;67;121m[38;2;78;67;121m@[0m[48;2;86;70;156m[38;2;86;70;156m@[0m[48;2;73;54;168m[38;2;73;54;168m░[0m[48;2;77;62;149m[38;2;77;62;149m@[0m[48;2;18;11;56m[38;2;18;11;56m█[0m[48;2;68;65;75m[38;2;68;65;75m░[0m[48;2;33;22;82m[38;2;33;22;82m▓[0m[48;2;83;68;156m[38;2;83;68;156m@[0m[48;2;66;47;161m[38;2;66;47;161m░[0m[48;2;78;63;151m[38;2;78;63;151m@[0m[48;2;57;45;114m[38;2;57;45;114m░[0m[48;2;33;28;51m[38;2;33;28;51m▓[0m[48;2;10;6;13m[38;2;10;6;13m█[0m[48;2;64;58;68m[38;2;64;58;68m░[0m[48;2;45;40;55m[38;2;45;40;55m▒[0m[48;2;37;32;49m[38;2;37;32;49m▓[0m[48;2;37;32;50m[38;2;37;32;50m▓[0m[48;2;33;28;46m[38;2;33;28;46m▓[0m[48;2;22;17;32m[38;2;22;17;32m▓[0m[48;2;56;52;62m[38;2;56;52;62m▒[0m[48;2;150;148;153m[38;2;150;148;153m+[0m[48;2;241;240;241m[38;2;241;240;241m [0m                                 
                                              [48;2;227;227;228m[38;2;227;227;228m.[0m[48;2;19;16;23m[38;2;19;16;23m█[0m[48;2;35;29;47m[38;2;35;29;47m▓[0m[48;2;37;31;52m[38;2;37;31;52m▓[0m[48;2;37;31;52m[38;2;37;31;52m▓[0m[48;2;37;31;52m[38;2;37;31;52m▓[0m[48;2;37;31;52m[38;2;37;31;52m▓[0m[48;2;37;31;52m[38;2;37;31;52m▓[0m[48;2;31;26;45m[38;2;31;26;45m▓[0m[48;2;21;17;34m[38;2;21;17;34m▓[0m[48;2;27;22;40m[38;2;27;22;40m▓[0m[48;2;33;26;54m[38;2;33;26;54m▓[0m[48;2;50;44;73m[38;2;50;44;73m▒[0m[48;2;24;15;68m[38;2;24;15;68m▓[0m[48;2;69;67;75m[38;2;69;67;75m░[0m[48;2;121;120;126m[38;2;121;120;126m#[0m[48;2;16;12;35m[38;2;16;12;35m█[0m[48;2;59;55;75m[38;2;59;55;75m░[0m[48;2;101;98;107m[38;2;101;98;107m%[0m[48;2;168;166;171m[38;2;168;166;171m=[0m[48;2;234;231;236m[38;2;234;231;236m.[0m[48;2;166;162;167m[38;2;166;162;167m+[0m[48;2;26;20;27m[38;2;26;20;27m▓[0m[48;2;57;53;62m[38;2;57;53;62m░[0m[48;2;64;60;73m[38;2;64;60;73m░[0m[48;2;39;34;52m[38;2;39;34;52m▒[0m[48;2;37;31;52m[38;2;37;31;52m▓[0m[48;2;37;31;52m[38;2;37;31;52m▓[0m[48;2;36;31;51m[38;2;36;31;51m▓[0m[48;2;28;23;39m[38;2;28;23;39m▓[0m[48;2;33;29;41m[38;2;33;29;41m▓[0m[48;2;151;150;155m[38;2;151;150;155m+[0m                                
                                               [48;2;121;118;125m[38;2;121;118;125m#[0m[48;2;21;16;33m[38;2;21;16;33m▓[0m[48;2;37;31;52m[38;2;37;31;52m▓[0m[48;2;37;31;52m[38;2;37;31;52m▓[0m[48;2;37;31;52m[38;2;37;31;52m▓[0m[48;2;37;31;52m[38;2;37;31;52m▓[0m[48;2;37;31;52m[38;2;37;31;52m▓[0m[48;2;37;31;52m[38;2;37;31;52m▓[0m[48;2;37;31;52m[38;2;37;31;52m▓[0m[48;2;76;72;86m[38;2;76;72;86m@[0m[48;2;16;13;19m[38;2;16;13;19m█[0m[48;2;52;49;54m[38;2;52;49;54m▒[0m[48;2;156;154;158m[38;2;156;154;158m+[0m[48;2;206;204;208m[38;2;206;204;208m:[0m[48;2;190;189;192m[38;2;190;189;192m-[0m[48;2;44;42;46m[38;2;44;42;46m▒[0m[48;2;85;82;88m[38;2;85;82;88m@[0m[48;2;118;116;119m[38;2;118;116;119m#[0m[48;2;215;213;214m[38;2;215;213;214m:[0m [48;2;230;228;229m[38;2;230;228;229m.[0m[48;2;41;38;42m[38;2;41;38;42m▒[0m[48;2;127;124;128m[38;2;127;124;128m#[0m[48;2;36;32;39m[38;2;36;32;39m▓[0m[48;2;58;54;63m[38;2;58;54;63m░[0m[48;2;65;60;74m[38;2;65;60;74m░[0m[48;2;39;33;54m[38;2;39;33;54m▒[0m[48;2;37;31;52m[38;2;37;31;52m▓[0m[48;2;37;31;52m[38;2;37;31;52m▓[0m[48;2;36;30;51m[38;2;36;30;51m▓[0m[48;2;23;18;35m[38;2;23;18;35m▓[0m[48;2;78;76;83m[38;2;78;76;83m@[0m                               