                                                                                                    
                                                                                                    
                                                                                                    
                                                                                                    
                                                                                                    
                                                                                                    
                                                                                                    
                                                                                                    
                                                                                                    
                                                                                                    
                                                                                                    
                                                 [48;2;232;232;232m[38;2;232;232;232m.[0m[48;2;214;214;214m[38;2;214;214;214m:[0m[48;2;205;205;205m[38;2;205;205;205m:[0m[48;2;206;206;206m[38;2;206;206;206m:[0m[48;2;218;218;218m[38;2;218;218;218m:[0m[48;2;240;240;241m[38;2;240;240;241m [0m                                             
                                             [48;2;211;211;211m[38;2;211;211;211m:[0m[48;2;110;109;112m[38;2;110;109;112m%[0m[48;2;61;60;66m[38;2;61;60;66m░[0m[48;2;33;31;39m[38;2;33;31;39m▓[0m[48;2;26;24;34m[38;2;26;24;34m▓[0m[48;2;29;28;39m[38;2;29;28;39m▓[0m[48;2;30;28;40m[38;2;30;28;40m▓[0m[48;2;29;27;38m[38;2;29;27;38m▓[0m[48;2;28;26;37m[38;2;28;26;37m▓[0m[48;2;24;22;33m[38;2;24;22;33m▓[0m[48;2;47;46;55m[38;2;47;46;55m▒[0m[48;2;94;93;101m[38;2;94;93;101m%[0m[48;2;161;160;165m[38;2;161;160;165m+[0m[48;2;240;239;241m[38;2;240;239;241m [0m                                         
                                            [48;2;129;129;131m[38;2;129;129;131m*[0m[48;2;27;25;33m[38;2;27;25;33m▓[0m[48;2;40;39;53m[38;2;40;39;53m▒[0m[48;2;43;42;59m[38;2;43;42;59m▒[0m[48;2;42;43;59m[38;2;42;43;59m▒[0m[48;2;41;43;59m[38;2;41;43;59m▒[0m[48;2;41;43;59m[38;2;41;43;59m▒[0m[48;2;41;43;59m[38;2;41;43;59m▒[0m[48;2;41;43;59m[38;2;41;43;59m▒[0m[48;2;41;43;59m[38;2;41;43;59m▒[0m[48;2;41;43;59m[38;2;41;43;59m▒[0m[48;2;41;43;59m[38;2;41;43;59m▒[0m[48;2;42;42;58m[38;2;42;42;58m▒[0m[48;2;34;32;48m[38;2;34;32;48m▓[0m[48;2;32;30;41m[38;2;32;30;41m▓[0m[48;2;120;119;124m[38;2;120;119;124m#[0m[48;2;208;207;209m[38;2;208;207;209m:[0m                                       
                                           [48;2;101;100;102m[38;2;101;100;102m%[0m[48;2;30;28;39m[38;2;30;28;39m▓[0m[48;2;44;42;58m[38;2;44;42;58m▒[0m[48;2;41;43;59m[38;2;41;43;59m▒[0m[48;2;40;44;59m[38;2;40;44;59m▒[0m[48;2;40;44;59m[38;2;40;44;59m▒[0m[48;2;40;44;59m[38;2;40;44;59m▒[0m[48;2;40;44;59m[38;2;40;44;59m▒[0m[48;2;40;44;59m[38;2;40;44;59m▒[0m[48;2;40;44;59m[38;2;40;44;59m▒[0m[48;2;40;44;59m[38;2;40;44;59m▒[0m[48;2;41;43;59m[38;2;41;43;59m▒[0m[48;2;40;44;59m[38;2;40;44;59m▒[0m[48;2;40;44;59m[38;2;40;44;59m▒[0m[48;2;41;44;59m[38;2;41;44;59m▒[0m[48;2;43;43;59m[38;2;43;43;59m▒[0m[48;2;54;52;62m[38;2;54;52;62m▒[0m[48;2;8;5;10m[38;2;8;5;10m█[0m[48;2;80;76;82m[38;2;80;76;82m@[0m[48;2;215;214;216m[38;2;215;214;216m:[0m                                     
                                         [48;2;162;162;162m[38;2;162;162;162m+[0m[48;2;11;10;13m[38;2;11;10;13m█[0m[48;2;28;26;35m[38;2;28;26;35m▓[0m[48;2;43;42;58m[38;2;43;42;58m▒[0m[48;2;41;43;59m[38;2;41;43;59m▒[0m[48;2;40;44;59m[38;2;40;44;59m▒[0m[48;2;40;44;59m[38;2;40;44;59m▒[0m[48;2;40;44;59m[38;2;40;44;59m▒[0m[48;2;40;44;59m[38;2;40;44;59m▒[0m[48;2;40;44;59m[38;2;40;44;59m▒[0m[48;2;40;44;59m[38;2;40;44;59m▒[0m[48;2;40;44;59m[38;2;40;44;59m▒[0m[48;2;40;44;59m[38;2;40;44;59m▒[0m[48;2;40;44;59m[38;2;40;44;59m▒[0m[48;2;40;44;59m[38;2;40;44;59m▒[0m[48;2;40;44;59m[38;2;40;44;59m▒[0m[48;2;40;44;59m[38;2;40;44;59m▒[0m[48;2;45;47;61m[38;2;45;47;61m▒[0m[48;2;76;74;83m[38;2;76;74;83m@[0m[48;2;16;13;20m[38;2;16;13;20m█[0m[48;2;116;106;117m[38;2;116;106;117m#[0m[48;2;56;49;57m[38;2;56;49;57m▒[0m[48;2;208;206;209m[38;2;208;206;209m:[0m                                    
                                         [48;2;29;27;30m[38;2;29;27;30m▓[0m[48;2;15;13;19m[38;2;15;13;19m█[0m[48;2;45;43;58m[38;2;45;43;58m▒[0m[48;2;41;43;59m[38;2;41;43;59m▒[0m[48;2;40;44;59m[38;2;40;44;59m▒[0m[48;2;40;44;59m[38;2;40;44;59m▒[0m[48;2;40;44;59m[38;2;40;44;59m▒[0m[48;2;40;44;59m[38;2;40;44;59m▒[0m[48;2;40;44;59m[38;2;40;44;59m▒[0m[48;2;40;44;59m[38;2;40;44;59m▒[0m[48;2;40;44;59m[38;2;40;44;59m▒[0m[48;2;40;44;59m[38;2;40;44;59m▒[0m[48;2;40;44;59m[38;2;40;44;59m▒[0m[48;2;40;44;59m[38;2;40;44;59m▒[0m[48;2;40;44;59m[38;2;40;44;59m▒[0m[48;2;40;44;59m[38;2;40;44;59m▒[0m[48;2;40;44;59m[38;2;40;44;59m▒[0m[48;2;56;58;73m[38;2;56;58;73m░[0m[48;2;47;45;58m[38;2;47;45;58m▒[0m[48;2;18;14;24m[38;2;18;14;24m█[0m[48;2;110;97;109m[38;2;110;97;109m%[0m[48;2;122;107;118m[38;2;122;107;118m#[0m[48;2;62;54;60m[38;2;62;54;60m░[0m                                    
                                       [48;2;233;233;234m[38;2;233;233;234m.[0m[48;2;67;64;68m[38;2;67;64;68m░[0m[48;2;29;24;31m[38;2;29;24;31m▓[0m[48;2;31;28;37m[38;2;31;28;37m▓[0m[48;2;42;43;58m[38;2;42;43;58m▒[0m[48;2;40;44;59m[38;2;40;44;59m▒[0m[48;2;40;44;59m[38;2;40;44;59m▒[0m[48;2;40;44;59m[38;2;40;44;59m▒[0m[48;2;40;44;59m[38;2;40;44;59m▒[0m[48;2;40;44;59m[38;2;40;44;59m▒[0m[48;2;40;44;59m[38;2;40;44;59m▒[0m[48;2;40;44;59m[38;2;40;44;59m▒[0m[48;2;40;44;59m[38;2;40;44;59m▒[0m[48;2;40;44;59m[38;2;40;44;59m▒[0m[48;2;40;44;59m[38;2;40;44;59m▒[0m[48;2;40;44;59m[38;2;40;44;59m▒[0m[48;2;40;44;59m[38;2;40;44;59m▒[0m[48;2;40;44;59m[38;2;40;44;59m▒[0m[48;2;60;62;77m[38;2;60;62;77m░[0m[48;2;60;59;74m[38;2;60;59;74m░[0m[48;2;24;20;32m[38;2;24;20;32m▓[0m[48;2;101;91;103m[38;2;101;91;103m%[0m[48;2;104;91;102m[38;2;104;91;102m%[0m[48;2;41;30;38m[38;2;41;30;38m▓[0m[48;2;76;68;76m[38;2;76;68;76m░[0m[48;2;178;176;178m[38;2;178;176;178m=[0m                                   
                                       [48;2;58;54;58m[38;2;58;54;58m░[0m[48;2;106;96;105m[38;2;106;96;105m%[0m[48;2;70;60;69m[38;2;70;60;69m░[0m[48;2;35;31;43m[38;2;35;31;43m▓[0m[48;2;41;43;58m[38;2;41;43;58m▒[0m[48;2;40;44;59m[38;2;40;44;59m▒[0m[48;2;40;44;59m[38;2;40;44;59m▒[0m[48;2;40;44;59m[38;2;40;44;59m▒[0m[48;2;40;44;59m[38;2;40;44;59m▒[0m[48;2;40;44;59m[38;2;40;44;59m▒[0m[48;2;40;44;59m[38;2;40;44;59m▒[0m[48;2;40;44;59m[38;2;40;44;59m▒[0m[48;2;40;44;59m[38;2;40;44;59m▒[0m[48;2;40;44;59m[38;2;40;44;59m▒[0m[48;2;40;44;59m[38;2;40;44;59m▒[0m[48;2;41;43;59m[38;2;41;43;59m▒[0m[48;2;46;47;62m[38;2;46;47;62m▒[0m[48;2;70;69;82m[38;2;70;69;82m░[0m[48;2;50;48;59m[38;2;50;48;59m▒[0m[48;2;32;26;38m[38;2;32;26;38m▓[0m[48;2;115;102;114m[38;2;115;102;114m%[0m[48;2;159;141;155m[38;2;159;141;155m+[0m[48;2;159;140;153m[38;2;159;140;153m+[0m[48;2;51;41;49m[38;2;51;41;49m▒[0m[48;2;83;76;83m[38;2;83;76;83m@[0m[48;2;127;127;129m[38;2;127;127;129m#[0m                                   
                                      [48;2;109;108;110m[38;2;109;108;110m%[0m[48;2;92;83;92m[38;2;92;83;92m@[0m[48;2;158;142;155m[38;2;158;142;155m+[0m[48;2;99;86;96m[38;2;99;86;96m@[0m[48;2;29;24;35m[38;2;29;24;35m▓[0m[48;2;41;43;59m[38;2;41;43;59m▒[0m[48;2;40;44;59m[38;2;40;44;59m▒[0m[48;2;40;44;59m[38;2;40;44;59m▒[0m[48;2;40;44;59m[38;2;40;44;59m▒[0m[48;2;40;44;59m[38;2;40;44;59m▒[0m[48;2;40;44;59m[38;2;40;44;59m▒[0m[48;2;40;44;59m[38;2;40;44;59m▒[0m[48;2;40;44;59m[38;2;40;44;59m▒[0m[48;2;40;44;59m[38;2;40;44;59m▒[0m[48;2;40;44;59m[38;2;40;44;59m▒[0m[48;2;48;49;65m[38;2;48;49;65m▒[0m[48;2;69;66;82m[38;2;69;66;82m░[0m[48;2;59;56;69m[38;2;59;56;69m░[0m[48;2;32;26;39m[38;2;32;26;39m▓[0m[48;2;83;72;85m[38;2;83;72;85m@[0m[48;2;152;135;148m[38;2;152;135;148m*[0m[48;2;160;141;155m[38;2;160;141;155m+[0m[48;2;161;140;155m[38;2;161;140;155m+[0m[48;2;161;140;155m[38;2;161;140;155m+[0m[48;2;81;69;79m[38;2;81;69;79m@[0m[48;2;34;29;34m[38;2;34;29;34m▓[0m[48;2;130;129;130m[38;2;130;129;130m*[0m                                   
                                     [48;2;213;213;213m[38;2;213;213;213m:[0m[48;2;48;43;47m[38;2;48;43;47m▒[0m[48;2;158;142;153m[38;2;158;142;153m+[0m[48;2;160;141;155m[38;2;160;141;155m+[0m[48;2;83;67;79m[38;2;83;67;79m@[0m[48;2;32;22;33m[38;2;32;22;33m▓[0m[48;2;33;30;44m[38;2;33;30;44m▓[0m[48;2;41;43;59m[38;2;41;43;59m▒[0m[48;2;41;43;59m[38;2;41;43;59m▒[0m[48;2;40;44;59m[38;2;40;44;59m▒[0m[48;2;40;44;59m[38;2;40;44;59m▒[0m[48;2;40;44;59m[38;2;40;44;59m▒[0m[48;2;43;46;60m[38;2;43;46;60m▒[0m[48;2;59;60;75m[38;2;59;60;75m░[0m[48;2;47;48;64m[38;2;47;48;64m▒[0m[48;2;58;58;72m[38;2;58;58;72m░[0m[48;2;44;41;53m[38;2;44;41;53m▒[0m[48;2;47;40;51m[38;2;47;40;51m▒[0m[48;2;95;84;97m[38;2;95;84;97m@[0m[48;2;149;132;146m[38;2;149;132;146m*[0m[48;2;160;140;155m[38;2;160;140;155m+[0m[48;2;161;140;155m[38;2;161;140;155m+[0m[48;2;161;140;155m[38;2;161;140;155m+[0m[48;2;161;140;155m[38;2;161;140;155m+[0m[48;2;161;140;155m[38;2;161;140;155m+[0m[48;2;92;79;89m[38;2;92;79;89m@[0m[48;2;16;11;17m[38;2;16;11;17m█[0m[48;2;196;194;196m[38;2;196;194;196m-[0m                                   
                                     [48;2;98;97;99m[38;2;98;97;99m%[0m[48;2;122;111;119m[38;2;122;111;119m#[0m[48;2;160;143;154m[38;2;160;143;154m+[0m[48;2;162;141;156m[38;2;162;141;156m+[0m[48;2;102;87;98m[38;2;102;87;98m%[0m[48;2;85;72;82m[38;2;85;72;82m@[0m[48;2;60;48;60m[38;2;60;48;60m▒[0m[48;2;29;23;37m[38;2;29;23;37m▓[0m[48;2;41;39;53m[38;2;41;39;53m▒[0m[48;2;43;43;57m[38;2;43;43;57m▒[0m[48;2;55;56;70m[38;2;55;56;70m░[0m[48;2;65;64;76m[38;2;65;64;76m░[0m[48;2;59;57;67m[38;2;59;57;67m░[0m[48;2;29;26;37m[38;2;29;26;37m▓[0m[48;2;46;39;51m[38;2;46;39;51m▒[0m[48;2;87;77;89m[38;2;87;77;89m@[0m[48;2;135;121;134m[38;2;135;121;134m#[0m[48;2;159;142;155m[38;2;159;142;155m+[0m[48;2;160;141;155m[38;2;160;141;155m+[0m[48;2;157;136;151m[38;2;157;136;151m*[0m[48;2;161;140;155m[38;2;161;140;155m+[0m[48;2;161;140;155m[38;2;161;140;155m+[0m[48;2;161;140;155m[38;2;161;140;155m+[0m[48;2;161;140;155m[38;2;161;140;155m+[0m[48;2;161;140;155m[38;2;161;140;155m+[0m[48;2;64;51;61m[38;2;64;51;61m░[0m[48;2;151;144;150m[38;2;151;144;150m+[0m[48;2;153;151;153m[38;2;153;151;153m+[0m[48;2;177;176;177m[38;2;177;176;177m=[0m[48;2;205;204;205m[38;2;205;204;205m:[0m                                 
                                     [48;2;40;37;40m[38;2;40;37;40m▒[0m[48;2;157;141;152m[38;2;157;141;152m+[0m[48;2;161;140;155m[38;2;161;140;155m+[0m[48;2;161;140;155m[38;2;161;140;155m+[0m[48;2;157;138;152m[38;2;157;138;152m*[0m[48;2;50;38;48m[38;2;50;38;48m▒[0m[48;2;103;90;100m[38;2;103;90;100m%[0m[48;2;100;87;98m[38;2;100;87;98m%[0m[48;2;84;72;84m[38;2;84;72;84m@[0m[48;2;72;62;73m[38;2;72;62;73m░[0m[48;2;32;24;33m[38;2;32;24;33m▓[0m[48;2;78;69;80m[38;2;78;69;80m░[0m[48;2;112;99;112m[38;2;112;99;112m%[0m[48;2;146;129;143m[38;2;146;129;143m*[0m[48;2;158;140;154m[38;2;158;140;154m+[0m[48;2;140;124;136m[38;2;140;124;136m*[0m[48;2;110;94;106m[38;2;110;94;106m%[0m[48;2;80;65;77m[38;2;80;65;77m░[0m[48;2;74;59;72m[38;2;74;59;72m░[0m[48;2;113;96;109m[38;2;113;96;109m%[0m[48;2;160;140;155m[38;2;160;140;155m+[0m[48;2;161;140;155m[38;2;161;140;155m+[0m[48;2;161;140;155m[38;2;161;140;155m+[0m[48;2;161;140;155m[38;2;161;140;155m+[0m[48;2;141;122;136m[38;2;141;122;136m*[0m[48;2;16;7;15m[38;2;16;7;15m█[0m[48;2;22;17;24m[38;2;22;17;24m▓[0m[48;2;199;193;200m[38;2;199;193;200m-[0m[48;2;67;61;66m[38;2;67;61;66m░[0m[48;2;39;36;39m[38;2;39;36;39m▒[0m[48;2;172;171;172m[38;2;172;171;172m=[0m                                
                                    [48;2;227;227;227m[38;2;227;227;227m.[0m[48;2;46;42;46m[38;2;46;42;46m▒[0m[48;2;158;142;154m[38;2;158;142;154m+[0m[48;2;161;140;155m[38;2;161;140;155m+[0m[48;2;161;140;155m[38;2;161;140;155m+[0m[48;2;161;140;155m[38;2;161;140;155m+[0m[48;2;145;128;140m[38;2;145;128;140m*[0m[48;2;44;32;42m[38;2;44;32;42m▒[0m[48;2;26;15;25m[38;2;26;15;25m▓[0m[48;2;107;96;105m[38;2;107;96;105m%[0m[48;2;32;24;32m[38;2;32;24;32m▓[0m[48;2;44;35;43m[38;2;44;35;43m▒[0m[48;2;88;76;87m[38;2;88;76;87m@[0m[48;2;81;67;79m[38;2;81;67;79m░[0m[48;2;76;62;74m[38;2;76;62;74m░[0m[48;2;78;64;76m[38;2;78;64;76m░[0m[48;2;95;81;92m[38;2;95;81;92m@[0m[48;2;125;109;121m[38;2;125;109;121m#[0m[48;2;156;137;151m[38;2;156;137;151m*[0m[48;2;160;140;155m[38;2;160;140;155m+[0m[48;2;161;140;155m[38;2;161;140;155m+[0m[48;2;161;140;155m[38;2;161;140;155m+[0m[48;2;161;140;155m[38;2;161;140;155m+[0m[48;2;161;140;155m[38;2;161;140;155m+[0m[48;2;160;140;155m[38;2;160;140;155m+[0m[48;2;58;45;57m[38;2;58;45;57m▒[0m[48;2;28;20;31m[38;2;28;20;31m▓[0m[48;2;19;15;25m[38;2;19;15;25m█[0m[48;2;174;170;179m[38;2;174;170;179m=[0m[48;2;226;221;227m[38;2;226;221;227m.[0m[48;2;43;38;41m[38;2;43;38;41m▒[0m                                 
                                    [48;2;232;232;232m[38;2;232;232;232m.[0m[48;2;44;41;44m[38;2;44;41;44m▒[0m[48;2;158;142;153m[38;2;158;142;153m+[0m[48;2;161;140;155m[38;2;161;140;155m+[0m[48;2;161;140;155m[38;2;161;140;155m+[0m[48;2;161;140;155m[38;2;161;140;155m+[0m[48;2;161;140;155m[38;2;161;140;155m+[0m[48;2;158;137;152m[38;2;158;137;152m*[0m[48;2;60;46;58m[38;2;60;46;58m▒[0m[48;2;8;3;10m[38;2;8;3;10m█[0m[48;2;8;6;11m[38;2;8;6;11m█[0m[48;2;27;24;30m[38;2;27;24;30m▓[0m[48;2;73;65;73m[38;2;73;65;73m░[0m[48;2;123;109;120m[38;2;123;109;120m#[0m[48;2;160;140;155m[38;2;160;140;155m+[0m[48;2;161;140;155m[38;2;161;140;155m+[0m[48;2;161;140;155m[38;2;161;140;155m+[0m[48;2;161;140;155m[38;2;161;140;155m+[0m[48;2;161;140;155m[38;2;161;140;155m+[0m[48;2;161;140;155m[38;2;161;140;155m+[0m[48;2;161;140;155m[38;2;161;140;155m+[0m[48;2;161;140;155m[38;2;161;140;155m+[0m[48;2;161;140;155m[38;2;161;140;155m+[0m[48;2;161;140;155m[38;2;161;140;155m+[0m[48;2;152;132;146m[38;2;152;132;146m*[0m[48;2;48;37;47m[38;2;48;37;47m▒[0m[48;2;26;19;30m[38;2;26;19;30m▓[0m[48;2;28;24;34m[38;2;28;24;34m▓[0m[48;2;115;113;118m[38;2;115;113;118m#[0m[48;2;202;198;202m[38;2;202;198;202m-[0m[48;2;55;52;55m[38;2;55;52;55m▒[0m[48;2;122;120;121m[38;2;122;120;121m#[0m[48;2;147;147;147m[38;2;147;147;147m+[0m[48;2;163;163;163m[38;2;163;163;163m+[0m[48;2;197;197;197m[38;2;197;197;197m-[0m[48;2;239;239;239m[38;2;239;239;239m [0m                            
                                    [48;2;187;187;187m[38;2;187;187;187m-[0m[48;2;15;11;13m[38;2;15;11;13m█[0m[48;2;143;127;138m[38;2;143;127;138m*[0m[48;2;161;140;155m[38;2;161;140;155m+[0m[48;2;161;140;155m[38;2;161;140;155m+[0m[48;2;161;140;155m[38;2;161;140;155m+[0m[48;2;161;140;155m[38;2;161;140;155m+[0m[48;2;161;140;155m[38;2;161;140;155m+[0m[48;2;52;41;51m[38;2;52;41;51m▒[0m[48;2;30;27;33m[38;2;30;27;33m▓[0m[48;2;2;2;6m[38;2;2;2;6m█[0m[48;2;15;14;19m[38;2;15;14;19m█[0m[48;2;18;16;21m[38;2;18;16;21m█[0m[48;2;47;40;47m[38;2;47;40;47m▒[0m[48;2;156;137;151m[38;2;156;137;151m*[0m[48;2;161;140;155m[38;2;161;140;155m+[0m[48;2;161;140;155m[38;2;161;140;155m+[0m[48;2;161;140;155m[38;2;161;140;155m+[0m[48;2;161;140;155m[38;2;161;140;155m+[0m[48;2;161;140;155m[38;2;161;140;155m+[0m[48;2;161;140;155m[38;2;161;140;155m+[0m[48;2;161;140;155m[38;2;161;140;155m+[0m[48;2;161;140;155m[38;2;161;140;155m+[0m[48;2;161;140;155m[38;2;161;140;155m+[0m[48;2;161;140;155m[38;2;161;140;155m+[0m[48;2;150;132;146m[38;2;150;132;146m*[0m[48;2;34;26;36m[38;2;34;26;36m▓[0m[48;2;23;18;29m[38;2;23;18;29m▓[0m[48;2;102;99;105m[38;2;102;99;105m%[0m[48;2;152;148;153m[38;2;152;148;153m+[0m[48;2;45;40;45m[38;2;45;40;45m▒[0m[48;2;86;82;86m[38;2;86;82;86m@[0m[48;2;98;95;97m[38;2;98;95;97m%[0m[48;2;57;54;57m[38;2;57;54;57m░[0m[48;2;43;40;43m[38;2;43;40;43m▒[0m[48;2;65;59;64m[38;2;65;59;64m░[0m[48;2;85;80;85m[38;2;85;80;85m@[0m[48;2;149;147;149m[38;2;149;147;149m+[0m                          
                                     [48;2;199;198;199m[38;2;199;198;199m-[0m[48;2;57;50;56m[38;2;57;50;56m▒[0m[48;2;150;134;145m[38;2;150;134;145m*[0m[48;2;161;141;154m[38;2;161;141;154m+[0m[48;2;161;140;155m[38;2;161;140;155m+[0m[48;2;161;140;155m[38;2;161;140;155m+[0m[48;2;162;141;156m[38;2;162;141;156m+[0m[48;2;96;82;94m[38;2;96;82;94m@[0m[48;2;37;31;38m[38;2;37;31;38m▓[0m[48;2;10;7;13m[38;2;10;7;13m█[0m[48;2;12;8;15m[38;2;12;8;15m█[0m[48;2;19;16;22m[38;2;19;16;22m█[0m[48;2;12;7;14m[38;2;12;7;14m█[0m[48;2;71;60;69m[38;2;71;60;69m░[0m[48;2;160;141;155m[38;2;160;141;155m+[0m[48;2;161;140;155m[38;2;161;140;155m+[0m[48;2;161;140;155m[38;2;161;140;155m+[0m[48;2;161;140;155m[38;2;161;140;155m+[0m[48;2;161;140;155m[38;2;161;140;155m+[0m[48;2;161;140;155m[38;2;161;140;155m+[0m[48;2;161;140;155m[38;2;161;140;155m+[0m[48;2;161;140;155m[38;2;161;140;155m+[0m[48;2;161;140;155m[38;2;161;140;155m+[0m[48;2;161;140;155m[38;2;161;140;155m+[0m[48;2;160;139;154m[38;2;160;139;154m+[0m[48;2;146;127;141m[38;2;146;127;141m*[0m[48;2;62;50;60m[38;2;62;50;60m▒[0m[48;2;56;51;57m[38;2;56;51;57m▒[0m[48;2;34;30;33m[38;2;34;30;33m▓[0m[48;2;127;123;127m[38;2;127;123;127m#[0m[48;2;198;193;198m[38;2;198;193;198m-[0m[48;2;186;183;186m[38;2;186;183;186m-[0m[48;2;179;175;179m[38;2;179;175;179m=[0m[48;2;84;79;83m[38;2;84;79;83m@[0m[48;2;89;79;87m[38;2;89;79;87m@[0m[48;2;156;140;150m[38;2;156;140;150m*[0m[48;2;101;90;98m[38;2;101;90;98m%[0m[48;2;114;111;114m[38;2;114;111;114m#[0m                         
                                      [48;2;153;152;152m[38;2;153;152;152m+[0m[48;2;28;23;29m[38;2;28;23;29m▓[0m[48;2;104;94;103m[38;2;104;94;103m%[0m[48;2;155;140;152m[38;2;155;140;152m*[0m[48;2;161;140;155m[38;2;161;140;155m+[0m[48;2;161;140;155m[38;2;161;140;155m+[0m[48;2;161;140;155m[38;2;161;140;155m+[0m[48;2;157;138;152m[38;2;157;138;152m*[0m[48;2;58;48;57m[38;2;58;48;57m▒[0m[48;2;35;27;37m[38;2;35;27;37m▓[0m[48;2;21;15;22m[38;2;21;15;22m█[0m[48;2;77;70;77m[38;2;77;70;77m░[0m[48;2;71;63;70m[38;2;71;63;70m░[0m[48;2;76;64;73m[38;2;76;64;73m░[0m[48;2;112;96;108m[38;2;112;96;108m%[0m[48;2;147;128;141m[38;2;147;128;141m*[0m[48;2;161;140;155m[38;2;161;140;155m+[0m[48;2;161;140;155m[38;2;161;140;155m+[0m[48;2;161;140;155m[38;2;161;140;155m+[0m[48;2;161;140;155m[38;2;161;140;155m+[0m[48;2;161;140;155m[38;2;161;140;155m+[0m[48;2;161;140;155m[38;2;161;140;155m+[0m[48;2;161;140;155m[38;2;161;140;155m+[0m[48;2;161;140;155m[38;2;161;140;155m+[0m[48;2;161;140;155m[38;2;161;140;155m+[0m[48;2;161;140;155m[38;2;161;140;155m+[0m[48;2;151;132;146m[38;2;151;132;146m*[0m[48;2;132;115;128m[38;2;132;115;128m#[0m[48;2;118;103;114m[38;2;118;103;114m%[0m[48;2;106;93;104m[38;2;106;93;104m%[0m[48;2;111;100;109m[38;2;111;100;109m%[0m[48;2;112;101;110m[38;2;112;101;110m%[0m[48;2;135;123;132m[38;2;135;123;132m#[0m[48;2;151;138;147m[38;2;151;138;147m*[0m[48;2;136;120;130m[38;2;136;120;130m#[0m[48;2;84;71;81m[38;2;84;71;81m@[0m[48;2;36;29;35m[38;2;36;29;35m▓[0m[48;2;196;195;196m[38;2;196;195;196m-[0m                        
                                       [48;2;75;72;76m[38;2;75;72;76m@[0m[48;2;81;77;82m[38;2;81;77;82m@[0m[48;2;60;52;59m[38;2;60;52;59m░[0m[48;2;147;130;143m[38;2;147;130;143m*[0m[48;2;161;140;155m[38;2;161;140;155m+[0m[48;2;161;140;155m[38;2;161;140;155m+[0m[48;2;161;140;155m[38;2;161;140;155m+[0m[48;2;161;140;155m[38;2;161;140;155m+[0m[48;2;161;140;155m[38;2;161;140;155m+[0m[48;2;148;129;143m[38;2;148;129;143m*[0m[48;2;76;63;75m[38;2;76;63;75m░[0m[48;2;74;62;74m[38;2;74;62;74m░[0m[48;2;64;53;64m[38;2;64;53;64m░[0m[48;2;14;7;14m[38;2;14;7;14m█[0m[48;2;25;16;24m[38;2;25;16;24m▓[0m[48;2;110;95;107m[38;2;110;95;107m%[0m[48;2;161;140;155m[38;2;161;140;155m+[0m[48;2;123;103;117m[38;2;123;103;117m#[0m[48;2;154;134;148m[38;2;154;134;148m*[0m[48;2;161;140;155m[38;2;161;140;155m+[0m[48;2;161;140;155m[38;2;161;140;155m+[0m[48;2;154;134;149m[38;2;154;134;149m*[0m[48;2;158;138;153m[38;2;158;138;153m*[0m[48;2;161;140;155m[38;2;161;140;155m+[0m[48;2;161;140;155m[38;2;161;140;155m+[0m[48;2;161;140;155m[38;2;161;140;155m+[0m[48;2;160;141;155m[38;2;160;141;155m+[0m[48;2;137;118;132m[38;2;137;118;132m#[0m[48;2;88;72;85m[38;2;88;72;85m@[0m[48;2;82;68;79m[38;2;82;68;79m@[0m[48;2;80;67;77m[38;2;80;67;77m░[0m[48;2;81;68;78m[38;2;81;68;78m░[0m[48;2;86;72;82m[38;2;86;72;82m@[0m[48;2;102;88;100m[38;2;102;88;100m%[0m[48;2;129;113;126m[38;2;129;113;126m#[0m[48;2;103;92;101m[38;2;103;92;101m%[0m[48;2;103;99;103m[38;2;103;99;103m%[0m                        
                                        [48;2;143;142;143m[38;2;143;142;143m*[0m[48;2;122;120;122m[38;2;122;120;122m#[0m[48;2;65;59;65m[38;2;65;59;65m░[0m[48;2;91;79;88m[38;2;91;79;88m@[0m[48;2;152;134;148m[38;2;152;134;148m*[0m[48;2;161;140;155m[38;2;161;140;155m+[0m[48;2;161;140;155m[38;2;161;140;155m+[0m[48;2;161;140;155m[38;2;161;140;155m+[0m[48;2;161;140;155m[38;2;161;140;155m+[0m[48;2;161;140;155m[38;2;161;140;155m+[0m[48;2;153;134;148m[38;2;153;134;148m*[0m[48;2;129;111;124m[38;2;129;111;124m#[0m[48;2;119;103;116m[38;2;119;103;116m%[0m[48;2;156;138;152m[38;2;156;138;152m*[0m[48;2;160;140;155m[38;2;160;140;155m+[0m[48;2;161;140;155m[38;2;161;140;155m+[0m[48;2;129;109;123m[38;2;129;109;123m#[0m[48;2;76;61;72m[38;2;76;61;72m░[0m[48;2;80;65;77m[38;2;80;65;77m░[0m[48;2;79;66;76m[38;2;79;66;76m░[0m[48;2;45;35;44m[38;2;45;35;44m▒[0m[48;2;18;9;18m[38;2;18;9;18m█[0m[48;2;35;26;34m[38;2;35;26;34m▓[0m[48;2;48;36;47m[38;2;48;36;47m▒[0m[48;2;58;45;56m[38;2;58;45;56m▒[0m[48;2;71;57;69m[38;2;71;57;69m░[0m[48;2;77;62;74m[38;2;77;62;74m░[0m[48;2;78;64;76m[38;2;78;64;76m░[0m[48;2;78;65;77m[38;2;78;65;77m░[0m[48;2;78;66;77m[38;2;78;66;77m░[0m[48;2;72;61;72m[38;2;72;61;72m░[0m[48;2;59;50;60m[38;2;59;50;60m▒[0m[48;2;87;81;89m[38;2;87;81;89m@[0m[48;2;96;89;96m[38;2;96;89;96m%[0m[48;2;109;103;109m[38;2;109;103;109m%[0m[48;2;234;232;235m[38;2;234;232;235m.[0m                        
                                         [48;2;191;190;191m[38;2;191;190;191m-[0m[48;2;12;9;14m[38;2;12;9;14m█[0m[48;2;14;10;18m[38;2;14;10;18m█[0m[48;2;19;12;21m[38;2;19;12;21m█[0m[48;2;76;65;81m[38;2;76;65;81m░[0m[48;2;126;110;124m[38;2;126;110;124m#[0m[48;2;156;137;151m[38;2;156;137;151m*[0m[48;2;161;140;155m[38;2;161;140;155m+[0m[48;2;161;140;155m[38;2;161;140;155m+[0m[48;2;161;140;155m[38;2;161;140;155m+[0m[48;2;161;140;155m[38;2;161;140;155m+[0m[48;2;101;82;96m[38;2;101;82;96m@[0m[48;2;73;59;72m[38;2;73;59;72m░[0m[48;2;116;102;115m[38;2;116;102;115m%[0m[48;2;140;122;137m[38;2;140;122;137m*[0m[48;2;157;138;152m[38;2;157;138;152m*[0m[48;2;160;141;155m[38;2;160;141;155m+[0m[48;2;160;141;155m[38;2;160;141;155m+[0m[48;2;158;139;153m[38;2;158;139;153m*[0m[48;2;154;134;148m[38;2;154;134;148m*[0m[48;2;151;132;146m[38;2;151;132;146m*[0m[48;2;151;132;146m[38;2;151;132;146m*[0m[48;2;152;133;147m[38;2;152;133;147m*[0m[48;2;155;136;150m[38;2;155;136;150m*[0m[48;2;160;139;154m[38;2;160;139;154m+[0m[48;2;160;140;154m[38;2;160;140;154m+[0m[48;2;157;138;151m[38;2;157;138;151m*[0m[48;2;131;114;127m[38;2;131;114;127m#[0m[48;2;89;76;87m[38;2;89;76;87m@[0m[48;2;82;73;81m[38;2;82;73;81m@[0m[48;2;172;168;173m[38;2;172;168;173m=[0m                            
                                        [48;2;225;225;225m[38;2;225;225;225m.[0m[48;2;30;28;34m[38;2;30;28;34m▓[0m[48;2;34;29;46m[38;2;34;29;46m▓[0m[48;2;21;16;32m[38;2;21;16;32m▓[0m[48;2;9;4;19m[38;2;9;4;19m█[0m[48;2;83;68;139m[38;2;83;68;139m@[0m[48;2;71;58;109m[38;2;71;58;109m░[0m[48;2;39;27;73m[38;2;39;27;73m▓[0m[48;2;44;35;49m[38;2;44;35;49m▒[0m[48;2;75;63;83m[38;2;75;63;83m░[0m[48;2;98;84;99m[38;2;98;84;99m@[0m[48;2;122;104;118m[38;2;122;104;118m#[0m[48;2;140;122;135m[38;2;140;122;135m*[0m[48;2;145;130;143m[38;2;145;130;143m*[0m[48;2;103;93;102m[38;2;103;93;102m%[0m[48;2;57;51;59m[38;2;57;51;59m▒[0m[48;2;31;23;33m[38;2;31;23;33m▓[0m[48;2;32;23;34m[38;2;32;23;34m▓[0m[48;2;48;38;49m[38;2;48;38;49m▒[0m[48;2;63;53;63m[38;2;63;53;63m░[0m[48;2;72;63;73m[38;2;72;63;73m░[0m[48;2;77;68;78m[38;2;77;68;78m░[0m[48;2;78;69;79m[38;2;78;69;79m░[0m[48;2;76;66;76m[38;2;76;66;76m░[0m[48;2;71;61;70m[38;2;71;61;70m░[0m[48;2;57;46;56m[38;2;57;46;56m▒[0m[48;2;39;30;40m[38;2;39;30;40m▓[0m[48;2;83;76;84m[38;2;83;76;84m@[0m[48;2;154;150;155m[38;2;154;150;155m+[0m[48;2;219;216;220m[38;2;219;216;220m:[0m                              
                                        [48;2;73;72;75m[38;2;73;72;75m░[0m[48;2;30;26;38m[38;2;30;26;38m▓[0m[48;2;38;33;50m[38;2;38;33;50m▓[0m[48;2;37;32;50m[38;2;37;32;50m▓[0m[48;2;13;7;24m[38;2;13;7;24m█[0m[48;2;86;71;144m[38;2;86;71;144m@[0m[48;2;96;81;150m[38;2;96;81;150m%[0m[48;2;74;57;146m[38;2;74;57;146m░[0m[48;2;9;3;35m[38;2;9;3;35m█[0m[48;2;48;36;103m[38;2;48;36;103m▒[0m[48;2;71;57;139m[38;2;71;57;139m░[0m[48;2;56;39;134m[38;2;56;39;134m░[0m[48;2;47;34;104m[38;2;47;34;104m▒[0m[48;2;40;25;103m[38;2;40;25;103m▒[0m[48;2;47;37;73m[38;2;47;37;73m▒[0m[48;2;31;23;54m[38;2;31;23;54m▓[0m[48;2;33;28;38m[38;2;33;28;38m▓[0m[48;2;35;29;40m[38;2;35;29;40m▓[0m[48;2;17;11;23m[38;2;17;11;23m█[0m[48;2;11;8;18m[38;2;11;8;18m█[0m[48;2;10;9;18m[38;2;10;9;18m█[0m[48;2;11;9;19m[38;2;11;9;19m█[0m[48;2;12;10;20m[38;2;12;10;20m█[0m[48;2;14;11;22m[38;2;14;11;22m█[0m[48;2;19;15;28m[38;2;19;15;28m█[0m[48;2;24;19;33m[38;2;24;19;33m▓[0m[48;2;28;23;38m[38;2;28;23;38m▓[0m[48;2;23;18;33m[38;2;23;18;33m▓[0m[48;2;41;37;48m[38;2;41;37;48m▒[0m[48;2;100;97;104m[38;2;100;97;104m%[0m[48;2;180;179;181m[38;2;180;179;181m=[0m                             
                                       [48;2;181;181;181m[38;2;181;181;181m=[0m[48;2;17;15;21m[38;2;17;15;21m█[0m[48;2;37;32;50m[38;2;37;32;50m▓[0m[48;2;37;31;52m[38;2;37;31;52m▓[0m[48;2;37;31;52m[38;2;37;31;52m▓[0m[48;2;13;9;23m[38;2;13;9;23m█[0m[48;2;77;67;124m[38;2;77;67;124m@[0m[48;2;88;75;151m[38;2;88;75;151m@[0m[48;2;85;71;153m[38;2;85;71;153m@[0m[48;2;20;10;73m[38;2;20;10;73m▓[0m[48;2;75;72;82m[38;2;75;72;82m@[0m[48;2;38;28;87m[38;2;38;28;87m▒[0m[48;2;81;66;155m[38;2;81;66;155m@[0m[48;2;78;61;162m[38;2;78;61;162m@[0m[48;2;82;65;163m[38;2;82;65;163m@[0m[48;2;72;54;163m[38;2;72;54;163m░[0m[48;2;43;34;83m[38;2;43;34;83m▒[0m[48;2;25;21;32m[38;2;25;21;32m▓[0m[48;2;36;31;44m[38;2;36;31;44m▓[0m[48;2;37;32;50m[38;2;37;32;50m▓[0m[48;2;37;32;50m[38;2;37;32;50m▓[0m[48;2;37;31;51m[38;2;37;31;51m▓[0m[48;2;37;31;51m[38;2;37;31;51m▓[0m[48;2;37;31;51m[38;2;37;31;51m▓[0m[48;2;37;31;51m[38;2;37;31;51m▓[0m[48;2;37;31;52m[38;2;37;31;52m▓[0m[48;2;37;31;52m[38;2;37;31;52m▓[0m[48;2;37;31;52m[38;2;37;31;52m▓[0m[48;2;37;31;52m[38;2;37;31;52m▓[0m[48;2;37;31;52m[38;2;37;31;52m▓[0m[48;2;35;30;50m[38;2;35;30;50m▓[0m[48;2;26;21;36m[38;2;26;21;36m▓[0m[48;2;39;35;46m[38;2;39;35;46m▒[0m[48;2;133;131;136m[38;2;133;131;136m*[0m[48;2;236;236;236m[38;2;236;236;236m.[0m                          
                                       [48;2;73;73;73m[38;2;73;73;73m░[0m[48;2;31;27;39m[38;2;31;27;39m▓[0m[48;2;37;31;52m[38;2;37;31;52m▓[0m[48;2;37;31;52m[38;2;37;31;52m▓[0m[48;2;37;31;52m[38;2;37;31;52m▓[0m[48;2;28;23;40m[38;2;28;23;40m▓[0m[48;2;24;20;36m[38;2;24;20;36m▓[0m[48;2;35;29;53m[38;2;35;29;53m▓[0m[48;2;44;38;67m[38;2;44;38;67m▒[0m[48;2;22;13;60m[38;2;22;13;60m▓[0m[48;2;109;106;114m[38;2;109;106;114m%[0m[48;2;163;161;167m[38;2;163;161;167m+[0m[48;2;43;37;66m[38;2;43;37;66m▒[0m[48;2;63;50;123m[38;2;63;50;123m░[0m[48;2;53;42;100m[38;2;53;42;100m▒[0m[48;2;75;72;85m[38;2;75;72;85m@[0m[48;2;134;131;136m[38;2;134;131;136m*[0m[48;2;45;42;48m[38;2;45;42;48m▒[0m[48;2;49;46;55m[38;2;49;46;55m▒[0m[48;2;60;56;68m[38;2;60;56;68m░[0m[48;2;53;48;64m[38;2;53;48;64m▒[0m[48;2;37;31;52m[38;2;37;31;52m▓[0m[48;2;37;31;52m[38;2;37;31;52m▓[0m[48;2;37;31;52m[38;2;37;31;52m▓[0m[48;2;37;31;52m[38;2;37;31;52m▓[0m[48;2;37;31;52m[38;2;37;31;52m▓[0m[48;2;37;31;52m[38;2;37;31;52m▓[0m[48;2;37;31;52m[38;2;37;31;52m▓[0m[48;2;37;31;52m[38;2;37;31;52m▓[0m[48;2;37;31;52m[38;2;37;31;52m▓[0m[48;2;37;31;52m[38;2;37;31;52m▓[0m[48;2;37;31;52m[38;2;37;31;52m▓[0m[48;2;37;31;52m[38;2;37;31;52m▓[0m[48;2;32;26;44m[38;2;32;26;44m▓[0m[48;2;32;29;41m[38;2;32;29;41m▓[0m[48;2;151;148;153m[38;2;151;148;153m+[0m                         
                                       [48;2;19;18;20m[38;2;19;18;20m▓[0m[48;2;36;32;48m[38;2;36;32;48m▓[0m[48;2;37;31;52m[38;2;37;31;52m▓[0m[48;2;37;31;52m[38;2;37;31;52m▓[0m[48;2;37;31;52m[38;2;37;31;52m▓[0m[48;2;37;31;52m[38;2;37;31;52m▓[0m[48;2;37;31;52m[38;2;37;31;52m▓[0m[48;2;37;31;52m[38;2;37;31;52m▓[0m[48;2;67;62;77m[38;2;67;62;77m░[0m[48;2;25;21;31m[38;2;25;21;31m▓[0m[48;2;4;2;9m[38;2;4;2;9m█[0m[48;2;112;109;116m[38;2;112;109;116m#[0m[48;2;215;213;217m[38;2;215;213;217m:[0m[48;2;149;145;153m[38;2;149;145;153m+[0m[48;2;30;26;35m[38;2;30;26;35m▓[0m[48;2;120;117;121m[38;2;120;117;121m#[0m[48;2;221;218;221m[38;2;221;218;221m:[0m[48;2;242;239;243m[38;2;242;239;243m [0m[48;2;119;116;122m[38;2;119;116;122m#[0m[48;2;34;30;37m[38;2;34;30;37m▓[0m[48;2;36;31;42m[38;2;36;31;42m▓[0m[48;2;56;52;64m[38;2;56;52;64m▒[0m[48;2;62;57;73m[38;2;62;57;73m░[0m[48;2;47;41;59m[38;2;47;41;59m▒[0m[48;2;37;31;52m[38;2;37;31;52m▓[0m[48;2;37;31;52m[38;2;37;31;52m▓[0m[48;2;37;31;52m[38;2;37;31;52m▓[0m[48;2;37;31;52m[38;2;37;31;52m▓[0m[48;2;37;31;52m[38;2;37;31;52m▓[0m[48;2;37;31;52m[38;2;37;31;52m▓[0m[48;2;37;31;52m[38;2;37;31;52m▓[0m[48;2;37;31;52m[38;2;37;31;52m▓[0m[48;2;37;31;52m[38;2;37;31;52m▓[0m[48;2;37;31;52m[38;2;37;31;52m▓[0m[48;2;37;31;51m[38;2;37;31;51m▓[0m[48;2;25;20;36m[38;2;25;20;36m▓[0m[48;2;89;87;94m[38;2;89;87;94m@[0m                        