                                                                                                              
                                                                                                              
                                                                                                              
                                                                                                              
                                                                                                              
                                                                                                              
                                                                                                              
                                                                                                              
                                                                                                              
                                                                                                              
                                                                                                              
                                                                                                              
                                                                                                              
                                                   [48;2;186;186;187m[38;2;186;186;187m-[0m[48;2;130;130;131m[38;2;130;130;131m*[0m[48;2;92;92;94m[38;2;92;92;94m%[0m[48;2;66;65;70m[38;2;66;65;70m░[0m[48;2;57;56;60m[38;2;57;56;60m░[0m[48;2;52;51;56m[38;2;52;51;56m▒[0m[48;2;56;55;60m[38;2;56;55;60m░[0m[48;2;72;71;77m[38;2;72;71;77m░[0m[48;2;100;99;104m[38;2;100;99;104m%[0m[48;2;143;142;147m[38;2;143;142;147m*[0m[48;2;199;199;201m[38;2;199;199;201m-[0m                                                
                                                [48;2;215;215;215m[38;2;215;215;215m:[0m[48;2;100;100;103m[38;2;100;100;103m%[0m[48;2;30;28;36m[38;2;30;28;36m▓[0m[48;2;26;24;35m[38;2;26;24;35m▓[0m[48;2;38;35;49m[38;2;38;35;49m▒[0m[48;2;44;42;58m[38;2;44;42;58m▒[0m[48;2;45;42;60m[38;2;45;42;60m▒[0m[48;2;45;42;60m[38;2;45;42;60m▒[0m[48;2;46;43;61m[38;2;46;43;61m▒[0m[48;2;45;42;59m[38;2;45;42;59m▒[0m[48;2;44;42;59m[38;2;44;42;59m▒[0m[48;2;41;40;58m[38;2;41;40;58m▒[0m[48;2;36;34;52m[38;2;36;34;52m▒[0m[48;2;27;25;39m[38;2;27;25;39m▓[0m[48;2;35;34;44m[38;2;35;34;44m▓[0m[48;2;101;100;106m[38;2;101;100;106m%[0m[48;2;198;198;200m[38;2;198;198;200m-[0m                                             
                                              [48;2;235;235;236m[38;2;235;235;236m.[0m[48;2;119;118;121m[38;2;119;118;121m#[0m[48;2;26;25;32m[38;2;26;25;32m▓[0m[48;2;38;35;49m[38;2;38;35;49m▒[0m[48;2;45;42;59m[38;2;45;42;59m▒[0m[48;2;43;40;55m[38;2;43;40;55m▒[0m[48;2;34;31;45m[38;2;34;31;45m▓[0m[48;2;27;24;37m[38;2;27;24;37m▓[0m[48;2;29;25;37m[38;2;29;25;37m▓[0m[48;2;40;37;49m[38;2;40;37;49m▒[0m[48;2;43;40;52m[38;2;43;40;52m▒[0m[48;2;27;23;35m[38;2;27;23;35m▓[0m[48;2;48;45;57m[38;2;48;45;57m▒[0m[48;2;67;63;76m[38;2;67;63;76m░[0m[48;2;63;61;73m[38;2;63;61;73m░[0m[48;2;46;45;58m[38;2;46;45;58m▒[0m[48;2;44;43;55m[38;2;44;43;55m▒[0m[48;2;40;39;51m[38;2;40;39;51m▒[0m[48;2;24;23;32m[38;2;24;23;32m▓[0m[48;2;72;71;75m[38;2;72;71;75m░[0m[48;2;205;205;205m[38;2;205;205;205m:[0m                                           
                                             [48;2;190;189;191m[38;2;190;189;191m-[0m[48;2;38;36;43m[38;2;38;36;43m▒[0m[48;2;36;34;47m[38;2;36;34;47m▓[0m[48;2;45;42;57m[38;2;45;42;57m▒[0m[48;2;35;32;46m[38;2;35;32;46m▓[0m[48;2;25;21;32m[38;2;25;21;32m▓[0m[48;2;72;64;73m[38;2;72;64;73m░[0m[48;2;107;95;106m[38;2;107;95;106m%[0m[48;2;131;118;129m[38;2;131;118;129m#[0m[48;2;148;135;145m[38;2;148;135;145m*[0m[48;2;152;138;148m[38;2;152;138;148m*[0m[48;2;143;130;139m[38;2;143;130;139m*[0m[48;2;127;114;124m[38;2;127;114;124m#[0m[48;2;104;91;101m[38;2;104;91;101m%[0m[48;2;80;67;76m[38;2;80;67;76m░[0m[48;2;40;29;37m[38;2;40;29;37m▓[0m[48;2;56;47;55m[38;2;56;47;55m▒[0m[48;2;67;57;65m[38;2;67;57;65m░[0m[48;2;69;59;67m[38;2;69;59;67m░[0m[48;2;54;46;54m[38;2;54;46;54m▒[0m[48;2;26;19;26m[38;2;26;19;26m▓[0m[48;2;12;8;13m[38;2;12;8;13m█[0m[48;2;143;142;143m[38;2;143;142;143m*[0m                                          
                                            [48;2;173;172;174m[38;2;173;172;174m=[0m[48;2;20;19;26m[38;2;20;19;26m▓[0m[48;2;42;40;51m[38;2;42;40;51m▒[0m[48;2;40;37;53m[38;2;40;37;53m▒[0m[48;2;23;20;33m[38;2;23;20;33m▓[0m[48;2;52;46;58m[38;2;52;46;58m▒[0m[48;2;141;128;139m[38;2;141;128;139m*[0m[48;2;158;141;154m[38;2;158;141;154m+[0m[48;2;160;141;155m[38;2;160;141;155m+[0m[48;2;159;140;154m[38;2;159;140;154m+[0m[48;2;115;98;111m[38;2;115;98;111m%[0m[48;2;71;56;68m[38;2;71;56;68m░[0m[48;2;79;65;76m[38;2;79;65;76m░[0m[48;2;87;72;84m[38;2;87;72;84m@[0m[48;2;89;74;85m[38;2;89;74;85m@[0m[48;2;152;135;147m[38;2;152;135;147m*[0m[48;2;154;137;149m[38;2;154;137;149m*[0m[48;2;160;142;154m[38;2;160;142;154m+[0m[48;2;160;141;154m[38;2;160;141;154m+[0m[48;2;151;133;145m[38;2;151;133;145m*[0m[48;2;74;60;71m[38;2;74;60;71m░[0m[48;2;80;70;78m[38;2;80;70;78m@[0m[48;2;86;79;86m[38;2;86;79;86m@[0m[48;2;38;34;39m[38;2;38;34;39m▓[0m[48;2;136;134;136m[38;2;136;134;136m*[0m                                         
                                           [48;2;204;204;204m[38;2;204;204;204m:[0m[48;2;20;18;24m[38;2;20;18;24m▓[0m[48;2;42;40;51m[38;2;42;40;51m▒[0m[48;2;24;22;33m[38;2;24;22;33m▓[0m[48;2;22;18;28m[38;2;22;18;28m▓[0m[48;2;116;104;116m[38;2;116;104;116m%[0m[48;2;156;140;153m[38;2;156;140;153m*[0m[48;2;160;141;155m[38;2;160;141;155m+[0m[48;2;161;140;155m[38;2;161;140;155m+[0m[48;2;161;140;155m[38;2;161;140;155m+[0m[48;2;161;140;155m[38;2;161;140;155m+[0m[48;2;161;140;155m[38;2;161;140;155m+[0m[48;2;161;140;155m[38;2;161;140;155m+[0m[48;2;161;140;155m[38;2;161;140;155m+[0m[48;2;161;140;155m[38;2;161;140;155m+[0m[48;2;161;140;155m[38;2;161;140;155m+[0m[48;2;161;140;155m[38;2;161;140;155m+[0m[48;2;161;140;155m[38;2;161;140;155m+[0m[48;2;161;140;155m[38;2;161;140;155m+[0m[48;2;161;140;155m[38;2;161;140;155m+[0m[48;2;161;140;155m[38;2;161;140;155m+[0m[48;2;160;140;155m[38;2;160;140;155m+[0m[48;2;140;121;135m[38;2;140;121;135m*[0m[48;2;108;94;105m[38;2;108;94;105m%[0m[48;2;113;103;112m[38;2;113;103;112m%[0m[48;2;16;11;16m[38;2;16;11;16m█[0m[48;2;57;53;58m[38;2;57;53;58m▒[0m[48;2;96;94;100m[38;2;96;94;100m%[0m[48;2;207;205;208m[38;2;207;205;208m:[0m                                      
                                           [48;2;54;53;55m[38;2;54;53;55m▒[0m[48;2;32;30;38m[38;2;32;30;38m▓[0m[48;2;11;9;19m[38;2;11;9;19m█[0m[48;2;21;17;25m[38;2;21;17;25m▓[0m[48;2;137;121;134m[38;2;137;121;134m#[0m[48;2;160;140;154m[38;2;160;140;154m+[0m[48;2;161;140;155m[38;2;161;140;155m+[0m[48;2;161;140;155m[38;2;161;140;155m+[0m[48;2;161;140;155m[38;2;161;140;155m+[0m[48;2;160;139;154m[38;2;160;139;154m+[0m[48;2;159;138;153m[38;2;159;138;153m*[0m[48;2;159;138;153m[38;2;159;138;153m*[0m[48;2;159;138;153m[38;2;159;138;153m*[0m[48;2;161;140;155m[38;2;161;140;155m+[0m[48;2;161;140;155m[38;2;161;140;155m+[0m[48;2;161;140;155m[38;2;161;140;155m+[0m[48;2;161;140;155m[38;2;161;140;155m+[0m[48;2;161;140;155m[38;2;161;140;155m+[0m[48;2;161;140;155m[38;2;161;140;155m+[0m[48;2;161;140;155m[38;2;161;140;155m+[0m[48;2;161;140;155m[38;2;161;140;155m+[0m[48;2;148;128;143m[38;2;148;128;143m*[0m[48;2;136;116;130m[38;2;136;116;130m#[0m[48;2;158;138;153m[38;2;158;138;153m*[0m[48;2;158;142;155m[38;2;158;142;155m+[0m[48;2;123;111;121m[38;2;123;111;121m#[0m[48;2;12;8;12m[38;2;12;8;12m█[0m[48;2;56;46;74m[38;2;56;46;74m▒[0m[48;2;87;84;87m[38;2;87;84;87m@[0m                                      
                                          [48;2;176;176;176m[38;2;176;176;176m=[0m[48;2;11;11;12m[38;2;11;11;12m█[0m[48;2;25;21;28m[38;2;25;21;28m▓[0m[48;2;19;13;21m[38;2;19;13;21m█[0m[48;2;124;112;124m[38;2;124;112;124m#[0m[48;2;161;141;156m[38;2;161;141;156m+[0m[48;2;161;140;155m[38;2;161;140;155m+[0m[48;2;161;140;155m[38;2;161;140;155m+[0m[48;2;162;141;156m[38;2;162;141;156m+[0m[48;2;130;112;126m[38;2;130;112;126m#[0m[48;2;53;39;51m[38;2;53;39;51m▒[0m[48;2;113;99;112m[38;2;113;99;112m%[0m[48;2;52;39;50m[38;2;52;39;50m▒[0m[48;2;157;139;153m[38;2;157;139;153m*[0m[48;2;99;82;95m[38;2;99;82;95m@[0m[48;2;139;120;134m[38;2;139;120;134m#[0m[48;2;161;140;155m[38;2;161;140;155m+[0m[48;2;161;140;155m[38;2;161;140;155m+[0m[48;2;161;140;155m[38;2;161;140;155m+[0m[48;2;161;140;155m[38;2;161;140;155m+[0m[48;2;149;128;143m[38;2;149;128;143m*[0m[48;2;135;115;130m[38;2;135;115;130m#[0m[48;2;129;113;127m[38;2;129;113;127m#[0m[48;2;52;37;49m[38;2;52;37;49m▒[0m[48;2;154;135;149m[38;2;154;135;149m*[0m[48;2;159;140;154m[38;2;159;140;154m+[0m[48;2;160;141;155m[38;2;160;141;155m+[0m[48;2;95;82;92m[38;2;95;82;92m@[0m[48;2;13;6;17m[38;2;13;6;17m█[0m[48;2;38;31;56m[38;2;38;31;56m▓[0m[48;2;194;192;195m[38;2;194;192;195m-[0m                                     
                                          [48;2;95;94;95m[38;2;95;94;95m%[0m[48;2;12;9;12m[38;2;12;9;12m█[0m[48;2;91;82;90m[38;2;91;82;90m@[0m[48;2;55;46;54m[38;2;55;46;54m▒[0m[48;2;160;142;155m[38;2;160;142;155m+[0m[48;2;161;140;155m[38;2;161;140;155m+[0m[48;2;161;140;155m[38;2;161;140;155m+[0m[48;2;161;140;155m[38;2;161;140;155m+[0m[48;2;149;130;143m[38;2;149;130;143m*[0m[48;2;33;23;31m[38;2;33;23;31m▓[0m[48;2;57;51;57m[38;2;57;51;57m▒[0m[48;2;12;7;13m[38;2;12;7;13m█[0m[48;2;101;93;103m[38;2;101;93;103m%[0m[48;2;107;95;107m[38;2;107;95;107m%[0m[48;2;42;30;41m[38;2;42;30;41m▓[0m[48;2;130;115;128m[38;2;130;115;128m#[0m[48;2;158;140;154m[38;2;158;140;154m+[0m[48;2;160;141;155m[38;2;160;141;155m+[0m[48;2;161;140;155m[38;2;161;140;155m+[0m[48;2;160;140;155m[38;2;160;140;155m+[0m[48;2;110;93;107m[38;2;110;93;107m%[0m[48;2;66;51;64m[38;2;66;51;64m░[0m[48;2;155;140;153m[38;2;155;140;153m*[0m[48;2;55;43;54m[38;2;55;43;54m▒[0m[48;2;118;101;114m[38;2;118;101;114m%[0m[48;2;159;140;154m[38;2;159;140;154m+[0m[48;2;160;141;155m[38;2;160;141;155m+[0m[48;2;155;138;151m[38;2;155;138;151m*[0m[48;2;35;27;35m[38;2;35;27;35m▓[0m[48;2;23;19;32m[38;2;23;19;32m▓[0m[48;2;188;187;190m[38;2;188;187;190m-[0m                                     
                                          [48;2;50;49;51m[38;2;50;49;51m▒[0m[48;2;92;85;91m[38;2;92;85;91m@[0m[48;2;78;68;76m[38;2;78;68;76m░[0m[48;2;101;88;98m[38;2;101;88;98m%[0m[48;2;161;141;155m[38;2;161;141;155m+[0m[48;2;161;140;155m[38;2;161;140;155m+[0m[48;2;161;140;155m[38;2;161;140;155m+[0m[48;2;161;140;155m[38;2;161;140;155m+[0m[48;2;80;65;76m[38;2;80;65;76m░[0m[48;2;10;1;9m[38;2;10;1;9m█[0m[48;2;62;55;61m[38;2;62;55;61m░[0m[48;2;24;18;24m[38;2;24;18;24m▓[0m[48;2;89;83;90m[38;2;89;83;90m@[0m[48;2;26;20;26m[38;2;26;20;26m▓[0m[48;2;21;15;21m[38;2;21;15;21m█[0m[48;2;8;1;6m[38;2;8;1;6m█[0m[48;2;64;53;62m[38;2;64;53;62m░[0m[48;2;152;136;148m[38;2;152;136;148m*[0m[48;2;159;142;155m[38;2;159;142;155m+[0m[48;2;158;142;154m[38;2;158;142;154m+[0m[48;2;134;120;133m[38;2;134;120;133m#[0m[48;2;11;3;12m[38;2;11;3;12m█[0m[48;2;88;76;88m[38;2;88;76;88m@[0m[48;2;132;118;131m[38;2;132;118;131m#[0m[48;2;27;16;26m[38;2;27;16;26m▓[0m[48;2;101;87;99m[38;2;101;87;99m%[0m[48;2;152;137;150m[38;2;152;137;150m*[0m[48;2;134;119;132m[38;2;134;119;132m#[0m[48;2;124;111;123m[38;2;124;111;123m#[0m[48;2;40;36;42m[38;2;40;36;42m▒[0m[48;2;118;115;120m[38;2;118;115;120m#[0m[48;2;216;214;216m[38;2;216;214;216m:[0m                                    
                                         [48;2;235;235;235m[38;2;235;235;235m.[0m[48;2;29;26;29m[38;2;29;26;29m▓[0m[48;2;151;141;150m[38;2;151;141;150m*[0m[48;2;70;58;67m[38;2;70;58;67m░[0m[48;2;113;100;110m[38;2;113;100;110m%[0m[48;2;161;141;155m[38;2;161;141;155m+[0m[48;2;161;140;155m[38;2;161;140;155m+[0m[48;2;161;140;155m[38;2;161;140;155m+[0m[48;2;160;140;154m[38;2;160;140;154m+[0m[48;2;37;27;34m[38;2;37;27;34m▓[0m[48;2;81;74;77m[38;2;81;74;77m@[0m[48;2;214;207;208m[38;2;214;207;208m:[0m[48;2;70;64;67m[38;2;70;64;67m░[0m[48;2;53;29;109m[38;2;53;29;109m▒[0m[48;2;62;32;130m[38;2;62;32;130m▒[0m[48;2;35;14;78m[38;2;35;14;78m▓[0m[48;2;95;87;89m[38;2;95;87;89m@[0m[48;2;154;145;145m[38;2;154;145;145m+[0m[48;2;111;101;102m[38;2;111;101;102m%[0m[48;2;103;92;95m[38;2;103;92;95m%[0m[48;2;103;92;95m[38;2;103;92;95m%[0m[48;2;88;77;83m[38;2;88;77;83m@[0m[48;2;15;4;21m[38;2;15;4;21m█[0m[48;2;31;13;68m[38;2;31;13;68m▓[0m[48;2;45;27;77m[38;2;45;27;77m▒[0m[48;2;22;11;28m[38;2;22;11;28m█[0m[48;2;25;15;25m[38;2;25;15;25m▓[0m[48;2;21;12;22m[38;2;21;12;22m█[0m[48;2;21;13;22m[38;2;21;13;22m█[0m[48;2;30;22;31m[38;2;30;22;31m▓[0m[48;2;54;47;56m[38;2;54;47;56m▒[0m[48;2;48;43;49m[38;2;48;43;49m▒[0m[48;2;13;10;14m[38;2;13;10;14m█[0m[48;2;136;133;137m[38;2;136;133;137m*[0m                                   
                                         [48;2;182;182;182m[38;2;182;182;182m=[0m[48;2;61;55;60m[38;2;61;55;60m░[0m[48;2;158;143;154m[38;2;158;143;154m+[0m[48;2;90;77;86m[38;2;90;77;86m@[0m[48;2;88;76;85m[38;2;88;76;85m@[0m[48;2;160;141;155m[38;2;160;141;155m+[0m[48;2;161;140;155m[38;2;161;140;155m+[0m[48;2;161;140;155m[38;2;161;140;155m+[0m[48;2;158;137;152m[38;2;158;137;152m*[0m[48;2;33;24;30m[38;2;33;24;30m▓[0m[48;2;242;233;234m[38;2;242;233;234m.[0m[48;2;248;239;236m[38;2;248;239;236m [0m[48;2;46;38;40m[38;2;46;38;40m▒[0m[48;2;178;150;197m[38;2;178;150;197m+[0m[48;2;154;102;185m[38;2;154;102;185m#[0m[48;2;63;35;84m[38;2;63;35;84m▒[0m[48;2;162;150;148m[38;2;162;150;148m+[0m[48;2;251;237;232m[38;2;251;237;232m [0m[48;2;252;237;232m[38;2;252;237;232m [0m[48;2;250;235;230m[38;2;250;235;230m [0m[48;2;249;234;230m[38;2;249;234;230m [0m[48;2;190;177;176m[38;2;190;177;176m=[0m[48;2;33;16;45m[38;2;33;16;45m▓[0m[48;2;112;75;168m[38;2;112;75;168m%[0m[48;2;76;37;144m[38;2;76;37;144m░[0m[48;2;39;26;50m[38;2;39;26;50m▓[0m[48;2;219;210;212m[38;2;219;210;212m:[0m[48;2;58;51;55m[38;2;58;51;55m▒[0m[48;2;143;137;143m[38;2;143;137;143m*[0m[48;2;14;7;16m[38;2;14;7;16m█[0m[48;2;32;25;34m[38;2;32;25;34m▓[0m[48;2;130;125;131m[38;2;130;125;131m#[0m[48;2;237;234;238m[38;2;237;234;238m.[0m                                    
                                         [48;2;179;179;179m[38;2;179;179;179m=[0m[48;2;65;58;62m[38;2;65;58;62m░[0m[48;2;160;142;154m[38;2;160;142;154m+[0m[48;2;149;132;144m[38;2;149;132;144m*[0m[48;2;26;17;24m[38;2;26;17;24m▓[0m[48;2;131;116;127m[38;2;131;116;127m#[0m[48;2;160;141;155m[38;2;160;141;155m+[0m[48;2;161;140;155m[38;2;161;140;155m+[0m[48;2;160;140;154m[38;2;160;140;154m+[0m[48;2;38;28;35m[38;2;38;28;35m▓[0m[48;2;211;196;197m[38;2;211;196;197m-[0m[48;2;245;229;222m[38;2;245;229;222m.[0m[48;2;92;79;78m[38;2;92;79;78m@[0m[48;2;143;114;143m[38;2;143;114;143m#[0m[48;2;167;122;165m[38;2;167;122;165m*[0m[48;2;63;46;61m[38;2;63;46;61m▒[0m[48;2;238;225;220m[38;2;238;225;220m.[0m[48;2;250;235;226m[38;2;250;235;226m [0m[48;2;250;235;226m[38;2;250;235;226m [0m[48;2;250;235;226m[38;2;250;235;226m [0m[48;2;250;234;228m[38;2;250;234;228m [0m[48;2;218;204;203m[38;2;218;204;203m:[0m[48;2;51;36;48m[38;2;51;36;48m▒[0m[48;2;216;174;221m[38;2;216;174;221m-[0m[48;2;112;78;124m[38;2;112;78;124m%[0m[48;2;122;113;115m[38;2;122;113;115m#[0m[48;2;243;233;229m[38;2;243;233;229m.[0m[48;2;242;233;230m[38;2;242;233;230m.[0m[48;2;176;169;169m[38;2;176;169;169m=[0m[48;2;58;50;55m[38;2;58;50;55m▒[0m[48;2;69;59;66m[38;2;69;59;66m░[0m[48;2;78;73;77m[38;2;78;73;77m@[0m                                     
                                         [48;2;233;233;233m[38;2;233;233;233m.[0m[48;2;39;35;38m[38;2;39;35;38m▓[0m[48;2;112;100;109m[38;2;112;100;109m%[0m[48;2;81;69;77m[38;2;81;69;77m@[0m[48;2;13;4;11m[38;2;13;4;11m█[0m[48;2;13;6;12m[38;2;13;6;12m█[0m[48;2;76;66;75m[38;2;76;66;75m░[0m[48;2;129;113;125m[38;2;129;113;125m#[0m[48;2;155;137;150m[38;2;155;137;150m*[0m[48;2;107;95;104m[38;2;107;95;104m%[0m[48;2;81;68;72m[38;2;81;68;72m░[0m[48;2;239;225;221m[38;2;239;225;221m.[0m[48;2;234;221;217m[38;2;234;221;217m.[0m[48;2;149;137;135m[38;2;149;137;135m*[0m[48;2;147;135;134m[38;2;147;135;134m*[0m[48;2;230;216;212m[38;2;230;216;212m.[0m[48;2;250;235;227m[38;2;250;235;227m [0m[48;2;246;231;222m[38;2;246;231;222m.[0m[48;2;175;160;151m[38;2;175;160;151m+[0m[48;2;224;209;200m[38;2;224;209;200m:[0m[48;2;250;235;226m[38;2;250;235;226m [0m[48;2;250;234;229m[38;2;250;234;229m [0m[48;2;138;122;123m[38;2;138;122;123m#[0m[48;2;96;74;86m[38;2;96;74;86m@[0m[48;2;114;94;103m[38;2;114;94;103m%[0m[48;2;240;223;218m[38;2;240;223;218m.[0m[48;2;243;211;202m[38;2;243;211;202m.[0m[48;2;244;219;211m[38;2;244;219;211m.[0m[48;2;176;167;166m[38;2;176;167;166m=[0m[48;2;66;55;58m[38;2;66;55;58m░[0m[48;2;145;133;138m[38;2;145;133;138m*[0m[48;2;36;28;33m[38;2;36;28;33m▓[0m                                     
                                          [48;2;75;73;74m[38;2;75;73;74m@[0m[48;2;40;35;37m[38;2;40;35;37m▒[0m[48;2;121;115;116m[38;2;121;115;116m#[0m[48;2;230;219;216m[38;2;230;219;216m.[0m[48;2;176;167;165m[38;2;176;167;165m=[0m[48;2;13;10;11m[38;2;13;10;11m█[0m[48;2;4;1;5m[38;2;4;1;5m█[0m[48;2;20;14;20m[38;2;20;14;20m█[0m[48;2;92;83;90m[38;2;92;83;90m@[0m[48;2;72;63;68m[38;2;72;63;68m░[0m[48;2;81;70;73m[38;2;81;70;73m@[0m[48;2;181;168;165m[38;2;181;168;165m=[0m[48;2;248;235;229m[38;2;248;235;229m [0m[48;2;250;234;228m[38;2;250;234;228m [0m[48;2;250;234;228m[38;2;250;234;228m [0m[48;2;250;235;226m[38;2;250;235;226m [0m[48;2;249;234;225m[38;2;249;234;225m.[0m[48;2;199;184;175m[38;2;199;184;175m-[0m[48;2;226;211;203m[38;2;226;211;203m:[0m[48;2;250;235;226m[38;2;250;235;226m [0m[48;2;250;235;226m[38;2;250;235;226m [0m[48;2;250;235;226m[38;2;250;235;226m [0m[48;2;250;235;226m[38;2;250;235;226m [0m[48;2;250;234;226m[38;2;250;234;226m [0m[48;2;245;225;215m[38;2;245;225;215m.[0m[48;2;243;214;207m[38;2;243;214;207m.[0m[48;2;249;226;221m[38;2;249;226;221m.[0m[48;2;137;124;124m[38;2;137;124;124m#[0m[48;2;40;32;33m[38;2;40;32;33m▓[0m[48;2;36;29;31m[38;2;36;29;31m▓[0m[48;2;185;179;182m[38;2;185;179;182m=[0m                                     
                                         [48;2;167;167;167m[38;2;167;167;167m=[0m[48;2;87;87;87m[38;2;87;87;87m@[0m[48;2;193;191;192m[38;2;193;191;192m-[0m[48;2;82;79;79m[38;2;82;79;79m@[0m[48;2;117;111;109m[38;2;117;111;109m#[0m[48;2;224;217;216m[38;2;224;217;216m:[0m[48;2;114;106;108m[38;2;114;106;108m%[0m[48;2;86;79;83m[38;2;86;79;83m@[0m[48;2;14;8;12m[38;2;14;8;12m█[0m[48;2;77;69;71m[38;2;77;69;71m░[0m[48;2;212;202;204m[38;2;212;202;204m:[0m[48;2;247;236;236m[38;2;247;236;236m [0m[48;2;249;237;233m[38;2;249;237;233m [0m[48;2;249;235;231m[38;2;249;235;231m [0m[48;2;251;235;232m[38;2;251;235;232m [0m[48;2;250;234;229m[38;2;250;234;229m [0m[48;2;249;234;228m[38;2;249;234;228m [0m[48;2;250;235;227m[38;2;250;235;227m [0m[48;2;250;235;226m[38;2;250;235;226m [0m[48;2;250;235;226m[38;2;250;235;226m [0m[48;2;250;235;226m[38;2;250;235;226m [0m[48;2;250;235;226m[38;2;250;235;226m [0m[48;2;250;235;226m[38;2;250;235;226m [0m[48;2;250;235;227m[38;2;250;235;227m [0m[48;2;250;235;227m[38;2;250;235;227m [0m[48;2;252;236;231m[38;2;252;236;231m [0m[48;2;250;234;234m[38;2;250;234;234m [0m[48;2;185;170;174m[38;2;185;170;174m=[0m[48;2;45;36;42m[38;2;45;36;42m▒[0m[48;2;94;86;92m[38;2;94;86;92m@[0m[48;2;60;53;56m[38;2;60;53;56m░[0m                                      
                                         [48;2;119;119;119m[38;2;119;119;119m#[0m[48;2;117;117;117m[38;2;117;117;117m#[0m[48;2;203;203;203m[38;2;203;203;203m:[0m[48;2;145;143;143m[38;2;145;143;143m*[0m[48;2;5;2;3m[38;2;5;2;3m█[0m[48;2;13;9;10m[38;2;13;9;10m█[0m[48;2;34;30;32m[38;2;34;30;32m▓[0m[48;2;115;112;113m[38;2;115;112;113m#[0m[48;2;138;135;138m[38;2;138;135;138m*[0m[48;2;40;35;38m[38;2;40;35;38m▒[0m[48;2;52;48;49m[38;2;52;48;49m▒[0m[48;2;27;23;24m[38;2;27;23;24m▓[0m[48;2;50;46;45m[38;2;50;46;45m▒[0m[48;2;74;70;70m[38;2;74;70;70m░[0m[48;2;96;88;93m[38;2;96;88;93m@[0m[48;2;119;110;113m[38;2;119;110;113m#[0m[48;2;136;128;128m[38;2;136;128;128m*[0m[48;2;152;143;141m[38;2;152;143;141m*[0m[48;2;168;157;153m[38;2;168;157;153m+[0m[48;2;178;166;162m[38;2;178;166;162m=[0m[48;2;186;173;168m[38;2;186;173;168m=[0m[48;2;186;173;168m[38;2;186;173;168m=[0m[48;2;180;168;164m[38;2;180;168;164m=[0m[48;2;167;158;157m[38;2;167;158;157m+[0m[48;2;149;139;137m[38;2;149;139;137m*[0m[48;2;115;106;106m[38;2;115;106;106m%[0m[48;2;59;52;55m[38;2;59;52;55m▒[0m[48;2;20;15;19m[38;2;20;15;19m█[0m[48;2;14;9;14m[38;2;14;9;14m█[0m[48;2;30;25;31m[38;2;30;25;31m▓[0m[48;2;214;212;214m[38;2;214;212;214m:[0m                                      
                                       [48;2;163;162;163m[38;2;163;162;163m+[0m[48;2;70;67;69m[38;2;70;67;69m░[0m[48;2;47;42;47m[38;2;47;42;47m▒[0m[48;2;102;99;103m[38;2;102;99;103m%[0m[48;2;202;202;204m[38;2;202;202;204m:[0m[48;2;138;136;139m[38;2;138;136;139m*[0m[48;2;2;0;2m[38;2;2;0;2m█[0m[48;2;12;9;14m[38;2;12;9;14m█[0m[48;2;8;5;10m[38;2;8;5;10m█[0m[48;2;121;118;123m[38;2;121;118;123m#[0m [48;2;39;37;40m[38;2;39;37;40m▒[0m[48;2;8;7;9m[38;2;8;7;9m█[0m[48;2;14;12;18m[38;2;14;12;18m█[0m[48;2;4;2;8m[38;2;4;2;8m█[0m[48;2;3;2;7m[38;2;3;2;7m█[0m[48;2;18;16;23m[38;2;18;16;23m█[0m[48;2;31;29;37m[38;2;31;29;37m▓[0m[48;2;27;24;33m[38;2;27;24;33m▓[0m[48;2;24;20;29m[38;2;24;20;29m▓[0m[48;2;113;107;111m[38;2;113;107;111m%[0m[48;2;61;55;59m[38;2;61;55;59m░[0m[48;2;22;17;20m[38;2;22;17;20m▓[0m[48;2;62;58;61m[38;2;62;58;61m░[0m[48;2;71;67;70m[38;2;71;67;70m░[0m[48;2;12;9;14m[38;2;12;9;14m█[0m[48;2;8;5;10m[38;2;8;5;10m█[0m[48;2;6;3;9m[38;2;6;3;9m█[0m[48;2;33;29;41m[38;2;33;29;41m▓[0m[48;2;28;23;35m[38;2;28;23;35m▓[0m[48;2;7;4;8m[38;2;7;4;8m█[0m[48;2;55;52;56m[38;2;55;52;56m▒[0m                                       
                                     [48;2;226;225;226m[38;2;226;225;226m.[0m[48;2;77;73;77m[38;2;77;73;77m@[0m[48;2;93;84;92m[38;2;93;84;92m@[0m[48;2;153;137;148m[38;2;153;137;148m*[0m[48;2;141;124;135m[38;2;141;124;135m*[0m[48;2;43;35;44m[38;2;43;35;44m▒[0m[48;2;193;190;196m[38;2;193;190;196m-[0m[48;2;193;191;196m[38;2;193;191;196m-[0m[48;2;22;20;25m[38;2;22;20;25m▓[0m[48;2;12;9;14m[38;2;12;9;14m█[0m[48;2;16;13;19m[38;2;16;13;19m█[0m[48;2;207;204;210m[38;2;207;204;210m:[0m[48;2;229;226;232m[38;2;229;226;232m.[0m[48;2;23;21;26m[38;2;23;21;26m▓[0m[48;2;11;8;14m[38;2;11;8;14m█[0m[48;2;24;20;31m[38;2;24;20;31m▓[0m[48;2;26;23;36m[38;2;26;23;36m▓[0m[48;2;28;25;35m[38;2;28;25;35m▓[0m[48;2;22;20;27m[38;2;22;20;27m▓[0m[48;2;7;5;12m[38;2;7;5;12m█[0m[48;2;45;43;51m[38;2;45;43;51m▒[0m[48;2;17;15;21m[38;2;17;15;21m█[0m[48;2;7;4;9m[38;2;7;4;9m█[0m[48;2;58;54;58m[38;2;58;54;58m░[0m[48;2;179;176;180m[38;2;179;176;180m=[0m[48;2;77;74;78m[38;2;77;74;78m@[0m[48;2;45;43;46m[38;2;45;43;46m▒[0m[48;2;19;16;20m[38;2;19;16;20m█[0m[48;2;76;74;75m[38;2;76;74;75m@[0m[48;2;7;5;9m[38;2;7;5;9m█[0m[48;2;30;26;39m[38;2;30;26;39m▓[0m[48;2;22;18;31m[38;2;22;18;31m▓[0m[48;2;165;164;167m[38;2;165;164;167m=[0m                                        
                                    [48;2;236;236;236m[38;2;236;236;236m.[0m[48;2;49;47;49m[38;2;49;47;49m▒[0m[48;2;127;117;126m[38;2;127;117;126m#[0m[48;2;154;140;152m[38;2;154;140;152m*[0m[48;2;159;140;154m[38;2;159;140;154m+[0m[48;2;146;129;142m[38;2;146;129;142m*[0m[48;2;57;47;57m[38;2;57;47;57m▒[0m[48;2;55;50;57m[38;2;55;50;57m▒[0m[48;2;162;160;165m[38;2;162;160;165m+[0m[48;2;110;107;113m[38;2;110;107;113m%[0m[48;2;15;11;17m[38;2;15;11;17m█[0m[48;2;143;138;145m[38;2;143;138;145m*[0m[48;2;157;154;160m[38;2;157;154;160m+[0m[48;2;43;41;47m[38;2;43;41;47m▒[0m[48;2;25;21;30m[38;2;25;21;30m▓[0m[48;2;17;14;24m[38;2;17;14;24m█[0m[48;2;18;14;28m[38;2;18;14;28m█[0m[48;2;35;30;49m[38;2;35;30;49m▓[0m[48;2;37;31;50m[38;2;37;31;50m▓[0m[48;2;37;32;50m[38;2;37;32;50m▓[0m[48;2;25;20;38m[38;2;25;20;38m▓[0m[48;2;16;12;24m[38;2;16;12;24m█[0m[48;2;70;65;64m[38;2;70;65;64m░[0m[48;2;44;37;31m[38;2;44;37;31m▒[0m[48;2;16;9;11m[38;2;16;9;11m█[0m[48;2;4;0;2m[38;2;4;0;2m█[0m[48;2;9;3;5m[38;2;9;3;5m█[0m[48;2;77;70;68m[38;2;77;70;68m░[0m[48;2;36;32;31m[38;2;36;32;31m▓[0m[48;2;130;128;114m[38;2;130;128;114m#[0m[48;2;5;3;3m[38;2;5;3;3m█[0m[48;2;22;17;23m[38;2;22;17;23m▓[0m[48;2;179;176;182m[38;2;179;176;182m=[0m                                         
                                    [48;2;141;140;140m[38;2;141;140;140m*[0m[48;2;84;78;82m[38;2;84;78;82m@[0m[48;2;157;141;152m[38;2;157;141;152m+[0m[48;2;156;140;152m[38;2;156;140;152m*[0m[48;2;113;99;111m[38;2;113;99;111m%[0m[48;2;70;62;70m[38;2;70;62;70m░[0m[48;2;188;183;190m[38;2;188;183;190m-[0m[48;2;134;132;137m[38;2;134;132;137m*[0m[48;2;23;19;25m[38;2;23;19;25m▓[0m[48;2;59;52;62m[38;2;59;52;62m░[0m[48;2;43;36;45m[38;2;43;36;45m▒[0m[48;2;32;27;34m[38;2;32;27;34m▓[0m[48;2;8;6;12m[38;2;8;6;12m█[0m[48;2;15;12;23m[38;2;15;12;23m█[0m[48;2;17;13;27m[38;2;17;13;27m█[0m[48;2;24;20;36m[38;2;24;20;36m▓[0m[48;2;36;31;49m[38;2;36;31;49m▓[0m[48;2;36;31;51m[38;2;36;31;51m▓[0m[48;2;37;31;52m[38;2;37;31;52m▓[0m[48;2;37;31;52m[38;2;37;31;52m▓[0m[48;2;37;31;53m[38;2;37;31;53m▓[0m[48;2;26;21;39m[38;2;26;21;39m▓[0m[48;2;90;83;73m[38;2;90;83;73m@[0m[48;2;222;209;167m[38;2;222;209;167m:[0m[48;2;191;177;135m[38;2;191;177;135m=[0m[48;2;132;116;85m[38;2;132;116;85m#[0m[48;2;172;154;122m[38;2;172;154;122m+[0m[48;2;220;207;164m[38;2;220;207;164m:[0m[48;2;54;46;39m[38;2;54;46;39m▒[0m[48;2;46;40;37m[38;2;46;40;37m▒[0m[48;2;19;13;19m[38;2;19;13;19m█[0m[48;2;117;113;118m[38;2;117;113;118m#[0m                                          
                                    [48;2;135;134;134m[38;2;135;134;134m*[0m[48;2;88;82;86m[38;2;88;82;86m@[0m[48;2;159;141;153m[38;2;159;141;153m+[0m[48;2;152;136;149m[38;2;152;136;149m*[0m[48;2;41;30;40m[38;2;41;30;40m▓[0m[48;2;159;153;160m[38;2;159;153;160m+[0m[48;2;46;42;46m[38;2;46;42;46m▒[0m[48;2;77;70;77m[38;2;77;70;77m░[0m[48;2;145;135;144m[38;2;145;135;144m*[0m[48;2;158;140;154m[38;2;158;140;154m+[0m[48;2;155;140;153m[38;2;155;140;153m*[0m[48;2;151;140;151m[38;2;151;140;151m*[0m[48;2;26;22;29m[38;2;26;22;29m▓[0m[48;2;35;31;44m[38;2;35;31;44m▓[0m[48;2;37;31;50m[38;2;37;31;50m▓[0m[48;2;37;31;52m[38;2;37;31;52m▓[0m[48;2;37;31;52m[38;2;37;31;52m▓[0m[48;2;37;31;52m[38;2;37;31;52m▓[0m[48;2;36;31;50m[38;2;36;31;50m▓[0m[48;2;36;31;48m[38;2;36;31;48m▓[0m[48;2;29;24;40m[38;2;29;24;40m▓[0m[48;2;12;8;22m[38;2;12;8;22m█[0m[48;2;26;20;27m[38;2;26;20;27m▓[0m[48;2;87;77;73m[38;2;87;77;73m@[0m[48;2;154;143;119m[38;2;154;143;119m*[0m[48;2;205;192;157m[38;2;205;192;157m-[0m[48;2;187;174;140m[38;2;187;174;140m=[0m[48;2;86;72;60m[38;2;86;72;60m@[0m[48;2;18;10;13m[38;2;18;10;13m█[0m[48;2;5;1;5m[38;2;5;1;5m█[0m[48;2;22;19;25m[38;2;22;19;25m▓[0m[48;2;7;6;11m[38;2;7;6;11m█[0m[48;2;114;113;117m[38;2;114;113;117m#[0m[48;2;178;178;180m[38;2;178;178;180m=[0m[48;2;212;212;213m[38;2;212;212;213m:[0m                                       
                                    [48;2;233;233;233m[38;2;233;233;233m.[0m[48;2;62;58;61m[38;2;62;58;61m░[0m[48;2;112;101;109m[38;2;112;101;109m%[0m[48;2;153;141;151m[38;2;153;141;151m*[0m[48;2;72;61;70m[38;2;72;61;70m░[0m[48;2;17;9;15m[38;2;17;9;15m█[0m[48;2;54;45;50m[38;2;54;45;50m▒[0m[48;2;103;92;99m[38;2;103;92;99m%[0m[48;2;132;119;129m[38;2;132;119;129m#[0m[48;2;116;101;113m[38;2;116;101;113m%[0m[48;2;73;60;71m[38;2;73;60;71m░[0m[48;2;85;77;86m[38;2;85;77;86m@[0m[48;2;10;7;13m[38;2;10;7;13m█[0m[48;2;34;30;42m[38;2;34;30;42m▓[0m[48;2;37;32;50m[38;2;37;32;50m▓[0m[48;2;37;31;52m[38;2;37;31;52m▓[0m[48;2;37;31;52m[38;2;37;31;52m▓[0m[48;2;34;28;47m[38;2;34;28;47m▓[0m[48;2;14;11;22m[38;2;14;11;22m█[0m[48;2;8;6;12m[38;2;8;6;12m█[0m[48;2;17;15;21m[38;2;17;15;21m█[0m[48;2;50;48;53m[38;2;50;48;53m▒[0m[48;2;9;8;9m[38;2;9;8;9m█[0m[48;2;73;72;72m[38;2;73;72;72m░[0m[48;2;48;47;45m[38;2;48;47;45m▒[0m[48;2;26;23;22m[38;2;26;23;22m▓[0m[48;2;16;13;14m[38;2;16;13;14m█[0m[48;2;16;12;20m[38;2;16;12;20m█[0m[48;2;39;36;41m[38;2;39;36;41m▒[0m[48;2;6;5;8m[38;2;6;5;8m█[0m[48;2;35;34;37m[38;2;35;34;37m▓[0m[48;2;46;45;50m[38;2;46;45;50m▒[0m[48;2;36;35;40m[38;2;36;35;40m▓[0m[48;2;35;34;38m[38;2;35;34;38m▓[0m[48;2;28;27;30m[38;2;28;27;30m▓[0m                                       
                                      [48;2;127;127;127m[38;2;127;127;127m#[0m[48;2;35;33;35m[38;2;35;33;35m▓[0m[48;2;83;74;82m[38;2;83;74;82m@[0m[48;2;102;91;99m[38;2;102;91;99m%[0m[48;2;95;86;93m[38;2;95;86;93m@[0m[48;2;75;67;72m[38;2;75;67;72m░[0m[48;2;56;47;55m[38;2;56;47;55m▒[0m[48;2;25;18;25m[38;2;25;18;25m▓[0m[48;2;8;2;8m[38;2;8;2;8m█[0m[48;2;24;20;24m[38;2;24;20;24m▓[0m[48;2;12;9;13m[38;2;12;9;13m█[0m[48;2;9;6;15m[38;2;9;6;15m█[0m[48;2;24;19;32m[38;2;24;19;32m▓[0m[48;2;27;23;38m[38;2;27;23;38m▓[0m[48;2;26;22;37m[38;2;26;22;37m▓[0m[48;2;9;5;18m[38;2;9;5;18m█[0m[48;2;4;2;8m[38;2;4;2;8m█[0m[48;2;35;34;35m[38;2;35;34;35m▓[0m[48;2;59;58;59m[38;2;59;58;59m░[0m[48;2;9;8;11m[38;2;9;8;11m█[0m[48;2;15;13;17m[38;2;15;13;17m█[0m[48;2;102;101;104m[38;2;102;101;104m%[0m[48;2;102;101;102m[38;2;102;101;102m%[0m[48;2;85;85;86m[38;2;85;85;86m@[0m[48;2;76;76;76m[38;2;76;76;76m@[0m[48;2;69;67;77m[38;2;69;67;77m░[0m[48;2;20;16;31m[38;2;20;16;31m▓[0m[48;2;26;18;55m[38;2;26;18;55m▓[0m[48;2;11;8;22m[38;2;11;8;22m█[0m[48;2;26;24;33m[38;2;26;24;33m▓[0m[48;2;33;30;44m[38;2;33;30;44m▓[0m[48;2;32;27;45m[38;2;32;27;45m▓[0m[48;2;21;18;31m[38;2;21;18;31m▓[0m[48;2;57;55;63m[38;2;57;55;63m░[0m[48;2;173;172;174m[38;2;173;172;174m=[0m                                     
                                       [48;2;83;81;82m[38;2;83;81;82m@[0m[48;2;71;63;68m[38;2;71;63;68m░[0m[48;2;109;98;105m[38;2;109;98;105m%[0m[48;2;112;102;108m[38;2;112;102;108m%[0m[48;2;111;102;108m[38;2;111;102;108m%[0m[48;2;117;107;115m[38;2;117;107;115m#[0m[48;2;125;115;124m[38;2;125;115;124m#[0m[48;2;123;112;122m[38;2;123;112;122m#[0m[48;2;117;105;115m[38;2;117;105;115m#[0m[48;2;111;100;110m[38;2;111;100;110m%[0m[48;2;106;95;106m[38;2;106;95;106m%[0m[48;2;108;94;107m[38;2;108;94;107m%[0m[48;2;107;93;108m[38;2;107;93;108m%[0m[48;2;104;92;104m[38;2;104;92;104m%[0m[48;2;98;87;99m[38;2;98;87;99m%[0m[48;2;67;60;68m[38;2;67;60;68m░[0m[48;2;26;21;27m[38;2;26;21;27m▓[0m[48;2;12;9;16m[38;2;12;9;16m█[0m[48;2;27;22;36m[38;2;27;22;36m▓[0m[48;2;35;30;47m[38;2;35;30;47m▓[0m[48;2;30;26;38m[38;2;30;26;38m▓[0m[48;2;211;207;216m[38;2;211;207;216m:[0m [48;2;163;162;167m[38;2;163;162;167m+[0m[48;2;36;33;49m[38;2;36;33;49m▓[0m[48;2;38;30;59m[38;2;38;30;59m▓[0m[48;2;19;13;24m[38;2;19;13;24m█[0m[48;2;15;9;23m[38;2;15;9;23m█[0m[48;2;7;4;11m[38;2;7;4;11m█[0m[48;2;32;28;43m[38;2;32;28;43m▓[0m[48;2;36;30;51m[38;2;36;30;51m▓[0m[48;2;37;31;52m[38;2;37;31;52m▓[0m[48;2;35;30;49m[38;2;35;30;49m▓[0m[48;2;23;19;33m[38;2;23;19;33m▓[0m[48;2;55;53;61m[38;2;55;53;61m▒[0m[48;2;185;184;186m[38;2;185;184;186m-[0m                                   
                                        [48;2;183;182;183m[38;2;183;182;183m=[0m[48;2;119;117;118m[38;2;119;117;118m#[0m[48;2;91;86;90m[38;2;91;86;90m@[0m[48;2;87;80;86m[38;2;87;80;86m@[0m[48;2;91;83;90m[38;2;91;83;90m@[0m[48;2;77;68;76m[38;2;77;68;76m░[0m[48;2;75;65;74m[38;2;75;65;74m░[0m[48;2;75;66;75m[38;2;75;66;75m░[0m[48;2;74;65;74m[38;2;74;65;74m░[0m[48;2;70;61;72m[38;2;70;61;72m░[0m[48;2;66;56;69m[38;2;66;56;69m░[0m[48;2;54;45;58m[38;2;54;45;58m▒[0m[48;2;31;23;37m[38;2;31;23;37m▓[0m[48;2;22;16;29m[38;2;22;16;29m▓[0m[48;2;26;19;34m[38;2;26;19;34m▓[0m[48;2;33;27;44m[38;2;33;27;44m▓[0m[48;2;37;31;51m[38;2;37;31;51m▓[0m[48;2;37;31;52m[38;2;37;31;52m▓[0m[48;2;37;31;52m[38;2;37;31;52m▓[0m[48;2;30;25;42m[38;2;30;25;42m▓[0m[48;2;47;43;54m[38;2;47;43;54m▒[0m[48;2;224;221;228m[38;2;224;221;228m.[0m [48;2;234;234;235m[38;2;234;234;235m.[0m[48;2;167;166;167m[38;2;167;166;167m=[0m[48;2;51;48;56m[38;2;51;48;56m▒[0m[48;2;57;53;63m[38;2;57;53;63m░[0m[48;2;22;20;26m[38;2;22;20;26m▓[0m[48;2;9;6;20m[38;2;9;6;20m█[0m[48;2;31;27;43m[38;2;31;27;43m▓[0m[48;2;37;32;52m[38;2;37;32;52m▓[0m[48;2;37;31;52m[38;2;37;31;52m▓[0m[48;2;37;31;52m[38;2;37;31;52m▓[0m[48;2;35;30;49m[38;2;35;30;49m▓[0m[48;2;22;17;32m[38;2;22;17;32m▓[0m[48;2;87;85;93m[38;2;87;85;93m@[0m[48;2;232;232;234m[38;2;232;232;234m.[0m                                 
                                                [48;2;120;119;120m[38;2;120;119;120m#[0m[48;2;21;18;23m[38;2;21;18;23m▓[0m[48;2;37;32;48m[38;2;37;32;48m▓[0m[48;2;38;32;52m[38;2;38;32;52m▓[0m[48;2;37;31;52m[38;2;37;31;52m▓[0m[48;2;37;31;52m[38;2;37;31;52m▓[0m[48;2;37;31;52m[38;2;37;31;52m▓[0m[48;2;37;31;52m[38;2;37;31;52m▓[0m[48;2;37;31;52m[38;2;37;31;52m▓[0m[48;2;37;31;52m[38;2;37;31;52m▓[0m[48;2;37;31;52m[38;2;37;31;52m▓[0m[48;2;37;31;52m[38;2;37;31;52m▓[0m[48;2;27;22;39m[38;2;27;22;39m▓[0m[48;2;55;51;61m[38;2;55;51;61m▒[0m[48;2;224;223;226m[38;2;224;223;226m.[0m  [48;2;236;236;237m[38;2;236;236;237m.[0m[48;2;237;234;238m[38;2;237;234;238m.[0m[48;2;118;115;119m[38;2;118;115;119m#[0m[48;2;22;13;66m[38;2;22;13;66m▓[0m[48;2;12;6;46m[38;2;12;6;46m█[0m[48;2;31;26;46m[38;2;31;26;46m▓[0m[48;2;37;31;52m[38;2;37;31;52m▓[0m[48;2;37;31;52m[38;2;37;31;52m▓[0m[48;2;37;31;52m[38;2;37;31;52m▓[0m[48;2;37;31;51m[38;2;37;31;51m▓[0m[48;2;30;26;41m[38;2;30;26;41m▓[0m[48;2;41;38;45m[38;2;41;38;45m▒[0m[48;2;217;217;217m[38;2;217;217;217m:[0m                                