                                                                                                    
                                                                                                    
                                                                                                    
                                                                                                    
                                                                                                    
                                                                                                    
                                                                                                    
                                                                                                    
                                                                                                    
                                                                                                    
                                                                                                    
                                                 [48;2;232;232;232m[38;2;232;232;232m.[0m[48;2;215;215;215m[38;2;215;215;215m:[0m[48;2;205;205;205m[38;2;205;205;205m:[0m[48;2;206;206;206m[38;2;206;206;206m:[0m[48;2;217;217;218m[38;2;217;217;218m:[0m[48;2;240;240;240m[38;2;240;240;240m [0m                                             
                                             [48;2;211;211;211m[38;2;211;211;211m:[0m[48;2;111;110;114m[38;2;111;110;114m#[0m[48;2;60;59;65m[38;2;60;59;65m░[0m[48;2;32;31;39m[38;2;32;31;39m▓[0m[48;2;25;24;33m[38;2;25;24;33m▓[0m[48;2;28;27;38m[38;2;28;27;38m▓[0m[48;2;29;28;40m[38;2;29;28;40m▓[0m[48;2;28;28;39m[38;2;28;28;39m▓[0m[48;2;27;26;38m[38;2;27;26;38m▓[0m[48;2;24;23;34m[38;2;24;23;34m▓[0m[48;2;47;46;56m[38;2;47;46;56m▒[0m[48;2;94;92;100m[38;2;94;92;100m%[0m[48;2;161;161;163m[38;2;161;161;163m+[0m[48;2;239;239;240m[38;2;239;239;240m [0m                                         
                                            [48;2;131;131;133m[38;2;131;131;133m*[0m[48;2;26;24;32m[38;2;26;24;32m▓[0m[48;2;40;39;53m[38;2;40;39;53m▒[0m[48;2;42;43;59m[38;2;42;43;59m▒[0m[48;2;41;44;59m[38;2;41;44;59m▒[0m[48;2;41;44;59m[38;2;41;44;59m▒[0m[48;2;40;44;59m[38;2;40;44;59m▒[0m[48;2;40;44;59m[38;2;40;44;59m▒[0m[48;2;40;44;59m[38;2;40;44;59m▒[0m[48;2;40;44;59m[38;2;40;44;59m▒[0m[48;2;40;44;59m[38;2;40;44;59m▒[0m[48;2;41;43;59m[38;2;41;43;59m▒[0m[48;2;42;42;59m[38;2;42;42;59m▒[0m[48;2;33;32;47m[38;2;33;32;47m▓[0m[48;2;32;30;41m[38;2;32;30;41m▓[0m[48;2;121;119;125m[38;2;121;119;125m#[0m[48;2;208;207;209m[38;2;208;207;209m:[0m                                       
                                           [48;2;100;99;102m[38;2;100;99;102m%[0m[48;2;30;28;39m[38;2;30;28;39m▓[0m[48;2;43;43;58m[38;2;43;43;58m▒[0m[48;2;40;44;59m[38;2;40;44;59m▒[0m[48;2;40;44;59m[38;2;40;44;59m▒[0m[48;2;40;44;59m[38;2;40;44;59m▒[0m[48;2;40;44;59m[38;2;40;44;59m▒[0m[48;2;40;44;59m[38;2;40;44;59m▒[0m[48;2;40;44;59m[38;2;40;44;59m▒[0m[48;2;40;44;59m[38;2;40;44;59m▒[0m[48;2;40;44;59m[38;2;40;44;59m▒[0m[48;2;40;44;59m[38;2;40;44;59m▒[0m[48;2;40;44;59m[38;2;40;44;59m▒[0m[48;2;40;44;59m[38;2;40;44;59m▒[0m[48;2;41;43;59m[38;2;41;43;59m▒[0m[48;2;43;42;58m[38;2;43;42;58m▒[0m[48;2;56;52;64m[38;2;56;52;64m▒[0m[48;2;8;5;12m[38;2;8;5;12m█[0m[48;2;79;76;80m[38;2;79;76;80m@[0m[48;2;215;214;216m[38;2;215;214;216m:[0m                                     
                                         [48;2;163;163;164m[38;2;163;163;164m+[0m[48;2;12;11;15m[38;2;12;11;15m█[0m[48;2;27;26;34m[38;2;27;26;34m▓[0m[48;2;44;43;59m[38;2;44;43;59m▒[0m[48;2;42;43;58m[38;2;42;43;58m▒[0m[48;2;40;44;59m[38;2;40;44;59m▒[0m[48;2;40;44;59m[38;2;40;44;59m▒[0m[48;2;40;44;59m[38;2;40;44;59m▒[0m[48;2;40;44;59m[38;2;40;44;59m▒[0m[48;2;40;44;59m[38;2;40;44;59m▒[0m[48;2;40;44;59m[38;2;40;44;59m▒[0m[48;2;40;44;59m[38;2;40;44;59m▒[0m[48;2;40;44;59m[38;2;40;44;59m▒[0m[48;2;40;44;59m[38;2;40;44;59m▒[0m[48;2;40;44;59m[38;2;40;44;59m▒[0m[48;2;40;44;59m[38;2;40;44;59m▒[0m[48;2;41;43;59m[38;2;41;43;59m▒[0m[48;2;46;46;61m[38;2;46;46;61m▒[0m[48;2;78;74;85m[38;2;78;74;85m@[0m[48;2;16;12;22m[38;2;16;12;22m█[0m[48;2;115;105;116m[38;2;115;105;116m%[0m[48;2;59;50;58m[38;2;59;50;58m▒[0m[48;2;208;206;209m[38;2;208;206;209m:[0m                                    
                                         [48;2;30;29;31m[38;2;30;29;31m▓[0m[48;2;15;13;19m[38;2;15;13;19m█[0m[48;2;43;42;56m[38;2;43;42;56m▒[0m[48;2;41;43;59m[38;2;41;43;59m▒[0m[48;2;40;44;59m[38;2;40;44;59m▒[0m[48;2;40;44;59m[38;2;40;44;59m▒[0m[48;2;40;44;59m[38;2;40;44;59m▒[0m[48;2;40;44;59m[38;2;40;44;59m▒[0m[48;2;40;44;59m[38;2;40;44;59m▒[0m[48;2;40;44;59m[38;2;40;44;59m▒[0m[48;2;40;44;59m[38;2;40;44;59m▒[0m[48;2;40;44;59m[38;2;40;44;59m▒[0m[48;2;40;44;59m[38;2;40;44;59m▒[0m[48;2;40;44;59m[38;2;40;44;59m▒[0m[48;2;40;44;59m[38;2;40;44;59m▒[0m[48;2;40;44;59m[38;2;40;44;59m▒[0m[48;2;41;43;59m[38;2;41;43;59m▒[0m[48;2;60;59;75m[38;2;60;59;75m░[0m[48;2;47;44;57m[38;2;47;44;57m▒[0m[48;2;20;14;24m[38;2;20;14;24m█[0m[48;2;110;98;108m[38;2;110;98;108m%[0m[48;2;119;105;116m[38;2;119;105;116m#[0m[48;2;61;55;62m[38;2;61;55;62m░[0m                                    
                                       [48;2;233;232;234m[38;2;233;232;234m.[0m[48;2;65;63;67m[38;2;65;63;67m░[0m[48;2;28;25;31m[38;2;28;25;31m▓[0m[48;2;31;29;40m[38;2;31;29;40m▓[0m[48;2;42;43;58m[38;2;42;43;58m▒[0m[48;2;40;44;59m[38;2;40;44;59m▒[0m[48;2;40;44;59m[38;2;40;44;59m▒[0m[48;2;40;44;59m[38;2;40;44;59m▒[0m[48;2;40;44;59m[38;2;40;44;59m▒[0m[48;2;40;44;59m[38;2;40;44;59m▒[0m[48;2;40;44;59m[38;2;40;44;59m▒[0m[48;2;40;44;59m[38;2;40;44;59m▒[0m[48;2;40;44;59m[38;2;40;44;59m▒[0m[48;2;40;44;59m[38;2;40;44;59m▒[0m[48;2;40;44;59m[38;2;40;44;59m▒[0m[48;2;40;44;59m[38;2;40;44;59m▒[0m[48;2;40;44;59m[38;2;40;44;59m▒[0m[48;2;42;43;59m[38;2;42;43;59m▒[0m[48;2;62;61;78m[38;2;62;61;78m░[0m[48;2;63;60;76m[38;2;63;60;76m░[0m[48;2;24;20;32m[38;2;24;20;32m▓[0m[48;2;99;87;99m[38;2;99;87;99m%[0m[48;2;103;90;101m[38;2;103;90;101m%[0m[48;2;39;29;37m[38;2;39;29;37m▓[0m[48;2;72;65;73m[38;2;72;65;73m░[0m[48;2;178;176;179m[38;2;178;176;179m=[0m                                   
                                       [48;2;57;54;57m[38;2;57;54;57m░[0m[48;2;106;96;106m[38;2;106;96;106m%[0m[48;2;67;58;68m[38;2;67;58;68m░[0m[48;2;35;34;46m[38;2;35;34;46m▓[0m[48;2;41;43;59m[38;2;41;43;59m▒[0m[48;2;40;44;59m[38;2;40;44;59m▒[0m[48;2;40;44;59m[38;2;40;44;59m▒[0m[48;2;40;44;59m[38;2;40;44;59m▒[0m[48;2;40;44;59m[38;2;40;44;59m▒[0m[48;2;40;44;59m[38;2;40;44;59m▒[0m[48;2;40;44;59m[38;2;40;44;59m▒[0m[48;2;40;44;59m[38;2;40;44;59m▒[0m[48;2;40;44;59m[38;2;40;44;59m▒[0m[48;2;40;44;59m[38;2;40;44;59m▒[0m[48;2;40;44;59m[38;2;40;44;59m▒[0m[48;2;41;43;59m[38;2;41;43;59m▒[0m[48;2;47;47;61m[38;2;47;47;61m▒[0m[48;2;72;70;84m[38;2;72;70;84m░[0m[48;2;52;49;62m[38;2;52;49;62m▒[0m[48;2;33;27;39m[38;2;33;27;39m▓[0m[48;2;114;102;114m[38;2;114;102;114m%[0m[48;2;158;140;154m[38;2;158;140;154m+[0m[48;2;155;139;152m[38;2;155;139;152m*[0m[48;2;50;41;49m[38;2;50;41;49m▒[0m[48;2;81;75;84m[38;2;81;75;84m@[0m[48;2;128;127;129m[38;2;128;127;129m#[0m                                   
                                      [48;2;110;108;109m[38;2;110;108;109m%[0m[48;2;89;81;88m[38;2;89;81;88m@[0m[48;2;156;142;154m[38;2;156;142;154m+[0m[48;2;95;83;94m[38;2;95;83;94m@[0m[48;2;26;23;35m[38;2;26;23;35m▓[0m[48;2;42;43;59m[38;2;42;43;59m▒[0m[48;2;40;44;59m[38;2;40;44;59m▒[0m[48;2;40;44;59m[38;2;40;44;59m▒[0m[48;2;40;44;59m[38;2;40;44;59m▒[0m[48;2;40;44;59m[38;2;40;44;59m▒[0m[48;2;40;44;59m[38;2;40;44;59m▒[0m[48;2;40;44;59m[38;2;40;44;59m▒[0m[48;2;40;44;59m[38;2;40;44;59m▒[0m[48;2;40;44;59m[38;2;40;44;59m▒[0m[48;2;41;44;59m[38;2;41;44;59m▒[0m[48;2;50;50;64m[38;2;50;50;64m▒[0m[48;2;68;66;79m[38;2;68;66;79m░[0m[48;2;59;54;66m[38;2;59;54;66m░[0m[48;2;32;25;36m[38;2;32;25;36m▓[0m[48;2;83;73;83m[38;2;83;73;83m@[0m[48;2;149;135;147m[38;2;149;135;147m*[0m[48;2;160;140;155m[38;2;160;140;155m+[0m[48;2;161;140;155m[38;2;161;140;155m+[0m[48;2;161;140;155m[38;2;161;140;155m+[0m[48;2;79;68;78m[38;2;79;68;78m░[0m[48;2;34;30;35m[38;2;34;30;35m▓[0m[48;2;131;129;132m[38;2;131;129;132m*[0m                                   
                                     [48;2;214;213;213m[38;2;214;213;213m:[0m[48;2;48;42;47m[38;2;48;42;47m▒[0m[48;2;155;140;151m[38;2;155;140;151m*[0m[48;2;160;141;155m[38;2;160;141;155m+[0m[48;2;81;66;78m[38;2;81;66;78m░[0m[48;2;31;23;33m[38;2;31;23;33m▓[0m[48;2;33;30;44m[38;2;33;30;44m▓[0m[48;2;42;43;59m[38;2;42;43;59m▒[0m[48;2;41;43;59m[38;2;41;43;59m▒[0m[48;2;40;44;59m[38;2;40;44;59m▒[0m[48;2;40;44;59m[38;2;40;44;59m▒[0m[48;2;40;44;59m[38;2;40;44;59m▒[0m[48;2;44;45;60m[38;2;44;45;60m▒[0m[48;2;60;60;75m[38;2;60;60;75m░[0m[48;2;48;50;65m[38;2;48;50;65m▒[0m[48;2;59;58;72m[38;2;59;58;72m░[0m[48;2;46;40;52m[38;2;46;40;52m▒[0m[48;2;47;38;48m[38;2;47;38;48m▒[0m[48;2;97;84;96m[38;2;97;84;96m@[0m[48;2;151;134;147m[38;2;151;134;147m*[0m[48;2;161;140;155m[38;2;161;140;155m+[0m[48;2;161;140;155m[38;2;161;140;155m+[0m[48;2;161;140;155m[38;2;161;140;155m+[0m[48;2;161;140;155m[38;2;161;140;155m+[0m[48;2;161;140;155m[38;2;161;140;155m+[0m[48;2;91;80;89m[38;2;91;80;89m@[0m[48;2;15;12;16m[38;2;15;12;16m█[0m[48;2;196;194;196m[38;2;196;194;196m-[0m                                   
                                     [48;2;99;97;98m[38;2;99;97;98m%[0m[48;2;121;109;118m[38;2;121;109;118m#[0m[48;2;161;142;156m[38;2;161;142;156m+[0m[48;2;162;141;156m[38;2;162;141;156m+[0m[48;2;102;87;99m[38;2;102;87;99m%[0m[48;2;83;72;83m[38;2;83;72;83m@[0m[48;2;57;47;59m[38;2;57;47;59m▒[0m[48;2;26;22;35m[38;2;26;22;35m▓[0m[48;2;41;38;54m[38;2;41;38;54m▒[0m[48;2;43;42;58m[38;2;43;42;58m▒[0m[48;2;55;56;71m[38;2;55;56;71m░[0m[48;2;64;64;78m[38;2;64;64;78m░[0m[48;2;60;57;68m[38;2;60;57;68m░[0m[48;2;30;26;37m[38;2;30;26;37m▓[0m[48;2;47;39;49m[38;2;47;39;49m▒[0m[48;2;87;75;86m[38;2;87;75;86m@[0m[48;2;136;120;132m[38;2;136;120;132m#[0m[48;2;159;142;155m[38;2;159;142;155m+[0m[48;2;160;141;155m[38;2;160;141;155m+[0m[48;2;156;136;151m[38;2;156;136;151m*[0m[48;2;161;140;155m[38;2;161;140;155m+[0m[48;2;161;140;155m[38;2;161;140;155m+[0m[48;2;161;140;155m[38;2;161;140;155m+[0m[48;2;161;140;155m[38;2;161;140;155m+[0m[48;2;161;140;155m[38;2;161;140;155m+[0m[48;2;65;52;63m[38;2;65;52;63m░[0m[48;2;148;144;149m[38;2;148;144;149m*[0m[48;2;154;152;154m[38;2;154;152;154m+[0m[48;2;177;176;177m[38;2;177;176;177m=[0m[48;2;205;205;205m[38;2;205;205;205m:[0m                                 
                                     [48;2;40;35;40m[38;2;40;35;40m▒[0m[48;2;158;141;154m[38;2;158;141;154m+[0m[48;2;161;140;155m[38;2;161;140;155m+[0m[48;2;161;140;155m[38;2;161;140;155m+[0m[48;2;157;138;152m[38;2;157;138;152m*[0m[48;2;50;38;49m[38;2;50;38;49m▒[0m[48;2;104;90;103m[38;2;104;90;103m%[0m[48;2;100;87;100m[38;2;100;87;100m%[0m[48;2;83;74;85m[38;2;83;74;85m@[0m[48;2;70;62;74m[38;2;70;62;74m░[0m[48;2;30;23;34m[38;2;30;23;34m▓[0m[48;2;78;70;82m[38;2;78;70;82m@[0m[48;2;111;98;110m[38;2;111;98;110m%[0m[48;2;146;130;143m[38;2;146;130;143m*[0m[48;2;158;140;153m[38;2;158;140;153m+[0m[48;2;140;124;135m[38;2;140;124;135m*[0m[48;2;109;95;105m[38;2;109;95;105m%[0m[48;2;78;65;75m[38;2;78;65;75m░[0m[48;2;72;59;70m[38;2;72;59;70m░[0m[48;2;113;96;109m[38;2;113;96;109m%[0m[48;2;161;141;155m[38;2;161;141;155m+[0m[48;2;161;140;155m[38;2;161;140;155m+[0m[48;2;161;140;155m[38;2;161;140;155m+[0m[48;2;161;140;155m[38;2;161;140;155m+[0m[48;2;141;123;137m[38;2;141;123;137m*[0m[48;2;18;8;15m[38;2;18;8;15m█[0m[48;2;23;17;22m[38;2;23;17;22m▓[0m[48;2;197;194;198m[38;2;197;194;198m-[0m[48;2;67;64;68m[38;2;67;64;68m░[0m[48;2;39;36;40m[38;2;39;36;40m▒[0m[48;2;172;171;173m[38;2;172;171;173m=[0m                                
                                    [48;2;227;227;227m[38;2;227;227;227m.[0m[48;2;45;40;46m[38;2;45;40;46m▒[0m[48;2;160;141;155m[38;2;160;141;155m+[0m[48;2;161;140;155m[38;2;161;140;155m+[0m[48;2;161;140;155m[38;2;161;140;155m+[0m[48;2;161;140;155m[38;2;161;140;155m+[0m[48;2;146;129;142m[38;2;146;129;142m*[0m[48;2;43;32;42m[38;2;43;32;42m▓[0m[48;2;27;17;26m[38;2;27;17;26m▓[0m[48;2;103;95;102m[38;2;103;95;102m%[0m[48;2;31;23;32m[38;2;31;23;32m▓[0m[48;2;40;32;42m[38;2;40;32;42m▓[0m[48;2;84;77;87m[38;2;84;77;87m@[0m[48;2;77;68;79m[38;2;77;68;79m░[0m[48;2;74;64;74m[38;2;74;64;74m░[0m[48;2;76;63;74m[38;2;76;63;74m░[0m[48;2;94;80;92m[38;2;94;80;92m@[0m[48;2;127;110;123m[38;2;127;110;123m#[0m[48;2;155;137;151m[38;2;155;137;151m*[0m[48;2;160;141;155m[38;2;160;141;155m+[0m[48;2;161;140;155m[38;2;161;140;155m+[0m[48;2;161;140;155m[38;2;161;140;155m+[0m[48;2;161;140;155m[38;2;161;140;155m+[0m[48;2;161;140;155m[38;2;161;140;155m+[0m[48;2;160;140;155m[38;2;160;140;155m+[0m[48;2;58;46;55m[38;2;58;46;55m▒[0m[48;2;27;19;29m[38;2;27;19;29m▓[0m[48;2;20;14;24m[38;2;20;14;24m█[0m[48;2;173;170;174m[38;2;173;170;174m=[0m[48;2;224;221;225m[38;2;224;221;225m.[0m[48;2;42;40;43m[38;2;42;40;43m▒[0m                                 
                                    [48;2;233;233;233m[38;2;233;233;233m.[0m[48;2;45;40;44m[38;2;45;40;44m▒[0m[48;2;161;142;156m[38;2;161;142;156m+[0m[48;2;161;140;155m[38;2;161;140;155m+[0m[48;2;161;140;155m[38;2;161;140;155m+[0m[48;2;161;140;155m[38;2;161;140;155m+[0m[48;2;161;140;155m[38;2;161;140;155m+[0m[48;2;156;139;152m[38;2;156;139;152m*[0m[48;2;60;47;58m[38;2;60;47;58m▒[0m[48;2;8;2;9m[38;2;8;2;9m█[0m[48;2;11;5;12m[38;2;11;5;12m█[0m[48;2;31;24;32m[38;2;31;24;32m▓[0m[48;2;75;66;75m[38;2;75;66;75m░[0m[48;2;125;110;123m[38;2;125;110;123m#[0m[48;2;158;139;153m[38;2;158;139;153m*[0m[48;2;160;140;155m[38;2;160;140;155m+[0m[48;2;161;140;155m[38;2;161;140;155m+[0m[48;2;161;140;155m[38;2;161;140;155m+[0m[48;2;161;140;155m[38;2;161;140;155m+[0m[48;2;161;140;155m[38;2;161;140;155m+[0m[48;2;161;140;155m[38;2;161;140;155m+[0m[48;2;161;140;155m[38;2;161;140;155m+[0m[48;2;161;140;155m[38;2;161;140;155m+[0m[48;2;161;140;155m[38;2;161;140;155m+[0m[48;2;151;132;146m[38;2;151;132;146m*[0m[48;2;49;37;46m[38;2;49;37;46m▒[0m[48;2;23;18;27m[38;2;23;18;27m▓[0m[48;2;25;21;33m[38;2;25;21;33m▓[0m[48;2;117;113;119m[38;2;117;113;119m#[0m[48;2;202;200;204m[38;2;202;200;204m-[0m[48;2;54;51;55m[38;2;54;51;55m▒[0m[48;2;122;121;124m[38;2;122;121;124m#[0m[48;2;147;147;149m[38;2;147;147;149m+[0m[48;2;164;162;164m[38;2;164;162;164m+[0m[48;2;198;198;199m[38;2;198;198;199m-[0m[48;2;240;240;240m[38;2;240;240;240m [0m                            
                                    [48;2;185;185;185m[38;2;185;185;185m-[0m[48;2;15;11;15m[38;2;15;11;15m█[0m[48;2;144;126;139m[38;2;144;126;139m*[0m[48;2;161;140;155m[38;2;161;140;155m+[0m[48;2;161;140;155m[38;2;161;140;155m+[0m[48;2;161;140;155m[38;2;161;140;155m+[0m[48;2;161;140;155m[38;2;161;140;155m+[0m[48;2;161;141;155m[38;2;161;141;155m+[0m[48;2;55;44;53m[38;2;55;44;53m▒[0m[48;2;30;25;32m[38;2;30;25;32m▓[0m[48;2;6;3;9m[38;2;6;3;9m█[0m[48;2;17;13;21m[38;2;17;13;21m█[0m[48;2;19;15;22m[38;2;19;15;22m█[0m[48;2;49;40;50m[38;2;49;40;50m▒[0m[48;2;155;138;151m[38;2;155;138;151m*[0m[48;2;161;140;155m[38;2;161;140;155m+[0m[48;2;161;140;155m[38;2;161;140;155m+[0m[48;2;161;140;155m[38;2;161;140;155m+[0m[48;2;161;140;155m[38;2;161;140;155m+[0m[48;2;161;140;155m[38;2;161;140;155m+[0m[48;2;161;140;155m[38;2;161;140;155m+[0m[48;2;161;140;155m[38;2;161;140;155m+[0m[48;2;161;140;155m[38;2;161;140;155m+[0m[48;2;161;140;155m[38;2;161;140;155m+[0m[48;2;161;140;155m[38;2;161;140;155m+[0m[48;2;150;132;145m[38;2;150;132;145m*[0m[48;2;33;26;36m[38;2;33;26;36m▓[0m[48;2;20;16;25m[38;2;20;16;25m█[0m[48;2;103;101;105m[38;2;103;101;105m%[0m[48;2;152;149;151m[38;2;152;149;151m+[0m[48;2;43;41;43m[38;2;43;41;43m▒[0m[48;2;85;82;86m[38;2;85;82;86m@[0m[48;2;98;94;98m[38;2;98;94;98m%[0m[48;2;56;55;56m[38;2;56;55;56m░[0m[48;2;42;41;42m[38;2;42;41;42m▒[0m[48;2;65;61;64m[38;2;65;61;64m░[0m[48;2;88;83;87m[38;2;88;83;87m@[0m[48;2;149;146;149m[38;2;149;146;149m+[0m                          
                                     [48;2;200;199;200m[38;2;200;199;200m-[0m[48;2;56;49;54m[38;2;56;49;54m▒[0m[48;2;151;135;146m[38;2;151;135;146m*[0m[48;2;161;141;154m[38;2;161;141;154m+[0m[48;2;161;140;155m[38;2;161;140;155m+[0m[48;2;161;140;155m[38;2;161;140;155m+[0m[48;2;161;140;155m[38;2;161;140;155m+[0m[48;2;96;82;93m[38;2;96;82;93m@[0m[48;2;37;31;38m[38;2;37;31;38m▓[0m[48;2;10;7;13m[38;2;10;7;13m█[0m[48;2;12;9;15m[38;2;12;9;15m█[0m[48;2;19;15;23m[38;2;19;15;23m█[0m[48;2;12;7;15m[38;2;12;7;15m█[0m[48;2;74;61;72m[38;2;74;61;72m░[0m[48;2;161;140;155m[38;2;161;140;155m+[0m[48;2;161;140;155m[38;2;161;140;155m+[0m[48;2;161;140;155m[38;2;161;140;155m+[0m[48;2;161;140;155m[38;2;161;140;155m+[0m[48;2;161;140;155m[38;2;161;140;155m+[0m[48;2;161;140;155m[38;2;161;140;155m+[0m[48;2;161;140;155m[38;2;161;140;155m+[0m[48;2;161;140;155m[38;2;161;140;155m+[0m[48;2;161;140;155m[38;2;161;140;155m+[0m[48;2;161;140;155m[38;2;161;140;155m+[0m[48;2;160;140;154m[38;2;160;140;154m+[0m[48;2;145;128;141m[38;2;145;128;141m*[0m[48;2;58;48;58m[38;2;58;48;58m▒[0m[48;2;57;50;57m[38;2;57;50;57m▒[0m[48;2;35;29;34m[38;2;35;29;34m▓[0m[48;2;127;124;127m[38;2;127;124;127m#[0m[48;2;198;195;197m[38;2;198;195;197m-[0m[48;2;187;184;187m[38;2;187;184;187m-[0m[48;2;178;177;178m[38;2;178;177;178m=[0m[48;2;83;80;83m[38;2;83;80;83m@[0m[48;2;88;78;86m[38;2;88;78;86m@[0m[48;2;156;140;152m[38;2;156;140;152m*[0m[48;2;101;88;97m[38;2;101;88;97m%[0m[48;2;115;110;115m[38;2;115;110;115m#[0m                         
                                      [48;2;153;151;153m[38;2;153;151;153m+[0m[48;2;27;21;25m[38;2;27;21;25m▓[0m[48;2;106;93;103m[38;2;106;93;103m%[0m[48;2;158;139;153m[38;2;158;139;153m*[0m[48;2;161;140;155m[38;2;161;140;155m+[0m[48;2;161;140;155m[38;2;161;140;155m+[0m[48;2;161;140;155m[38;2;161;140;155m+[0m[48;2;156;139;150m[38;2;156;139;150m*[0m[48;2;58;48;57m[38;2;58;48;57m▒[0m[48;2;35;28;36m[38;2;35;28;36m▓[0m[48;2;21;15;22m[38;2;21;15;22m█[0m[48;2;77;70;78m[38;2;77;70;78m░[0m[48;2;71;61;70m[38;2;71;61;70m░[0m[48;2;78;64;75m[38;2;78;64;75m░[0m[48;2;110;94;107m[38;2;110;94;107m%[0m[48;2;147;128;142m[38;2;147;128;142m*[0m[48;2;161;140;155m[38;2;161;140;155m+[0m[48;2;161;140;155m[38;2;161;140;155m+[0m[48;2;161;140;155m[38;2;161;140;155m+[0m[48;2;161;140;155m[38;2;161;140;155m+[0m[48;2;161;140;155m[38;2;161;140;155m+[0m[48;2;161;140;155m[38;2;161;140;155m+[0m[48;2;161;140;155m[38;2;161;140;155m+[0m[48;2;161;140;155m[38;2;161;140;155m+[0m[48;2;161;140;155m[38;2;161;140;155m+[0m[48;2;160;141;155m[38;2;160;141;155m+[0m[48;2;150;133;146m[38;2;150;133;146m*[0m[48;2;130;117;127m[38;2;130;117;127m#[0m[48;2;116;104;114m[38;2;116;104;114m%[0m[48;2;103;94;102m[38;2;103;94;102m%[0m[48;2;108;100;108m[38;2;108;100;108m%[0m[48;2;110;101;109m[38;2;110;101;109m%[0m[48;2;134;121;132m[38;2;134;121;132m#[0m[48;2;153;136;149m[38;2;153;136;149m*[0m[48;2;136;118;131m[38;2;136;118;131m#[0m[48;2;84;69;80m[38;2;84;69;80m@[0m[48;2;38;29;37m[38;2;38;29;37m▓[0m[48;2;195;194;196m[38;2;195;194;196m-[0m                        
                                       [48;2;74;72;75m[38;2;74;72;75m░[0m[48;2;82;78;83m[38;2;82;78;83m@[0m[48;2;61;52;61m[38;2;61;52;61m░[0m[48;2;148;130;144m[38;2;148;130;144m*[0m[48;2;160;140;155m[38;2;160;140;155m+[0m[48;2;161;140;155m[38;2;161;140;155m+[0m[48;2;161;141;154m[38;2;161;141;154m+[0m[48;2;161;141;154m[38;2;161;141;154m+[0m[48;2;161;140;155m[38;2;161;140;155m+[0m[48;2;148;130;144m[38;2;148;130;144m*[0m[48;2;75;62;73m[38;2;75;62;73m░[0m[48;2;74;63;74m[38;2;74;63;74m░[0m[48;2;64;54;65m[38;2;64;54;65m░[0m[48;2;14;6;15m[38;2;14;6;15m█[0m[48;2;24;16;25m[38;2;24;16;25m▓[0m[48;2;111;96;108m[38;2;111;96;108m%[0m[48;2;161;140;155m[38;2;161;140;155m+[0m[48;2;124;105;119m[38;2;124;105;119m#[0m[48;2;154;134;148m[38;2;154;134;148m*[0m[48;2;161;140;155m[38;2;161;140;155m+[0m[48;2;161;140;155m[38;2;161;140;155m+[0m[48;2;152;135;148m[38;2;152;135;148m*[0m[48;2;157;139;152m[38;2;157;139;152m*[0m[48;2;161;141;155m[38;2;161;141;155m+[0m[48;2;161;140;155m[38;2;161;140;155m+[0m[48;2;161;140;155m[38;2;161;140;155m+[0m[48;2;161;140;155m[38;2;161;140;155m+[0m[48;2;137;118;132m[38;2;137;118;132m#[0m[48;2;87;73;85m[38;2;87;73;85m@[0m[48;2;79;67;77m[38;2;79;67;77m░[0m[48;2;79;67;76m[38;2;79;67;76m░[0m[48;2;80;67;79m[38;2;80;67;79m░[0m[48;2;85;72;84m[38;2;85;72;84m@[0m[48;2;101;88;100m[38;2;101;88;100m%[0m[48;2;128;114;126m[38;2;128;114;126m#[0m[48;2;105;92;103m[38;2;105;92;103m%[0m[48;2;104;97;103m[38;2;104;97;103m%[0m                        
                                        [48;2;146;145;146m[38;2;146;145;146m*[0m[48;2;121;119;121m[38;2;121;119;121m#[0m[48;2;65;59;66m[38;2;65;59;66m░[0m[48;2;94;82;93m[38;2;94;82;93m@[0m[48;2;152;135;149m[38;2;152;135;149m*[0m[48;2;161;140;155m[38;2;161;140;155m+[0m[48;2;161;140;155m[38;2;161;140;155m+[0m[48;2;161;140;155m[38;2;161;140;155m+[0m[48;2;161;140;155m[38;2;161;140;155m+[0m[48;2;161;140;155m[38;2;161;140;155m+[0m[48;2;151;132;146m[38;2;151;132;146m*[0m[48;2;128;110;124m[38;2;128;110;124m#[0m[48;2;120;103;116m[38;2;120;103;116m%[0m[48;2;156;138;152m[38;2;156;138;152m*[0m[48;2;160;141;155m[38;2;160;141;155m+[0m[48;2;161;140;155m[38;2;161;140;155m+[0m[48;2;128;109;123m[38;2;128;109;123m#[0m[48;2;75;60;71m[38;2;75;60;71m░[0m[48;2;75;62;72m[38;2;75;62;72m░[0m[48;2;81;67;79m[38;2;81;67;79m░[0m[48;2;46;35;44m[38;2;46;35;44m▒[0m[48;2;18;8;15m[38;2;18;8;15m█[0m[48;2;36;27;34m[38;2;36;27;34m▓[0m[48;2;46;37;45m[38;2;46;37;45m▒[0m[48;2;56;47;55m[38;2;56;47;55m▒[0m[48;2;69;58;67m[38;2;69;58;67m░[0m[48;2;77;63;73m[38;2;77;63;73m░[0m[48;2;77;64;76m[38;2;77;64;76m░[0m[48;2;79;66;77m[38;2;79;66;77m░[0m[48;2;79;67;78m[38;2;79;67;78m░[0m[48;2;72;61;72m[38;2;72;61;72m░[0m[48;2;58;50;59m[38;2;58;50;59m▒[0m[48;2;87;80;88m[38;2;87;80;88m@[0m[48;2;95;90;96m[38;2;95;90;96m%[0m[48;2;108;104;109m[38;2;108;104;109m%[0m[48;2;234;232;235m[38;2;234;232;235m.[0m                        
                                         [48;2;192;191;192m[38;2;192;191;192m-[0m[48;2;14;10;16m[38;2;14;10;16m█[0m[48;2;14;9;18m[38;2;14;9;18m█[0m[48;2;19;13;23m[38;2;19;13;23m█[0m[48;2;77;65;81m[38;2;77;65;81m░[0m[48;2;125;110;123m[38;2;125;110;123m#[0m[48;2;155;137;150m[38;2;155;137;150m*[0m[48;2;160;140;155m[38;2;160;140;155m+[0m[48;2;161;140;155m[38;2;161;140;155m+[0m[48;2;161;140;155m[38;2;161;140;155m+[0m[48;2;161;140;155m[38;2;161;140;155m+[0m[48;2;101;83;96m[38;2;101;83;96m@[0m[48;2;74;60;72m[38;2;74;60;72m░[0m[48;2;118;101;114m[38;2;118;101;114m%[0m[48;2;141;122;137m[38;2;141;122;137m*[0m[48;2;157;138;153m[38;2;157;138;153m*[0m[48;2;160;141;155m[38;2;160;141;155m+[0m[48;2;160;141;155m[38;2;160;141;155m+[0m[48;2;158;139;153m[38;2;158;139;153m*[0m[48;2;152;135;148m[38;2;152;135;148m*[0m[48;2;150;134;146m[38;2;150;134;146m*[0m[48;2;150;134;146m[38;2;150;134;146m*[0m[48;2;152;135;148m[38;2;152;135;148m*[0m[48;2;155;137;150m[38;2;155;137;150m*[0m[48;2;159;140;154m[38;2;159;140;154m+[0m[48;2;160;140;154m[38;2;160;140;154m+[0m[48;2;156;139;152m[38;2;156;139;152m*[0m[48;2;130;115;127m[38;2;130;115;127m#[0m[48;2;90;78;89m[38;2;90;78;89m@[0m[48;2;80;72;79m[38;2;80;72;79m@[0m[48;2;171;166;171m[38;2;171;166;171m=[0m                            
                                        [48;2;223;223;224m[38;2;223;223;224m.[0m[48;2;31;29;34m[38;2;31;29;34m▓[0m[48;2;34;30;42m[38;2;34;30;42m▓[0m[48;2;22;18;32m[38;2;22;18;32m▓[0m[48;2;8;4;20m[38;2;8;4;20m█[0m[48;2;84;69;138m[38;2;84;69;138m@[0m[48;2;70;58;110m[38;2;70;58;110m░[0m[48;2;37;26;75m[38;2;37;26;75m▓[0m[48;2;43;35;47m[38;2;43;35;47m▒[0m[48;2;74;63;84m[38;2;74;63;84m░[0m[48;2;97;85;100m[38;2;97;85;100m@[0m[48;2;118;105;118m[38;2;118;105;118m#[0m[48;2;139;123;136m[38;2;139;123;136m*[0m[48;2;144;131;143m[38;2;144;131;143m*[0m[48;2;106;93;105m[38;2;106;93;105m%[0m[48;2;60;50;60m[38;2;60;50;60m▒[0m[48;2;30;23;31m[38;2;30;23;31m▓[0m[48;2;29;22;30m[38;2;29;22;30m▓[0m[48;2;47;39;47m[38;2;47;39;47m▒[0m[48;2;61;53;61m[38;2;61;53;61m░[0m[48;2;72;62;71m[38;2;72;62;71m░[0m[48;2;76;66;75m[38;2;76;66;75m░[0m[48;2;80;69;77m[38;2;80;69;77m@[0m[48;2;78;67;77m[38;2;78;67;77m░[0m[48;2;71;61;70m[38;2;71;61;70m░[0m[48;2;56;47;55m[38;2;56;47;55m▒[0m[48;2;38;31;40m[38;2;38;31;40m▓[0m[48;2;83;77;86m[38;2;83;77;86m@[0m[48;2;154;150;156m[38;2;154;150;156m+[0m[48;2;218;216;219m[38;2;218;216;219m:[0m                              
                                        [48;2;72;71;74m[38;2;72;71;74m░[0m[48;2;28;26;37m[38;2;28;26;37m▓[0m[48;2;38;32;51m[38;2;38;32;51m▓[0m[48;2;37;32;50m[38;2;37;32;50m▓[0m[48;2;12;7;24m[38;2;12;7;24m█[0m[48;2;86;73;143m[38;2;86;73;143m@[0m[48;2;94;82;148m[38;2;94;82;148m%[0m[48;2;72;57;147m[38;2;72;57;147m░[0m[48;2;7;2;32m[38;2;7;2;32m█[0m[48;2;49;35;106m[38;2;49;35;106m▒[0m[48;2;69;55;140m[38;2;69;55;140m░[0m[48;2;54;38;128m[38;2;54;38;128m▒[0m[48;2;48;36;105m[38;2;48;36;105m▒[0m[48;2;38;25;103m[38;2;38;25;103m▒[0m[48;2;49;39;79m[38;2;49;39;79m▒[0m[48;2;33;22;54m[38;2;33;22;54m▓[0m[48;2;34;28;36m[38;2;34;28;36m▓[0m[48;2;36;30;38m[38;2;36;30;38m▓[0m[48;2;17;12;20m[38;2;17;12;20m█[0m[48;2;11;8;16m[38;2;11;8;16m█[0m[48;2;11;8;16m[38;2;11;8;16m█[0m[48;2;12;8;17m[38;2;12;8;17m█[0m[48;2;13;10;18m[38;2;13;10;18m█[0m[48;2;14;11;21m[38;2;14;11;21m█[0m[48;2;19;15;26m[38;2;19;15;26m█[0m[48;2;24;19;33m[38;2;24;19;33m▓[0m[48;2;28;23;39m[38;2;28;23;39m▓[0m[48;2;23;19;33m[38;2;23;19;33m▓[0m[48;2;41;37;48m[38;2;41;37;48m▒[0m[48;2;99;97;104m[38;2;99;97;104m%[0m[48;2;180;180;182m[38;2;180;180;182m=[0m                             
                                       [48;2;180;180;181m[38;2;180;180;181m=[0m[48;2;17;15;23m[38;2;17;15;23m█[0m[48;2;37;32;49m[38;2;37;32;49m▓[0m[48;2;37;31;52m[38;2;37;31;52m▓[0m[48;2;37;31;52m[38;2;37;31;52m▓[0m[48;2;13;9;25m[38;2;13;9;25m█[0m[48;2;75;65;127m[38;2;75;65;127m@[0m[48;2;88;74;154m[38;2;88;74;154m@[0m[48;2;85;71;155m[38;2;85;71;155m@[0m[48;2;19;9;70m[38;2;19;9;70m▓[0m[48;2;76;73;80m[38;2;76;73;80m@[0m[48;2;39;29;87m[38;2;39;29;87m▒[0m[48;2;80;67;157m[38;2;80;67;157m@[0m[48;2;75;63;161m[38;2;75;63;161m@[0m[48;2;77;64;161m[38;2;77;64;161m@[0m[48;2;69;53;160m[38;2;69;53;160m░[0m[48;2;41;34;80m[38;2;41;34;80m▒[0m[48;2;26;22;35m[38;2;26;22;35m▓[0m[48;2;35;31;43m[38;2;35;31;43m▓[0m[48;2;38;33;49m[38;2;38;33;49m▓[0m[48;2;37;32;50m[38;2;37;32;50m▓[0m[48;2;37;31;52m[38;2;37;31;52m▓[0m[48;2;37;31;52m[38;2;37;31;52m▓[0m[48;2;37;31;52m[38;2;37;31;52m▓[0m[48;2;37;31;52m[38;2;37;31;52m▓[0m[48;2;37;31;52m[38;2;37;31;52m▓[0m[48;2;37;31;52m[38;2;37;31;52m▓[0m[48;2;37;31;52m[38;2;37;31;52m▓[0m[48;2;37;31;52m[38;2;37;31;52m▓[0m[48;2;37;31;52m[38;2;37;31;52m▓[0m[48;2;35;30;49m[38;2;35;30;49m▓[0m[48;2;27;22;38m[38;2;27;22;38m▓[0m[48;2;38;35;45m[38;2;38;35;45m▒[0m[48;2;132;131;135m[38;2;132;131;135m*[0m[48;2;236;235;237m[38;2;236;235;237m.[0m                          
                                       [48;2;74;74;76m[38;2;74;74;76m@[0m[48;2;30;25;40m[38;2;30;25;40m▓[0m[48;2;37;31;52m[38;2;37;31;52m▓[0m[48;2;37;31;52m[38;2;37;31;52m▓[0m[48;2;37;31;52m[38;2;37;31;52m▓[0m[48;2;29;24;41m[38;2;29;24;41m▓[0m[48;2;25;20;37m[38;2;25;20;37m▓[0m[48;2;36;31;52m[38;2;36;31;52m▓[0m[48;2;43;36;67m[38;2;43;36;67m▒[0m[48;2;20;12;53m[38;2;20;12;53m▓[0m[48;2;109;105;114m[38;2;109;105;114m%[0m[48;2;164;161;167m[38;2;164;161;167m+[0m[48;2;43;36;66m[38;2;43;36;66m▒[0m[48;2;63;51;128m[38;2;63;51;128m░[0m[48;2;52;43;99m[38;2;52;43;99m▒[0m[48;2;73;69;83m[38;2;73;69;83m░[0m[48;2;132;129;137m[38;2;132;129;137m*[0m[48;2;45;41;49m[38;2;45;41;49m▒[0m[48;2;49;45;55m[38;2;49;45;55m▒[0m[48;2;62;57;71m[38;2;62;57;71m░[0m[48;2;53;47;66m[38;2;53;47;66m▒[0m[48;2;37;31;52m[38;2;37;31;52m▓[0m[48;2;37;31;52m[38;2;37;31;52m▓[0m[48;2;37;31;52m[38;2;37;31;52m▓[0m[48;2;37;31;52m[38;2;37;31;52m▓[0m[48;2;37;31;52m[38;2;37;31;52m▓[0m[48;2;37;31;52m[38;2;37;31;52m▓[0m[48;2;37;31;52m[38;2;37;31;52m▓[0m[48;2;37;31;52m[38;2;37;31;52m▓[0m[48;2;37;31;52m[38;2;37;31;52m▓[0m[48;2;37;31;52m[38;2;37;31;52m▓[0m[48;2;37;31;52m[38;2;37;31;52m▓[0m[48;2;37;31;52m[38;2;37;31;52m▓[0m[48;2;32;27;44m[38;2;32;27;44m▓[0m[48;2;32;28;40m[38;2;32;28;40m▓[0m[48;2;150;149;153m[38;2;150;149;153m+[0m                         
                                       [48;2;18;17;21m[38;2;18;17;21m█[0m[48;2;36;32;49m[38;2;36;32;49m▓[0m[48;2;37;31;52m[38;2;37;31;52m▓[0m[48;2;37;31;52m[38;2;37;31;52m▓[0m[48;2;37;31;52m[38;2;37;31;52m▓[0m[48;2;37;31;52m[38;2;37;31;52m▓[0m[48;2;37;32;52m[38;2;37;32;52m▓[0m[48;2;37;31;52m[38;2;37;31;52m▓[0m[48;2;67;62;79m[38;2;67;62;79m░[0m[48;2;24;21;29m[38;2;24;21;29m▓[0m[48;2;4;2;10m[38;2;4;2;10m█[0m[48;2;112;109;115m[38;2;112;109;115m#[0m[48;2;213;212;214m[38;2;213;212;214m:[0m[48;2;149;146;150m[38;2;149;146;150m+[0m[48;2;27;23;31m[38;2;27;23;31m▓[0m[48;2;116;114;120m[38;2;116;114;120m#[0m[48;2;218;215;220m[38;2;218;215;220m:[0m[48;2;243;240;244m[38;2;243;240;244m [0m[48;2;120;118;122m[38;2;120;118;122m#[0m[48;2;34;30;38m[38;2;34;30;38m▓[0m[48;2;34;31;39m[38;2;34;31;39m▓[0m[48;2;55;51;63m[38;2;55;51;63m▒[0m[48;2;62;58;73m[38;2;62;58;73m░[0m[48;2;47;41;60m[38;2;47;41;60m▒[0m[48;2;37;31;52m[38;2;37;31;52m▓[0m[48;2;37;31;52m[38;2;37;31;52m▓[0m[48;2;37;31;52m[38;2;37;31;52m▓[0m[48;2;37;31;52m[38;2;37;31;52m▓[0m[48;2;37;31;52m[38;2;37;31;52m▓[0m[48;2;37;31;52m[38;2;37;31;52m▓[0m[48;2;37;31;52m[38;2;37;31;52m▓[0m[48;2;37;31;52m[38;2;37;31;52m▓[0m[48;2;37;31;52m[38;2;37;31;52m▓[0m[48;2;37;31;52m[38;2;37;31;52m▓[0m[48;2;37;31;52m[38;2;37;31;52m▓[0m[48;2;24;20;34m[38;2;24;20;34m▓[0m[48;2;89;87;92m[38;2;89;87;92m@[0m                        