                                                                                                    
                                                                                                    
                                                                                                    
                                                                                                    
                                                                                                    
                                                                                                    
                                                                                                    
                                                                                                    
                                                                                                    
                                                                                                    
                                                                                                    
                                             [48;2;231;231;232m[38;2;231;231;232m.[0m[48;2;217;217;217m[38;2;217;217;217m:[0m[48;2;214;214;214m[38;2;214;214;214m:[0m[48;2;221;221;221m[38;2;221;221;221m.[0m[48;2;238;238;238m[38;2;238;238;238m [0m                                                  
                                          [48;2;162;162;163m[38;2;162;162;163m+[0m[48;2;84;83;87m[38;2;84;83;87m@[0m[48;2;32;30;38m[38;2;32;30;38m▓[0m[48;2;26;24;34m[38;2;26;24;34m▓[0m[48;2;28;26;38m[38;2;28;26;38m▓[0m[48;2;30;28;39m[38;2;30;28;39m▓[0m[48;2;29;27;38m[38;2;29;27;38m▓[0m[48;2;25;23;34m[38;2;25;23;34m▓[0m[48;2;31;29;39m[38;2;31;29;39m▓[0m[48;2;53;52;60m[38;2;53;52;60m▒[0m[48;2;81;80;86m[38;2;81;80;86m@[0m[48;2;121;120;125m[38;2;121;120;125m#[0m[48;2;175;174;177m[38;2;175;174;177m=[0m[48;2;237;237;238m[38;2;237;237;238m.[0m                                            
                                         [48;2;122;122;124m[38;2;122;122;124m#[0m[48;2;16;14;23m[38;2;16;14;23m█[0m[48;2;40;38;52m[38;2;40;38;52m▒[0m[48;2;44;42;60m[38;2;44;42;60m▒[0m[48;2;42;43;59m[38;2;42;43;59m▒[0m[48;2;41;43;59m[38;2;41;43;59m▒[0m[48;2;41;44;59m[38;2;41;44;59m▒[0m[48;2;41;44;59m[38;2;41;44;59m▒[0m[48;2;41;43;59m[38;2;41;43;59m▒[0m[48;2;40;44;59m[38;2;40;44;59m▒[0m[48;2;41;43;59m[38;2;41;43;59m▒[0m[48;2;42;43;59m[38;2;42;43;59m▒[0m[48;2;40;41;57m[38;2;40;41;57m▒[0m[48;2;31;31;46m[38;2;31;31;46m▓[0m[48;2;27;25;37m[38;2;27;25;37m▓[0m[48;2;87;85;92m[38;2;87;85;92m@[0m[48;2;193;192;196m[38;2;193;192;196m-[0m                                          
                                        [48;2;174;173;176m[38;2;174;173;176m=[0m[48;2;30;29;36m[38;2;30;29;36m▓[0m[48;2;44;42;58m[38;2;44;42;58m▒[0m[48;2;42;43;59m[38;2;42;43;59m▒[0m[48;2;41;43;59m[38;2;41;43;59m▒[0m[48;2;40;44;59m[38;2;40;44;59m▒[0m[48;2;40;44;59m[38;2;40;44;59m▒[0m[48;2;40;44;59m[38;2;40;44;59m▒[0m[48;2;40;44;59m[38;2;40;44;59m▒[0m[48;2;40;44;59m[38;2;40;44;59m▒[0m[48;2;40;44;59m[38;2;40;44;59m▒[0m[48;2;40;44;59m[38;2;40;44;59m▒[0m[48;2;40;44;59m[38;2;40;44;59m▒[0m[48;2;40;44;59m[38;2;40;44;59m▒[0m[48;2;40;44;59m[38;2;40;44;59m▒[0m[48;2;42;43;59m[38;2;42;43;59m▒[0m[48;2;41;39;55m[38;2;41;39;55m▒[0m[48;2;26;24;36m[38;2;26;24;36m▓[0m[48;2;98;96;103m[38;2;98;96;103m%[0m[48;2;239;238;239m[38;2;239;238;239m [0m                                        
                                       [48;2;115;114;116m[38;2;115;114;116m#[0m[48;2;16;15;19m[38;2;16;15;19m█[0m[48;2;66;64;74m[38;2;66;64;74m░[0m[48;2;42;43;58m[38;2;42;43;58m▒[0m[48;2;40;44;59m[38;2;40;44;59m▒[0m[48;2;40;44;59m[38;2;40;44;59m▒[0m[48;2;40;44;59m[38;2;40;44;59m▒[0m[48;2;40;44;59m[38;2;40;44;59m▒[0m[48;2;40;44;59m[38;2;40;44;59m▒[0m[48;2;40;44;59m[38;2;40;44;59m▒[0m[48;2;40;44;59m[38;2;40;44;59m▒[0m[48;2;40;44;59m[38;2;40;44;59m▒[0m[48;2;40;44;59m[38;2;40;44;59m▒[0m[48;2;40;44;59m[38;2;40;44;59m▒[0m[48;2;40;44;59m[38;2;40;44;59m▒[0m[48;2;40;44;59m[38;2;40;44;59m▒[0m[48;2;40;44;59m[38;2;40;44;59m▒[0m[48;2;40;44;59m[38;2;40;44;59m▒[0m[48;2;42;43;59m[38;2;42;43;59m▒[0m[48;2;35;33;47m[38;2;35;33;47m▓[0m[48;2;58;57;63m[38;2;58;57;63m░[0m[48;2;229;228;229m[38;2;229;228;229m.[0m                                       
                                     [48;2;230;230;230m[38;2;230;230;230m.[0m[48;2;71;69;73m[38;2;71;69;73m░[0m[48;2;103;97;104m[38;2;103;97;104m%[0m[48;2;21;17;22m[38;2;21;17;22m▓[0m[48;2;74;72;81m[38;2;74;72;81m@[0m[48;2;41;43;59m[38;2;41;43;59m▒[0m[48;2;40;44;59m[38;2;40;44;59m▒[0m[48;2;40;44;59m[38;2;40;44;59m▒[0m[48;2;40;44;59m[38;2;40;44;59m▒[0m[48;2;40;44;59m[38;2;40;44;59m▒[0m[48;2;40;44;59m[38;2;40;44;59m▒[0m[48;2;40;44;59m[38;2;40;44;59m▒[0m[48;2;40;44;59m[38;2;40;44;59m▒[0m[48;2;40;44;59m[38;2;40;44;59m▒[0m[48;2;40;44;59m[38;2;40;44;59m▒[0m[48;2;40;44;59m[38;2;40;44;59m▒[0m[48;2;40;44;59m[38;2;40;44;59m▒[0m[48;2;40;44;59m[38;2;40;44;59m▒[0m[48;2;40;44;59m[38;2;40;44;59m▒[0m[48;2;40;44;59m[38;2;40;44;59m▒[0m[48;2;40;44;59m[38;2;40;44;59m▒[0m[48;2;40;44;59m[38;2;40;44;59m▒[0m[48;2;35;36;50m[38;2;35;36;50m▒[0m[48;2;53;52;58m[38;2;53;52;58m▒[0m[48;2;237;237;238m[38;2;237;237;238m.[0m                                      
                                    [48;2;240;240;240m[38;2;240;240;240m [0m[48;2;57;56;59m[38;2;57;56;59m░[0m[48;2;64;59;65m[38;2;64;59;65m░[0m[48;2;95;88;96m[38;2;95;88;96m@[0m[48;2;17;11;18m[38;2;17;11;18m█[0m[48;2;80;75;84m[38;2;80;75;84m@[0m[48;2;42;44;59m[38;2;42;44;59m▒[0m[48;2;40;44;59m[38;2;40;44;59m▒[0m[48;2;40;44;59m[38;2;40;44;59m▒[0m[48;2;40;44;59m[38;2;40;44;59m▒[0m[48;2;40;44;59m[38;2;40;44;59m▒[0m[48;2;40;44;59m[38;2;40;44;59m▒[0m[48;2;40;44;59m[38;2;40;44;59m▒[0m[48;2;40;44;59m[38;2;40;44;59m▒[0m[48;2;40;44;59m[38;2;40;44;59m▒[0m[48;2;40;44;59m[38;2;40;44;59m▒[0m[48;2;40;44;59m[38;2;40;44;59m▒[0m[48;2;40;44;59m[38;2;40;44;59m▒[0m[48;2;40;44;59m[38;2;40;44;59m▒[0m[48;2;40;44;59m[38;2;40;44;59m▒[0m[48;2;40;44;59m[38;2;40;44;59m▒[0m[48;2;40;44;59m[38;2;40;44;59m▒[0m[48;2;40;44;59m[38;2;40;44;59m▒[0m[48;2;40;44;59m[38;2;40;44;59m▒[0m[48;2;33;30;42m[38;2;33;30;42m▓[0m[48;2;104;103;105m[38;2;104;103;105m%[0m                                      
                                    [48;2;130;130;130m[38;2;130;130;130m*[0m[48;2;51;45;50m[38;2;51;45;50m▒[0m[48;2;17;10;26m[38;2;17;10;26m█[0m[48;2;56;40;88m[38;2;56;40;88m▒[0m[48;2;55;41;80m[38;2;55;41;80m▒[0m[48;2;36;26;50m[38;2;36;26;50m▓[0m[48;2;45;44;59m[38;2;45;44;59m▒[0m[48;2;41;43;59m[38;2;41;43;59m▒[0m[48;2;40;44;59m[38;2;40;44;59m▒[0m[48;2;40;44;59m[38;2;40;44;59m▒[0m[48;2;40;44;59m[38;2;40;44;59m▒[0m[48;2;40;44;59m[38;2;40;44;59m▒[0m[48;2;40;44;59m[38;2;40;44;59m▒[0m[48;2;40;44;59m[38;2;40;44;59m▒[0m[48;2;40;44;59m[38;2;40;44;59m▒[0m[48;2;40;44;59m[38;2;40;44;59m▒[0m[48;2;40;44;59m[38;2;40;44;59m▒[0m[48;2;40;44;59m[38;2;40;44;59m▒[0m[48;2;40;44;59m[38;2;40;44;59m▒[0m[48;2;40;44;59m[38;2;40;44;59m▒[0m[48;2;40;44;59m[38;2;40;44;59m▒[0m[48;2;40;44;59m[38;2;40;44;59m▒[0m[48;2;40;44;59m[38;2;40;44;59m▒[0m[48;2;40;44;59m[38;2;40;44;59m▒[0m[48;2;41;42;56m[38;2;41;42;56m▒[0m[48;2;30;28;34m[38;2;30;28;34m▓[0m                                      
                                    [48;2;50;48;50m[38;2;50;48;50m▒[0m[48;2;39;31;38m[38;2;39;31;38m▓[0m[48;2;39;29;51m[38;2;39;29;51m▓[0m[48;2;72;56;111m[38;2;72;56;111m░[0m[48;2;54;39;82m[38;2;54;39;82m▒[0m[48;2;19;11;25m[38;2;19;11;25m█[0m[48;2;65;61;71m[38;2;65;61;71m░[0m[48;2;46;46;60m[38;2;46;46;60m▒[0m[48;2;40;44;59m[38;2;40;44;59m▒[0m[48;2;40;44;59m[38;2;40;44;59m▒[0m[48;2;40;44;59m[38;2;40;44;59m▒[0m[48;2;40;44;59m[38;2;40;44;59m▒[0m[48;2;40;44;59m[38;2;40;44;59m▒[0m[48;2;40;44;59m[38;2;40;44;59m▒[0m[48;2;40;44;59m[38;2;40;44;59m▒[0m[48;2;40;44;59m[38;2;40;44;59m▒[0m[48;2;40;44;59m[38;2;40;44;59m▒[0m[48;2;40;44;59m[38;2;40;44;59m▒[0m[48;2;40;44;59m[38;2;40;44;59m▒[0m[48;2;40;44;59m[38;2;40;44;59m▒[0m[48;2;40;44;59m[38;2;40;44;59m▒[0m[48;2;40;44;59m[38;2;40;44;59m▒[0m[48;2;40;44;59m[38;2;40;44;59m▒[0m[48;2;41;43;59m[38;2;41;43;59m▒[0m[48;2;35;36;51m[38;2;35;36;51m▒[0m[48;2;73;72;76m[38;2;73;72;76m░[0m                                      
                                    [48;2;40;38;40m[38;2;40;38;40m▒[0m[48;2;26;20;24m[38;2;26;20;24m▓[0m[48;2;22;16;22m[38;2;22;16;22m▓[0m[48;2;68;58;68m[38;2;68;58;68m░[0m[48;2;73;62;73m[38;2;73;62;73m░[0m[48;2;77;68;76m[38;2;77;68;76m░[0m[48;2;30;21;30m[38;2;30;21;30m▓[0m[48;2;77;70;82m[38;2;77;70;82m@[0m[48;2;51;48;65m[38;2;51;48;65m▒[0m[48;2;41;43;59m[38;2;41;43;59m▒[0m[48;2;40;44;59m[38;2;40;44;59m▒[0m[48;2;40;44;59m[38;2;40;44;59m▒[0m[48;2;40;44;59m[38;2;40;44;59m▒[0m[48;2;40;44;59m[38;2;40;44;59m▒[0m[48;2;40;44;59m[38;2;40;44;59m▒[0m[48;2;40;44;59m[38;2;40;44;59m▒[0m[48;2;40;44;59m[38;2;40;44;59m▒[0m[48;2;40;44;59m[38;2;40;44;59m▒[0m[48;2;40;44;59m[38;2;40;44;59m▒[0m[48;2;40;44;59m[38;2;40;44;59m▒[0m[48;2;40;44;59m[38;2;40;44;59m▒[0m[48;2;41;43;59m[38;2;41;43;59m▒[0m[48;2;42;42;58m[38;2;42;42;58m▒[0m[48;2;34;32;47m[38;2;34;32;47m▓[0m[48;2;18;16;28m[38;2;18;16;28m█[0m[48;2;118;116;120m[38;2;118;116;120m#[0m                                      
                                    [48;2;152;151;152m[38;2;152;151;152m+[0m[48;2;95;93;94m[38;2;95;93;94m%[0m[48;2;54;48;51m[38;2;54;48;51m▒[0m[48;2;150;136;146m[38;2;150;136;146m*[0m[48;2;97;83;93m[38;2;97;83;93m@[0m[48;2;66;55;64m[38;2;66;55;64m░[0m[48;2;132;118;128m[38;2;132;118;128m#[0m[48;2;54;43;54m[38;2;54;43;54m▒[0m[48;2;54;45;58m[38;2;54;45;58m▒[0m[48;2;69;61;76m[38;2;69;61;76m░[0m[48;2;47;45;60m[38;2;47;45;60m▒[0m[48;2;41;44;59m[38;2;41;44;59m▒[0m[48;2;40;44;59m[38;2;40;44;59m▒[0m[48;2;40;44;59m[38;2;40;44;59m▒[0m[48;2;40;44;59m[38;2;40;44;59m▒[0m[48;2;40;44;59m[38;2;40;44;59m▒[0m[48;2;40;44;59m[38;2;40;44;59m▒[0m[48;2;40;44;59m[38;2;40;44;59m▒[0m[48;2;40;44;59m[38;2;40;44;59m▒[0m[48;2;40;44;59m[38;2;40;44;59m▒[0m[48;2;40;43;58m[38;2;40;43;58m▒[0m[48;2;32;32;47m[38;2;32;32;47m▓[0m[48;2;28;25;39m[38;2;28;25;39m▓[0m[48;2;11;7;20m[38;2;11;7;20m█[0m[48;2;93;87;98m[38;2;93;87;98m@[0m[48;2;72;67;74m[38;2;72;67;74m░[0m                                      
                                    [48;2;192;191;192m[38;2;192;191;192m-[0m[48;2;103;99;100m[38;2;103;99;100m%[0m[48;2;169;160;162m[38;2;169;160;162m+[0m[48;2;71;58;66m[38;2;71;58;66m░[0m[48;2;154;139;149m[38;2;154;139;149m*[0m[48;2;56;45;54m[38;2;56;45;54m▒[0m[48;2;119;105;115m[38;2;119;105;115m#[0m[48;2;159;141;154m[38;2;159;141;154m+[0m[48;2;129;112;125m[38;2;129;112;125m#[0m[48;2;80;67;79m[38;2;80;67;79m░[0m[48;2;59;47;59m[38;2;59;47;59m▒[0m[48;2;40;31;44m[38;2;40;31;44m▓[0m[48;2;34;29;43m[38;2;34;29;43m▓[0m[48;2;35;34;48m[38;2;35;34;48m▓[0m[48;2;35;36;51m[38;2;35;36;51m▒[0m[48;2;35;37;52m[38;2;35;37;52m▒[0m[48;2;36;35;51m[38;2;36;35;51m▒[0m[48;2;33;32;47m[38;2;33;32;47m▓[0m[48;2;26;25;39m[38;2;26;25;39m▓[0m[48;2;30;27;40m[38;2;30;27;40m▓[0m[48;2;59;51;64m[38;2;59;51;64m░[0m[48;2;90;80;91m[38;2;90;80;91m@[0m[48;2;53;46;55m[38;2;53;46;55m▒[0m[48;2;104;95;105m[38;2;104;95;105m%[0m[48;2;156;143;153m[38;2;156;143;153m+[0m[48;2;76;66;74m[38;2;76;66;74m░[0m[48;2;160;157;161m[38;2;160;157;161m+[0m                                     
                                    [48;2;212;212;212m[38;2;212;212;212m:[0m[48;2;44;39;42m[38;2;44;39;42m▒[0m[48;2;139;130;131m[38;2;139;130;131m*[0m[48;2;115;106;107m[38;2;115;106;107m%[0m[48;2;74;63;71m[38;2;74;63;71m░[0m[48;2;149;137;147m[38;2;149;137;147m*[0m[48;2;62;50;60m[38;2;62;50;60m▒[0m[48;2;112;96;107m[38;2;112;96;107m%[0m[48;2;160;141;155m[38;2;160;141;155m+[0m[48;2;160;142;154m[38;2;160;142;154m+[0m[48;2;160;141;154m[38;2;160;141;154m+[0m[48;2;147;128;142m[38;2;147;128;142m*[0m[48;2;124;107;120m[38;2;124;107;120m#[0m[48;2;59;49;61m[38;2;59;49;61m▒[0m[48;2;20;15;25m[38;2;20;15;25m█[0m[48;2;23;19;29m[38;2;23;19;29m▓[0m[48;2;37;32;42m[38;2;37;32;42m▓[0m[48;2;49;44;54m[38;2;49;44;54m▒[0m[48;2;72;66;73m[38;2;72;66;73m░[0m[48;2;93;84;92m[38;2;93;84;92m@[0m[48;2;60;51;59m[38;2;60;51;59m▒[0m[48;2;29;21;28m[38;2;29;21;28m▓[0m[48;2;43;36;45m[38;2;43;36;45m▒[0m[48;2;73;63;72m[38;2;73;63;72m░[0m[48;2;144;131;141m[38;2;144;131;141m*[0m[48;2;155;140;150m[38;2;155;140;150m*[0m[48;2;63;55;61m[38;2;63;55;61m░[0m[48;2;79;75;78m[38;2;79;75;78m@[0m[48;2;138;136;138m[38;2;138;136;138m*[0m[48;2;210;209;210m[38;2;210;209;210m:[0m                                  
                                    [48;2;121;119;118m[38;2;121;119;118m#[0m[48;2;113;110;110m[38;2;113;110;110m#[0m[48;2;97;93;95m[38;2;97;93;95m%[0m[48;2;17;13;14m[38;2;17;13;14m█[0m[48;2;24;19;23m[38;2;24;19;23m▓[0m[48;2;46;38;45m[38;2;46;38;45m▒[0m[48;2;79;70;78m[38;2;79;70;78m@[0m[48;2;65;56;65m[38;2;65;56;65m░[0m[48;2;69;58;68m[38;2;69;58;68m░[0m[48;2;145;129;140m[38;2;145;129;140m*[0m[48;2;161;142;155m[38;2;161;142;155m+[0m[48;2;161;140;155m[38;2;161;140;155m+[0m[48;2;160;139;154m[38;2;160;139;154m+[0m[48;2;161;140;155m[38;2;161;140;155m+[0m[48;2;160;140;155m[38;2;160;140;155m+[0m[48;2;154;134;148m[38;2;154;134;148m*[0m[48;2;145;125;140m[38;2;145;125;140m*[0m[48;2;142;125;138m[38;2;142;125;138m*[0m[48;2;121;107;118m[38;2;121;107;118m#[0m[48;2;10;7;12m[38;2;10;7;12m█[0m[48;2;5;2;7m[38;2;5;2;7m█[0m[48;2;18;15;21m[38;2;18;15;21m█[0m[48;2;34;31;39m[38;2;34;31;39m▓[0m[48;2;19;15;25m[38;2;19;15;25m█[0m[48;2;122;112;123m[38;2;122;112;123m#[0m[48;2;159;141;154m[38;2;159;141;154m+[0m[48;2;156;138;151m[38;2;156;138;151m*[0m[48;2;88;77;85m[38;2;88;77;85m@[0m[48;2;54;45;52m[38;2;54;45;52m▒[0m[48;2;82;74;81m[38;2;82;74;81m@[0m[48;2;78;72;78m[38;2;78;72;78m@[0m[48;2;147;145;148m[38;2;147;145;148m*[0m                                
                                    [48;2;172;171;171m[38;2;172;171;171m=[0m[48;2;44;42;43m[38;2;44;42;43m▒[0m[48;2;100;96;98m[38;2;100;96;98m%[0m[48;2;94;89;92m[38;2;94;89;92m@[0m[48;2;80;76;77m[38;2;80;76;77m@[0m[48;2;198;193;195m[38;2;198;193;195m-[0m[48;2;15;9;13m[38;2;15;9;13m█[0m[48;2;72;65;71m[38;2;72;65;71m░[0m[48;2;60;50;60m[38;2;60;50;60m▒[0m[48;2;40;31;38m[38;2;40;31;38m▓[0m[48;2;76;63;73m[38;2;76;63;73m░[0m[48;2;157;138;153m[38;2;157;138;153m*[0m[48;2;161;140;155m[38;2;161;140;155m+[0m[48;2;161;140;155m[38;2;161;140;155m+[0m[48;2;161;140;155m[38;2;161;140;155m+[0m[48;2;161;140;155m[38;2;161;140;155m+[0m[48;2;161;140;155m[38;2;161;140;155m+[0m[48;2;161;140;155m[38;2;161;140;155m+[0m[48;2;88;73;85m[38;2;88;73;85m@[0m[48;2;20;15;22m[38;2;20;15;22m█[0m[48;2;12;9;15m[38;2;12;9;15m█[0m[48;2;5;2;8m[38;2;5;2;8m█[0m[48;2;4;2;7m[38;2;4;2;7m█[0m[48;2;15;12;19m[38;2;15;12;19m█[0m[48;2;37;30;38m[38;2;37;30;38m▓[0m[48;2;157;138;152m[38;2;157;138;152m*[0m[48;2;161;140;155m[38;2;161;140;155m+[0m[48;2;161;141;155m[38;2;161;141;155m+[0m[48;2;135;119;131m[38;2;135;119;131m#[0m[48;2;122;107;118m[38;2;122;107;118m#[0m[48;2;157;141;152m[38;2;157;141;152m+[0m[48;2;118;106;115m[38;2;118;106;115m#[0m[48;2;69;63;69m[38;2;69;63;69m░[0m[48;2;217;216;217m[38;2;217;216;217m:[0m                              
                                    [48;2;169;168;168m[38;2;169;168;168m=[0m[48;2;104;102;104m[38;2;104;102;104m%[0m[48;2;200;198;200m[38;2;200;198;200m-[0m[48;2;184;182;185m[38;2;184;182;185m-[0m[48;2;54;52;53m[38;2;54;52;53m▒[0m [48;2;57;53;55m[38;2;57;53;55m▒[0m[48;2;130;122;128m[38;2;130;122;128m#[0m[48;2;155;139;149m[38;2;155;139;149m*[0m[48;2;157;139;151m[38;2;157;139;151m*[0m[48;2;158;140;152m[38;2;158;140;152m+[0m[48;2;161;140;155m[38;2;161;140;155m+[0m[48;2;161;140;155m[38;2;161;140;155m+[0m[48;2;161;140;155m[38;2;161;140;155m+[0m[48;2;161;140;155m[38;2;161;140;155m+[0m[48;2;161;140;155m[38;2;161;140;155m+[0m[48;2;161;140;155m[38;2;161;140;155m+[0m[48;2;161;140;155m[38;2;161;140;155m+[0m[48;2;154;134;148m[38;2;154;134;148m*[0m[48;2;130;115;127m[38;2;130;115;127m#[0m[48;2;120;109;120m[38;2;120;109;120m#[0m[48;2;27;19;27m[38;2;27;19;27m▓[0m[48;2;18;12;20m[38;2;18;12;20m█[0m[48;2;39;34;41m[38;2;39;34;41m▓[0m[48;2;51;44;53m[38;2;51;44;53m▒[0m[48;2;108;95;106m[38;2;108;95;106m%[0m[48;2;155;136;149m[38;2;155;136;149m*[0m[48;2;161;140;155m[38;2;161;140;155m+[0m[48;2;161;140;155m[38;2;161;140;155m+[0m[48;2;161;140;155m[38;2;161;140;155m+[0m[48;2;161;140;155m[38;2;161;140;155m+[0m[48;2;160;140;154m[38;2;160;140;154m+[0m[48;2;138;122;134m[38;2;138;122;134m*[0m[48;2;59;54;59m[38;2;59;54;59m░[0m                              
                                    [48;2;218;216;217m[38;2;218;216;217m:[0m[48;2;65;61;65m[38;2;65;61;65m░[0m[48;2;202;200;204m[38;2;202;200;204m-[0m[48;2;178;177;180m[38;2;178;177;180m=[0m[48;2;71;69;72m[38;2;71;69;72m░[0m [48;2;96;94;96m[38;2;96;94;96m%[0m[48;2;32;27;31m[38;2;32;27;31m▓[0m[48;2;147;130;142m[38;2;147;130;142m*[0m[48;2;160;139;154m[38;2;160;139;154m+[0m[48;2;161;140;155m[38;2;161;140;155m+[0m[48;2;161;140;155m[38;2;161;140;155m+[0m[48;2;161;140;155m[38;2;161;140;155m+[0m[48;2;161;140;155m[38;2;161;140;155m+[0m[48;2;161;140;155m[38;2;161;140;155m+[0m[48;2;161;140;155m[38;2;161;140;155m+[0m[48;2;161;140;155m[38;2;161;140;155m+[0m[48;2;161;140;155m[38;2;161;140;155m+[0m[48;2;161;140;155m[38;2;161;140;155m+[0m[48;2;161;140;155m[38;2;161;140;155m+[0m[48;2;161;140;155m[38;2;161;140;155m+[0m[48;2;156;136;150m[38;2;156;136;150m*[0m[48;2;155;136;150m[38;2;155;136;150m*[0m[48;2;99;82;96m[38;2;99;82;96m@[0m[48;2;64;52;62m[38;2;64;52;62m░[0m[48;2;9;1;9m[38;2;9;1;9m█[0m[48;2;18;11;19m[38;2;18;11;19m█[0m[48;2;71;56;67m[38;2;71;56;67m░[0m[48;2;155;136;150m[38;2;155;136;150m*[0m[48;2;161;140;155m[38;2;161;140;155m+[0m[48;2;161;140;155m[38;2;161;140;155m+[0m[48;2;161;140;155m[38;2;161;140;155m+[0m[48;2;161;140;155m[38;2;161;140;155m+[0m[48;2;74;63;71m[38;2;74;63;71m░[0m[48;2;181;177;180m[38;2;181;177;180m=[0m                             
                                     [48;2;63;60;63m[38;2;63;60;63m░[0m[48;2;176;175;178m[38;2;176;175;178m=[0m[48;2;79;79;81m[38;2;79;79;81m@[0m[48;2;180;179;182m[38;2;180;179;182m=[0m [48;2;112;110;113m[38;2;112;110;113m#[0m[48;2;10;5;10m[38;2;10;5;10m█[0m[48;2;33;25;32m[38;2;33;25;32m▓[0m[48;2;134;117;130m[38;2;134;117;130m#[0m[48;2;160;141;155m[38;2;160;141;155m+[0m[48;2;161;140;155m[38;2;161;140;155m+[0m[48;2;161;140;155m[38;2;161;140;155m+[0m[48;2;161;140;155m[38;2;161;140;155m+[0m[48;2;161;140;155m[38;2;161;140;155m+[0m[48;2;161;140;155m[38;2;161;140;155m+[0m[48;2;161;140;155m[38;2;161;140;155m+[0m[48;2;161;140;155m[38;2;161;140;155m+[0m[48;2;161;140;155m[38;2;161;140;155m+[0m[48;2;161;140;155m[38;2;161;140;155m+[0m[48;2;161;140;155m[38;2;161;140;155m+[0m[48;2;161;140;155m[38;2;161;140;155m+[0m[48;2;161;140;155m[38;2;161;140;155m+[0m[48;2;161;140;155m[38;2;161;140;155m+[0m[48;2;159;140;153m[38;2;159;140;153m+[0m[48;2;139;120;133m[38;2;139;120;133m#[0m[48;2;98;84;96m[38;2;98;84;96m@[0m[48;2;69;55;67m[38;2;69;55;67m░[0m[48;2;86;72;83m[38;2;86;72;83m@[0m[48;2;138;120;133m[38;2;138;120;133m#[0m[48;2;159;139;153m[38;2;159;139;153m+[0m[48;2;160;140;155m[38;2;160;140;155m+[0m[48;2;160;140;155m[38;2;160;140;155m+[0m[48;2;78;65;75m[38;2;78;65;75m░[0m[48;2;163;159;162m[38;2;163;159;162m+[0m                             
                                     [48;2;214;213;214m[38;2;214;213;214m:[0m[48;2;75;73;76m[38;2;75;73;76m@[0m[48;2;60;59;62m[38;2;60;59;62m░[0m[48;2;119;119;121m[38;2;119;119;121m#[0m[48;2;100;99;103m[38;2;100;99;103m%[0m[48;2;22;20;25m[38;2;22;20;25m▓[0m[48;2;29;25;36m[38;2;29;25;36m▓[0m[48;2;34;28;45m[38;2;34;28;45m▓[0m[48;2;23;17;30m[38;2;23;17;30m▓[0m[48;2;80;69;80m[38;2;80;69;80m@[0m[48;2;151;133;147m[38;2;151;133;147m*[0m[48;2;161;140;155m[38;2;161;140;155m+[0m[48;2;161;140;155m[38;2;161;140;155m+[0m[48;2;161;140;155m[38;2;161;140;155m+[0m[48;2;161;140;155m[38;2;161;140;155m+[0m[48;2;161;140;155m[38;2;161;140;155m+[0m[48;2;161;140;155m[38;2;161;140;155m+[0m[48;2;161;140;155m[38;2;161;140;155m+[0m[48;2;161;140;155m[38;2;161;140;155m+[0m[48;2;161;140;155m[38;2;161;140;155m+[0m[48;2;161;140;155m[38;2;161;140;155m+[0m[48;2;161;140;155m[38;2;161;140;155m+[0m[48;2;161;140;155m[38;2;161;140;155m+[0m[48;2;161;140;155m[38;2;161;140;155m+[0m[48;2;161;140;155m[38;2;161;140;155m+[0m[48;2;161;140;155m[38;2;161;140;155m+[0m[48;2;161;140;155m[38;2;161;140;155m+[0m[48;2;134;118;130m[38;2;134;118;130m#[0m[48;2;93;79;90m[38;2;93;79;90m@[0m[48;2;80;65;78m[38;2;80;65;78m░[0m[48;2;79;66;78m[38;2;79;66;78m░[0m[48;2;77;64;76m[38;2;77;64;76m░[0m[48;2;57;46;56m[38;2;57;46;56m▒[0m[48;2;74;68;73m[38;2;74;68;73m░[0m                             
                                         [48;2;183;182;185m[38;2;183;182;185m=[0m[48;2;14;12;20m[38;2;14;12;20m█[0m[48;2;35;30;47m[38;2;35;30;47m▓[0m[48;2;37;31;51m[38;2;37;31;51m▓[0m[48;2;36;30;51m[38;2;36;30;51m▓[0m[48;2;29;24;43m[38;2;29;24;43m▓[0m[48;2;25;17;33m[38;2;25;17;33m▓[0m[48;2;77;64;77m[38;2;77;64;77m░[0m[48;2;133;115;129m[38;2;133;115;129m#[0m[48;2;160;141;155m[38;2;160;141;155m+[0m[48;2;160;141;155m[38;2;160;141;155m+[0m[48;2;161;140;155m[38;2;161;140;155m+[0m[48;2;161;140;155m[38;2;161;140;155m+[0m[48;2;161;140;155m[38;2;161;140;155m+[0m[48;2;161;140;155m[38;2;161;140;155m+[0m[48;2;161;140;155m[38;2;161;140;155m+[0m[48;2;161;140;155m[38;2;161;140;155m+[0m[48;2;161;140;155m[38;2;161;140;155m+[0m[48;2;161;140;155m[38;2;161;140;155m+[0m[48;2;161;140;155m[38;2;161;140;155m+[0m[48;2;161;140;155m[38;2;161;140;155m+[0m[48;2;161;140;155m[38;2;161;140;155m+[0m[48;2;161;140;155m[38;2;161;140;155m+[0m[48;2;161;140;155m[38;2;161;140;155m+[0m[48;2;161;140;155m[38;2;161;140;155m+[0m[48;2;161;140;155m[38;2;161;140;155m+[0m[48;2;160;141;155m[38;2;160;141;155m+[0m[48;2;159;141;155m[38;2;159;141;155m+[0m[48;2;117;101;114m[38;2;117;101;114m%[0m[48;2;110;104;110m[38;2;110;104;110m%[0m                             
                                         [48;2;194;194;195m[38;2;194;194;195m-[0m[48;2;6;4;12m[38;2;6;4;12m█[0m[48;2;14;11;24m[38;2;14;11;24m█[0m[48;2;21;19;33m[38;2;21;19;33m▓[0m[48;2;30;24;42m[38;2;30;24;42m▓[0m[48;2;32;27;44m[38;2;32;27;44m▓[0m[48;2;29;24;40m[38;2;29;24;40m▓[0m[48;2;13;6;30m[38;2;13;6;30m█[0m[48;2;50;35;102m[38;2;50;35;102m▒[0m[48;2;49;37;80m[38;2;49;37;80m▒[0m[48;2;76;64;81m[38;2;76;64;81m░[0m[48;2;114;98;112m[38;2;114;98;112m%[0m[48;2;146;128;143m[38;2;146;128;143m*[0m[48;2;160;141;154m[38;2;160;141;154m+[0m[48;2;160;140;155m[38;2;160;140;155m+[0m[48;2;161;140;155m[38;2;161;140;155m+[0m[48;2;161;140;155m[38;2;161;140;155m+[0m[48;2;161;140;155m[38;2;161;140;155m+[0m[48;2;161;140;155m[38;2;161;140;155m+[0m[48;2;161;140;155m[38;2;161;140;155m+[0m[48;2;161;140;155m[38;2;161;140;155m+[0m[48;2;161;140;155m[38;2;161;140;155m+[0m[48;2;161;140;155m[38;2;161;140;155m+[0m[48;2;161;140;155m[38;2;161;140;155m+[0m[48;2;161;140;155m[38;2;161;140;155m+[0m[48;2;160;140;154m[38;2;160;140;154m+[0m[48;2;133;118;129m[38;2;133;118;129m#[0m[48;2;83;71;80m[38;2;83;71;80m@[0m[48;2;103;95;102m[38;2;103;95;102m%[0m[48;2;241;239;242m[38;2;241;239;242m [0m                             
                                         [48;2;229;229;230m[38;2;229;229;230m.[0m[48;2;14;12;19m[38;2;14;12;19m█[0m[48;2;34;30;46m[38;2;34;30;46m▓[0m[48;2;32;27;45m[38;2;32;27;45m▓[0m[48;2;26;21;38m[38;2;26;21;38m▓[0m[48;2;22;17;32m[38;2;22;17;32m▓[0m[48;2;20;15;32m[38;2;20;15;32m▓[0m[48;2;9;6;20m[38;2;9;6;20m█[0m[48;2;60;45;136m[38;2;60;45;136m░[0m[48;2;81;65;160m[38;2;81;65;160m@[0m[48;2;77;62;145m[38;2;77;62;145m@[0m[48;2;68;52;124m[38;2;68;52;124m░[0m[48;2;14;4;41m[38;2;14;4;41m█[0m[48;2;26;21;29m[38;2;26;21;29m▓[0m[48;2;56;47;80m[38;2;56;47;80m▒[0m[48;2;73;63;78m[38;2;73;63;78m░[0m[48;2;88;76;93m[38;2;88;76;93m@[0m[48;2;105;91;107m[38;2;105;91;107m%[0m[48;2;115;98;112m[38;2;115;98;112m%[0m[48;2;119;103;114m[38;2;119;103;114m%[0m[48;2;121;105;116m[38;2;121;105;116m#[0m[48;2;119;103;116m[38;2;119;103;116m%[0m[48;2;105;91;104m[38;2;105;91;104m%[0m[48;2;86;75;86m[38;2;86;75;86m@[0m[48;2;61;50;61m[38;2;61;50;61m▒[0m[48;2;90;82;90m[38;2;90;82;90m@[0m[48;2;127;122;128m[38;2;127;122;128m#[0m[48;2;205;201;205m[38;2;205;201;205m:[0m                               
                                          [48;2;59;58;61m[38;2;59;58;61m░[0m[48;2;31;27;41m[38;2;31;27;41m▓[0m[48;2;37;31;50m[38;2;37;31;50m▓[0m[48;2;37;31;52m[38;2;37;31;52m▓[0m[48;2;37;31;52m[38;2;37;31;52m▓[0m[48;2;37;31;52m[38;2;37;31;52m▓[0m[48;2;27;22;41m[38;2;27;22;41m▓[0m[48;2;25;15;63m[38;2;25;15;63m▓[0m[48;2;84;71;147m[38;2;84;71;147m@[0m[48;2;85;71;156m[38;2;85;71;156m@[0m[48;2;85;68;167m[38;2;85;68;167m@[0m[48;2;40;24;119m[38;2;40;24;119m▒[0m[48;2;35;31;42m[38;2;35;31;42m▓[0m[48;2;31;22;70m[38;2;31;22;70m▓[0m[48;2;77;62;153m[38;2;77;62;153m@[0m[48;2;64;44;155m[38;2;64;44;155m░[0m[48;2;69;54;138m[38;2;69;54;138m░[0m[48;2;58;44;116m[38;2;58;44;116m░[0m[48;2;21;15;43m[38;2;21;15;43m▓[0m[48;2;14;10;18m[38;2;14;10;18m█[0m[48;2;45;38;50m[38;2;45;38;50m▒[0m[48;2;32;26;42m[38;2;32;26;42m▓[0m[48;2;34;29;46m[38;2;34;29;46m▓[0m[48;2;29;24;41m[38;2;29;24;41m▓[0m[48;2;31;27;38m[38;2;31;27;38m▓[0m[48;2;99;97;102m[38;2;99;97;102m%[0m[48;2;196;195;197m[38;2;196;195;197m-[0m                               
                                          [48;2;155;155;156m[38;2;155;155;156m+[0m[48;2;20;16;28m[38;2;20;16;28m▓[0m[48;2;37;31;52m[38;2;37;31;52m▓[0m[48;2;37;31;52m[38;2;37;31;52m▓[0m[48;2;37;31;52m[38;2;37;31;52m▓[0m[48;2;37;31;52m[38;2;37;31;52m▓[0m[48;2;37;31;52m[38;2;37;31;52m▓[0m[48;2;27;21;42m[38;2;27;21;42m▓[0m[48;2;25;20;38m[38;2;25;20;38m▓[0m[48;2;38;32;57m[38;2;38;32;57m▒[0m[48;2;43;33;84m[38;2;43;33;84m▒[0m[48;2;54;44;101m[38;2;54;44;101m▒[0m[48;2;20;14;44m[38;2;20;14;44m▓[0m[48;2;141;139;144m[38;2;141;139;144m*[0m[48;2;25;19;46m[38;2;25;19;46m▓[0m[48;2;51;46;75m[38;2;51;46;75m▒[0m[48;2;73;68;93m[38;2;73;68;93m░[0m[48;2;123;122;128m[38;2;123;122;128m#[0m[48;2;194;192;196m[38;2;194;192;196m-[0m[48;2;102;101;105m[38;2;102;101;105m%[0m[48;2;36;33;41m[38;2;36;33;41m▓[0m[48;2;66;62;73m[38;2;66;62;73m░[0m[48;2;46;42;57m[38;2;46;42;57m▒[0m[48;2;38;33;51m[38;2;38;33;51m▓[0m[48;2;37;32;51m[38;2;37;32;51m▓[0m[48;2;35;30;49m[38;2;35;30;49m▓[0m[48;2;24;19;34m[38;2;24;19;34m▓[0m[48;2;62;60;68m[38;2;62;60;68m░[0m[48;2;192;191;193m[38;2;192;191;193m-[0m                             
                                           [48;2;47;44;51m[38;2;47;44;51m▒[0m[48;2;33;28;44m[38;2;33;28;44m▓[0m[48;2;37;31;52m[38;2;37;31;52m▓[0m[48;2;37;31;52m[38;2;37;31;52m▓[0m[48;2;37;31;52m[38;2;37;31;52m▓[0m[48;2;37;31;52m[38;2;37;31;52m▓[0m[48;2;37;31;52m[38;2;37;31;52m▓[0m[48;2;37;32;49m[38;2;37;32;49m▓[0m[48;2;72;68;80m[38;2;72;68;80m░[0m[48;2;14;10;18m[38;2;14;10;18m█[0m[48;2;78;74;81m[38;2;78;74;81m@[0m[48;2;164;162;169m[38;2;164;162;169m+[0m[48;2;223;221;227m[38;2;223;221;227m.[0m[48;2;48;47;52m[38;2;48;47;52m▒[0m[48;2;97;96;100m[38;2;97;96;100m%[0m[48;2;118;116;121m[38;2;118;116;121m#[0m[48;2;208;207;210m[38;2;208;207;210m:[0m [48;2;197;196;197m[38;2;197;196;197m-[0m[48;2;64;62;67m[38;2;64;62;67m░[0m[48;2;79;76;84m[38;2;79;76;84m@[0m[48;2;42;39;48m[38;2;42;39;48m▒[0m[48;2;63;59;70m[38;2;63;59;70m░[0m[48;2;45;40;58m[38;2;45;40;58m▒[0m[48;2;37;31;52m[38;2;37;31;52m▓[0m[48;2;37;31;52m[38;2;37;31;52m▓[0m[48;2;36;30;50m[38;2;36;30;50m▓[0m[48;2;22;18;32m[38;2;22;18;32m▓[0m[48;2;123;122;125m[38;2;123;122;125m#[0m                            