                                                                                                              
                                                                                                              
                                                                                                              
                                                                                                              
                                                                                                              
                                                                                                              
                                                                                                              
                                                                                                              
                                                                                                              
                                                                                                              
                                                                                                              
                                                                                                              
                                                                                                              
                                                   [48;2;187;187;188m[38;2;187;187;188m-[0m[48;2;130;130;131m[38;2;130;130;131m*[0m[48;2;93;92;95m[38;2;93;92;95m%[0m[48;2;66;65;70m[38;2;66;65;70m░[0m[48;2;57;56;61m[38;2;57;56;61m░[0m[48;2;52;51;57m[38;2;52;51;57m▒[0m[48;2;56;55;60m[38;2;56;55;60m░[0m[48;2;71;70;75m[38;2;71;70;75m░[0m[48;2;100;99;104m[38;2;100;99;104m%[0m[48;2;143;142;146m[38;2;143;142;146m*[0m[48;2;198;198;200m[38;2;198;198;200m-[0m                                                
                                                [48;2;215;215;216m[38;2;215;215;216m:[0m[48;2;100;99;102m[38;2;100;99;102m%[0m[48;2;29;27;36m[38;2;29;27;36m▓[0m[48;2;28;26;37m[38;2;28;26;37m▓[0m[48;2;39;37;51m[38;2;39;37;51m▒[0m[48;2;43;42;58m[38;2;43;42;58m▒[0m[48;2;45;43;59m[38;2;45;43;59m▒[0m[48;2;45;43;60m[38;2;45;43;60m▒[0m[48;2;47;45;62m[38;2;47;45;62m▒[0m[48;2;45;43;60m[38;2;45;43;60m▒[0m[48;2;43;42;59m[38;2;43;42;59m▒[0m[48;2;41;40;57m[38;2;41;40;57m▒[0m[48;2;36;35;52m[38;2;36;35;52m▒[0m[48;2;27;25;41m[38;2;27;25;41m▓[0m[48;2;36;34;45m[38;2;36;34;45m▓[0m[48;2;101;99;105m[38;2;101;99;105m%[0m[48;2;198;197;200m[38;2;198;197;200m-[0m                                             
                                              [48;2;235;235;236m[38;2;235;235;236m.[0m[48;2;120;119;122m[38;2;120;119;122m#[0m[48;2;25;24;31m[38;2;25;24;31m▓[0m[48;2;38;36;50m[38;2;38;36;50m▒[0m[48;2;46;42;58m[38;2;46;42;58m▒[0m[48;2;43;39;54m[38;2;43;39;54m▒[0m[48;2;34;31;44m[38;2;34;31;44m▓[0m[48;2;27;25;37m[38;2;27;25;37m▓[0m[48;2;28;25;35m[38;2;28;25;35m▓[0m[48;2;41;37;47m[38;2;41;37;47m▒[0m[48;2;46;42;51m[38;2;46;42;51m▒[0m[48;2;27;23;32m[38;2;27;23;32m▓[0m[48;2;46;42;52m[38;2;46;42;52m▒[0m[48;2;66;61;75m[38;2;66;61;75m░[0m[48;2;64;61;75m[38;2;64;61;75m░[0m[48;2;47;45;59m[38;2;47;45;59m▒[0m[48;2;45;42;56m[38;2;45;42;56m▒[0m[48;2;41;38;50m[38;2;41;38;50m▒[0m[48;2;25;22;33m[38;2;25;22;33m▓[0m[48;2;71;69;75m[38;2;71;69;75m░[0m[48;2;206;205;207m[38;2;206;205;207m:[0m                                           
                                             [48;2;189;189;190m[38;2;189;189;190m-[0m[48;2;36;35;41m[38;2;36;35;41m▓[0m[48;2;37;35;48m[38;2;37;35;48m▒[0m[48;2;45;43;59m[38;2;45;43;59m▒[0m[48;2;35;31;47m[38;2;35;31;47m▓[0m[48;2;28;21;34m[38;2;28;21;34m▓[0m[48;2;71;62;75m[38;2;71;62;75m░[0m[48;2;106;95;106m[38;2;106;95;106m%[0m[48;2;135;120;133m[38;2;135;120;133m#[0m[48;2;148;134;144m[38;2;148;134;144m*[0m[48;2;153;138;148m[38;2;153;138;148m*[0m[48;2;146;131;142m[38;2;146;131;142m*[0m[48;2;129;115;125m[38;2;129;115;125m#[0m[48;2;105;92;101m[38;2;105;92;101m%[0m[48;2;79;66;76m[38;2;79;66;76m░[0m[48;2;38;28;38m[38;2;38;28;38m▓[0m[48;2;56;47;56m[38;2;56;47;56m▒[0m[48;2;66;57;65m[38;2;66;57;65m░[0m[48;2;67;59;66m[38;2;67;59;66m░[0m[48;2;54;46;54m[38;2;54;46;54m▒[0m[48;2;26;20;27m[38;2;26;20;27m▓[0m[48;2;10;6;12m[38;2;10;6;12m█[0m[48;2;144;141;145m[38;2;144;141;145m*[0m                                          
                                            [48;2;173;172;174m[38;2;173;172;174m=[0m[48;2;20;19;25m[38;2;20;19;25m▓[0m[48;2;43;41;54m[38;2;43;41;54m▒[0m[48;2;41;39;52m[38;2;41;39;52m▒[0m[48;2;22;19;32m[38;2;22;19;32m▓[0m[48;2;52;46;57m[38;2;52;46;57m▒[0m[48;2;143;128;142m[38;2;143;128;142m*[0m[48;2;159;141;155m[38;2;159;141;155m+[0m[48;2;160;140;155m[38;2;160;140;155m+[0m[48;2;161;140;155m[38;2;161;140;155m+[0m[48;2;116;99;110m[38;2;116;99;110m%[0m[48;2;72;57;67m[38;2;72;57;67m░[0m[48;2;79;64;74m[38;2;79;64;74m░[0m[48;2;85;71;81m[38;2;85;71;81m@[0m[48;2;91;76;86m[38;2;91;76;86m@[0m[48;2;154;136;149m[38;2;154;136;149m*[0m[48;2;158;139;152m[38;2;158;139;152m*[0m[48;2;161;142;154m[38;2;161;142;154m+[0m[48;2;161;142;154m[38;2;161;142;154m+[0m[48;2;152;132;145m[38;2;152;132;145m*[0m[48;2;73;59;68m[38;2;73;59;68m░[0m[48;2;80;70;77m[38;2;80;70;77m@[0m[48;2;86;78;85m[38;2;86;78;85m@[0m[48;2;36;30;35m[38;2;36;30;35m▓[0m[48;2;135;132;135m[38;2;135;132;135m*[0m                                         
                                           [48;2;203;203;204m[38;2;203;203;204m:[0m[48;2;20;19;24m[38;2;20;19;24m▓[0m[48;2;42;40;51m[38;2;42;40;51m▒[0m[48;2;25;23;35m[38;2;25;23;35m▓[0m[48;2;22;18;27m[38;2;22;18;27m▓[0m[48;2;118;106;116m[38;2;118;106;116m#[0m[48;2;158;142;154m[38;2;158;142;154m+[0m[48;2;160;141;155m[38;2;160;141;155m+[0m[48;2;161;140;155m[38;2;161;140;155m+[0m[48;2;161;140;155m[38;2;161;140;155m+[0m[48;2;161;140;155m[38;2;161;140;155m+[0m[48;2;161;140;155m[38;2;161;140;155m+[0m[48;2;161;140;155m[38;2;161;140;155m+[0m[48;2;161;140;155m[38;2;161;140;155m+[0m[48;2;160;140;155m[38;2;160;140;155m+[0m[48;2;161;140;155m[38;2;161;140;155m+[0m[48;2;161;140;155m[38;2;161;140;155m+[0m[48;2;161;140;155m[38;2;161;140;155m+[0m[48;2;161;140;155m[38;2;161;140;155m+[0m[48;2;161;140;155m[38;2;161;140;155m+[0m[48;2;161;140;155m[38;2;161;140;155m+[0m[48;2;160;140;155m[38;2;160;140;155m+[0m[48;2;141;122;136m[38;2;141;122;136m*[0m[48;2;110;95;107m[38;2;110;95;107m%[0m[48;2;116;103;113m[38;2;116;103;113m%[0m[48;2;17;11;16m[38;2;17;11;16m█[0m[48;2;57;53;58m[38;2;57;53;58m▒[0m[48;2;96;94;103m[38;2;96;94;103m%[0m[48;2;208;207;209m[38;2;208;207;209m:[0m                                      
                                           [48;2;53;52;55m[38;2;53;52;55m▒[0m[48;2;31;29;36m[38;2;31;29;36m▓[0m[48;2;12;10;18m[38;2;12;10;18m█[0m[48;2;21;17;25m[38;2;21;17;25m▓[0m[48;2;135;123;134m[38;2;135;123;134m#[0m[48;2;161;140;155m[38;2;161;140;155m+[0m[48;2;161;140;155m[38;2;161;140;155m+[0m[48;2;161;140;155m[38;2;161;140;155m+[0m[48;2;161;140;155m[38;2;161;140;155m+[0m[48;2;160;140;155m[38;2;160;140;155m+[0m[48;2;159;138;153m[38;2;159;138;153m*[0m[48;2;159;138;153m[38;2;159;138;153m*[0m[48;2;159;138;153m[38;2;159;138;153m*[0m[48;2;160;139;154m[38;2;160;139;154m+[0m[48;2;161;140;155m[38;2;161;140;155m+[0m[48;2;161;140;155m[38;2;161;140;155m+[0m[48;2;161;140;155m[38;2;161;140;155m+[0m[48;2;161;140;155m[38;2;161;140;155m+[0m[48;2;161;140;155m[38;2;161;140;155m+[0m[48;2;161;140;155m[38;2;161;140;155m+[0m[48;2;161;140;155m[38;2;161;140;155m+[0m[48;2;149;129;143m[38;2;149;129;143m*[0m[48;2;137;117;132m[38;2;137;117;132m#[0m[48;2;160;141;155m[38;2;160;141;155m+[0m[48;2;159;141;155m[38;2;159;141;155m+[0m[48;2;125;110;121m[38;2;125;110;121m#[0m[48;2;15;7;15m[38;2;15;7;15m█[0m[48;2;54;43;79m[38;2;54;43;79m▒[0m[48;2;87;83;87m[38;2;87;83;87m@[0m                                      
                                          [48;2;177;176;177m[38;2;177;176;177m=[0m[48;2;12;9;13m[38;2;12;9;13m█[0m[48;2;23;20;26m[38;2;23;20;26m▓[0m[48;2;17;13;19m[38;2;17;13;19m█[0m[48;2;126;112;122m[38;2;126;112;122m#[0m[48;2;161;142;156m[38;2;161;142;156m+[0m[48;2;161;140;155m[38;2;161;140;155m+[0m[48;2;161;140;155m[38;2;161;140;155m+[0m[48;2;161;140;155m[38;2;161;140;155m+[0m[48;2;131;113;127m[38;2;131;113;127m#[0m[48;2;55;40;52m[38;2;55;40;52m▒[0m[48;2;113;98;110m[38;2;113;98;110m%[0m[48;2;53;38;50m[38;2;53;38;50m▒[0m[48;2;157;138;152m[38;2;157;138;152m*[0m[48;2;99;81;95m[38;2;99;81;95m@[0m[48;2;138;119;133m[38;2;138;119;133m#[0m[48;2;161;140;155m[38;2;161;140;155m+[0m[48;2;161;140;155m[38;2;161;140;155m+[0m[48;2;161;140;155m[38;2;161;140;155m+[0m[48;2;161;140;155m[38;2;161;140;155m+[0m[48;2;148;129;143m[38;2;148;129;143m*[0m[48;2;133;115;129m[38;2;133;115;129m#[0m[48;2;130;114;127m[38;2;130;114;127m#[0m[48;2;50;38;49m[38;2;50;38;49m▒[0m[48;2;158;140;153m[38;2;158;140;153m+[0m[48;2;161;140;155m[38;2;161;140;155m+[0m[48;2;160;140;155m[38;2;160;140;155m+[0m[48;2;96;81;93m[38;2;96;81;93m@[0m[48;2;14;7;16m[38;2;14;7;16m█[0m[48;2;39;29;55m[38;2;39;29;55m▓[0m[48;2;195;193;195m[38;2;195;193;195m-[0m                                     
                                          [48;2;95;94;94m[38;2;95;94;94m%[0m[48;2;12;8;13m[38;2;12;8;13m█[0m[48;2;89;81;89m[38;2;89;81;89m@[0m[48;2;56;49;57m[38;2;56;49;57m▒[0m[48;2;161;142;156m[38;2;161;142;156m+[0m[48;2;162;141;156m[38;2;162;141;156m+[0m[48;2;161;140;155m[38;2;161;140;155m+[0m[48;2;161;140;155m[38;2;161;140;155m+[0m[48;2;149;131;145m[38;2;149;131;145m*[0m[48;2;36;23;35m[38;2;36;23;35m▓[0m[48;2;57;48;58m[38;2;57;48;58m▒[0m[48;2;12;6;15m[38;2;12;6;15m█[0m[48;2;103;92;104m[38;2;103;92;104m%[0m[48;2;108;94;106m[38;2;108;94;106m%[0m[48;2;42;30;41m[38;2;42;30;41m▓[0m[48;2;134;117;130m[38;2;134;117;130m#[0m[48;2;160;140;155m[38;2;160;140;155m+[0m[48;2;161;140;155m[38;2;161;140;155m+[0m[48;2;161;140;155m[38;2;161;140;155m+[0m[48;2;161;140;155m[38;2;161;140;155m+[0m[48;2;112;95;108m[38;2;112;95;108m%[0m[48;2;63;51;62m[38;2;63;51;62m░[0m[48;2;157;141;154m[38;2;157;141;154m+[0m[48;2;54;42;53m[38;2;54;42;53m▒[0m[48;2;119;104;117m[38;2;119;104;117m#[0m[48;2;160;141;155m[38;2;160;141;155m+[0m[48;2;160;141;155m[38;2;160;141;155m+[0m[48;2;157;138;152m[38;2;157;138;152m*[0m[48;2;36;27;37m[38;2;36;27;37m▓[0m[48;2;26;18;36m[38;2;26;18;36m▓[0m[48;2;189;187;189m[38;2;189;187;189m-[0m                                     
                                          [48;2;49;48;49m[38;2;49;48;49m▒[0m[48;2;91;84;90m[38;2;91;84;90m@[0m[48;2;77;68;76m[38;2;77;68;76m░[0m[48;2;101;89;99m[38;2;101;89;99m%[0m[48;2;161;141;155m[38;2;161;141;155m+[0m[48;2;161;140;155m[38;2;161;140;155m+[0m[48;2;161;140;155m[38;2;161;140;155m+[0m[48;2;161;140;155m[38;2;161;140;155m+[0m[48;2;80;65;78m[38;2;80;65;78m░[0m[48;2;10;0;9m[38;2;10;0;9m█[0m[48;2;62;55;62m[38;2;62;55;62m░[0m[48;2;22;17;23m[38;2;22;17;23m▓[0m[48;2;89;82;90m[38;2;89;82;90m@[0m[48;2;29;20;28m[38;2;29;20;28m▓[0m[48;2;22;14;21m[38;2;22;14;21m█[0m[48;2;9;1;8m[38;2;9;1;8m█[0m[48;2;66;53;63m[38;2;66;53;63m░[0m[48;2;155;136;150m[38;2;155;136;150m*[0m[48;2;160;141;155m[38;2;160;141;155m+[0m[48;2;159;141;155m[38;2;159;141;155m+[0m[48;2;137;121;134m[38;2;137;121;134m#[0m[48;2;11;2;10m[38;2;11;2;10m█[0m[48;2;90;76;88m[38;2;90;76;88m@[0m[48;2;133;118;130m[38;2;133;118;130m#[0m[48;2;26;16;24m[38;2;26;16;24m▓[0m[48;2;98;86;95m[38;2;98;86;95m@[0m[48;2;153;137;149m[38;2;153;137;149m*[0m[48;2;132;117;129m[38;2;132;117;129m#[0m[48;2;124;112;122m[38;2;124;112;122m#[0m[48;2;41;34;41m[38;2;41;34;41m▒[0m[48;2;118;115;118m[38;2;118;115;118m#[0m[48;2;215;215;215m[38;2;215;215;215m:[0m                                    
                                         [48;2;235;235;235m[38;2;235;235;235m.[0m[48;2;32;27;31m[38;2;32;27;31m▓[0m[48;2;151;140;148m[38;2;151;140;148m*[0m[48;2;68;57;65m[38;2;68;57;65m░[0m[48;2;113;100;110m[38;2;113;100;110m%[0m[48;2;161;140;155m[38;2;161;140;155m+[0m[48;2;161;140;155m[38;2;161;140;155m+[0m[48;2;161;140;155m[38;2;161;140;155m+[0m[48;2;160;139;154m[38;2;160;139;154m+[0m[48;2;38;25;36m[38;2;38;25;36m▓[0m[48;2;84;73;82m[38;2;84;73;82m@[0m[48;2;214;205;209m[38;2;214;205;209m:[0m[48;2;71;62;68m[38;2;71;62;68m░[0m[48;2;51;29;101m[38;2;51;29;101m▒[0m[48;2;61;31;129m[38;2;61;31;129m▒[0m[48;2;34;14;77m[38;2;34;14;77m▓[0m[48;2;96;88;94m[38;2;96;88;94m@[0m[48;2;153;143;146m[38;2;153;143;146m+[0m[48;2;109;98;100m[38;2;109;98;100m%[0m[48;2;103;92;95m[38;2;103;92;95m%[0m[48;2;103;92;95m[38;2;103;92;95m%[0m[48;2;87;77;81m[38;2;87;77;81m@[0m[48;2;13;4;18m[38;2;13;4;18m█[0m[48;2;33;13;67m[38;2;33;13;67m▓[0m[48;2;48;28;79m[38;2;48;28;79m▒[0m[48;2;22;12;28m[38;2;22;12;28m█[0m[48;2;23;16;22m[38;2;23;16;22m▓[0m[48;2;17;11;17m[38;2;17;11;17m█[0m[48;2;21;14;21m[38;2;21;14;21m█[0m[48;2;30;23;29m[38;2;30;23;29m▓[0m[48;2;52;46;53m[38;2;52;46;53m▒[0m[48;2;46;43;48m[38;2;46;43;48m▒[0m[48;2;12;10;14m[38;2;12;10;14m█[0m[48;2;138;136;138m[38;2;138;136;138m*[0m                                   
                                         [48;2;182;181;182m[38;2;182;181;182m=[0m[48;2;62;55;62m[38;2;62;55;62m░[0m[48;2;157;141;152m[38;2;157;141;152m+[0m[48;2;90;77;86m[38;2;90;77;86m@[0m[48;2;90;77;87m[38;2;90;77;87m@[0m[48;2;161;140;155m[38;2;161;140;155m+[0m[48;2;161;140;155m[38;2;161;140;155m+[0m[48;2;161;140;155m[38;2;161;140;155m+[0m[48;2;158;138;152m[38;2;158;138;152m*[0m[48;2;36;24;32m[38;2;36;24;32m▓[0m[48;2;242;231;234m[38;2;242;231;234m.[0m[48;2;248;237;237m[38;2;248;237;237m [0m[48;2;49;38;43m[38;2;49;38;43m▒[0m[48;2;177;152;193m[38;2;177;152;193m+[0m[48;2;151;103;182m[38;2;151;103;182m#[0m[48;2;63;35;86m[38;2;63;35;86m▒[0m[48;2;161;151;152m[38;2;161;151;152m+[0m[48;2;250;238;233m[38;2;250;238;233m [0m[48;2;251;236;230m[38;2;251;236;230m [0m[48;2;250;235;229m[38;2;250;235;229m [0m[48;2;250;235;229m[38;2;250;235;229m [0m[48;2;190;177;175m[38;2;190;177;175m=[0m[48;2;32;18;42m[38;2;32;18;42m▓[0m[48;2;113;76;172m[38;2;113;76;172m%[0m[48;2;79;37;150m[38;2;79;37;150m░[0m[48;2;36;25;45m[38;2;36;25;45m▓[0m[48;2;220;213;215m[38;2;220;213;215m:[0m[48;2;59;52;54m[38;2;59;52;54m▒[0m[48;2;141;136;137m[38;2;141;136;137m*[0m[48;2;13;8;11m[38;2;13;8;11m█[0m[48;2;30;26;30m[38;2;30;26;30m▓[0m[48;2;128;126;130m[38;2;128;126;130m#[0m[48;2;237;235;238m[38;2;237;235;238m.[0m                                    
                                         [48;2;177;177;178m[38;2;177;177;178m=[0m[48;2;64;57;64m[38;2;64;57;64m░[0m[48;2;158;141;152m[38;2;158;141;152m+[0m[48;2;149;131;145m[38;2;149;131;145m*[0m[48;2;25;15;24m[38;2;25;15;24m▓[0m[48;2;130;115;126m[38;2;130;115;126m#[0m[48;2;160;141;155m[38;2;160;141;155m+[0m[48;2;161;140;155m[38;2;161;140;155m+[0m[48;2;160;140;154m[38;2;160;140;154m+[0m[48;2;39;27;35m[38;2;39;27;35m▓[0m[48;2;214;195;197m[38;2;214;195;197m-[0m[48;2;245;226;225m[38;2;245;226;225m.[0m[48;2;93;80;81m[38;2;93;80;81m@[0m[48;2;141;113;140m[38;2;141;113;140m#[0m[48;2;164;123;163m[38;2;164;123;163m*[0m[48;2;63;47;60m[38;2;63;47;60m▒[0m[48;2;238;226;225m[38;2;238;226;225m.[0m[48;2;250;235;229m[38;2;250;235;229m [0m[48;2;250;235;226m[38;2;250;235;226m [0m[48;2;250;235;226m[38;2;250;235;226m [0m[48;2;250;235;226m[38;2;250;235;226m [0m[48;2;218;204;199m[38;2;218;204;199m:[0m[48;2;49;35;44m[38;2;49;35;44m▒[0m[48;2;214;173;221m[38;2;214;173;221m-[0m[48;2;114;80;123m[38;2;114;80;123m%[0m[48;2;123;111;114m[38;2;123;111;114m#[0m[48;2;247;234;229m[38;2;247;234;229m.[0m[48;2;246;233;228m[38;2;246;233;228m.[0m[48;2;176;166;164m[38;2;176;166;164m=[0m[48;2;59;51;54m[38;2;59;51;54m▒[0m[48;2;67;58;65m[38;2;67;58;65m░[0m[48;2;76;72;77m[38;2;76;72;77m@[0m                                     
                                         [48;2;233;232;233m[38;2;233;232;233m.[0m[48;2;41;36;40m[38;2;41;36;40m▒[0m[48;2;112;100;109m[38;2;112;100;109m%[0m[48;2;80;69;78m[38;2;80;69;78m@[0m[48;2;12;4;11m[38;2;12;4;11m█[0m[48;2;12;5;11m[38;2;12;5;11m█[0m[48;2;77;66;75m[38;2;77;66;75m░[0m[48;2;130;114;127m[38;2;130;114;127m#[0m[48;2;154;138;150m[38;2;154;138;150m*[0m[48;2;104;93;102m[38;2;104;93;102m%[0m[48;2;79;67;72m[38;2;79;67;72m░[0m[48;2;238;222;222m[38;2;238;222;222m.[0m[48;2;235;221;217m[38;2;235;221;217m.[0m[48;2;148;137;134m[38;2;148;137;134m*[0m[48;2;146;134;133m[38;2;146;134;133m*[0m[48;2;228;216;212m[38;2;228;216;212m:[0m[48;2;249;235;227m[38;2;249;235;227m [0m[48;2;247;232;223m[38;2;247;232;223m.[0m[48;2;173;158;151m[38;2;173;158;151m+[0m[48;2;223;208;200m[38;2;223;208;200m:[0m[48;2;250;235;226m[38;2;250;235;226m [0m[48;2;250;235;227m[38;2;250;235;227m [0m[48;2;138;123;120m[38;2;138;123;120m#[0m[48;2;92;74;80m[38;2;92;74;80m@[0m[48;2;111;93;98m[38;2;111;93;98m%[0m[48;2;239;222;218m[38;2;239;222;218m.[0m[48;2;241;211;200m[38;2;241;211;200m:[0m[48;2;243;218;206m[38;2;243;218;206m.[0m[48;2;178;166;164m[38;2;178;166;164m=[0m[48;2;64;56;58m[38;2;64;56;58m░[0m[48;2;145;132;142m[38;2;145;132;142m*[0m[48;2;36;30;36m[38;2;36;30;36m▓[0m                                     
                                          [48;2;72;70;71m[38;2;72;70;71m░[0m[48;2;36;31;35m[38;2;36;31;35m▓[0m[48;2;119;113;117m[38;2;119;113;117m#[0m[48;2;226;217;220m[38;2;226;217;220m.[0m[48;2;173;164;167m[38;2;173;164;167m=[0m[48;2;14;10;13m[38;2;14;10;13m█[0m[48;2;4;1;4m[38;2;4;1;4m█[0m[48;2;17;14;17m[38;2;17;14;17m█[0m[48;2;92;87;91m[38;2;92;87;91m@[0m[48;2;70;64;68m[38;2;70;64;68m░[0m[48;2;79;70;72m[38;2;79;70;72m░[0m[48;2;182;168;165m[38;2;182;168;165m=[0m[48;2;248;235;228m[38;2;248;235;228m [0m[48;2;249;235;227m[38;2;249;235;227m [0m[48;2;250;235;226m[38;2;250;235;226m [0m[48;2;250;235;226m[38;2;250;235;226m [0m[48;2;249;233;225m[38;2;249;233;225m.[0m[48;2;200;184;178m[38;2;200;184;178m-[0m[48;2;227;212;205m[38;2;227;212;205m:[0m[48;2;250;235;226m[38;2;250;235;226m [0m[48;2;250;235;226m[38;2;250;235;226m [0m[48;2;250;235;226m[38;2;250;235;226m [0m[48;2;250;234;226m[38;2;250;234;226m [0m[48;2;250;235;226m[38;2;250;235;226m [0m[48;2;244;225;217m[38;2;244;225;217m.[0m[48;2;241;214;203m[38;2;241;214;203m.[0m[48;2;249;226;219m[38;2;249;226;219m.[0m[48;2;135;123;123m[38;2;135;123;123m#[0m[48;2;38;31;35m[38;2;38;31;35m▓[0m[48;2;34;25;32m[38;2;34;25;32m▓[0m[48;2;184;180;185m[38;2;184;180;185m=[0m                                     
                                         [48;2;165;165;165m[38;2;165;165;165m=[0m[48;2;86;85;86m[38;2;86;85;86m@[0m[48;2;193;192;193m[38;2;193;192;193m-[0m[48;2;78;74;78m[38;2;78;74;78m@[0m[48;2;115;107;110m[38;2;115;107;110m#[0m[48;2;225;215;216m[38;2;225;215;216m:[0m[48;2;112;105;107m[38;2;112;105;107m%[0m[48;2;82;79;81m[38;2;82;79;81m@[0m[48;2;9;7;9m[38;2;9;7;9m█[0m[48;2;74;70;74m[38;2;74;70;74m░[0m[48;2;210;203;204m[38;2;210;203;204m:[0m[48;2;245;235;233m[38;2;245;235;233m [0m[48;2;248;235;231m[38;2;248;235;231m [0m[48;2;251;235;230m[38;2;251;235;230m [0m[48;2;251;236;229m[38;2;251;236;229m [0m[48;2;251;236;229m[38;2;251;236;229m [0m[48;2;251;235;228m[38;2;251;235;228m [0m[48;2;250;234;227m[38;2;250;234;227m [0m[48;2;250;235;227m[38;2;250;235;227m [0m[48;2;250;235;226m[38;2;250;235;226m [0m[48;2;250;235;226m[38;2;250;235;226m [0m[48;2;250;235;226m[38;2;250;235;226m [0m[48;2;250;235;226m[38;2;250;235;226m [0m[48;2;250;235;226m[38;2;250;235;226m [0m[48;2;250;235;226m[38;2;250;235;226m [0m[48;2;252;236;230m[38;2;252;236;230m [0m[48;2;250;235;232m[38;2;250;235;232m [0m[48;2;184;172;172m[38;2;184;172;172m=[0m[48;2;45;37;41m[38;2;45;37;41m▒[0m[48;2;96;89;95m[38;2;96;89;95m%[0m[48;2;56;51;57m[38;2;56;51;57m▒[0m                                      
                                         [48;2;118;118;118m[38;2;118;118;118m#[0m[48;2;118;117;118m[38;2;118;117;118m#[0m[48;2;202;201;202m[38;2;202;201;202m:[0m[48;2;144;141;145m[38;2;144;141;145m*[0m[48;2;3;0;3m[38;2;3;0;3m█[0m[48;2;13;9;12m[38;2;13;9;12m█[0m[48;2;34;30;33m[38;2;34;30;33m▓[0m[48;2;114;112;114m[38;2;114;112;114m#[0m[48;2;137;133;137m[38;2;137;133;137m*[0m[48;2;40;36;40m[38;2;40;36;40m▒[0m[48;2;56;49;53m[38;2;56;49;53m▒[0m[48;2;28;23;23m[38;2;28;23;23m▓[0m[48;2;50;44;46m[38;2;50;44;46m▒[0m[48;2;76;68;71m[38;2;76;68;71m░[0m[48;2;99;92;94m[38;2;99;92;94m%[0m[48;2;117;110;110m[38;2;117;110;110m#[0m[48;2;135;127;128m[38;2;135;127;128m*[0m[48;2;152;142;143m[38;2;152;142;143m*[0m[48;2;169;156;155m[38;2;169;156;155m+[0m[48;2;177;164;163m[38;2;177;164;163m=[0m[48;2;184;171;169m[38;2;184;171;169m=[0m[48;2;186;174;171m[38;2;186;174;171m=[0m[48;2;180;171;167m[38;2;180;171;167m=[0m[48;2;168;159;155m[38;2;168;159;155m+[0m[48;2;148;139;136m[38;2;148;139;136m*[0m[48;2;115;106;104m[38;2;115;106;104m%[0m[48;2;59;52;56m[38;2;59;52;56m▒[0m[48;2;20;13;21m[38;2;20;13;21m█[0m[48;2;15;10;16m[38;2;15;10;16m█[0m[48;2;28;25;30m[38;2;28;25;30m▓[0m[48;2;215;212;215m[38;2;215;212;215m:[0m                                      
                                       [48;2;164;163;164m[38;2;164;163;164m+[0m[48;2;69;66;68m[38;2;69;66;68m░[0m[48;2;49;44;48m[38;2;49;44;48m▒[0m[48;2;103;100;104m[38;2;103;100;104m%[0m[48;2;202;201;204m[38;2;202;201;204m:[0m[48;2;137;136;139m[38;2;137;136;139m*[0m[48;2;3;2;4m[38;2;3;2;4m█[0m[48;2;11;9;12m[38;2;11;9;12m█[0m[48;2;7;5;9m[38;2;7;5;9m█[0m[48;2;119;116;120m[38;2;119;116;120m#[0m [48;2;41;38;43m[38;2;41;38;43m▒[0m[48;2;11;7;12m[38;2;11;7;12m█[0m[48;2;15;12;18m[38;2;15;12;18m█[0m[48;2;5;1;8m[38;2;5;1;8m█[0m[48;2;6;2;9m[38;2;6;2;9m█[0m[48;2;20;17;26m[38;2;20;17;26m▓[0m[48;2;32;28;38m[38;2;32;28;38m▓[0m[48;2;28;23;33m[38;2;28;23;33m▓[0m[48;2;25;19;29m[38;2;25;19;29m▓[0m[48;2;114;107;113m[38;2;114;107;113m#[0m[48;2;64;56;60m[38;2;64;56;60m░[0m[48;2;24;15;20m[38;2;24;15;20m█[0m[48;2;63;56;60m[38;2;63;56;60m░[0m[48;2;72;67;68m[38;2;72;67;68m░[0m[48;2;12;8;8m[38;2;12;8;8m█[0m[48;2;9;4;6m[38;2;9;4;6m█[0m[48;2;6;3;8m[38;2;6;3;8m█[0m[48;2;32;28;40m[38;2;32;28;40m▓[0m[48;2;29;25;37m[38;2;29;25;37m▓[0m[48;2;7;4;11m[38;2;7;4;11m█[0m[48;2;54;50;55m[38;2;54;50;55m▒[0m                                       
                                     [48;2;225;225;225m[38;2;225;225;225m.[0m[48;2;75;72;74m[38;2;75;72;74m░[0m[48;2;92;84;91m[38;2;92;84;91m@[0m[48;2;151;136;147m[38;2;151;136;147m*[0m[48;2;139;126;135m[38;2;139;126;135m*[0m[48;2;42;36;41m[38;2;42;36;41m▒[0m[48;2;193;191;194m[38;2;193;191;194m-[0m[48;2;189;187;191m[38;2;189;187;191m-[0m[48;2;24;23;26m[38;2;24;23;26m▓[0m[48;2;9;8;11m[38;2;9;8;11m█[0m[48;2;14;12;15m[38;2;14;12;15m█[0m[48;2;204;201;205m[38;2;204;201;205m:[0m[48;2;224;223;226m[38;2;224;223;226m.[0m[48;2;25;22;28m[38;2;25;22;28m▓[0m[48;2;13;10;17m[38;2;13;10;17m█[0m[48;2;25;21;32m[38;2;25;21;32m▓[0m[48;2;27;22;37m[38;2;27;22;37m▓[0m[48;2;29;25;36m[38;2;29;25;36m▓[0m[48;2;22;18;27m[38;2;22;18;27m▓[0m[48;2;6;4;11m[38;2;6;4;11m█[0m[48;2;45;41;49m[38;2;45;41;49m▒[0m[48;2;15;13;19m[38;2;15;13;19m█[0m[48;2;6;3;9m[38;2;6;3;9m█[0m[48;2;55;51;56m[38;2;55;51;56m▒[0m[48;2;180;174;180m[38;2;180;174;180m=[0m[48;2;80;73;79m[38;2;80;73;79m@[0m[48;2;48;41;46m[38;2;48;41;46m▒[0m[48;2;21;15;19m[38;2;21;15;19m█[0m[48;2;78;73;70m[38;2;78;73;70m@[0m[48;2;8;4;10m[38;2;8;4;10m█[0m[48;2;32;28;40m[38;2;32;28;40m▓[0m[48;2;23;19;30m[38;2;23;19;30m▓[0m[48;2;164;161;167m[38;2;164;161;167m+[0m[48;2;241;239;242m[38;2;241;239;242m [0m                                       
                                    [48;2;236;236;236m[38;2;236;236;236m.[0m[48;2;47;44;48m[38;2;47;44;48m▒[0m[48;2;127;116;123m[38;2;127;116;123m#[0m[48;2;158;142;153m[38;2;158;142;153m+[0m[48;2;158;140;152m[38;2;158;140;152m+[0m[48;2;143;128;139m[38;2;143;128;139m*[0m[48;2;55;48;54m[38;2;55;48;54m▒[0m[48;2;53;50;54m[38;2;53;50;54m▒[0m[48;2;159;156;160m[38;2;159;156;160m+[0m[48;2;109;107;110m[38;2;109;107;110m%[0m[48;2;14;11;16m[38;2;14;11;16m█[0m[48;2;141;138;142m[38;2;141;138;142m*[0m[48;2;156;153;157m[38;2;156;153;157m+[0m[48;2;42;39;45m[38;2;42;39;45m▒[0m[48;2;25;23;32m[38;2;25;23;32m▓[0m[48;2;18;15;26m[38;2;18;15;26m█[0m[48;2;19;15;29m[38;2;19;15;29m█[0m[48;2;37;31;51m[38;2;37;31;51m▓[0m[48;2;37;31;51m[38;2;37;31;51m▓[0m[48;2;37;31;50m[38;2;37;31;50m▓[0m[48;2;26;21;36m[38;2;26;21;36m▓[0m[48;2;17;12;22m[38;2;17;12;22m█[0m[48;2;70;66;64m[38;2;70;66;64m░[0m[48;2;43;39;32m[38;2;43;39;32m▒[0m[48;2;15;10;11m[38;2;15;10;11m█[0m[48;2;4;0;3m[38;2;4;0;3m█[0m[48;2;8;2;5m[38;2;8;2;5m█[0m[48;2;78;70;69m[38;2;78;70;69m░[0m[48;2;37;29;30m[38;2;37;29;30m▓[0m[48;2;129;124;111m[38;2;129;124;111m#[0m[48;2;7;4;9m[38;2;7;4;9m█[0m[48;2;22;18;28m[38;2;22;18;28m▓[0m[48;2;180;177;184m[38;2;180;177;184m=[0m                                         
                                    [48;2;139;139;139m[38;2;139;139;139m*[0m[48;2;83;74;80m[38;2;83;74;80m@[0m[48;2;158;140;153m[38;2;158;140;153m+[0m[48;2;159;140;153m[38;2;159;140;153m+[0m[48;2;112;100;109m[38;2;112;100;109m%[0m[48;2;72;63;71m[38;2;72;63;71m░[0m[48;2;189;185;189m[38;2;189;185;189m-[0m[48;2;136;133;137m[38;2;136;133;137m*[0m[48;2;22;17;22m[38;2;22;17;22m▓[0m[48;2;59;55;59m[38;2;59;55;59m░[0m[48;2;41;37;43m[38;2;41;37;43m▒[0m[48;2;30;26;32m[38;2;30;26;32m▓[0m[48;2;8;5;11m[38;2;8;5;11m█[0m[48;2;14;11;20m[38;2;14;11;20m█[0m[48;2;17;13;26m[38;2;17;13;26m█[0m[48;2;24;19;35m[38;2;24;19;35m▓[0m[48;2;36;31;48m[38;2;36;31;48m▓[0m[48;2;37;31;52m[38;2;37;31;52m▓[0m[48;2;37;31;52m[38;2;37;31;52m▓[0m[48;2;37;31;52m[38;2;37;31;52m▓[0m[48;2;37;31;52m[38;2;37;31;52m▓[0m[48;2;26;20;39m[38;2;26;20;39m▓[0m[48;2;89;83;73m[38;2;89;83;73m@[0m[48;2;222;208;163m[38;2;222;208;163m:[0m[48;2;194;178;139m[38;2;194;178;139m=[0m[48;2;132;115;87m[38;2;132;115;87m#[0m[48;2;171;156;121m[38;2;171;156;121m+[0m[48;2;221;207;161m[38;2;221;207;161m:[0m[48;2;55;46;35m[38;2;55;46;35m▒[0m[48;2;47;40;43m[38;2;47;40;43m▒[0m[48;2;19;13;22m[38;2;19;13;22m█[0m[48;2;118;113;122m[38;2;118;113;122m#[0m                                          
                                    [48;2;133;133;133m[38;2;133;133;133m*[0m[48;2;88;79;86m[38;2;88;79;86m@[0m[48;2;159;140;154m[38;2;159;140;154m+[0m[48;2;155;135;149m[38;2;155;135;149m*[0m[48;2;39;28;38m[38;2;39;28;38m▓[0m[48;2;160;153;161m[38;2;160;153;161m+[0m[48;2;44;40;44m[38;2;44;40;44m▒[0m[48;2;76;70;76m[38;2;76;70;76m░[0m[48;2;148;135;143m[38;2;148;135;143m*[0m[48;2;158;143;154m[38;2;158;143;154m+[0m[48;2;159;143;154m[38;2;159;143;154m+[0m[48;2;156;143;153m[38;2;156;143;153m+[0m[48;2;27;22;29m[38;2;27;22;29m▓[0m[48;2;34;30;43m[38;2;34;30;43m▓[0m[48;2;36;31;51m[38;2;36;31;51m▓[0m[48;2;37;31;52m[38;2;37;31;52m▓[0m[48;2;37;31;52m[38;2;37;31;52m▓[0m[48;2;37;31;52m[38;2;37;31;52m▓[0m[48;2;37;31;52m[38;2;37;31;52m▓[0m[48;2;37;31;50m[38;2;37;31;50m▓[0m[48;2;28;24;38m[38;2;28;24;38m▓[0m[48;2;11;8;20m[38;2;11;8;20m█[0m[48;2;26;20;25m[38;2;26;20;25m▓[0m[48;2;88;77;71m[38;2;88;77;71m@[0m[48;2;154;141;121m[38;2;154;141;121m*[0m[48;2;206;190;155m[38;2;206;190;155m-[0m[48;2;188;173;139m[38;2;188;173;139m=[0m[48;2;85;72;62m[38;2;85;72;62m@[0m[48;2;18;10;13m[38;2;18;10;13m█[0m[48;2;5;1;7m[38;2;5;1;7m█[0m[48;2;20;17;26m[38;2;20;17;26m▓[0m[48;2;8;5;12m[38;2;8;5;12m█[0m[48;2;113;111;115m[38;2;113;111;115m#[0m[48;2;178;176;179m[38;2;178;176;179m=[0m[48;2;211;210;212m[38;2;211;210;212m:[0m                                       
                                    [48;2;233;232;233m[38;2;233;232;233m.[0m[48;2;62;56;61m[38;2;62;56;61m░[0m[48;2;113;100;110m[38;2;113;100;110m%[0m[48;2;156;139;152m[38;2;156;139;152m*[0m[48;2;73;58;70m[38;2;73;58;70m░[0m[48;2;18;9;17m[38;2;18;9;17m█[0m[48;2;54;46;52m[38;2;54;46;52m▒[0m[48;2;101;93;99m[38;2;101;93;99m%[0m[48;2;132;120;127m[38;2;132;120;127m#[0m[48;2;115;102;111m[38;2;115;102;111m%[0m[48;2;71;59;68m[38;2;71;59;68m░[0m[48;2;85;77;84m[38;2;85;77;84m@[0m[48;2;12;8;15m[38;2;12;8;15m█[0m[48;2;33;29;42m[38;2;33;29;42m▓[0m[48;2;37;31;50m[38;2;37;31;50m▓[0m[48;2;37;31;52m[38;2;37;31;52m▓[0m[48;2;37;31;53m[38;2;37;31;53m▓[0m[48;2;34;28;48m[38;2;34;28;48m▓[0m[48;2;15;11;26m[38;2;15;11;26m█[0m[48;2;9;5;16m[38;2;9;5;16m█[0m[48;2;17;15;19m[38;2;17;15;19m█[0m[48;2;49;48;52m[38;2;49;48;52m▒[0m[48;2;10;7;12m[38;2;10;7;12m█[0m[48;2;75;70;75m[38;2;75;70;75m░[0m[48;2;49;44;48m[38;2;49;44;48m▒[0m[48;2;24;22;22m[38;2;24;22;22m▓[0m[48;2;13;11;11m[38;2;13;11;11m█[0m[48;2;15;12;19m[38;2;15;12;19m█[0m[48;2;40;36;41m[38;2;40;36;41m▒[0m[48;2;5;3;8m[38;2;5;3;8m█[0m[48;2;33;30;36m[38;2;33;30;36m▓[0m[48;2;47;45;49m[38;2;47;45;49m▒[0m[48;2;35;33;37m[38;2;35;33;37m▓[0m[48;2;35;33;38m[38;2;35;33;38m▓[0m[48;2;27;25;30m[38;2;27;25;30m▓[0m                                       
                                      [48;2;128;126;129m[38;2;128;126;129m#[0m[48;2;35;30;36m[38;2;35;30;36m▓[0m[48;2;82;71;81m[38;2;82;71;81m@[0m[48;2;103;90;101m[38;2;103;90;101m%[0m[48;2;97;84;92m[38;2;97;84;92m@[0m[48;2;78;67;74m[38;2;78;67;74m░[0m[48;2;54;45;51m[38;2;54;45;51m▒[0m[48;2;26;18;23m[38;2;26;18;23m▓[0m[48;2;9;2;7m[38;2;9;2;7m█[0m[48;2;24;18;22m[38;2;24;18;22m▓[0m[48;2;13;9;14m[38;2;13;9;14m█[0m[48;2;9;5;13m[38;2;9;5;13m█[0m[48;2;24;20;31m[38;2;24;20;31m▓[0m[48;2;28;23;38m[38;2;28;23;38m▓[0m[48;2;27;22;37m[38;2;27;22;37m▓[0m[48;2;10;6;17m[38;2;10;6;17m█[0m[48;2;5;2;7m[38;2;5;2;7m█[0m[48;2;35;32;37m[38;2;35;32;37m▓[0m[48;2;59;56;61m[38;2;59;56;61m░[0m[48;2;8;6;10m[38;2;8;6;10m█[0m[48;2;14;12;18m[38;2;14;12;18m█[0m[48;2;103;101;106m[38;2;103;101;106m%[0m[48;2;103;101;104m[38;2;103;101;104m%[0m[48;2;86;85;86m[38;2;86;85;86m@[0m[48;2;75;74;75m[38;2;75;74;75m@[0m[48;2;71;68;79m[38;2;71;68;79m░[0m[48;2;20;17;31m[38;2;20;17;31m▓[0m[48;2;25;19;58m[38;2;25;19;58m▓[0m[48;2;10;7;22m[38;2;10;7;22m█[0m[48;2;25;23;34m[38;2;25;23;34m▓[0m[48;2;33;30;46m[38;2;33;30;46m▓[0m[48;2;33;29;47m[38;2;33;29;47m▓[0m[48;2;22;18;33m[38;2;22;18;33m▓[0m[48;2;57;55;62m[38;2;57;55;62m░[0m[48;2;173;172;175m[38;2;173;172;175m=[0m                                     
                                       [48;2;80;79;82m[38;2;80;79;82m@[0m[48;2;71;64;71m[38;2;71;64;71m░[0m[48;2;108;96;106m[38;2;108;96;106m%[0m[48;2;116;102;110m[38;2;116;102;110m%[0m[48;2;115;101;109m[38;2;115;101;109m%[0m[48;2;117;104;113m[38;2;117;104;113m%[0m[48;2;128;114;123m[38;2;128;114;123m#[0m[48;2;125;113;121m[38;2;125;113;121m#[0m[48;2;116;105;113m[38;2;116;105;113m%[0m[48;2;111;100;108m[38;2;111;100;108m%[0m[48;2;108;97;105m[38;2;108;97;105m%[0m[48;2;107;95;104m[38;2;107;95;104m%[0m[48;2;104;94;102m[38;2;104;94;102m%[0m[48;2;101;92;100m[38;2;101;92;100m%[0m[48;2;94;90;96m[38;2;94;90;96m%[0m[48;2;65;63;66m[38;2;65;63;66m░[0m[48;2;24;21;25m[38;2;24;21;25m▓[0m[48;2;11;8;16m[38;2;11;8;16m█[0m[48;2;27;23;35m[38;2;27;23;35m▓[0m[48;2;34;30;43m[38;2;34;30;43m▓[0m[48;2;27;23;34m[38;2;27;23;34m▓[0m[48;2;210;207;214m[38;2;210;207;214m:[0m [48;2;164;161;165m[38;2;164;161;165m+[0m[48;2;38;34;49m[38;2;38;34;49m▒[0m[48;2;36;30;59m[38;2;36;30;59m▓[0m[48;2;17;12;28m[38;2;17;12;28m█[0m[48;2;12;9;22m[38;2;12;9;22m█[0m[48;2;5;4;10m[38;2;5;4;10m█[0m[48;2;31;28;43m[38;2;31;28;43m▓[0m[48;2;37;31;51m[38;2;37;31;51m▓[0m[48;2;37;31;52m[38;2;37;31;52m▓[0m[48;2;35;30;49m[38;2;35;30;49m▓[0m[48;2;23;19;33m[38;2;23;19;33m▓[0m[48;2;54;51;61m[38;2;54;51;61m▒[0m[48;2;184;184;187m[38;2;184;184;187m-[0m                                   
                                        [48;2;185;184;186m[38;2;185;184;186m-[0m[48;2;119;117;120m[38;2;119;117;120m#[0m[48;2;91;86;89m[38;2;91;86;89m@[0m[48;2;87;81;86m[38;2;87;81;86m@[0m[48;2;92;84;90m[38;2;92;84;90m@[0m[48;2;76;68;75m[38;2;76;68;75m░[0m[48;2;72;64;72m[38;2;72;64;72m░[0m[48;2;74;66;74m[38;2;74;66;74m░[0m[48;2;75;67;75m[38;2;75;67;75m░[0m[48;2;70;62;70m[38;2;70;62;70m░[0m[48;2;65;56;65m[38;2;65;56;65m░[0m[48;2;53;45;54m[38;2;53;45;54m▒[0m[48;2;31;23;33m[38;2;31;23;33m▓[0m[48;2;22;16;27m[38;2;22;16;27m▓[0m[48;2;23;19;33m[38;2;23;19;33m▓[0m[48;2;32;27;45m[38;2;32;27;45m▓[0m[48;2;37;31;51m[38;2;37;31;51m▓[0m[48;2;37;31;51m[38;2;37;31;51m▓[0m[48;2;37;31;51m[38;2;37;31;51m▓[0m[48;2;29;25;41m[38;2;29;25;41m▓[0m[48;2;47;43;53m[38;2;47;43;53m▒[0m[48;2;225;222;227m[38;2;225;222;227m.[0m [48;2;236;234;237m[38;2;236;234;237m.[0m[48;2;170;170;171m[38;2;170;170;171m=[0m[48;2;51;48;59m[38;2;51;48;59m▒[0m[48;2;57;53;64m[38;2;57;53;64m░[0m[48;2;21;20;23m[38;2;21;20;23m▓[0m[48;2;8;6;18m[38;2;8;6;18m█[0m[48;2;32;27;46m[38;2;32;27;46m▓[0m[48;2;37;31;52m[38;2;37;31;52m▓[0m[48;2;37;31;52m[38;2;37;31;52m▓[0m[48;2;37;31;52m[38;2;37;31;52m▓[0m[48;2;34;29;48m[38;2;34;29;48m▓[0m[48;2;21;16;31m[38;2;21;16;31m▓[0m[48;2;88;86;93m[38;2;88;86;93m@[0m[48;2;233;233;234m[38;2;233;233;234m.[0m                                 
                                               [48;2;241;240;242m[38;2;241;240;242m [0m[48;2;121;119;122m[38;2;121;119;122m#[0m[48;2;21;18;28m[38;2;21;18;28m▓[0m[48;2;37;31;48m[38;2;37;31;48m▓[0m[48;2;37;31;51m[38;2;37;31;51m▓[0m[48;2;37;31;52m[38;2;37;31;52m▓[0m[48;2;37;31;52m[38;2;37;31;52m▓[0m[48;2;37;31;52m[38;2;37;31;52m▓[0m[48;2;37;31;52m[38;2;37;31;52m▓[0m[48;2;37;31;52m[38;2;37;31;52m▓[0m[48;2;37;31;52m[38;2;37;31;52m▓[0m[48;2;37;31;52m[38;2;37;31;52m▓[0m[48;2;37;31;52m[38;2;37;31;52m▓[0m[48;2;28;23;39m[38;2;28;23;39m▓[0m[48;2;54;50;59m[38;2;54;50;59m▒[0m[48;2;224;223;225m[38;2;224;223;225m.[0m  [48;2;238;237;240m[38;2;238;237;240m.[0m[48;2;236;234;237m[38;2;236;234;237m.[0m[48;2;119;119;120m[38;2;119;119;120m#[0m[48;2;24;16;65m[38;2;24;16;65m▓[0m[48;2;14;8;47m[38;2;14;8;47m█[0m[48;2;31;25;44m[38;2;31;25;44m▓[0m[48;2;37;31;52m[38;2;37;31;52m▓[0m[48;2;37;31;52m[38;2;37;31;52m▓[0m[48;2;37;31;52m[38;2;37;31;52m▓[0m[48;2;37;31;52m[38;2;37;31;52m▓[0m[48;2;30;25;42m[38;2;30;25;42m▓[0m[48;2;40;38;46m[38;2;40;38;46m▒[0m[48;2;217;216;218m[38;2;217;216;218m:[0m                                